2089
2105
2103
2104
2103
2099
2092
2077
2095
2084
2089
2076
2096
2097
2101
2084
2104
2091
2081
2072
2086
2072
2103
2090
2090
2080
2094
2088
2098
2092
2096
2110
2119
2106
2089
2090
2092
2074
2082
2085
2099
2094
2080
2089
2106
2083
2077
2091
2082
2097
2095
2106
2105
2081
2101
2091
2104
2098
2097
2078
2071
2085
2100
2103
2112
2106
2099
2100
2071
2083
2082
2083
2098
2076
2083
2080
2081
2090
2091
2078
2082
2086
2083
2104
2103
2097
2093
2077
2076
2066
2080
2107
2085
2088
2085
2074
2083
2071
2068
2098
2094
2084
2084
2067
2075
2073
2068
2059
2057
2082
2098
2078
2078
2080
2073
2076
2086
2082
2070
2071
2057
2060
2073
2075
2070
2047
2058
2078
2105
2088
2119
2070
2064
2073
2062
2031
2061
2075
2063
2085
2085
2076
2062
2083
2090
2103
2090
2079
2101
2100
2096
2111
2114
2103
2096
2118
2100
2110
2110
2083
2117
2111
2122
2130
2145
2138
2121
2132
2097
2146
2152
2155
2145
2151
2143
2139
2136
2135
2146
2133
2123
2145
2136
2129
2121
2142
2103
2107
2111
2103
2118
2087
2108
2119
2103
2116
2112
2138
2128
2138
2129
2118
2115
2112
2120
2110
2096
2095
2100
2108
2102
2090
2098
2094
2084
2077
2071
2080
2076
2076
2075
2070
2075
2099
2119
2096
2098
2093
2112
2119
2099
2089
2103
2094
2091
2086
2085
2077
2080
2073
2097
2072
2071
2072
2076
2089
2070
2061
2066
2060
2063
2042
2040
2051
2065
2064
2160
2158
2162
2154
2144
2134
2136
2120
2110
2117
2118
2115
2105
2079
2071
2088
2067
2059
2052
2051
2061
2047
2026
2015
2015
2006
2020
1986
1998
1982
1999
1971
1960
1981
1988
1960
1959
1945
1960
1973
1963
1982
1980
1966
1979
1984
1988
2006
2029
2042
2049
2058
2073
2106
2106
2139
2163
2184
2181
2213
2221
2226
2238
2250
2263
2269
2269
2266
2240
2238
2230
2217
2223
2181
2153
2147
2126
2129
2118
2145
2115
2119
2120
2121
2113
2136
2143
2131
2132
2137
2136
2111
2101
2096
2084
2055
2038
2026
2019
2022
2016
2016
2031
2012
2029
2040
2025
2019
1994
2005
1968
1964
1950
1927
1920
1906
1933
1936
1935
1962
1998
1999
2011
2012
2030
2048
2052
2061
1960
1948
1965
1984
2011
2073
2144
2227
2298
2335
2353
2348
2301
2225
2156
2124
2100
2088
2116
2135
2161
2178
2182
2154
2130
2101
2077
2075
2073
2073
2104
2123
2099
2077
2039
2013
1969
1941
1928
1957
2025
2097
2149
2197
2216
2208
2175
2127
2086
2087
2073
2108
2156
2184
2232
2239
2224
2197
2151
2074
2019
1950
1924
1908
1908
1950
1984
2053
2089
2141
2196
2218
2224
2200
2193
2148
2094
2075
2051
2027
2023
2041
2105
2149
2168
2199
2204
2196
2173
2096
2012
1974
1955
1941
1941
1976
2024
2075
2112
2117
2122
2101
2088
2085
2079
2085
2082
2137
2160
2203
2207
2225
2236
2218
2204
2166
2138
2118
2056
2037
1989
1940
1936
1912
1927
1936
1965
2031
2212
2216
2208
2219
2202
2149
2088
2042
1963
1928
1896
1887
1889
1916
1915
1942
1940
2000
2049
2139
2247
2269
2278
2278
2248
2142
2058
1978
1915
1868
1842
1885
1948
2023
2104
2181
2235
2276
2279
2247
2194
2148
2132
2128
2140
2154
2163
2183
2183
2164
2117
2072
2024
1978
1953
1974
2006
2040
2073
2139
2174
2194
2181
2182
2181
2149
2120
2103
2081
2043
2053
2013
2009
2013
2007
2007
2010
2020
1997
1996
2024
2052
2106
2148
2170
2191
2199
2189
2208
2173
2158
2161
2146
2142
2132
2073
1971
1924
1862
1837
1848
1908
2024
2146
2245
2321
2346
2327
2288
2222
2182
2119
2068
1986
1928
1894
1888
1866
1831
1872
1880
1941
2036
2143
2252
2341
2372
2382
2040
2027
2044
2033
2055
2064
2073
2106
2102
2106
2099
2114
2135
2143
2153
2127
2096
2057
2060
2066
2080
2120
2102
2087
2035
2003
2015
2027
2035
2058
2025
2001
1942
1930
1933
1994
2059
2118
2136
2119
2110
2091
2058
2106
2172
2210
2217
2214
2168
2112
2064
2027
1987
2003
2022
2041
2057
2074
2090
2056
2058
2095
2204
2257
2334
2376
2363
2266
2175
2076
1973
1914
1873
1879
1918
1950
2015
2096
2135
2175
2204
2219
2192
2155
2148
2160
2134
2155
2180
2162
2154
2125
2066
2024
1991
1969
1972
1988
2018
2098
2160
2201
2231
2223
2213
2170
2128
2081
2025
2002
1983
1992
2013
2062
2076
2079
2096
2097
2099
2072
2074
2031
2027
2009
1981
1984
1983
2004
1922
1939
1923
1895
1855
1859
1926
2086
2230
2339
2411
2383
2311
2221
2172
2115
2043
1958
1891
1879
1974
2123
2258
2347
2379
2356
2304
2198
2069
1935
1863
1860
1932
2053
2139
2178
2205
2174
2142
2084
2042
2002
1955
1998
2093
2217
2270
2247
2166
2087
2041
2073
2079
2072
2039
2013
2042
2109
2128
2078
1974
1888
1865
1884
1996
2046
2103
2133
2201
2285
2364
2393
2355
2247
2135
2100
2096
2084
2087
2010
1926
1870
1827
1826
1866
1908
1987
2125
2285
2464
2575
2592
2484
2317
2140
2028
1952
1915
1847
1813
1870
1943
2010
2045
1994
1951
2008
2130
2304
2422
2425
2398
2336
2262
2156
1968
1775
1650
1638
1722
1825
1891
1928
2011
2131
2232
2263
2272
2106
2094
2079
2065
2028
1985
1970
1975
1997
2004
2074
2140
2210
2259
2333
2332
2326
2280
2224
2136
2034
1945
1844
1815
1771
1770
1832
1930
2052
2186
2323
2401
2471
2474
2398
2269
2177
2060
1946
1858
1791
1785
1807
1881
1956
2073
2189
2264
2319
2360
2328
2300
2200
2089
1989
1926
1894
1917
1940
1994
2043
2108
2193
2223
2218
2208
2208
2178
2143
2064
2030
1998
1957
1931
1965
2018
2067
2108
2184
2229
2232
2232
2207
2161
2109
2054
1964
1951
1926
1904
1919
1949
1984
2028
2082
2130
2175
2228
2270
2269
2294
2250
2217
2147
2113
2056
2031
2005
2026
2036
2057
2065
2040
2051
2006
2007
2014
2015
2008
2048
2101
2159
2188
2224
2229
2216
2215
2189
1944
1906
1836
1812
1854
1963
2149
2331
2467
2558
2592
2486
2274
2031
1855
1790
1785
1831
1887
1904
1979
2049
2113
2162
2247
2366
2562
2695
2743
2693
2566
2396
2282
2200
2117
2076
2091
2153
2176
2113
2003
1877
1815
1876
1996
2148
2253
2363
2408
2388
2335
2197
2023
1896
1854
1902
1957
2001
2033
2067
2120
2161
2216
2293
2314
2354
2381
2425
2384
2242
2086
1931
1784
1701
1630
1627
1668
1755
1912
2057
2127
2226
2241
2248
2208
2107
2054
2048
2000
1959
1882
1901
1904
1962
1930
1918
2083
2309
2512
2556
2456
2279
2085
1935
1778
1608
1589
1690
1908
2112
2165
2155
2118
2124
2107
2075
2053
2130
2257
2301
2242
2224
2197
2216
2169
2084
1969
1935
2069
2181
2294
2343
2338
2242
2119
1973
1858
1755
1709
1784
1917
2104
2306
2497
2630
2665
2604
2463
2229
1939
1686
1497
1416
1472
1611
1897
2192
2525
2788
2926
2900
2726
2456
2098
1724
1408
1209
1166
1278
1526
1844
2244
2553
2777
2864
2813
2640
2369
2061
1766
1564
1451
1477
1573
1768
1990
2221
2407
2541
2582
2582
2497
2371
2250
2152
2064
2030
2034
2042
2102
2131
2125
2100
2062
2009
1929
1875
1831
1849
1905
2011
2110
2224
2321
2395
2366
2279
2185
2084
1976
1900
1864
1871
1896
1985
2033
2112
2166
2209
2253
2225
2192
2177
2134
2069
2047
2089
2138
2168
2211
2202
2229
2228
2199
2112
2027
1929
1851
1805
1804
1854
1892
2009
2107
2178
2231
1432
1232
1127
1182
1305
1458
1620
1765
1994
2300
2648
2840
2857
2704
2486
2290
2128
1938
1728
1522
1448
1496
1639
1805
1984
2145
2277
2369
2462
2491
2537
2530
2451
2274
2038
1802
1693
1688
1784
1842
1869
1877
1950
2095
2283
2467
2542
2542
2513
2462
2366
2216
1981
1748
1527
1451
1441
1456
1519
1683
1936
2214
2477
2631
2649
2599
2518
2427
2301
2072
1822
1569
1371
1299
1363
1490
1658
1933
2210
2508
2726
2874
2964
2962
2864
2720
2487
2289
2049
1816
1569
1367
1259
1287
1445
1740
2092
2393
2651
2865
3021
3120
3095
2947
2647
2308
1990
1745
1620
1557
1502
1531
1644
1817
2031
2261
2419
2490
2481
2372
2179
1953
1805
1708
1691
1747
1835
1947
2833
2963
2951
2792
2524
2212
1893
1679
1531
1496
1576
1731
1906
2044
2161
2267
2315
2312
2279
2257
2213
2168
2129
2112
2148
2226
2257
2267
2201
2147
2064
1993
1955
1941
1940
1941
1959
1976
1963
1959
2016
2080
2214
2356
2474
2544
2554
2506
2358
2190
2011
1824
1664
1560
1572
1625
1793
2024
2250
2449
2580
2590
2488
2313
2062
1862
1726
1685
1705
1790
1894
2038
2220
2350
2452
2515
2524
2473
2363
2210
2044
1855
1720
1610
1560
1613
1762
1992
2285
2576
2789
2881
2835
2679
2386
2018
1635
1282
1032
929
1026
1290
1678
2118
2539
2846
3028
3062
2993
2856
2690
2496
2289
2026
1741
1450
1179
1045
1096
1322
1657
2085
2493
2814
2982
2957
2881
2667
2840
3409
3819
4054
4090
3922
3636
3181
2642
2120
1617
1175
842
642
597
810
1202
1648
2160
2511
2683
2654
2500
2296
2136
1985
1859
1760
1618
1528
1445
1434
1469
1548
1662
1835
2052
2329
2655
2933
3164
3259
3217
3081
2859
2634
2456
2384
2328
2252
2170
2036
1928
1874
1892
1996
2173
2330
2484
2576
2568
2473
2358
2157
1869
1546
1163
787
575
531
695
968
1356
1722
2042
2306
2555
2768
2996
3195
3277
3231
3073
2747
2303
1771
1309
950
810
894
1166
1632
2131
2605
3010
3276
3443
3477
3426
3289
3015
2639
2209
1719
1262
901
655
552
566
685
843
1070
1425
1885
2466
2997
3351
3457
3293
2876
2347
1833
1356
992
815
774
956
1318
624
379
265
299
432
698
1069
1527
2072
2624
3149
3657
4067
4095
4095
4095
3983
3486
2856
2160
1468
820
332
8
2
0
163
532
1046
1558
2128
2637
3055
3365
3582
3665
3636
3504
3299
3036
2774
2504
2247
1993
1771
1569
1388
1234
1110
996
948
921
1004
1138
1327
1615
1917
2214
2493
2735
2920
3027
3088
3056
3000
2864
2722
2567
2429
2288
2174
2078
2014
1942
1890
1833
1754
1649
1559
1458
1370
1291
1296
1395
1586
1820
2123
2445
2754
3018
3249
3404
3546
3573
3512
3358
3140
2800
2432
1987
1524
1092
690
334
95
2
63
317
692
1216
1807
2439
3069
3604
4077
4095
4095
4095
4095
3920
3443
2847
2182
1465
784
105
1
1
874
1651
2382
3093
3702
4095
4095
4095
4095
4095
4095
4095
3868
3388
2853
2275
1707
1148
606
100
1
1
0
1
1
0
0
1
130
877
1677
2532
3434
4095
4095
4095
4095
4095
4095
4095
4095
4095
4095
3800
2890
2016
1184
449
2
1
2
2
1
2
1
1
0
353
1053
1802
2593
3332
4026
4095
4095
4095
4095
4095
4095
4095
4095
3795
3090
2362
1666
1036
510
115
2
2
1
1
4
245
579
939
1338
1747
2136
2500
2839
3112
3278
3380
3445
3364
3222
3033
2836
2582
2344
2192
2078
2017
1991
2058
2172
2293
2469
2672
2819
2980
3064
3082
3016
2900
2737
2456
2113
1750
1346
945
559
261
32
1
2
18
