2083
2072
2061
2080
2073
2075
2073
2084
2081
2072
2067
2076
2065
2070
2080
2077
2082
2083
2089
2084
2081
2093
2090
2090
2080
2097
2097
2091
2095
2087
2098
2090
2080
2096
2096
2108
2104
2095
2110
2089
2101
2104
2104
2116
2095
2116
2103
2103
2095
2097
2096
2098
2098
2108
2097
2092
2092
2096
2098
2096
2082
2089
2090
2099
2089
2090
2080
2091
2100
2094
2068
2080
2081
2077
2085
2085
2085
2070
2070
2080
2078
2078
2077
2075
2078
2084
2068
2070
2066
2070
2064
2070
2070
2080
2072
2075
2067
2065
2075
2070
2067
2080
2075
2075
2073
2075
2067
2062
2075
2074
2078
2075
2068
2079
2092
2090
2080
2082
2085
2088
2088
2098
2089
2097
2084
2095
2095
2102
2008
2004
2017
2007
2006
2018
2034
2055
2066
2095
2109
2137
2148
2164
2187
2198
2215
2225
2253
2264
2275
2277
2283
2285
2279
2264
2267
2272
2256
2254
2246
2252
2248
2253
2245
2246
2244
2246
2244
2234
2232
2220
2219
2191
2172
2167
2141
2122
2103
2091
2091
2074
2068
2070
2064
2072
2064
2080
2073
2080
2095
2111
2129
2136
2147
2170
2174
2178
2194
2213
2202
2209
2227
2246
2244
2245
2252
2247
2245
2238
2222
2214
2196
2186
2163
2140
2134
2116
2089
2061
2028
2024
2010
2009
1998
1989
1978
1984
1972
1993
1988
1997
2008
2014
2038
2049
2060
2065
2081
2088
2100
2107
2104
2108
2100
2098
2086
2080
2070
2058
2054
2039
2024
2008
2010
1996
1991
1970
2243
2234
2204
2166
2138
2118
2107
2088
2097
2113
2132
2156
2192
2229
2249
2276
2299
2305
2291
2272
2255
2254
2236
2220
2194
2164
2144
2122
2101
2084
2082
2109
2104
2148
2167
2196
2210
2223
2216
2192
2163
2108
2056
1992
1956
1921
1912
1910
1927
1944
1970
2001
2039
2060
2090
2118
2126
2128
2135
2130
2124
2118
2095
2097
2082
2068
2071
2079
2079
2092
2099
2101
2110
2122
2121
2120
2123
2128
2109
2092
2085
2067
2048
2016
1990
1977
1957
1946
1930
1967
1974
2024
2061
2088
2123
2174
2190
2207
2220
2225
2224
2218
2201
2183
2179
2170
2150
2126
2095
2086
2049
2023
1992
1976
1951
1938
1932
1932
1944
1939
1936
1946
1970
1984
2013
2034
2060
2069
1795
1793
1805
1834
1872
1923
1984
2040
2092
2136
2160
2185
2215
2205
2217
2238
2239
2251
2232
2238
2217
2196
2170
2124
2081
2022
1953
1908
1869
1829
1826
1816
1824
1847
1886
1952
1996
2058
2104
2148
2188
2222
2243
2246
2244
2245
2220
2190
2164
2138
2132
2132
2121
2116
2109
2106
2101
2112
2090
2064
2036
2004
1974
1940
1894
1890
1884
1893
1918
1960
2001
2062
2108
2148
2198
2247
2270
2281
2294
2298
2304
2280
2266
2229
2204
2174
2144
2126
2098
2093
2090
2104
2078
2080
2092
2096
2075
2091
2091
2074
2072
2059
2082
2072
2060
2076
2084
2084
2060
2061
2055
2049
2050
2063
2088
2106
2137
2176
2195
2218
2235
2232
2216
2200
2169
2134
2061
2034
1971
1984
1981
1980
2005
2025
2044
2032
2018
2026
2060
2120
2174
2203
2207
2208
2200
2184
2130
2059
2003
1978
1960
1943
1958
1970
1972
2010
2067
2093
2096
2100
2105
2102
2116
2116
2128
2173
2201
2225
2247
2215
2185
2141
2126
2100
2054
2003
1966
1945
1962
1983
2030
2065
2124
2200
2272
2317
2301
2280
2264
2273
2294
2303
2251
2196
2147
2122
2121
2094
2040
1953
1898
1899
1966
2024
2022
1962
1891
1850
1848
1883
1919
1936
1943
1958
1987
2072
2173
2295
2400
2440
2437
2408
2381
2385
2404
2390
2346
2259
2146
2079
2088
2125
2143
2100
2019
1958
1957
2010
2062
2098
2059
2016
1985
2009
2090
2148
2185
2202
2217
2238
2294
2361
2400
2415
2370
2284
2389
2400
2367
2313
2230
2163
2068
1990
1907
1885
1881
1899
1950
2020
2087
2130
2175
2187
2182
2155
2116
2079
2064
2042
2060
2088
2125
2175
2232
2288
2312
2327
2321
2299
2261
2206
2132
2044
1952
1887
1831
1778
1758
1791
1831
1880
1950
2035
2115
2200
2247
2296
2313
2301
2275
2245
2207
2187
2137
2117
2095
2090
2090
2074
2060
2045
2067
2072
2058
2067
2076
2103
2124
2160
2215
2249
2293
2334
2345
2324
2274
2223
2149
2043
1950
1876
1818
1777
1775
1806
1877
1975
2101
2235
2348
2468
2526
2557
2503
2425
2320
2177
2015
1856
1734
1648
1608
1632
1712
1824
1974
2132
2275
2388
2447
2452
2388
2296
2143
2011
1885
1776
1724
1720
1763
1868
2016
2171
2106
2119
2042
1897
1777
1713
1771
1916
2071
2182
2201
2166
2149
2162
2128
2068
1937
1853
1856
1940
2054
2124
2158
2148
2184
2230
2255
2271
2288
2318
2382
2470
2466
2420
2345
2331
2365
2360
2288
2146
2042
1990
1997
1979
1945
1868
1848
1897
1950
1950
1887
1831
1812
1855
1910
1962
2047
2120
2208
2297
2319
2294
2244
2174
2093
2000
1975
1996
2037
2056
2060
2017
1962
1912
1843
1777
1732
1736
1824
1914
2021
2131
2274
2439
2600
2662
2601
2454
2344
2271
2180
2028
1838
1684
1627
1699
1872
2049
2238
2430
2558
2597
2539
2455
2387
2323
2197
2054
1957
1973
2100
2240
2281
2215
2160
2185
2259
2299
2261
2130
1986
1882
1839
1818
1813
1832
1900
1989
1835
1842
1917
2009
2129
2248
2320
2348
2367
2346
2280
2222
2177
2141
2113
2071
2043
2019
1972
1924
1880
1836
1803
1807
1821
1840
1893
1960
2035
2142
2231
2343
2430
2472
2476
2426
2348
2242
2122
2020
1932
1861
1859
1884
1926
1978
2039
2098
2166
2202
2211
2247
2234
2236
2221
2194
2158
2150
2147
2126
2103
2085
2047
1994
1938
1900
1856
1852
1876
1936
2016
2132
2247
2351
2398
2352
2271
2137
1952
1782
1645
1586
1607
1700
1880
2130
2393
2652
2861
2993
2994
2857
2628
2313
1933
1619
1351
1193
1154
1257
1451
1741
2069
2376
2618
2775
2848
2798
2683
2500
2296
2092
1893
1758
1684
1663
1680
1764
1877
1996
2123
2204
2288
2343
2331
2317
2312
2286
2061
2051
1981
2022
2176
2324
2353
2249
2122
2041
2106
2202
2235
2144
1979
1781
1664
1619
1630
1723
1856
2033
2210
2303
2358
2351
2363
2389
2380
2290
2161
2060
2048
2116
2177
2143
1980
1793
1652
1608
1635
1725
1811
1876
2003
2215
2425
2612
2722
2766
2741
2666
2577
2459
2294
2086
1780
1490
1278
1247
1374
1576
1784
1960
2152
2376
2605
2812
2862
2780
2629
2489
2399
2314
2180
2003
1809
1728
1716
1762
1881
1978
2084
2151
2202
2253
2298
2306
2284
2225
2150
2098
2060
2072
2094
2112
2088
2088
2121
2213
2318
2368
2364
2296
2252
2191
2150
2096
2040
2026
2041
2042
2028
1978
1934
1881
1880
1875
1870
1887
1902
1970
2063
2146
2218
2268
2315
2330
2434
2656
2796
2869
2864
2765
2621
2455
2279
2088
1937
1788
1685
1585
1546
1515
1557
1616
1728
1845
1985
2126
2285
2409
2502
2564
2596
2562
2488
2352
2200
2001
1836
1715
1625
1612
1692
1846
2063
2297
2530
2710
2794
2801
2685
2495
2243
1959
1710
1523
1428
1462
1651
1953
2311
2708
3021
3219
3233
3070
2751
2286
1760
1250
804
497
383
467
757
1238
1835
2460
3037
3433
3624
3577
3324
2926
2427
1916
1458
1160
995
992
1186
1516
1910
2314
2663
2901
2978
2891
2654
2322
1973
1648
1454
1374
1430
1584
1861
2168
2494
2780
2964
3050
2974
2804
2486
2141
1774
1455
1230
1163
1198
1385
1678
2025
2363
2648
2859
2929
2860
2704
2446
2160
1876
1631
1419
1323
1420
1752
2196
2523
2610
2479
2244
2025
1899
1783
1571
1311
1159
1299
1706
2285
2800
3048
3055
2917
2844
2909
2993
2979
2762
2382
1978
1732
1644
1611
1572
1428
1260
1168
1201
1284
1266
1106
886
804
976
1469
2152
2822
3314
3623
3805
3891
3797
3464
2913
2179
1453
899
601
531
604
728
946
1224
1584
2020
2448
2794
3029
3096
3015
2840
2630
2457
2371
2358
2390
2379
2350
2277
2231
2159
2030
1807
1532
1316
1215
1282
1487
1710
1914
2080
2274
2516
2792
3036
3159
3109
2908
2615
2314
2062
1884
1787
1706
1654
1672
1765
1966
2253
2563
2772
2835
2741
2564
2406
2251
2139
1996
1829
1672
1604
1674
1890
2166
2401
2538
2593
2576
2566
3173
3079
2826
2450
1993
1542
1178
919
836
946
1248
1681
2215
2776
3238
3544
3627
3492
3104
2522
1879
1211
670
330
266
475
913
1539
2226
2898
3423
3735
3795
3619
3184
2589
1926
1261
744
426
383
592
1043
1676
2407
3092
3647
4024
4095
3997
3599
2995
2301
1576
980
572
481
688
1143
1736
2366
2912
3288
3439
3322
2972
2461
1910
1398
1032
856
912
1174
1572
2046
2534
2926
3216
3332
3243
2953
2448
1863
1217
643
296
235
539
1145
1942
2764
3480
3944
4089
3920
3507
2895
2214
1543
986
605
424
479
760
1216
1756
2327
2847
3240
3436
3386
3106
2662
2152
1696
1388
1296
1438
1735
2084
2397
2598
2608
2492
2256
1948
1669
1470
2608
2739
2766
2701
2532
2290
2045
1837
1716
1711
1800
1978
2262
2563
2863
3108
3202
3096
2773
2255
1651
1043
533
134
3
1
3
94
648
1386
2171
2851
3280
3432
3288
2909
2383
1819
1209
617
157
1
61
572
1402
2364
3263
4000
4095
4095
4095
4095
4095
3676
2896
2065
1360
886
744
932
1377
1969
2613
3225
3740
4095
4095
4095
4045
3495
2797
2043
1380
909
664
720
995
1415
1880
2290
2551
2649
2580
2348
2028
1616
1144
609
49
3
1
1
47
845
1873
2882
3718
4095
4095
4095
3946
3284
2442
1500
561
1
0
0
0
2
2
276
1045
1909
2805
3640
4095
4095
4095
4095
4095
4095
4095
3765
2870
1891
1036
455
2697
2606
2432
2226
1982
1806
1689
1673
1750
1903
2124
2387
2643
2838
2925
2872
2693
2360
1929
1472
1018
704
559
657
949
1430
2036
2650
3191
3579
3788
3772
3540
3120
2588
1984
1401
902
576
467
605
969
1515
2163
2816
3371
3748
3895
3816
3541
3088
2556
2005
1493
1075
795
701
756
1005
1393
1880
2391
2851
3209
3426
3395
3190
2820
2325
1771
1247
826
521
477
615
964
1466
2049
2668
3184
3535
3665
3523
3177
2658
2030
1409
878
520
349
441
732
1203
1816
2458
3091
3597
3915
4010
3875
3488
2910
2188
1449
787
272
3
1
182
627
1215
1880
2530
3093
3500
3732
3730
3534
3153
2652
2105
1584
1159
906
824
934
1223
1629
4095
4095
4095
4095
4095
4095
3632
3012
2394
1832
1309
858
464
134
1
4
1
1
1
1
0
215
744
1305
1893
2429
2904
3299
3578
3755
3758
3647
3406
3088
2769
2469
2314
2307
2445
2701
3020
3360
3625
3804
3850
3749
3494
3163
2792
2433
2129
1856
1651
1444
1263
1056
813
516
143
1
1
0
3
1
3
3
316
1294
2382
3420
4095
4095
4095
4095
4095
4095
4095
4095
4095
3433
2704
2010
1398
924
601
423
405
504
688
938
1158
1460
1707
1953
2192
2391
2582
2761
2917
3054
3154
3220
3270
3307
3331
3319
3256
3160
3019
2803
2556
2277
1973
1676
1422
1164
924
668
442
241
5
2
1
3
56
552
1264
2121
