2053
2052
2063
2073
2075
2058
2061
2077
2084
2088
2084
2094
2111
2113
2129
2124
2142
2134
2142
2162
2175
2169
2172
2179
2178
2175
2188
2188
2197
2190
2193
2193
2224
2211
2197
2205
2208
2199
2205
2204
2213
2208
2201
2216
2199
2195
2175
2181
2190
2174
2160
2158
2152
2151
2146
2136
2140
2146
2143
2128
2126
2129
2131
2110
2097
2120
2106
2102
2104
2096
2082
2090
2094
2085
2067
2072
2062
2063
2060
2038
2044
2046
2028
2024
2036
2024
2024
2008
2016
2014
2018
2007
2004
2001
1994
1998
2006
2002
2009
1998
2009
2013
2005
2005
2020
2009
2007
2010
2016
2030
2016
2022
2018
2037
2038
2038
2039
2043
2037
2038
2039
2056
2070
2058
2057
2072
2091
2069
2198
2209
2210
2229
2233
2234
2237
2234
2259
2245
2263
2260
2286
2279
2282
2278
2280
2268
2278
2283
2270
2267
2258
2267
2250
2247
2238
2226
2227
2219
2215
2204
2192
2185
2172
2159
2153
2142
2137
2120
2114
2119
2101
2092
2078
2083
2067
2082
2077
2072
2067
2063
2049
2067
2049
2035
2052
2039
2040
2030
2030
2039
2044
2040
2038
2044
2037
2035
2044
2040
2031
2013
2019
2031
2030
2037
2031
2025
2032
2019
2030
2018
2019
2007
2028
2024
2013
2011
2014
2022
2027
2013
2006
2017
2021
2004
2014
2033
2030
2032
2030
2025
2032
2026
2038
2043
2042
2042
2043
2064
2035
2036
2058
2062
2063
2053
2068
2072
2076
2074
2076
2076
2073
2080
2093
2106
2102
2117
1882
1896
1923
1938
1937
1950
1964
1980
1994
2024
2051
2100
2140
2179
2244
2287
2317
2339
2350
2346
2332
2327
2313
2296
2267
2250
2232
2228
2202
2196
2177
2140
2118
2093
2053
2055
2027
2032
2017
2052
2094
2097
2128
2158
2176
2175
2172
2186
2177
2173
2184
2197
2193
2201
2195
2201
2188
2147
2126
2098
2052
2019
1993
1965
1951
1929
1912
1890
1877
1855
1827
1797
1779
1762
1744
1758
1774
1805
1812
1845
1874
1883
1891
1915
1945
1968
1990
2028
2088
2144
2191
2253
2307
2374
2422
2473
2524
2536
2564
2584
2599
2593
2591
2573
2584
2557
2524
2497
2464
2402
2347
2286
2222
2152
2078
2030
1985
1940
1872
1842
1816
1796
1757
1748
1737
1747
1749
1760
2032
2062
2104
2156
2191
2246
2318
2368
2406
2431
2477
2498
2479
2459
2425
2384
2318
2234
2165
2070
1980
1912
1864
1806
1795
1792
1810
1840
1898
1959
2040
2101
2172
2228
2253
2276
2265
2234
2192
2155
2092
2008
1936
1880
1828
1780
1765
1765
1783
1811
1841
1916
1985
2022
2063
2133
2158
2177
2178
2187
2177
2151
2123
2103
2069
2038
2037
2042
2032
2032
2070
2113
2157
2192
2224
2266
2295
2311
2306
2311
2294
2267
2215
2170
2107
2069
2025
1987
1954
1942
1942
1948
1981
2015
2062
2125
2180
2220
2276
2292
2304
2303
2281
2245
2194
2117
2033
1962
1879
1808
1752
1705
1712
1712
1729
1790
1856
1943
2019
2102
2168
2224
2258
2288
2312
2291
2248
2205
2400
2551
2643
2669
2609
2504
2391
2313
2210
2144
2087
2069
2071
2121
2206
2243
2192
2102
1997
1907
1879
1923
1974
2047
2087
2102
2122
2119
2143
2093
2014
1913
1844
1858
1928
2060
2183
2256
2253
2214
2157
2138
2101
2088
2041
2034
2042
2104
2189
2264
2278
2263
2165
2058
1955
1902
1886
1903
1932
1981
2047
2110
2161
2215
2257
2276
2290
2303
2293
2334
2356
2370
2412
2434
2433
2396
2362
2278
2212
2132
2055
1997
1986
1963
1996
2030
2064
2079
2089
2084
2038
1961
1854
1790
1727
1706
1768
1866
1976
2078
2154
2199
2240
2247
2227
2187
2133
2065
2037
2078
2192
2318
2404
2393
2296
2146
2016
1920
1850
1758
1669
1626
1632
1726
1863
1998
2080
2128
2022
2068
2123
2200
2261
2306
2311
2328
2316
2280
2238
2202
2155
2095
2026
1989
1943
1884
1854
1870
1899
1939
2022
2102
2182
2246
2280
2295
2256
2216
2155
2088
2024
1997
1984
2014
2038
2082
2118
2145
2158
2154
2119
2082
2046
2008
1969
1938
1930
1936
1948
1966
2014
2068
2106
2142
2189
2232
2246
2269
2274
2266
2226
2193
2133
2067
1994
1940
1900
1884
1866
1895
1938
2009
2087
2165
2241
2286
2294
2292
2277
2240
2179
2120
2070
2020
2002
1986
1980
2001
2028
2063
2093
2112
2144
2128
2122
2116
2125
2122
2104
2134
2150
2164
2188
2237
2259
2270
2272
2261
2221
2157
2099
2037
1980
1909
1857
1835
1815
1812
1842
1905
1970
2059
2120
2204
2263
2293
1986
1766
1528
1354
1267
1347
1549
1824
2105
2334
2491
2540
2505
2432
2334
2235
2168
2142
2142
2106
2074
2022
1969
1896
1885
1934
2009
2064
2148
2247
2354
2440
2458
2374
2181
1930
1703
1576
1553
1650
1753
1859
1965
2103
2261
2407
2464
2415
2290
2198
2186
2237
2293
2272
2164
2025
1904
1803
1736
1666
1625
1632
1734
1949
2199
2395
2470
2384
2223
2108
2062
2064
2056
2068
2087
2153
2216
2213
2105
1913
1705
1612
1682
1880
2080
2214
2284
2308
2316
2319
2276
2151
2022
2003
2082
2232
2368
2392
2292
2142
2029
1992
2029
2093
2143
2222
2328
2453
2525
2510
2378
2184
2030
1931
1972
2089
2183
2202
2199
2196
2218
2196
2128
1983
1806
1736
1776
1912
2617
2572
2464
2284
2075
1891
1733
1632
1615
1649
1774
1937
2118
2265
2353
2394
2384
2348
2257
2160
2064
2010
1972
1974
2022
2072
2134
2186
2220
2248
2216
2143
2078
1994
1918
1865
1841
1873
1908
1966
2069
2146
2237
2311
2374
2389
2388
2334
2258
2172
2043
1957
1886
1836
1832
1873
1966
2107
2244
2368
2448
2480
2431
2318
2168
1969
1784
1620
1564
1576
1682
1824
2017
2219
2398
2523
2596
2577
2505
2386
2204
2015
1880
1729
1652
1681
1751
1864
2028
2208
2364
2449
2494
2468
2399
2256
2092
1944
1792
1683
1662
1702
1811
1972
2138
2330
2481
2554
2530
2447
2287
2080
1895
1709
1587
1552
1590
1718
1917
2187
2436
2670
2829
2889
2827
2660
2413
2106
2304
2389
2559
2742
2818
2753
2585
2369
2172
1983
1779
1568
1413
1456
1671
1902
2085
2160
2153
2086
2116
2253
2434
2596
2715
2779
2720
2520
2224
1898
1644
1516
1546
1736
1988
2282
2568
2760
2798
2622
2360
2075
1908
1928
2038
2122
2104
1972
1840
1719
1644
1593
1597
1708
1942
2312
2696
2989
3139
3115
2942
2684
2414
2171
1994
1868
1730
1521
1304
1167
1148
1276
1432
1623
1866
2244
2712
3110
3288
3170
2841
2503
2261
2074
1858
1610
1451
1431
1557
1658
1695
1583
1452
1444
1582
1882
2189
2433
2578
2680
2736
2762
2643
2394
2044
1703
1473
1391
1452
1560
1628
1649
1704
1811
2030
2285
2494
2604
2647
2686
2698
2603
2421
2175
1852
1548
1358
1318
2150
2192
2237
2257
2246
2226
2160
2089
1962
1843
1709
1599
1535
1526
1564
1641
1749
1866
1949
2017
2028
2048
2039
2057
2091
2129
2226
2340
2489
2622
2766
2876
2952
2931
2824
2647
2395
2098
1809
1565
1426
1357
1400
1554
1786
2051
2333
2584
2748
2809
2769
2629
2403
2106
1817
1549
1352
1252
1271
1403
1594
1814
2045
2206
2330
2342
2279
2155
1992
1813
1654
1545
1530
1596
1785
2038
2316
2601
2808
2915
2926
2840
2654
2421
2155
1896
1663
1500
1464
1537
1717
1966
2261
2514
2706
2824
2848
2741
2552
2312
2066
1817
1638
1571
1608
1741
1935
2200
2429
2604
2684
2662
2554
2330
2064
1755
1498
1281
1193
1238
1427
1732
2097
2497
2822
3046
3121
3026
1752
1040
482
247
298
628
1214
1929
2596
3004
3088
2902
2556
2238
2066
2064
2168
2334
2535
2732
2810
2679
2291
1736
1154
771
655
805
1079
1364
1668
1990
2346
2728
3026
3134
2967
2610
2170
1792
1546
1405
1356
1411
1529
1712
1972
2286
2531
2662
2696
2670
2564
2385
2216
2075
1930
1821
1786
1799
1784
1735
1683
1710
1847
2045
2217
2348
2393
2406
2465
2596
2744
2797
2707
2424
2030
1645
1421
1349
1377
1476
1640
1929
2285
2599
2789
2797
2614
2293
1934
1670
1579
1596
1711
1884
2128
2380
2578
2571
2350
1957
1502
1184
1156
1406
1843
2369
2892
3386
3744
3938
3870
3513
2890
2188
1532
997
544
177
1
124
648
1436
2257
2858
3106
3130
2143
2288
2402
2462
2469
2439
2378
2312
2190
2027
1809
1558
1340
1217
1224
1413
1724
2087
2402
2650
2757
2732
2625
2437
2205
1970
1756
1554
1418
1338
1352
1436
1585
1791
2040
2305
2558
2757
2839
2838
2762
2629
2452
2265
2076
1880
1715
1605
1562
1607
1701
1824
1932
2038
2094
2152
2210
2252
2273
2289
2325
2392
2476
2560
2586
2556
2379
2110
1815
1542
1346
1244
1269
1424
1675
1997
2375
2797
3160
3420
3473
3349
3027
2542
1975
1439
958
599
439
503
776
1251
1856
2517
3146
3607
3850
3827
3564
3079
2452
1793
1187
712
440
400
612
1022
1546
2155
2732
3209
3504
3603
3470
3199
2757
2254
1733
1296
1006
959
1166
1560
2025
2484
2796
2898
337
52
1
12
128
322
626
1114
1776
2484
3126
3602
3896
3989
3931
3734
3469
3192
2928
2695
2460
2230
2001
1738
1439
1083
679
343
133
94
131
250
430
738
1245
2001
2976
4079
4095
4095
4095
4095
4095
4095
3489
2227
1053
1
1
2
2
0
1
1
1344
3154
4095
4095
4095
4095
4095
4095
3544
2139
848
1
2
3
2
2
446
1688
3098
4095
4095
4095
4095
4095
4095
3899
2636
1388
355
3
2
2
2
43
814
1750
2655
3408
3894
4095
4078
3800
3333
2765
2181
1639
1187
887
792
934
1264
1775
2342
2862
3236
3418
3436
3326
3079
2780
2426
2036
1582
1132
765
527
463
627
996
1470
1958
2408
2776
3049
4095
4095
4095
3257
2232
1256
367
2
2
1
2
49
799
1764
2735
3598
4095
4095
4095
4095
4095
3647
2827
1910
1032
245
3
3
3
1
160
940
1896
2865
3749
4095
4095
4095
4095
4095
3690
2792
1808
800
1
3
1
1
3
8
818
1896
2951
3903
4095
4095
4095
4095
4095
3698
2702
1634
580
1
1
4
2
1
112
1127
2288
3372
4095
4095
4095
4095
4095
4095
3641
2784
1867
941
115
1
2
1
1
16
764
1711
2645
3460
4042
4095
4095
4095
4084
3632
3072
2440
1780
1190
698
364
209
259
480
856
1272
1698
2089
2409
2644
2792
2860
2892
2866
2789
2685
2524
2354
2136
1907
1701
1505
1365
1269
1243
4
454
982
1521
2012
2464
2828
3065
3180
3180
3081
2885
2626
2368
2119
1893
1746
1711
1743
1893
2121
2413
2768
3120
3455
3751
4003
4095
4095
4095
4095
4095
4095
4095
3982
3833
3639
3407
3152
2856
2515
2117
1667
1146
576
2
1
4
2
1
3
3
1
2
1
2
1
2
2
1
2
1
351
1262
2194
3105
3962
4095
4095
4095
4095
4095
4095
4095
4095
4095
4095
4095
4095
4095
4095
4095
4095
3576
2640
1690
762
2
2
2
2
2
1
3
2
2
2
1
2
1
3
3
3
335
1256
2171
3038
3867
4095
4095
4095
4095
4095
4095
4095
4095
4095
4095
4095
4095
4095
4095
4095
4095
4080
3606
3112
2625
