2122
2113
2120
2121
2120
2122
2106
2110
2118
2114
2117
2123
2116
2103
2107
2124
2120
2104
2126
2126
2114
2114
2106
2104
2115
2120
2112
2111
2118
2117
2114
2114
2110
2116
2100
2113
2116
2104
2114
2114
2109
2102
2112
2106
2112
2107
2116
2112
2119
2112
2107
2107
2094
2088
2102
2099
2103
2098
2104
2106
2097
2095
2086
2094
2101
2106
2096
2103
2100
2102
2105
2102
2104
2106
2092
2101
2098
2091
2087
2081
2089
2088
2089
2088
2086
2092
2083
2077
2082
2096
2094
2092
2074
2081
2079
2082
2087
2084
2086
2076
2090
2076
2068
2083
2082
2072
2073
2085
2088
2078
2072
2074
2075
2073
2069
2070
2073
2066
2064
2060
2074
2072
2064
2072
2078
2082
2079
2084
2076
2083
2070
2078
2080
2078
2072
2078
2084
2097
2097
2106
2106
2086
2084
2089
2085
2088
2086
2081
2085
2090
2091
2103
2098
2094
2096
2099
2090
2095
2100
2110
2090
2098
2108
2112
2092
2104
2105
2101
2104
2102
2103
2102
2101
2116
2111
2105
2099
2112
2104
2103
2114
2110
2118
2099
2114
2118
2105
2104
2102
2109
2106
2121
2122
2110
2123
2122
2116
2116
2103
2104
2116
2115
2098
2109
2103
2095
2117
2125
2111
2106
2119
2106
2102
2100
2116
2097
2085
2103
2098
2090
2092
2095
2106
2089
2090
2084
2094
2104
2102
2097
2103
2100
2089
2110
2091
2093
2105
2097
2096
2080
2078
2083
2096
2086
2085
2083
2074
2090
2087
2082
2077
2086
2088
2076
2082
2081
2118
2104
2099
2106
2101
2098
2105
2098
2101
2099
2105
2096
2086
2083
2089
2086
2090
2076
2074
2084
2077
2073
2089
2082
2075
2068
2074
2086
2067
2069
2067
2068
2068
2062
2060
2053
2052
2054
2038
2037
2040
2040
2033
2038
2031
2027
2024
2020
2029
2028
2030
2030
2032
2028
2021
2021
2028
2027
2029
2015
2011
2014
2016
2011
2021
2018
2019
2010
2017
2027
2020
2021
2012
2012
2015
2013
2025
2018
2013
2011
2028
2016
2017
2013
2016
2015
2032
2036
2042
2051
2062
2057
2061
2072
2065
2060
2062
2063
2053
2066
2064
2070
2071
2078
2066
2095
2090
2088
2097
2086
2084
2096
2102
2097
2110
2108
2110
2104
2109
2107
2107
2101
2112
2125
2114
2114
2104
2110
2033
2059
2055
2058
2070
2077
2077
2067
2074
2068
2063
2085
2094
2111
2132
2142
2147
2124
2101
2074
2030
1972
1924
1893
1846
1824
1825
1846
1867
1912
1952
2016
2053
2115
2155
2196
2214
2240
2245
2257
2258
2256
2252
2272
2286
2295
2290
2301
2288
2271
2256
2244
2242
2218
2185
2184
2172
2177
2175
2178
2176
2161
2156
2114
2082
2047
1993
1939
1904
1878
1870
1864
1881
1910
1965
2018
2080
2148
2192
2225
2250
2245
2220
2178
2120
2070
2008
1967
1922
1909
1913
1922
1940
1978
1998
2022
2054
2068
2083
2083
2071
2067
2058
2045
2044
2047
2062
2097
2105
2138
2155
2178
2181
2183
2190
2179
2148
2132
2116
2087
2044
2022
2018
2009
2014
2001
2000
1986
2396
2435
2432
2416
2368
2311
2241
2143
2041
1951
1891
1842
1800
1788
1810
1839
1883
1938
2002
2054
2105
2136
2167
2151
2160
2162
2134
2121
2104
2080
2072
2062
2059
2068
2084
2129
2168
2190
2222
2237
2253
2255
2232
2200
2141
2110
2042
1991
1932
1868
1832
1835
1840
1864
1929
1992
2052
2136
2198
2271
2334
2369
2386
2371
2331
2282
2219
2151
2074
1984
1900
1826
1792
1765
1771
1800
1858
1936
2022
2104
2204
2294
2366
2420
2435
2435
2423
2360
2285
2199
2118
2032
1956
1900
1854
1825
1826
1844
1879
1924
1990
2058
2118
2186
2252
2291
2314
2327
2323
2305
2282
2239
2193
2143
2110
2080
2053
2028
2029
2038
2040
2056
2066
2070
2068
2066
2058
2048
2310
2400
2453
2416
2332
2205
2058
1931
1826
1756
1696
1668
1694
1769
1915
2065
2245
2414
2534
2557
2516
2380
2256
2134
2033
1972
1944
1910
1860
1822
1765
1745
1762
1832
2002
2221
2400
2516
2493
2382
2211
2062
1980
1938
1955
2001
2068
2115
2112
2092
2064
2028
2048
2088
2131
2204
2264
2265
2234
2158
2061
1970
1917
1903
1925
1957
2008
2089
2196
2263
2259
2190
2096
2033
2072
2159
2225
2203
2094
1959
1862
1818
1830
1875
1960
2078
2213
2353
2382
2319
2191
2117
2134
2203
2266
2233
2121
1991
1929
1911
1942
1965
1992
2054
2152
2209
2199
2118
2052
2090
2226
2384
2430
2343
2152
1972
1857
1850
1927
2011
2122
2253
2356
2376
2302
2160
2027
1989
2168
2243
2258
2242
2206
2168
2124
2085
2064
2058
2048
2075
2092
2088
2089
2077
2064
2048
2054
2050
2078
2122
2150
2170
2154
2128
2083
2037
1994
1976
1990
2029
2077
2132
2186
2223
2240
2233
2191
2133
2059
1993
1960
1966
1995
2069
2136
2205
2260
2257
2218
2138
2029
1927
1846
1809
1814
1867
1954
2056
2148
2232
2268
2277
2248
2180
2120
2069
2033
2024
2033
2052
2084
2112
2128
2146
2145
2134
2129
2145
2170
2218
2274
2325
2357
2371
2354
2320
2260
2218
2150
2100
2054
2040
2051
2083
2108
2125
2108
2070
1979
1891
1828
1782
1781
1799
1852
1940
2029
2122
2197
2248
2263
2246
2220
2171
2124
2096
2087
2117
2132
2157
2164
2187
2203
2206
2208
2206
2307
2270
2160
2000
1872
1843
1891
1969
2027
2040
2053
2084
2165
2209
2210
2185
2176
2228
2296
2360
2373
2341
2290
2204
2122
2023
1945
1884
1870
1855
1847
1871
1968
2151
2292
2339
2303
2226
2169
2134
2093
1980
1825
1699
1680
1797
1965
2097
2170
2215
2246
2259
2276
2298
2295
2266
2186
2100
2071
2096
2119
2089
2087
2111
2136
2151
2117
2113
2166
2173
2100
1944
1846
1872
2003
2147
2200
2161
2091
2088
2150
2214
2214
2090
1967
1921
1896
1903
1904
1956
2078
2191
2248
2232
2183
2125
2100
2117
2105
2071
2011
2006
2053
2116
2096
2004
1973
2054
2197
2313
2369
2377
2356
2269
2180
2088
1994
1880
1784
1770
1812
1847
1856
1925
2063
2219
2323
2385
2020
1810
1624
1502
1479
1554
1709
1935
2193
2435
2598
2651
2602
2451
2224
1984
1748
1591
1506
1512
1589
1708
1859
2027
2197
2333
2459
2532
2554
2534
2439
2320
2145
1960
1787
1651
1567
1596
1710
1867
2052
2258
2415
2502
2516
2468
2387
2296
2201
2103
2015
1929
1875
1858
1879
1944
2051
2188
2343
2474
2540
2549
2471
2322
2093
1836
1606
1466
1457
1536
1740
1991
2247
2440
2541
2550
2488
2350
2183
2044
1879
1747
1682
1686
1745
1876
2058
2268
2448
2558
2578
2518
2373
2210
2039
1915
1846
1836
1876
1956
2073
2197
2273
2298
2280
2193
2098
1991
1930
1910
1938
2014
2090
2167
2254
2307
2323
2326
2268
2195
2085
1948
1846
1749
1730
1761
1843
1972
2222
2034
1832
1681
1617
1681
1824
1994
2120
2254
2369
2476
2585
2671
2713
2649
2452
2125
1743
1421
1258
1303
1492
1776
2011
2171
2248
2305
2384
2490
2566
2528
2392
2147
1860
1639
1506
1510
1614
1800
2018
2242
2442
2611
2679
2623
2468
2240
1976
1766
1609
1516
1533
1679
1931
2228
2521
2736
2847
2823
2648
2402
2094
1814
1663
1594
1622
1736
1968
2264
2552
2768
2846
2773
2596
2356
2086
1845
1650
1520
1476
1529
1687
1936
2241
2492
2674
2709
2616
2435
2204
1976
1763
1594
1497
1484
1529
1632
1838
2091
2316
2471
2528
2473
2327
2147
1959
1781
1664
1594
1618
1691
1824
1977
2140
2292
2407
2484
2463
2360
2212
2024
1898
1844
1835
1866
1935
2069
2353
2216
2078
2039
2054
2088
2103
2105
2067
2013
1954
1936
1934
1948
2017
2133
2279
2428
2505
2440
2233
1965
1706
1572
1560
1674
1872
2112
2330
2536
2654
2652
2553
2342
2110
1890
1708
1595
1605
1651
1710
1752
1826
1970
2138
2287
2363
2375
2398
2495
2615
2668
2535
2238
1860
1524
1371
1403
1548
1733
1954
2193
2422
2580
2618
2534
2342
2175
2155
2287
2482
2575
2511
2262
1904
1643
1543
1566
1671
1837
2066
2367
2648
2802
2712
2380
1993
1685
1637
1798
2047
2223
2282
2217
2129
2055
1983
1980
2014
2118
2241
2334
2340
2199
1927
1619
1396
1347
1500
1812
2233
2649
2921
3026
2911
2643
2299
2040
1896
1885
1942
1979
1962
1849
1756
1722
1762
1891
1713
1352
1056
908
902
1070
1366
1727
2160
2567
2855
3016
3019
2859
2537
2162
1766
1427
1188
1152
1296
1573
1961
2385
2768
3043
3170
3126
2903
2568
2190
1807
1477
1294
1248
1336
1535
1811
2114
2359
2549
2657
2638
2494
2299
2041
1778
1553
1387
1363
1456
1643
1904
2228
2512
2708
2797
2755
2597
2341
2046
1788
1596
1501
1519
1640
1816
2026
2241
2423
2549
2637
2680
2667
2601
2489
2368
2235
2139
2066
2026
2011
1982
1945
1890
1814
1716
1639
1611
1627
1734
1892
2088
2303
2528
2693
2780
2763
2629
2393
2083
1794
1534
1379
1325
1388
1574
1844
2164
2516
2832
3076
3179
3099
2847
2456
1985
1545
1225
1033
1028
1172
1455
1799
2147
2476
2720
2833
1077
1015
1033
1196
1522
2034
2570
3033
3284
3302
3154
2907
2652
2409
2174
1924
1635
1387
1242
1286
1489
1785
2063
2282
2509
2783
3133
3539
3906
4095
4036
3665
3065
2356
1634
1007
471
132
69
277
738
1376
2024
2553
2851
2941
2938
2928
2959
2995
3000
2888
2704
2440
2151
1857
1558
1244
984
855
923
1194
1610
2065
2413
2578
2563
2398
2180
2024
1936
1908
1940
1984
2071
2209
2349
2447
2411
2236
1935
1600
1361
1323
1480
1763
2078
2328
2436
2425
2358
2245
2130
1974
1795
1602
1480
1465
1558
1680
1775
1753
1618
1466
1345
1350
1469
1647
1879
2123
2372
2620
2808
2857
2764
2534
2232
1966
1785
1768
1922
2168
2419
2680
2886
3007
3003
2848
4095
4095
4078
3469
2587
1590
624
1
1
2
1
170
1102
2178
3203
4074
4095
4095
4095
4095
3292
2288
1266
409
2
3
1
341
1140
2091
3039
3822
4095
4095
4095
3844
3109
2239
1360
610
69
0
21
462
1185
2039
2906
3622
4092
4095
4015
3541
2888
2179
1526
1022
720
629
770
1097
1566
2073
2563
2905
3049
2948
2646
2168
1624
1117
742
573
703
1066
1628
2288
2923
3440
3761
3822
3647
3212
2634
1948
1278
697
299
125
242
602
1204
1918
2674
3314
3776
3956
3830
3427
2866
2197
1547
1032
686
586
736
1125
1686
2334
3006
3601
4021
4095
4093
3731
3132
2373
1581
903
411
187
233
500
940
1439
1945
2373
2723
2936
2780
3026
3211
3348
3388
3311
3145
2876
2568
2276
2076
2004
2052
2164
2274
2339
2340
2257
2104
1923
1752
1581
1384
1208
1040
870
759
708
804
1038
1388
1825
2311
2822
3261
3596
3822
3942
3974
3922
3764
3526
3155
2638
2013
1336
652
115
1
1
2
0
247
744
1297
1868
2453
3027
3540
3985
4095
4095
4095
4095
3894
3403
2852
2264
1716
1233
790
438
205
54
34
155
398
751
1162
1566
2002
2406
2780
3086
3304
3440
3491
3457
3371
3219
3005
2810
2558
2306
2045
1810
1583
1386
1262
1222
1260
1376
1522
1676
1834
1962
2089
2215
2331
2449
2595
2746
2849
2906
2896
2812
2664
2463
2215
1964
1725
1526
1344
1234
1151
1149
1197
1309
