2111
2114
2124
2114
2110
2105
2106
2106
2104
2116
2112
2106
2109
2098
2089
2093
2098
2102
2095
2099
2085
2087
2104
2105
2091
2081
2082
2082
2082
2070
2064
2076
2082
2065
2065
2067
2061
2080
2068
2075
2066
2066
2064
2052
2064
2063
2062
2053
2075
2060
2068
2056
2057
2064
2069
2065
2044
2069
2077
2078
2080
2090
2073
2069
2066
2075
2070
2063
2071
2077
2075
2075
2067
2080
2085
2074
2081
2092
2082
2082
2085
2076
2082
2092
2106
2088
2091
2089
2097
2077
2101
2106
2102
2100
2121
2104
2116
2113
2115
2110
2104
2124
2123
2116
2128
2120
2128
2131
2130
2120
2114
2124
2123
2126
2130
2134
2124
2128
2136
2130
2108
2128
2126
2109
2109
2119
2117
2112
1949
1937
1948
1966
1984
1990
2004
2023
2034
2038
2062
2080
2083
2089
2085
2106
2112
2128
2133
2134
2143
2139
2149
2152
2158
2154
2158
2164
2174
2155
2150
2145
2142
2122
2123
2116
2118
2136
2142
2138
2130
2126
2112
2108
2114
2110
2089
2072
2065
2070
2074
2060
2062
2092
2102
2074
2076
2084
2067
2063
2045
2036
2003
1972
1952
1942
1942
1947
1936
1944
1968
1982
2007
2033
2037
2058
2088
2105
2123
2142
2155
2169
2194
2234
2276
2296
2301
2321
2324
2326
2306
2319
2293
2256
2224
2206
2194
2179
2181
2167
2173
2165
2148
2125
2116
2086
2079
2045
2028
2006
1994
1964
1956
1959
1962
1943
1941
1946
1946
1916
1900
1918
1917
1897
1892
1908
1892
1905
2284
2280
2246
2226
2175
2145
2087
2018
1976
1916
1874
1837
1834
1837
1847
1871
1928
1980
2038
2088
2160
2204
2254
2289
2317
2328
2333
2328
2300
2250
2207
2168
2108
2051
2000
1948
1906
1871
1850
1842
1844
1874
1906
1956
2020
2091
2155
2217
2262
2306
2318
2333
2341
2330
2292
2240
2197
2144
2089
2031
1998
1952
1922
1893
1903
1906
1924
1947
1978
2046
2094
2139
2185
2240
2272
2281
2305
2312
2287
2252
2215
2183
2140
2087
2036
1990
1946
1928
1928
1942
1952
2001
2059
2100
2175
2238
2300
2333
2360
2377
2373
2344
2299
2239
2161
2096
2027
1948
1881
1843
1807
1810
1826
1853
1918
1976
2042
2126
2210
2296
2354
2383
2400
2397
2380
2356
2293
2227
2197
2245
2283
2299
2325
2363
2409
2408
2360
2284
2156
2013
1874
1764
1697
1676
1723
1836
1982
2158
2310
2441
2517
2528
2475
2422
2365
2316
2260
2212
2160
2080
2009
1956
1884
1859
1855
1848
1883
1939
2005
2081
2161
2221
2287
2326
2356
2353
2302
2206
2085
1973
1868
1812
1788
1798
1842
1935
2039
2136
2206
2214
2185
2140
2103
2099
2138
2198
2262
2301
2273
2230
2137
2059
1981
1895
1820
1784
1788
1860
1984
2085
2145
2176
2162
2146
2152
2184
2206
2210
2179
2123
2092
2075
2056
2040
2021
2003
1975
1976
1970
1959
1928
1913
1932
1988
2085
2213
2325
2376
2380
2356
2282
2176
2058
1958
1887
1876
1910
1938
1965
1969
1943
1924
1952
2028
2134
2255
2042
1948
1870
1816
1794
1804
1857
1944
2063
2178
2259
2318
2352
2336
2322
2272
2213
2186
2134
2046
1979
1912
1844
1813
1807
1838
1913
2018
2134
2265
2352
2400
2417
2414
2344
2269
2186
2123
2039
1981
1928
1898
1881
1873
1919
1970
2016
2063
2104
2131
2159
2152
2133
2093
2062
2044
2022
2032
2060
2128
2199
2273
2320
2358
2360
2342
2297
2233
2157
2056
1954
1874
1823
1783
1771
1802
1837
1918
2019
2112
2193
2276
2331
2337
2308
2264
2200
2149
2107
2072
2059
2049
2035
2045
2046
2038
2040
2048
2071
2088
2102
2117
2136
2138
2137
2140
2133
2132
2136
2114
2110
2104
2081
2038
2010
1987
1975
1935
1923
1942
1969
2004
2058
2130
2216
2275
2318
2366
1978
1928
1923
1956
1991
1977
1928
1848
1786
1819
1911
2053
2185
2251
2248
2258
2289
2341
2375
2317
2182
1999
1870
1845
1931
2103
2260
2334
2352
2378
2400
2445
2447
2372
2210
2030
1880
1808
1826
1852
1870
1880
1880
1932
2005
2077
2143
2178
2201
2216
2276
2358
2448
2527
2570
2564
2472
2329
2166
2019
1903
1862
1879
1921
1939
1952
1978
2018
2076
2081
2008
1910
1872
1922
2069
2187
2246
2211
2110
2032
2028
2040
2023
1979
1935
1980
2108
2328
2479
2511
2409
2296
2215
2177
2172
2129
2002
1896
1802
1729
1644
1499
1362
1252
1333
1548
1854
2152
2382
2561
2728
2887
2986
2985
2864
2654
2466
2344
2226
2109
1894
1617
1339
1159
1079
1101
1170
1297
2286
2200
2100
2007
1900
1834
1819
1824
1854
1919
1985
2049
2115
2148
2183
2192
2188
2158
2121
2084
2033
1976
1930
1900
1887
1910
1942
1995
2092
2189
2273
2349
2400
2392
2369
2312
2238
2151
2059
1952
1889
1826
1788
1798
1838
1894
1978
2090
2192
2270
2309
2332
2335
2292
2240
2196
2131
2055
2006
1976
1967
1986
2004
2046
2110
2168
2216
2245
2239
2247
2224
2187
2132
2072
2023
1960
1906
1881
1858
1852
1868
1907
1964
2033
2095
2162
2199
2238
2268
2290
2291
2266
2214
2163
2111
2064
2026
1992
2006
2027
2066
2123
2152
2187
2250
2266
2299
2292
2278
2228
2192
2133
2074
2008
1979
1970
2001
2032
2076
2126
2180
2212
2220
2227
2212
2179
2133
2066
2557
2020
1523
1174
1004
1022
1151
1342
1520
1687
1833
1946
2024
2072
2129
2200
2375
2622
2946
3235
3432
3438
3230
2797
2239
1688
1243
980
903
1014
1244
1536
1842
2141
2364
2492
2488
2400
2271
2181
2169
2280
2450
2624
2722
2682
2507
2285
2051
1892
1798
1760
1764
1775
1838
1954
2130
2309
2431
2452
2319
2098
1863
1735
1728
1818
1963
2070
2064
2008
1944
1946
1971
2040
2088
2118
2124
2182
2331
2516
2641
2636
2487
2214
1919
1700
1627
1655
1732
1809
1866
1907
1915
1923
1930
1920
1879
1874
1957
2155
2424
2664
2784
2718
2527
2258
2048
1927
1895
1929
1978
2040
2106
2170
2210
2149
2033
1856
1704
1682
1792
2029
2236
2374
2373
2272
2144
2037
1940
1970
2035
2120
2199
2294
2385
2472
2526
2548
2539
2458
2330
2152
1956
1760
1570
1415
1325
1299
1334
1457
1635
1862
2127
2402
2659
2865
2986
3024
2946
2763
2501
2222
1923
1640
1427
1300
1264
1307
1435
1630
1882
2130
2378
2599
2758
2838
2833
2758
2597
2386
2152
1929
1760
1631
1578
1596
1675
1808
1960
2145
2305
2404
2451
2416
2333
2206
2055
1895
1736
1649
1606
1619
1686
1817
1979
2160
2347
2527
2657
2731
2765
2690
2557
2366
2133
1904
1683
1527
1444
1442
1521
1668
1865
2092
2302
2506
2630
2711
2685
2592
2434
2241
2028
1854
1701
1624
1622
1679
1770
1872
2028
2174
2278
2375
2435
2439
2400
2310
2189
2062
1930
1838
1790
1784
1826
1923
1808
2045
2250
2367
2390
2313
2173
2035
1968
1960
1984
2038
2096
2131
2164
2195
2249
2300
2325
2302
2196
2024
1844
1714
1659
1698
1798
1880
1901
1874
1839
1836
1891
1984
2075
2134
2168
2240
2357
2561
2784
3004
3075
2987
2755
2469
2175
1850
1539
1213
941
832
910
1227
1697
2213
2632
2912
3022
3006
2934
2800
2616
2388
2168
1973
1840
1788
1793
1760
1650
1480
1318
1264
1347
1589
1922
2257
2574
2818
3007
3148
3186
3104
2888
2589
2220
1916
1696
1534
1434
1386
1388
1422
1510
1645
1805
1936
2075
2222
2403
2590
2774
2924
3019
3028
2930
2714
2382
1937
1490
1161
1018
1071
1319
1639
1914
2067
2097
2068
2017
2001
1981
1974
2008
2140
2400
2758
1400
1218
1142
1121
1180
1325
1529
1786
2085
2363
2615
2810
2909
2916
2801
2606
2359
2120
1896
1720
1635
1632
1675
1748
1849
1906
1958
1957
1939
1920
1904
1930
1980
2119
2280
2474
2655
2809
2880
2871
2788
2608
2347
2064
1764
1510
1282
1109
1039
1064
1171
1348
1607
1900
2232
2531
2807
3024
3116
3108
2984
2768
2486
2169
1865
1638
1498
1466
1510
1643
1821
1993
2158
2280
2349
2360
2326
2249
2156
2076
1993
1935
1912
1918
1955
2032
2138
2262
2394
2504
2578
2604
2551
2424
2218
1981
1742
1518
1367
1305
1366
1544
1766
2069
2341
2541
2690
2746
2719
2608
2478
2337
2188
2051
1986
1953
1940
1945
1988
2040
2076
2070
2034
1990
1879
1749
1620
1528
2952
3370
3506
3421
3186
2874
2567
2276
2042
1892
1802
1810
1906
2068
2219
2282
2204
1976
1653
1338
1160
1194
1473
1947
2502
2996
3296
3364
3203
2877
2427
1923
1432
956
599
403
440
743
1276
1958
2603
3099
3357
3449
3346
3214
3107
3056
3003
2916
2735
2460
2089
1737
1446
1216
1044
884
716
595
570
759
1112
1611
2168
2678
3065
3316
3497
3680
3864
3984
3987
3781
3314
2639
1845
1027
337
2
1
0
3
408
1052
1749
2351
2831
3103
3196
3172
3118
3065
3021
2997
2970
2912
2840
2757
2683
2542
2284
1856
1253
587
2
1
2
0
364
1145
2013
2842
3573
4065
4095
4095
3818
3262
2632
2087
1690
1444
1312
1295
1376
1536
1725
34
698
1451
2127
2648
2988
3130
3084
2902
2620
2316
2013
1768
1630
1620
1721
1950
2247
2570
2901
3147
3248
3255
3152
2928
2614
2220
1804
1358
921
529
206
2
1
81
444
1021
1746
2527
3296
3951
4095
4095
4095
4095
3854
3257
2574
1885
1214
628
154
1
2
1
234
789
1513
2292
3069
3725
4095
4095
4095
4022
3492
2754
1933
1103
331
0
2
2
3
1
512
1489
2559
3660
4095
4095
4095
4095
4095
4095
3890
2688
1344
119
1
2
2
2
3
3
287
1561
2922
4095
4095
4095
4095
4095
4095
4095
4095
3170
1747
400
2
3
1
2
1
3
411
1761
3138
4095
4095
4095
4095
4095
4095
3980
2842
1572
393
2814
3538
4095
4095
4095
4095
4095
4095
4095
4095
4095
3118
1908
734
2
1
4
0
1
2
2
2
328
1340
2344
3250
4013
4095
4095
4095
4095
4095
4095
4095
4095
3950
3180
2309
1405
574
3
2
3
1
2
1
80
626
1215
1834
2445
3011
3498
3872
4095
4095
4095
3998
3690
3298
2871
2426
2022
1685
1443
1210
994
769
452
104
3
1
1
0
1
357
1364
2572
3815
4095
4095
4095
4095
4095
4095
4095
4095
3184
2161
1208
344
1
4
2
2
1
1
1
2
1
22
1164
2581
3985
4095
4095
4095
4095
4095
4095
4095
4095
4095
4095
3159
1797
514
2
2
3
4
2
2
2
2
317
1229
2016
188
1
2
1
2
27
474
1048
1719
2435
3167
3851
4095
4095
4095
4095
4095
4095
4095
4095
3908
3022
2019
934
1
2
2
0
2
2
2
4
1
1
2
366
1833
3331
4095
4095
4095
4095
4095
4095
4095
4095
4095
4095
4095
4020
2831
1542
304
3
3
2
2
2
3
0
2
1
1
270
1612
3032
4095
4095
4095
4095
4095
4095
4095
4095
4095
4095
4095
3106
1669
243
4
4
4
4
2
3
3
1
2
3
85
1578
3234
4095
4095
4095
4095
4095
4095
4095
4095
4095
4095
4095
4095
3006
1251
3
2
2
2
3
3
2
3
4
1
1
2
840
2629
4095
4095
4095
4095
4095
4095
4095
