2098
2086
2074
2086
2088
2098
2097
2094
2087
2084
2102
2088
2080
2094
2103
2083
2083
2084
2096
2098
2087
2104
2112
2110
2098
2100
2103
2100
2088
2096
2111
2098
2088
2087
2090
2092
2084
2098
2096
2091
2084
2078
2086
2088
2098
2097
2088
2087
2087
2094
2095
2097
2088
2104
2092
2096
2091
2094
2089
2102
2092
2092
2089
2092
2089
2101
2095
2101
2097
2102
2090
2103
2087
2096
2090
2096
2099
2100
2110
2105
2099
2110
2116
2104
2104
2094
2097
2105
2097
2092
2101
2094
2097
2089
2088
2100
2082
2094
2093
2104
2095
2102
2109
2103
2104
2112
2108
2098
2100
2091
2088
2098
2101
2096
2104
2091
2094
2093
2093
2102
2105
2103
2104
2105
2115
2097
2088
2081
2076
2091
2089
2079
2071
2061
2064
2072
2070
2061
2061
2074
2066
2057
2065
2062
2075
2068
2071
2090
2086
2091
2088
2102
2110
2108
2106
2119
2118
2114
2108
2111
2122
2126
2118
2119
2114
2112
2112
2103
2111
2104
2099
2092
2097
2088
2085
2082
2078
2076
2089
2092
2078
2067
2078
2070
2067
2063
2056
2056
2072
2056
2051
2069
2062
2075
2070
2062
2073
2080
2067
2068
2075
2090
2099
2096
2092
2114
2112
2113
2108
2126
2114
2119
2111
2123
2097
2103
2103
2114
2094
2092
2100
2097
2088
2085
2083
2090
2074
2070
2071
2082
2086
2085
2079
2073
2066
2072
2078
2072
2065
2063
2059
2069
2079
2081
2067
2094
2072
2067
2078
2074
2076
2073
2068
2071
2066
2078
2075
2072
2052
2045
2034
2019
2021
2002
1998
1999
1992
1993
1988
1981
1970
1970
1976
1970
1984
1999
1985
2000
1999
2008
2024
2030
2046
2064
2072
2079
2085
2091
2088
2118
2109
2125
2117
2113
2125
2129
2111
2107
2113
2104
2095
2092
2088
2072
2083
2089
2078
2053
2064
2051
2056
2052
2065
2045
2043
2062
2074
2101
2094
2102
2106
2120
2133
2158
2132
2148
2164
2184
2195
2193
2197
2204
2208
2198
2202
2206
2200
2186
2198
2191
2179
2164
2148
2141
2135
2110
2104
2092
2070
2072
2072
2067
2064
2054
2042
2046
2034
2030
2018
2041
2036
2043
2050
2040
2040
2046
2053
2060
2069
2063
2054
2076
2076
2092
2076
2067
2069
2065
2060
2059
2056
2050
2016
2015
2100
2084
2068
2076
2065
2030
2031
2029
1997
1984
1972
1952
1931
1942
1935
1925
1934
1938
1951
1967
1974
2004
2018
2035
2064
2089
2114
2132
2163
2199
2214
2226
2237
2255
2260
2269
2270
2264
2273
2266
2258
2254
2256
2247
2226
2222
2216
2176
2168
2155
2144
2132
2114
2112
2089
2068
2052
2034
2036
2052
2036
2044
2036
2051
2048
2059
2071
2092
2107
2099
2108
2124
2114
2126
2103
2118
2104
2097
2085
2081
2067
2051
2044
2013
2005
2006
1988
1992
1981
1982
1986
1996
2008
2018
2049
2044
2058
2086
2115
2142
2136
2165
2197
2213
2210
2215
2214
2218
2209
2202
2184
2192
2178
2152
2140
2148
2149
2125
2120
2115
2102
2085
2084
2089
2100
2078
2080
2086
2148
2155
2146
2148
2131
2113
2094
2060
2031
1996
1960
1940
1921
1896
1873
1892
1921
1940
1989
2040
2088
2131
2166
2208
2247
2243
2250
2248
2232
2214
2195
2175
2155
2117
2102
2090
2086
2067
2050
2046
2052
2046
2028
2028
2030
2045
2058
2091
2110
2116
2143
2169
2180
2182
2191
2169
2162
2146
2130
2107
2093
2078
2047
2030
2016
2031
2028
2017
2017
2019
2011
2022
2020
2006
1995
1988
1992
1984
1980
1975
2006
2009
1994
2014
2050
2080
2103
2139
2162
2193
2212
2230
2246
2278
2264
2263
2249
2255
2228
2209
2196
2157
2135
2117
2073
2046
2022
1986
1951
1934
1904
1888
1862
1862
1852
1879
1894
1934
1981
2030
2081
2144
2200
2251
2300
2345
2362
2365
1934
1898
1871
1853
1881
1930
1960
1996
2050
2091
2130
2166
2193
2199
2206
2183
2171
2142
2118
2071
1998
1954
1934
1869
1821
1811
1820
1819
1836
1896
1972
2050
2149
2230
2317
2344
2355
2346
2283
2194
2108
2004
1921
1872
1866
1899
1969
2078
2192
2303
2412
2478
2504
2475
2446
2372
2273
2178
2088
2004
1939
1879
1839
1853
1874
1909
1998
2080
2198
2342
2490
2615
2695
2709
2689
2600
2457
2262
2076
1907
1734
1608
1546
1522
1552
1640
1769
1921
2084
2194
2276
2334
2345
2303
2244
2186
2122
2077
2049
2061
2072
2079
2083
2054
2012
1929
1869
1808
1774
1753
1786
1870
1964
2052
2135
2227
2274
2284
2269
2255
2210
2152
2099
2055
2010
1948
1929
1939
2016
2044
2109
2201
2257
2238
2198
2136
2070
1999
1926
1835
1754
1698
1751
1881
2006
2089
2137
2182
2257
2382
2485
2540
2535
2467
2381
2264
2105
1944
1810
1757
1751
1776
1788
1742
1678
1606
1600
1685
1864
2081
2279
2406
2419
2316
2169
2083
2092
2157
2248
2301
2296
2259
2216
2198
2158
2100
2037
2014
2074
2193
2340
2411
2411
2330
2226
2126
2084
2101
2171
2216
2196
2119
1986
1844
1774
1785
1814
1857
1897
1934
1974
2010
2089
2172
2236
2264
2285
2293
2292
2280
2263
2252
2163
2047
1927
1837
1808
1824
1870
1896
1862
1807
1776
1824
1956
2126
2283
2416
2500
2502
2444
2342
2218
2094
2019
1992
1992
2011
2025
2033
2056
2076
2113
2169
2238
2285
2360
2319
2240
2105
1967
1853
1754
1711
1692
1760
1861
1978
2092
2212
2329
2399
2422
2423
2359
2237
2098
1943
1808
1677
1592
1590
1646
1757
1895
2070
2221
2376
2476
2544
2577
2539
2466
2357
2223
2064
1920
1799
1738
1749
1812
1917
2067
2237
2362
2454
2492
2487
2392
2257
2097
1956
1835
1714
1682
1704
1771
1879
2013
2160
2299
2393
2443
2455
2393
2296
2156
2018
1868
1733
1652
1627
1644
1708
1826
2003
2213
2416
2602
2782
2919
2952
2931
2835
2670
2439
2166
1909
1640
1424
1281
1233
1256
1369
1528
1754
1985
2200
2366
2490
2546
2506
2415
2276
2127
1949
1820
1730
1695
1705
1771
1896
2061
2211
2357
2482
2566
2575
2538
2434
2284
2106
1903
1712
1969
2048
2183
2324
2450
2466
2402
2302
2222
2208
2202
2138
2044
1962
1928
1905
1858
1760
1660
1603
1634
1707
1773
1806
1901
2061
2238
2384
2474
2527
2579
2652
2690
2604
2352
2039
1773
1592
1535
1587
1640
1678
1676
1669
1743
1943
2194
2430
2547
2503
2352
2233
2219
2298
2356
2284
2072
1801
1569
1467
1502
1653
1845
2031
2194
2319
2389
2420
2434
2467
2476
2436
2382
2335
2295
2221
2108
1923
1732
1602
1602
1703
1842
1937
2004
2053
2132
2208
2248
2273
2265
2248
2244
2234
2211
2128
2020
1987
1997
2023
2010
1998
2000
2040
2101
2181
2232
2234
2212
2192
2176
2152
2118
2048
2010
1978
1985
2003
2032
2012
1983
1964
1992
2060
2121
2160
2187
2221
1762
1690
1699
1786
1903
2024
2150
2262
2340
2387
2379
2338
2265
2163
2061
1947
1862
1810
1807
1858
1931
2038
2152
2254
2331
2377
2353
2289
2192
2084
1938
1855
1814
1823
1875
1991
2156
2307
2417
2504
2527
2496
2366
2219
2050
1851
1653
1523
1438
1415
1452
1587
1762
1963
2164
2357
2540
2618
2596
2556
2444
2312
2163
1988
1882
1796
1752
1759
1808
1870
1919
1967
2005
2061
2100
2174
2262
2385
2500
2584
2661
2749
2784
2766
2724
2647
2527
2315
2069
1838
1587
1373
1240
1198
1268
1425
1652
1910
2156
2366
2514
2602
2619
2559
2498
2437
2333
2241
2135
2062
2002
1932
1865
1844
1847
1878
1923
1976
2019
2011
1970
1914
1867
1868
1929
2023
2182
2306
2542
2866
2988
2872
2621
2382
2283
2309
2380
2363
2264
2076
1878
1643
1442
1326
1345
1572
1976
2436
2756
2842
2710
2419
2097
1844
1683
1631
1643
1712
1767
1780
1764
1784
1906
2140
2451
2792
3063
3198
3208
3064
2815
2520
2195
1829
1468
1180
993
951
1000
1089
1220
1422
1713
2105
2525
2867
3090
3186
3181
3090
2900
2628
2274
1931
1662
1509
1390
1325
1336
1426
1573
1789
2023
2244
2438
2526
2523
2466
2370
2231
2053
1852
1676
1513
1467
1518
1674
1928
2187
2414
2625
2803
2952
3042
3066
2994
2867
2691
2516
2315
2069
1780
1518
1328
1248
1256
1326
1422
1551
1751
2018
2303
2482
2538
2464
2330
2231
2197
2198
2196
2148
2070
1992
1965
1974
2059
1714
1945
2195
2416
2599
2748
2776
2728
2615
2430
2227
2028
1858
1760
1713
1686
1736
1799
1885
1950
2034
2084
2151
2202
2272
2316
2338
2353
2353
2363
2353
2376
2380
2360
2302
2195
2021
1825
1583
1385
1256
1207
1255
1404
1646
1935
2240
2525
2758
2913
2995
2953
2808
2567
2270
1925
1590
1344
1171
1089
1132
1296
1569
1900
2275
2646
2998
3220
3330
3298
3136
2818
2378
1914
1486
1161
978
962
1116
1418
1794
2200
2575
2888
3085
3134
3030
2803
2504
2140
1762
1471
1293
1220
1307
1510
1774
2085
2363
2540
2628
2612
2505
2357
2166
1982
1852
1750
1748
1796
1896
2011
2073
2120
2120
2109
2085
2078
2178
2344
2576
2830
3072
3224
3232
3090
2772
2328
3267
3241
3129
2961
2822
2763
2713
2610
2435
2224
2065
2012
2090
2222
2295
2261
2116
1948
1826
1737
1661
1556
1410
1230
1002
780
618
586
717
1078
1589
2166
2643
2956
3080
3073
2973
2855
2749
2612
2479
2321
2159
2033
1930
1871
1816
1800
1815
1876
1946
2029
2144
2246
2381
2495
2524
2462
2305
2114
1930
1826
1756
1698
1660
1680
1749
1907
2079
2192
2214
2172
2092
2087
2143
2256
2362
2462
2511
2546
2549
2508
2412
2273
2144
2041
1953
1855
1766
1747
1805
1962
2150
2314
2409
2437
2472
2568
2681
2740
2679
2494
2228
1964
1731
1514
1296
1127
1054
1130
1330
1598
1841
2051
2243
2427
2630
2780
2856
2794
2683
2557
2422
2275
2071
1783
1444
1159
3388
2784
2102
1452
866
414
154
101
224
524
946
1437
1927
2356
2702
2962
3092
3144
3126
3044
2821
2539
2170
1730
1326
988
784
760
919
1239
1666
2169
2695
3151
3487
3669
3662
3453
3101
2651
2182
1793
1518
1384
1384
1487
1666
1858
2008
2118
2125
2091
2015
1972
1972
2050
2170
2339
2484
2568
2557
2426
2162
1818
1434
1114
941
914
1035
1248
1518
1784
2058
2296
2524
2760
2991
3182
3314
3330
3215
2928
2516
2002
1471
1000
685
578
718
1094
1651
2321
3030
3642
4084
4095
4095
3840
3268
2609
1941
1391
992
733
619
641
770
1021
1361
1773
2176
2558
2865
3064
3105
2987
2752
2380
1940
1494
1119
890
862
1066
1437
1891
2306
2530
4095
4095
4095
4095
4095
4000
3291
2547
1843
1278
888
735
742
910
1185
1488
1746
1950
2076
2137
2170
2165
2130
2084
1993
1836
1653
1458
1290
1179
1168
1241
1405
1643
1943
2322
2704
3072
3424
3694
3894
3974
3920
3758
3472
3082
2635
2136
1628
1135
695
382
156
97
159
353
670
1099
1605
2154
2712
3232
3653
3968
4095
4095
4095
3929
3679
3376
2963
2480
1950
1367
794
271
2
3
3
1
2
1
253
807
1420
2084
2738
3355
3861
4095
4095
4095
3886
3506
3105
2702
2347
2086
1916
1807
1761
1735
1740
1811
1953
2168
2425
2715
2974
3123
3122
2935
2539
1963
1264
572
0
4
1
2
1
3
425
963
1524
2119
2722
3385
