2087
2091
2150
2140
2084
2097
2133
2148
2088
2077
2125
2139
2082
2073
2114
2113
2063
2057
2124
2124
2083
2054
2110
2116
2065
2064
2116
2128
2069
2070
2123
2120
2056
2062
2116
2131
2086
2063
2127
2125
2072
2065
2099
2116
2071
2068
2104
2113
2050
2053
2106
2106
2054
2047
2107
2113
2044
2038
2084
2080
2027
2031
2066
2092
2047
2036
2076
2088
2048
2024
2074
2085
2062
2061
2097
2122
2083
2057
2119
2127
2091
2095
2130
2142
2105
2081
2114
2140
2072
2074
2120
2144
2101
2069
2127
2134
2084
2035
2090
2142
2098
2057
2090
2109
2067
2033
2083
2102
2077
2049
2086
2105
2067
2048
2092
2118
2078
2039
2085
2120
2080
2060
2106
2131
2088
2058
2107
2123
2073
2110
2118
2085
2070
2104
2089
2074
2036
2087
2094
2076
2067
2094
2085
2064
2040
2075
2097
2076
2055
2105
2107
2098
2074
2109
2118
2104
2097
2128
2141
2121
2113
2151
2155
2122
2111
2154
2150
2122
2094
2140
2145
2102
2094
2114
2110
2077
2060
2087
2074
2048
2031
2064
2034
2008
2009
2054
2006
1987
1990
2020
2008
1988
2002
2040
2037
2022
2023
2066
2074
2069
2079
2121
2133
2121
2123
2163
2177
2170
2144
2186
2199
2189
2169
2195
2198
2170
2150
2155
2160
2152
2106
2125
2121
2088
2047
2080
2082
2079
2048
2065
2094
2090
2063
2110
2140
2128
2124
2175
2223
2200
2183
2225
2226
2233
2199
2234
2223
2204
2166
2218
2214
2185
2133
2191
2192
2147
2197
2224
2209
2161
2158
2199
2161
2151
2142
2174
2159
2144
2114
2128
2092
2064
2034
2080
2062
2025
2024
2075
2056
2029
2005
2020
1991
1964
1952
2008
2017
2028
2079
2180
2222
2240
2266
2336
2349
2333
2318
2366
2358
2319
2301
2304
2266
2190
2135
2129
2083
2017
1981
2010
1989
1968
1940
1987
1984
1967
1940
1998
2014
1996
1984
1999
2024
1992
1978
2048
2108
2149
2169
2237
2287
2301
2297
2334
2336
2327
2303
2331
2344
2308
2254
2227
2159
2084
1972
1932
1884
1812
1755
1789
1796
1783
1775
1840
1908
1941
1962
2068
2115
2132
2121
2195
2222
2204
2202
2274
2300
2264
2228
2240
2235
2175
2126
2126
2108
2058
2029
2054
2070
2038
2007
2031
2015
1987
1837
1856
1817
1800
1865
1971
2016
2063
2162
2287
2312
2314
2340
2357
2285
2218
2182
2133
2039
1951
1937
1972
1942
1961
2047
2153
2203
2256
2335
2391
2376
2329
2296
2286
2184
2087
2009
2006
1952
1918
1938
2020
2033
2055
2126
2206
2204
2182
2185
2196
2139
2064
2042
2048
2018
1997
2004
2058
2040
2041
2055
2074
2048
2009
2039
2078
2058
2017
2038
2082
2084
2056
2075
2129
2136
2116
2099
2149
2140
2132
2127
2163
2160
2160
2159
2206
2179
2137
2111
2122
2058
1987
1951
2010
2017
2022
2082
2230
2283
2292
2319
2385
2362
2256
2181
2139
2040
1919
1870
1892
1910
1932
2017
2163
2233
2258
2286
2324
2264
2154
2063
2008
1915
1822
1825
1904
1981
2033
2388
2463
2416
2345
2295
2197
1980
1845
1784
1782
1718
1690
1810
2020
2166
2274
2381
2517
2571
2556
2474
2335
2108
1956
1827
1696
1538
1482
1608
1813
1923
2005
2192
2452
2607
2605
2566
2552
2486
2336
2196
2050
1883
1728
1669
1749
1820
1874
2015
2231
2346
2410
2438
2430
2334
2205
2099
2041
1924
1799
1796
1852
1886
1921
1981
2074
2102
2126
2205
2348
2338
2242
2158
2166
2072
1933
1863
1928
1970
1930
1942
2056
2139
2172
2185
2202
2172
2167
2235
2322
2302
2196
2131
2130
2036
1889
1808
1815
1789
1811
1907
2049
2144
2194
2286
2382
2364
2293
2248
2266
2192
2052
1947
1962
1950
1888
1877
1946
1990
2050
2163
2330
2408
2370
2362
2382
2329
2182
1786
1804
1854
1886
2008
2174
2303
2323
2359
2374
2351
2225
2114
2068
2016
1911
1864
1915
1976
1952
1964
2068
2152
2120
2089
2117
2154
2076
2024
2021
2042
1992
1974
2022
2118
2100
2107
2170
2254
2224
2209
2234
2272
2197
2136
2140
2152
2082
2062
2106
2178
2136
2120
2104
2095
2005
1921
1872
1865
1777
1763
1852
1987
2056
2162
2323
2456
2460
2422
2387
2307
2146
2030
1988
2008
2008
2069
2192
2323
2337
2335
2320
2262
2111
1959
1873
1816
1727
1722
1804
1961
2031
2105
2170
2221
2140
2050
1982
1955
1876
1820
1840
1925
1951
1995
2104
2247
2277
2290
2314
2349
2294
2190
2129
2122
2048
1995
1989
2075
2117
2151
2224
2336
2348
2292
2259
2253
2180
1859
1949
2051
2160
2223
2298
2319
2261
2182
2183
2224
2168
2036
1989
2032
2060
2012
2007
2092
2176
2216
2261
2272
2243
2142
2129
2147
2100
2002
2012
2117
2150
2061
2050
2081
2084
2041
2020
2032
2013
1948
1959
2041
2080
2047
2077
2183
2257
2218
2182
2156
2103
1985
1922
1905
1938
1953
2006
2126
2229
2264
2291
2284
2236
2148
2079
1990
1874
1706
1613
1652
1800
1967
2158
2287
2403
2478
2576
2542
2410
2176
2038
1964
1879
1721
1701
1819
2006
2102
2184
2268
2302
2273
2268
2281
2194
1933
1776
1800
1940
2001
2045
2149
2326
2461
2546
2518
2388
2101
1888
1822
1824
1726
1632
1599
1688
1789
2019
2276
2488
2552
2596
2671
2648
2372
1982
1659
1526
2430
2348
2254
2206
2159
2118
2130
2162
2157
2137
2147
2108
2003
1807
1656
1578
1582
1624
1788
1970
2139
2266
2419
2592
2697
2675
2510
2216
1889
1618
1602
1771
1968
2094
2154
2129
2051
1995
2046
2138
2129
2053
2026
2072
2169
2280
2371
2345
2153
1928
1823
1814
1834
1891
2070
2273
2432
2502
2554
2472
2280
2018
1876
1880
1940
1979
2085
2215
2385
2552
2734
2762
2607
2264
1940
1727
1613
1530
1525
1621
1825
2058
2309
2483
2568
2526
2463
2402
2348
2124
1858
1620
1568
1577
1720
1901
2050
2067
2120
2207
2300
2278
2208
2176
2195
2194
2264
2258
2179
2007
1872
1798
1725
1567
1492
1536
1781
2112
2455
2674
2690
2451
2176
1928
1693
1528
1556
1766
1828
2014
2222
2336
2452
2482
2400
2162
1918
1750
1648
1562
1563
1762
2031
2242
2412
2511
2501
2325
2135
1978
1811
1630
1576
1699
1901
2090
2327
2527
2615
2519
2328
2140
1919
1664
1523
1559
1684
1869
2162
2498
2766
2846
2796
2656
2398
2011
1668
1456
1366
1357
1552
1909
2336
2664
2880
3029
2992
2689
2300
1904
1607
1321
1206
1350
1696
2044
2387
2690
2893
2846
2648
2386
2150
1854
1650
1615
1739
1880
2056
2253
2391
2348
2197
2005
1829
1609
1437
1458
1687
1950
2284
2622
2904
2970
2843
2595
2307
1928
1567
1362
1369
1456
1633
1931
2283
2508
2615
2648
2609
2419
2140
1906
1790
1682
1626
1707
1843
1905
1922
1946
1994
1956
1908
1941
2057
2148
1902
2316
2765
3110
3198
2992
2645
2168
1618
1150
989
1137
1428
1661
1935
2327
2717
2992
3093
3057
2944
2749
2546
2279
1892
1428
1142
1124
1267
1435
1696
2107
2519
2743
2810
2756
2622
2427
2317
2252
2186
2060
1965
1904
1804
1636
1620
1779
2008
2174
2287
2348
2323
2142
1892
1694
1611
1634
1722
1915
2169
2351
2453
2402
2206
1863
1620
1579
1670
1680
1667
1732
1940
2109
2162
2095
2050
2077
2313
2616
2841
2765
2516
2250
2003
1612
1223
994
1080
1366
1810
2344
2854
3101
3121
3009
2794
2464
2139
1903
1762
1636
1630
1761
1933
1946
1927
2084
2426
2773
3014
3121
3056
2823
2536
2194
1783
1316
1010
1053
1393
1782
2103
2344
2561
2706
2746
2687
1625
1299
1244
1383
1700
2102
2573
2988
3244
3273
3137
2777
2257
1656
1149
812
742
860
1264
1838
2452
2966
3404
3603
3525
3128
2545
1882
1227
607
296
352
746
1349
2117
2878
3441
3678
3585
3256
2712
2078
1484
1046
814
765
1003
1479
2076
2640
3097
3369
3396
3077
2580
2030
1556
1134
953
1040
1331
1710
2176
2629
2988
3126
3076
2867
2527
2052
1569
1164
927
874
1054
1563
2132
2584
3030
3350
3436
3238
2839
2334
1769
1232
911
786
898
1171
1622
2136
2590
2880
3013
2995
2770
2415
2084
1828
1685
1632
1695
1834
1958
2006
2027
2053
2047
2016
1997
1991
1971
1916
1895
1936
2007
2076
2189
2370
2528
2629
2680
2708
2698
2576
2387
2179
3974
3880
3473
2811
2078
1469
1177
1204
1309
1318
1183
1133
1206
1563
2078
2568
2764
2641
2392
2231
2270
2456
2692
2780
2686
2460
2242
2152
2094
1974
1724
1432
1198
1181
1402
1808
2199
2487
2569
2628
2743
2924
3093
3134
2933
2547
2092
1753
1545
1427
1293
1131
972
932
1060
1440
1954
2480
2823
3069
3286
3442
3529
3548
3423
3070
2482
1797
1153
639
323
273
442
793
1255
1781
2368
2915
3408
3833
4095
4095
3884
3300
2552
1791
1144
730
607
629
722
887
1258
1841
2506
3088
3376
3285
2822
2163
1566
1167
963
885
920
1061
1265
1567
2077
2764
3481
3997
4095
4095
4047
3494
2765
1914
1106
334
0
0
4
0
31
805
1888
2930
3400
3809
4092
4095
4095
4044
3738
3299
2763
2170
1586
1040
568
206
2
1
7
210
604
1043
1558
2047
2541
2980
3301
3541
3703
3772
3770
3702
3545
3344
3078
2748
2354
1986
1617
1285
997
779
619
473
405
405
416
515
636
933
1287
1707
2125
2656
3183
3619
4095
4095
4095
4095
4095
4095
4095
3520
2642
1729
791
2
0
2
2
3
2
2
3
642
1833
3157
4095
4095
4095
4095
4095
4095
4095
4095
3965
2774
1581
537
2
3
4
3
3
0
2
355
1178
1989
2668
3279
3728
4010
4095
4095
4088
3914
3612
3256
2895
2500
2135
1816
1574
1407
1250
1174
1126
1075
1014
1013
1086
1192
1393
1698
2071
2400
2672
2880
1230
492
2
1
2
1
2
2
1
1
2
0
414
1028
1565
2068
2518
2800
3034
3101
3052
2989
2802
2567
2315
2012
1704
1425
1196
1000
845
785
830
960
1192
1556
2027
2601
3243
3955
4095
4095
4095
4095
4095
4095
4095
4095
4095
4095
4095
3993
3140
2246
1410
669
66
1
1
1
1
2
1
3
1
2
314
845
1374
1855
2277
2605
2816
2887
2833
2649
2359
1994
1572
1137
758
431
239
187
301
625
1107
1786
2576
3495
4095
4095
4095
4095
4095
4095
4095
4095
4095
4095
4095
4095
4095
3318
2017
747
1
3
2
1
2
2
2
2
1
3
3
3
1
865
2158
3418
4095
4095
4095
4095
4095
4095
1
1
1
749
1904
3024
4095
4095
4095
4095
4095
4095
4095
4095
4095
4095
4095
4095
4095
4095
4095
4095
4095
4095
4095
4095
4095
4095
4095
4095
4095
4095
4095
4095
4095
4095
4095
4095
4095
3121
2004
925
3
2
2
2
2
1
1
2
2
3
3
3
1
0
2
0
3
2
4
2
2
2
1
3
4
2
2
1
1
2
0
2
401
1245
2084
2892
3633
4095
4095
4095
4095
4095
4095
4095
4095
4095
4095
4095
4095
4095
4095
4095
4095
4095
4095
4095
4095
4095
4095
4095
4095
4095
4095
4095
4095
4095
3520
2900
2316
1771
1299
884
491
143
2
3
3
1
2
1
2
2
1
2
5
2
