2080
2123
2113
2084
2083
2128
2115
2090
2080
2114
2113
2070
2061
2103
2088
2060
2053
2097
2077
2051
2027
2080
2078
2041
2029
2095
2085
2053
2042
2096
2091
2053
2070
2133
2108
2067
2075
2147
2125
2077
2074
2153
2121
2089
2103
2164
2140
2099
2117
2160
2148
2120
2130
2171
2158
2120
2133
2183
2148
2121
2124
2174
2159
2105
2096
2143
2116
2104
2097
2140
2121
2085
2073
2128
2100
2064
2065
2110
2094
2059
2051
2096
2101
2047
2046
2094
2101
2064
2041
2113
2120
2098
2066
2108
2126
2110
2091
2135
2142
2111
2090
2144
2140
2121
2103
2150
2154
2124
2114
2168
2140
2110
2089
2146
2149
2107
2081
2123
2128
2098
2073
2129
2113
2088
2068
2114
2105
2066
2220
2234
2209
2192
2236
2262
2222
2191
2231
2243
2196
2155
2195
2198
2151
2118
2157
2150
2101
2059
2095
2108
2067
2048
2086
2097
2045
2026
2064
2067
2012
1980
2018
2018
1974
1948
1960
1963
1911
1890
1944
1951
1914
1911
1976
2013
1967
1975
2043
2088
2078
2088
2166
2195
2164
2159
2202
2220
2184
2160
2186
2212
2155
2108
2150
2153
2104
2084
2136
2168
2136
2123
2170
2224
2209
2193
2229
2288
2273
2254
2283
2295
2250
2204
2225
2237
2181
2148
2126
2138
2076
2041
2029
2054
2003
1957
1981
2005
1990
1948
1959
2005
1960
1951
1988
2020
2000
1978
2029
2079
2038
2002
2059
2101
2047
2017
2035
2082
2034
2010
2041
2078
2048
2036
2080
2112
2067
2068
2201
2242
2193
2194
2256
2252
2193
2185
2235
2234
2163
2131
2166
2172
2111
2112
2161
2170
2122
2100
2121
2098
2036
2008
2044
2078
2019
2000
2067
2071
2024
2008
2048
2038
1994
1981
2031
2062
2033
2034
2080
2102
2064
2053
2096
2124
2080
2082
2152
2220
2206
2218
2278
2320
2245
2214
2242
2240
2172
2124
2136
2128
2032
1964
1970
1957
1899
1872
1896
1933
1889
1888
1952
2006
2007
2004
2080
2156
2139
2140
2154
2219
2184
2172
2178
2186
2160
2142
2169
2186
2135
2103
2115
2121
2042
2015
2077
2136
2096
2084
2128
2160
2102
2072
2120
2167
2151
2118
2156
2166
2085
2016
2031
2027
1941
1900
1915
1946
1870
1863
1921
1957
1934
1963
2058
2131
2147
2193
2223
2148
2059
2036
2078
2034
2006
2038
2090
2038
1974
1982
2030
1974
1978
2065
2134
2132
2116
2144
2175
2124
2075
2092
2121
2071
2030
2022
2018
1925
1836
1864
1944
1963
2012
2134
2258
2278
2258
2263
2274
2200
2119
2093
2114
2057
1995
1994
2018
1976
1981
2060
2167
2208
2253
2293
2346
2268
2165
2112
2109
2035
1984
1997
2080
2089
2070
2077
2172
2187
2204
2250
2321
2259
2166
2063
2013
1916
1856
1878
1979
1992
1979
2037
2120
2100
2092
2148
2224
2162
2082
2017
1968
1889
1852
1908
2010
2033
2066
2132
2217
2201
2208
2246
2298
2263
2215
2196
2204
2156
2136
2147
2173
2110
2019
1957
1952
1905
1920
2028
2191
2267
2280
2303
2329
2254
2120
2050
2100
2089
2065
1988
1974
2041
2140
2117
2039
2055
2146
2187
2120
2082
2087
2068
2006
2008
2044
2004
1945
1958
2038
2094
2061
2067
2132
2190
2165
2156
2182
2162
2084
2094
2137
2109
2020
2005
2056
2068
2042
2060
2092
2103
2083
2136
2240
2311
2280
2265
2285
2238
2172
2169
2190
2129
2036
1994
2005
1953
1876
1920
1990
2010
2004
2063
2154
2163
2097
2068
2126
2189
2208
2213
2196
2081
1932
1917
2014
2116
2170
2232
2315
2324
2277
2261
2203
2030
1818
1689
1688
1760
1883
2087
2244
2289
2201
2155
2227
2296
2311
2326
2289
2159
1911
1745
1740
1812
1843
1932
2012
2060
2026
2119
2275
2368
2334
2289
2272
2204
2031
1911
1874
1880
1848
1916
1993
2065
1857
1975
2110
2201
2205
2237
2295
2318
2238
2178
2092
1951
1732
1615
1622
1711
1811
2010
2240
2368
2362
2321
2340
2346
2291
2291
2298
2238
2077
1986
1946
1950
1911
1948
2019
2080
2098
2210
2377
2505
2512
2494
2408
2236
1962
1862
1858
1924
1952
2039
2103
2100
2017
1997
1998
2006
1947
1978
2057
2151
2210
2308
2384
2360
2213
2117
2051
1988
1886
1845
1857
1848
1823
1845
1905
1980
1990
2057
2168
2293
2350
2402
2457
2398
2214
2073
2002
2003
1963
1998
2072
2111
2038
1967
1928
1934
1895
1936
2061
2214
2255
2278
2280
2304
2175
2110
2096
2124
2084
2088
2153
2222
2161
2113
2088
2072
1980
1928
1948
2018
2014
2062
2155
2264
2300
2301
2327
2303
2058
1897
1831
1836
1822
1784
1857
1992
2089
2107
2177
2264
2256
2175
2115
2141
2104
2008
1949
1967
1934
1886
1929
2024
2062
2072
2123
2224
2227
2198
2238
2314
2317
2227
2162
2125
2011
1869
1829
1881
1940
1984
2117
2297
2362
2368
2387
2411
2367
2290
2285
2298
2241
2135
2056
2006
1910
1771
1720
1740
1770
1810
1913
2065
2145
2149
2166
2186
2150
2028
1979
2035
2076
2060
2101
2195
2232
2146
2078
2049
2038
1984
2005
2116
2231
2250
2299
2348
2352
2203
2063
1989
1922
1783
1758
1831
1944
1992
2136
2304
2416
2394
2326
2230
2123
1933
1807
1790
1832
1851
1944
2089
2213
2208
2232
2272
2252
2105
2024
1988
1948
1880
1905
2028
2172
2244
2353
2450
2242
2266
2222
2131
2007
1814
1731
1835
2074
2204
2250
2300
2365
2334
2273
2291
2315
2242
2213
2252
2279
2126
1947
1895
2045
2196
2334
2378
2296
2066
1918
1938
2058
2053
2081
2227
2390
2391
2220
1981
1777
1670
1742
1932
2088
2084
2006
1987
2038
2014
2016
2087
2208
2203
2101
1979
1869
1743
1654
1694
1828
1924
2023
2185
2368
2393
2292
2192
2184
2187
2161
2092
2014
1837
1724
1830
2112
2277
2294
2267
2322
2346
2335
2353
2359
2270
2216
2249
2355
2312
2116
1942
1954
2102
2289
2442
2500
2352
2154
2045
2066
1995
1839
1773
1881
2046
2135
2133
2034
1853
1776
1897
2126
2228
2178
2087
2035
1964
1872
1824
1824
1848
1915
2102
2303
2290
2135
2025
2207
2296
2376
2359
2286
2237
2228
2162
2134
2165
2252
2259
2248
2240
2217
2048
1866
1780
1730
1682
1712
1861
2070
2232
2369
2479
2545
2447
2251
2058
1911
1731
1627
1666
1840
1993
2130
2342
2551
2616
2536
2454
2335
2120
1875
1746
1724
1731
1752
1867
2036
2103
2080
2075
2092
2047
2008
2083
2242
2355
2439
2520
2583
2512
2325
2139
1935
1663
1414
1320
1348
1465
1689
2026
2388
2632
2759
2783
2716
2500
2247
2065
1962
1837
1819
1933
2085
2159
2206
2237
2223
2105
1934
1807
1739
1684
1716
1864
2090
2296
2513
2696
2807
2720
2518
2288
2040
1700
1451
1366
1388
1468
1643
1890
2165
2359
2486
2593
2622
2490
2314
2186
2104
1950
1827
1847
1934
1977
2770
2732
2678
2627
2468
2193
1971
1888
1794
1667
1604
1659
1753
1828
1964
2143
2309
2358
2458
2598
2630
2487
2330
2200
2052
1832
1694
1644
1630
1546
1483
1557
1727
1924
2203
2484
2632
2600
2612
2683
2658
2372
2055
1830
1789
1812
1932
1984
1948
1831
1868
2106
2313
2359
2370
2435
2567
2649
2674
2635
2505
2250
2100
2020
1902
1666
1528
1536
1565
1579
1672
1882
2090
2282
2522
2736
2832
2816
2734
2650
2475
2167
1880
1637
1410
1256
1311
1521
1729
1856
2001
2162
2295
2376
2464
2440
2249
1960
1830
1900
2012
2021
1969
1961
2005
2112
2367
2574
2586
2395
2190
2104
2047
1936
1836
1775
1751
1744
1839
2018
2220
2276
2266
2254
2193
2069
2072
2110
1835
2449
2946
3372
3646
3618
3301
2875
2410
1863
1330
984
896
923
1097
1466
2014
2457
2811
3116
3310
3221
2888
2424
1980
1476
1055
890
990
1239
1637
2161
2712
3055
3181
3134
2966
2542
2000
1552
1272
1054
971
1069
1341
1593
1899
2309
2742
3017
3133
3117
2932
2545
2116
1769
1560
1409
1367
1444
1609
1709
1844
2079
2374
2581
2759
2914
2941
2780
2480
2136
1772
1320
988
880
995
1228
1628
2143
2692
3067
3263
3354
3272
2941
2534
2160
1842
1511
1273
1186
1176
1142
1166
1354
1690
2038
2419
2858
3250
3437
3438
3329
3077
2591
2068
1632
1303
943
700
646
759
942
1276
1744
2295
2742
3108
3412
3613
3516
3208
2820
2382
1827
1351
997
614
201
61
121
297
628
1080
1508
1843
2197
2605
2929
3090
3094
2981
2692
2326
2033
1877
1778
1725
1798
2039
2293
2512
2794
3112
3252
3237
3166
3094
2902
2640
2417
2267
2102
1940
1878
1966
2046
2086
2149
2247
2184
2010
1788
1569
1222
808
492
298
148
105
310
728
1265
1886
2599
3318
3792
4014
4068
4002
3708
3282
2884
2562
2217
1899
1714
1703
1754
1893
2143
2512
2798
2939
3015
3034
2834
2470
2055
1650
1160
740
488
476
576
798
1165
1703
2163
2497
2736
2889
2786
2540
2208
1838
1396
934
566
373
258
324
604
1083
1614
2172
2788
3379
3739
3953
4095
4095
4072
3832
3570
3310
2981
2680
2489
2410
2333
2288
2257
2205
1954
2327
2410
2399
2413
2478
2576
2656
2808
3016
3210
3368
3494
3564
3503
3264
2899
2400
1810
1148
540
72
1
1
3
372
922
1532
2164
2764
3256
3614
3868
3964
3906
3697
3424
3075
2682
2240
1867
1566
1342
1219
1221
1325
1465
1588
1654
1600
1486
1279
1055
866
738
699
823
1108
1504
2004
2588
3209
3749
4095
4095
4095
4095
4095
4008
3503
2886
2226
1620
1120
760
546
546
695
950
1212
1487
1706
1832
1848
1800
1688
1501
1300
1159
1058
1034
1115
1340
1660
2082
2580
3119
3632
4040
4095
4095
4095
4095
3834
3444
3057
2648
2274
1922
1594
1274
1044
955
945
1000
1099
1228
1284
1205
1038
802
566
326
213
254
451
781
1237
1820
4
3
1
3
3
2
1
1
1
1
558
1987
3464
4095
4095
4095
4095
4095
4095
4095
4095
4095
4095
4095
4095
3093
1410
0
1
1
2
2
3
3
4
4
3
1
4
676
1973
3168
4095
4095
4095
4095
4095
4095
4095
4095
4095
4095
4095
3578
2885
2280
1714
1195
789
492
278
148
75
111
218
344
562
827
1087
1315
1572
1795
1968
2095
2235
2371
2485
2610
2776
2963
3112
3253
3398
3528
3541
3499
3440
3341
3150
2936
2738
2550
2321
2113
1936
1744
1552
1354
1222
1112
1032
1010
1011
1013
1016
1021
1020
1027
1035
1029
1045
1104
1181
1321
1521
1765
2077
2448
2885
3359
3821
4095
4095
4095
4095
4095
4095
4095
15
5
2
4
3
1
3
1
2
2
2
1
1
1
3
2
3
3
1
3
1
1
3
520
1243
1954
2653
3336
3971
4095
4095
4095
4095
4095
4095
4095
4095
4095
4095
4095
4095
4095
4095
4095
4095
4095
4095
4095
4095
4095
4095
4095
3623
2892
2224
1544
886
252
1
1
1
1
3
1
2
3
2
3
3
2
4
3
3
3
2
5
1
3
1
4
83
688
1324
1983
2561
3090
3594
4048
4095
4095
4095
4095
4095
4095
4095
4095
4095
4095
4095
4095
4095
4095
4095
4095
4095
4012
3665
3314
2971
2640
2332
2031
1745
1463
1228
1028
828
662
500
405
302
230
187
152
123
115
131
168
