2072
2085
2121
2123
2076
2097
2132
2128
2080
2091
2116
2125
2082
2092
2117
2105
2078
2075
2116
2104
2076
2092
2130
2099
2070
2084
2134
2107
2074
2084
2120
2100
2072
2070
2111
2103
2071
2094
2109
2089
2081
2094
2110
2094
2078
2094
2121
2087
2076
2095
2125
2091
2072
2098
2112
2088
2064
2091
2120
2089
2082
2112
2123
2089
2088
2108
2129
2102
2075
2112
2134
2096
2071
2096
2132
2088
2076
2105
2137
2096
2064
2104
2116
2081
2074
2112
2118
2080
2073
2127
2131
2073
2084
2124
2139
2094
2079
2107
2108
2081
2064
2106
2121
2092
2087
2109
2108
2081
2084
2112
2098
2077
2068
2122
2109
2060
2077
2116
2088
2048
2065
2114
2090
2064
2079
2115
2097
2067
2104
2096
2130
2144
2084
2112
2158
2154
2117
2151
2182
2163
2130
2133
2141
2130
2089
2081
2098
2069
2001
2012
2048
2024
2000
2028
2071
2077
2060
2073
2150
2158
2127
2164
2191
2165
2136
2137
2155
2129
2053
2052
2072
2030
1952
1976
1999
1965
1916
1948
1993
1969
1960
1975
2033
2022
1987
2020
2056
2038
2007
2056
2077
2067
2031
2070
2112
2097
2084
2106
2138
2110
2104
2125
2151
2098
2096
2117
2120
2057
2047
2068
2087
2034
2040
2092
2098
2052
2084
2140
2168
2151
2188
2260
2281
2250
2273
2319
2308
2257
2246
2260
2218
2136
2114
2092
2059
1980
1951
1973
1954
1918
1945
1996
2008
1991
2042
2105
2123
2128
2156
2189
2175
2146
2136
2143
2103
2025
2045
2000
1996
2027
2050
2034
2047
2106
2125
2102
2115
2173
2205
2177
2203
2248
2250
2185
2149
2155
2140
2066
2048
2125
2155
2124
2134
2166
2150
2070
2019
2046
2025
1983
1997
2059
2094
2076
2081
2124
2120
2068
2088
2153
2198
2186
2224
2247
2228
2130
2078
2050
1968
1906
1900
1949
1959
1955
1991
2061
2040
1965
1978
2030
2016
2016
2085
2204
2260
2287
2337
2389
2364
2294
2268
2234
2161
2098
2092
2101
2067
2068
2076
2075
2015
1957
1936
1916
1853
1828
1880
1952
1971
1999
2087
2139
2108
2103
2133
2175
2123
2091
2146
2183
2148
2116
2138
2156
2098
2034
2020
2014
1968
1914
1924
1956
1950
1960
2009
2044
2022
2033
2094
2139
2116
2129
2216
2270
1753
1848
1895
1985
2135
2266
2301
2320
2374
2388
2288
2212
2187
2139
2029
1985
2035
2057
2038
2117
2231
2326
2332
2376
2427
2427
2341
2267
2206
2122
2001
1923
1893
1860
1798
1845
1901
1970
2002
2102
2201
2240
2220
2242
2245
2206
2144
2113
2091
2037
1966
1961
1978
1926
1892
1925
2011
2023
2037
2108
2170
2172
2134
2112
2123
2054
1956
1928
1916
1852
1838
1902
2021
2080
2159
2272
2407
2440
2413
2404
2368
2281
2154
2105
2096
2059
2032
2091
2190
2234
2254
2331
2402
2356
2301
2266
2204
2069
1923
1875
1848
1815
1794
1861
1944
1943
1942
1979
2016
1944
1931
1978
2069
2107
2150
2244
2303
2268
2244
2208
2144
2016
1963
1948
1947
1918
1966
2064
2043
2111
2151
2156
2179
2222
2228
2192
2215
2280
2244
2134
2090
2104
2061
1994
1969
1974
1955
1938
2018
2103
2071
2000
1989
2023
2037
2067
2089
2111
2049
2010
2072
2156
2150
2084
2054
2052
2055
2036
2039
2043
1995
2000
2048
2094
2057
2048
2120
2194
2164
2105
2105
2148
2156
2148
2177
2192
2111
2046
2014
2045
2018
2035
2077
2090
2052
2043
2121
2192
2144
2086
2081
2090
2062
2068
2156
2201
2200
2176
2185
2137
2029
1976
1986
2019
2008
2037
2102
2134
2119
2151
2203
2213
2154
2123
2128
2125
2086
2112
2155
2160
2112
2148
2202
2228
2230
2208
2146
2005
1894
1872
1921
1940
1964
2054
2183
2258
2245
2217
2152
2056
1981
1998
2075
2135
2123
2109
2352
2280
2126
1968
1880
1808
1722
1735
1840
1990
2109
2228
2379
2476
2470
2459
2418
2326
2149
1977
1878
1775
1662
1631
1711
1829
1942
2100
2282
2403
2399
2388
2367
2303
2161
2046
2002
1950
1857
1870
1976
2074
2145
2251
2368
2428
2369
2328
2296
2211
2114
2052
2042
2003
1934
1910
1943
1946
1938
1985
2091
2117
2114
2130
2169
2120
2056
2020
2035
1971
1925
1973
2048
2107
2150
2238
2307
2305
2262
2210
2164
2093
2012
2009
2022
2006
2009
2036
2063
2023
2032
2067
2112
2118
2144
2218
2263
2237
2189
2178
2122
1990
1868
1828
1789
1744
1773
1887
1985
2036
2121
2266
2391
2438
2499
2550
2524
2381
2221
2108
1988
1865
1852
1922
1958
1945
1957
1991
2373
2349
2204
2076
1992
1902
1750
1721
1793
1861
1860
1901
2052
2253
2342
2390
2402
2356
2272
2223
2157
2024
1878
1806
1772
1763
1789
1928
2154
2288
2328
2392
2468
2520
2476
2397
2256
2087
1906
1848
1859
1801
1739
1721
1775
1868
2046
2345
2606
2721
2663
2526
2361
2182
2058
1995
1929
1782
1736
1869
2080
2212
2306
2350
2305
2210
2153
2200
2282
2250
2111
1910
1716
1594
1638
1767
1893
1964
2076
2295
2487
2523
2483
2447
2340
2194
2010
1896
1835
1759
1720
1770
1850
1904
2043
2216
2314
2310
2288
2310
2286
2154
2026
1920
1797
1662
1626
1715
1874
2033
2230
2418
2517
2561
2607
2638
2577
2376
2191
2019
1837
1675
1611
1650
1712
1806
1974
2165
2228
2367
2456
2398
2148
1946
1807
1772
1797
1947
2131
2232
2234
2250
2308
2336
2300
2241
2133
1945
1772
1722
1838
1972
2059
2122
2097
2020
1956
2039
2216
2379
2446
2448
2354
2157
1918
1764
1674
1623
1615
1737
1967
2238
2516
2762
2848
2728
2446
2157
1888
1680
1581
1589
1666
1748
1816
1918
2037
2098
2120
2163
2188
2161
2173
2220
2308
2350
2340
2337
2274
2155
2033
1979
1958
1904
1870
1853
1861
1830
1858
1972
2132
2262
2392
2528
2634
2650
2592
2447
2171
1827
1551
1416
1416
1524
1780
2105
2380
2508
2604
2634
2548
2353
2142
1960
1785
1695
1756
1870
1984
1995
2012
2039
2097
2240
2441
2650
2703
2617
2475
2225
1965
1654
1508
1416
1403
1473
1735
1692
1640
1672
1807
1969
2094
2239
2349
2403
2369
2314
2272
2231
2170
2152
2138
2108
2038
2023
2028
2012
1958
1943
1962
1959
1932
1934
1943
1896
1816
1789
1855
1966
2082
2262
2459
2606
2675
2733
2732
2615
2411
2248
2044
1852
1658
1543
1522
1515
1538
1671
1834
1960
2037
2135
2221
2283
2297
2360
2447
2509
2556
2665
2768
2804
2772
2739
2630
2376
2071
1803
1548
1302
1133
1104
1202
1371
1609
1920
2208
2397
2528
2600
2574
2404
2199
1982
1802
1658
1641
1732
1921
2127
2423
2699
2898
2969
2926
2789
2547
2211
1842
1534
1271
1089
1016
1094
1254
1464
1730
1994
2172
2248
2247
2182
2044
1901
1821
1832
1912
2051
2289
2598
2893
3122
3263
3306
2135
2135
2060
1917
1819
1818
1876
1945
2030
2171
2265
2287
2276
2211
1986
1643
1368
1326
1461
1766
2096
2348
2443
2426
2414
2436
2417
2338
2242
2130
2012
1882
1783
1646
1463
1293
1324
1585
1964
2347
2672
2833
2786
2543
2234
1921
1631
1490
1592
1857
2158
2400
2533
2514
2400
2332
2355
2398
2420
2477
2538
2566
2398
2057
1651
1248
1035
1154
1574
2079
2476
2775
3012
3156
3139
2997
2810
2568
2322
2139
2005
1720
1306
897
698
760
1100
1624
2256
2855
3328
3595
3593
3283
2682
2022
1514
1176
1007
977
1061
1198
1382
1612
1823
1936
1956
2112
2448
2810
2985
2891
2535
1984
1497
1251
1254
1311
1364
1576
1980
2502
2966
3271
3254
2976
2622
2444
1886
1744
1575
1488
1489
1564
1631
1805
2036
2252
2376
2512
2622
2687
2683
2682
2650
2540
2353
2200
2081
1944
1816
1762
1716
1660
1553
1528
1549
1567
1631
1811
2045
2242
2384
2531
2612
2574
2433
2327
2156
1940
1754
1692
1696
1747
1837
2028
2230
2355
2403
2460
2439
2336
2158
2036
1920
1766
1664
1707
1839
2014
2198
2402
2573
2585
2546
2475
2400
2239
2096
2040
1980
1882
1811
1828
1900
1972
2108
2321
2547
2645
2676
2640
2535
2330
2136
2012
1879
1683
1550
1484
1442
1436
1597
1887
2199
2404
2578
2663
2605
2436
2293
2189
2048
1927
1855
1837
1806
1791
1888
2045
2196
2304
2394
2421
2310
2103
1917
1796
1675
1619
1705
1880
2041
2194
2408
2594
3631
3643
3468
3176
2727
2203
1688
1183
715
483
612
956
1281
1667
2184
2766
3261
3624
3814
3725
3259
2613
1983
1347
629
2
4
2
3
239
1164
2199
3029
3672
4095
4095
4095
3959
3492
2814
1882
944
247
3
2
42
485
1077
1624
2257
2966
3600
3918
4016
3963
3769
3403
2990
2492
1909
1304
891
758
738
730
854
1132
1542
2067
2693
3218
3426
3263
3005
2862
2754
2574
2298
1921
1466
1112
1067
1305
1489
1568
1663
1830
2033
2260
2494
2652
2576
2370
2203
2111
1945
1769
1656
1662
1684
1736
1878
2021
2118
2209
2445
2778
3003
3184
3186
3099
2860
2593
2298
1968
1501
988
561
373
424
799
1487
2244
2814
3199
3480
3770
3983
3771
2848
1747
616
4
2
2
4
1
733
1852
3001
4095
4095
4095
4095
4095
4095
3800
2688
1552
576
1
3
3
1
1
271
1143
2137
3005
3693
4095
4095
4095
3756
3097
2330
1523
845
406
235
300
658
1295
2071
2840
3577
4095
4095
4095
4095
3720
2967
1986
1042
242
3
3
1
2
5
641
1561
2546
3447
4095
4095
4095
4095
4095
4095
3681
2821
1872
1069
468
11
0
2
1
163
483
897
1415
1922
2418
2973
3535
4000
4095
4095
4095
4095
3984
3375
2622
1682
658
3
2
3
1
2
3
51
945
2085
3279
4095
4095
4095
4095
4095
4095
4095
3318
2128
977
73
0
1
1
0
1
380
1212
2125
2871
3159
3419
3564
3582
3480
3292
3034
2683
2342
2004
1677
1380
1117
907
724
592
535
638
794
1038
1352
1752
2190
2588
3006
3426
3782
4022
4095
4095
4095
3922
3522
2968
2290
1520
738
1
2
1
1
2
1
2
1
446
1218
1988
2734
3451
4040
4095
4095
4095
4095
4095
4095
3901
3216
2387
1559
769
3
2
1
2
3
1
2
1
373
1268
2298
3351
4095
4095
4095
4095
4095
4095
4095
4095
3949
2954
1892
909
37
2
3
1
3
1
2
37
823
1798
2805
3742
4095
4095
4095
4095
4095
4095
4095
4095
3918
2849
1681
508
0
3
0
0
1
4
1
4
646
1972
3290
4095
4095
4095
4095
4095
4095
3
3
3
0
2
1
254
1266
2370
3443
4095
4095
4095
4095
4095
4095
4095
4095
4095
4015
2823
1496
213
3
2
2
3
2
2
2
1
768
2132
3405
4095
4095
4095
4095
4095
4095
4095
4030
3056
1992
931
2
2
4
3
1
3
1
2
458
1656
2967
4095
4095
4095
4095
4095
4095
4095
4095
4095
4065
2606
966
2
1
2
1
3
3
3
1
2
3
966
2732
4095
4095
4095
4095
4095
4095
4095
4095
4095
4095
4095
3491
1880
320
3
2
3
2
5
3
3
2
0
2
2
1166
2817
4095
4095
4095
4095
4095
4095
4095
4095
4095
4095
4095
4095
3039
1717
499
3
2
1
1
2
1
