2130
2121
2108
2121
2123
2120
2106
2096
2117
2107
2106
2123
2120
2107
2106
2114
2110
2099
2108
2114
2105
2094
2088
2095
2095
2086
2091
2085
2084
2102
2084
2081
2064
2080
2078
2056
2064
2055
2058
2043
2043
2054
2054
2041
2053
2054
2047
2035
2057
2064
2038
2033
2046
2056
2048
2053
2043
2061
2045
2063
2078
2071
2074
2082
2080
2083
2083
2076
2080
2087
2081
2086
2092
2099
2097
2076
2077
2078
2097
2080
2067
2073
2071
2071
2058
2066
2078
2073
2064
2077
2086
2083
2063
2076
2072
2095
2089
2112
2124
2114
2100
2121
2120
2108
2111
2122
2129
2115
2110
2121
2140
2112
2110
2114
2128
2123
2116
2111
2121
2128
2122
2113
2118
2131
2121
2129
2112
2118
2095
2099
2103
2103
2109
2131
2139
2113
2106
2114
2107
2099
2090
2090
2076
2067
2037
2035
2028
1992
1996
1986
1970
1983
1986
1986
1984
1986
1991
2003
2014
1998
2008
2035
2050
2056
2056
2083
2090
2087
2090
2094
2079
2056
2044
2048
2064
2051
2045
2066
2073
2072
2073
2090
2109
2126
2133
2141
2154
2178
2187
2193
2202
2210
2198
2212
2209
2177
2142
2136
2120
2094
2059
2052
2030
2000
1979
1977
1973
1969
1956
1971
1981
2002
1994
2034
2039
2052
2060
2077
2086
2093
2108
2110
2134
2130
2141
2140
2154
2152
2148
2148
2158
2160
2163
2162
2182
2190
2188
2183
2194
2196
2196
2221
2211
2219
2219
2218
2215
2223
2210
2186
2184
2190
2196
2177
2183
2188
2046
2056
2068
2081
2103
2118
2135
2144
2150
2152
2142
2150
2161
2167
2170
2164
2139
2113
2096
2090
2087
2074
2096
2112
2135
2166
2173
2175
2172
2177
2183
2195
2204
2225
2206
2178
2140
2102
2063
2005
1960
1954
1952
1960
1957
1963
1970
1980
1978
2002
2013
2026
2034
2036
2018
1975
1939
1904
1879
1861
1871
1887
1926
1968
2045
2115
2177
2224
2292
2357
2393
2426
2433
2416
2393
2351
2296
2255
2195
2143
2081
2027
1957
1888
1839
1814
1779
1781
1800
1815
1829
1831
1844
1875
1891
1928
2004
2102
2191
2266
2324
2362
2373
2376
2366
2387
2378
2378
2375
2367
2341
2295
2228
2182
2141
2093
2067
2071
2073
2074
2094
2098
2107
2102
2086
2057
2017
1983
1911
1900
1884
1906
1928
1972
2037
2094
2149
2212
2260
2286
2302
2326
2304
2276
2232
2173
2124
2062
2002
1963
1924
1897
1910
1926
1948
1997
2047
2122
2179
2244
2291
2314
2316
2308
2265
2215
2150
2082
2013
1917
1842
1776
1740
1707
1722
1763
1821
1922
2032
2132
2243
2326
2390
2435
2419
2388
2323
2238
2121
2034
1938
1852
1787
1768
1768
1787
1830
1893
1978
2043
2111
2163
2186
2215
2213
2203
2169
2129
2080
2055
2014
1991
1989
1994
2018
2053
2098
2139
2166
2187
2194
2167
2132
2096
2042
1997
1965
1962
1967
1995
2034
2101
2170
2221
2245
2273
2276
2246
2203
2145
2070
2021
1967
1942
1901
1921
1962
2015
2079
2158
2249
2327
2375
2394
2387
2357
2300
2260
2218
2156
2102
2099
2106
2118
2091
2022
1983
1988
2001
2021
2015
2032
2083
2164
2216
2256
2247
2237
2201
2152
2126
2120
2114
2092
2045
1986
1941
1945
1977
2017
1994
1962
1938
1976
2000
2018
2023
2036
2091
2152
2210
2224
2198
2143
2124
2112
2077
2033
2018
2012
2023
2038
2053
2028
2000
1950
1915
1861
1858
1857
1919
1954
1951
1954
1963
2007
2040
2062
2070
2120
2195
2296
2362
2417
2444
2470
2476
2477
2458
2406
2340
2275
2226
2148
2041
1945
1900
1853
1825
1824
1835
1855
1894
1959
2028
2104
2172
2271
2336
2371
2388
2404
2407
2384
2320
2220
2135
2072
1978
1909
1835
1756
1730
1731
1742
1768
1814
1898
2007
2128
2224
2290
2320
2361
2200
2235
2227
2205
2172
2095
2038
2032
2038
2057
2118
2199
2275
2324
2330
2309
2258
2165
2055
1979
1902
1859
1854
1908
2001
2093
2186
2278
2342
2360
2330
2289
2201
2090
1981
1915
1865
1841
1844
1892
1950
1999
2034
2086
2128
2134
2118
2122
2137
2126
2114
2109
2131
2145
2145
2180
2210
2212
2180
2165
2140
2100
2059
2007
1981
1970
1936
1943
1963
1991
2009
2032
2066
2079
2066
2051
2061
2062
2068
2119
2215
2299
2353
2412
2458
2461
2429
2339
2259
2139
1994
1853
1765
1704
1680
1714
1799
1898
1989
2065
2122
2128
2110
2092
2064
2039
2008
2008
2042
2062
2094
2128
2154
2176
2164
2140
2118
2098
2075
2066
2063
2094
2116
2144
2198
2259
2287
2314
2215
2210
2150
2019
1879
1798
1755
1696
1618
1619
1756
1948
2066
2105
2188
2330
2460
2508
2427
2277
2142
2031
1940
1876
1882
1998
2191
2320
2328
2278
2279
2325
2290
2144
1925
1794
1784
1850
1881
1894
1937
2105
2388
2629
2718
2601
2382
2202
2072
1968
1923
1915
1926
1967
2056
2158
2196
2129
2048
2026
2075
2160
2182
2118
1971
1848
1895
2109
2327
2444
2437
2362
2257
2132
2024
1934
1882
1842
1875
1977
2079
2146
2162
2115
2078
2120
2264
2436
2505
2420
2217
2014
1914
1893
1921
1919
1897
1845
1804
1841
1927
2018
2144
2289
2439
2572
2640
2618
2523
2364
2205
2087
1970
1821
1641
1494
1475
1583
1764
1958
2112
2246
2394
2570
2643
2520
2243
1984
1433
1652
1907
2147
2338
2461
2491
2468
2381
2242
2129
2000
1901
1828
1810
1813
1821
1846
1875
1907
1913
1934
1955
2001
2055
2149
2265
2390
2480
2543
2575
2530
2418
2251
2114
1945
1794
1696
1673
1709
1762
1849
1974
2087
2157
2220
2266
2283
2283
2285
2315
2307
2307
2286
2248
2187
2092
1966
1843
1741
1667
1649
1681
1796
1955
2147
2376
2605
2754
2823
2800
2646
2402
2062
1725
1422
1215
1124
1177
1378
1643
1959
2274
2544
2740
2803
2750
2588
2348
2070
1813
1623
1520
1531
1652
1868
2113
2332
2520
2616
2628
2554
2415
2252
2096
1970
1886
1840
1859
1909
2018
2148
2296
2409
2492
2522
2474
2350
2185
2016
1847
1692
1619
1624
1711
1871
2060
2276
1764
1749
1698
1720
1801
1996
2204
2363
2450
2490
2480
2415
2323
2192
2007
1778
1589
1518
1562
1672
1784
1856
1905
1998
2158
2374
2530
2618
2600
2471
2288
2108
1914
1750
1609
1528
1498
1509
1562
1662
1818
1965
2103
2224
2346
2497
2650
2715
2701
2637
2594
2591
2562
2442
2245
1944
1642
1420
1318
1279
1288
1304
1384
1554
1843
2210
2512
2728
2849
2952
3048
3098
2973
2633
2172
1744
1438
1316
1242
1186
1127
1152
1340
1710
2151
2564
2884
3108
3267
3360
3360
3229
2937
2505
2035
1674
1513
1502
1513
1471
1366
1302
1408
1744
2192
2536
2703
2736
2710
2708
2730
2716
2595
2373
2120
1944
1806
1684
1540
1420
1414
1565
1808
2120
2426
2628
2663
2566
1488
1350
1308
1343
1486
1697
1946
2194
2424
2594
2666
2619
2475
2263
2041
1814
1658
1582
1593
1666
1800
1992
2199
2414
2591
2710
2735
2640
2444
2200
1932
1688
1480
1342
1317
1366
1460
1585
1769
1948
2098
2206
2293
2302
2229
2138
2064
2016
2030
2101
2238
2366
2463
2523
2530
2491
2376
2268
2155
2033
1920
1853
1837
1846
1889
1974
2089
2199
2325
2413
2457
2461
2412
2321
2199
2038
1876
1739
1630
1560
1549
1595
1695
1841
2009
2200
2397
2605
2780
2903
2957
2939
2819
2600
2354
2054
1778
1561
1441
1412
1457
1582
1755
1978
2191
2377
2544
2637
2676
2634
2557
2424
2237
2031
1842
1677
1560
1509
1554
1674
1819
1994
2189
2370
2514
2619
2685
2679
2705
2858
2736
2441
2127
1933
1814
1758
1690
1626
1609
1638
1776
1968
2173
2382
2620
2836
2973
2989
2896
2752
2581
2394
2242
2110
2050
2094
2241
2342
2284
2031
1668
1379
1288
1421
1659
1837
1898
1894
1933
2088
2288
2423
2459
2453
2470
2515
2526
2396
2131
1856
1684
1725
1988
2276
2504
2580
2506
2296
2040
1864
1774
1752
1804
1872
1892
1804
1674
1604
1629
1773
2013
2301
2562
2742
2794
2738
2539
2223
1925
1742
1705
1772
1880
1901
1810
1644
1498
1461
1596
1860
2184
2454
2606
2608
2491
2365
2306
2300
2287
2220
2010
1728
1489
1386
1461
1614
1730
1796
1898
2094
2404
2804
3126
3251
3113
2783
2378
1950
1551
1264
1111
1122
1265
1484
1700
1871
7
2
3
188
960
1923
2885
3724
4095
4095
4095
3953
3206
2287
1347
548
29
2
50
567
1359
2222
3027
3658
4014
4024
3693
3121
2381
1628
981
599
538
787
1291
1997
2744
3401
3868
4078
3974
3553
2883
2037
1183
435
2
3
4
513
1350
2321
3276
4063
4095
4095
4095
3898
3047
2105
1176
427
4
3
94
588
1259
1996
2710
3302
3694
3870
3832
3564
3098
2499
1841
1252
774
520
509
730
1136
1658
2222
2770
3198
3497
3619
3532
3252
2857
2398
1928
1516
1212
1077
1085
1220
1436
1730
2029
2295
2486
2588
2609
2567
2469
2364
2285
2203
2141
2121
2120
2118
2116
2109
2104
2072
2048
2038
2040
2067
2084
2079
2039
1950
1851
4047
4095
4095
4095
4095
4095
4023
3672
3199
2607
1945
1301
742
312
57
2
1
78
284
575
995
1504
2093
2706
3306
3811
4095
4095
4095
4032
3601
3059
2433
1797
1164
588
86
1
2
1
1
2
4
509
1164
1854
2525
3157
3709
4095
4095
4095
4095
4095
4095
4095
3697
3080
2387
1672
1007
359
1
2
2
3
2
2
5
140
902
1785
2734
3707
4095
4095
4095
4095
4095
4095
4095
4095
3465
2264
1071
2
1
1
4
2
1
3
3
1
901
2379
3836
4095
4095
4095
4095
4095
4095
4095
4095
4095
3090
1640
237
3
1
0
0
3
1
1
0
1
735
2476
4077
4095
4095
4095
4095
4095
4095
4095
4
2
8
636
1466
2290
3004
3546
3837
3858
3633
3164
2595
1969
1398
969
753
741
954
1328
1810
2308
2795
3190
3479
3628
3604
3366
2932
2355
1733
1151
699
493
549
818
1278
1812
2346
2778
3066
3180
3142
2982
2709
2384
2036
1718
1448
1303
1270
1397
1660
2048
2461
2843
3101
3180
3068
2793
2367
1864
1361
896
582
461
564
921
1472
2150
2866
3530
4038
4095
4095
4042
3507
2752
1871
968
150
2
2
1
1
1
478
1559
2772
3931
4095
4095
4095
4095
4095
4095
3464
2194
920
2
3
1
1
1
3
3
717
2029
3345
4095
4095
4095
4095
4095
4095
4095
3624
2301
915
2
1
1
1
1
0
0
130
1442
3
1
2
0
1
2
1
2
2
1
0
132
1266
2353
3225
3837
4095
4095
3926
3500
2916
2282
1629
1013
447
3
2
1
2
3
0
3
1
3
331
921
1612
2403
3263
4095
4095
4095
4095
4095
4095
4095
4095
4095
4095
4095
4095
4095
4095
4095
4095
4095
2709
874
1
3
2
2
4
2
4
3
1
2
4
5
1
3
1
0
1258
3222
4095
4095
4095
4095
4095
4095
4095
4095
4095
4095
4095
4095
4095
4095
4095
4095
4095
2588
930
3
3
2
3
3
3
3
3
4
3
3
1
3
2
1
4
704
2028
3277
4095
4095
4095
4095
4095
4095
4095
4095
4095
4095
4095
4095
3684
2847
