2095
2092
2093
2100
2091
2098
2088
2095
2063
2092
2109
2093
2082
2090
2096
2098
2108
2108
2094
2105
2109
2092
2084
2098
2097
2098
2100
2097
2088
2082
2100
2101
2097
2083
2072
2085
2117
2108
2104
2097
2091
2093
2085
2107
2104
2079
2108
2087
2060
2099
2098
2096
2081
2075
2087
2085
2093
2088
2078
2057
2061
2090
2097
2095
2096
2092
2062
2091
2089
2104
2075
2072
2088
2086
2100
2112
2107
2106
2089
2086
2086
2085
2084
2095
2097
2100
2099
2107
2111
2094
2071
2099
2085
2103
2109
2099
2101
2092
2099
2096
2105
2106
2121
2111
2094
2093
2088
2092
2079
2074
2102
2108
2104
2100
2086
2107
2081
2079
2086
2082
2073
2115
2090
2096
2079
2072
2085
2091
2108
2107
2098
2113
2108
2107
2098
2109
2116
2121
2093
2094
2088
2107
2103
2112
2122
2085
2095
2080
2098
2121
2126
2127
2130
2120
2105
2105
2128
2124
2121
2125
2099
2084
2112
2113
2116
2120
2117
2093
2090
2067
2100
2105
2094
2105
2078
2081
2095
2088
2080
2093
2095
2111
2099
2076
2074
2092
2097
2080
2099
2084
2058
2078
2074
2095
2095
2076
2108
2094
2107
2084
2086
2093
2080
2057
2071
2090
2095
2121
2102
2077
2085
2078
2071
2068
2065
2071
2081
2086
2094
2092
2099
2082
2086
2080
2082
2092
2086
2094
2085
2094
2094
2090
2095
2100
2102
2087
2089
2101
2097
2092
2108
2104
2092
2089
2102
2091
2094
2095
2087
2113
2071
2083
2094
2074
2065
2093
2102
2093
2088
2092
2128
2117
2117
2141
2165
2154
2147
2171
2182
2162
2176
2166
2187
2164
2151
2143
2141
2136
2152
2125
2115
2119
2128
2123
2123
2104
2104
2096
2108
2102
2092
2076
2072
2055
2051
2058
2040
2016
2014
2011
1995
2001
2003
1987
2012
2011
2038
2033
2061
2059
2060
2077
2074
2072
2073
2077
2090
2106
2111
2116
2109
2104
2087
2090
2103
2102
2059
2058
2059
2053
2052
2049
2042
2045
2059
2069
2049
2049
2057
2064
2078
2101
2115
2120
2112
2091
2079
2088
2116
2099
2127
2122
2105
2118
2106
2108
2103
2133
2115
2101
2104
2136
2128
2104
2112
2109
2109
2096
2088
2099
2097
2085
2091
2112
2104
2093
2117
2122
2121
2098
2114
2121
2101
2105
2073
2052
2017
1979
1974
1974
2006
2035
2073
2125
2168
2184
2190
2174
2172
2196
2183
2197
2171
2161
2127
2126
2083
2059
2042
2008
2031
2032
2064
2082
2103
2093
2066
2023
1993
1973
1957
1960
1968
1973
2001
2039
2072
2075
2071
2100
2117
2136
2122
2149
2163
2168
2160
2182
2184
2176
2195
2171
2191
2173
2193
2186
2152
2131
2077
2036
1993
1944
1919
1894
1879
1872
1884
1897
1932
1939
1944
1952
1984
2006
2019
2065
2100
2173
2282
2313
2355
2385
2407
2385
2349
2334
2311
2310
2250
2237
2211
2147
2104
2045
2021
1983
1959
1936
1930
1939
1974
1977
1995
2009
2026
2046
2100
2117
2115
2160
2175
2189
2208
2204
2161
2138
2137
2121
2123
2109
2093
2083
2252
2276
2263
2238
2250
2231
2190
2171
2142
2099
2065
2037
2009
2000
1995
1986
2031
2070
2104
2118
2130
2107
2055
2013
2015
1991
1994
2028
2044
2077
2106
2130
2107
2092
2091
2094
2091
2130
2122
2084
2041
2014
1996
2017
2045
2104
2160
2211
2246
2241
2248
2259
2236
2240
2221
2194
2140
2086
2019
1963
1933
1935
1952
2012
2067
2086
2111
2131
2136
2176
2172
2207
2210
2183
2142
2095
2014
1950
1899
1886
1915
1960
1993
2034
2067
2108
2137
2176
2222
2248
2238
2187
2133
2065
2015
1985
1965
1965
1984
2015
2052
2087
2133
2176
2191
2239
2241
2239
2255
2241
2236
2232
2232
2180
2153
2108
2080
2024
1994
1945
1951
1965
1999
2060
2114
2156
2146
2123
2203
2133
2056
1966
1938
1928
1931
1878
1872
1916
1989
2022
2072
2081
2119
2120
2151
2199
2208
2187
2147
2102
2122
2143
2148
2140
2091
2025
2024
2040
2065
2077
2085
2052
2035
1990
2002
2010
2026
2068
2089
2117
2188
2265
2281
2262
2240
2193
2182
2145
2127
2051
1952
1841
1790
1820
1878
1968
2048
2102
2149
2170
2201
2212
2229
2216
2211
2196
2228
2314
2387
2376
2272
2131
1982
1864
1861
1944
2043
2102
2090
2029
1926
1868
1890
1966
2030
2072
2134
2117
2114
2077
2081
2072
2123
2159
2192
2212
2211
2194
2178
2159
2172
2154
2169
2154
2089
2022
1962
1917
1934
1989
2009
2006
2006
1999
1998
2048
2097
2177
2199
2190
2203
2209
2185
2183
2156
2107
2106
2148
2147
2117
2070
2017
1972
2005
2043
2116
2203
2261
2271
2216
2163
2106
2056
2008
1997
2001
2019
2044
2054
2103
2105
2135
2141
2144
2138
2116
2088
2062
2031
2051
2029
2071
2102
2110
2138
2168
2175
2179
2180
2172
2153
2171
2159
2122
2073
2051
1992
1924
1904
1928
1995
2059
2140
2194
2197
2204
2156
2101
2064
2054
2059
2049
2044
2024
2040
2034
2054
2066
2041
2018
1988
1997
2045
2117
2194
2258
2234
2188
2173
2163
2188
2214
2192
2136
2111
2138
2200
2248
2271
2190
2113
2048
2047
2080
2104
2090
2064
1992
2002
2022
2032
2021
1988
1957
1994
2068
2160
2218
2243
2216
2209
2232
2210
2179
2076
1965
1880
1864
1889
1971
2032
2054
2057
2046
2405
2387
2317
2244
2168
2060
1988
1907
1829
1796
1810
1821
1849
1948
2079
2238
2351
2449
2445
2349
2238
2106
1972
1894
1836
1836
1882
1965
2056
2135
2160
2197
2216
2196
2198
2174
2169
2106
2058
1999
1979
2010
2038
2125
2187
2328
2385
2374
2343
2271
2165
2028
1919
1852
1831
1832
1882
1961
2050
2146
2234
2274
2280
2213
2120
2027
1899
1818
1783
1834
1904
1974
2095
2227
2309
2369
2366
2345
2300
2198
2098
2000
1958
1920
1912
1956
2015
2112
2177
2238
2279
2293
2267
2226
2176
2108
2010
2008
1983
1987
2003
2031
2065
2098
2143
2155
2148
2170
2171
2165
2137
2099
2086
2110
2091
2084
2092
2104
2098
2079
2077
2069
2005
1992
2004
2021
1997
1988
1867
1830
1860
2008
2146
2255
2316
2317
2295
2247
2190
2087
2017
1979
2008
2040
2073
2055
1952
1892
1950
2128
2315
2472
2479
2416
2350
2304
2255
2175
2090
2000
2012
2024
2039
2018
1975
1981
2053
2150
2246
2246
2209
2158
2077
2027
2042
2073
2191
2248
2276
2189
1995
1783
1672
1671
1720
1809
1934
2115
2263
2281
2227
2069
1984
1994
2118
2238
2245
2174
2087
2018
1994
1961
1897
1869
1892
2004
2124
2185
2195
2233
2253
2274
2283
2264
2252
2231
2233
2163
2075
2050
2099
2186
2214
2180
2123
2139
2246
2318
2317
2251
2247
2252
2288
2214
1996
1753
1649
1691
1789
1846
1909
1959
2069
2237
2331
2334
2249
2145
2088
2108
2145
2100
2002
1852
1764
1759
2182
2276
2360
2412
2444
2454
2395
2287
2162
2069
1943
1815
1748
1737
1705
1741
1795
1848
1942
2048
2141
2228
2296
2354
2353
2379
2377
2354
2324
2247
2156
2022
1958
1911
1852
1836
1858
1904
1947
1984
2047
2067
2105
2091
2076
2042
2031
2020
1980
1998
2016
2074
2150
2232
2341
2400
2399
2383
2311
2180
2064
1949
1854
1775
1724
1715
1767
1835
1952
2015
2140
2238
2303
2355
2404
2432
2456
2451
2381
2252
2149
2005
1849
1721
1687
1702
1747
1850
2002
2152
2293
2403
2455
2453
2367
2241
2075
1883
1753
1697
1690
1738
1888
2086
2257
2375
2460
2483
2422
2230
2050
1868
1701
1631
1652
1783
1975
2165
2362
2544
2614
2582
2489
2308
2079
1832
1637
1534
2440
2495
2550
2597
2591
2462
2252
1997
1748
1606
1503
1462
1426
1465
1606
1841
2099
2326
2495
2612
2632
2581
2411
2139
1816
1569
1383
1340
1367
1435
1537
1755
2008
2229
2403
2505
2531
2499
2426
2332
2186
2036
1967
1928
1932
1992
2019
2068
2132
2264
2360
2402
2326
2223
2169
2104
2103
2023
1890
1753
1704
1823
2018
2189
2311
2374
2480
2555
2640
2594
2449
2184
1935
1766
1704
1714
1727
1777
1835
1925
2077
2263
2403
2474
2413
2262
2069
1962
1913
1824
1735
1688
1757
1900
2117
2317
2460
2555
2661
2696
2667
2558
2414
2270
2102
1913
1691
1509
1489
1611
1794
1978
2085
2162
2321
2518
2636
2640
2498
2287
2120
2006
1903
1784
1670
1571
1573
1666
1610
1584
1600
1699
1887
2158
2384
2630
2770
2770
2676
2448
2133
1838
1613
1438
1415
1489
1683
1945
2187
2378
2497
2547
2529
2464
2395
2274
2207
2110
2020
1937
1849
1824
1843
1888
1991
2107
2203
2272
2327
2320
2270
2219
2133
2063
2013
1974
1973
1970
2005
2014
2028
2056
2088
2141
2177
2237
2310
2384
2393
2396
2291
2124
1908
1727
1560
1498
1539
1718
1942
2188
2409
2542
2619
2637
2593
2517
2399
2258
2105
1902
1737
1628
1593
1582
1588
1646
1710
1830
1962
2121
2266
2400
2554
2625
2613
2546
2464
2307
2113
1945
1820
1711
1667
1613
1592
1612
1654
1754
1894
2087
2306
2478
2570
2577
2500
2388
2228
2072
1946
1860
1843
1844
1899
1916
1986
2116
1279
1235
1381
1624
1894
2056
2166
2256
2375
2511
2699
2832
2850
2756
2604
2369
2125
1922
1779
1722
1762
1881
1989
2077
2087
2005
1881
1766
1684
1665
1640
1661
1755
1910
2091
2319
2442
2507
2530
2567
2608
2719
2769
2801
2693
2512
2277
2007
1758
1547
1456
1427
1485
1571
1686
1806
1996
2177
2293
2305
2245
2197
2150
2197
2211
2110
1951
1774
1637
1567
1535
1528
1600
1656
1838
2061
2341
2642
2907
3151
3350
3371
3324
3188
2946
2669
2378
2082
1733
1487
1340
1265
1323
1469
1658
1851
2012
2160
2246
2259
2189
2095
1914
1689
1504
1357
1307
1380
1543
1745
1983
2260
2522
2723
2840
2857
2794
2669
2474
2183
1855
1604
1479
1539
1756
2055
2342
2548
4095
4095
4095
3911
3264
2495
1733
995
378
2
1
1
184
671
1308
1954
2570
3076
3405
3568
3568
3434
3157
2806
2431
2103
1879
1795
1822
1940
2060
2163
2209
2218
2135
1937
1707
1471
1252
1121
1049
1129
1263
1466
1688
1913
2128
2358
2612
2838
3068
3268
3389
3425
3360
3144
2750
2258
1712
1176
729
431
318
393
694
1150
1712
2336
2991
3624
4095
4095
4095
4095
4095
3532
2675
1719
778
0
0
2
1
1
0
311
1017
1765
2479
3123
3674
4095
4095
4095
4095
4095
4095
3928
3322
2587
1767
965
207
1
1
0
1
0
104
893
1825
2780
3669
4095
4095
4095
4095
4095
4095
3429
2379
1327
362
0
0
0
0
0
817
1143
1509
1961
2429
2852
3234
3497
3613
3600
3416
3095
2668
2149
1623
1141
743
478
360
388
615
931
1393
1936
2528
3080
3592
3999
4095
4095
4095
4095
3840
3313
2630
1799
913
1
2
0
0
1
1
2
6
987
2277
3521
4095
4095
4095
4095
4095
4095
4095
4095
3571
2268
929
1
2
0
1
1
1
2
0
366
1795
3255
4095
4095
4095
4095
4095
4095
4095
4095
2883
1418
5
1
0
1
0
0
1
0
439
1728
3076
4095
4095
4095
4095
4095
4095
4095
4095
3463
1877
319
1
1
1
0
0
0
0
306
1544
2775
3845
4095
4095
4095
4095
4095
4095
4095
3435
2304
1150
127
0
0
1
0
