2093
2104
2108
2095
2101
2092
2091
2084
2087
2087
2090
2091
2094
2105
2081
2088
2086
2092
2105
2096
2083
2096
2092
2087
2097
2106
2104
2101
2105
2098
2113
2110
2102
2104
2111
2118
2115
2098
2111
2108
2104
2097
2095
2097
2095
2084
2092
2104
2101
2092
2090
2103
2099
2086
2090
2091
2095
2100
2089
2097
2095
2104
2095
2102
2100
2101
2104
2090
2101
2087
2099
2082
2095
2089
2096
2090
2100
2096
2103
2102
2100
2108
2103
2110
2103
2092
2104
2096
2106
2114
2109
2104
2113
2106
2116
2126
2102
2114
2112
2118
2110
2117
2124
2131
2115
2115
2094
2100
2102
2106
2107
2112
2108
2110
2105
2109
2104
2114
2104
2102
2106
2098
2092
2098
2098
2096
2083
2086
2104
2092
2074
2085
2100
2099
2096
2110
2116
2113
2111
2131
2116
2113
2112
2126
2126
2117
2116
2115
2131
2117
2120
2109
2102
2110
2122
2117
2114
2108
2107
2110
2096
2102
2100
2104
2110
2114
2102
2115
2109
2109
2114
2094
2093
2104
2110
2117
2134
2129
2120
2120
2125
2130
2116
2114
2127
2116
2103
2111
2127
2124
2116
2096
2106
2118
2120
2122
2128
2126
2127
2141
2137
2129
2135
2132
2129
2149
2132
2135
2140
2129
2135
2132
2112
2117
2121
2113
2116
2129
2122
2129
2123
2122
2132
2125
2104
2108
2106
2106
2094
2104
2103
2120
2120
2132
2111
2102
2115
2109
2107
2105
2105
2110
2102
2092
2084
2102
2110
2113
2107
2102
2095
2093
2096
2097
2087
2084
1956
1956
1978
1992
1984
1987
1997
2008
2011
2003
2031
2037
2014
2035
2048
2053
2046
2073
2080
2102
2114
2121
2142
2170
2170
2178
2203
2214
2224
2230
2226
2246
2235
2247
2260
2264
2254
2284
2272
2296
2292
2297
2312
2320
2298
2289
2282
2282
2266
2271
2276
2263
2261
2265
2244
2237
2231
2224
2192
2164
2136
2107
2104
2075
2048
2030
2016
1995
2002
1987
1992
1972
1982
1989
1970
1956
1975
1963
1956
1942
1943
1956
1953
1946
1941
1947
1925
1935
1947
1946
1919
1928
1945
1939
1942
1956
1954
1960
1972
1988
1981
2011
2008
2011
2013
2023
2033
2052
2065
2080
2103
2110
2104
2110
2110
2110
2111
2129
2138
2126
2142
2166
2173
2177
2182
2191
2219
2235
2238
2273
2315
2328
2322
2296
2269
2239
2170
2102
2044
1983
1930
1882
1875
1848
1859
1881
1920
1977
2010
2077
2125
2193
2230
2269
2285
2300
2291
2291
2263
2239
2206
2172
2128
2092
2062
2046
2006
1995
1984
1974
1960
1967
1990
2022
2042
2069
2103
2134
2153
2180
2209
2226
2235
2218
2216
2182
2137
2095
2043
2001
1949
1913
1883
1842
1828
1843
1862
1884
1936
1999
2058
2138
2205
2272
2331
2382
2409
2426
2418
2374
2332
2272
2201
2113
2029
1966
1888
1830
1798
1776
1765
1784
1803
1858
1915
1987
2052
2109
2167
2235
2255
2275
2308
2316
2334
2296
2279
2254
2230
2178
2149
2111
2073
2043
2013
1991
1976
1962
1967
1970
1966
1985
2016
2025
2044
2060
1731
1681
1669
1670
1728
1828
1959
2106
2245
2359
2414
2428
2395
2327
2220
2138
2072
2007
1976
1935
1911
1896
1897
1927
1990
2072
2152
2195
2200
2154
2100
2038
1998
2015
2092
2175
2242
2283
2253
2196
2081
1961
1859
1806
1752
1761
1782
1829
1874
1931
2022
2136
2243
2330
2375
2377
2345
2290
2243
2224
2229
2262
2282
2304
2294
2291
2271
2236
2192
2128
2043
1944
1837
1738
1702
1704
1784
1918
2046
2156
2237
2247
2252
2241
2217
2190
2166
2166
2143
2099
2054
2015
2001
2005
2029
2072
2108
2142
2148
2147
2136
2085
2043
1984
1954
1954
1999
2076
2176
2265
2352
2373
2323
2230
2100
1958
1826
1689
1622
1617
1649
1734
1849
1981
2109
2239
2326
2383
2292
2320
2289
2272
2214
2134
2043
1938
1847
1778
1769
1805
1876
1980
2095
2207
2278
2317
2324
2286
2220
2118
2034
1979
1948
1916
1910
1898
1898
1901
1927
2006
2081
2186
2301
2407
2472
2512
2488
2424
2324
2181
2043
1919
1849
1823
1814
1849
1881
1912
1914
1923
1928
1960
2048
2164
2299
2431
2524
2587
2577
2502
2383
2227
2071
1921
1814
1749
1717
1712
1754
1794
1828
1850
1881
1907
1927
1994
2072
2176
2296
2413
2485
2495
2469
2368
2219
2057
1892
1746
1668
1657
1700
1803
1954
2114
2282
2411
2493
2563
2538
2476
2356
2187
2020
1870
1726
1630
1579
1605
1680
1806
1956
2120
2264
2404
2482
2538
2549
2513
2455
2371
2238
2123
2007
1876
1779
1717
2217
2050
1910
1842
1839
1925
2026
2135
2205
2261
2266
2234
2170
2116
2074
2043
2025
2007
2005
2009
1987
1957
1950
1900
1848
1817
1787
1767
1768
1755
1754
1780
1823
1939
2112
2317
2520
2670
2700
2616
2421
2124
1808
1579
1457
1464
1573
1718
1886
2012
2107
2166
2192
2173
2130
2061
1980
1919
1925
1992
2099
2222
2313
2356
2339
2264
2167
2107
2048
2028
2052
2076
2133
2189
2258
2292
2302
2242
2116
1957
1797
1658
1566
1528
1510
1551
1640
1772
1913
2086
2232
2339
2384
2400
2419
2437
2485
2530
2560
2532
2500
2440
2368
2296
2215
2138
2040
1908
1810
1754
1732
1778
1812
1880
1968
2046
2150
2289
2398
2464
2501
2482
2473
2450
2446
2450
2458
2406
2000
1957
1918
1892
1880
1855
1884
1934
2023
2144
2261
2349
2407
2425
2372
2306
2181
2053
1954
1843
1794
1795
1848
1934
2096
2284
2470
2623
2713
2696
2616
2434
2234
2028
1845
1716
1618
1606
1654
1718
1834
1925
2021
2114
2188
2240
2293
2321
2334
2342
2308
2235
2173
2114
2023
1976
1971
1977
2020
2073
2140
2178
2192
2193
2177
2121
2071
2007
1939
1877
1824
1797
1811
1854
1939
2052
2184
2317
2443
2535
2569
2521
2437
2310
2112
1950
1794
1679
1626
1630
1704
1821
1958
2131
2280
2396
2482
2512
2491
2432
2318
2179
2028
1872
1725
1641
1592
1587
1642
1750
1908
2075
2234
2362
2466
2528
2552
2541
2487
2405
2337
2249
2176
2096
2009
1970
1896
1843
2340
2099
1855
1668
1555
1518
1514
1583
1655
1771
1842
1968
2090
2228
2328
2371
2353
2270
2176
2110
2086
2091
2106
2050
1967
1856
1758
1727
1744
1783
1822
1887
2024
2242
2499
2695
2712
2563
2266
1956
1733
1652
1680
1746
1814
1894
2087
2328
2576
2721
2694
2508
2318
2229
2283
2390
2451
2360
2163
1950
1786
1711
1646
1579
1509
1519
1744
2129
2550
2866
2982
2959
2869
2809
2778
2680
2504
2253
2005
1812
1682
1615
1546
1503
1473
1532
1692
1896
2122
2318
2452
2540
2563
2554
2532
2526
2536
2527
2496
2401
2226
1984
1736
1517
1376
1360
1433
1589
1736
1901
2108
2325
2505
2594
2552
2444
2346
2326
2373
2393
2360
2211
2019
1838
1709
1598
1482
1453
1584
1701
1874
2052
2201
2338
2430
2492
2521
2516
2481
2402
2297
2173
2005
1841
1716
1643
1622
1675
1785
1927
2064
2192
2288
2325
2326
2270
2207
2116
2052
1995
1972
1997
2036
2079
2128
2150
2167
2165
2155
2164
2186
2209
2244
2256
2265
2232
2172
2083
1964
1868
1804
1791
1817
1922
2051
2193
2341
2438
2474
2465
2367
2257
2103
1936
1802
1720
1694
1717
1819
1936
2087
2235
2348
2436
2475
2481
2450
2385
2285
2140
2003
1857
1748
1672
1650
1695
1781
1899
2026
2152
2256
2305
2313
2274
2207
2106
1998
1899
1832
1812
1848
1949
2098
2271
2433
2571
2649
2656
2602
2477
2318
2134
1944
1762
1609
1505
1449
1489
1600
1795
2040
2285
2499
2641
2688
2673
2330
2455
2501
2447
2242
1993
1779
1642
1620
1667
1740
1824
1890
1978
2094
2198
2225
2154
2003
1848
1734
1737
1850
2084
2366
2644
2842
2948
2936
2833
2632
2335
1997
1654
1375
1201
1198
1365
1638
1904
2093
2184
2198
2216
2235
2318
2439
2531
2582
2586
2597
2612
2660
2635
2486
2172
1720
1300
1006
952
1103
1362
1604
1794
1949
2143
2397
2632
2800
2733
2442
2087
1830
1770
1884
2118
2332
2451
2512
2561
2597
2525
2315
1941
1513
1172
1064
1223
1599
2062
2492
2806
2953
2931
2745
2415
2041
1726
1541
1553
1762
2067
2345
2576
2723
2745
2620
2351
1980
1647
1500
1587
1902
2276
2592
2720
2656
2442
2112
1725
1263
864
695
838
1343
2124
2948
3589
1862
1726
1620
1550
1559
1656
1826
2051
2317
2572
2794
2924
2976
2898
2744
2493
2207
1894
1622
1390
1256
1202
1239
1349
1500
1672
1834
2010
2160
2306
2436
2575
2680
2763
2796
2779
2674
2512
2290
2044
1803
1584
1442
1394
1448
1591
1781
2007
2219
2384
2488
2510
2482
2432
2347
2299
2262
2270
2323
2392
2486
2554
2592
2547
2454
2276
2062
1831
1638
1471
1383
1366
1437
1601
1809
2074
2363
2611
2796
2894
2856
2702
2427
2102
1768
1476
1272
1197
1243
1406
1634
1929
2236
2527
2776
2961
3052
3035
2912
2693
2392
2044
1670
1359
1104
985
962
1069
1312
1600
1922
2226
2464
2631
2700
2686
2620
2473
2326
2184
2049
1957
1900
1879
1881
1926
1970
2033
1768
1950
2031
2062
2060
2110
2196
2344
2520
2688
2826
2871
2828
2755
2662
2618
2603
2586
2584
2544
2482
2380
2208
1924
1556
1112
670
321
185
321
817
1611
2596
3581
4095
4095
4095
4095
3912
3064
2189
1440
867
556
529
805
1270
1849
2353
2634
2597
2224
1658
1021
577
444
699
1323
2148
3000
3738
4095
4095
4095
4022
3406
2607
1786
1036
531
324
416
733
1162
1541
1785
1856
1828
1725
1621
1522
1486
1540
1688
1953
2343
2818
3262
3609
3814
3858
3757
3530
3124
2574
1914
1327
855
633
688
927
1275
1607
1822
1989
2140
2330
2449
2454
2294
1996
1716
1619
1853
2364
2971
3408
3588
3529
3352
3144
2928
2674
2294
1748
1131
626
420
959
1217
1526
1870
2216
2504
2711
2824
2868
2808
2702
2550
2358
2184
2018
1912
1848
1866
1911
2028
2180
2357
2540
2697
2787
2816
2724
2510
2207
1807
1391
970
633
419
345
439
703
1105
1616
2223
2838
3423
3928
4095
4095
4095
3933
3381
2677
1900
1135
448
1
2
3
1
124
683
1368
2120
2853
3500
4018
4095
4095
4095
3885
3390
2756
2113
1527
1032
691
527
546
724
1042
1484
1965
2468
2896
3240
3417
3434
3261
2907
2459
1931
1394
944
607
429
461
671
1062
1599
2202
2810
3371
3796
4038
4095
3959
3583
3045
2358
1587
820
128
1
1
1
1
676
1679
2782
3832
4095
4095
4095
4095
4095
4001
3066
2036
1040
170
0
4095
4095
4062
3664
3181
2660
2161
1676
1274
953
672
467
317
211
157
194
301
487
750
1074
1432
1804
2188
2580
2993
3424
3853
4095
4095
4095
4095
4095
4095
4095
4048
3406
2660
1837
1014
190
2
2
1
1
2
0
2
16
1004
2234
3422
4095
4095
4095
4095
4095
4095
4095
4095
3771
2942
2126
1322
611
2
3
4
2
3
1
232
856
1550
2201
2765
3202
3482
3642
3678
3612
3495
3334
3134
2893
2633
2380
2135
1970
1909
1970
2098
2240
2378
2435
2379
2245
2020
1736
1433
1130
825
544
265
26
1
1
2
3
331
831
1472
2190
2916
3610
4095
4095
4095
4095
4095
4095
4095
4095
4095
3705
2924
2078
1257
492
