2075
2088
2114
2086
2076
2107
2117
2103
2089
2103
2106
2095
2083
2092
2101
2073
2056
2095
2110
2075
2072
2090
2114
2105
2082
2101
2094
2104
2076
2114
2088
2090
2077
2097
2125
2088
2085
2088
2119
2106
2087
2094
2119
2101
2089
2095
2115
2100
2070
2056
2107
2112
2072
2062
2091
2094
2085
2077
2106
2098
2073
2063
2092
2120
2088
2081
2105
2116
2097
2100
2111
2100
2086
2092
2077
2111
2098
2053
2095
2111
2069
2072
2102
2118
2094
2081
2109
2128
2087
2077
2095
2113
2078
2053
2100
2103
2113
2082
2097
2100
2088
2085
2114
2102
2086
2071
2098
2121
2110
2072
2078
2098
2115
2071
2079
2100
2088
2075
2091
2108
2086
2084
2090
2102
2092
2067
2071
2087
2102
2128
2125
2092
2085
2111
2122
2096
2093
2110
2143
2118
2074
2113
2115
2093
2066
2093
2114
2089
2085
2107
2127
2116
2101
2136
2125
2106
2083
2112
2138
2113
2088
2111
2133
2124
2078
2100
2134
2133
2100
2086
2074
2101
2066
2088
2083
2113
2068
2078
2085
2080
2048
2060
2099
2085
2046
2048
2062
2076
2024
2043
2076
2085
2073
2075
2101
2106
2058
2024
2082
2116
2065
2078
2098
2089
2059
2074
2096
2101
2051
2063
2076
2094
2077
2083
2057
2077
2065
2044
2056
2065
2080
2082
2095
2091
2070
2067
2072
2066
2064
2038
2086
2095
2075
2063
2071
2087
2084
2055
2085
2087
2079
2053
2074
2092
2087
2084
2104
2104
2093
2097
2107
2124
2121
2071
2090
2118
2099
2114
2116
2086
2102
2108
2091
2076
2066
2094
2076
2070
2060
2099
2109
2097
2089
2104
2101
2070
2069
2096
2128
2078
2053
2093
2109
2057
2036
2079
2090
2052
2041
2067
2086
2067
2044
2072
2073
2051
2027
2051
2070
2051
1999
2064
2068
2061
2006
2028
2058
2043
2014
2034
2074
2060
2017
2031
2064
2032
1996
2009
2062
2043
2000
2053
2038
2040
2007
2035
2058
2065
2013
2031
2052
2045
2034
2076
2106
2082
2055
2050
2087
2082
2070
2059
2065
2069
2054
2085
2095
2103
2069
2095
2113
2127
2096
2076
2100
2148
2098
2070
2121
2153
2119
2098
2132
2145
2120
2110
2122
2139
2118
2086
2125
2157
2149
2105
2120
2147
2142
2116
2122
2141
2144
2105
2117
2129
2033
2030
2021
2016
2020
2017
2001
1990
2032
2057
2033
2014
2040
2069
2082
2050
2086
2104
2082
2066
2103
2114
2113
2072
2103
2122
2109
2081
2122
2162
2149
2111
2118
2135
2152
2121
2126
2164
2177
2139
2128
2167
2143
2130
2134
2168
2149
2142
2148
2145
2168
2144
2145
2180
2202
2150
2166
2176
2200
2169
2175
2189
2185
2157
2127
2146
2158
2142
2111
2116
2110
2086
2064
2070
2060
2057
2052
2059
2070
2032
2005
2029
2053
2007
1983
2023
2036
1998
1977
1998
2024
2001
1996
2020
2051
2071
2040
2069
2091
2080
2047
2078
2124
2124
2079
2104
2136
2136
2093
2103
2157
2172
2125
2147
2177
2190
2163
2165
2172
2142
2153
2159
2124
2104
2108
2078
2114
2108
2036
2018
1981
1955
1993
2006
1999
2001
2012
2045
2036
2037
2086
2128
2124
2110
2144
2175
2143
2121
2150
2169
2156
2158
2153
2177
2153
2135
2146
2168
2148
2093
2117
2111
2106
2080
2091
2082
2080
2054
2059
2056
2034
2023
2013
2029
2050
2053
2070
2110
2100
2068
2086
2133
2133
2100
2124
2137
2123
2105
2094
2104
2100
2057
2084
2070
2059
2006
2050
2050
2076
2048
2042
2090
2106
2089
2097
2129
2158
2119
2121
2143
2132
2100
2086
2108
2108
2078
2070
2075
2064
2064
2040
2066
2096
2110
2080
2086
2122
2106
2076
2086
2128
2111
2111
2119
2114
2082
2059
2075
2103
2080
2070
2095
2147
2156
2113
2141
2190
2187
2137
2134
2117
2113
2057
2026
2003
2005
2078
2151
2238
2232
2247
2254
2277
2242
2199
2205
2239
2206
2140
2083
2014
1910
1817
1807
1881
1896
1961
2056
2153
2197
2220
2272
2287
2266
2158
2099
2037
2005
1967
2015
2017
1982
1949
1920
1887
1908
1941
2002
2090
2153
2129
2148
2195
2196
2199
2245
2301
2324
2268
2220
2174
2119
2075
2026
2036
2001
1952
1946
2021
2077
2082
2104
2122
2105
2018
1988
2032
2109
2130
2191
2219
2233
2166
2092
2085
2071
2040
2016
1997
1998
1959
1923
1953
2017
2064
2067
2096
2104
2125
2103
2150
2223
2233
2208
2184
2174
2148
2122
2142
2110
2064
1993
1934
1940
1981
2027
2104
2202
2294
2322
2342
2366
2333
2220
2140
2038
1994
1968
1998
2034
2087
2074
2054
1997
2142
2100
2111
2140
2153
2208
2185
2176
2104
2045
1990
1937
1876
1866
1947
1977
2013
2103
2193
2252
2215
2236
2203
2168
2086
2023
1993
1992
1964
1978
2019
2031
2028
2007
2001
2033
2010
2054
2138
2216
2203
2238
2239
2234
2190
2112
2103
2081
2018
1987
1974
1978
1926
1930
1946
2022
2057
2122
2177
2240
2224
2179
2146
2136
2060
1999
1974
1981
2003
1979
1983
2021
2013
1981
2039
2101
2121
2120
2154
2210
2199
2197
2210
2209
2215
2144
2125
2097
2081
2029
1996
2025
2021
2000
2009
2081
2105
2118
2106
2157
2157
2161
2151
2186
2200
2157
2152
2136
2131
2097
2039
2086
2085
2049
2050
2085
2130
2115
2132
2137
2146
2121
2107
2096
2109
2062
2033
2023
2474
2385
2349
2297
2195
2127
2068
2000
1927
1895
1930
2008
2073
2131
2192
2214
2207
2202
2258
2278
2273
2215
2187
2144
2074
2025
2007
1969
1867
1761
1739
1757
1770
1882
2032
2230
2328
2407
2472
2475
2402
2288
2176
2063
1939
1881
1851
1873
1857
1845
1859
1873
1866
1899
1988
2083
2144
2191
2294
2402
2443
2436
2403
2300
2092
1953
1838
1830
1832
1814
1817
1824
1787
1769
1848
1945
2029
2051
2128
2199
2239
2279
2325
2352
2285
2125
2029
1957
1925
1926
2012
2083
2140
2126
2142
2196
2240
2264
2257
2282
2284
2206
2177
2179
2125
2069
2032
2057
2079
2115
2171
2248
2321
2330
2305
2264
2234
2145
2119
2092
2124
2079
2065
2071
2060
1970
1961
1938
2129
2169
2209
2199
2184
2187
2196
2145
2075
2056
2040
1998
1986
2032
2032
2055
2066
2127
2198
2225
2240
2253
2304
2282
2206
2197
2170
2114
2031
2026
2004
2009
1964
1990
2003
2026
2024
2087
2139
2143
2145
2144
2163
2149
2100
2072
2087
2060
2026
2015
2038
2057
2024
2056
2090
2119
2060
2072
2103
2115
2063
2038
2038
2050
1998
2005
2055
2067
2051
2099
2137
2171
2197
2172
2170
2187
2161
2151
2128
2116
2080
2038
2042
2019
1999
1946
1950
1976
1979
1962
2001
2048
2028
2048
2127
2207
2214
2247
2298
2336
2300
2276
2235
2218
2154
2077
2052
2051
2039
2029
2084
2154
2180
2180
2218
2272
2267
2195
2187
2158
2096
1986
1929
1908
1902
1856
1906
1938
2118
2055
1957
1978
2056
2156
2275
2365
2387
2354
2341
2355
2276
2091
1881
1760
1719
1763
1847
1970
2065
2093
2128
2203
2250
2228
2191
2199
2167
2144
2101
2031
1906
1795
1724
1739
1759
1793
1881
2014
2183
2256
2291
2304
2297
2224
2171
2180
2159
2086
2045
2038
2050
1962
1892
1861
1894
1912
1984
2114
2268
2333
2383
2432
2407
2322
2183
2083
2043
1993
1950
2023
2106
2132
2108
2087
2079
2066
2016
2006
2041
2018
2006
2010
2067
2016
1972
1907
1928
1916
1932
2006
2095
2178
2219
2310
2424
2401
2316
2219
2152
2106
2037
2024
2028
2044
2094
2132
2216
2241
2182
2144
2164
2197
2209
2202
2177
2147
2108
2058
2063
1973
1816
1692
1703
1777
1846
1907
2528
2459
2319
2131
1998
1826
1726
1687
1767
1876
2060
2267
2475
2584
2589
2541
2409
2212
1944
1662
1498
1399
1379
1463
1659
1947
2229
2473
2724
2884
2894
2770
2594
2331
2041
1746
1541
1417
1372
1467
1658
1888
2123
2305
2502
2628
2644
2535
2410
2282
2043
1859
1766
1757
1781
1814
1890
2013
2137
2206
2247
2316
2331
2263
2161
2104
1986
1888
1834
1898
1953
2010
2126
2225
2268
2267
2235
2203
2150
2066
2017
1993
1973
1982
1988
2069
2153
2223
2273
2322
2332
2323
2239
2178
2086
2002
1918
1907
1880
1869
1833
1886
1982
2063
2139
2188
2205
2206
2197
2214
2186
2164
2125
2130
2159
2155
2107
2120
2124
2094
2084
2093
2106
2074
2062
2085
2073
2076
2468
2369
2184
1968
1821
1802
1829
1864
1871
1909
1951
2008
2167
2332
2433
2458
2478
2473
2384
2214
2042
1986
1912
1847
1772
1678
1614
1668
1828
2059
2244
2299
2320
2383
2448
2356
2245
2104
1950
1812
1719
1788
1851
1903
1948
2044
2220
2385
2526
2625
2645
2536
2285
2127
2032
1950
1817
1688
1567
1508
1557
1789
2054
2226
2301
2372
2487
2604
2642
2587
2462
2272
2062
1919
1830
1772
1686
1632
1692
1770
1887
2061
2216
2353
2430
2465
2481
2466
2350
2180
2010
1882
1776
1703
1676
1691
1706
1794
1917
2127
2296
2391
2480
2517
2508
2451
2384
2297
2113
1947
1837
1767
1739
1731
1807
1915
2014
2156
2304
2436
2519
2514
2500
2444
2318
2166
2026
1935
1831
1753
1718
1707
1704
1812
1915
2000
2045
2110
2200
2232
2217
2241
2249
2205
2113
2093
2045
2012
1991
2014
2076
2158
2241
2324
2454
2494
2459
2376
2284
2158
1979
1820
1718
1661
1576
1563
1618
1693
1782
1919
2136
2338
2531
2662
2786
2816
2723
2563
2359
2142
1862
1609
1472
1388
1338
1328
1431
1565
1764
1949
2226
2467
2668
2754
2808
2751
2602
2386
2197
2008
1896
1822
1850
1946
2035
2101
2171
2187
2163
2131
2102
2061
2007
1943
1918
1884
1889
1917
2002
2152
2278
2401
2550
2659
2618
2514
2372
2163
1949
1768
1672
1677
1730
1816
1917
2021
2030
1981
1925
1918
1894
1901
1956
2091
2211
2314
2388
2487
2497
2439
2348
2262
2153
2032
1918
1862
2848
3033
3073
2972
2794
2550
2270
2035
1883
1869
1900
1963
2007
1997
1896
1776
1725
1764
1872
1960
1981
2024
2012
1952
1892
1888
1864
1790
1714
1686
1721
1844
2010
2261
2485
2636
2692
2698
2696
2635
2544
2456
2331
2162
2027
1980
1955
1953
1982
2070
2162
2270
2359
2429
2493
2496
2503
2482
2420
2219
1956
1692
1452
1234
1072
1013
1028
1074
1196
1415
1716
1998
2240
2443
2589
2652
2639
2600
2520
2445
2368
2216
2129
1993
1812
1700
1740
1871
2041
2302
2604
2842
2980
3005
3042
2944
2831
2686
2570
2407
2208
2014
1848
1758
1736
1835
1967
2118
2230
2280
2286
2257
2168
2041
1914
1774
1579
1389
1233
1091
964
871
881
1049
1276
1549
1851
2096
2032
2160
2346
2458
2568
2638
2715
2718
2630
2490
2266
2033
1769
1523
1342
1261
1257
1326
1501
1755
1996
2236
2465
2630
2674
2684
2621
2556
2395
2210
2110
2028
1986
1931
1986
2080
2145
2197
2252
2308
2273
2136
1969
1780
1577
1360
1264
1307
1430
1616
1908
2260
2640
2973
3226
3401
3447
3316
3058
2713
2227
1720
1224
823
564
442
496
777
1165
1629
2146
2702
3158
3519
3725
3795
3703
3425
2996
2532
1994
1424
928
555
330
250
358
691
1169
1668
2231
2769
3232
3539
3760
3854
3795
3521
3120
2650
2166
1634
1179
883
685
626
703
964
1339
1731
2156
2517
2833
3039
3103
3086
2984
2775
2484
2188
1960
1746
1599
1518
1539
1599
1683
1801
