2055
2065
2056
2062
2077
2075
2074
2100
2082
2090
2082
2090
2090
2080
2111
2101
2103
2118
2129
2138
2120
2128
2136
2150
2147
2136
2124
2124
2130
2125
2121
2126
2102
2109
2098
2101
2096
2092
2081
2087
2103
2072
2061
2086
2086
2073
2065
2064
2066
2057
2051
2045
2043
2053
2054
2042
2038
2060
2066
2072
2065
2060
2057
2071
2073
2079
2073
2079
2056
2072
2082
2092
2106
2112
2115
2112
2124
2141
2147
2146
2152
2162
2168
2170
2166
2176
2159
2170
2177
2177
2176
2174
2162
2156
2176
2155
2167
2175
2167
2168
2164
2159
2154
2145
2146
2141
2151
2143
2146
2143
2146
2128
2149
2148
2145
2144
2138
2152
2151
2145
2153
2155
2168
2162
2162
2155
2167
2145
2279
2294
2296
2294
2286
2279
2269
2265
2255
2217
2216
2215
2202
2189
2193
2196
2199
2186
2168
2166
2153
2125
2094
2106
2104
2068
2063
2081
2089
2064
2060
2048
2027
2005
1984
1977
1974
1940
1950
1967
1969
1980
1997
2006
2012
2029
2024
2024
2038
2029
2046
2071
2084
2092
2082
2085
2090
2074
2033
2028
2023
2009
1999
2013
2018
2007
2010
2002
2037
2021
2010
2027
2020
2020
2022
2038
2066
2076
2060
2061
2108
2118
2117
2124
2152
2152
2122
2146
2143
2133
2126
2130
2145
2155
2167
2168
2181
2196
2212
2217
2237
2253
2237
2242
2266
2284
2258
2245
2229
2229
2202
2164
2162
2153
2117
2110
2101
2085
2056
2028
2040
2031
2004
1999
2001
1997
2004
2005
2428
2421
2362
2283
2206
2128
2068
2007
1964
1941
1923
1937
1948
1976
2011
2020
2044
2067
2095
2114
2147
2172
2206
2241
2256
2268
2292
2289
2248
2216
2156
2102
2038
1972
1919
1886
1864
1867
1899
1942
1994
2055
2106
2162
2205
2226
2245
2258
2240
2230
2236
2216
2207
2197
2214
2207
2189
2185
2150
2113
2086
2044
1998
1971
1938
1935
1947
1974
2000
2061
2100
2142
2172
2184
2213
2220
2220
2207
2200
2174
2152
2140
2143
2138
2108
2091
2056
2034
1978
1944
1917
1902
1892
1880
1909
1960
2000
2036
2100
2140
2169
2185
2190
2198
2188
2187
2181
2171
2176
2176
2191
2211
2221
2243
2246
2213
2174
2138
2077
2032
1976
1920
1893
1883
1890
1896
1925
1993
2185
2192
2222
2242
2254
2245
2230
2226
2237
2248
2270
2312
2319
2282
2253
2195
2134
2089
2078
2068
2063
2018
1983
1951
1931
1929
1962
2026
2085
2153
2222
2302
2341
2362
2368
2324
2216
2059
1896
1768
1673
1668
1734
1845
1977
2096
2214
2308
2417
2535
2644
2728
2769
2762
2718
2648
2570
2472
2328
2158
1943
1739
1558
1464
1440
1468
1538
1602
1652
1711
1775
1866
1992
2125
2274
2394
2480
2547
2576
2589
2551
2468
2366
2263
2140
2052
1986
1968
1952
1921
1896
1860
1856
1870
1903
1970
2032
2087
2117
2157
2213
2252
2267
2263
2235
2176
2102
2032
1987
1974
1958
1921
1918
1890
1859
1860
1916
2023
2132
2229
2284
2277
2223
2165
2101
2052
1988
1922
1992
1989
2008
2061
2139
2194
2229
2210
2164
2092
2058
2036
2032
2060
2092
2135
2155
2181
2198
2200
2191
2158
2144
2140
2169
2225
2310
2383
2421
2416
2377
2300
2207
2125
2076
2016
1962
1922
1864
1808
1746
1746
1774
1822
1898
2000
2103
2177
2242
2285
2295
2280
2232
2182
2099
2004
1922
1845
1793
1773
1778
1800
1863
1905
1974
2052
2140
2244
2357
2477
2563
2630
2647
2612
2523
2410
2261
2114
1976
1879
1807
1759
1766
1798
1852
1911
1993
2088
2162
2240
2313
2361
2364
2333
2271
2184
2064
1969
1865
1779
1738
1744
1792
1856
1989
2113
2219
2307
2371
2399
2378
2326
2276
2197
2130
2071
2028
1960
1925
1920
1883
1870
1869
1917
1966
2015
2085
2168
2074
1959
1892
1828
1835
1885
1940
1951
1936
1918
1862
1823
1816
1881
1999
2156
2339
2508
2630
2656
2611
2518
2352
2178
2022
1882
1777
1698
1663
1659
1672
1723
1800
1907
2054
2196
2317
2387
2402
2332
2208
2064
1905
1802
1721
1742
1824
1922
2024
2083
2082
2043
1975
1948
1934
1971
2071
2169
2298
2367
2408
2396
2340
2262
2174
2093
2015
1932
1839
1765
1704
1659
1665
1726
1846
2015
2187
2347
2486
2563
2607
2613
2573
2530
2468
2380
2262
2162
2078
2016
1990
2010
2024
2033
2036
2080
2122
2178
2228
2246
2227
2152
2041
1942
1869
1827
1800
1788
1786
1800
1846
1967
2156
2364
2565
2679
2701
2607
2456
2331
2223
2166
2140
2089
2041
1976
1944
1924
1932
1924
1884
1879
1902
2014
2195
2348
2421
2420
2326
2146
1939
1810
1764
1828
1952
2083
2167
2165
2099
2067
2100
2223
2376
2483
2484
2336
2122
1858
1670
1564
1583
1686
1892
2165
2403
2571
2636
2569
2373
2150
1957
1839
1783
1784
1800
1822
1815
1784
1796
1873
1949
2006
2061
2147
2255
2382
2512
2637
2694
2598
2433
2224
2025
1854
1752
1712
1691
1703
1733
1784
1911
2038
2180
2316
2432
2491
2491
2449
2390
2268
2117
1998
1915
1880
1877
1925
2003
2045
2072
2110
2143
2185
2204
2237
2262
2244
2193
2126
2091
2039
1993
1979
1987
1988
2012
2062
2154
2270
2369
2425
2444
2389
2248
2081
1895
1730
1647
1616
1671
1787
1946
2112
2288
2419
2526
2563
2424
2501
2517
2488
2411
2284
2104
1855
1574
1365
1259
1287
1454
1699
1937
2147
2296
2403
2476
2526
2543
2500
2422
2343
2296
2318
2360
2388
2356
2236
2069
1916
1812
1771
1753
1735
1724
1752
1856
2084
2374
2612
2741
2709
2562
2430
2364
2344
2335
2278
2150
1992
1864
1811
1849
1909
1880
1809
1740
1760
1905
2141
2325
2392
2349
2251
2181
2160
2172
2180
2079
1924
1782
1758
1826
1927
1950
1840
1677
1528
1504
1640
1902
2147
2314
2437
2536
2667
2768
2758
2580
2246
1874
1590
1546
1674
1910
2104
2218
2243
2206
2144
2052
1945
1793
1672
1653
1787
2040
2337
2595
2744
2737
2579
2385
2156
1949
1792
1739
1749
1830
1927
1999
2031
1986
1903
1805
1786
2730
2793
2688
2426
2067
1710
1426
1265
1257
1421
1674
2017
2367
2649
2859
2950
2939
2853
2697
2506
2310
2072
1860
1679
1519
1456
1480
1605
1816
2076
2340
2543
2651
2654
2558
2346
2097
1877
1741
1673
1677
1726
1825
1925
2021
2101
2174
2250
2282
2319
2322
2320
2271
2176
2074
1980
1921
1932
1988
2088
2211
2311
2368
2353
2299
2224
2155
2111
2091
2115
2138
2166
2150
2106
2013
1927
1871
1894
1962
2082
2222
2331
2382
2352
2238
2060
1900
1746
1670
1686
1772
1881
2028
2129
2201
2235
2209
2153
2070
2010
1980
1962
1979
2020
2058
2080
2100
2106
2076
2032
1969
1915
1880
1852
1829
1810
1809
1816
1828
1852
1920
2008
2118
2240
2392
2504
2596
2606
2558
2757
2863
2791
2490
2084
1650
1359
1222
1177
1171
1187
1305
1567
2028
2619
3168
3503
3536
3298
2932
2540
2163
1845
1552
1379
1345
1476
1760
2040
2164
2127
1991
1875
1915
2104
2327
2508
2595
2600
2568
2514
2426
2281
2078
1854
1643
1488
1374
1325
1352
1482
1760
2133
2551
2918
3165
3274
3202
2972
2641
2267
1877
1553
1378
1341
1403
1479
1545
1639
1764
1981
2286
2565
2727
2744
2687
2631
2624
2614
2588
2471
2284
2095
1992
1978
1904
1756
1545
1365
1346
1541
1936
2353
2643
2718
2596
2382
2146
1898
1598
1315
1146
1147
1376
1802
2270
2629
2807
2808
2662
2421
2176
2003
1972
1996
2032
2089
2115
2037
1892
1784
1703
1635
1617
1605
1630
1730
4095
3756
3155
2473
1720
1003
350
0
4
1
2
254
911
1681
2408
3014
3441
3645
3588
3333
2964
2525
2099
1748
1551
1480
1559
1748
2027
2325
2634
2894
3116
3248
3268
3165
2941
2598
2154
1638
1099
659
323
141
223
518
987
1612
2286
2945
3488
3834
3947
3836
3498
2997
2433
1893
1458
1134
1016
1065
1253
1541
1878
2230
2520
2712
2799
2770
2648
2417
2099
1750
1426
1126
917
824
903
1131
1494
1946
2416
2841
3146
3304
3301
3110
2785
2356
1904
1467
1134
983
1009
1276
1675
2139
2629
3020
3242
3248
3056
2653
2099
1524
987
627
459
562
929
1482
2152
2788
3329
3666
3728
3544
3128
2544
1891
1244
759
497
563
880
1458
2203
923
1089
1251
1367
1425
1364
1251
1164
1192
1388
1726
2175
2636
3024
3302
3484
3536
3483
3322
3040
2640
2089
1484
957
602
489
656
1004
1480
1980
2392
2708
2888
2987
2971
2874
2683
2400
2069
1774
1604
1582
1684
1879
2035
2159
2224
2234
2258
2308
2364
2393
2427
2455
2502
2551
2638
2734
2804
2877
2932
2948
2961
2892
2764
2497
2096
1578
966
452
71
2
2
68
413
964
1658
2499
3334
4056
4095
4095
4095
4095
3697
3155
2695
2333
2114
2005
1985
2009
2057
2056
1876
1499
949
288
2
1
1
1
3
304
1292
2465
3680
4095
4095
4095
4095
4095
4095
3295
2142
1047
148
3
2
3
1
80
708
1312
1751
2033
2194
2341
4095
4095
4095
4095
4095
3925
2888
1746
627
1
1
1
1
2
1
0
560
1647
2748
3768
4095
4095
4095
4095
4095
4095
4095
3814
2753
1602
498
2
2
1
2
3
3
2
2
638
1694
2760
3756
4095
4095
4095
4095
4095
4095
4095
4095
3436
2323
1254
282
3
1
3
1
2
0
11
655
1446
2226
2950
3593
4092
4095
4095
4095
4095
4064
3594
3024
2431
1832
1310
906
603
431
392
454
620
882
1209
1587
1969
2341
2681
2955
3152
3268
3290
3235
3069
2856
2586
2311
2028
1775
1566
1399
1278
1262
1269
1300
1356
1426
1482
1521
1580
1665
1760
1873
2030
2192
2346
2484
2585
2669
2724
2767
2814
2855
2886
2878
2859
2
3
2
1
1
3
1
1
1
690
1647
2633
3607
4095
4095
4095
4095
4095
4095
4095
4095
4095
4095
3300
2330
1354
467
3
2
2
1
3
3
3
3
2
769
1944
3128
4095
4095
4095
4095
4095
4095
4095
4095
3876
2766
1601
571
3
2
5
2
3
2
66
829
1710
2594
3388
4058
4095
4095
4095
4095
4095
3939
3286
2567
1772
985
290
4
2
3
4
4
2
333
1079
1906
2744
3553
4095
4095
4095
4095
4095
4095
4095
3881
3103
2276
1492
805
257
4
2
3
2
2
50
434
933
1529
2175
2877
3548
4095
4095
4095
4095
4095
4095
4095
3827
3001
2104
1197
317
4
1
2
2
1
0
4095
4095
4095
4020
2477
832
2
3
2
0
3
3
3
1
2
2
4
5
4
3
2
1
3
2
363
2419
4095
4095
4095
4095
4095
4095
4095
4095
4095
4095
4095
4095
4095
4095
4095
4095
4095
4095
4095
3823
1913
2
3
1
3
1
1
3
3
1
1
3
1
1
1
2
2
0
0
3
11
1882
4072
4095
4095
4095
4095
4095
4095
4095
4095
4095
4095
4095
4095
4095
4095
4095
4095
4095
4095
4095
2536
553
3
1
1
2
1
1
1
2
3
2
3
1
2
1
2
1
2
2
75
1879
3854
4095
4095
4095
4095
4095
4095
4095
4095
4095
4095
4095
4095
4095
4095
4095
4095
4095
