2136
2096
2084
2093
2072
2112
2096
2092
2093
2107
2087
2080
2100
2078
2089
2087
2081
2093
2118
2093
2096
2108
2102
2097
2096
2111
2099
2096
2088
2099
2097
2105
2091
2098
2096
2106
2089
2101
2098
2076
2086
2098
2099
2105
2088
2084
2072
2082
2076
2076
2090
2086
2096
2113
2101
2088
2095
2090
2081
2062
2083
2104
2098
2090
2080
2079
2091
2088
2082
2087
2086
2076
2097
2098
2092
2098
2071
2070
2090
2095
2116
2103
2096
2092
2104
2109
2092
2096
2110
2083
2073
2073
2106
2085
2090
2099
2086
2095
2087
2080
2088
2083
2074
2070
2088
2097
2100
2096
2116
2098
2122
2104
2097
2098
2084
2077
2094
2100
2079
2080
2095
2090
2083
2077
2087
2108
2112
2082
2116
2111
2120
2121
2114
2110
2086
2099
2098
2097
2098
2098
2095
2083
2088
2067
2075
2110
2102
2086
2086
2099
2107
2109
2082
2070
2081
2094
2077
2090
2099
2105
2106
2096
2073
2098
2105
2090
2083
2102
2103
2103
2094
2114
2122
2105
2102
2102
2099
2101
2110
2091
2111
2097
2101
2077
2097
2105
2090
2105
2107
2083
2080
2084
2101
2094
2080
2103
2084
2112
2085
2083
2091
2093
2091
2093
2097
2078
2085
2080
2084
2106
2103
2086
2096
2104
2089
2084
2076
2083
2096
2085
2090
2084
2094
2082
2091
2086
2076
2088
2099
2112
2118
2089
2084
2092
2072
2096
2087
2096
2091
2097
2088
2101
2092
2087
2081
2080
2081
2090
2110
2095
2097
2095
2084
2076
2057
2073
2026
2016
2008
2020
1995
2007
2011
2006
2007
1988
1992
2002
2000
1999
1998
2008
1974
1981
1983
1984
1982
1964
1979
1988
1978
1986
1994
1994
1980
2004
2010
2010
2022
2032
2029
2057
2057
2041
2040
2046
2053
2073
2049
2060
2069
2076
2087
2110
2096
2116
2126
2139
2142
2130
2152
2162
2162
2158
2181
2204
2179
2174
2193
2218
2227
2225
2210
2195
2206
2205
2192
2226
2220
2200
2205
2215
2216
2235
2234
2205
2190
2163
2168
2148
2157
2145
2136
2129
2111
2121
2108
2098
2103
2101
2100
2087
2080
2085
2065
2064
2050
2038
2051
2046
2042
2041
2021
2006
2023
1988
1986
1976
1972
1962
1996
1984
1983
1980
1986
1993
2001
1982
1976
1973
2003
1982
1971
1997
2159
2169
2144
2149
2138
2119
2117
2088
2072
2049
2049
2024
2034
2024
2024
2030
2029
2033
2032
2024
2000
2009
2005
2024
2037
2083
2111
2130
2152
2191
2209
2237
2230
2236
2272
2269
2249
2223
2209
2198
2183
2173
2124
2113
2112
2081
2057
2046
2031
2019
2022
2027
2002
2007
2009
2032
2045
2053
2039
2031
2048
2062
2064
2050
2067
2067
2068
2066
2083
2101
2100
2118
2111
2100
2128
2137
2135
2110
2114
2101
2096
2094
2069
2040
2040
2033
2026
2041
2048
2058
2078
2088
2111
2127
2119
2122
2120
2136
2154
2150
2149
2161
2175
2181
2178
2167
2142
2125
2116
2123
2114
2092
2080
2069
2056
2053
2031
2017
1983
1992
1968
1947
1944
1952
1976
1976
2019
2041
2071
2079
2072
2106
2124
2140
2159
2166
2167
2170
2136
2151
2158
2145
2148
2126
2137
2134
2160
2143
2145
2160
2169
2147
2141
2121
2099
2073
2074
2055
2059
2064
2044
2044
2079
2110
2149
2146
2163
2149
2158
2133
2098
2066
2046
1994
1960
1946
1935
1921
1921
1922
1935
1966
1975
1994
2003
2025
2045
2045
2057
2039
2031
2000
1996
1972
1959
1946
1953
1944
1973
1995
2042
2093
2142
2162
2234
2279
2277
2302
2300
2294
2279
2258
2209
2199
2167
2159
2145
2112
2133
2137
2144
2176
2203
2230
2257
2240
2232
2216
2166
2141
2087
2026
2004
1982
1992
1970
1971
1964
1997
2003
2013
2056
2040
2047
2044
2038
2025
2032
2029
2034
2030
2075
2112
2128
2151
2188
2091
2066
2133
2195
2211
2186
2141
2058
2007
2001
2037
2027
1997
1983
1992
2041
2069
2099
2100
2074
2084
2116
2184
2199
2165
2095
2026
2032
2056
2128
2166
2117
2060
1993
1996
2011
2010
1986
1928
1924
1965
2034
2146
2194
2208
2179
2190
2225
2245
2273
2236
2160
2088
2049
2004
1964
1929
1922
1930
1939
1972
2018
2033
2059
2088
2082
2104
2102
2118
2146
2194
2181
2167
2162
2162
2160
2158
2120
2072
2008
1961
1941
1950
1998
2018
2035
2065
2078
2107
2144
2178
2159
2163
2149
2125
2093
2131
2125
2098
2045
2030
2011
2057
2113
2152
2150
2152
2134
2129
2148
2157
2152
2172
2147
2159
2158
2195
2181
2163
2096
2051
2007
2026
2016
2023
2023
2041
2082
2131
2090
2072
2053
2057
2024
2017
2004
2040
2049
2071
2085
2126
2154
2198
2231
2212
2204
2181
2115
2071
2021
1961
1939
1903
1880
1904
1947
2015
2081
2183
2268
2318
2350
2348
2300
2260
2229
2183
2091
2021
1958
1917
1886
1864
1886
1865
1873
1882
1913
1949
2020
2107
2216
2267
2332
2375
2403
2408
2355
2269
2162
2085
1978
1894
1823
1779
1751
1771
1808
1877
1961
2073
2149
2255
2312
2348
2345
2309
2256
2206
2125
2061
2004
1964
1965
1954
1979
2017
2049
2070
2088
2094
2087
2094
2065
2038
2023
2021
2059
2110
2166
2231
2280
2334
2334
2326
2239
2158
2075
1990
1912
1866
1869
1893
1953
2026
2107
2176
2235
2268
2281
2275
2253
2195
2186
2131
2081
2216
2220
2217
2209
2234
2235
2209
2143
2098
2058
2044
2028
2016
2026
2043
2065
2096
2154
2201
2203
2144
2139
2149
2169
2193
2140
2087
2049
2094
2111
2135
2104
2060
2039
2015
2034
2035
2042
2033
1986
1983
2010
2061
2116
2163
2186
2186
2172
2168
2142
2107
2043
1988
1934
1897
1941
1987
2036
2079
2113
2139
2176
2197
2216
2249
2225
2179
2132
2094
2067
2063
2054
2065
2034
2002
1986
2013
2049
2055
2089
2084
2073
2070
2099
2116
2119
2136
2138
2117
2097
2057
2090
2166
2230
2266
2221
2133
2033
1966
1956
1982
2012
2024
2084
2099
2154
2203
2234
2234
2214
2138
2026
1965
1943
2014
2092
2118
2104
2102
2087
2108
2164
2250
2307
2341
2325
2236
2147
2087
2146
2163
2218
2277
2277
2255
2207
2131
2061
2039
1998
1966
1945
1947
1951
1911
1928
1964
2000
2088
2178
2259
2351
2418
2393
2317
2186
2013
1843
1783
1767
1834
1910
2004
2079
2139
2221
2238
2216
2159
2086
2096
2157
2277
2340
2331
2216
1994
1827
1746
1763
1851
1973
2097
2196
2300
2344
2329
2322
2230
2146
2130
2174
2206
2181
2064
1864
1677
1588
1626
1764
1918
2092
2228
2358
2430
2419
2348
2220
2117
2131
2202
2290
2297
2179
1943
1710
1598
1600
1712
1860
2062
2253
2433
2581
2648
2548
2365
2204
2109
2062
2020
1955
1842
1744
1740
1780
1938
2108
2270
2363
2404
2369
2291
2201
2118
2051
2104
2160
2178
2105
1974
1824
1721
1700
1744
1846
1811
1986
2210
2371
2486
2567
2576
2470
2342
2191
2058
1932
1868
1881
1947
2048
2197
2324
2422
2458
2462
2406
2325
2221
2102
2007
1950
1936
1925
1967
1972
1994
1958
1918
1824
1753
1702
1686
1699
1776
1903
2047
2209
2367
2512
2592
2566
2471
2337
2167
2026
1883
1774
1765
1795
1882
2013
2144
2271
2352
2381
2368
2315
2248
2111
1999
1917
1883
1894
1948
2036
2128
2221
2285
2301
2301
2248
2184
2116
2040
2000
1958
1947
1953
2009
2080
2146
2226
2269
2273
2265
2210
2153
2057
1985
1906
1836
1764
1749
1759
1794
1871
1961
2069
2212
2328
2438
2505
2500
2490
2382
2266
2098
1964
1828
1724
1682
1681
1765
1846
1988
2135
2265
2373
2410
2364
2287
2157
2100
2061
2119
2166
2237
2365
2451
2524
2530
2450
2269
2041
1830
1705
1662
1748
1932
2146
2400
2574
2672
2684
2580
2445
2220
1917
1647
1447
1350
1332
1397
1505
1638
1829
2058
2256
2442
2565
2632
2645
2611
2513
2299
2040
1822
1610
1476
1434
1494
1653
1905
2215
2466
2684
2813
2850
2809
2680
2462
2199
1932
1731
1610
1580
1593
1632
1748
1887
2002
2096
2158
2221
2305
2402
2440
2428
2387
2289
2194
2050
1891
1724
1636
1632
1727
1874
1995
2131
2239
2305
2322
2258
2121
1978
1876
1864
1885
1916
1907
1983
2115
2294
2413
2415
2314
2215
2151
2141
2163
2147
2084
2078
2123
2216
2245
2208
2100
1985
1913
1913
1937
1962
1950
1968
2029
2058
2102
2157
2572
2492
2380
2205
2020
1872
1731
1673
1654
1671
1760
1881
1994
2077
2145
2221
2245
2280
2327
2370
2400
2407
2360
2274
2140
2025
1929
1838
1841
1836
1880
1894
1944
1942
1960
1966
1995
2046
2157
2279
2392
2509
2557
2590
2559
2449
2327
2162
1985
1872
1766
1699
1688
1709
1755
1826
1933
2031
2147
2273
2378
2448
2465
2450
2431
2346
2235
2131
2072
1993
1944
1927
1944
1972
1967
1942
1904
1839
1819
1784
1787
1824
1936
2030
2141
2251
2360
2451
2552
2615
2627
2608
2539
2374
2164
1931
1682
1481
1299
1262
1372
1555
1853
2187
2491
2741
2892
2896
2830
2660
2454
2226
1979
1727
1557
1400
1365
1412
1556
1780
2021
2276
2482
2640
2695
2672
2595
2473
1803
1688
1583
1445
1380
1327
1346
1442
1668
1940
2245
2447
2537
2598
2663
2711
2797
2872
2935
2921
2824
2699
2504
2270
2033
1825
1630
1523
1501
1611
1728
1948
2186
2415
2536
2618
2622
2640
2565
2390
2170
1871
1530
1200
930
826
798
928
1122
1399
1739
2122
2453
2722
2934
2997
2959
2812
2529
2209
1889
1601
1398
1319
1300
1413
1573
1848
2176
2581
2958
3212
3388
3401
3344
3172
2934
2619
2280
1938
1658
1454
1292
1236
1315
1521
1860
2253
2621
2845
2962
2946
2847
2647
2388
2090
1770
1432
1166
952
851
874
1069
1365
1758
2131
2486
2704
2822
2824
2696
2485
2213
1897
1603
1311
1051
852
771
840
1121
1521
1995
2460
2808
3065
3198
3222
1804
1396
1071
815
731
809
1058
1454
1956
2495
2997
3426
3722
3833
3774
3484
3014
2472
1842
1208
711
386
272
406
724
1256
1887
2512
3106
3565
3797
3827
3664
3325
2853
2330
1816
1418
1114
965
939
1003
1137
1336
1562
1758
1891
2015
2071
2112
2115
2137
2195
2270
2386
2524
2731
2883
3001
3054
2983
2823
2595
2319
2039
1792
1593
1470
1371
1347
1339
1314
1258
1181
1074
980
928
991
1134
1399
1774
2277
2763
3299
3778
4095
4095
4095
3923
3405
2773
2053
1375
823
468
360
546
949
1515
2129
2717
3198
3444
3425
3145
2645
1952
1223
550
25
0
0
254
939
1773
2693
3582
4095
4095
4095
4095
4095
3665
2800
1889
1047
406
59
3865
3481
3027
2542
2031
1520
1102
728
449
295
257
381
623
1026
1520
2088
2663
3182
3631
3937
4091
4056
3830
3437
2933
2302
1674
1081
561
196
0
1
68
374
761
1299
1869
2465
3016
3544
3986
4095
4095
4095
4095
3894
3350
2671
1890
1080
328
0
0
0
1
0
25
665
1465
2295
3105
3799
4095
4095
4095
4095
4095
4095
3511
2743
1904
1127
417
0
0
1
0
6
483
1152
1879
2632
3320
3925
4095
4095
4095
4095
4095
4018
3376
2568
1773
983
296
2
3
1
1
2
336
999
1653
2344
2973
3496
3861
4095
4095
4095
4055
3720
3306
2739
2144
1555
972
517
197
30
4
162
482
934
1464
2030
2568
3041
