2090
2098
2098
2086
2093
2101
2108
2099
2098
2089
2094
2096
2096
2093
2102
2096
2096
2099
2097
2098
2102
2101
2101
2089
2091
2099
2092
2094
2096
2101
2088
2094
2101
2102
2098
2102
2110
2107
2102
2109
2102
2098
2100
2094
2085
2090
2083
2092
2091
2102
2103
2099
2089
2098
2100
2097
2089
2078
2086
2081
2088
2096
2094
2092
2090
2085
2085
2086
2080
2092
2096
2098
2090
2097
2101
2089
2080
2095
2094
2094
2082
2096
2096
2086
2080
2095
2092
2081
2087
2083
2102
2094
2099
2104
2098
2096
2104
2098
2099
2089
2098
2098
2092
2094
2097
2090
2090
2098
2105
2101
2096
2102
2089
2093
2077
2092
2091
2078
2088
2092
2095
2091
2092
2100
2080
2082
2096
2099
2098
2102
2111
2100
2099
2093
2088
2087
2088
2096
2095
2088
2096
2098
2101
2098
2098
2107
2096
2094
2092
2101
2103
2102
2095
2096
2095
2088
2094
2091
2096
2106
2100
2105
2098
2094
2102
2104
2102
2099
2099
2104
2093
2103
2108
2096
2095
2099
2100
2093
2091
2102
2105
2102
2104
2105
2099
2096
2104
2109
2108
2102
2096
2101
2093
2099
2096
2097
2090
2090
2097
2089
2090
2095
2097
2094
2096
2106
2107
2099
2096
2096
2097
2091
2100
2099
2102
2092
2098
2100
2099
2094
2104
2106
2088
2098
2104
2108
2093
2098
2107
2105
2103
2101
2105
2103
2100
2102
2104
2109
2103
2103
2115
2109
2111
2116
2108
2114
2104
2103
2104
2097
2097
2102
2102
2111
2107
2104
2055
2049
2053
2049
2040
2050
2053
2060
2040
2056
2064
2058
2059
2071
2055
2065
2076
2085
2081
2082
2092
2098
2105
2116
2114
2121
2117
2124
2145
2145
2135
2138
2149
2149
2147
2146
2160
2154
2142
2146
2145
2137
2132
2146
2148
2130
2129
2129
2129
2115
2110
2101
2101
2080
2088
2092
2084
2093
2084
2095
2082
2089
2086
2093
2076
2084
2083
2072
2063
2058
2056
2035
2017
2016
2022
2021
2010
2016
2011
2010
2007
2016
2015
2016
2032
2061
2079
2093
2121
2138
2148
2167
2184
2197
2202
2208
2224
2226
2224
2209
2199
2193
2174
2160
2144
2124
2099
2079
2059
2047
2021
2016
2009
2008
2004
2018
2023
2025
2033
2056
2079
2086
2115
2140
2147
2163
2175
2196
2024
2003
1989
1973
1954
1936
1926
1932
1950
1963
1986
1988
2012
2033
2053
2075
2090
2114
2123
2126
2155
2166
2183
2206
2212
2244
2240
2268
2288
2305
2301
2302
2286
2271
2238
2192
2167
2135
2096
2080
2060
2034
2025
1992
1977
1956
1949
1934
1929
1910
1918
1924
1920
1928
1940
1967
1964
1973
1986
2008
2017
2056
2105
2137
2164
2198
2223
2235
2230
2236
2239
2217
2197
2189
2157
2120
2096
2079
2044
2002
1971
1952
1912
1910
1890
1867
1857
1843
1854
1872
1880
1884
1894
1926
1942
1965
2007
2053
2078
2132
2188
2232
2271
2309
2352
2374
2395
2394
2386
2384
2370
2376
2371
2380
2387
2386
2356
2297
2251
2169
2079
2008
1939
1880
1839
1827
1820
1829
2079
2035
1990
1960
1945
1944
1961
1980
2018
2061
2107
2156
2194
2222
2230
2213
2197
2146
2106
2069
2031
2001
1996
1990
2014
2054
2089
2159
2202
2249
2274
2290
2305
2282
2248
2189
2137
2083
2017
1992
1971
1987
2003
2043
2081
2123
2177
2211
2209
2192
2179
2148
2088
2030
1978
1924
1898
1883
1899
1931
2000
2083
2149
2223
2282
2322
2344
2318
2259
2195
2098
2004
1914
1856
1815
1817
1860
1918
1988
2082
2180
2264
2323
2351
2331
2288
2224
2121
2003
1899
1797
1725
1705
1726
1796
1899
2040
2169
2310
2409
2475
2479
2451
2381
2269
2134
2006
1908
1828
1796
1802
1850
1926
2031
2138
2234
2325
2386
2405
2382
2304
2205
2079
1959
1856
1776
1750
1744
2261
2166
2115
2117
2134
2072
1943
1807
1748
1810
1954
2086
2123
2126
2116
2180
2240
2266
2221
2178
2227
2314
2382
2356
2224
2063
1916
1855
1806
1783
1784
1854
2005
2160
2283
2334
2342
2368
2404
2406
2366
2299
2229
2152
2094
2015
1918
1835
1833
1875
1942
2007
2075
2127
2169
2212
2208
2196
2177
2150
2112
2048
1972
1962
1962
1947
1898
1883
1918
2013
2139
2212
2219
2233
2253
2268
2261
2204
2098
2006
1941
1934
1979
2041
2099
2167
2264
2368
2463
2520
2537
2528
2516
2465
2357
2230
2060
1944
1814
1722
1618
1538
1518
1568
1663
1764
1877
1990
2141
2272
2364
2409
2428
2430
2406
2326
2210
2104
2042
2007
1955
1880
1845
1894
1949
1999
2022
2067
2320
2328
2295
2206
2083
1931
1798
1716
1672
1683
1766
1910
2080
2250
2395
2509
2552
2550
2472
2358
2216
2078
1954
1854
1792
1796
1830
1880
1965
2037
2117
2160
2177
2176
2139
2082
2027
1979
1950
1949
1945
1983
2033
2070
2134
2184
2206
2220
2232
2236
2216
2204
2209
2224
2223
2236
2240
2244
2239
2225
2187
2131
2086
2020
1972
1908
1871
1818
1800
1796
1842
1889
1975
2062
2173
2263
2331
2376
2377
2364
2294
2222
2144
2054
1981
1913
1842
1797
1782
1773
1784
1830
1901
1976
2066
2150
2235
2304
2350
2369
2344
2311
2242
2151
2072
1998
1926
1913
1924
1966
2025
2124
2204
2304
2384
2430
2456
2430
2375
2288
2166
2064
1980
1915
1883
1886
1910
1938
2148
2160
2162
2112
2072
2058
2077
2096
2058
2008
1980
1947
1932
1920
1932
1972
1995
2027
2067
2103
2128
2098
2052
2015
2012
2040
2033
2034
2030
2058
2124
2168
2196
2216
2241
2282
2323
2319
2274
2211
2140
2089
2034
1976
1920
1890
1907
1936
1990
2056
2124
2182
2215
2225
2207
2206
2219
2204
2117
2012
1921
1902
1896
1898
1900
1924
1976
2096
2258
2385
2497
2546
2588
2579
2520
2363
2121
1864
1673
1586
1595
1677
1772
1897
2056
2246
2438
2568
2638
2609
2475
2287
2093
1926
1787
1655
1515
1444
1498
1632
1821
1996
2158
2333
2482
2592
2586
2504
2380
2248
2136
1986
1849
1766
1729
1747
1825
1944
2098
2199
2252
2279
2270
2236
2177
2095
1994
1921
2206
2403
2521
2536
2478
2342
2176
2016
1884
1785
1724
1700
1712
1776
1865
1997
2137
2275
2394
2482
2490
2461
2385
2287
2180
2115
2056
2035
2011
1968
1920
1846
1785
1767
1826
1942
2105
2265
2364
2400
2367
2284
2156
2029
1940
1914
1951
2013
2127
2242
2348
2402
2419
2375
2255
2091
1891
1708
1556
1501
1537
1668
1885
2173
2453
2678
2804
2811
2686
2462
2191
1942
1725
1598
1544
1577
1675
1784
1940
2087
2211
2292
2339
2356
2311
2248
2167
2104
2028
2028
2031
2029
2025
2001
1979
1975
1981
2041
2136
2238
2331
2396
2392
2341
2225
2094
1972
1914
1928
1966
2045
2117
2164
2198
2222
2234
2259
2254
2213
2129
2013
1886
1779
1765
1818
1965
2148
2320
2835
2777
2568
2237
1848
1501
1272
1212
1336
1547
1772
2015
2267
2556
2795
2942
2979
2878
2678
2378
2043
1709
1411
1268
1225
1289
1473
1800
2204
2603
2864
2966
2921
2782
2571
2312
1992
1662
1407
1209
1110
1172
1397
1776
2214
2622
2915
3070
3106
3048
2854
2544
2160
1731
1332
1048
938
1050
1322
1677
2056
2411
2693
2893
3028
3056
2926
2635
2241
1765
1336
1060
992
1120
1382
1734
2098
2413
2679
2862
2921
2882
2726
2466
2141
1789
1470
1256
1206
1312
1597
1976
2372
2699
2911
3023
3021
2904
2702
2451
2124
1768
1465
1250
1190
1316
1561
1898
2257
2564
2759
2812
2734
2560
2342
2104
1911
1791
1723
1728
1756
1824
1914
2017
2123
2234
2317
2344
2050
2156
2266
2324
2283
2167
2039
1985
2016
2073
2081
2034
1981
1971
2010
2052
2033
1946
1766
1593
1525
1591
1750
2007
2267
2504
2679
2777
2749
2561
2230
1893
1623
1488
1563
1751
1951
2034
1997
1907
1793
1732
1795
1999
2313
2717
3103
3314
3208
2812
2219
1630
1223
1115
1284
1544
1805
2011
2151
2275
2348
2374
2350
2325
2340
2456
2542
2516
2302
1893
1421
1100
1135
1464
1889
2264
2444
2474
2436
2433
2457
2389
2208
1966
1797
1746
1821
1909
1888
1777
1720
1864
2211
2606
2854
2818
2498
2112
1854
1865
2029
2206
2320
2305
2253
2194
2153
2084
1969
1865
1888
2072
2332
2540
2556
2376
2123
1942
1923
2015
2105
2176
2169
2105
2011
1894
1753
1664
3288
3306
3216
3069
2852
2562
2238
1879
1540
1252
1046
956
1004
1166
1405
1683
1926
2108
2223
2277
2303
2342
2399
2487
2546
2604
2593
2525
2414
2258
2045
1843
1619
1454
1324
1278
1304
1421
1611
1874
2133
2396
2620
2768
2828
2795
2644
2376
2080
1743
1500
1339
1308
1390
1522
1718
1940
2159
2368
2542
2664
2722
2704
2621
2458
2272
2086
1985
1981
2040
2168
2293
2359
2342
2253
2091
1931
1810
1796
1865
1992
2152
2279
2380
2456
2530
2580
2619
2596
2492
2295
2032
1742
1492
1360
1355
1462
1626
1806
1986
2146
2283
2409
2500
2507
2419
2196
1881
1559
1298
1183
1213
1385
1675
2029
2405
2748
3035
3192
3184
2987
2601
2074
1514
1036
733
702
944
1763
1804
1853
1963
2164
2427
2672
2776
2639
2316
1931
1693
1640
1792
2056
2328
2544
2686
2722
2654
2445
2095
1695
1341
1182
1261
1564
2018
2532
2980
3291
3375
3208
2765
2166
1542
1044
819
880
1168
1524
1842
2058
2220
2391
2638
2883
3044
3048
2930
2732
2561
2406
2184
1842
1367
851
472
419
727
1297
1935
2457
2789
2988
3108
3204
3175
2973
2552
2011
1494
1122
994
1068
1281
1558
1824
2061
2267
2441
2571
2611
2557
2436
2318
2219
2192
2200
2257
2311
2252
2067
1747
1384
1146
1141
1460
1974
2574
3104
3448
3534
3378
3048
2569
2044
1500
1041
777
792
1106
1617
2168
2556
2706
2670
2508
2348
2171
1961
1677
1406
1221
1232
1460
1846
2270
3204
3405
3416
3277
2975
2570
2083
1614
1231
958
848
912
1166
1573
2087
2617
3080
3428
3570
3478
3167
2666
2030
1380
801
388
271
442
884
1508
2218
2903
3415
3722
3782
3554
3103
2448
1701
946
280
1
2
2
126
812
1706
2636
3508
4095
4095
4095
4095
4095
3548
2710
1816
995
374
70
48
309
790
1376
1985
2550
2961
3256
3402
3393
3237
2969
2648
2298
1960
1691
1519
1436
1440
1492
1557
1617
1712
1769
1840
1907
2009
2132
2264
2395
2513
2627
2733
2808
2836
2814
2700
2490
2175
1798
1397
1044
749
628
678
923
1357
1935
2586
3208
3728
4064
4095
3998
3615
3031
2346
1668
1073
619
356
332
470
779
1203
1685
2203
2673
1163
2274
3371
4095
4095
4095
4095
4095
4095
4095
4095
4095
3410
2439
1445
498
3
3
2
3
2
3
1
1
179
1062
1981
2852
3584
4095
4095
4095
4095
4095
4095
4095
4095
3822
3148
2437
1720
1075
552
164
1
3
2
6
235
550
887
1238
1565
1863
2098
2304
2473
2603
2675
2731
2760
2764
2784
2846
2961
3130
3293
3463
3584
3629
3571
3428
3182
2840
2399
1899
1357
816
344
2
3
3
3
3
221
689
1230
1822
2445
3050
3628
4095
4095
4095
4095
4095
4095
4095
3923
3297
2554
1754
928
152
3
2
1
2
3
2
1
670
1665
2682
3629
4095
4095
4095
4095
4095
4095
4095
3949
3215
2472
1775
1190
716
