2055
2087
2096
2093
2095
2111
2119
2101
2064
2097
2120
2091
2084
2106
2095
2041
2052
2108
2118
2073
2072
2103
2077
2076
2079
2081
2088
2076
2089
2124
2112
2090
2094
2112
2117
2112
2084
2117
2123
2089
2082
2099
2090
2109
2113
2090
2119
2093
2094
2107
2098
2080
2106
2119
2100
2098
2082
2113
2119
2080
2088
2079
2094
2078
2107
2089
2079
2083
2099
2099
2096
2097
2106
2098
2100
2081
2096
2130
2123
2095
2112
2084
2080
2059
2095
2080
2074
2059
2080
2085
2063
2068
2115
2088
2060
2092
2088
2070
2073
2082
2136
2093
2077
2089
2098
2069
2062
2082
2080
2081
2083
2100
2108
2093
2092
2108
2122
2119
2095
2107
2112
2095
2081
2098
2106
2072
2086
2091
2122
2097
2122
2129
2117
2103
2114
2127
2105
2108
2124
2114
2076
2105
2104
2138
2115
2100
2139
2134
2102
2115
2113
2120
2100
2108
2130
2111
2105
2115
2127
2126
2104
2102
2106
2114
2108
2111
2123
2140
2105
2102
2120
2101
2102
2124
2120
2103
2100
2091
2120
2087
2069
2078
2099
2105
2103
2133
2137
2107
2097
2115
2105
2107
2082
2096
2109
2070
2070
2103
2108
2075
2072
2124
2109
2115
2096
2097
2088
2073
2097
2097
2084
2075
2068
2096
2057
2051
2071
2103
2089
2051
2072
2098
2078
2074
2069
2082
2075
2087
2096
2094
2070
2061
2067
2068
2084
2056
2078
2088
2067
2044
2056
2083
2063
2041
2069
2070
2066
2045
2057
2083
2072
2049
2080
2091
2064
2062
2130
2116
2090
2062
2029
2030
2026
1992
1988
1998
2007
1982
1956
1984
1997
1995
1987
2020
2020
2033
2033
2065
2063
2079
2046
2065
2078
2058
2080
2109
2098
2109
2123
2111
2119
2112
2134
2149
2118
2110
2140
2158
2137
2106
2133
2156
2101
2099
2124
2123
2108
2089
2120
2155
2117
2110
2149
2150
2115
2091
2108
2117
2088
2098
2091
2084
2069
2089
2125
2117
2087
2116
2144
2142
2103
2069
2102
2075
2033
2009
2010
1972
1984
2001
2035
2037
2011
2043
2057
2069
2051
2073
2093
2086
2103
2118
2152
2152
2160
2178
2235
2216
2198
2248
2225
2214
2188
2194
2208
2166
2145
2160
2122
2102
2083
2100
2072
2034
2016
2041
2014
1974
1948
1955
1955
1934
1928
1960
2083
2155
2190
2247
2305
2325
2343
2310
2280
2234
2165
2089
2041
1991
1920
1855
1857
1866
1909
1942
1976
2035
2067
2111
2169
2202
2234
2230
2240
2225
2193
2128
2144
2122
2052
2013
2016
1984
1979
1973
2021
2044
2039
2058
2108
2100
2106
2103
2119
2089
2088
2045
2066
2049
2024
2055
2064
2072
2096
2132
2146
2172
2188
2184
2232
2225
2205
2184
2136
2098
2034
2023
1962
1950
1897
1908
1922
1925
1982
2017
2066
2111
2155
2213
2255
2283
2284
2300
2292
2271
2238
2204
2174
2111
2038
2005
1983
1966
1954
1982
2005
2012
2052
2073
2076
2074
2080
2079
2059
2026
2024
2013
1992
1990
2003
2040
2064
2053
2102
2151
2179
2212
2231
2257
2241
2237
2233
2197
1946
1982
2049
2082
2099
2116
2119
2152
2172
2160
2114
2096
2035
2024
1980
1899
1868
1850
1906
1972
2037
2169
2248
2296
2259
2238
2208
2155
2129
2122
2143
2141
2140
2115
2108
2087
2039
2012
2033
2036
2057
2108
2150
2143
2147
2186
2202
2254
2297
2327
2330
2284
2236
2196
2099
2025
1994
2006
2026
2013
2022
2013
1991
1968
2018
2032
2044
2064
2117
2181
2246
2251
2214
2120
2003
1952
1977
1996
1969
1938
1934
1960
2020
2093
2143
2154
2159
2204
2291
2358
2384
2335
2259
2198
2187
2206
2209
2120
2023
1976
1958
1958
1976
1984
1976
1988
2039
2133
2222
2221
2124
2066
2008
1986
2012
2024
2000
1996
1980
1987
2036
2071
2068
2050
2081
2109
2190
2234
1940
1789
1706
1654
1636
1690
1777
1895
2020
2136
2262
2352
2373
2357
2346
2260
2187
2150
2100
2058
2019
2032
2056
2087
2080
2133
2179
2184
2159
2217
2233
2171
2125
2079
2052
2011
1982
1968
1973
1948
1916
1946
2004
2040
2102
2150
2227
2266
2256
2237
2221
2176
2093
2075
2035
2026
2025
2059
2119
2172
2230
2303
2301
2257
2224
2171
2067
1976
1907
1864
1822
1834
1890
1974
2051
2157
2268
2337
2353
2336
2328
2262
2181
2111
2072
2019
1972
1955
1986
2001
1992
1970
2017
1989
1975
1977
2018
2051
2062
2127
2210
2272
2256
2273
2284
2246
2173
2120
2086
2021
1948
1957
1982
2002
2026
2074
2084
2089
2078
2076
2054
2004
1985
2017
2041
2031
2051
2130
2013
2115
2208
2247
2320
2357
2345
2264
2157
2044
1950
1894
1835
1816
1869
1970
2099
2153
2198
2200
2288
2306
2297
2234
2181
2143
2113
2120
2097
2055
2019
2032
2066
2112
2151
2177
2238
2259
2288
2322
2261
2157
2104
2088
2100
2074
2016
2038
2080
2137
2208
2225
2153
2091
2072
2065
2017
1930
1874
1877
1926
1970
1995
2029
2047
2115
2175
2248
2253
2227
2227
2226
2224
2162
2092
2029
1945
1838
1808
1814
1844
1934
2022
2108
2161
2263
2404
2496
2448
2338
2232
2117
2013
1876
1733
1654
1594
1602
1703
1801
1904
2020
2166
2252
2305
2356
2387
2342
2237
2151
2112
2053
1949
1872
1882
1929
1971
2045
2130
2194
2245
2346
2393
2355
2286
2234
2177
2103
1887
1898
1943
2006
2112
2144
2141
2178
2193
2164
2135
2141
2115
2108
2088
2091
2053
2027
2008
2029
2038
2027
2014
2100
2145
2191
2278
2346
2338
2293
2158
2064
1918
1802
1748
1758
1835
1939
2070
2224
2355
2432
2467
2443
2361
2190
2039
1893
1736
1693
1701
1780
1914
2079
2263
2407
2502
2533
2473
2322
2134
1965
1850
1793
1784
1859
1976
2076
2135
2128
2125
2077
2061
2053
2093
2135
2187
2267
2344
2381
2393
2346
2323
2231
2068
1891
1740
1614
1558
1597
1740
1930
2161
2378
2544
2592
2530
2425
2270
2075
1931
1846
1796
1770
1758
1817
1910
1982
2097
2188
2249
2289
2297
2274
2246
2165
2162
2139
2096
2055
1986
1930
1854
1794
1790
1861
1989
2109
1922
2218
2487
2733
2819
2803
2677
2450
2184
1926
1744
1714
1692
1630
1622
1667
1728
1881
2087
2336
2534
2637
2625
2503
2268
2067
1910
1806
1707
1689
1823
1983
2093
2211
2322
2396
2394
2362
2320
2290
2204
2118
2005
1899
1774
1765
1813
1879
1964
2076
2184
2251
2312
2404
2452
2375
2238
2080
1967
1904
1920
1921
1997
2049
2117
2225
2327
2346
2339
2238
2096
1958
1856
1845
1892
1951
1976
1990
2000
2041
2127
2179
2232
2202
2157
2117
2043
2038
2027
2077
2170
2219
2242
2268
2285
2261
2276
2264
2235
2202
2128
2014
1882
1795
1766
1856
1955
2058
2128
2159
2192
2171
2194
2209
2159
2116
2032
1965
1919
1905
1906
2005
2059
2172
2263
2337
2290
2208
2443
2414
2325
2162
1980
1837
1801
1859
1985
2083
2163
2270
2352
2353
2282
2197
2029
1823
1696
1667
1715
1837
1997
2182
2328
2418
2553
2649
2650
2583
2416
2238
1996
1835
1760
1719
1680
1647
1670
1785
1914
2091
2281
2419
2485
2525
2560
2567
2520
2343
2112
1833
1562
1472
1519
1650
1808
1992
2205
2399
2512
2560
2531
2372
2187
2043
2008
2037
2098
2104
2027
1864
1650
1474
1385
1397
1486
1753
2159
2614
2969
3166
3115
2793
2269
1759
1379
1152
1111
1212
1376
1574
1765
2007
2233
2386
2462
2528
2641
2785
2914
2948
2821
2429
1943
1501
1203
1065
1106
1310
1590
1898
2297
2587
2842
2928
2915
2841
2723
2626
2450
2192
1852
1512
1294
1289
1453
1692
2676
2619
2453
2221
2016
1780
1594
1577
1668
1798
2003
2220
2310
2356
2326
2229
2071
1947
1805
1773
1802
1908
2051
2273
2496
2646
2738
2724
2546
2252
1874
1510
1224
1064
1088
1300
1608
1981
2387
2704
2945
3063
2998
2814
2520
2163
1784
1448
1297
1310
1481
1814
2192
2529
2798
2949
2931
2771
2503
2157
1800
1492
1321
1272
1392
1593
1824
2031
2145
2185
2157
2109
2127
2165
2277
2424
2576
2703
2807
2812
2743
2583
2292
1940
1522
1121
895
888
1151
1561
2113
2641
3112
3363
3397
3193
2828
2313
1786
1270
907
771
895
1232
1712
2205
2608
2889
2969
2872
2621
2299
1984
1731
1547
1504
1600
1744
1980
2216
2419
2561
2535
2381
2166
1891
1679
1526
1971
2081
2191
2308
2423
2425
2311
2138
1838
1487
1209
1061
1115
1270
1455
1681
1893
2102
2343
2568
2704
2718
2651
2582
2500
2478
2527
2541
2474
2229
1929
1602
1245
994
933
994
1115
1344
1713
2150
2574
3001
3358
3560
3540
3333
3098
2837
2512
2167
1797
1341
932
713
776
1025
1371
1753
2090
2388
2725
3087
3438
3628
3589
3320
2899
2362
1812
1297
818
390
71
29
317
888
1565
2279
2913
3398
3677
3877
3886
3649
3114
2447
1682
960
408
98
81
257
631
1186
1826
2503
3088
3570
3859
3898
3743
3451
3091
2639
2184
1806
1432
1152
966
943
1074
1316
1618
1972
2326
2624
2894
3174
3356
3341
3227
2997
2694
2299
1857
1402
918
468
8
3
366
1103
1944
2801
3598
4095
4095
4095
4095
3940
3144
2186
1184
332
1
3
3
4
430
1281
2219
3067
3728
4095
4095
4093
3625
2963
2213
1469
858
482
404
557
961
1481
2062
2582
3015
3314
3469
3392
3148
2799
2345
1836
1348
968
714
579
602
854
1258
1724
2231
2743
3205
3478
3569
3456
3122
2646
2052
1522
1058
755
672
791
1069
1439
1909
2402
2798
3095
3333
3427
3362
3133
2816
2416
1950
1463
1061
794
643
690
912
1311
1767
2276
2809
3254
3582
3726
3724
3549
3146
2611
2011
1408
883
493
343
399
638
1052
1570
2139
2684
3175
3602
3902
4008
3974
3778
3391
2846
2176
1504
841
242
2
0
0
59
588
6
2
1
1
0
1
175
936
1765
2527
3248
3881
4095
4095
4095
4095
4095
4095
3926
3264
2493
1732
1039
408
3
0
1
1
0
1
182
735
1366
1965
2589
3166
3623
3977
4095
4095
4095
4095
4095
3979
3740
3431
3045
2623
2143
1667
1245
866
575
399
307
286
345
482
677
956
1281
1636
2050
2476
2901
3313
3656
3894
4051
4094
3998
3762
3447
3016
2585
2132
1673
1201
730
318
2
1
2
3
6
323
786
1286
1807
2319
2750
3120
3409
3606
3722
3688
3598
3432
3195
2842
2456
2074
1691
1375
1102
941
891
953
1139
1444
1751
2021
2288
2479
2588
2588
2560
2468
2319
2141
1979
1781
1636
1549
1498
1541
1632
1798
3029
2953
2912
2850
2797
2744
2672
2593
2534
2435
2321
2202
2050
1871
1672
1496
1294
1080
886
701
515
363
240
182
187
248
345
554
816
1110
1457
1853
2302
2712
3174
3600
3990
4095
4095
4095
4095
4095
4095
4095
4095
4095
4095
4095
3717
3086
2401
1669
912
178
0
0
0
2
1
0
0
0
1
0
0
1
221
1047
1885
2690
3465
4095
4095
4095
4095
4095
4095
4095
4095
4095
4095
4095
4095
4095
4070
3425
2732
1985
1222
523
0
0
0
0
1
3
0
0
2
0
2
1
0
396
1071
1748
2379
2978
3522
4032
4095
4095
4095
4095
4095
4095
4095
4095
4095
4095
3948
3439
2907
2356
1855
1406
1006
730
