2112
2114
2110
2099
2104
2122
2113
2104
2103
2104
2106
2100
2106
2112
2106
2094
2107
2118
2109
2102
2107
2113
2106
2104
2114
2106
2103
2104
2096
2088
2087
2099
2089
2086
2084
2100
2082
2078
2084
2090
2078
2082
2086
2086
2073
2083
2094
2088
2079
2096
2101
2099
2082
2093
2098
2088
2082
2085
2094
2091
2093
2097
2097
2106
2081
2092
2089
2089
2093
2090
2090
2105
2084
2084
2088
2094
2086
2073
2092
2096
2080
2073
2082
2095
2085
2072
2060
2061
2072
2064
2062
2053
2050
2048
2054
2052
2056
2035
2050
2040
2038
2038
2037
2050
2035
2035
2036
2045
2052
2048
2045
2057
2060
2060
2062
2056
2065
2058
2068
2064
2068
2063
2058
2073
2067
2066
2064
2070
2063
2059
2064
2064
2056
2035
2042
2045
2057
2046
2052
2061
2056
2045
2048
2036
2042
2050
2036
2037
2060
2037
2031
2034
2036
2025
2034
2035
2043
2027
2024
2026
2029
2011
2025
2024
2032
2031
2019
2015
2031
2014
2013
2017
2026
2022
1998
2008
2031
2010
2015
2011
2030
2024
2017
1992
2018
2031
2033
2023
2046
2031
2010
2018
2026
2034
2010
2030
2028
2033
2043
2037
2046
2043
2044
2045
2049
2065
2054
2050
2080
2080
2069
2057
2073
2076
2072
2070
2093
2088
2075
2078
2088
2096
2091
2102
2100
2120
2111
2117
2117
2132
2126
2125
2132
2149
2147
2144
2137
2150
2150
2157
2163
2162
2158
2157
2165
2161
2153
2154
2156
2172
2164
2157
2167
2170
2175
2180
2073
2071
2078
2102
2102
2109
2102
2143
2155
2170
2176
2191
2207
2200
2209
2206
2175
2158
2131
2108
2069
2025
1974
1969
1909
1846
1820
1826
1813
1804
1813
1821
1839
1835
1877
1911
1920
1945
1960
1978
1964
1965
1951
1929
1924
1891
1871
1853
1841
1848
1847
1857
1874
1890
1936
1988
2046
2112
2153
2207
2268
2307
2329
2359
2383
2373
2368
2352
2324
2295
2260
2248
2219
2183
2168
2173
2171
2168
2190
2207
2235
2266
2289
2331
2357
2389
2412
2433
2436
2410
2384
2384
2343
2292
2241
2190
2160
2104
2056
2022
1987
1971
1969
1964
1976
1991
1990
2000
2033
2050
2073
2079
2111
2116
2095
2075
2079
2071
2050
2016
1994
1970
1940
1924
1894
1877
1871
1874
2251
2262
2286
2302
2308
2292
2275
2251
2212
2170
2111
2063
1996
1946
1896
1866
1841
1829
1832
1849
1883
1904
1936
1973
2015
2028
2054
2101
2120
2148
2171
2202
2244
2282
2297
2324
2344
2348
2315
2300
2253
2220
2169
2135
2108
2084
2056
2035
2022
2027
1993
1982
1962
1937
1914
1898
1878
1878
1878
1892
1928
1967
2020
2056
2104
2160
2202
2230
2272
2301
2320
2321
2310
2311
2302
2260
2234
2192
2153
2128
2072
2023
1971
1936
1905
1876
1860
1858
1873
1901
1932
1986
2055
2099
2159
2210
2256
2274
2299
2314
2315
2304
2279
2259
2216
2177
2130
2097
2048
1994
1952
1896
1868
1836
1829
1831
1854
1904
1960
2033
2129
2224
2300
2376
2418
2466
2464
2443
1904
1922
1950
1995
2039
2072
2087
2106
2140
2151
2169
2207
2225
2227
2208
2166
2109
2023
1934
1878
1823
1803
1838
1918
1997
2075
2129
2175
2188
2185
2165
2123
2088
2080
2076
2100
2142
2186
2221
2249
2266
2254
2210
2158
2070
2010
1960
1929
1935
1976
2020
2068
2116
2181
2208
2235
2233
2219
2204
2155
2108
2078
2042
1997
1971
1968
1969
1992
2058
2128
2224
2316
2370
2382
2348
2292
2190
2099
2001
1944
1908
1905
1911
1915
1928
1927
1940
1957
1983
2031
2080
2142
2185
2198
2194
2186
2176
2182
2170
2183
2196
2195
2179
2127
2067
2029
1990
1969
1950
1944
1939
1933
1916
1923
1962
2007
2068
2141
2202
2246
2246
2256
2250
2232
2212
2184
2136
2080
2566
2523
2463
2387
2227
2026
1841
1705
1617
1545
1541
1574
1671
1818
1996
2201
2344
2437
2421
2396
2347
2288
2245
2213
2136
2018
1891
1815
1784
1834
1935
2062
2162
2218
2247
2249
2231
2212
2204
2216
2212
2175
2124
2063
2027
2040
2065
2156
2233
2259
2183
2083
1984
1911
1927
1982
2045
2053
2019
1925
1857
1835
1886
1989
2108
2203
2212
2159
2071
1980
1934
1965
2028
2110
2170
2192
2176
2156
2129
2154
2221
2306
2354
2367
2320
2236
2156
2090
2069
2075
2101
2113
2109
2078
2015
1964
1918
1920
1932
1960
2034
2103
2168
2224
2220
2178
2103
2021
1963
1937
1925
1926
1980
2037
2074
2120
2157
2163
2116
2026
1932
1862
1830
1854
1934
2070
2203
2279
1769
1785
1805
1839
1903
1996
2132
2257
2348
2368
2336
2256
2117
1966
1877
1804
1801
1864
1962
2069
2190
2276
2352
2401
2420
2448
2454
2447
2403
2337
2204
2002
1796
1617
1505
1466
1529
1666
1842
2000
2118
2232
2263
2260
2242
2252
2261
2285
2301
2296
2268
2179
2082
1975
1917
1889
1898
1936
2031
2138
2241
2296
2338
2366
2332
2262
2190
2076
1935
1809
1684
1588
1533
1513
1560
1684
1844
2016
2205
2363
2442
2459
2457
2435
2412
2408
2429
2462
2471
2428
2347
2235
2076
1903
1750
1607
1518
1482
1559
1752
2010
2300
2572
2761
2851
2833
2739
2607
2472
2272
2046
1827
1608
1449
1392
1480
1635
1853
2065
2272
2468
2595
2704
2756
2744
2618
2435
2214
1694
1573
1515
1559
1673
1814
1979
2178
2350
2498
2616
2700
2700
2603
2463
2312
2174
2062
2012
2018
2011
2020
1997
1959
1922
1844
1808
1807
1827
1875
1923
1983
2023
2020
1992
1991
1982
1978
1971
2007
2057
2102
2150
2235
2315
2354
2371
2304
2248
2135
2050
1978
1962
2008
2062
2099
2176
2234
2243
2225
2229
2224
2198
2180
2174
2149
2102
2043
2005
1992
2000
2028
2087
2138
2142
2144
2094
2015
1927
1840
1773
1733
1702
1748
1843
1948
2051
2164
2258
2320
2354
2341
2290
2252
2202
2130
2084
2065
2062
2031
1997
1989
1984
1974
1995
2051
2123
2189
2281
2361
2391
2376
2335
2320
2281
2271
2297
2326
2360
2326
2274
2218
2132
2020
1978
1943
1931
1905
2263
2606
2898
3087
3168
3123
2937
2634
2304
1983
1734
1563
1460
1438
1411
1408
1422
1495
1588
1705
1864
2024
2198
2368
2520
2658
2753
2781
2741
2644
2448
2204
1975
1755
1574
1470
1433
1489
1591
1762
1957
2118
2245
2278
2242
2140
2026
1934
1926
2008
2140
2273
2385
2454
2462
2406
2312
2214
2130
2037
1950
1904
1912
1945
1972
2018
2004
1974
1926
1882
1872
1877
1889
1934
1970
2060
2167
2330
2527
2662
2732
2690
2588
2408
2229
2069
1897
1759
1606
1491
1455
1535
1696
1894
2060
2154
2178
2192
2232
2325
2451
2512
2533
2445
2317
2176
2102
2085
2040
1932
1771
1632
1547
1604
1776
2013
2184
2297
2367
2443
2548
2636
2660
2617
2463
2242
2011
1858
2660
2466
2205
1924
1694
1590
1601
1671
1767
1870
2006
2151
2308
2458
2588
2617
2588
2492
2316
2149
1989
1806
1630
1448
1326
1266
1338
1584
1952
2381
2824
3184
3364
3341
3110
2772
2353
1927
1583
1340
1220
1211
1280
1454
1680
1988
2327
2647
2863
2949
2862
2611
2281
1944
1653
1450
1354
1307
1336
1384
1458
1578
1783
2080
2423
2774
3092
3285
3328
3216
2978
2684
2352
2009
1684
1418
1201
1046
986
1065
1307
1637
2036
2449
2776
2939
2950
2849
2678
2470
2275
2116
1980
1841
1690
1566
1448
1442
1520
1736
2005
2292
2536
2659
2662
2528
2320
2110
1919
1800
1755
1756
1798
1872
1971
2082
2215
2360
2450
2506
2518
2425
2295
2112
1933
1822
1756
1785
1262
991
806
766
856
1044
1340
1737
2120
2454
2705
2872
2934
2901
2832
2736
2598
2459
2274
2038
1782
1536
1319
1181
1157
1272
1483
1778
2106
2468
2782
3060
3277
3410
3370
3222
2906
2444
1949
1434
1010
760
690
777
1012
1368
1758
2145
2532
2892
3186
3388
3463
3389
3112
2648
2073
1503
983
642
495
535
691
910
1217
1499
1814
2112
2393
2662
2865
2984
2981
2896
2773
2684
2656
2642
2648
2618
2484
2228
1897
1553
1265
1120
1120
1272
1533
1861
2237
2612
2920
3110
3169
3035
2740
2348
1952
1628
1451
1446
1584
1798
2039
2234
2350
2376
2333
2277
2210
2141
2088
2006
1860
1723
1617
1609
1623
1696
1756
1775
1739
1720
1709
1746
1817
1936
2376
2623
2744
2668
2417
2082
1753
1535
1453
1526
1699
1928
2132
2328
2481
2582
2674
2788
2902
3032
3139
3186
3140
2985
2698
2294
1870
1483
1123
856
706
659
679
754
890
1078
1322
1607
1934
2279
2626
2894
3110
3197
3187
3081
2937
2734
2497
2209
1879
1559
1229
934
719
616
597
764
1079
1516
2045
2564
3021
3334
3440
3373
3136
2784
2385
1964
1623
1368
1211
1147
1154
1256
1420
1690
2005
2392
2778
3098
3295
3362
3252
2972
2566
2048
1552
1088
749
603
678
942
1398
2001
2672
3338
3902
4095
4095
4095
4095
3569
2824
1978
1112
390
2
2
2
42
616
1387
2220
3027
3713
4095
4095
4095
4095
3597
2916
2138
1379
686
141
1
3
3
1
1
3
1
226
1501
2957
4095
4095
4095
4095
4095
4095
4095
3402
1858
436
2
2
2
2
0
3
676
1714
2592
3249
3640
3817
3790
3646
3419
3176
2987
2828
2702
2580
2474
2322
2094
1778
1381
917
418
1
0
2
2
1
190
952
1895
2920
3902
4095
4095
4095
4095
4095
4095
3720
2662
1524
491
2
2
2
4
1
3
14
779
1755
2719
3608
4095
4095
4095
4095
4095
4095
4095
3800
3078
2320
1608
963
456
112
1
1
7
159
378
719
1161
1698
2300
2899
3412
3835
4095
4095
4095
4095
4067
3693
3131
2424
1666
908
259
0
1
2
87
701
1516
2436
3334
4083
4095
4095
4095
4095
3946
2309
1935
1608
1370
1224
1167
1152
1184
1226
1296
1386
1500
1632
1832
2064
2307
2556
2767
2909
2944
2878
2694
2424
2086
1764
1476
1286
1164
1132
1197
1307
1442
1541
1632
1708
1761
1815
1879
1975
2096
2242
2388
2544
2681
2784
2864
2906
2943
2984
3064
3199
3389
3580
3728
3787
3681
3388
2872
2192
1410
574
2
2
3
2
3
2
1
661
1598
2495
3317
4022
4095
4095
4095
4095
4095
4095
4095
3582
2874
2095
1286
467
0
1
2
1
1
1
3
498
1409
2308
3119
3748
4095
4095
4095
3885
3424
2892
2366
1890
1482
1215
1089
1115
1260
1480
1770
2072
2334
2533
2666
2686
2649
2561
2404
2208
1965
1691
1402
1117
899
748
726
4095
4095
4095
4095
3854
3062
2176
1255
362
2
1
2
1
2
2
3
500
1433
2376
3260
4000
4095
4095
4095
4095
4095
4095
4095
3524
2773
1992
1237
545
4
2
2
1
1
3
287
930
1637
2358
3034
3596
4018
4095
4095
4095
3895
3500
3027
2479
1875
1250
632
78
3
1
1
1
2
163
943
1873
2887
3912
4095
4095
4095
4095
4095
4095
4095
4095
3862
2688
1448
262
1
2
1
2
1
1
0
1
1
1
236
1553
2936
4095
4095
4095
4095
4095
4095
4095
4095
4095
4095
4095
4095
3894
2558
1119
2
1
1
1
1
1
2
1
2
1
1
77
1459
2917
4095
4095
4095
4095
4095
4095
4095
