2093
2096
2092
2102
2085
2076
2083
2097
2092
2086
2106
2085
2080
2087
2082
2093
2121
2111
2097
2096
2097
2094
2087
2085
2090
2115
2108
2083
2082
2087
2102
2113
2112
2097
2096
2069
2079
2088
2096
2087
2086
2085
2102
2122
2106
2105
2086
2091
2098
2116
2116
2102
2107
2070
2075
2090
2096
2099
2118
2105
2120
2099
2084
2066
2083
2066
2072
2076
2088
2105
2101
2103
2110
2078
2088
2096
2112
2092
2094
2075
2080
2098
2088
2078
2089
2104
2095
2088
2058
2089
2103
2088
2073
2097
2101
2090
2091
2075
2083
2088
2071
2098
2078
2087
2099
2091
2106
2104
2104
2071
2080
2078
2089
2076
2081
2093
2091
2082
2083
2068
2077
2088
2091
2078
2080
2097
2088
2082
2118
2121
2099
2108
2095
2092
2097
2083
2088
2115
2100
2089
2081
2086
2107
2101
2102
2090
2101
2100
2086
2077
2076
2085
2078
2105
2122
2087
2086
2100
2085
2091
2085
2101
2089
2101
2096
2084
2091
2104
2099
2084
2091
2087
2073
2093
2111
2097
2105
2086
2095
2083
2083
2066
2090
2088
2090
2109
2096
2087
2098
2093
2091
2093
2100
2092
2089
2110
2121
2105
2120
2097
2090
2115
2099
2119
2090
2101
2104
2067
2084
2091
2109
2099
2083
2077
2101
2090
2104
2101
2088
2061
2096
2111
2111
2104
2072
2109
2086
2093
2080
2100
2086
2099
2108
2110
2098
2099
2096
2112
2093
2103
2078
2080
2073
2073
2102
2094
2062
2087
2082
2050
2081
2072
2076
2085
2083
2083
2091
2089
2088
2068
2085
2088
2092
2089
2096
2102
2101
2092
2099
2101
2108
2095
2102
2088
2097
2095
2103
2080
2098
2080
2097
2087
2087
2100
2105
2114
2100
2096
2100
2080
2055
2091
2092
2113
2085
2093
2089
2093
2103
2093
2087
2090
2114
2103
2099
2099
2100
2119
2120
2098
2116
2089
2105
2097
2085
2102
2104
2096
2076
2075
2088
2096
2100
2095
2083
2081
2077
2090
2064
2101
2089
2092
2094
2094
2086
2085
2094
2098
2071
2076
2072
2088
2111
2101
2093
2102
2097
2097
2113
2082
2107
2089
2104
2088
2116
2107
2095
2078
2069
2095
2083
2081
2099
2115
2098
2103
2107
2088
2089
2069
2086
2069
2084
2090
2095
2099
2096
2101
2086
2088
2090
2093
2089
2097
2195
2179
2192
2180
2174
2160
2161
2153
2150
2151
2138
2137
2151
2128
2138
2131
2110
2112
2094
2105
2084
2071
2092
2058
2070
2075
2068
2075
2064
2047
2035
2020
2044
2029
2018
2035
2016
2023
2014
2010
2021
2009
1991
1988
2017
2021
2019
1980
1968
1977
1984
1994
1983
1983
2001
1996
1980
1982
1980
1995
2005
2011
1984
2006
2026
2032
2008
2010
2036
2033
2044
2056
2079
2063
2103
2083
2098
2104
2105
2094
2095
2121
2127
2120
2137
2134
2124
2112
2127
2168
2136
2129
2148
2128
2115
2116
2104
2113
2107
2109
2111
2098
2076
2097
2094
2103
2095
2115
2110
2106
2131
2114
2129
2104
2103
2110
2081
2097
2091
2097
2078
2081
2081
2082
2071
2083
2074
2060
2064
2041
2071
2069
2097
2106
2124
2147
2154
2155
2152
2179
2206
2197
2214
2217
2207
2175
2136
2143
2147
2117
2101
2075
2043
2017
1985
1968
1962
1931
1956
1969
1967
1986
2009
2038
2040
2054
2072
2059
2086
2135
2136
2148
2181
2210
2210
2150
2120
2081
2020
1986
1940
1933
1909
1908
1943
1978
2014
2065
2078
2113
2128
2141
2157
2180
2203
2186
2219
2238
2229
2262
2259
2221
2238
2197
2162
2113
2058
1983
1961
1951
1947
1974
1987
2015
2081
2105
2151
2197
2214
2246
2235
2182
2152
2132
2120
2137
2139
2152
2168
2129
2090
2034
1966
1916
1853
1844
1856
1880
1918
1976
2015
2072
2109
2150
2180
2238
2284
2284
2286
2261
2247
2208
2160
2109
2084
2056
2113
2094
2052
2060
2073
2080
2066
2076
2078
2069
2092
2106
2118
2112
2124
2139
2120
2111
2078
2043
2009
1986
1968
1978
1990
2003
2074
2107
2137
2149
2162
2159
2127
2076
2024
2002
1966
1952
1960
1999
2020
2098
2120
2153
2173
2150
2091
2069
2066
2031
2029
2056
2074
2131
2154
2201
2220
2173
2132
2085
2020
1965
1968
1955
1988
2024
2101
2170
2227
2255
2220
2154
2074
1986
1904
1854
1859
1908
2017
2129
2243
2357
2377
2387
2331
2249
2128
2013
1929
1905
1913
1990
2069
2196
2254
2331
2303
2238
2156
2065
1940
1883
1856
1849
1928
2021
2141
2205
2252
2249
2212
2168
2109
2027
1988
1981
2009
2073
2143
2205
2225
2224
2185
2122
2047
1948
1901
1875
1957
1883
1848
1824
1855
1971
2046
2142
2254
2333
2324
2272
2291
2257
2195
2103
2060
2032
1954
1964
1994
2025
2086
2138
2190
2216
2218
2138
2108
2083
1998
1980
1967
1981
1993
2041
2100
2152
2198
2198
2235
2261
2257
2182
2125
2044
1972
1884
1878
1934
1955
1967
2038
2113
2161
2206
2300
2296
2281
2211
2104
2027
2002
1909
1879
1860
1876
1891
1990
2123
2196
2250
2308
2283
2214
2147
2064
1984
1947
1958
1981
2057
2154
2234
2293
2344
2313
2254
2176
2125
2047
1976
1957
1919
1887
1916
2000
2065
2109
2189
2215
2237
2218
2211
2145
2103
2072
2014
1955
1939
1936
1966
2009
2055
2130
2213
2258
2232
2194
2153
2059
2045
2036
2092
2133
2188
2188
2208
1944
1950
1987
2036
2104
2168
2199
2212
2189
2142
2107
2086
2074
2082
2075
2079
2085
2069
2040
2032
2036
2067
2144
2235
2287
2282
2245
2127
2030
1966
1960
2012
2127
2270
2365
2379
2320
2191
2079
1964
1928
1940
2021
2126
2211
2208
2196
2162
2123
2079
2056
2013
1998
2006
2000
2014
2083
2150
2169
2221
2218
2156
2037
1968
1906
1915
1988
2106
2218
2299
2295
2184
2051
1897
1757
1767
1890
2086
2207
2296
2335
2268
2159
2001
1919
1963
2088
2223
2399
2434
2347
2171
1986
1809
1746
1779
1932
2067
2174
2257
2266
2199
2055
1991
1945
1961
1985
2041
2120
2181
2189
2190
2159
2106
2096
2055
2036
2038
2041
2071
2156
2214
2234
2238
2176
2082
1989
1925
2018
1929
1958
2030
2191
2262
2269
2308
2308
2206
2103
2009
1984
1956
1944
2001
2051
1997
2014
2137
2214
2184
2123
2115
2051
1956
1960
2055
2108
2199
2213
2214
2135
2012
1932
2001
2073
2104
2163
2267
2351
2336
2299
2228
2010
1863
1863
1912
1905
1959
2138
2230
2237
2258
2305
2307
2289
2232
2147
2090
2020
2012
2062
2201
2177
2127
2163
2211
2173
2158
2197
2178
2053
2014
2055
2067
2084
2108
2170
2153
2071
1969
1889
1883
1904
1942
2047
2219
2261
2192
2086
1968
1859
1758
1794
1936
2017
2066
2131
2201
2164
2096
2076
2066
2008
1977
2034
2037
2005
2016
2062
2112
2133
2154
2194
2235
2229
2099
1982
1977
2057
2152
2206
2214
2134
2048
2009
2025
1853
1911
2035
2221
2322
2359
2357
2325
2212
2118
2016
1936
1986
2067
2143
2117
2055
1908
1869
1903
1971
2092
2171
2158
2148
2123
2073
2016
1913
1810
1795
1924
2163
2352
2406
2264
2005
1846
1808
1855
1978
2085
2200
2226
2173
2130
2039
1987
2006
2016
2024
2017
2002
2001
2068
2139
2177
2174
2076
1954
1830
1831
1907
2063
2220
2320
2340
2323
2311
2331
2294
2237
2117
2014
1975
1973
2060
2135
2232
2318
2327
2206
2056
1943
1932
1951
1997
1985
1952
1948
1976
2075
2156
2176
2115
2002
1960
1935
1914
1895
1902
1999
2216
2465
2538
2381
2069
1763
1659
1752
1971
2135
2270
2390
2471
2450
2311
2111
1948
1857
1780
1736
1751
1925
2139
2292
2301
2235
1821
1609
1680
2003
2317
2390
2156
1972
1969
2105
2094
1941
1903
2033
2226
2264
2160
1983
1931
1958
1988
1990
2025
2111
2198
2201
2147
2043
1968
1943
1903
1958
2063
2180
2283
2278
2235
2182
2136
2120
2089
2046
2092
2112
2142
2128
2052
2040
2070
2130
2176
2224
2314
2383
2394
2320
2135
2005
1927
1888
1893
1992
2130
2255
2315
2296
2184
2058
1914
1804
1783
1859
2113
2376
2545
2513
2411
2193
2036
1880
1811
1826
1968
2179
2370
2405
2343
2182
1994
1846
1789
1837
1924
2081
2196
2310
2320
2268
2134
2000
1898
1873
1908
2023
2159
2313
2416
2419
2353
2225
2077
1964
1882
1844
1901
1996
2135
2278
2317
2233
2128
1940
1843
1811
1845
1962
2092
2195
1769
1869
2078
2251
2334
2215
2150
2080
2009
1974
2068
2298
2455
2438
2251
2051
1891
1762
1692
1792
2056
2248
2238
2180
2115
2143
2176
2162
2088
1928
1763
1685
1720
1839
1964
2125
2195
2196
2152
2142
2114
2021
1872
1759
1883
2058
2174
2199
2271
2298
2220
2105
2076
2096
1985
1739
1700
1952
2266
2324
2249
2279
2376
2219
1936
1816
1903
1952
1925
1952
2228
2535
2512
2302
2185
2129
1963
1715
1700
2029
2421
2543
2480
2379
2204
1896
1624
1644
1919
2207
2327
2301
2329
2299
2200
2088
2086
2137
2109
1956
1951
2202
2437
2496
2403
2200
2062
1956
1934
2047
2116
2015
1740
1579
1603
1827
2081
2182
2080
1860
1730
1785
1982
2146
2286
2349
2312
2171
1853
2234
2637
2872
2840
2504
2061
1670
1476
1547
1824
2208
2508
2618
2484
2163
1794
1533
1544
1788
2179
2584
2820
2806
2579
2164
1718
1429
1412
1637
1981
2275
2435
2450
2335
2102
1831
1684
1723
1911
2154
2361
2457
2408
2260
2015
1782
1691
1784
2056
2345
2493
2500
2383
2166
1936
1751
1720
1884
2116
2298
2352
2297
2149
1991
1879
1884
1988
2172
2292
2321
2240
2076
1896
1859
1918
2084
2268
2357
2321
2211
2079
2009
2066
2249
2470
2572
2546
2344
2035
1711
1511
1585
1855
2248
2566
2704
2559
2209
1782
1494
1413
1567
1929
2342
2660
2744
2526
2113
1665
1342
1280
1464
1830
2286
2572
2636
2441
2087
1652
1376
1384
1678
2166
2683
2984
3057
2825
3085
2872
2375
1777
1248
1248
1856
2453
2559
2429
2367
2426
2480
2624
2620
2209
1415
896
1122
1714
2251
2512
2477
2215
1998
2031
2306
2365
2179
2017
2005
2114
2318
2562
2731
2354
1637
1309
1377
1588
1701
1816
2093
2300
2384
2703
3095
3200
2851
2356
1897
1393
961
928
1177
1389
1603
1964
2408
2718
3022
3316
3373
3022
2392
1756
1232
938
879
1161
1521
1871
2296
2710
3018
3079
2865
2426
1863
1500
1595
1922
2192
2290
2290
2223
2078
1916
1904
1989
2008
1880
1888
2155
2376
2365
2308
2403
2392
2050
1741
1765
1871
1740
1580
1607
1837
2035
2220
2554
2816
2799
2522
2144
1812
1605
1549
1543
1534
1755
2094
2274
2272
2371
2563
2514
2327
2259
1661
1649
1750
1890
1988
2094
2208
2359
2535
2600
2512
2380
2163
1970
1783
1689
1694
1821
1976
2225
2436
2589
2672
2636
2455
2220
2054
1981
2016
2049
2026
2039
2089
2140
2043
1906
1719
1580
1473
1438
1525
1817
2349
2883
3153
3131
2877
2506
2083
1659
1295
1161
1406
1900
2432
2758
2859
2787
2622
2271
1796
1443
1369
1611
2013
2456
2900
3273
3358
2990
2341
1689
1254
1096
1077
1215
1558
2038
2580
2884
2922
2716
2392
1941
1547
1246
1144
1339
1761
2296
2788
3082
3096
2824
2257
1548
921
651
783
1260
1888
2417
2728
2780
2629
2297
1860
1476
1370
1582
2039
2424
2644
2609
2455
2299
2057
1865
1792
1947
2255
2528
2551
2280
1871
1525
1368
1527
