2092
2095
2092
2095
2090
2086
2085
2096
2100
2099
2096
2099
2083
2086
2096
2093
2090
2095
2095
2097
2095
2102
2091
2102
2102
2093
2104
2106
2101
2099
2100
2098
2100
2106
2105
2100
2089
2096
2100
2093
2103
2099
2104
2099
2104
2107
2097
2096
2093
2091
2096
2091
2104
2102
2105
2096
2098
2103
2098
2090
2101
2096
2101
2105
2105
2096
2094
2101
2091
2100
2101
2094
2096
2097
2095
2098
2098
2096
2099
2105
2097
2095
2101
2103
2098
2104
2105
2104
2098
2100
2101
2104
2100
2108
2100
2100
2097
2102
2101
2098
2107
2102
2097
2100
2102
2105
2103
2098
2090
2102
2093
2092
2096
2096
2090
2100
2098
2098
2106
2093
2095
2101
2105
2109
2096
2096
2099
2100
2103
2111
2098
2104
2108
2105
2101
2112
2108
2117
2114
2109
2107
2111
2108
2099
2096
2105
2102
2096
2100
2092
2100
2106
2098
2104
2099
2105
2113
2108
2103
2106
2108
2107
2110
2112
2111
2106
2104
2100
2104
2095
2106
2104
2110
2118
2109
2101
2101
2102
2105
2099
2097
2109
2103
2098
2101
2098
2111
2106
2102
2100
2092
2094
2095
2100
2097
2098
2099
2101
2096
2096
2095
2102
2104
2102
2101
2104
2099
2094
2101
2096
2098
2101
2096
2096
2093
2082
2081
2092
2096
2092
2083
2087
2092
2085
2082
2085
2088
2088
2085
2097
2086
2094
2097
2100
2091
2094
2080
2090
2089
2087
2086
2088
2082
2073
2088
2089
2086
2086
2084
2091
2085
2074
2083
2086
2080
2076
2078
2090
2091
2099
2082
2092
2093
2098
2090
2091
2092
2090
2092
2091
2095
2095
2090
2087
2101
2094
2104
2088
2095
2089
2091
2087
2088
2099
2082
2086
2096
2094
2087
2092
2096
2085
2085
2090
2088
2085
2089
2094
2098
2094
2089
2088
2095
2079
2097
2102
2095
2100
2100
2099
2096
2093
2091
2094
2096
2092
2085
2082
2088
2100
2088
2101
2092
2095
2101
2098
2092
2100
2093
2094
2096
2098
2092
2089
2086
2105
2101
2106
2094
2092
2087
2096
2090
2084
2085
2094
2094
2089
2092
2090
2110
2106
2093
2101
2091
2103
2100
2101
2100
2114
2106
2099
2114
2111
2110
2101
2101
2114
2107
2104
2110
2108
2111
2114
2114
2112
2115
2112
2114
2110
2102
2118
2113
2117
1940
1959
1973
2001
2029
2068
2109
2149
2203
2238
2248
2259
2249
2230
2204
2174
2136
2110
2095
2078
2066
2053
2049
2043
2042
2038
2044
2050
2082
2118
2147
2176
2210
2228
2223
2237
2221
2213
2181
2158
2114
2081
2025
1974
1952
1926
1872
1841
1808
1789
1818
1832
1880
1942
2001
2064
2134
2194
2230
2258
2296
2316
2326
2323
2324
2314
2289
2240
2208
2138
2074
2020
1967
1920
1888
1880
1872
1866
1886
1898
1930
1961
2008
2054
2112
2152
2208
2248
2257
2260
2257
2234
2208
2176
2158
2140
2128
2116
2126
2120
2116
2110
2117
2126
2118
2126
2138
2141
2148
2159
2160
2168
2157
2131
2098
2061
2022
1998
1982
1948
1923
1918
1913
1894
1894
1901
1922
1943
1996
2070
2078
2089
2129
2240
2343
2387
2308
2152
2024
1977
1982
2008
2025
2042
2053
2078
2116
2126
2130
2113
2095
2087
2042
1978
1925
1900
1895
1938
2008
2060
2076
2067
2059
2064
2086
2084
2080
2037
1993
1993
2016
2077
2108
2053
1990
1965
2001
2084
2164
2175
2097
2024
1978
1975
2008
2038
2047
2076
2105
2193
2247
2271
2190
2084
1988
1922
1953
2026
2079
2102
2094
2057
2014
1981
1956
1926
1963
2051
2180
2291
2301
2248
2169
2172
2241
2279
2214
2063
1885
1845
1976
2160
2256
2228
2143
2104
2226
2376
2414
2254
1967
1756
1714
1820
1977
2059
2031
1991
2040
2178
2347
2445
2444
2370
2290
2258
2230
2130
1979
1833
1752
1794
1943
2148
2329
2439
2146
2178
2246
2280
2248
2096
1940
1854
1925
2090
2250
2307
2241
2134
2024
2000
1998
2042
2110
2174
2193
2256
2256
2193
2066
1958
1918
1976
2129
2302
2420
2421
2292
2040
1813
1744
1822
1971
2144
2256
2291
2245
2152
2059
1999
1980
2024
2152
2284
2322
2312
2230
2056
1877
1743
1774
1952
2234
2492
2583
2489
2233
1977
1792
1770
1865
2044
2219
2339
2374
2377
2290
2138
1947
1845
1893
2065
2280
2376
2271
2038
1880
1889
1952
2022
2069
2132
2204
2238
2197
2098
1997
1987
2035
2133
2222
2264
2232
2104
1973
1911
1915
1977
2064
2131
2182
2167
2102
1987
1854
1824
1972
2145
2265
2244
2176
2079
1972
1859
1754
1734
1886
2135
2312
2359
2288
2168
2026
2121
2192
2229
2254
2254
2199
2065
1956
1915
1951
2009
2034
2051
2066
2126
2207
2206
2102
1952
1870
1953
2152
2305
2346
2240
2076
1992
2032
2148
2223
2210
2121
1973
1884
1959
2126
2248
2260
2139
1987
1876
1887
2032
2234
2366
2313
2123
1940
1878
2006
2229
2384
2377
2210
1968
1841
1866
2001
2164
2258
2268
2250
2183
2070
1993
1935
1904
1989
2143
2296
2388
2384
2242
2019
1811
1723
1864
2212
2565
2623
2320
1838
1544
1659
2103
2559
2728
2499
2076
1717
1624
1807
2108
2342
2389
2287
2100
1929
1824
1816
1949
2147
2332
2399
2318
2134
1995
1969
2062
2158
2173
2106
2046
2061
2136
2189
2198
2129
2029
1958
1985
2135
2292
2324
2164
1896
1714
1765
2221
2294
2338
2226
2110
2033
1924
2003
2171
2235
2268
2144
2033
2048
2021
2133
2315
2224
2047
1987
1961
2064
2213
2207
2182
2215
2153
1979
1924
2105
2313
2335
2192
1972
1875
1950
2055
2213
2353
2290
2151
2074
2065
2108
2200
2195
2014
1866
1904
2039
2160
2221
2081
1869
1880
2066
2176
2257
2289
2186
2054
1974
1918
1950
2124
2269
2218
2091
1945
1863
1873
2016
2286
2495
2391
2091
1825
1779
1950
2224
2322
2136
1880
1836
2009
2217
2318
2276
2111
1918
1824
1956
2247
2448
2423
2244
1989
1765
1774
2006
2217
2172
2062
2108
2175
2031
1832
1904
2206
2338
2141
1884
1890
2066
2155
2031
1851
1853
2053
2244
2255
2140
2040
1942
1952
2116
2311
2360
2024
2305
2484
2362
2237
2069
1948
1985
2004
2087
2193
2266
2224
2127
2038
1944
2007
2133
2287
2360
2214
2102
1986
1940
2066
2166
2290
2263
2075
2010
1970
2032
2187
2287
2189
2031
1993
1903
2065
2376
2297
2204
2118
1899
1952
2186
2351
2347
2195
1924
1719
1934
2246
2444
2614
2346
1865
1698
1702
1977
2329
2270
1985
1875
1790
1973
2499
2570
2317
2155
1790
1675
1991
2154
2178
2184
1998
1776
1986
2286
2353
2370
2169
1926
2008
2222
2218
1971
1816
1850
1912
2040
2206
2143
2168
2260
2044
1819
1824
1923
2191
2329
2295
2264
2023
1740
1856
2320
2570
2307
2041
1938
1896
2122
2220
2110
2032
1945
2064
2248
2250
2097
1867
1896
2212
2384
2316
2124
2856
2113
1520
1425
1495
1658
2212
2938
2952
2250
1802
2037
2284
2205
1887
1801
2232
2301
1713
1655
2221
2472
2276
1956
1938
2332
2414
1857
1394
1436
1740
1989
2129
2512
2958
2686
1867
1321
1426
2007
2459
2384
2110
2052
2158
2136
2311
2790
2748
2123
1456
1213
1639
2424
2866
2836
2852
2629
1900
1404
1246
1458
2255
2667
2453
2400
2216
1940
1707
1412
1740
2481
2819
2784
2339
1872
1812
1806
1950
2438
2763
2616
2224
1668
1322
1649
2101
2259
2530
2582
2131
1817
1769
1650
1973
2414
2297
2110
2001
1842
1930
1899
1733
1863
2175
2338
2209
1940
1753
1840
2246
2544
2505
2150
1563
1359
1705
2304
2759
2531
1927
1383
1235
1903
2800
3066
2839
2293
