2088
2080
2096
2085
2068
2091
2082
2098
2086
2085
2109
2088
2072
2091
2107
2090
2101
2091
2084
2081
2093
2111
2074
2096
2112
2099
2099
2087
2101
2091
2098
2103
2103
2098
2099
2093
2084
2080
2089
2080
2088
2088
2100
2095
2106
2096
2103
2094
2093
2097
2084
2103
2090
2107
2100
2107
2111
2079
2078
2091
2100
2106
2085
2082
2068
2097
2093
2086
2084
2098
2098
2106
2099
2093
2087
2093
2095
2100
2099
2091
2097
2101
2094
2095
2096
2094
2101
2107
2105
2098
2107
2091
2081
2086
2083
2074
2098
2080
2104
2102
2092
2096
2105
2095
2094
2092
2093
2088
2107
2119
2097
2091
2088
2071
2099
2100
2095
2094
2086
2091
2075
2094
2095
2100
2100
2089
2067
2088
2089
2087
2085
2086
2096
2080
2084
2074
2086
2074
2104
2101
2082
2072
2085
2097
2083
2097
2100
2096
2102
2099
2116
2106
2095
2083
2096
2095
2103
2108
2111
2115
2113
2088
2095
2085
2089
2088
2090
2087
2106
2097
2073
2108
2103
2091
2094
2090
2090
2080
2101
2090
2100
2111
2096
2098
2092
2110
2078
2089
2084
2095
2090
2089
2083
2075
2084
2111
2110
2087
2080
2096
2111
2102
2084
2089
2084
2093
2101
2112
2095
2077
2074
2098
2115
2093
2097
2110
2113
2093
2102
2110
2095
2079
2082
2082
2084
2076
2084
2089
2088
2067
2052
2049
2066
2087
2085
2114
2097
2088
2080
2088
2086
2095
2095
2069
2090
2085
2088
2079
2094
2090
2098
2095
2105
2081
2080
2060
2076
2077
2082
2103
2088
2095
2094
2094
2074
2083
2102
2086
2096
2109
2095
2096
2105
2081
2087
2095
2097
2088
2100
2102
2079
2089
2097
2087
2092
2103
2090
2105
2074
2076
2106
2115
2106
2097
2100
2084
2083
2114
2104
2089
2064
2076
2078
2106
2080
2068
2082
2104
2111
2085
2096
2085
2077
2079
2076
2076
2057
2100
2096
2088
2081
2093
2099
2088
2090
2089
2074
2071
2076
2097
2096
2090
2096
2101
2096
2076
2088
2079
2073
2096
2107
2115
2095
2062
2104
2116
2112
2103
2106
2094
2093
2094
2097
2104
2104
2089
2079
2081
2093
2088
2100
2103
2097
2106
2085
2080
2103
2085
2094
2094
2087
2103
2114
2094
2072
2094
2101
2085
2071
2095
2100
2079
2096
2095
2082
2030
2058
2076
2069
2085
2070
2071
2046
2052
2049
2051
2021
2038
2057
2052
2069
2075
2077
2078
2057
2043
2082
2068
2067
2054
2050
2062
2073
2073
2070
2086
2069
2062
2073
2067
2097
2083
2076
2076
2079
2031
2076
2076
2070
2070
2073
2091
2080
2062
2079
2075
2088
2091
2093
2115
2088
2108
2093
2112
2082
2088
2080
2093
2062
2082
2068
2073
2069
2054
2071
2078
2074
2085
2086
2070
2063
2077
2082
2070
2074
2066
2083
2076
2078
2077
2075
2075
2068
2072
2072
2083
2094
2103
2101
2092
2085
2088
2091
2102
2112
2098
2091
2118
2125
2116
2126
2119
2106
2104
2100
2124
2107
2091
2115
2130
2131
2135
2140
2117
2118
2112
2106
2123
2128
2109
2105
2125
2151
2172
2175
2223
2228
2248
2237
2209
2220
2226
2196
2168
2156
2144
2142
2138
2096
2076
2070
2030
2036
2032
2032
2043
2032
2049
2063
2079
2039
2032
2047
2028
2023
2032
2018
2032
2058
2074
2085
2108
2118
2140
2123
2139
2141
2107
2116
2115
2152
2135
2135
2145
2153
2154
2179
2198
2199
2179
2179
2177
2134
2132
2135
2134
2081
2072
2038
1999
1989
1969
1946
1923
1957
1957
1990
2010
2044
2081
2082
2077
2128
2132
2138
2154
2164
2157
2152
2168
2178
2172
2160
2162
2154
2143
2118
2136
2107
2114
2101
2082
2051
2055
2023
1986
1968
1941
1940
1947
1944
1969
1997
2017
2056
2111
2137
2159
2196
2203
2213
2207
2192
2182
2158
2138
2121
2069
2051
2032
2099
2135
2178
2196
2233
2227
2257
2228
2190
2148
2099
2066
2024
1987
1957
1975
1964
1997
2036
2079
2118
2155
2200
2215
2197
2171
2136
2082
2042
1985
1952
1938
1929
1955
1979
2021
2049
2079
2107
2111
2149
2130
2132
2114
2109
2086
2063
2059
2064
2070
2046
2045
2044
2041
2078
2070
2074
2056
2069
2069
2052
2070
2086
2090
2099
2111
2091
2101
2113
2095
2072
2068
2009
2006
2011
1999
1998
1995
2004
2007
2031
2054
2091
2111
2110
2101
2089
2102
2099
2099
2137
2172
2200
2202
2215
2200
2215
2214
2199
2178
2139
2059
1999
1946
1890
1857
1874
1920
2003
2062
2144
2225
2257
2277
2289
2289
2298
2292
2254
2218
2187
2152
2116
2083
2040
1996
1991
1989
2065
2100
2109
2142
2140
2166
2170
2120
2161
2216
2241
2247
2193
2110
2035
1971
1932
1931
1932
1955
1995
2049
2128
2149
2116
2101
2099
2127
2195
2244
2279
2258
2233
2185
2142
2121
2129
2100
2054
2037
2055
2072
2101
2108
2137
2112
2110
2114
2148
2127
2154
2121
2061
2032
2037
2093
2110
2106
2101
2122
2159
2200
2185
2140
2095
2081
2052
2051
2018
1990
1932
1931
1948
1962
1914
1903
1960
2014
2116
2207
2213
2175
2168
2190
2211
2206
2148
2084
2048
2016
2008
1951
1868
1811
1789
1862
1998
2149
2260
2306
2285
2248
2252
2239
2227
2161
2109
2025
1959
1941
1942
2006
2010
1991
1992
2001
2046
2095
2136
2188
2217
2248
2227
2198
2186
2205
2235
2175
2124
2088
2023
2000
2019
2080
2148
2215
2253
2254
2221
2153
2097
2030
2020
2055
2094
2152
2147
2147
2146
2103
2059
2045
2038
2098
2116
2183
2238
2281
2270
2229
2168
2069
1984
1909
1868
1884
1927
1956
1987
2026
2070
2073
2096
2143
2170
2179
2188
2175
2194
2193
2218
2226
2255
2231
2207
2186
2194
2174
2198
2185
2152
2054
1942
1841
1755
1745
1790
1871
1979
2049
2054
2053
2034
2057
2107
2161
2223
2246
2225
2135
2028
1900
1824
1801
1844
1936
2009
2069
2120
2163
2199
2212
2215
2196
2200
2156
2086
2004
1935
1840
1769
1763
1771
1841
1943
2105
2211
2281
2378
2404
2428
2385
2340
2295
2274
2235
2193
2094
1993
1873
1804
1794
1843
1964
2092
2241
2040
2084
2145
2192
2235
2256
2249
2172
2112
2050
2006
1930
1920
1895
1926
1919
1969
2083
2165
2241
2295
2323
2316
2238
2169
2083
1990
1914
1864
1828
1861
1911
1973
2064
2133
2195
2261
2244
2242
2197
2124
2089
2026
1965
1923
1927
1935
1981
2056
2115
2147
2210
2186
2183
2176
2134
2107
2073
2038
2011
1976
2002
2024
2035
2072
2124
2144
2124
2157
2135
2117
2108
2082
2076
2081
2072
2080
2089
2088
2104
2086
2092
2054
2049
2025
2059
2046
2092
2120
2163
2207
2230
2222
2218
2177
2106
2057
1991
1936
1922
1950
1976
2045
2101
2176
2218
2232
2259
2234
2192
2133
2061
1962
1926
1923
1938
2016
2057
2116
2176
2236
2231
2235
2199
2128
2074
1992
1946
2090
2108
2155
2141
2151
2140
2143
2105
2002
1931
1961
2045
2136
2129
2121
2135
2192
2266
2313
2288
2239
2219
2221
2167
2072
1945
1904
1944
1967
1953
1891
1874
1897
2009
2081
2116
2144
2163
2167
2120
2036
2016
2028
2080
2136
2145
2148
2061
1980
1898
1848
1870
1932
1979
2025
2024
2028
2063
2114
2140
2138
2221
2252
2248
2195
2120
2048
2056
2108
2185
2194
2152
2163
2160
2129
2093
2036
1990
2018
2094
2138
2176
2168
2138
2107
2126
2162
2142
2115
2155
2212
2233
2225
2208
2177
2145
2116
2097
2051
2016
2023
2018
2009
2031
2047
2064
2051
2052
2084
2077
2122
2122
2119
2092
2051
2042
2048
2029
2031
2057
2104
2149
2117
2066
2018
1986
1976
1938
2070
2008
1995
1948
1961
2027
2084
2145
2190
2222
2216
2213
2144
2073
2037
1986
1957
1965
1990
2032
2097
2169
2244
2258
2256
2230
2189
2140
2085
2007
1971
1941
1928
1957
1994
2077
2149
2221
2256
2298
2276
2226
2176
2073
1991
1942
1909
1922
1984
2033
2116
2213
2278
2309
2289
2254
2175
2099
2023
1969
1932
1907
1921
1989
2051
2068
2148
2199
2197
2187
2181
2156
2130
2056
2053
2012
1978
1960
1982
2024
2064
2099
2152
2168
2198
2166
2121
2070
2025
2014
1993
1996
2033
2054
2081
2136
2168
2159
2174
2125
2078
2036
1974
1955
1998
2038
2094
2223
2310
2357
2347
2283
2140
2016
1923
1851
1796
1837
1939
2052
2172
2251
2301
2276
2226
2119
2017
1956
2210
2209
2209
2208
2185
2164
2117
2073
2043
2001
2021
2028
2079
2115
2165
2144
2093
1993
1957
1920
1874
1845
1811
1880
2020
2192
2333
2394
2442
2473
2437
2343
2190
2040
1986
1918
1877
1872
1911
1980
2040
2117
2178
2257
2343
2351
2337
2280
2267
2224
2155
2025
1864
1787
1803
1841
1856
1906
2010
2122
2195
2216
2200
2168
2140
2075
2026
2039
2040
2100
2140
2234
2291
2323
2324
2288
2207
2093
2010
1946
1897
1871
1944
2033
2149
2196
2209
2214
2212
2165
2070
1958
1876
1838
1834
1851
1888
1928
1955
2002
2067
2184
2268
2335
2398
2382
2326
2232
2136
2020
1912
1789
1744
1770
1877
1954
2073
2185
2268
2310
2338
2339
2294
2229
2142
2027
1892
1844
2062
2063
2132
2187
2235
2198
2173
2120
2064
2028
2072
2092
2113
2127
2115
2089
2062
2036
2033
2021
2034
2020
2023
2020
2046
2086
2127
2152
2181
2148
2118
2076
2108
2163
2206
2240
2208
2118
1975
1847
1793
1825
1947
2084
2232
2323
2368
2350
2233
2115
1958
1795
1708
1673
1701
1818
2012
2230
2432
2562
2555
2469
2301
2075
1884
1781
1770
1804
1879
2030
2140
2254
2307
2337
2272
2181
2044
1927
1830
1777
1786
1846
1938
2054
2170
2280
2333
2416
2431
2368
2256
2174
2035
1933
1867
1837
1880
1956
2029
2094
2175
2205
2248
2204
2152
2079
1989
1922
1895
1957
2084
2209
2297
2388
2399
2353
2279
2158
2081
2024
1936
1909
1880
1834
1832
1895
1906
1946
2181
2070
1986
1862
1785
1773
1812
1860
1930
2045
2175
2192
2206
2194
2235
2289
2306
2247
2155
2065
2038
2003
1955
1847
1760
1807
2050
2276
2341
2335
2361
2392
2360
2261
2126
2087
2137
2187
2159
2029
1819
1706
1827
2125
2418
2494
2412
2246
2111
2074
2066
2066
2003
1888
1812
1811
1889
2001
2048
2045
2071
2121
2148
2189
2201
2134
2092
2062
2088
2077
2085
2085
2066
2051
2008
2017
2057
2111
2100
2129
2164
2214
2180
2096
2067
2116
2191
2207
2145
2112
2105
2078
2028
1994
1973
1968
1987
2029
2029
2017
1985
1965
1967
2006
2020
2014
1991
2036
2065
2109
2084
2043
2058
2070
2096
2096
2106
2124
2196
2243
2299
2278
2253
2156
2056
2005
2000
2022
2323
2094
1868
1738
1652
1654
1745
1917
2110
2324
2528
2655
2649
2545
2398
2251
2127
2066
2064
2071
2039
1972
1924
1878
1926
2062
2275
2482
2623
2629
2431
2134
1767
1482
1271
1222
1330
1576
1876
2154
2380
2566
2627
2576
2448
2275
2077
1897
1801
1815
1866
1946
2004
2071
2088
2073
2116
2120
2140
2155
2093
2011
1887
1732
1635
1634
1723
1979
2245
2495
2619
2623
2506
2298
2145
2032
1997
1998
2011
2027
2030
1957
1890
1771
1647
1594
1616
1807
2075
2321
2457
2463
2407
2329
2269
2239
2195
2140
2105
2141
2195
2313
2367
2350
2343
2307
2363
2448
2494
2425
2257
2056
1918
1829
1872
1988
2108
2188
2234
2288
2329
2311
2237
2154
2121
2131
2159
2141
2444
2560
2584
2530
2395
2177
1952
1710
1501
1411
1427
1536
1680
1890
2095
2320
2565
2790
2950
2990
2841
2609
2290
1929
1636
1391
1288
1320
1472
1680
1928
2168
2373
2492
2522
2430
2276
2060
1861
1714
1709
1796
1926
2086
2208
2232
2206
2152
2110
2137
2261
2376
2446
2435
2327
2118
1922
1795
1746
1809
1947
2119
2248
2324
2335
2308
2265
2231
2210
2164
2139
2127
2142
2090
2010
1957
1896
1864
1861
1893
1949
2022
2068
2096
2098
2068
2058
2028
2021
2018
2039
2033
2056
2065
2079
2095
2133
2120
2087
2060
2025
2009
2018
2104
2212
2323
2380
2404
2371
2322
2283
2230
2184
2153
2129
2115
2118
2124
2138
2186
2211
2279
2320
2342
2311
2269
2207
2120
1924
1807
1686
1656
1759
1935
2033
1968
1779
1613
1598
1847
2234
2584
2811
2905
2822
2640
2379
2065
1820
1707
1808
2061
2316
2458
2380
2164
1925
1757
1670
1682
1816
2079
2395
2622
2625
2389
2004
1691
1660
1825
2111
2358
2525
2605
2687
2624
2398
2031
1695
1611
1801
2149
2381
2383
2216
2020
1934
1967
1985
2047
2094
2229
2460
2628
2607
2374
2035
1768
1749
1843
1940
2023
2069
2157
2290
2405
2423
2377
2305
2327
2426
2502
2457
2248
1946
1628
1407
1316
1338
1411
1549
1782
2110
2440
2664
2708
2590
2366
2232
2192
2158
2066
1912
1769
1674
1558
1444
1375
1366
1484
1734
2051
2340
2521
2566
2532
2450
2410
2417
2420
2410
2361
2297
2219
2108
1911
2198
2036
1916
1804
1752
1782
1865
1974
2123
2273
2401
2488
2539
2532
2490
2419
2308
2131
1931
1727
1606
1514
1502
1617
1753
1923
2089
2243
2361
2424
2478
2481
2448
2419
2339
2286
2245
2212
2172
2127
2065
2006
1907
1816
1691
1588
1524
1493
1575
1680
1888
2158
2374
2530
2607
2626
2521
2353
2117
1873
1642
1460
1351
1331
1408
1615
1891
2217
2472
2665
2766
2729
2597
2460
2237
2090
1925
1874
1817
1854
1968
2148
2339
2485
2544
2476
2308
2072
1842
1674
1565
1595
1708
1951
2197
2475
2681
2854
2920
2832
2591
2282
1936
1642
1422
1320
1435
1641
1904
2245
2551
2812
2952
2901
2720
2362
1958
1546
1213
1000
971
1150
1412
1796
2225
2641
2912
3058
2634
2561
2413
2281
2153
2130
2183
2247
2230
2044
1661
1189
826
661
780
1085
1449
1852
2364
2845
3256
3471
3402
3031
2472
1945
1604
1449
1456
1566
1680
1836
1952
2012
2014
1971
1871
1778
1770
1949
2297
2699
3031
3270
3235
2968
2593
2213
1897
1630
1289
1052
1048
1312
1705
2053
2233
2247
2142
2000
1995
2033
2071
2070
2173
2365
2652
2953
3159
3061
2780
2389
1963
1592
1360
1241
1261
1400
1592
1808
2010
2133
2231
2262
2312
2337
2375
2461
2638
2799
2911
2909
2758
2502
2208
1922
1667
1450
1223
1079
1026
1169
1483
1837
2178
2383
2526
2646
2768
2851
2829
2767
2714
2616
2535
2467
2393
2306
2179
2058
1852
1629
1367
1147
1007
956
1079
1345
2150
1996
1860
1693
1582
1487
1456
1494
1594
1746
1945
2131
2314
2377
2411
2457
2446
2457
2467
2469
2401
2301
2153
1979
1840
1758
1701
1735
1837
1933
2073
2184
2279
2400
2488
2577
2589
2516
2429
2304
2127
1927
1747
1582
1497
1392
1392
1462
1622
1818
2053
2283
2507
2633
2620
2527
2373
2171
2000
1836
1688
1632
1669
1768
1940
2156
2382
2595
2706
2737
2654
2429
2123
1796
1495
1252
1166
1149
1281
1544
1915
2296
2719
3080
3337
3441
3364
3082
2635
2096
1552
1089
784
705
829
1156
1647
2148
2642
3045
3320
3405
3342
3111
2743
2292
1836
1432
1168
1020
1040
1204
1485
1874
2248
2567
2787
2869
2834
2687
2422
2111
1815
1654
1551
1581
1684
1844
1973
2258
2459
2568
2666
2732
2789
2883
3019
3106
3148
3102
2922
2670
2316
1917
1524
1220
1000
855
850
888
1010
1176
1296
1474
1685
1894
2154
2374
2576
2748
2808
2851
2846
2809
2792
2773
2740
2701
2671
2599
2470
2278
2052
1765
1515
1349
1261
1281
1342
1492
1694
1860
1991
2124
2191
2187
2133
2079
2053
2104
2219
2367
2494
2575
2558
2422
2191
1934
1730
1633
1658
1739
1823
1917
1925
1860
1795
1782
1842
2000
2273
2542
2785
2971
3015
2962
2812
2662
2540
2475
2421
2457
2488
2411
2309
2121
1907
1676
1439
1217
1065
922
863
813
849
908
1016
1136
1229
1396
1620
1883
2180
2439
2681
2950
3180
3311
3424
3488
3535
3571
3591
3569
3524
3464
2115
1614
1128
666
277
3
2
2
2
1
1
1
3
44
408
777
1187
1579
1996
2364
2693
2969
3181
3330
3440
3477
3442
3405
3286
3158
3044
2916
2744
2556
2392
2217
2067
1922
1797
1684
1594
1544
1482
1476
1507
1584
1641
1736
1841
1978
2092
2228
2334
2467
2558
2668
2742
2766
2802
2816
2785
2742
2666
2557
2432
2290
2144
1947
1795
1619
1449
1278
1121
960
834
751
662
620
635
655
686
781
953
1133
1317
1544
1796
2058
2329
2568
2839
3109
3355
3588
3830
4023
4095
4095
4095
4095
4095
4095
4095
4095
4095
3960
3614
3241
2840
2374
1893
1403
929
461
14
2
0
1
1
0
0
1
1
1
0
1
0
1
931
974
1015
1034
1070
1150
1172
1226
1283
1334
1395
1488
1558
1605
1694
1787
1851
1928
2011
2110
2185
2262
2312
2386
2480
2576
2643
2696
2741
2797
2860
2920
2959
3011
3040
3063
3090
3147
3175
3166
3172
3176
3171
3177
3170
3149
3151
3116
3109
3087
3026
3022
2964
2927
2891
2848
2816
2745
2704
2657
2586
2541
2490
2426
2368
2320
2248
2209
2173
2109
2046
1995
1937
1881
1829
1804
1754
1706
1656
1625
1580
1512
1489
1448
1397
1362
1330
1300
1277
1256
1215
1196
1182
1176
1138
1112
1080
1083
1070
1049
1068
1060
1087
1091
1093
1118
1142
1145
1149
1191
1200
1237
1239
1275
1309
1326
1365
1417
1428
1459
1521
1553
1627
1636
1693
1724
1762
1806
