2091
2090
2093
2094
2074
2064
2078
2063
2088
2100
2097
2101
2108
2109
2088
2101
2074
2093
2100
2093
2086
2104
2107
2100
2089
2089
2107
2097
2093
2079
2074
2103
2108
2100
2087
2065
2095
2107
2073
2098
2119
2070
2063
2068
2090
2120
2099
2064
2084
2076
2085
2103
2093
2096
2087
2092
2106
2102
2103
2108
2094
2109
2097
2105
2105
2112
2108
2100
2100
2091
2118
2092
2084
2082
2070
2063
2065
2085
2110
2110
2080
2088
2100
2070
2101
2102
2111
2072
2076
2079
2091
2088
2088
2108
2093
2105
2106
2106
2110
2101
2094
2095
2110
2099
2107
2104
2104
2100
2102
2112
2106
2065
2084
2099
2085
2087
2100
2097
2087
2097
2090
2095
2091
2103
2095
2072
2091
2094
2089
2067
2082
2092
2085
2091
2090
2084
2094
2112
2093
2092
2086
2108
2107
2112
2073
2094
2104
2087
2094
2102
2108
2102
2107
2087
2071
2077
2101
2085
2082
2077
2090
2090
2094
2111
2070
2093
2099
2110
2112
2114
2074
2111
2104
2087
2069
2086
2097
2105
2104
2094
2082
2101
2085
2087
2071
2092
2100
2097
2095
2097
2081
2131
2086
2101
2088
2096
2104
2090
2112
2120
2104
2111
2101
2103
2091
2106
2095
2068
2088
2086
2088
2074
2083
2084
2082
2075
2079
2089
2095
2098
2104
2097
2102
2091
2126
2106
2106
2081
2078
2075
2085
2099
2097
2096
2092
2101
2084
2081
2093
2098
2087
2098
2063
2077
2069
2103
2107
2105
2091
2094
2084
2101
2117
2096
2084
2096
2092
2077
2060
2103
2085
2098
2089
2095
2092
2097
2097
2099
2092
2090
2113
2117
2118
2119
2118
2130
2126
2107
2102
2114
2124
2117
2112
2107
2136
2122
2107
2113
2120
2112
2122
2101
2118
2112
2135
2140
2129
2109
2132
2120
2118
2115
2120
2111
2097
2105
2133
2123
2120
2125
2105
2118
2108
2104
2118
2128
2103
2109
2110
2098
2085
2104
2092
2109
2086
2104
2097
2119
2095
2097
2081
2071
2073
2097
2092
2109
2099
2088
2093
2069
2070
2075
2070
2038
2074
2080
2066
2079
2068
2063
2053
2062
2040
2069
2054
2081
2075
2044
2044
2042
2021
2024
2034
2026
2033
2025
2032
2020
2002
2015
2045
2025
2027
2039
2038
2036
2022
2040
2044
2035
2026
2052
2034
2013
1957
1976
1992
1991
2014
2033
2051
2064
2075
2088
2127
2110
2111
2112
2105
2090
2061
2086
2050
2028
2038
2057
2036
2032
2051
2035
2056
2059
2079
2080
2073
2075
2096
2108
2088
2096
2136
2127
2116
2130
2156
2113
2120
2132
2097
2107
2094
2080
2085
2070
2054
2024
2028
2023
2010
1988
1992
2004
1994
2022
2027
2028
2060
2074
2068
2081
2097
2095
2083
2090
2104
2100
2100
2120
2157
2184
2155
2201
2191
2231
2223
2235
2237
2236
2214
2197
2171
2173
2133
2113
2097
2078
2064
2029
2070
2070
2082
2107
2116
2154
2187
2172
2162
2182
2155
2148
2127
2128
2114
2093
2099
2094
2106
2084
2099
2081
2114
2104
2127
2148
2175
2144
2149
2165
2178
2152
2140
2130
2162
2164
2152
2134
2103
2068
2014
2008
1999
2063
2090
2079
2126
2113
2102
2133
2150
2199
2243
2245
2260
2245
2235
2187
2136
2038
1988
1976
1927
1943
1936
1950
1967
2039
2061
2108
2120
2156
2176
2158
2192
2158
2160
2123
2116
2077
2034
1995
1961
1968
1944
1942
1944
1913
1952
1991
2012
2073
2115
2156
2201
2215
2186
2164
2139
2125
2073
2021
2004
1993
2000
1986
2016
2075
2095
2102
2146
2182
2203
2189
2164
2149
2146
2164
2138
2114
2067
2104
2089
2057
2036
2073
2061
2075
2132
2132
2157
2157
2206
2210
2231
2221
2198
2161
2088
2054
2044
2018
2016
2019
2056
2098
2108
2109
2141
2146
2125
2100
2108
2096
2094
2096
2106
2113
2099
2116
2123
2114
2026
2014
2029
2044
2063
2044
1998
1980
1987
2038
2088
2148
2190
2230
2232
2199
2130
2064
1958
1876
1842
1868
1913
1986
1981
2040
1993
1996
2017
2072
2130
2241
2281
2301
2248
2177
2096
2024
2012
2035
2068
2125
2153
2164
2146
2096
2096
2107
2112
2125
2114
2153
2150
2179
2179
2147
2059
2002
1928
1884
1931
2010
2099
2129
2197
2208
2184
2151
2144
2182
2268
2326
2343
2277
2186
2053
1907
1828
1798
1888
1961
2009
2081
2086
2087
2044
2021
1961
2012
2084
2139
2194
2259
2263
2134
2056
1964
1938
2022
2084
2174
2221
2186
2108
1971
1876
1890
1983
2078
2227
2272
2230
2176
2054
1991
1946
2014
2108
2204
2244
2181
2115
2003
1967
1956
2061
2150
2230
2144
2133
2130
2047
1992
1980
1970
1970
1995
1988
2033
2052
2133
2146
2201
2176
2149
2095
2034
2028
1981
1994
2043
2091
2134
2177
2183
2140
2087
2037
2004
1984
1982
2029
2074
2128
2210
2237
2247
2221
2158
2121
2029
1925
1869
1831
1869
1934
2025
2162
2250
2346
2400
2354
2282
2184
2050
1913
1843
1808
1800
1886
1928
2088
2184
2327
2403
2401
2348
2238
2131
2030
1964
1903
1913
1946
1993
2058
2118
2160
2166
2156
2126
2111
2094
2072
2070
2025
2026
1999
1988
1978
1964
2000
2037
2084
2123
2175
2188
2227
2225
2199
2123
2067
1998
1963
1980
1975
2037
2126
2189
2229
2260
2223
2182
2107
2044
1960
1957
1970
2044
2099
2131
2142
2148
2099
2048
1989
2088
2139
2100
2137
2203
2278
2264
2187
2191
2195
2115
2017
1919
1839
1822
1824
1820
1912
2084
2212
2278
2309
2310
2338
2249
2146
2107
2106
2066
2000
1956
1997
2044
2051
2044
2040
2066
2059
2044
2079
2155
2154
2049
1954
1898
1880
1866
1898
1983
2101
2137
2119
2060
2061
2037
2019
2052
2057
2094
2099
2052
1998
1984
2065
2077
2125
2152
2224
2218
2161
2152
2165
2200
2165
2121
2078
2028
2030
2033
2074
2159
2194
2161
2165
2185
2198
2138
2077
2082
2064
1986
1974
2010
2064
2061
2105
2154
2233
2268
2221
2184
2129
2138
2122
2142
2177
2157
2144
2114
2115
2086
2074
2115
2170
2238
2217
2144
2118
2049
1971
1883
1844
1868
1919
1939
1995
2130
2245
2080
2141
2170
2196
2190
2191
2152
2123
2107
2111
2143
2145
2162
2152
2135
2123
2136
2078
2018
1994
1903
1876
1912
1963
2040
2129
2162
2187
2111
2106
2107
2141
2189
2247
2254
2233
2194
2132
2134
2127
2114
2079
2043
2004
1934
1932
1993
2000
2066
2104
2125
2132
2139
2129
2159
2173
2089
2014
1960
1959
2061
2112
2180
2197
2183
2126
2058
2032
2020
2050
2085
2120
2113
2067
2034
1942
1874
1894
1932
2040
2134
2173
2101
2043
1969
1855
1819
1845
1959
2132
2260
2355
2351
2209
2049
1889
1837
1904
2032
2160
2238
2278
2234
2193
2130
2065
1998
1937
1935
1957
2048
2118
2176
2191
2207
2244
2241
2247
2169
2089
1998
2001
2015
2084
2183
2245
2253
2242
2272
2250
2265
2172
2090
2025
1998
1936
1878
1885
1999
2167
2310
2369
2379
2327
2198
2104
1996
1925
1888
1907
1948
2061
2140
2191
2180
2256
2280
2274
2208
2133
2057
2002
1966
2056
2147
2235
2252
2284
2246
2159
2005
1839
1728
1728
1857
2039
2172
2264
2318
2322
2285
2186
2067
1963
1896
1856
1898
2031
2177
2272
2294
2234
2177
2068
1956
1859
1835
1912
2013
2189
2290
2352
2303
2255
2197
2074
1983
1920
1902
1912
1935
1982
2032
2078
2135
2175
2172
2105
2063
2022
2095
2131
2200
2205
2159
2108
2027
1969
1998
1971
1980
1977
1959
1959
2041
2102
2205
2290
2279
2170
2116
2069
2113
2151
2161
2150
2135
2123
2133
2162
2121
2104
2045
2006
1993
2024
2384
2648
2683
2531
2279
2094
1967
1959
2033
2106
2058
1927
1831
1881
2120
2267
2310
2206
2137
2031
1914
1842
1926
2140
2270
2201
2052
2037
2195
2317
2191
2007
1844
1816
1826
1876
2030
2201
2314
2267
2177
2149
2197
2179
2099
2026
1971
1921
1901
1962
2075
2228
2224
2119
2009
2114
2294
2347
2273
2136
2073
2055
2067
2085
2150
2254
2310
2231
2130
2086
2120
2096
1985
1830
1816
2021
2257
2362
2336
2215
2094
1982
1967
1990
2061
2068
2018
1907
1883
1974
2103
2186
2111
2033
1979
2040
2080
2084
2086
2098
2056
1918
1817
1898
2152
2365
2385
2288
2256
2220
2195
2174
2161
2201
2186
2187
2213
2258
2316
2268
2181
2071
2003
2013
2064
2099
2102
2072
2266
2228
2138
2059
2015
1955
1921
1955
1990
2078
2170
2222
2249
2253
2218
2166
2126
2076
2015
1971
1911
1870
1855
1862
1915
2022
2160
2301
2434
2509
2504
2381
2190
1962
1776
1676
1706
1809
1965
2138
2251
2329
2287
2198
2084
2006
1973
1990
2041
2064
2056
2005
1934
1856
1783
1839
1977
2148
2343
2475
2520
2469
2341
2124
1945
1873
1842
1923
2086
2221
2282
2303
2232
2077
1921
1823
1835
1968
2185
2358
2470
2468
2354
2141
1900
1724
1667
1781
1994
2257
2497
2636
2649
2490
2231
1949
1732
1633
1666
1854
2064
2208
2264
2203
2102
1972
1877
1877
1986
2146
2295
2400
2393
2290
2086
1910
1825
1867
2004
2225
2408
2520
2507
2375
2124
1864
1684
1568
2248
2159
2030
1877
1842
1916
2014
2055
2078
2178
2304
2364
2248
2098
2073
2141
2221
2224
2183
2187
2228
2294
2311
2217
2079
1951
1883
1882
1947
2086
2252
2381
2401
2348
2219
2124
2129
2127
2079
1959
1864
1709
1635
1631
1758
1873
1866
1934
2071
2230
2293
2282
2242
2147
2069
2036
2124
2157
2088
2008
2064
2228
2335
2317
2148
2032
2058
2101
2019
1883
1873
1997
2080
2084
2136
2300
2434
2359
2199
2093
2121
2177
2212
2134
2096
2235
2355
2289
2035
1798
1776
1828
1771
1646
1691
1993
2295
2501
2508
2440
2339
2202
2026
1842
1752
1713
1759
1877
2020
2152
2269
2365
2393
2348
2206
2030
1821
1693
1687
1814
2034
2272
2372
2359
2351
2392
2375
2154
2523
2570
2506
2377
2204
2022
1883
1779
1725
1704
1735
1766
1881
1996
2105
2244
2375
2481
2520
2464
2355
2214
2022
1840
1690
1606
1673
1781
1949
2143
2240
2296
2284
2205
2151
2071
2030
2033
2064
2160
2261
2368
2343
2229
2051
1851
1708
1678
1692
1783
1874
1902
1933
1921
1868
1869
1852
1976
2188
2503
2774
2948
2943
2767
2383
1918
1456
1104
1015
1214
1590
2035
2374
2532
2515
2361
2192
2027
2014
2088
2246
2404
2526
2550
2483
2272
2028
1789
1595
1511
1570
1724
1887
2012
2073
2115
2270
2493
2815
3119
3284
3176
2826
2310
1735
1238
949
936
1195
1615
2067
2444
2629
2596
2444
2264
2085
2044
2124
2277
2419
2393
2269
2106
1958
1886
1955
2062
1470
1779
2179
2546
2768
2785
2682
2607
2532
2411
2128
1767
1463
1379
1524
1755
1928
2014
2056
2160
2390
2632
2681
2481
2193
2000
1959
1988
1992
1946
1906
1952
2030
2154
2218
2242
2155
2002
1869
1928
2181
2447
2553
2421
2187
2026
2008
2064
2022
1873
1715
1540
1442
1462
1661
1974
2290
2557
2677
2784
2997
3229
3318
3156
2678
2076
1573
1320
1288
1352
1404
1466
1681
2084
2502
2850
2992
2838
2520
2092
1764
1632
1672
1824
1951
1990
1983
1927
1864
1826
1780
1802
1937
2046
2127
2132
2147
2192
2243
2219
2063
1795
1575
1555
1782
2262
2779
3182
3262
3057
2609
2109
1595
1271
1176
1284
1542
1866
2175
2394
2503
2617
2572
2316
1904
1318
797
472
2947
2451
1620
749
228
296
933
1890
2793
3398
3560
3389
3073
2821
2697
2615
2430
2019
1390
755
352
312
716
1460
2368
3122
3466
3441
3161
2714
2262
1942
1923
2114
2422
2668
2730
2597
2283
1865
1492
1277
1273
1368
1474
1481
1533
1692
1988
2424
2754
2910
2874
2749
2682
2599
2467
2252
2066
1840
1564
1200
883
714
835
1185
1660
2155
2524
2764
2863
2857
2741
2460
2131
1850
1741
1768
1787
1788
1768
1776
1840
1865
1785
1751
1905
2322
2810
3108
3061
2708
2305
2070
2128
2452
2774
2945
2759
2249
1560
915
548
669
1249
2050
2733
3035
2834
2381
1979
1840
1967
2253
2473
2606
2643
2480
2078
1548
1089
966
1156
1605
1998
2192
2184
2121
777
809
1119
1509
1922
2237
2534
2807
3115
3330
3398
3276
2915
2404
1821
1291
874
661
694
1055
1636
2329
2988
3473
3668
3442
2850
1986
1077
357
65
276
913
1845
2839
3693
4095
4095
4095
3511
2641
1715
888
352
155
374
964
1804
2716
3419
3710
3569
3064
2353
1615
969
518
283
363
785
1492
2345
3152
3671
3824
3530
3004
2309
1578
971
519
321
458
898
1653
2562
3415
4054
4095
4095
3707
2928
2006
1054
281
3
1
308
1195
2298
3425
4095
4095
4095
4095
3222
2077
930
46
2
2
64
854
1920
2946
3738
4095
4095
3824
3128
2232
1308
566
177
176
463
1022
1642
2248
2688
3048
3206
3205
3025
2652
2239
1834
1528
2207
1721
1164
586
75
0
2
2
34
596
1366
2183
3016
3831
4095
4095
4095
4095
4095
4095
4095
4095
3997
2837
1515
242
1
0
1
0
0
2
0
0
1
2
491
1719
2931
4095
4095
4095
4095
4095
4095
4095
4095
4095
4095
4095
4095
4043
3342
2630
1917
1207
506
0
0
2
2
3
1
2
2
0
1
1
1
2
0
31
576
1275
1960
2700
3437
4095
4095
4095
4095
4095
4095
4095
4095
4095
4095
4095
4095
4095
4095
4095
2922
1455
18
2
1
0
3
2
0
1
2
0
1
1
1
85
1166
2315
3415
4095
4095
4095
4095
4095
4095
4095
4095
4095
4095
4095
4095
3642
2505
1379
310
0
7
1
2
2
3
1
0
0
0
0
1
0
0
0
0
1
0
0
1
2
1
0
0
1
0
1
0
1
1
1
0
1
0
564
1388
2115
2823
3552
4095
4095
4095
4095
4095
4095
4095
4095
4095
4095
4095
4095
4095
4095
4095
4095
4095
4095
4095
4095
4095
4095
4095
4095
4095
4095
4095
4095
4095
4095
4095
4095
4095
3544
2922
2341
1820
1248
748
290
1
0
2
0
0
0
2
1
0
0
0
1
1
0
1
0
0
0
0
1
0
0
0
1
109
365
610
869
1160
1378
1621
1820
2010
2259
2418
2572
2728
2872
2936
3001
3054
3094
3085
3126
3115
3072
2988
2937
2857
2728
5
0
0
0
0
0
0
0
0
1
0
0
133
678
1268
1818
2328
2868
3356
3816
4095
4095
4095
4095
4095
4095
4095
4095
4095
4095
4095
4095
4095
4095
4095
4095
4095
4095
4095
4095
4095
4095
4095
4095
4095
4095
4095
4095
4095
4095
4095
4095
4095
4095
4095
4095
4095
4095
4095
4095
4095
4095
4095
4095
4095
4095
4095
4095
4095
4095
4095
4095
4095
4095
4095
4095
4095
4095
4095
4095
4095
4095
4095
4095
4095
4095
4095
4095
4095
4048
3663
3288
2923
2552
2222
1873
1541
1245
944
636
377
98
1
2
1
0
1
1
0
1
1
3
1
1
2
2
0
0
0
0
0
1
1
3
0
0
0
1
20
118
251
395
533
618
727
863
972
1089
1169
1269
1354
1457
1512
1583
1647
1709
1734
1784
1778
1800
1807
1772
1762
1724
1643
1600
1534
1439
1338
1270
1155
1042
938
850
708
610
512
411
301
198
118
39
0
1
1
1
0
1
0
0
1
1
24
108
141
161
206
238
268
294
301
334
329
342
349
359
383
391
408
454
463
514
547
599
701
768
858
999
1178
1309
1496
1718
1933
2177
2409
2691
2978
3262
3530
3837
4095
4095
4095
4095
4095
4095
4095
4095
4095
4095
4095
4095
4095
4095
4095
4095
4095
4095
4095
4095
4095
4095
4095
4095
4095
4095
4095
4095
4095
4095
4095
4095
4095
4095
4095
4095
2929
2806
2626
2369
2061
1848
1586
1369
1194
1087
1027
1055
1164
1329
1515
1772
2021
2296
2561
2772
2976
3054
3088
3023
2896
2743
2523
2303
2035
1802
1608
1410
1286
1202
1201
1277
1442
1655
1907
2185
2464
2704
2892
3002
2996
2975
2845
2696
2521
2317
2133
1938
1733
1615
1499
1434
1444
1445
1492
1569
1675
1854
2028
2194
2349
2442
2496
2521
2516
2497
2430
2392
2364
2304
2249
2149
2070
2012
1937
1883
1857
1861
1897
1924
1942
1928
1980
1982
1991
2025
2088
2154
2214
2259
2271
2293
2294
2255
2198
2156
2104
2022
1941
1885
1847
1838
1841
1846
1888
1930
1984
2025
2082
2149
2183
2199
2227
2237
2253
2216
2188
2136
2094
2051
2061
2050
2042
2055
2064
2061
2069
2064
2065
2091
2085
2078
2091
2102
2073
2069
2068
2033
2018
2034
2055
2045
2044
2063
2076
2096
2084
2083
2096
2107
2106
2107
2122
2120
2111
2104
2079
2093
2078
2096
2101
2104
2098
2101
2138
2135
2121
2122
2137
2142
2146
2159
2161
2159
2187
2195
2180
2183
2187
2169
2187
2175
2171
2171
2155
2146
2144
2127
2105
2072
2057
2045
2060
2075
2060
2040
2057
2036
2052
2062
2078
2080
2061
2070
2079
2045
2059
2069
2073
2080
2084
2070
2081
2066
2098
2100
2100
2070
2091
2072
2074
2067
2080
2085
2053
2069
2102
2097
2085
2080
2088
2101
2096
2103
2086
2094
2075
2076
2071
2068
2046
2060
2069
2074
2051
2054
2038
2057
2036
2050
2049
2080
