2085
2088
2090
2087
2078
2087
2107
2086
2092
2089
2094
2100
2100
2102
2098
2100
2111
2106
2106
2110
2102
2104
2100
2098
2099
2103
2109
2105
2103
2101
2102
2098
2111
2113
2109
2108
2098
2109
2112
2115
2100
2103
2104
2110
2111
2102
2102
2102
2111
2104
2100
2090
2102
2106
2098
2098
2102
2099
2096
2108
2105
2116
2099
2101
2089
2099
2092
2102
2102
2100
2105
2098
2093
2084
2086
2081
2085
2079
2099
2097
2087
2095
2092
2090
2092
2084
2087
2078
2092
2086
2099
2080
2091
2082
2098
2097
2107
2094
2109
2103
2104
2128
2126
2122
2091
2084
2090
2101
2104
2105
2097
2101
2116
2097
2104
2107
2112
2120
2115
2116
2099
2102
2099
2107
2102
2106
2108
2096
2122
2124
2112
2116
2113
2111
2102
2109
2108
2115
2115
2115
2113
2098
2097
2100
2099
2102
2100
2103
2098
2099
2089
2093
2094
2098
2095
2104
2097
2096
2109
2104
2104
2109
2102
2098
2096
2098
2102
2095
2088
2091
2092
2092
2089
2087
2092
2086
2092
2089
2074
2077
2091
2079
2077
2085
2083
2088
2096
2099
2092
2101
2110
2091
2104
2102
2101
2095
2095
2096
2097
2092
2089
2098
2102
2098
2096
2101
2092
2106
2096
2108
2100
2096
2089
2095
2096
2095
2093
2099
2089
2089
2083
2097
2098
2104
2089
2093
2096
2092
2093
2082
2090
2088
2095
2093
2088
2091
2088
2089
2084
2083
2084
2082
2091
2088
2092
2091
2084
2082
2085
2081
2089
2092
2084
2092
2086
2084
2092
2084
2075
2084
2093
2096
2108
2086
2083
2092
2088
2090
2103
2104
2100
2091
2082
2086
2083
2085
2083
2087
2085
2079
2083
2078
2084
2089
2070
2080
2093
2077
2074
2070
2079
2084
2081
2089
2089
2088
2081
2086
2079
2086
2079
2079
2088
2083
2083
2096
2093
2091
2085
2092
2102
2092
2085
2090
2098
2085
2095
2100
2095
2099
2108
2094
2102
2095
2096
2102
2098
2092
2082
2087
2081
2094
2093
2091
2107
2086
2088
2079
2089
2090
2093
2086
2082
2077
2079
2082
2088
2084
2079
2094
2086
2092
2084
2092
2084
2089
2088
2098
2096
2091
2089
2095
2108
2097
2105
2097
2096
2111
2115
2116
2110
2108
2122
2106
2114
2116
2120
2098
2110
2115
2111
2118
2117
2115
2157
2145
2147
2135
2140
2129
2139
2132
2103
2090
2091
2078
2065
2063
2047
2047
2032
2024
2028
2014
2022
2019
2020
2018
2003
1998
1995
1993
2001
2001
1992
1990
1993
1993
1993
1983
2008
2006
2016
2016
2007
2004
2010
2024
2036
2032
2022
2036
2037
2046
2045
2061
2064
2072
2067
2073
2088
2107
2117
2124
2138
2147
2165
2176
2184
2212
2221
2218
2235
2244
2271
2280
2283
2288
2296
2300
2301
2298
2291
2290
2284
2291
2279
2274
2258
2250
2242
2218
2205
2198
2180
2158
2141
2153
2135
2129
2123
2105
2095
2078
2077
2069
2052
2053
2051
2042
2033
2016
2004
1995
1996
1998
2001
1988
1982
1974
1974
1962
1953
1950
1930
1931
1901
1913
1898
1884
1898
1895
2120
2118
2122
2140
2180
2212
2264
2300
2305
2329
2307
2282
2262
2253
2246
2254
2261
2270
2274
2280
2263
2231
2190
2142
2088
2031
2008
1975
1946
1932
1930
1927
1915
1913
1910
1913
1918
1922
1946
1968
2013
2066
2098
2136
2156
2173
2171
2156
2139
2126
2115
2111
2126
2162
2218
2277
2324
2342
2344
2308
2256
2174
2091
1974
1905
1839
1819
1831
1869
1909
1954
1988
2013
2020
2023
2024
2013
2016
2041
2062
2089
2122
2167
2195
2219
2244
2240
2242
2248
2232
2216
2197
2176
2142
2121
2095
2076
2075
2069
2077
2096
2124
2131
2138
2137
2108
2077
2039
2002
1981
1962
1970
1982
2006
2043
2090
2119
2122
2120
2106
2083
2036
2003
1970
1958
1952
1960
1982
2055
2058
2074
2100
2111
2154
2191
2240
2267
2290
2303
2293
2271
2212
2137
2057
1986
1931
1881
1857
1855
1863
1917
1965
2030
2098
2173
2246
2307
2349
2372
2387
2373
2335
2287
2224
2139
2065
2011
1944
1918
1904
1891
1896
1912
1917
1931
1918
1927
1952
2002
2069
2153
2246
2322
2389
2408
2408
2368
2328
2280
2268
2264
2250
2226
2156
2058
1941
1796
1695
1650
1629
1672
1761
1857
1952
2015
2067
2098
2136
2172
2204
2212
2203
2170
2122
2083
2056
2064
2085
2110
2147
2167
2179
2189
2176
2176
2178
2194
2242
2264
2265
2250
2196
2149
2092
2048
1994
1968
1933
1897
1878
1868
1885
1932
2010
2097
2196
2277
2338
2379
2398
2407
2416
2428
2418
2378
2309
1992
2009
2000
2008
2044
2092
2138
2164
2160
2141
2125
2124
2082
2013
1908
1830
1817
1888
2006
2104
2150
2164
2173
2217
2242
2272
2239
2194
2147
2146
2156
2158
2088
1951
1785
1691
1687
1803
1984
2160
2300
2378
2407
2404
2388
2416
2449
2464
2429
2314
2139
1981
1822
1713
1655
1672
1731
1809
1913
2036
2154
2288
2412
2493
2530
2529
2482
2405
2301
2194
2060
1948
1836
1770
1738
1703
1701
1748
1838
1959
2088
2194
2255
2288
2328
2370
2378
2360
2309
2250
2149
2056
1894
1770
1666
1628
1705
1839
1993
2102
2206
2277
2343
2404
2414
2387
2325
2246
2182
2162
2142
2127
2087
2023
1945
1844
1796
1786
1828
1942
2074
2218
2331
2376
2375
2301
2220
2151
2475
2436
2352
2235
2158
2116
2097
2107
2104
2100
2060
2010
1939
1902
1876
1909
1987
2101
2221
2283
2286
2206
2078
1909
1748
1610
1557
1572
1685
1859
2040
2202
2302
2342
2343
2334
2287
2271
2231
2204
2157
2099
2024
1966
1908
1896
1931
2020
2129
2210
2287
2287
2217
2122
2010
1928
1896
1910
1950
2004
2060
2076
2069
2072
2071
2092
2126
2181
2228
2256
2250
2207
2151
2098
2048
1994
1943
1891
1870
1855
1861
1914
1988
2084
2229
2359
2495
2621
2692
2710
2640
2503
2294
2075
1888
1791
1798
1897
2043
2178
2264
2255
2193
2109
2040
2022
2014
2022
2051
2070
2085
2104
2108
2090
2054
2051
2075
2145
2232
2318
2365
2354
2284
2168
2052
1930
1836
1800
1985
1982
2016
2087
2154
2188
2170
2122
2070
2019
1974
1957
1938
1936
1958
1994
2052
2137
2201
2248
2279
2309
2313
2295
2273
2173
2052
1925
1838
1785
1809
1892
2009
2120
2239
2318
2337
2321
2257
2180
2104
2064
2035
2018
1998
1981
1985
1988
2031
2077
2127
2168
2176
2152
2104
2035
1974
1938
1934
1948
1995
2028
2078
2123
2160
2194
2190
2164
2114
2065
2012
1960
1941
1953
1991
2038
2117
2207
2280
2346
2365
2356
2301
2220
2117
2013
1935
1871
1843
1869
1937
2043
2140
2227
2287
2308
2280
2195
2100
2006
1907
1856
1826
1839
1887
1960
2070
2185
2287
2353
2402
2392
2339
2229
2110
1967
1843
1750
1699
1728
1819
1959
2120
2300
2445
2533
2540
2470
2312
2373
2427
2430
2314
2083
1854
1673
1553
1488
1457
1492
1646
1879
2108
2253
2330
2374
2382
2347
2232
2107
2012
1948
1904
1864
1885
1986
2149
2287
2355
2406
2463
2485
2406
2259
2095
1974
1891
1800
1708
1684
1802
2018
2223
2367
2473
2535
2568
2520
2367
2162
1991
1894
1864
1850
1876
1924
2010
2096
2183
2272
2332
2322
2278
2229
2156
2038
1862
1703
1631
1660
1744
1774
1811
1930
2111
2302
2423
2483
2503
2475
2409
2256
2045
1824
1662
1608
1694
1820
1971
2135
2304
2446
2487
2418
2291
2198
2134
2065
1986
1913
1904
1965
2080
2213
2286
2329
2356
2376
2350
2261
2099
1945
1847
1798
1729
1675
1676
1792
1982
2157
2268
2296
2313
2308
2235
2109
1836
1822
1883
1987
2148
2298
2431
2508
2472
2364
2187
1992
1827
1703
1648
1718
1877
2097
2332
2522
2625
2610
2513
2334
2124
1916
1748
1663
1688
1793
1957
2161
2338
2471
2530
2490
2405
2252
2089
1952
1864
1842
1868
1924
2002
2058
2123
2128
2141
2093
2054
2017
2000
2022
2079
2160
2231
2282
2303
2292
2245
2156
2039
1931
1851
1834
1835
1912
1990
2086
2187
2254
2301
2299
2250
2174
2081
2024
1963
1948
1983
2054
2115
2176
2222
2225
2210
2137
2060
1968
1918
1901
1941
2019
2088
2171
2239
2269
2257
2216
2138
2045
1957
1898
1910
1984
2064
2215
2298
2357
2355
2298
2192
2050
1929
1868
1863
1926
2047
2173
2265
2319
2301
2210
2055
1901
1759
1677
1904
1940
2016
2133
2244
2291
2294
2301
2296
2253
2126
1988
1928
1913
1843
1766
1796
1972
2183
2308
2390
2439
2474
2490
2425
2316
2170
2066
1998
1908
1818
1774
1833
1968
2061
2090
2154
2249
2302
2284
2260
2312
2331
2229
2025
1880
1811
1788
1743
1734
1814
1970
2122
2205
2224
2236
2235
2274
2258
2162
2062
2028
2026
1968
1928
1992
2075
2094
2061
2113
2197
2233
2162
2080
2068
2048
1978
1926
1954
2014
2014
2011
2066
2171
2266
2345
2394
2386
2338
2301
2211
2130
2026
2010
2063
2090
2050
2066
2167
2267
2299
2323
2389
2422
2356
2264
2210
2187
2088
1952
1864
1840
1841
1837
1878
1970
2057
2090
2057
1990
1988
2056
2112
2099
2063
2090
2138
2134
2186
2448
2576
2579
2436
2151
1874
1667
1605
1731
1986
2301
2581
2751
2782
2682
2478
2220
1956
1727
1598
1556
1649
1802
1962
2094
2192
2241
2215
2158
2086
1976
1890
1822
1823
1928
2097
2285
2446
2517
2479
2348
2185
2059
1983
1998
2047
2105
2141
2146
2144
2182
2258
2371
2425
2402
2272
2068
1886
1772
1781
1863
2008
2128
2213
2265
2286
2230
2132
1994
1830
1715
1660
1714
1831
2029
2245
2412
2500
2480
2382
2248
2095
1981
1893
1844
1826
1864
1957
2097
2245
2374
2429
2392
2271
2095
1920
1808
1767
1806
1907
2046
2198
2356
2462
2486
2422
2274
2061
1880
1770
1752
1849
2044
2249
2435
2521
2517
2406
2223
1999
1825
1726
1731
1846
2007
2165
2294
1859
1801
1870
2054
2272
2424
2405
2273
2122
2015
1962
1917
1881
1923
1968
1906
1791
1712
1742
1889
2060
2191
2210
2141
2064
2027
1994
1880
1781
1825
2054
2322
2388
2227
1990
1944
2170
2486
2607
2402
2075
1880
1945
2112
2206
2186
2156
2168
2237
2338
2411
2429
2372
2264
2090
1904
1764
1726
1835
1921
1903
1854
1873
1943
2005
2023
2058
2161
2296
2364
2295
2190
2125
2074
2056
1982
1923
1826
1779
1764
1801
1889
2000
2106
2174
2175
2102
1994
1958
1995
2058
2114
2166
2271
2414
2529
2559
2473
2342
2254
2224
2218
2182
2124
2097
2119
2155
2122
2084
2081
2119
2114
2033
1904
1835
1875
1949
1935
1900
1846
1836
1884
2016
2203
2416
2559
2570
2453
2303
2115
1906
1779
1766
1862
2014
2130
2129
2021
1856
1676
1552
1502
1562
1712
1903
2119
2348
2530
2663
2644
2502
2288
2014
1798
1666
1644
1768
2002
2252
2427
2557
2607
2642
2692
2749
2790
2784
2706
2538
2316
2105
1931
1766
1674
1690
1812
2082
2383
2608
2766
2762
2620
2364
2059
1747
1491
1332
1350
1559
1905
2270
2493
2478
2273
2022
1853
1834
1967
2131
2180
2101
1909
1733
1737
1860
2080
2316
2484
2558
2601
2554
2453
2310
2116
1950
1784
1684
1613
1565
1505
1473
1414
1420
1479
1587
1797
2079
2398
2651
2776
2661
2428
2126
1840
1650
1512
1436
1464
1603
1885
2239
2515
2610
2494
2288
2106
2025
2023
2013
2028
2058
2170
2367
2594
2743
2793
2024
2000
2038
2143
2256
2300
2236
2099
1949
1872
1852
1836
1788
1693
1665
1720
1887
2135
2358
2472
2458
2317
2126
1904
1736
1682
1698
1777
1907
2091
2321
2540
2774
2873
2787
2515
2143
1810
1633
1674
1907
2177
2387
2435
2341
2130
1934
1808
1757
1762
1804
1818
1792
1715
1656
1663
1791
2024
2329
2677
2925
3024
2971
2781
2484
2182
1898
1680
1534
1436
1405
1444
1568
1748
2019
2328
2562
2707
2668
2480
2155
1793
1464
1279
1251
1357
1606
1927
2247
2536
2734
2854
2835
2720
2502
2243
1964
1749
1622
1555
1600
1717
1901
2118
2317
2483
2559
2568
2508
2384
2210
2041
1935
1898
1927
2039
2161
2279
2353
2372
2321
2246
2124
2027
1941
1875
1839
1839
2904
2946
2733
2363
1996
1726
1607
1641
1833
2159
2560
2900
3326
3191
2766
2246
1909
1836
1682
1893
2125
2320
2431
2472
2478
2440
2456
2553
2738
2881
3046
2853
2409
1646
984
452
140
197
609
1273
1966
2468
2866
3047
3175
3163
3197
3090
2800
2433
2109
1837
1476
1005
589
456
781
1452
2096
2447
2485
2374
2333
2412
2489
2346
2012
1655
1460
1441
1457
1362
1178
1078
1190
1522
1961
2342
2546
2593
2569
2584
2637
2693
2640
2474
2277
2126
2036
1935
1769
1504
1255
1148
1273
1602
1986
2310
2502
2546
2473
2385
2446
2662
2678
2533
2244
2223
2263
2334
2274
2077
1898
1842
2009
2291
2512
2541
2392
2192
1970
1776
1670
1672
1831
2120
2420
2630
1643
2272
2910
3479
3900
4095
4046
3751
3208
2492
1718
977
388
62
44
350
932
1720
2567
3341
3936
4095
4095
3974
3437
2741
1970
1237
663
360
341
644
1192
1889
2605
3236
3646
3808
3674
3300
2736
2108
1478
964
638
544
697
1063
1515
1966
2376
2654
2751
2670
2488
2232
1940
1649
1425
1365
1449
1700
2069
2506
2894
3164
3258
3179
2934
2562
2135
1714
1369
1128
1014
1083
1296
1619
2016
2412
2695
2863
2885
2790
2611
2396
2181
1994
1804
1702
1671
1713
1796
1931
2064
2173
2206
2192
2139
2082
2061
2081
2118
2155
2192
2200
2228
2270
2281
2294
2248
2173
2073
1967
1913
1904
1929
1968
1961
1940
1874
1786
1726
1680
1695
1720
1792
1916
2918
1993
1233
917
1092
1544
1972
2240
2240
2068
1807
1591
1452
1409
1529
1824
2195
2540
2799
2854
2670
2354
1958
1622
1402
1365
1550
1855
2220
2524
2698
2747
2690
2609
2510
2425
2320
2238
2209
2187
2147
2030
1785
1467
1227
1136
1264
1521
1879
2241
2538
2798
2996
3053
2966
2776
2578
2444
2312
2133
1937
1753
1673
1662
1657
1590
1484
1410
1514
1751
1979
2086
2113
2222
2483
2853
3166
3263
3101
2828
2604
2446
2288
2044
1698
1398
1247
1242
1300
1371
1389
1441
1602
1935
2367
2800
3127
3329
3404
3302
3024
2632
2154
1634
1142
844
859
1119
1456
1736
1874
1902
1878
1862
1901
1997
2150
2371
2738
3107
3344
3332
3039
2508
1854
1221
774
576
3763
3382
2835
2195
1553
1000
581
328
299
486
895
1485
2200
2940
3578
4044
4095
4095
3743
3120
2357
1596
905
406
104
61
259
707
1329
2032
2743
3356
3773
3924
3792
3371
2752
2021
1326
757
398
315
520
968
1586
2289
2979
3565
3982
4095
4002
3582
2894
2026
1104
269
1
1
2
2
593
1489
2444
3334
4054
4095
4095
4095
4077
3321
2379
1348
428
2
1
1
1
569
1435
2352
3194
3917
4095
4095
4095
4095
3806
2974
2003
1049
229
2
1
3
0
577
1414
2303
3102
3749
4095
4095
4095
3848
3236
2475
1632
842
180
1
1
1
308
1008
1850
2699
3474
4094
4095
4095
4095
4095
3538
2794
2001
1244
631
279
2426
2082
1833
1710
1679
1710
1784
1887
1984
2090
2216
2337
2453
2514
2540
2482
2391
2228
1972
1665
1385
1223
1254
1517
1988
2552
3087
3486
3716
3749
3597
3340
3012
2650
2200
1658
1038
380
3
3
1
1
2
2
568
1417
2246
2966
3554
3971
4095
4095
4059
3734
3304
2781
2221
1657
1102
572
157
3
2
104
539
1144
1847
2519
3089
3448
3605
3604
3501
3357
3166
2930
2601
2194
1773
1391
1159
1117
1290
1601
1978
2260
2393
2330
2144
1944
1782
1690
1624
1551
1399
1216
993
782
646
635
787
1089
1534
2043
2583
3091
3518
3826
3984
3984
3885
3682
3425
3180
2899
2570
2188
1815
1478
1247
1158
1168
1265
1385
1477
1520
1549
1620
19
716
1568
2439
3283
4068
4095
4095
4095
4095
4095
4095
4095
4095
4095
4095
3221
2185
1141
174
1
2
2
2
2
2
0
0
1
377
1368
2406
3404
4095
4095
4095
4095
4095
4095
4095
4095
4095
4095
3785
2801
1829
946
192
2
1
1
1
1
4
1
2
3
3
3
353
1046
1828
2654
3488
4095
4095
4095
4095
4095
4095
4095
4095
4095
4095
3771
2837
1939
1156
478
3
4
3
1
3
1
1
8
311
722
1144
1587
2014
2445
2864
3249
3587
3870
4092
4095
4095
4095
4095
4072
3881
3647
3393
3101
2792
2475
2110
1733
1331
902
493
110
2
1
1
1
2
2
33
463
1000
1567
2150
2688
3170
134
2
2
3
2
2
3
4
2
2
1
3
3
3
0
2
3
2
1
1
0
275
676
1086
1511
1938
2342
2767
3142
3516
3852
4095
4095
4095
4095
4095
4095
4095
4095
4095
4095
4095
4095
4095
4095
4095
4095
4095
4095
4095
3854
3585
3295
3027
2744
2462
2186
1894
1614
1344
1092
848
631
444
287
132
29
1
2
2
2
1
0
1
21
122
243
353
496
643
805
953
1122
1278
1455
1620
1795
1953
2097
2242
2396
2516
2624
2725
2798
2862
2910
2923
2922
2906
2872
2842
2798
2759
2708
2649
2596
2547
2496
2453
2424
2398
2384
2376
2377
2382
2397
2394
2413
2429
2445
2472
2491
2524
2548
2590
2620
2646
