2086
2063
2072
2091
2066
2073
2074
2094
2083
2088
2090
2091
2096
2094
2094
2096
2088
2091
2056
2075
2061
2056
2059
2073
2086
2103
2095
2084
2091
2099
2072
2089
2048
2079
2069
2070
2051
2049
2065
2068
2050
2056
2078
2072
2061
2043
2072
2059
2088
2059
2044
2077
2073
2082
2082
2073
2054
2058
2034
2049
2046
2060
2056
2052
2053
2067
2060
2066
2065
2073
2058
2057
2062
2064
2061
2073
2066
2059
2049
2050
2043
2063
2073
2062
2053
2059
2059
2052
2062
2042
2042
2048
2065
2076
2059
2067
2073
2060
2063
2045
2049
2058
2093
2081
2064
2064
2077
2072
2071
2080
2066
2069
2054
2067
2102
2089
2091
2102
2081
2087
2101
2096
2091
2088
2099
2095
2090
2077
2196
2177
2175
2193
2165
2190
2164
2159
2180
2146
2161
2193
2185
2185
2191
2176
2174
2172
2159
2178
2169
2180
2162
2162
2165
2159
2173
2176
2175
2168
2173
2170
2175
2160
2150
2164
2152
2132
2122
2136
2115
2132
2148
2144
2140
2135
2148
2107
2095
2108
2130
2119
2128
2115
2120
2113
2127
2113
2112
2109
2100
2122
2114
2114
2124
2087
2070
2102
2088
2091
2098
2091
2106
2097
2100
2084
2075
2085
2113
2108
2091
2098
2063
2096
2085
2091
2096
2071
2050
2075
2083
2078
2090
2080
2068
2044
2056
2031
2062
2065
2034
2056
2050
2054
2027
2050
2054
2045
2019
2039
2024
2031
2019
2016
2011
2009
2020
2031
2040
2050
2023
2029
1999
2011
2013
2033
2026
2026
2228
2212
2217
2217
2217
2214
2223
2236
2224
2235
2214
2222
2228
2214
2195
2219
2207
2216
2222
2215
2229
2213
2209
2210
2237
2226
2215
2227
2208
2214
2218
2220
2207
2209
2216
2205
2185
2197
2200
2190
2204
2208
2207
2194
2190
2182
2182
2196
2196
2210
2202
2201
2212
2213
2191
2198
2185
2194
2181
2170
2204
2193
2201
2221
2214
2188
2187
2208
2201
2205
2198
2212
2187
2186
2200
2216
2188
2205
2220
2203
2206
2208
2192
2213
2219
2196
2183
2196
2187
2192
2186
2200
2169
2205
2192
2189
2186
2203
2217
2201
2203
2216
2214
2208
2209
2183
2214
2221
2233
2221
2213
2208
2211
2205
2212
2205
2202
2230
2220
2246
2232
2231
2238
2255
2261
2251
2255
2239
2876
2951
3025
3113
3172
3232
3300
3342
3391
3422
3460
3474
3489
3510
3485
3482
3453
3435
3378
3315
3250
3209
3118
3033
2953
2839
2737
2624
2530
2419
2298
2174
2064
1945
1816
1722
1604
1486
1394
1284
1159
1072
984
871
789
703
652
579
549
522
486
477
499
523
569
602
672
734
808
888
993
1096
1183
1268
1374
1484
1551
1638
1748
1844
1922
1985
2088
2166
2233
2290
2377
2439
2538
2590
2639
2684
2733
2800
2856
2901
2946
2973
3017
3082
3141
3166
3197
3240
3270
3327
3345
3393
3420
3460
3455
3479
3467
3436
3424
3416
3354
3304
3231
3134
3071
2965
2826
2716
2555
2414
2256
2102
1933
1791
1670
1494
1364
1231
1090
979
882
793
2310
2158
2020
1904
1779
1666
1589
1521
1457
1430
1361
1322
1267
1248
1264
1318
1440
1594
1784
2000
2177
2328
2501
2624
2741
2832
2878
2895
2888
2816
2706
2533
2280
2003
1727
1433
1214
1031
865
808
831
899
1006
1199
1400
1613
1852
2079
2272
2440
2581
2682
2752
2792
2776
2795
2808
2864
2884
2913
2919
2860
2803
2694
2596
2432
2259
2133
1972
1847
1731
1680
1667
1686
1757
1858
1980
2143
2296
2466
2633
2776
2878
2928
2916
2840
2670
2468
2205
1938
1689
1505
1350
1263
1204
1180
1205
1184
1167
1160
1190
1247
1334
1507
1721
1974
2223
2430
2603
2678
2746
2755
2707
2596
2473
2358
2269
2080
1941
1753
1581
1415
1205
1018
891
809
783
874
2310
2818
3047
2969
2718
2473
2372
2492
2728
2934
2986
2759
2320
1701
1097
677
563
806
1362
2089
2744
3260
3500
3422
2992
2405
1636
932
368
122
213
642
1367
2162
2815
3214
3274
3048
2673
2274
1929
1785
1831
1960
2058
2060
1969
1817
1695
1729
1905
2157
2422
2585
2575
2376
2043
1748
1503
1359
1338
1431
1666
2052
2456
2904
3170
3228
2956
2449
1836
1367
1158
1234
1558
1938
2193
2269
2196
2061
1991
2001
2080
2148
2127
2031
1933
1995
2149
2318
2342
2220
1929
1615
1375
1421
1833
2392
2922
3197
3182
2936
2581
2240
1932
1636
1447
1322
1342
1583
2006
2524
2977
3308
3337
3118
2737
2299
1904
1562
1328
1212
1224
1313
1483
1766
2077
2355
3146
2968
2539
2006
1526
1177
949
891
1010
1262
1588
1894
2146
2426
2784
3071
3125
2820
2157
1386
805
693
1027
1550
1925
2117
2306
2720
3147
3402
3192
2618
2007
1643
1549
1624
1699
1775
1909
2148
2383
2556
2694
2790
2762
2620
2446
2274
2071
1940
2001
2239
2378
2287
2122
2090
2133
2078
1882
1611
1374
1179
996
927
1091
1564
2236
2865
3308
3544
3550
3392
3116
2683
2131
1513
971
650
600
813
1177
1637
2106
2518
2790
2920
2869
2691
2492
2244
2007
1750
1581
1615
1748
2019
2342
2575
2726
2707
2485
2063
1627
1285
1057
1020
1136
1488
1977
2544
3054
3405
3532
3388
2977
2440
1870
1376
938
722
771
1106
1578
2113
2619
3140
3563
3747
1613
1762
2010
2306
2620
2914
3141
3154
2896
2340
1717
1288
1134
1180
1324
1443
1624
1971
2362
2644
2632
2312
1850
1540
1454
1476
1484
1516
1721
2117
2575
2885
2906
2673
2370
2127
2008
1990
1942
1866
1814
1878
2095
2411
2688
2875
2906
2720
2381
1987
1625
1387
1296
1236
1305
1508
1853
2270
2641
2880
2846
2605
2217
1762
1441
1274
1332
1598
1988
2411
2775
2965
2954
2742
2423
2065
1782
1641
1586
1572
1631
1808
2145
2472
2603
2480
2308
2336
2477
2497
2303
2005
1687
1562
1646
1869
2204
2485
2693
2716
2567
2459
2410
2322
2134
1937
1796
1894
2123
2360
2405
2259
2064
1995
2086
2216
2153
1900
1669
1716
1973
2165
2072
1842
1696
1798
2062
2227
1724
1733
1867
2093
2313
2491
2557
2464
2306
2030
1821
1643
1608
1688
1870
2127
2384
2625
2752
2694
2473
2150
1725
1391
1217
1224
1436
1786
2233
2621
2861
2873
2686
2359
1987
1700
1520
1518
1696
2011
2383
2695
2926
2990
2877
2606
2248
1868
1580
1429
1443
1634
1902
2129
2276
2248
2060
1830
1607
1490
1573
1840
2183
2543
2760
2848
2739
2491
2164
1873
1652
1568
1628
1843
2085
2302
2381
2362
2261
2084
1951
1848
1862
1938
2105
2296
2437
2495
2459
2323
2137
1956
1814
1800
1875
2082
2284
2439
2496
2378
2154
1881
1651
1557
1570
1786
2082
2388
2592
2644
2487
2212
1870
1566
1428
1513
1795
2152
2491
2746
2789
2617
2255
1813
1436
1230
1284
1572
2127
1791
1673
1602
1584
1655
1882
2204
2492
2672
2725
2633
2390
2077
1767
1518
1375
1401
1581
1832
2107
2342
2555
2610
2495
2249
1990
1767
1581
1389
1276
1368
1632
2016
2363
2635
2779
2756
2593
2301
2000
1763
1608
1537
1614
1901
2230
2465
2542
2557
2548
2509
2366
2105
1759
1534
1615
1889
2152
2264
2335
2443
2508
2439
2294
2152
1947
1816
1780
1921
2054
2133
2190
2273
2319
2349
2386
2296
2076
1801
1650
1657
1841
2128
2292
2324
2258
2269
2328
2242
1981
1659
1506
1694
2098
2366
2321
2145
2078
2218
2316
2203
2002
1864
1804
1784
1747
1842
2030
2238
2418
2533
2584
2494
2272
1999
1761
1624
1551
1641
1881
2220
2477
2622
2654
2657
2545
2320
1800
1919
2088
2299
2506
2643
2630
2440
2174
1884
1701
1659
1691
1835
2021
2269
2487
2587
2531
2289
1972
1725
1637
1704
1929
2138
2278
2418
2549
2605
2544
2308
1954
1631
1523
1656
1966
2246
2349
2244
2033
1925
1935
2083
2208
2178
1982
1808
1788
1918
2145
2376
2490
2488
2381
2186
2020
1843
1789
1858
1978
2098
2160
2200
2248
2324
2366
2351
2199
2005
1836
1795
1904
2103
2297
2315
2168
1926
1690
1617
1729
1966
2230
2447
2457
2260
2008
1786
1795
1931
2087
2174
2118
2064
2065
2203
2352
2427
2345
2145
1963
1902
1931
2027
2134
2183
2192
2144
2081
2038
2032
2088
2166
2173
2102
2037
2056
2085
2112
2123
2094
2097
2153
2217
2264
2214
2118
2018
1824
1803
1823
1893
2061
2210
2209
2132
2105
2133
2120
1997
1907
1916
1967
2027
2033
2069
2200
2250
2230
2177
2149
2127
2043
1943
1904
1920
1947
1965
2019
2121
2236
2276
2237
2256
2279
2285
2238
2134
2116
2144
2184
2182
2135
2114
2090
2068
2052
1991
1979
1997
2015
2025
2011
1978
1935
1968
1999
2043
2077
2069
2107
2150
2183
2185
2154
2085
2030
2010
1989
2024
2128
2270
2406
2502
2521
2437
2344
2195
2046
1890
1792
1811
1926
2106
2328
2492
2581
2542
2423
2211
2027
1945
1882
1858
1908
2049
2226
2406
2452
2380
2155
1907
1708
1618
1637
1741
1861
2061
2263
2394
2426
2343
2141
1934
1794
1759
1810
1969
2161
2344
2467
2495
2420
2263
2069
1880
1908
1939
1993
2022
2057
2096
2113
2122
2153
2174
2143
2097
2086
2039
1958
1945
2027
2177
2238
2280
2294
2289
2217
2151
2056
2007
2033
2097
2161
2162
2092
2044
2060
2120
2167
2148
2104
2130
2184
2194
2132
2124
2170
2230
2289
2292
2299
2213
2111
1982
1853
1751
1723
1827
1972
2072
2106
2116
2165
2157
2132
2077
2067
2086
2113
2116
2050
2023
2104
2158
2148
2091
2008
1914
1864
1989
2104
2151
2197
2278
2301
2259
2147
2066
1993
1977
2022
2043
2012
1965
1982
2047
2129
2164
2197
2202
2175
2110
2045
2026
2020
2026
2055
2093
2136
2179
2233
2280
2291
2288
2234
2185
2108
2038
1995
2007
2060
2120
2208
2264
2286
2251
2227
2219
2196
2163
2107
2047
2116
2093
2078
2092
2124
2123
2130
2161
2160
2166
2128
2097
2007
1961
1943
1968
2013
2096
2168
2204
2187
2140
2057
1987
1906
1888
1965
2048
2132
2214
2277
2277
2255
2186
2094
1990
1912
1893
1885
1942
2047
2156
2254
2299
2298
2266
2187
2061
1932
1875
1883
1957
2084
2196
2282
2302
2245
2155
2042
1945
1877
1881
1955
2057
2161
2229
2263
2192
2088
1973
1904
1923
2006
2123
2255
2321
2346
2285
2204
2104
2049
2000
1981
1985
2024
2074
2154
2244
2283
2275
2250
2136
1998
1929
1891
1927
1973
2071
2158
2176
2163
2118
2062
2041
2028
2005
2012
2039
2124
2193
2259
2278
2258
2133
2017
1906
1842
1852
1900
1965
2081
2189
2275
2311
2283
2214
2105
2008
2032
2088
2160
2167
2119
1995
1857
1815
1951
2061
2131
2146
2193
2294
2366
2377
2260
2115
2009
1958
1893
1870
1836
1852
1929
2028
2105
2098
2102
2156
2212
2245
2174
2128
2096
2107
2090
2116
2136
2135
2176
2212
2223
2232
2156
2138
2099
2067
2111
2160
2183
2174
2162
2218
2227
2149
2031
2008
2021
2000
1994
2014
2039
2071
2075
2108
2120
2126
2097
2087
2058
2033
2017
2057
2090
2099
2104
2167
2203
2186
2161
2080
2005
1945
1909
1849
1831
1859
1981
2084
2139
2167
2186
2216
2155
2116
2090
2042
2003
1978
1963
1995
2052
2066
2053
2052
2069
2066
1992
1912
1872
1857
1943
1999
2055
2117
2242
2319
2324
2293
2239
2194
2138
2067
2040
2042
2072
2153
2285
2283
2232
2190
2126
2043
1981
1939
1943
1977
2038
2055
2032
2045
2070
2095
2122
2100
2113
2144
2197
2214
2176
2100
2077
2035
1999
1964
1888
1895
1898
1953
1997
2084
2155
2210
2251
2256
2269
2294
2331
2276
2124
1970
1816
1735
1728
1802
1962
2171
2284
2315
2271
2258
2295
2328
2322
2249
2106
2000
1928
1904
1924
1973
2034
2136
2200
2292
2348
2356
2299
2225
2142
2102
2067
1998
1917
1882
1900
1972
2072
2185
2242
2266
2293
2288
2253
2230
2173
2126
2073
1978
1870
1814
1820
1915
2015
2085
2117
2152
2182
2228
2256
2252
2208
2164
2090
2043
1998
2012
1997
1986
1985
1984
2015
2086
2127
2115
2047
2056
2089
2165
2222
2251
2253
2207
2122
2047
1894
1858
1867
1911
2006
2116
2196
2238
2262
2254
2203
2151
2094
2039
2002
1956
1945
1929
1961
1983
2047
2093
2123
2172
2175
2201
2215
2232
2202
2171
2169
2122
2082
2063
2033
2020
2050
2081
2154
2216
2276
2299
2271
2243
2193
2130
2047
2014
1955
1930
1950
1984
2013
2073
2134
2191
2213
2217
2203
2181
2134
2094
2032
1967
1931
1921
1899
1953
2033
2106
2209
2264
2296
2285
2211
2142
2092
2040
1992
1964
1936
1909
1879
1886
1878
1905
1967
2057
2109
2182
2241
2254
2217
2171
2096
2002
1914
1865
1888
1940
1999
2073
2180
2226
2225
2227
2220
2185
2144
2090
2045
2009
2001
2008
2011
2062
2089
2106
2111
2140
2127
2124
2078
2053
2022
2026
2046
2084
2064
2037
2046
2031
2035
2047
2069
2079
2062
2075
2054
2028
2020
2020
2024
2034
2039
2035
2039
2017
1997
1971
1988
1985
2003
2042
2081
2090
2114
2117
2125
2123
2108
2134
2125
2127
2128
2107
2128
2149
2169
2223
2270
2272
2250
2232
2182
2139
2107
2047
2039
2026
2008
2013
2009
2047
2047
2028
2023
2003
2004
1980
2023
2025
2068
2098
2154
2192
2216
2218
2178
2176
2170
2173
2164
2193
2200
2187
2159
2124
2129
2121
2126
2152
2163
2168
2152
2139
2124
2109
2084
2075
2057
2057
2058
2072
2070
2080
2109
2108
2079
2068
2076
2095
2090
2124
2149
2165
2155
2155
2130
2103
2087
2084
2048
2021
2001
1998
1983
1956
1955
1968
2003
2001
2063
2122
2162
2176
2052
2070
2076
2099
2089
2100
2086
2074
2088
2055
2049
2045
2054
2045
2067
2071
2054
2054
2060
2075
2054
2064
2051
2053
2064
2052
2057
2072
2091
2087
2108
2082
2076
2096
2109
2118
2101
2116
2135
2147
2165
2142
2150
2153
2171
2196
2177
2176
2182
2177
2180
2154
2141
2140
2142
2149
2128
2138
2131
2119
2100
2119
2094
2054
2062
2066
2035
2037
2063
2066
2049
2038
2024
2036
2031
2016
2005
1998
2012
2012
1992
2000
1989
1976
1998
1993
2005
1981
1974
1982
1989
1980
1979
2024
1995
1985
1977
2009
2038
2032
2020
2018
2015
2026
2044
2059
2073
2082
2061
2051
2096
2106
2118
2126
2147
2155
2194
2202
2203
2210
2205
2217
2215
2215
2254
2259
2260
2264
2157
2168
2164
2177
2173
2169
2143
2161
2179
2170
2162
2194
2217
2171
2163
2176
2170
2181
2168
2158
2186
2181
2183
2174
2183
2177
2173
2182
2182
2187
2171
2166
2146
2164
2138
2144
2136
2144
2149
2119
2119
2109
2111
2126
2112
2098
2120
2111
2108
2103
2113
2113
2121
2099
2075
2069
2090
2093
2082
2085
2071
2080
2058
2082
2067
2083
2069
2052
2067
2076
2056
2034
2032
2048
2043
2036
2035
2051
2057
2041
2041
2026
2018
2049
2054
2030
2017
2013
2034
2001
2044
2040
2030
2024
2016
2046
2045
2006
1995
2011
2021
2004
1997
2043
2058
2039
2036
2051
2057
2065
2054
2037
2021
2033
2050
2056
2054
2050
2045
2041
2054
2050
2032
2064
2085
2081
2088
2071
2113
2093
2110
2099
2085
2086
2111
2097
2072
2068
2077
2078
2090
2084
2075
2068
2054
2069
2048
2061
2056
2085
2071
2088
2063
2089
2078
2072
2071
2093
2077
2058
2063
2067
2076
2088
2066
2078
2079
2064
2060
2051
2069
2076
2051
2064
2077
2072
2078
2083
2086
2081
2072
2069
2060
2063
2070
2066
2082
2084
2087
2085
2076
2084
2075
2068
2069
2079
2069
2076
2087
2082
2088
2084
2090
2072
2054
2087
2059
2066
2059
2092
2090
2102
2080
2084
2076
2091
2083
2085
2103
2077
2101
2078
2080
2093
2100
2086
2088
2076
2115
2111
2096
2088
2110
2103
2086
2105
2106
2098
2091
2112
2096
2115
2107
2105
2093
2108
2103
2099
2102
2101
2110
2086
2099
2104
2090
2102
2101
2071
2073
2074
2075
2105
2111
2085
2078
2101
2080
2066
2070
2097
2082
2084
2091
2090
2084
2080
2107
2100
2087
2101
2085
2091
2101
2111
2104
2081
2095
2098
2103
2117
2112
2102
2082
2063
2087
2099
2084
2078
2103
2094
2083
2095
2107
2089
2104
2124
2095
2087
2077
2081
2072
2098
2106
2112
2097
2124
2096
2097
2078
2114
2117
2111
2108
2078
2103
2102
2080
2096
2096
2086
2072
2082
2078
2112
2104
2083
2105
2086
2101
2109
2106
2091
2091
2094
2090
2115
2110
2076
2080
2107
2083
2088
2104
2091
2081
2067
2104
2080
2085
2089
2077
2066
2089
2074
2059
2088
2096
2095
2104
2099
2083
2094
2117
2111
2085
2096
2106
2107
2092
2072
2076
2086
2084
2095
2103
2085
2103
2084
2124
2105
2103
2090
2104
2096
2103
2114
2076
2065
2105
2086
2089
2108
2089
2095
2077
2082
2085
2092
2128
2126
2094
2084
2092
2071
2078
2092
2097
2082
2087
2078
2089
2100
2086
2103
2093
2088
2088
2086
2070
2090
2090
2089
2087
2076
2066
2078
2100
2087
2105
2098
2092
2065
2091
2085
2113
2108
2097
2096
2080
2095
2094
2090
2096
2109
2110
2097
2091
2089
2103
2089
2106
2114
2087
2098
2103
2102
2093
2089
2092
2076
2063
2083
2099
2109
2090
2096
2090
2105
2080
2076
2061
2091
2101
2100
2106
2096
2094
2106
2068
2081
2097
2094
2080
2091
2100
2122
2101
2099
2088
2099
2102
2109
2090
2097
2089
2067
2089
2097
2094
2077
2078
2100
