2076
2072
2079
2073
2109
2060
2062
2086
2109
2096
2108
2089
2104
2095
2098
2088
2107
2096
2077
2098
2096
2081
2079
2087
2084
2085
2080
2105
2087
2080
2083
2091
2103
2101
2094
2092
2073
2102
2102
2075
2072
2069
2077
2081
2095
2090
2098
2071
2071
2092
2101
2094
2088
2081
2103
2081
2094
2075
2087
2080
2081
2104
2078
2075
2081
2092
2084
2086
2088
2076
2089
2115
2102
2085
2098
2097
2093
2086
2110
2093
2074
2078
2096
2075
2085
2092
2121
2104
2090
2101
2083
2101
2103
2085
2097
2085
2107
2117
2088
2087
2102
2091
2096
2091
2092
2090
2111
2103
2069
2090
2086
2062
2073
2096
2094
2086
2083
2099
2097
2087
2105
2100
2096
2103
2095
2092
2078
2074
2075
2063
2066
2093
2096
2069
2106
2121
2086
2085
2089
2102
2086
2093
2084
2076
2058
2068
2069
2105
2072
2086
2072
2086
2069
2072
2084
2084
2061
2066
2066
2070
2063
2042
2069
2055
2080
2088
2072
2067
2080
2062
2070
2079
2087
2072
2067
2059
2061
2086
2081
2071
2073
2067
2054
2077
2072
2072
2100
2088
2078
2065
2042
2081
2083
2088
2077
2093
2113
2072
2087
2070
2070
2084
2093
2084
2100
2090
2096
2107
2080
2085
2070
2060
2058
2067
2094
2074
2074
2060
2096
2084
2099
2085
2085
2063
2074
2091
2083
2088
2094
2101
2088
2104
2081
2082
2086
2088
2101
2101
2084
2098
2084
2099
2108
2099
2096
2087
2086
2103
2085
2095
2075
2090
2081
2077
2080
2088
2128
2153
2145
2137
2165
2173
2198
2158
2200
2200
2207
2220
2218
2218
2209
2199
2232
2223
2222
2222
2212
2201
2178
2193
2177
2181
2177
2158
2181
2140
2133
2114
2101
2109
2092
2078
2069
2058
2061
2064
2056
2052
2031
2020
2036
2037
2020
2012
2023
2024
2023
2004
2002
2000
1996
2019
2019
2033
2015
2032
2059
2059
2032
2080
2082
2085
2098
2088
2097
2115
2126
2143
2147
2135
2144
2120
2128
2132
2134
2132
2133
2111
2137
2119
2112
2124
2125
2101
2096
2091
2088
2074
2065
2071
2062
2077
2041
2052
2055
2064
2036
2054
2049
2017
2031
2042
2047
2043
2030
2041
2042
2040
2042
2034
2037
2053
2050
2055
2061
2075
2067
2068
2070
2092
2078
2071
2057
2076
2074
2078
2065
2046
2067
2038
2039
2056
2046
2066
2046
2043
2020
1998
1995
1972
1964
1943
1936
1921
1926
1956
1955
1999
2049
2085
2116
2126
2140
2175
2178
2172
2140
2117
2095
2064
2015
2029
2018
2036
2050
2054
2059
2100
2135
2139
2175
2186
2183
2177
2191
2199
2167
2188
2177
2169
2171
2158
2154
2170
2157
2174
2132
2133
2128
2108
2085
2050
2034
1999
2005
1983
1967
1938
1933
1963
1959
1957
1963
1986
2000
1990
1984
1980
1967
1972
1964
2004
1986
1983
2031
2069
2116
2144
2183
2204
2236
2243
2264
2229
2223
2177
2157
2135
2134
2144
2125
2127
2130
2184
2182
2202
2223
2227
2240
2255
2254
2233
2246
2238
2231
2253
2257
2238
2230
2230
2184
2174
2108
2131
2158
2155
2142
2133
2099
2090
2078
2077
2104
2089
2095
2064
2033
2013
2003
1962
1992
1998
2079
2182
2225
2262
2232
2208
2157
2120
2119
2138
2128
2072
2017
1958
1896
1885
1938
1984
2023
2079
2092
2121
2113
2138
2138
2109
2093
2085
2111
2120
2141
2168
2166
2157
2118
2072
2023
1976
1979
2004
2065
2145
2234
2250
2273
2239
2217
2161
2127
2101
2088
2102
2089
2073
2033
2007
1984
1987
2029
2070
2121
2186
2237
2304
2333
2322
2301
2223
2156
2039
1981
1929
1879
1837
1853
1894
1946
1989
2066
2146
2170
2206
2245
2274
2298
2287
2226
2171
2094
2031
1982
1945
1906
1927
1913
1955
1988
2039
2088
2150
2191
2217
2236
2241
2195
2168
2125
2113
2026
2054
2057
2021
1997
1932
1944
1982
2054
2173
2214
2233
2216
2182
2155
2133
2100
2058
2035
2039
2091
2146
2204
2212
2219
2193
2151
2107
2079
2103
2110
2047
1991
1955
1943
1986
2048
2095
2178
2224
2217
2170
2065
1992
1964
1960
1923
1934
1996
2087
2125
2109
2059
2047
2048
2072
2098
2150
2250
2333
2330
2265
2140
2067
2022
2024
2074
2111
2106
2068
2042
2046
2072
2154
2171
2127
2087
2068
2129
2191
2201
2116
2038
1976
1894
1875
1908
2031
2138
2159
2130
2157
2195
2180
2106
2025
1978
2021
2015
2015
2082
2141
2174
2148
2119
2160
2208
2240
2186
2132
2063
1994
1963
2004
2104
2221
2279
2318
2288
2231
2181
2095
2008
1964
1952
1968
2070
2128
2085
2056
2042
2045
2052
2041
2031
2019
2013
2048
2073
2139
2214
2261
2278
2242
2187
2091
1995
1939
1907
1909
1963
2054
2142
2240
2267
2230
2122
1989
1950
1928
1973
2021
2099
2161
2220
2234
2227
2179
2090
2007
2007
2054
2112
2170
2226
2241
2230
2171
2091
1997
1945
1952
1990
2048
2180
2279
2339
2336
2274
2125
1970
1826
1766
1784
1889
2047
2223
2355
2430
2364
2258
2120
1988
1869
1796
1790
1871
2010
2136
2265
2322
2309
2269
2130
2047
1976
1948
1953
2027
2109
2177
2220
2222
2191
2140
2116
2063
2028
2023
2030
2102
2131
2131
2099
2104
2097
2096
2108
2158
2175
2249
2237
2218
2164
2071
2011
1933
1921
1944
2008
2115
2220
2271
2328
2295
2221
2018
2083
2136
2095
2079
2071
2080
2126
2203
2220
2207
2189
2224
2158
2041
2036
2000
1911
1902
2040
2129
2146
2155
2208
2230
2244
2285
2314
2234
2163
2106
2126
2132
2167
2111
2056
2092
2130
2052
1947
1928
1939
1980
2104
2222
2330
2299
2150
1976
1868
1876
1960
2011
2036
2030
2086
2226
2296
2247
2113
2044
1989
1912
1817
1822
1871
1943
2072
2243
2379
2389
2313
2184
2000
1830
1752
1790
1887
1943
1952
2058
2185
2272
2271
2210
2036
1855
1897
2080
2151
2177
2240
2273
2178
2066
1983
1846
1751
1776
1899
2026
2165
2226
2216
2163
2114
2066
2034
2025
1991
1898
1936
2044
2164
2270
2312
2288
2199
2139
2125
2128
2079
2021
1963
1874
1872
1910
1959
2228
2328
2338
2285
2120
1938
1801
1779
1867
2021
2168
2261
2267
2169
2052
1919
1859
1860
1924
2051
2190
2257
2253
2224
2166
2116
2051
1991
1990
2017
2066
2139
2185
2185
2205
2144
2059
1922
1843
1827
1916
2046
2240
2394
2456
2354
2165
1950
1772
1708
1818
2001
2213
2361
2402
2326
2157
1986
1884
1897
2035
2171
2328
2392
2359
2264
2140
2008
1918
1871
1873
1958
2066
2169
2228
2266
2212
2129
2026
1966
1905
1929
1969
2037
2170
2258
2318
2318
2267
2117
1938
1758
1690
1760
1948
2194
2453
2589
2539
2323
2013
1752
1632
1701
1901
2171
2375
2474
2379
2198
1968
1819
1765
1856
2010
2232
2406
2482
2420
2233
2050
1886
1758
1776
1856
2010
2139
2205
2202
2105
1983
1965
2068
2124
2136
2177
2256
2252
2129
2032
1944
1963
2060
2069
1983
1875
1867
1984
2080
2106
2109
2194
2253
2203
2148
2131
2058
1951
1866
1899
2025
2156
2210
2221
2279
2242
2114
2080
2068
1952
1802
1806
1967
2123
2247
2275
2247
2192
2149
2136
2178
2180
2058
1879
1885
2064
2096
1954
1866
1973
2133
2100
1981
1944
2050
2177
2204
2120
1994
1909
1958
2063
2151
2135
2048
2034
2085
2135
2096
2071
2159
2269
2209
2091
1951
1928
2056
2172
2160
2023
2063
2169
2104
2020
1999
2162
2287
2308
2218
2142
2182
2232
2182
2051
1988
1976
1990
2009
1979
1957
2036
2141
2219
2130
2066
2073
2114
2067
1999
2017
2040
1953
1844
1836
1984
2099
1872
1849
1950
2087
2110
2091
2116
2235
2307
2119
1731
1495
1583
1934
2360
2624
2644
2407
2089
1912
1908
1939
1966
1996
2052
2077
2073
2101
2224
2310
2265
2173
2123
2103
2129
2134
2242
2419
2441
2278
2069
1990
1968
1917
1932
2095
2206
2235
2256
2367
2469
2360
2082
1828
1717
1704
1736
1826
2040
2250
2422
2417
2201
1890
1801
1937
2106
2192
2176
2070
1948
1934
2111
2328
2316
2088
1952
1968
1945
1979
2172
2449
2509
2327
2138
2146
2152
2076
2024
1988
2003
2090
2340
2551
2489
2236
2040
1926
1833
1861
2020
2174
2125
2043
2015
2048
2098
2069
1878
1712
1804
2130
2272
2121
2023
2146
2112
1842
1709
1893
2001
1920
1893
2005
2087
2088
2088
2042
1904
1881
1960
2127
2274
2309
2266
2160
2047
2007
2071
2240
2390
2455
2377
2125
1828
1637
1637
1803
2121
2459
2666
2653
2342
1939
1566
1436
1592
1968
2381
2644
2663
2478
2075
1644
1411
1448
1766
2217
2585
2682
2517
2101
1681
1412
1427
1698
2129
2516
2688
2550
2249
1878
1651
1628
1800
2133
2448
2616
2590
2400
2175
1976
1896
1964
2131
2303
2350
2274
2135
1965
1830
1784
1868
2005
2172
2328
2370
2307
2133
1958
1742
1643
1631
1816
2104
2374
2508
2454
2282
1993
1727
1610
1655
1900
2199
2444
2546
2435
2159
1815
1593
1580
1764
2026
2389
2678
2739
2578
2306
2021
1825
1731
1788
1983
2216
2379
2382
2293
2190
2126
2063
1992
2001
2021
2018
2028
1836
2039
2209
2391
2677
2798
2544
2023
1720
1651
1576
1687
2149
2602
2531
2113
1916
1950
1866
1645
1535
1751
2128
2345
2459
2556
2632
2426
1966
1655
1625
1597
1577
1876
2482
2744
2446
2091
1947
1781
1512
1483
1840
2284
2412
2302
2233
2206
2106
1752
1603
1762
1936
1939
2098
2521
2740
2526
2183
2007
1873
1561
1383
1682
2175
2488
2603
2664
2604
2161
1596
1414
1620
1848
1871
1979
2302
2518
2427
2248
2309
2385
2178
1799
1671
1708
1708
1701
1863
2211
2438
2424
2263
2189
2130
2039
2019
2104
2186
2143
1923
1640
1636
1932
2296
2535
2727
2856
2911
2656
2172
1729
1557
1584
1685
1824
2134
2588
2899
2848
2552
2184
1851
1529
1311
1334
1563
1863
2295
2237
2193
2141
2037
1884
1749
1678
1753
1895
2118
2385
2617
2727
2664
2440
2145
1866
1645
1536
1612
1874
2212
2424
2471
2328
2168
2032
1986
1980
2013
2000
1983
1889
1800
1760
1786
1885
1984
2120
2209
2260
2244
2217
2265
2350
2365
2268
2048
1847
1727
1724
1855
2097
2291
2308
2148
2010
1992
2166
2328
2504
2600
2566
2399
2102
1864
1762
1815
1939
2174
2394
2553
2472
2169
1784
1449
1339
1497
1919
2450
2912
3165
3048
2649
2073
1479
992
822
1013
1459
1935
2346
2541
2429
2184
2028
2068
2304
2416
2364
2142
2001
1914
1918
1855
1764
1745
1928
2362
2859
3200
3128
2696
2125
1624
1339
1252
1369
1710
2257
2835
3219
3216
2861
2314
1826
1674
800
409
311
460
753
1073
1430
1782
2146
2539
2819
2932
2910
2805
2648
2564
2579
2620
2562
2375
2032
1656
1323
1166
1108
1156
1205
1367
1760
2386
3067
3635
3905
3813
3479
3036
2639
2336
2111
1858
1679
1585
1597
1658
1712
1757
1699
1567
1314
1096
979
1065
1343
1796
2300
2827
3209
3389
3388
3170
2837
2376
1872
1389
1076
969
1066
1208
1399
1620
1878
2188
2480
2718
2819
2768
2597
2392
2267
2234
2325
2524
2753
2919
2999
2958
2812
2651
2457
2145
1754
1263
768
337
82
72
345
831
1483
2188
2866
3343
3656
3736
3632
3383
3030
2511
1912
1310
750
345
176
279
596
1121
1715
2332
2837
3223
3463
3554
3553
3391
3123
2745
2320
1855
