2103
2073
2084
2075
2077
2071
2077
2088
2107
2086
2076
2070
2072
2089
2076
2080
2095
2110
2107
2097
2096
2077
2084
2077
2088
2087
2077
2083
2091
2093
2110
2108
2106
2088
2089
2102
2095
2104
2096
2101
2112
2093
2078
2082
2088
2088
2092
2078
2093
2086
2089
2088
2085
2087
2113
2089
2106
2114
2103
2085
2074
2083
2085
2087
2099
2099
2101
2087
2093
2084
2092
2077
2074
2080
2097
2095
2119
2094
2103
2084
2087
2093
2091
2077
2090
2091
2099
2092
2088
2082
2089
2092
2095
2079
2044
2081
2082
2095
2089
2085
2097
2103
2109
2081
2104
2123
2118
2124
2098
2069
2080
2095
2101
2092
2095
2105
2110
2100
2094
2091
2110
2088
2087
2094
2098
2096
2089
2102
2054
2051
2046
2069
2076
2079
2062
2047
2063
2062
2056
2057
2042
2057
2054
2064
2052
2040
2025
2047
2043
2061
2051
2040
2049
2046
2064
2052
2054
2055
2060
2074
2059
2037
2053
2053
2048
2073
2054
2062
2044
2052
2044
2037
2064
2056
2073
2058
2064
2037
2044
2053
2070
2073
2065
2055
2064
2044
2044
2056
2060
2056
2054
2059
2057
2074
2068
2061
2062
2050
2058
2057
2087
2082
2084
2088
2073
2086
2077
2077
2059
2077
2085
2076
2080
2093
2098
2080
2086
2103
2088
2107
2116
2116
2104
2100
2118
2117
2112
2120
2112
2103
2117
2120
2118
2125
2154
2125
2134
2134
2133
2113
2108
2122
2131
2133
2136
2131
2125
2115
2144
2136
2134
2153
2150
2135
2144
2144
2192
2178
2159
2135
2133
2152
2149
2112
2137
2125
2105
2113
2110
2106
2118
2108
2113
2104
2104
2081
2085
2072
2070
2060
2030
2032
2035
2028
2033
2050
2046
2048
2062
2074
2093
2104
2124
2147
2144
2141
2145
2146
2160
2128
2134
2109
2109
2084
2047
2032
2008
1990
1961
1952
1947
1934
1938
1949
1965
1989
2004
2014
2051
2087
2094
2112
2135
2148
2162
2171
2159
2168
2130
2124
2098
2080
2054
2020
1991
1988
1976
1973
1968
1950
1949
1963
2000
2014
2037
2041
2070
2099
2100
2112
2128
2126
2138
2144
2172
2177
2178
2161
2151
2187
2172
2207
2193
2173
2170
2214
2203
2177
2174
2166
2178
2141
2130
2124
2150
2146
2120
2126
2122
2135
2142
2137
2146
2140
2027
2018
2027
2042
2085
2090
2117
2130
2169
2172
2177
2203
2223
2256
2249
2259
2249
2239
2219
2193
2156
2121
2101
2097
2076
2062
2046
2053
2056
2067
2069
2060
2091
2134
2114
2130
2108
2107
2104
2096
2097
2080
2075
2057
2048
2051
2052
2018
2036
2038
2064
2088
2076
2096
2105
2130
2158
2182
2180
2189
2167
2164
2145
2126
2098
2073
2048
2022
1980
1951
1950
1957
1968
1989
1999
2049
2051
2084
2109
2127
2152
2177
2165
2158
2158
2135
2145
2081
2077
2058
2064
2048
2030
2011
2022
2054
2044
2030
2061
2069
2059
2078
2089
2096
2117
2143
2128
2117
2116
2119
2126
2116
2102
2091
2097
2110
2084
2092
2089
2078
2095
2078
2082
2076
2067
2064
2082
2088
2325
2330
2329
2312
2288
2258
2214
2180
2090
2002
1931
1863
1853
1867
1914
1960
2033
2082
2108
2095
2071
2037
2023
2018
2042
2096
2130
2150
2173
2186
2170
2139
2090
2044
1994
1962
1952
1969
1998
2039
2090
2075
2073
2054
2041
2017
2016
2004
2003
2014
2023
2050
2048
2062
2091
2142
2185
2257
2251
2244
2222
2200
2151
2096
2072
2021
2020
2027
2053
2107
2122
2119
2124
2105
2056
2033
2021
1997
2015
2078
2104
2140
2168
2177
2174
2173
2131
2079
2076
2112
2135
2147
2147
2161
2132
2111
2079
2034
2002
1975
2013
2061
2088
2123
2152
2157
2153
2145
2076
2025
1983
1966
1946
1930
1964
2023
2058
2093
2142
2146
2144
2135
2123
2115
2116
2150
2186
2191
2150
2115
2102
2067
2070
2061
2049
2054
2072
2094
2123
2152
2169
2165
2175
2194
2195
2174
2166
2151
2128
2124
2088
2064
2026
2018
1996
2013
2008
2022
2015
2027
2068
2087
2115
2136
2162
2170
2189
2156
2124
2086
2041
1998
1960
1961
1934
1965
1976
2030
2085
2152
2193
2222
2233
2226
2198
2146
2098
2047
2004
1957
1939
1952
1976
2034
2073
2143
2212
2243
2255
2237
2193
2117
2068
1991
1929
1913
1925
1954
2000
2055
2145
2204
2231
2285
2254
2212
2144
2054
1983
1925
1932
1901
1915
1951
1987
2051
2149
2202
2257
2308
2320
2273
2225
2154
2069
1995
1951
1916
1892
1893
1906
1929
1936
1979
1986
2018
2049
2050
2065
2104
2121
2158
2189
2224
2207
2182
1933
1932
1918
1909
1902
1914
1996
2062
2126
2173
2217
2264
2268
2280
2298
2304
2287
2260
2222
2155
2068
1983
1950
1923
1939
1932
1892
1892
1937
2006
2003
2026
2062
2089
2126
2180
2210
2196
2133
2083
2081
2098
2116
2088
2062
2080
2119
2154
2179
2168
2191
2196
2244
2234
2220
2179
2157
2113
2076
2120
2157
2149
2120
2120
2131
2176
2200
2213
2201
2196
2190
2201
2202
2174
2137
2092
2056
2024
2008
2035
2054
2052
2128
2182
2232
2266
2268
2252
2238
2225
2201
2112
2063
2051
2075
2084
2077
2060
2049
2048
2061
2086
2094
2094
2070
2037
1988
1970
1994
2056
2072
2083
2114
2118
2162
2226
2295
2328
2311
2323
2286
2272
2260
2220
2165
2086
2034
1971
2291
2287
2234
2167
2107
2063
2055
2086
2108
2120
2090
2042
2013
2002
2061
2107
2180
2254
2270
2247
2202
2115
2024
1974
1986
2026
2090
2168
2204
2188
2145
2070
2007
1947
1960
2001
2040
2093
2118
2126
2106
2063
2029
2033
2012
2023
2043
2081
2106
2114
2155
2144
2129
2104
2057
2023
1993
1986
2016
2052
2112
2179
2223
2232
2232
2214
2169
2153
2118
2080
2070
2051
1999
2002
1998
2036
2064
2052
2063
2103
2113
2146
2183
2241
2282
2302
2299
2284
2222
2166
2058
2006
1979
1989
2038
2106
2154
2171
2196
2208
2183
2177
2163
2168
2147
2113
2071
1995
1929
1879
1842
1829
1866
1942
2032
2136
2234
2315
2369
2327
2296
2236
2166
2088
2027
1984
1964
1935
2281
2323
2306
2276
2197
2120
2040
1926
1892
1855
1881
1953
2028
2110
2187
2239
2272
2293
2270
2232
2175
2103
2023
1944
1896
1891
1901
1944
2014
2073
2186
2223
2265
2271
2256
2224
2166
2099
2077
2029
2021
2002
2007
2036
2075
2094
2103
2113
2092
2104
2086
2108
2103
2088
2111
2140
2121
2119
2115
2112
2094
2081
2070
2061
2074
2065
2095
2121
2152
2147
2155
2143
2143
2114
2088
2052
1997
1981
1966
1971
2002
2034
2085
2144
2184
2210
2198
2192
2166
2110
2053
1994
1975
1952
1946
1969
1954
1992
2043
2095
2140
2191
2230
2280
2299
2286
2279
2216
2161
2113
2060
1996
1925
1886
1856
1860
1888
1950
2036
2127
2210
2280
2320
2340
2321
2248
2178
2085
2070
2111
2143
2193
2247
2240
2175
2112
2043
2018
2020
2015
2014
1998
2016
2028
2025
2022
2027
2063
2112
2141
2197
2272
2296
2304
2290
2240
2186
2140
2079
2004
1968
1998
2032
2044
2060
2065
2080
2074
2063
2032
2010
2027
2048
2041
2085
2163
2249
2307
2307
2245
2202
2096
2056
1992
2001
2025
2016
2001
2033
2075
2136
2174
2178
2152
2127
2080
2037
1999
2006
2027
2092
2147
2225
2233
2185
2119
2042
1995
1980
1944
1906
1961
2070
2159
2184
2198
2216
2263
2265
2228
2131
2051
1981
1945
1904
1870
1906
1976
2040
2072
2080
2042
1973
2007
2061
2163
2192
2162
2138
2120
2119
2128
2074
2024
2030
2075
2044
1996
1990
2013
2061
2113
2130
2129
2115
2101
2258
2226
2156
2083
2018
1968
1991
2016
2053
2055
2051
2035
2033
2022
2029
2136
2199
2288
2319
2295
2254
2128
2012
1900
1848
1859
1932
2012
2079
2129
2155
2160
2129
2143
2185
2203
2230
2231
2173
2128
2032
1955
1906
1884
1931
2018
2102
2163
2198
2196
2174
2123
2108
2070
2051
2019
1971
1908
1859
1817
1840
1908
2026
2188
2386
2496
2568
2540
2445
2307
2110
1950
1817
1727
1719
1768
1873
1982
2104
2176
2234
2236
2203
2157
2132
2113
2072
2055
2092
2107
2105
2084
2033
1993
1946
1938
1921
1977
2071
2168
2261
2316
2319
2270
2178
2077
2022
1996
2008
2055
2143
2165
2194
2200
2186
2142
2071
2026
1967
1923
1905
1880
1917
1975
2062
2125
2169
2240
2031
2101
2137
2144
2132
2115
2082
2070
2094
2135
2151
2169
2172
2147
2061
1981
1880
1841
1851
1913
2000
2110
2219
2272
2283
2331
2340
2322
2328
2321
2321
2312
2268
2208
2127
2049
1996
1980
2001
2041
2090
2098
2107
2077
2044
2013
2022
2057
2071
2093
2070
2063
2037
2014
2049
2107
2192
2254
2297
2321
2320
2278
2183
2082
1974
1901
1892
1932
2001
2086
2155
2186
2211
2232
2244
2212
2227
2193
2118
1990
1896
1808
1774
1782
1829
1895
1982
2051
2105
2159
2184
2185
2201
2239
2275
2290
2256
2193
2055
1941
1849
1827
1862
1926
2017
2113
2185
2224
2219
2195
2162
2120
2082
2024
1980
1949
1917
1907
1910
1951
1982
2024
2081
2124
2171
2183
2203
2185
1865
1974
2116
2224
2323
2360
2374
2340
2289
2231
2162
2089
1989
1919
1846
1812
1822
1883
1943
2033
2108
2214
2316
2363
2383
2332
2222
2090
1948
1845
1772
1728
1688
1693
1736
1824
1943
2063
2190
2309
2376
2428
2452
2461
2505
2514
2471
2378
2236
2045
1882
1779
1754
1734
1741
1775
1843
1952
2089
2180
2217
2206
2147
2142
2164
2201
2228
2241
2235
2206
2169
2112
2009
1897
1801
1730
1752
1848
1950
2015
2046
2072
2114
2143
2194
2210
2165
2072
2012
1998
2029
2076
2123
2110
2097
2074
2120
2200
2305
2344
2341
2285
2250
2246
2261
2197
2091
1932
1823
1820
1873
2028
2096
2180
2255
2332
2443
2544
2580
2513
2408
2298
2215
2090
1971
1872
1779
1753
2388
2473
2516
2465
2336
2140
1956
1789
1652
1591
1581
1646
1778
1992
2202
2433
2614
2773
2791
2727
2601
2403
2143
1892
1676
1473
1408
1408
1516
1694
1950
2232
2459
2664
2730
2711
2630
2468
2229
1955
1706
1530
1424
1400
1470
1627
1840
2072
2290
2449
2543
2593
2539
2452
2323
2141
1985
1883
1796
1808
1855
1940
2037
2129
2214
2291
2311
2280
2226
2138
2028
1953
1880
1828
1856
1898
1952
2083
2188
2282
2363
2395
2399
2325
2232
2082
1951
1824
1778
1801
1884
1956
2078
2183
2233
2237
2232
2209
2143
2067
2018
1994
1990
1993
2040
2115
2196
2230
2274
2302
2320
2329
2315
2266
2220
2127
2036
1956
1867
1814
1785
1822
1916
2052
2209
2347
2472
2529
1771
1848
1976
2116
2295
2413
2456
2530
2554
2598
2600
2550
2399
2244
2088
1964
1907
1830
1783
1738
1758
1778
1852
2003
2132
2263
2370
2419
2443
2456
2482
2493
2448
2364
2202
2031
1808
1648
1602
1621
1675
1726
1762
1837
2017
2198
2365
2468
2500
2452
2389
2333
2255
2132
1992
1832
1703
1612
1568
1547
1561
1640
1720
1801
1896
2018
2157
2311
2445
2552
2574
2545
2463
2385
2296
2201
2094
1989
1859
1777
1723
1761
1836
1947
2097
2224
2293
2323
2349
2352
2288
2203
2118
1990
1878
1762
1679
1703
1811
1950
2094
2235
2327
2386
2447
2486
2513
2500
2484
2432
2351
2225
2055
1917
1850
1850
1907
1994
2010
2029
2018
2048
2166
2290
2451
2562
2659
2691
2310
2156
1952
1782
1707
1721
1872
2063
2237
2368
2429
2384
2256
2088
1872
1760
1696
1718
1806
1926
2031
2056
2078
2099
2162
2232
2323
2437
2487
2516
2475
2385
2331
2289
2301
2322
2387
2416
2373
2273
2108
1925
1798
1674
1646
1656
1690
1748
1796
1834
1926
2011
2147
2322
2529
2669
2713
2672
2536
2348
2137
1976
1884
1856
1888
1959
2007
2003
2000
2002
2009
2063
2122
2172
2190
2119
1991
1881
1750
1702
1703
1772
1885
2014
2075
2066
2052
2052
2073
2194
2340
2472
2544
2539
2440
2305
2140
2063
2022
2065
2132
2197
2196
2151
2038
1920
1811
1747
1771
1819
1952
2094
2271
2452
2570
2654
2676
2636
2592
2512
2400
2279
2171
2030
1878
1707
1504
1326
2120
2140
2177
2198
2225
2232
2251
2256
2270
2261
2254
2213
2137
2084
1986
1901
1843
1802
1724
1667
1624
1607
1609
1639
1702
1759
1854
1991
2137
2298
2423
2528
2608
2612
2546
2457
2356
2232
2099
1972
1890
1796
1739
1726
1738
1760
1795
1853
1909
1959
1995
2066
2120
2169
2247
2278
2326
2344
2353
2312
2264
2242
2155
2104
2036
1995
1992
2019
2054
2117
2204
2249
2294
2319
2264
2238
2145
2036
1983
1873
1784
1717
1704
1708
1713
1760
1834
1908
1977
2066
2165
2244
2307
2332
2341
2338
2280
2241
2209
2169
2162
2159
2173
2184
2200
2208
2184
2144
2104
2056
1997
1992
1959
1926
1971
1984
2005
2066
2117
2162
2216
2236
2273
2294
2344
2376
2351
2320
2370
2160
1888
1567
1258
1031
938
998
1152
1426
1841
2296
2750
3138
3377
3409
3232
2897
2461
2022
1679
1428
1279
1186
1176
1260
1435
1679
1939
2178
2349
2444
2415
2392
2387
2473
2613
2765
2850
2860
2782
2627
2415
2202
2022
1796
1558
1336
1119
1021
1036
1192
1435
1753
2051
2296
2416
2514
2519
2506
2465
2461
2448
2444
2430
2380
2310
2216
2114
2013
1918
1854
1800
1720
1627
1549
1520
1569
1688
1826
1981
2063
2094
2100
2020
1959
1889
1783
1731
1713
1759
1873
2012
2142
2278
2440
2592
2742
2878
2946
2870
2659
2342
2026
1802
1735
1804
1921
2023
2026
1894
1752
1687
1764
1927
2118
2247
2288
2251
2204
2240
2337
2464
2596
2624
2613
2480
2286
2216
2061
1926
1799
1703
1640
1623
1625
1668
1744
1826
1879
1930
1956
1985
2018
2060
2097
2131
2199
2246
2290
2324
2334
2344
2349
2323
2298
2250
2197
2124
2057
1999
1951
1928
1948
2002
2077
2133
2192
2262
2308
2349
2363
2380
2368
2378
2314
2249
2113
2008
1854
1753
1684
1668
1724
1765
1887
2016
2148
2259
2372
2451
2485
2476
2408
2329
2217
2072
1926
1777
1658
1593
1536
1525
1585
1684
1821
1978
2180
2391
2580
2772
2848
2860
2786
2622
2371
2067
1747
1480
1255
1084
1017
1041
1148
1351
1607
1943
2283
2629
2965
3214
3368
3401
3294
3077
2778
2387
1992
1604
1274
1063
944
1002
1147
1403
1705
2026
2308
2547
2742
2859
2928
2942
2906
2817
2720
3336
3188
2952
2671
2310
1954
1691
1480
1352
1271
1232
1209
1212
1254
1367
1577
1822
2083
2305
2424
2454
2441
2399
2362
2335
2344
2335
2294
2216
2142
2066
1976
1904
1861
1853
1856
1928
2042
2166
2280
2363
2384
2358
2380
2427
2582
2744
2844
2858
2756
2502
2191
1895
1722
1662
1700
1751
1771
1698
1562
1401
1277
1238
1290
1443
1624
1766
1903
1968
1968
1964
2006
2090
2226
2431
2647
2818
2910
2887
2792
2660
2510
2436
2401
2435
2460
2395
2271
2061
1827
1582
1395
1268
1210
1192
1179
1159
1145
1120
1167
1216
1351
1572
1819
2095
2369
2666
2922
3097
3186
3237
3162
3103
2983
2861
2738
2569
2352
2108
1850
1597
1385
1249
1180
1184
1251
1316
1438
1423
1471
1569
1660
1703
1732
1694
1627
1535
1459
1359
1290
1314
1336
1471
1698
1948
2287
2626
2934
3231
3446
3521
3479
3297
3016
2681
2311
1998
1732
1597
1509
1490
1532
1556
1570
1588
1568
1560
1571
1624
1706
1824
1999
2186
2359
2535
2667
2751
2721
2614
2480
2319
2168
2088
2069
2070
2136
2255
2334
2419
2450
2380
2282
2138
1954
1806
1668
1559
1560
1586
1690
1790
1937
2054
2192
2323
2512
2683
2877
3038
3187
3251
3218
3051
2749
2309
1814
1387
1010
772
720
825
1086
1413
1791
2088
2280
2381
2376
2237
2082
1887
1746
1726
1781
1952
2198
2477
2730
2930
3026
2999
2881
2750
2521
2280
2045
1818
1658
1511
1414
1320
1235
1143
1107
1076
1080
520
674
879
1130
1442
1779
2116
2438
2696
2934
3011
2990
2838
2608
2286
1918
1559
1224
931
716
579
500
521
601
722
918
1133
1393
1723
2080
2456
2885
3329
3713
4055
4095
4095
4095
4095
4095
4095
4032
3604
3115
2638
2149
1736
1384
1103
909
800
794
829
921
1110
1319
1574
1855
2159
2433
2696
2935
3120
3218
3212
3090
2921
2637
2264
1812
1321
820
348
1
0
1
0
1
0
0
131
734
1397
2117
2812
3452
4016
4095
4095
4095
4095
4095
4095
4095
4095
4095
3656
3042
2393
1725
1091
478
3
0
1
1
0
1
0
3
256
851
1461
2146
2799
3383
3924
4095
4095
4095
4095
4095
4095
4095
4095
4095
3893
3305
1609
1385
1209
1095
1036
974
902
792
688
623
596
655
797
1011
1230
1481
1599
1678
1729
1677
1602
1509
1480
1463
1506
1598
1719
1863
2023
2140
2230
2307
2381
2544
2695
2936
3200
3443
3619
3704
3734
3656
3522
3345
3130
2933
2734
2487
2206
1872
1446
991
594
215
1
0
2
1
45
233
466
702
868
1041
1231
1483
1814
2255
2764
3270
3711
4030
4095
4095
4095
4095
4095
4095
4095
4092
3993
3806
3519
3109
2642
2099
1584
1112
743
452
211
88
1
0
0
1
118
404
791
1243
1755
2218
2608
2871
3015
3031
2948
2870
2778
2736
2778
2838
2940
2974
2945
2862
2710
2569
2457
2417
2504
2686
2958
3258
3521
3680
3739
3672
4095
4095
4095
4095
3998
3560
3037
2455
1891
1354
851
391
23
3
1
0
0
2
21
345
761
1250
1742
2288
2790
3258
3644
4003
4095
4095
4095
4095
4095
4095
4095
4034
3668
3212
2710
2173
1595
1030
482
0
1
1
1
3
2
0
0
1
1
0
2
459
1067
1670
2307
2963
3551
4095
4095
4095
4095
4095
4095
4095
4095
4095
4095
4095
4095
4095
3736
2928
2059
1173
312
0
0
0
1
0
0
0
1
0
0
2
1
1
450
1294
2133
2944
3679
4095
4095
4095
4095
4095
4095
4095
4095
4095
4095
4095
4095
4095
4094
3272
2341
1407
493
2
1
1
1
1
1
0
1
2
0
1
1
3
2672
2399
2175
1925
1736
1578
1463
1373
1305
1280
1279
1302
1323
1360
1422
1468
1504
1545
1527
1485
1447
1408
1348
1237
1133
1066
991
941
883
864
878
935
1019
1068
1192
1345
1498
1647
1798
1927
2119
2238
2329
2439
2495
2536
2565
2535
2517
2490
2439
2393
2359
2325
2327
2335
2382
2432
2537
2666
2826
2973
3172
3352
3547
3706
3859
4015
4095
4095
4095
4095
4095
4090
3960
3784
3571
3320
3041
2772
2487
2163
1849
1552
1253
976
756
528
311
160
29
1
0
3
1
0
0
0
61
196
344
523
683
854
1056
1262
1459
1679
1897
2131
2342
2578
2792
3009
3224
3431
3623
3786
3938
4091
4095
4095
4095
4095
4095
4095
4095
4095
6
1
0
0
1
0
1
0
1
0
0
0
1
0
0
1
0
1
0
0
1
1
1
1
339
945
1539
2128
2685
3213
3733
4095
4095
4095
4095
4095
4095
4095
4095
4095
4095
4095
4095
4095
4095
4095
4095
4095
4095
4095
4095
4095
4095
4095
4095
4095
4095
4095
4095
4095
4095
4095
4095
4095
4095
3868
3220
2581
1934
1312
705
116
1
0
1
0
1
1
0
0
0
1
0
0
0
3
1
1
2
1
1
1
0
0
0
2
0
0
0
1
1
0
1
1
321
828
1340
1797
2264
2689
3085
3456
3822
4095
4095
4095
4095
4095
4095
4095
4095
4095
4095
4095
4095
4095
4095
4095
2265
2194
2156
2106
2136
2123
2096
2066
1999
1972
1961
1955
1994
2077
2106
2113
2154
2152
2176
2183
2233
2277
2304
2341
2384
2431
2470
2511
2574
2609
2672
2710
2747
2797
2850
2899
2954
3006
3052
3077
3120
3156
3174
3224
3252
3281
3284
3309
3302
3312
3314
3345
3349
3315
3321
3312
3305
3294
3268
3233
3216
3216
3170
3145
3126
3093
3051
3027
2982
2958
2949
2922
2862
2833
2825
2798
2770
2756
2703
2702
2697
2697
2662
2649
2629
2632
2614
2608
2587
2590
2580
2598
2590
2599
2593
2579
2571
2588
2610
2604
2604
2605
2582
2586
2597
2607
2594
2604
2608
2613
2573
2570
2586
2546
2541
2526
2513
2505
2495
2445
2428
2425
2427
2391
2376
2315
2295
2277
2077
2061
2050
2043
2038
2067
2089
2085
2072
2058
2075
2075
2105
2105
2095
2099
2089
2092
2092
2105
2107
2086
2099
2100
2086
2088
2099
2101
2096
2086
2112
2127
2092
2105
2121
2115
2123
2125
2130
2129
2119
2106
2112
2115
2140
2133
2127
2135
2139
2132
2148
2145
2153
2157
2146
2157
2158
2157
2141
2153
2161
2154
2172
2165
2175
2173
2164
2152
2157
2147
2169
2187
2171
2177
2169
2180
2184
2196
2180
2191
2187
2180
2176
2181
2205
2211
2207
2209
2211
2230
2230
2204
2201
2205
2201
2219
2198
2201
2227
2222
2205
2211
2208
2228
2242
2232
2224
2211
2234
2215
2240
2248
2254
2243
2258
2266
2262
2264
2276
2270
2271
2269
2263
2276
2304
2303
2312
2302
2078
2065
2056
2068
2072
2071
2091
2083
2082
2056
2040
2058
2080
2083
2055
2055
2103
2103
2080
2072
2067
2072
2048
2061
2074
2072
2052
2074
2109
2085
2076
2078
2091
2080
2073
2059
2089
2080
2077
2083
2090
2077
2079
2080
2081
2069
2065
2049
2046
2074
2074
2068
2081
2077
2066
2078
2088
2090
2101
2093
2093
2078
2062
2085
2092
2092
2102
2093
2089
2083
2086
2069
2082
2090
2087
2104
2130
2112
2104
2091
2088
2095
2102
2096
2076
2091
2097
2069
2078
2093
2117
2082
2066
2081
2095
2104
2109
2090
2111
2102
2079
2079
2097
2078
2108
2102
2116
2100
2099
2071
2080
2067
2067
2080
2097
2070
2092
2087
2072
2064
2077
2084
2083
2094
2102
2091
2071
2071
1930
1911
1907
1896
1897
1897
1908
1893
1894
1899
1881
1880
1875
1883
1880
1859
1848
1868
1860
1850
1854
1851
1850
1840
1849
1846
1839
1834
1852
1839
1834
1832
1847
1827
1827
1825
1846
1824
1818
1832
1836
1826
1822
1813
1834
1825
1832
1836
1816
1821
1832
1824
1819
1817
1826
1850
1848
1852
1834
1856
1863
1849
1854
1872
1875
1861
1864
1847
1874
1864
1866
1851
1844
1870
1879
1889
1893
1875
1918
1895
1896
1882
1891
1905
1915
1941
1920
1925
1924
1919
1919
1941
1956
1932
1924
1945
1944
1960
1959
1978
1975
1973
1993
1992
2016
1997
2000
2035
2038
2030
2019
2034
2036
2050
2056
2049
2070
2065
2060
2084
2082
2072
2070
2092
2099
2096
2104
2121
2059
2067
2041
2023
2062
2073
2076
2070
2082
2060
2071
2075
2072
2065
2089
2086
2097
2087
2072
2085
2091
2110
2075
2085
2099
2119
2091
2089
2089
2074
2088
2101
2100
2110
2097
2113
2101
2107
2118
2105
2122
2113
2155
2133
2142
2141
2145
2144
2158
2147
2162
2158
2153
2159
2152
2148
2152
2164
2141
2136
2148
2149
2147
2153
2160
2132
2143
2144
2164
2161
2166
2166
2167
2151
2140
2153
2144
2148
2106
2129
2138
2131
2144
2120
2121
2132
2138
2126
2148
2141
2140
2135
2144
2133
2120
2118
2127
2131
2154
2145
2122
2113
2121
2120
2113
2123
2113
2096
2124
2116
2121
2104
2115
2102
2101
2110
2120
2112
2106
2115
2119
2085
2115
2116
2126
2115
2100
2086
1971
1977
1983
1965
1965
1958
1988
1982
1973
1966
1988
1982
1972
1984
1974
1981
1973
1967
1970
1976
1968
1992
1981
1976
1970
1976
2003
1989
2008
1998
1996
1992
2010
2014
2024
2005
2023
2010
2011
2020
2024
2023
2034
2021
2026
2022
2030
2064
2057
2031
2064
2065
2069
2082
2072
2066
2065
2062
2079
2083
2090
2082
2077
2087
2083
2107
2099
2094
2108
2113
2117
2110
2114
2103
2107
2114
2135
2117
2138
2143
2139
2131
2127
2110
2148
2155
2158
2166
2140
2151
2148
2169
2184
2154
2157
2154
2173
2158
2165
2157
2151
2171
2169
2167
2173
2169
2183
2193
2184
2176
2187
2187
2161
2176
2177
2165
2154
2160
2150
2167
2176
2168
2185
2173
2174
2189
2167
2175
2082
2087
2080
2068
2072
2074
2101
2100
2081
2090
2082
2095
2091
2068
2060
2081
2083
2080
2069
2082
2088
2080
2098
2089
2097
2081
2087
2087
2074
2062
2075
2087
2083
2066
2068
2069
2065
2061
2047
2077
2066
2063
2070
2090
2075
2087
2057
2061
2080
2070
2090
2071
2078
2094
2096
2091
2069
2078
2061
2072
2088
2088
2071
2062
2088
2072
2078
2091
2077
2076
2067
2062
2055
2056
2055
2059
2082
2082
2087
2064
2062
2050
2064
2049
2055
2073
2069
2057
2069
2067
2057
2078
2067
2054
2070
2076
2040
2055
2061
2064
2063
2044
2032
2058
2061
2065
2075
2060
2065
2061
2054
2032
2048
2038
2069
2072
2062
2041
2055
2050
2043
2064
2079
2060
2062
2077
2071
2077
2036
2029
2001
2002
2013
2016
2009
1994
2005
2027
2034
2016
2005
2006
2029
2018
2030
2031
2037
2061
2011
2010
2025
2029
2045
2055
2065
2070
2044
2041
2055
2060
2068
2050
2061
2063
2056
2054
2091
2062
2071
2081
2089
2075
2074
2087
2074
2088
2089
2076
2107
2112
2104
2109
2107
2106
2102
2108
2112
2134
2124
2110
2135
2128
2116
2112
2137
2144
2144
2124
2121
2132
2135
2148
2144
2140
2150
2136
2160
2165
2131
2137
2154
2171
2140
2156
2142
2134
2142
2164
2181
2171
2181
2184
2187
2189
2177
2173
2171
2135
2156
2157
2168
2182
2204
2183
2192
2177
2176
2178
2191
2186
2172
2167
2189
2179
2194
2178
2189
2192
2172
2176
2165
2168
2178
2191
2194
2183
2137
2142
2117
2154
2155
2135
2140
2154
2138
2145
2134
2153
2134
2140
2167
2130
2132
2167
2154
2150
2139
2141
2137
2134
2139
2128
2141
2143
2125
2123
2120
2129
2138
2127
2129
2104
2106
2138
2112
2094
2100
2104
2092
2092
2093
2104
2066
2080
2092
2097
2080
2083
2090
2089
2065
2066
2077
2096
2088
2083
2082
2074
2088
2072
2112
2108
2102
2118
2092
2084
2099
2114
2103
2109
2111
2104
2104
2115
2102
2116
2116
2116
2115
2113
2127
2139
2120
2143
2145
2152
2148
2153
2153
2148
2146
2140
2145
2136
2133
2142
2154
2142
2117
2135
2138
2131
2135
2116
2106
2092
2114
2120
2108
2123
2111
2107
2128
2104
2088
2082
2083
2090
2087
2106
2082
2076
2076
2069
