2172
2162
2175
2179
2175
2143
2172
2163
2149
2201
2191
2199
2174
2180
2171
2182
2168
2168
2168
2169
2165
2163
2120
2124
2131
2102
2123
2107
2103
2105
2085
2052
2078
2094
2063
2058
2046
2054
2059
2066
2058
2071
2065
2063
2064
2074
2087
2114
2122
2097
2120
2119
2146
2167
2161
2173
2200
2205
2198
2207
2225
2224
2225
2210
2207
2207
2188
2197
2184
2195
2170
2166
2151
2115
2094
2088
2094
2085
2069
2033
2035
2063
2066
2062
2044
2034
2057
2064
2083
2090
2077
2086
2131
2145
2154
2168
2157
2166
2191
2187
2160
2177
2147
2152
2141
2127
2118
2109
2077
2068
2057
2045
2029
2022
2003
1978
1965
1996
2007
1982
1992
2019
2035
2046
2050
2049
2034
2055
2106
2098
2094
2106
2116
2125
2166
2150
2165
2158
2160
2154
2151
2139
2123
2108
2094
2106
2088
2107
2102
2106
2100
2101
2116
2107
2076
2076
2063
2062
2050
2035
2020
2036
2032
2046
2094
2117
2134
2185
2177
2184
2188
2214
2179
2172
2136
2158
2165
2167
2178
2174
2189
2175
2158
2133
2132
2104
2104
2108
2093
2069
2080
2104
2118
2119
2115
2143
2118
2114
2111
2097
2077
2081
2060
2062
1998
1978
2000
1966
1960
1965
1963
1975
1997
2000
2017
1990
1995
1985
1981
1986
1985
1982
1961
1999
2013
2012
2021
2000
1977
1972
1948
1910
1906
1898
1920
1895
1913
1926
1961
1983
1996
2006
2002
2006
2010
2011
2013
2019
2008
2000
2007
2030
2044
2076
2092
2109
1902
1874
1909
1897
1896
1919
1923
1943
1970
1990
2022
2045
2055
2074
2112
2147
2166
2162
2182
2189
2212
2231
2217
2220
2229
2214
2203
2205
2190
2139
2148
2135
2130
2104
2090
2068
2043
2040
2000
1977
1987
1970
1994
2013
2005
2011
2029
2075
2100
2138
2177
2201
2227
2247
2269
2299
2330
2346
2329
2328
2322
2289
2250
2255
2214
2162
2144
2096
2059
1986
1958
1923
1867
1853
1829
1818
1813
1823
1816
1823
1842
1863
1887
1944
1964
1998
2030
2126
2139
2177
2216
2254
2301
2346
2347
2364
2377
2399
2375
2349
2317
2314
2278
2230
2191
2150
2085
2027
1992
1943
1885
1834
1802
1791
1768
1771
1748
1764
1775
1782
1800
1855
1879
1928
1971
2024
2103
2133
2207
2201
2231
2246
2275
2281
2274
2275
2273
2258
2234
2198
2175
2150
2120
2084
2058
2026
1988
1979
1950
1933
1933
1909
1910
1920
1920
1945
1934
1916
1923
1936
1942
1961
1953
1960
1997
2039
2052
2073
2117
2120
2152
2194
2256
2269
2255
2278
2290
2321
2278
2248
2224
2216
2205
2181
2156
2152
2149
2148
2152
2153
2161
2165
2151
2146
2158
2141
2114
2094
2058
2014
1963
1920
1906
1863
1826
1791
1795
1810
1811
1848
1870
1936
1969
2025
2087
2134
2170
2192
2216
2242
2238
2259
2241
2240
2245
2219
2218
2234
2227
2199
2194
2201
2184
2181
2195
2208
2192
2184
2172
2167
2137
2101
2067
2043
2027
2001
1973
1925
1909
1893
1885
1856
1866
1903
1900
1940
1858
1858
1849
1878
1893
1893
1951
1963
1992
1988
2023
2031
2038
2041
2040
2036
2032
2049
2071
2085
2114
2133
2155
2165
2181
2174
2179
2185
2181
2173
2163
2151
2128
2154
2164
2181
2224
2255
2307
2354
2387
2378
2411
2417
2399
2386
2386
2363
2347
2354
2347
2336
2352
2352
2345
2366
2355
2344
2354
2333
2321
2254
2205
2188
2149
2120
2113
2102
2116
2102
2115
2129
2168
2166
2160
2160
2131
2111
2072
2038
1990
1956
1934
1919
1924
1909
1919
1922
1945
1939
1924
1944
1932
1941
1915
1891
1892
1905
1920
1935
1945
1935
1953
1987
2010
2025
2060
2046
2075
2089
2101
2084
2069
2077
2072
2031
2038
2052
2049
2046
2039
2055
2070
2099
2121
2134
2099
2118
1981
1974
1954
1947
1947
1939
1938
1932
1924
1932
1925
1930
1949
1953
1953
1963
1986
1972
1985
2004
2007
2002
2034
2065
2071
2085
2113
2121
2111
2130
2138
2133
2135
2143
2180
2173
2168
2156
2152
2162
2166
2149
2167
2164
2126
2134
2108
2128
2151
2131
2118
2118
2115
2110
2100
2080
2090
2098
2095
2097
2106
2118
2101
2120
2120
2118
2131
2120
2152
2145
2141
2166
2175
2170
2156
2169
2167
2197
2177
2167
2181
2186
2159
2160
2178
2158
2147
2134
2131
2120
2121
2099
2102
2073
2084
2071
2057
2058
2064
2042
2043
2038
2014
2007
1994
1984
1989
1970
1968
1971
1968
1968
1965
1957
1939
1954
1956
1970
1969
1990
1996
1981
1999
2017
2030
2033
2051
2060
2121
2107
2097
2114
2129
2108
2094
2070
2038
2039
2026
1992
1992
1961
1948
1929
1944
1919
1923
1939
1938
1958
1975
1989
2008
2005
2054
2056
2091
2117
2149
2179
2222
2269
2313
2363
2416
2439
2445
2475
2479
2476
2447
2439
2383
2341
2289
2220
2160
2089
2015
1940
1871
1811
1763
1732
1683
1685
1663
1674
1676
1666
1674
1704
1745
1810
1840
1863
1928
1995
2030
2104
2162
2227
2304
2359
2432
2462
2491
2523
2528
2543
2551
2509
2462
2430
2376
2324
2266
2218
2147
2100
2028
1967
1954
1927
1910
1881
1869
1863
1885
1919
1942
1948
1945
1965
2000
2002
2014
2032
2035
2036
2073
2067
2044
2051
2027
2040
2048
2042
2058
2060
2074
2090
2108
2092
2086
2117
2055
1992
1922
1850
1782
1728
1692
1625
1612
1604
1588
1577
1598
1614
1648
1717
1769
1798
1840
1894
1941
1978
2029
2035
2089
2121
2143
2172
2196
2235
2263
2291
2327
2359
2354
2391
2407
2422
2457
2459
2470
2453
2436
2412
2413
2389
2336
2332
2293
2257
2252
2223
2236
2229
2196
2175
2208
2186
2201
2177
2170
2141
2120
2114
2078
2020
1968
1942
1900
1861
1841
1812
1805
1807
1799
1785
1797
1826
1830
1841
1879
1904
1900
1907
1928
1939
1973
1990
2014
2037
2094
2125
2177
2229
2289
2322
2382
2451
2493
2536
2567
2570
2588
2591
2565
2531
2521
2474
2425
2375
2327
2254
2226
2169
2139
2097
2062
2027
1991
1959
1956
1956
1914
1902
1865
1860
1845
1868
1797
1791
1784
1774
1824
1840
1839
1856
1905
1878
1909
1911
1933
1942
1958
1997
2022
2056
2076
2073
2050
2056
2053
2056
2079
2109
2144
2189
2205
2234
2282
2305
2316
2314
2320
2314
2315
2345
2346
2352
2350
2344
2315
2320
2320
2321
2323
2293
2273
2282
2250
2230
2178
2142
2125
2090
2068
2014
2004
1979
1946
1915
1917
1922
1929
1944
1946
1976
1989
1995
1980
1980
1999
1992
1982
1983
1979
1969
2000
2007
1998
2007
2012
2044
2088
2127
2153
2168
2168
2147
2151
2144
2096
2112
2128
2128
2148
2141
2172
2204
2221
2229
2212
2205
2204
2205
2213
2204
2171
2146
2135
2112
2111
2115
2104
2094
2072
2064
2061
2031
2023
1997
1960
1944
1937
1936
1920
1917
2405
2398
2376
2357
2331
2295
2263
2248
2216
2147
2094
2090
2064
2039
2013
1962
1935
1903
1892
1882
1872
1858
1847
1842
1833
1852
1817
1849
1857
1849
1876
1909
1894
1914
1939
1978
2013
2023
2041
2066
2100
2139
2163
2169
2182
2200
2232
2209
2198
2205
2199
2217
2199
2193
2182
2169
2156
2136
2127
2137
2092
2088
2064
2068
2049
2061
2063
2052
2047
2061
2057
2051
2074
2067
2067
2073
2102
2085
2104
2124
2154
2152
2151
2158
2157
2193
2188
2192
2214
2193
2226
2208
2213
2216
2218
2184
2171
2160
2111
2112
2081
2073
2070
2041
2017
2026
2008
2006
1987
1982
1970
1975
1985
1985
1991
1999
2016
2028
2029
2053
2071
2073
2065
2100
2127
2100
2092
2084
2268
2279
2343
2350
2392
2405
2391
2406
2384
2371
2330
2302
2296
2281
2252
2217
2193
2163
2150
2141
2111
2089
2050
2054
2038
1989
1977
1956
1939
1934
1917
1921
1900
1890
1915
1913
1916
1929
1928
1951
1966
2010
2000
2009
2040
2044
2057
2070
2090
2118
2107
2125
2141
2137
2145
2171
2195
2208
2181
2176
2171
2189
2206
2226
2199
2193
2208
2199
2215
2212
2182
2187
2168
2158
2144
2122
2102
2093
2086
2064
2038
2021
2009
2015
1984
1956
1950
1922
1905
1904
1879
1855
1845
1843
1832
1820
1833
1838
1844
1862
1891
1916
1945
2009
2019
2083
2106
2154
2220
2256
2327
2326
2396
2408
2439
2436
2443
2442
2451
2416
2375
2318
2286
2241
2196
2148
2077
2031
2321
2377
2425
2437
2440
2410
2379
2325
2277
2239
2243
2216
2176
2131
2104
2046
2000
1927
1894
1821
1782
1741
1754
1769
1798
1834
1890
1927
1955
2009
2042
2072
2105
2110
2121
2153
2163
2181
2175
2153
2151
2120
2117
2098
2092
2082
2082
2061
2064
2052
2033
2032
2014
2020
2033
2058
2104
2168
2239
2310
2372
2421
2447
2460
2451
2448
2494
2491
2504
2482
2484
2473
2427
2394
2365
2281
2209
2120
2063
2012
1971
1939
1920
1907
1900
1881
1863
1855
1838
1836
1838
1856
1893
1934
1965
1996
2013
2029
2027
1996
1954
1940
1901
1900
1887
1869
1857
1849
1821
1812
1802
1775
1759
1757
1760
1778
1790
1814
1839
1911
1964
1986
2022
2103
2182
2223
2273
2330
2236
2245
2287
2303
2334
2319
2303
2306
2310
2295
2289
2284
2241
2200
2180
2158
2135
2088
2046
2009
1997
1985
1953
1946
1924
1888
1896
1881
1883
1881
1883
1892
1899
1914
1921
1921
1978
2014
2019
2051
2090
2138
2164
2196
2224
2261
2288
2325
2357
2375
2404
2412
2436
2448
2451
2463
2462
2447
2419
2389
2382
2352
2323
2290
2244
2229
2189
2164
2112
2068
2044
1979
1919
1893
1861
1842
1794
1756
1736
1722
1734
1709
1697
1704
1701
1759
1750
1783
1851
1879
1906
1959
2013
2067
2117
2175
2241
2275
2319
2348
2376
2406
2446
2448
2476
2504
2494
2466
2444
2437
2414
2378
2338
2331
2281
2229
2206
2157
2099
2042
1988
1937
1881
1840
1797
1760
1753
1717
1950
2052
2156
2229
2304
2383
2428
2453
2456
2457
2472
2474
2522
2549
2561
2576
2622
2656
2692
2702
2672
2655
2632
2554
2457
2328
2209
2063
1892
1720
1562
1433
1306
1204
1151
1123
1139
1166
1247
1382
1529
1696
1839
2002
2151
2293
2416
2496
2579
2628
2673
2654
2642
2616
2554
2499
2472
2408
2356
2300
2219
2157
2112
2032
1978
1940
1881
1841
1812
1806
1798
1841
1853
1879
1935
1950
2008
2035
2062
2110
2136
2155
2144
2159
2157
2148
2135
2139
2132
2166
2215
2257
2330
2397
2450
2518
2553
2579
2563
2537
2478
2399
2243
2085
1943
1779
1613
1484
1372
1310
1289
1310
1373
1482
1633
1749
1957
2101
2233
2359
2452
2511
2551
2536
2498
2458
2366
2279
2677
2660
2637
2634
2572
2544
2501
2427
2372
2313
2240
2172
2122
2065
2011
1953
1888
1835
1829
1825
1794
1763
1793
1795
1829
1848
1865
1886
1882
1899
1914
1938
1915
1877
1874
1832
1782
1749
1701
1666
1631
1637
1634
1657
1703
1744
1813
1897
1977
2066
2153
2254
2347
2411
2471
2522
2573
2596
2603
2622
2661
2658
2644
2639
2640
2611
2613
2597
2556
2508
2454
2391
2332
2237
2176
2081
2014
1959
1902
1850
1797
1792
1745
1749
1755
1766
1798
1800
1828
1863
1876
1872
1872
1913
1903
1893
1877
1873
1889
1893
1888
1889
1863
1888
1904
1931
1938
1934
1980
2014
2040
2064
2111
2145
2176
2194
2213
2238
2258
2281
2291
2295
2312
2279
2284
2282
2289
2257
