2074
2064
2066
2055
2042
2031
2044
2040
2033
2061
2056
2048
2054
2057
2042
2067
2045
2065
2070
2060
2054
2041
2084
2081
2067
2111
2106
2092
2102
2109
2129
2132
2120
2124
2132
2142
2126
2121
2148
2144
2150
2147
2135
2150
2147
2141
2144
2130
2110
2111
2113
2103
2099
2102
2095
2067
2071
2074
2087
2079
2074
2051
2066
2059
2062
2060
2044
2018
2032
2058
2046
2033
2047
2029
2035
2032
2037
2038
2057
2030
2033
2033
2050
2046
2036
2058
2048
2082
2082
2070
2088
2084
2084
2117
2119
2109
2101
2104
2110
2079
2078
2094
2085
2096
2106
2075
2075
2085
2071
2091
2058
2054
2050
2048
2043
2038
2042
2059
2034
2023
2046
2046
2057
2040
2037
2051
2025
2020
2215
2208
2206
2204
2227
2244
2225
2217
2215
2214
2209
2205
2205
2197
2183
2201
2173
2183
2200
2172
2188
2178
2185
2163
2165
2157
2164
2156
2155
2162
2159
2137
2145
2121
2128
2124
2117
2108
2105
2107
2104
2120
2094
2091
2107
2113
2102
2092
2066
2100
2110
2094
2076
2086
2084
2053
2067
2059
2066
2063
2044
2059
2063
2064
2037
2015
2034
2032
2043
2028
2029
2020
2006
2027
2022
2035
2014
2023
2024
2021
2026
2013
2009
2023
2041
2027
2008
2001
1974
1980
1987
1993
1988
2004
1987
1985
1970
1984
1996
1987
2002
1984
1984
1969
1974
1967
1980
1988
2009
1976
1977
1994
2001
2006
2010
1974
1977
1995
2008
1983
2007
1998
2002
1992
2004
2010
2000
2000
2125
2122
2079
2048
2044
2030
2013
2011
1984
1994
2001
1996
2015
2013
2043
2044
2076
2080
2087
2077
2080
2104
2091
2091
2086
2060
2035
2015
1975
1964
1926
1871
1872
1856
1820
1799
1823
1843
1870
1873
1868
1882
1913
1922
1935
1920
1960
1965
1951
1925
1961
1983
2000
2009
2004
2017
2018
2008
2058
2084
2105
2097
2083
2085
2079
2075
2076
2076
2059
2061
2104
2131
2156
2181
2222
2247
2272
2267
2286
2233
2230
2204
2166
2104
2087
2011
2033
2069
2073
2111
2146
2208
2248
2302
2353
2354
2390
2404
2370
2346
2296
2230
2174
2129
2098
2056
2038
2029
2055
2086
2081
2090
2145
2169
2184
2178
2194
2180
2166
2136
2121
2093
2057
2030
1999
1990
1981
1970
2072
2081
2056
2058
2061
2057
2044
2040
2041
2039
2068
2053
2064
2068
2075
2094
2096
2106
2069
2100
2114
2116
2111
2105
2146
2117
2106
2112
2108
2109
2147
2144
2112
2133
2110
2110
2119
2104
2084
2106
2098
2087
2076
2080
2085
2065
2038
2033
2016
2023
2000
1993
2002
1989
1990
2012
2032
2028
2046
2053
2089
2099
2126
2128
2142
2171
2173
2187
2204
2214
2210
2208
2241
2235
2231
2223
2214
2226
2214
2203
2216
2204
2167
2141
2158
2148
2128
2111
2089
2029
2042
1994
1982
1969
1937
1917
1893
1872
1842
1853
1840
1820
1836
1838
1858
1841
1878
1876
1894
1914
1925
1975
1991
2024
2067
2097
2131
2158
2186
2224
2268
2288
2296
2312
2345
2353
2345
2335
1961
1951
1986
2006
2034
2078
2109
2146
2178
2251
2281
2332
2343
2348
2384
2387
2364
2346
2345
2323
2280
2263
2231
2198
2199
2203
2195
2179
2176
2206
2208
2234
2231
2248
2238
2242
2213
2241
2207
2200
2195
2190
2182
2168
2141
2137
2118
2079
2056
2053
2002
1961
1951
1921
1888
1882
1900
1899
1903
1937
1927
1942
1936
1962
1960
1966
1968
1971
1967
1951
1932
1935
1920
1914
1889
1903
1877
1889
1903
1893
1912
1937
1961
1976
2000
2016
2016
2040
2059
2103
2141
2179
2204
2215
2232
2256
2277
2252
2271
2254
2230
2214
2173
2143
2106
2088
2081
2067
2040
2044
2048
2050
2052
2062
2077
2098
2111
2132
2141
2156
2157
2182
2190
2206
2218
2224
2225
2225
2162
2185
2201
2212
2210
2239
2288
2305
2348
2345
2361
2354
2330
2309
2280
2253
2222
2203
2198
2182
2164
2143
2116
2087
2091
2069
2015
1987
1959
1919
1914
1920
1920
1906
1934
1938
1937
1947
1954
1934
1921
1916
1917
1923
1942
1963
1979
2042
2091
2111
2125
2173
2163
2159
2182
2196
2194
2218
2246
2247
2259
2248
2291
2276
2288
2267
2239
2232
2190
2148
2100
2080
2051
2023
2005
2012
2021
2032
2001
1960
1935
1927
1904
1890
1919
1921
1962
1983
2026
2045
2063
2070
2073
2055
2088
2080
2116
2127
2149
2153
2184
2221
2259
2264
2270
2262
2257
2256
2264
2263
2239
2200
2233
2244
2219
2242
2239
2205
2200
2120
2099
2046
1996
1951
1927
1911
1905
1891
1722
1732
1783
1803
1860
1895
1929
1972
2043
2108
2176
2206
2265
2301
2354
2362
2378
2392
2367
2361
2331
2310
2268
2210
2154
2084
2022
1975
1926
1869
1812
1783
1752
1712
1705
1701
1726
1746
1803
1832
1876
1920
2008
2084
2155
2224
2288
2361
2418
2465
2513
2529
2570
2567
2566
2548
2529
2465
2439
2376
2299
2224
2146
2069
1992
1913
1845
1771
1708
1650
1615
1608
1612
1609
1620
1632
1689
1748
1806
1850
1951
2021
2116
2187
2277
2354
2395
2458
2512
2525
2559
2577
2570
2554
2557
2502
2447
2400
2315
2259
2170
2090
2015
1947
1872
1801
1718
1676
1631
1604
1573
1576
1564
1574
1621
1660
1717
1773
1859
1969
2017
2079
2153
2254
2335
2419
2473
2508
2168
2182
2197
2189
2200
2218
2269
2280
2271
2243
2226
2230
2191
2152
2113
2058
2017
1998
1960
1938
1923
1925
1952
1950
1970
1994
2023
2041
2083
2099
2135
2149
2193
2230
2224
2238
2296
2313
2317
2326
2310
2296
2285
2237
2198
2152
2112
2035
1995
1937
1901
1865
1836
1784
1740
1747
1749
1704
1691
1687
1663
1693
1703
1712
1746
1768
1833
1864
1938
2015
2075
2131
2185
2238
2280
2340
2389
2428
2439
2513
2529
2554
2552
2522
2508
2499
2444
2426
2380
2333
2270
2239
2187
2154
2116
2110
2077
2086
2081
2067
2064
2068
2061
2049
2024
2054
2000
1996
1984
2011
1994
2001
2009
2028
2058
2088
2101
2130
2164
2192
2179
2196
2213
2234
2211
2218
2196
2168
2111
2123
2128
2138
2189
2216
2242
2269
2290
2330
2338
2368
2381
2356
2315
2300
2333
2320
2310
2302
2326
2303
2277
2248
2223
2151
2124
2090
2062
2048
2021
2011
2002
1983
1992
1919
1874
1850
1828
1814
1797
1794
1808
1814
1845
1878
1899
1904
1920
1937
1963
2002
2031
2074
2104
2149
2184
2209
2216
2214
2227
2244
2272
2321
2328
2340
2336
2366
2362
2357
2357
2358
2336
2293
2265
2221
2192
2162
2099
2100
2061
2034
2032
2024
1981
1988
1969
1968
1946
1932
1915
1885
1855
1830
1832
1826
1834
1836
1853
1872
1902
1914
1949
1987
2004
2045
2084
2062
2076
2090
2104
2154
2167
2180
2208
2239
2288
2314
2323
2371
2378
2392
2376
2361
2364
2356
2356
2327
1992
2099
2219
2326
2421
2541
2607
2708
2744
2795
2806
2831
2820
2783
2733
2686
2627
2555
2453
2350
2269
2165
2026
1933
1832
1745
1677
1597
1526
1469
1451
1441
1474
1460
1471
1506
1547
1642
1674
1767
1856
1936
2030
2111
2194
2284
2358
2436
2488
2550
2570
2598
2594
2603
2611
2557
2507
2471
2410
2358
2307
2255
2213
2167
2110
2064
2037
1990
2003
1976
1953
1980
1980
1987
2009
2034
2049
2067
2080
2079
2117
2128
2120
2134
2134
2108
2133
2128
2114
2079
2062
2053
2015
1988
1949
1916
1871
1855
1836
1824
1838
1820
1822
1833
1830
1884
1923
1950
2004
2059
2101
2183
2232
2269
2310
2349
2369
2384
2388
2384
2382
2360
2358
2306
2277
2214
2150
2097
2021
2022
2040
2038
2078
2137
2221
2287
2367
2439
2516
2543
2538
2543
2512
2425
2367
2343
2262
2152
2097
2039
1978
1933
1872
1840
1802
1767
1759
1757
1780
1795
1822
1858
1925
1962
2008
2021
2057
2073
2046
2021
1991
1940
1911
1887
1877
1885
1919
1974
2086
2157
2258
2330
2380
2422
2475
2484
2483
2456
2438
2400
2378
2321
2285
2266
2215
2191
2148
2119
2096
2051
2042
2036
2023
2038
2025
2026
2081
2087
2117
2104
2082
2037
1996
1933
1882
1816
1760
1718
1698
1715
1781
1828
1896
1969
2071
2156
2225
2289
2313
2352
2367
2386
2396
2404
2417
2394
2408
2390
2336
2322
2305
2236
2205
2163
2132
2115
2088
2111
2110
2128
2106
2104
2056
2003
1937
1860
1813
1823
1832
1848
1889
1937
1989
2032
2027
2047
2080
2086
2089
2082
2026
2021
2019
1972
1916
1910
1921
1938
1946
1967
2004
2062
2108
2114
2189
2240
2284
2308
2333
2364
2390
2421
2427
2428
2395
2392
2377
2376
2351
2306
2300
2276
2245
2218
2188
2169
2162
2136
2097
2073
2011
1988
1950
1916
1876
1839
1792
1770
1715
1689
1661
1654
1622
1616
1645
1671
1722
1770
1848
1910
1984
2080
2158
2204
2282
2359
2415
2477
2514
2553
2587
2601
2618
2592
2574
2563
2519
2464
2425
2385
2317
2252
2230
2181
2092
2044
2009
1964
1896
1848
1796
1743
1709
1663
1589
1576
1569
1546
1566
1605
1624
1662
1720
1805
1895
1950
2032
2118
2205
2251
2316
2390
2415
2461
2296
2295
2274
2268
2256
2231
2185
2163
2135
2055
2026
1962
1892
1861
1808
1763
1709
1666
1652
1652
1661
1685
1727
1768
1825
1919
1993
2110
2210
2262
2366
2440
2510
2554
2619
2642
2671
2663
2653
2612
2556
2481
2396
2299
2212
2116
2000
1901
1764
1702
1623
1575
1539
1502
1512
1528
1581
1628
1680
1757
1843
1969
2079
2200
2272
2382
2450
2558
2599
2657
2668
2650
2673
2634
2578
2474
2379
2271
2178
2085
1952
1847
1744
1636
1583
1531
1499
1467
1488
1498
1538
1600
1697
1751
1847
1976
2082
2180
2272
2347
2423
2484
2504
2498
2520
2499
2440
2398
2326
2244
2176
2068
2001
1955
1893
1838
1816
1781
1772
1826
1862
1889
1949
2018
2069
2189
2268
2346
1429
1413
1436
1447
1462
1510
1545
1580
1621
1655
1673
1687
1696
1713
1738
1774
1799
1845
1899
2010
2135
2237
2367
2457
2572
2641
2756
2810
2879
2897
2886
2872
2833
2764
2672
2548
2427
2245
2134
2016
1935
1856
1846
1818
1811
1822
1864
1880
1897
1916
1904
1893
1886
1887
1881
1881
1867
1851
1848
1845
1842
1834
1838
1842
1851
1888
1941
1995
2050
2136
2231
2297
2360
2398
2422
2398
2393
2325
2240
2180
2074
2003
1943
1903
1926
1983
2059
2162
2269
2375
2463
2548
2582
2593
2627
2611
2648
2627
2613
2562
2502
2380
2248
2061
1897
1707
1533
1405
1315
1246
1269
1351
1454
1570
1696
1789
1920
1966
2017
2052
2060
2084
2086
2118
2139
2150
2163
2155
2296
2263
2258
2246
2195
2166
2123
2082
2053
1992
1974
1911
1876
1869
1849
1834
1866
1845
1861
1904
1913
1936
1970
1996
2017
2048
2057
2070
2083
2072
2080
2076
2067
2052
2039
2056
2062
2072
2097
2095
2138
2152
2178
2179
2197
2207
2205
2217
2216
2236
2212
2176
2191
2149
2150
2112
2087
2119
2116
2120
2142
2178
2201
2220
2246
2246
2290
2313
2290
2299
2312
2278
2243
2217
2183
2146
2099
2035
1966
1915
1868
1815
1790
1769
1744
1737
1726
1728
1748
1755
1780
1780
1805
1863
1908
1961
1994
2029
2079
2127
2170
2208
2259
2284
2322
2343
2341
2368
2358
2376
2364
2344
2345
2328
2304
2272
2231
2221
2200
2152
2103
2048
2002
1976
1947
1920
1874
1843
