2098
2104
2115
2117
2093
2126
2116
2127
2119
2115
2112
2115
2107
2099
2099
2105
2111
2123
2148
2100
2123
2127
2113
2118
2106
2118
2112
2114
2101
2107
2119
2124
2101
2110
2092
2102
2105
2086
2093
2072
2085
2080
2093
2094
2090
2110
2098
2108
2090
2074
2072
2071
2086
2066
2063
2073
2086
2077
2096
2087
2091
2068
2063
2076
2084
2080
2062
2045
2062
2062
2066
2076
2038
2058
2052
2054
2052
2071
2072
2066
2066
2049
2049
2041
2052
2060
2056
2051
2051
2049
2023
2041
2061
2046
2043
2048
2030
2060
2046
2046
2039
2040
2043
2068
2049
2040
2037
2044
2043
2035
2039
2074
2061
2070
2019
2041
2049
2053
2056
2073
2062
2067
2067
2040
2061
2055
2069
2073
2090
2079
2097
2101
2123
2091
2091
2088
2097
2062
2061
2057
2038
2024
2015
2005
2021
2031
2032
2027
2056
2088
2087
2084
2118
2146
2155
2165
2154
2152
2160
2167
2141
2140
2111
2114
2120
2119
2142
2137
2132
2126
2159
2144
2146
2142
2143
2138
2133
2156
2150
2149
2144
2141
2151
2151
2148
2168
2159
2168
2176
2164
2163
2170
2164
2157
2170
2191
2175
2146
2120
2126
2134
2137
2152
2137
2145
2134
2154
2152
2142
2135
2145
2129
2127
2121
2098
2115
2109
2125
2126
2109
2123
2132
2116
2130
2135
2141
2133
2150
2147
2147
2144
2163
2153
2172
2169
2157
2180
2153
2126
2129
2139
2136
2136
2136
2127
2110
2111
2094
2107
2085
2089
2076
2073
2069
2064
2054
2111
2084
2117
2113
2137
2177
2219
2255
2308
2319
2354
2388
2404
2420
2420
2402
2371
2342
2300
2263
2239
2210
2144
2113
2084
2071
2066
2086
2121
2132
2142
2157
2144
2107
2115
2075
2045
2016
1979
1956
1892
1906
1888
1898
1911
1910
1928
1980
1989
2040
2056
2057
2083
2072
2068
2082
2055
2040
2021
2008
2036
2008
2018
2038
2047
2069
2095
2110
2142
2157
2166
2184
2210
2247
2237
2234
2229
2229
2224
2236
2207
2169
2147
2135
2087
2049
2027
2006
2001
1960
1967
1974
1982
1988
1994
2014
2028
2039
2063
2077
2084
2082
2088
2097
2104
2122
2139
2148
2160
2166
2180
2153
2157
2162
2146
2131
2114
2089
2095
2100
2086
2086
2088
2103
2138
2143
2152
2176
1996
2000
2036
2068
2110
2139
2160
2184
2242
2270
2304
2320
2324
2335
2336
2316
2247
2226
2167
2117
2042
1963
1910
1837
1789
1740
1702
1691
1698
1711
1739
1756
1833
1890
1959
2049
2114
2173
2267
2316
2385
2445
2456
2458
2438
2412
2383
2322
2268
2207
2150
2076
2005
1926
1861
1838
1790
1780
1774
1770
1807
1859
1909
1986
2053
2120
2193
2262
2329
2385
2429
2459
2440
2444
2437
2419
2382
2329
2278
2213
2133
2088
2037
1965
1875
1856
1813
1766
1754
1773
1781
1810
1850
1896
1956
2017
2076
2133
2192
2247
2278
2324
2350
2352
2355
2341
2324
2272
2227
2189
2139
2109
2055
2020
1970
1961
1910
1904
1886
1867
1865
1888
1901
1952
1978
2005
2084
2140
2185
2129
2099
2115
2109
2130
2134
2120
2111
2088
2041
1989
1943
1892
1847
1802
1789
1811
1824
1892
1944
2000
2067
2130
2152
2155
2173
2184
2164
2175
2205
2225
2274
2305
2295
2328
2333
2293
2258
2203
2145
2090
2019
1993
1976
1974
1970
2019
2011
2043
2049
2030
2021
2006
1994
1964
1940
1961
1934
1957
1962
1956
1949
1978
2023
2054
2126
2182
2240
2306
2371
2423
2434
2460
2479
2453
2437
2410
2384
2337
2288
2225
2136
2047
1939
1897
1808
1750
1708
1663
1683
1704
1737
1789
1826
1861
1909
1956
1989
2027
2052
2107
2152
2185
2203
2224
2256
2272
2293
2307
2290
2312
2351
2379
2423
2434
2446
2457
2442
2379
2286
2209
2083
2000
1881
1760
1656
1561
1474
1558
1612
1670
1763
1829
1903
1962
2018
2096
2143
2223
2304
2347
2437
2501
2568
2599
2594
2564
2530
2486
2423
2314
2281
2232
2200
2174
2147
2070
2001
1900
1820
1747
1669
1615
1594
1592
1616
1692
1750
1794
1876
1897
1969
1991
1995
2005
2017
2052
2130
2194
2223
2296
2394
2464
2547
2632
2700
2736
2720
2688
2590
2480
2372
2251
2168
2074
1994
1999
1957
1943
1927
1896
1840
1782
1745
1714
1688
1686
1688
1725
1760
1774
1808
1864
1907
1985
2061
2180
2268
2333
2388
2423
2457
2455
2432
2398
2336
2302
2238
2232
2197
2157
2148
2140
2114
2093
2037
1979
1927
1881
1832
1784
1776
1785
1820
1836
1887
1940
1957
2001
2020
2037
2060
2077
2092
2128
1779
1795
1859
1909
1974
2047
2118
2174
2239
2291
2350
2388
2410
2395
2362
2344
2337
2271
2214
2128
2048
1977
1942
1883
1814
1772
1766
1752
1771
1786
1842
1900
1962
2009
2085
2130
2183
2250
2299
2332
2351
2345
2352
2320
2299
2254
2213
2146
2088
2051
1992
1954
1911
1910
1904
1920
1942
1986
2036
2117
2194
2237
2298
2346
2344
2360
2355
2365
2323
2273
2226
2166
2095
2033
1966
1895
1842
1813
1788
1756
1749
1803
1833
1902
1987
2060
2127
2233
2325
2384
2425
2464
2466
2436
2402
2345
2286
2192
2144
2038
1955
1874
1819
1761
1738
1702
1720
1751
1810
1882
2019
2111
2229
2299
2361
2456
2527
2525
2561
2518
2475
2400
2312
2218
2104
1988
1880
1793
2078
2033
1975
1943
1874
1814
1796
1776
1764
1770
1808
1842
1902
1964
2009
2056
2108
2101
2110
2104
2119
2160
2192
2248
2306
2345
2419
2454
2451
2426
2367
2298
2214
2119
2017
1930
1880
1814
1768
1739
1707
1698
1669
1660
1663
1696
1724
1764
1858
1948
2015
2104
2171
2228
2300
2356
2385
2389
2407
2387
2364
2336
2300
2265
2240
2190
2165
2140
2117
2122
2098
2070
2071
2061
2071
2069
2053
2023
1963
1939
1914
1915
1909
1915
1906
1901
1890
1865
1844
1848
1905
1935
2013
2133
2256
2389
2505
2611
2647
2677
2695
2660
2635
2600
2555
2465
2397
2327
2199
2072
1938
1766
1600
1504
1457
1432
1440
1485
1519
1583
1647
1738
1815
1874
1944
2024
2101
2198
2406
2384
2331
2304
2258
2224
2147
2069
2004
1936
1896
1875
1813
1822
1816
1808
1804
1820
1826
1851
1891
1921
2001
2082
2167
2216
2290
2329
2349
2342
2340
2308
2308
2317
2283
2301
2304
2310
2301
2278
2277
2191
2092
2007
1909
1843
1796
1751
1741
1780
1833
1871
1952
2018
2080
2132
2192
2223
2238
2229
2219
2208
2192
2218
2221
2251
2244
2251
2233
2209
2153
2128
2099
2078
2055
2014
1976
1935
1918
1902
1880
1886
1889
1906
1963
2016
2083
2100
2182
2231
2254
2241
2232
2202
2203
2205
2200
2215
2197
2185
2155
2106
2077
1989
1918
1889
1852
1814
1816
1810
1808
1828
1856
1901
1945
2016
2053
2127
2200
2272
2373
2411
2443
2468
2464
2444
2459
2440
2295
2432
2582
2702
2781
2816
2827
2794
2726
2577
2416
2218
1985
1768
1564
1400
1286
1216
1230
1293
1448
1646
1852
2117
2361
2637
2864
3040
3137
3151
3104
2991
2814
2576
2285
2008
1726
1474
1263
1123
1040
1055
1146
1279
1482
1711
1960
2208
2470
2682
2850
2971
3005
2985
2908
2795
2622
2398
2185
1991
1794
1639
1517
1452
1407
1441
1484
1567
1680
1764
1906
2018
2122
2200
2240
2274
2287
2284
2225
2188
2151
2093
2103
2118
2141
2163
2220
2288
2320
2352
2352
2331
2294
2230
2150
2048
1912
1797
1676
1598
1531
1464
1454
1520
1624
1761
1929
2120
2290
2505
2673
2810
2916
2950
2930
2872
2716
2541
2328
2088
1817
1562
1344
1178
1066
1017
1065
1162
1894
1828
1783
1720
1694
1705
1742
1809
1907
1996
2085
2192
2247
2286
2272
2276
2263
2260
2304
2363
2382
2415
2440
2418
2436
2404
2360
2292
2260
2211
2144
2067
2016
1968
1931
1866
1819
1776
1746
1742
1755
1777
1816
1877
1982
2038
2131
2188
2264
2310
2369
2405
2443
2442
2441
2410
2358
2285
2196
2080
1964
1844
1752
1703
1639
1596
1597
1587
1601
1619
1614
1649
1689
1744
1853
1961
2122
2288
2435
2550
2674
2730
2761
2748
2711
2624
2533
2479
2431
2361
2307
2247
2174
2105
2038
1968
1877
1824
1783
1780
1791
1832
1864
1897
1957
1981
2016
2025
2050
2049
2052
2053
2093
2127
2188
2227
2264
2273
2289
2294
2273
2265
2260
2209
2194
2157
2102
2048
2571
2508
2424
2327
2194
2095
1993
1916
1836
1776
1709
1642
1610
1555
1496
1489
1444
1448
1464
1510
1572
1661
1789
1893
1987
2099
2228
2341
2465
2549
2604
2655
2695
2748
2766
2750
2749
2754
2721
2674
2593
2507
2423
2302
2160
2032
1882
1746
1613
1512
1399
1349
1299
1274
1280
1307
1342
1386
1424
1488
1596
1709
1858
2036
2202
2401
2588
2785
2929
3065
3133
3216
3248
3227
3176
3068
2962
2788
2630
2457
2283
2107
1984
1840
1699
1547
1420
1264
1161
1032
977
992
1018
1064
1197
1287
1414
1566
1711
1875
2072
2213
2374
2518
2600
2669
2710
2751
2755
2765
2806
2897
2947
2997
3029
2997
2914
2794
2632
2452
2244
2069
1881
1698
1544
1411
1289
1193
2660
2622
2603
2554
2512
2462
2390
2367
2276
2189
2120
2028
1941
1833
1723
1694
1636
1604
1593
1572
1630
1672
1719
1777
1818
1866
1914
1913
1926
1936
1928
1909
1890
1899
1890
1909
1932
1983
2059
2132
2203
2289
2428
2536
2658
2767
2866
2943
2982
2975
2937
2824
2661
2487
2229
1982
1704
1443
1183
966
779
687
663
698
815
1049
1302
1606
1938
2257
2592
2895
3142
3325
3441
3473
3444
3347
3164
2971
2699
2395
2112
1811
1560
1339
1155
1085
1060
1095
1202
1363
1560
1769
2016
2232
2436
2604
2728
2800
2826
2823
2743
2625
2503
2306
2131
1983
1840
1758
1702
1708
1781
1900
2042
2212
2382
2513
2622
2689
2722
2722
2614
2496
2340
2116
1898
1690
1763
1488
1262
1058
917
798
769
786
848
994
1203
1448
1734
2029
2325
2622
2886
3134
3351
3480
3600
3653
3639
3598
3431
3230
2988
2733
2422
2104
1783
1478
1217
954
763
618
529
524
594
712
906
1151
1449
1741
2046
2387
2724
3002
3241
3438
3574
3662
3672
3612
3487
3293
3052
2755
2455
2115
1801
1462
1174
917
719
577
503
528
580
716
894
1123
1393
1674
1972
2283
2568
2809
3039
3206
3333
3407
3453
3446
3372
3268
3141
2966
2750
2556
2352
2136
1904
1668
1489
1310
1176
1062
998
1000
1011
1087
1172
1330
1499
1686
1857
2091
2259
2432
2585
2701
2815
2850
2904
2871
2813
2766
2664
2530
2368
2223
2076
1903
1746
1604
1486
1409
3142
3267
3359
3468
3584
3683
3757
3717
3636
3457
3218
2930
2640
2335
2113
1932
1832
1793
1714
1656
1540
1402
1251
1104
981
926
963
1079
1281
1488
1705
1928
2069
2202
2269
2350
2403
2454
2515
2551
2646
2707
2734
2748
2735
2683
2653
2574
2493
2419
2313
2226
2105
1991
1879
1821
1798
1805
1807
1836
1879
1874
1845
1806
1781
1746
1741
1737
1802
1872
1968
2027
2060
2006
1980
1897
1859
1848
1907
1964
2075
2227
2322
2370
2340
2300
2215
2107
2059
2057
2082
2180
2280
2350
2438
2447
2414
2329
2247
2176
2124
2123
2197
2305
2420
2556
2637
2707
2690
2621
2502
2381
2217
2048
1898
1772
1664
1621
1510
1428
1347
1289
1209
1076
995
924
880
866
