2144
2127
2111
2127
2102
2093
2082
2084
2058
2057
2062
2048
2065
2033
2052
2061
2061
2066
2043
2036
2041
2054
2019
2011
1999
2033
2024
2015
2024
2025
2012
2011
2006
2033
2040
2044
2048
2038
2045
2068
2069
2100
2104
2106
2112
2107
2103
2101
2111
2140
2134
2133
2121
2119
2104
2098
2106
2107
2117
2113
2113
2100
2108
2086
2088
2104
2099
2083
2092
2086
2064
2075
2065
2070
2072
2065
2068
2060
2055
2024
2043
2031
2020
2008
1989
1983
1981
1969
1955
1944
1958
1953
1980
1983
1990
1990
1987
1977
2002
2024
2040
2052
2037
2033
2039
2044
2054
2068
2041
2056
2054
2056
2061
2060
2083
2057
2061
2057
2056
2067
2082
2079
2065
2094
2122
2125
2134
2158
2312
2270
2240
2181
2125
2120
2096
2075
2064
2085
2094
2100
2122
2161
2159
2184
2185
2233
2224
2200
2204
2212
2197
2191
2182
2165
2138
2080
2078
2068
2020
2002
1987
1977
1961
1961
1976
1975
2002
2025
2024
2037
2045
2082
2074
2092
2067
2037
2075
2077
2062
2079
2108
2096
2098
2116
2104
2101
2090
2069
2052
2060
2067
2064
2038
2096
2090
2108
2120
2142
2151
2187
2181
2187
2170
2136
2133
2127
2088
2088
2080
2073
2054
2058
2034
2029
2011
2021
2041
2045
2054
2066
2073
2084
2072
2086
2082
2071
2078
2068
2072
2062
2047
2045
2051
2048
2045
2043
2024
2018
2009
2024
2037
2007
2034
2037
2042
2037
2058
2066
2092
2102
2144
2147
2169
2166
2129
2122
1873
1812
1753
1726
1686
1678
1659
1649
1668
1688
1718
1750
1780
1827
1913
1947
1994
2062
2119
2176
2222
2260
2300
2330
2369
2385
2402
2409
2405
2394
2374
2360
2361
2318
2288
2251
2227
2177
2134
2088
2048
2001
1967
1937
1905
1886
1882
1883
1905
1909
1950
1961
2005
2040
2075
2114
2155
2240
2260
2297
2341
2364
2401
2414
2402
2392
2420
2382
2348
2301
2271
2247
2201
2117
2088
2029
2001
1953
1893
1860
1831
1832
1829
1800
1807
1806
1803
1853
1874
1890
1933
1952
1988
2021
2058
2091
2105
2123
2117
2133
2137
2183
2185
2170
2166
2123
2129
2108
2098
2074
2055
2021
2008
1974
1944
1956
1924
1911
1897
1928
1956
1956
1983
2045
2073
2098
2133
2200
2229
2243
2283
2318
2343
2339
2337
2342
2281
2243
2201
2149
2108
2033
2001
1974
1928
1890
1874
1864
1859
1861
1870
1891
1939
1936
1963
1974
2010
2012
2037
2058
2052
2058
2085
2084
2096
2111
2127
2143
2151
2159
2163
2171
2178
2200
2163
2149
2143
2125
2098
2087
2058
2039
2022
2011
2006
2002
2006
2028
2019
2047
2050
2102
2099
2126
2164
2162
2162
2172
2158
2152
2134
2123
2088
2080
2072
2026
2023
2041
2038
2072
2105
2138
2181
2225
2264
2306
2331
2341
2375
2364
2345
2343
2312
2258
2224
2145
2076
1994
1921
1857
1791
1734
1679
1684
1708
1733
1763
1800
1872
1923
2020
2076
2172
2239
2302
2363
2406
2458
2448
2435
2407
2368
2309
2242
2178
2098
1880
1856
1885
1944
1993
2067
2124
2166
2235
2244
2253
2237
2223
2228
2248
2228
2217
2203
2174
2150
2146
2140
2134
2136
2150
2211
2248
2280
2308
2307
2279
2280
2220
2177
2099
2037
1977
1928
1878
1810
1743
1685
1642
1638
1682
1725
1831
1957
2051
2131
2181
2162
2180
2184
2214
2261
2316
2333
2344
2337
2311
2245
2171
2147
2200
2259
2306
2363
2397
2424
2389
2343
2333
2297
2272
2248
2221
2173
2077
1954
1872
1806
1727
1674
1650
1653
1674
1757
1832
1887
1944
1978
2027
2073
2079
2104
2129
2168
2194
2192
2198
2179
2161
2153
2152
2177
2212
2272
2312
2361
2408
2394
2350
2312
2258
2217
2169
2152
2113
2066
2025
1961
1879
1802
1705
1672
1664
1707
1925
1902
1928
1950
1973
1990
2035
2072
2110
2194
2254
2279
2361
2383
2420
2456
2467
2436
2441
2409
2378
2371
2300
2241
2184
2124
2104
2047
2001
1981
1945
1925
1897
1873
1888
1904
1911
1933
1916
1922
1943
1960
1967
2010
2025
2034
2062
2076
2090
2090
2109
2128
2127
2157
2202
2212
2275
2284
2300
2333
2338
2328
2326
2309
2274
2225
2158
2087
2046
1986
1898
1848
1788
1764
1758
1712
1737
1746
1784
1832
1890
1941
1999
2060
2111
2150
2223
2263
2303
2344
2363
2356
2355
2345
2336
2298
2272
2212
2152
2093
2064
2032
1970
1940
1883
1889
1865
1883
1869
1892
1910
1940
1955
1994
2029
2070
2119
2135
2181
2218
2265
2270
2283
2298
2296
2288
2291
2271
2240
2232
2228
2203
2169
2172
2178
2182
2178
2147
2142
2120
2114
2089
2064
2013
1948
1923
1881
1863
1815
1829
1821
1808
1820
1833
1878
1927
1989
2070
2156
2228
2312
2405
2487
2523
2541
2555
2543
2493
2423
2342
2233
2158
2052
1943
1832
1731
1644
1566
1522
1510
1522
1557
1622
1712
1828
1944
2099
2239
2342
2440
2552
2603
2614
2618
2626
2559
2478
2384
2288
2213
2100
2006
1906
1830
1777
1742
1759
1767
1798
1860
1939
2008
2062
2136
2209
2253
2273
2248
2236
2248
2212
2150
2106
2054
1995
2002
1989
1969
1966
1946
1985
2018
2051
2116
2179
2248
2292
2344
2372
2361
2348
2308
2259
2169
2093
2004
1913
1814
1741
1676
1652
1647
1687
1727
1804
1918
2193
2131
2052
1988
1950
1943
1944
1928
1907
1874
1816
1790
1819
1876
1977
2103
2263
2350
2409
2378
2342
2316
2307
2322
2379
2432
2468
2474
2404
2305
2210
2135
2084
2076
2078
2143
2186
2149
2111
2060
1954
1937
1952
1957
1950
1940
1871
1782
1693
1594
1546
1598
1695
1808
1925
2045
2123
2179
2282
2374
2502
2648
2786
2844
2892
2839
2718
2585
2446
2334
2235
2141
2054
1952
1811
1683
1624
1551
1531
1577
1636
1697
1708
1714
1670
1610
1552
1553
1573
1592
1651
1702
1733
1762
1822
1867
1994
2171
2362
2584
2790
2931
3018
2970
2908
2828
2742
2648
2572
2485
2389
2233
2108
1937
1768
1645
1581
1593
1658
1786
1901
1988
2003
2011
1951
1900
1857
1841
2162
2091
2026
1949
1866
1811
1741
1689
1662
1652
1642
1654
1698
1733
1780
1842
1894
1965
2028
2070
2136
2210
2280
2351
2413
2487
2561
2573
2596
2594
2571
2589
2574
2546
2511
2480
2429
2383
2329
2264
2158
2108
2005
1923
1854
1799
1731
1659
1606
1573
1571
1528
1546
1593
1613
1672
1722
1770
1853
1898
1944
1994
2062
2112
2140
2212
2264
2326
2365
2382
2383
2380
2374
2323
2287
2260
2221
2186
2183
2185
2169
2178
2198
2189
2213
2206
2182
2157
2131
2087
2038
1996
1993
1960
1950
1954
1985
2007
2019
2055
2083
2108
2123
2103
2071
2040
2013
2000
1967
1945
1958
1990
2008
2046
2093
2130
2152
2177
2166
2144
2128
2132
2099
2096
2083
2094
2116
2157
2969
3073
3115
3058
2953
2771
2514
2235
1939
1673
1418
1238
1137
1101
1165
1308
1512
1738
2027
2309
2559
2824
2993
3095
3113
3049
2881
2674
2401
2110
1785
1503
1240
1067
966
939
1020
1168
1395
1655
1937
2249
2536
2777
2962
3088
3146
3124
3037
2842
2634
2368
2087
1797
1573
1350
1216
1153
1125
1196
1310
1492
1691
1931
2187
2410
2596
2776
2889
2953
2986
2905
2817
2640
2467
2272
2034
1813
1659
1533
1453
1439
1449
1524
1644
1801
1945
2072
2217
2330
2408
2407
2410
2393
2311
2236
2144
2035
1946
1868
1799
1778
1758
1774
1820
1899
2011
2116
2218
2337
2435
2504
2556
2559
2534
2489
2396
2268
2135
2017
1893
1784
1689
1634
1617
1624
1704
1811
2295
2292
2283
2228
2142
2149
2142
2146
2167
2104
2044
1984
1984
2029
2160
2336
2448
2520
2578
2559
2516
2479
2415
2378
2333
2254
2113
1967
1851
1796
1786
1815
1837
1895
1913
1896
1909
1933
1970
2076
2129
2128
2080
1981
1872
1766
1714
1726
1818
1927
2036
2097
2120
2113
2134
2209
2319
2447
2520
2508
2434
2280
2081
1913
1801
1764
1748
1776
1783
1753
1732
1710
1722
1822
1953
2133
2258
2332
2363
2313
2256
2160
2096
2049
2018
1995
1967
1932
1927
1973
2036
2134
2207
2288
2342
2403
2450
2509
2510
2504
2433
2360
2215
2049
1876
1796
1766
1831
1911
2004
2045
2096
2144
2205
2314
2454
2597
2708
2774
2731
2605
2424
2218
2013
1861
1774
1719
1666
2758
2872
2990
3037
3080
3067
3069
3066
3008
2920
2822
2710
2521
2355
2172
1989
1813
1652
1507
1377
1331
1293
1266
1280
1357
1398
1486
1569
1668
1801
1935
2088
2206
2357
2492
2609
2736
2792
2817
2795
2744
2676
2522
2404
2244
2059
1933
1814
1707
1633
1595
1566
1557
1536
1558
1564
1606
1642
1726
1839
1965
2088
2244
2372
2554
2654
2773
2863
2869
2867
2854
2800
2736
2670
2537
2406
2305
2173
2039
1891
1766
1628
1475
1346
1248
1170
1117
1085
1120
1168
1235
1350
1465
1651
1801
1983
2167
2322
2488
2604
2756
2865
2959
3031
3073
3100
3084
3043
2955
2878
2740
2567
2397
2216
2014
1828
1632
1473
1326
1195
1119
1073
1055
1076
1137
1238
1348
1469
2890
2952
2906
2814
2662
2480
2267
2061
1826
1666
1540
1460
1461
1530
1657
1843
2044
2312
2558
2809
2991
3089
3127
3101
2983
2786
2491
2182
1848
1518
1200
972
812
748
776
925
1162
1466
1823
2226
2673
3069
3399
3684
3881
3969
3928
3752
3436
3006
2511
1947
1384
855
392
36
1
1
0
113
486
979
1549
2110
2712
3245
3726
4095
4095
4095
4095
4095
4014
3535
2941
2265
1551
881
245
0
0
1
0
0
49
581
1243
1949
2656
3293
3851
4095
4095
4095
4095
4095
4095
3619
2998
2255
1485
753
83
1
1
0
0
1
1
262
961
1723
2455
3166
3839
4095
4095
4095
4095
4095
4095
4095
3540
2846
2077
1266
527
0
817
915
1040
1184
1386
1619
1883
2183
2504
2790
3035
3298
3488
3634
3738
3810
3802
3784
3728
3590
3389
3147
2813
2399
1989
1579
1208
863
567
320
142
19
1
1
25
185
409
716
1087
1478
1915
2370
2793
3240
3613
3943
4095
4095
4095
4095
4095
4095
4095
3845
3462
3030
2567
2076
1589
1118
713
344
23
1
1
1
0
1
0
2
42
381
825
1293
1754
2222
2680
3058
3408
3704
3932
4095
4095
4095
4095
4095
4095
4095
3912
3670
3383
3046
2706
2393
2054
1729
1424
1134
858
574
385
206
52
12
16
68
203
385
569
785
1010
1264
1498
1759
2032
2316
2587
2866
3139
3402
3571
3739
3829
3850
3838
3810
3743
3648
2273
2106
1953
1800
1655
1496
1347
1199
1096
1033
982
962
980
1046
1140
1280
1420
1612
1821
2019
2202
2381
2543
2683
2766
2863
2906
2946
2954
2954
2937
2927
2851
2800
2708
2577
2436
2271
2080
1854
1640
1442
1288
1135
1033
978
958
972
1055
1161
1319
1489
1681
1858
2064
2292
2501
2741
2923
3129
3292
3386
3440
3461
3422
3316
3204
3046
2822
2558
2307
2039
1770
1506
1213
978
733
553
402
268
206
201
259
365
526
718
1010
1298
1625
1981
2329
2683
3014
3311
3568
3817
3966
4095
4095
4095
4095
4076
3928
3755
3517
3245
2944
2620
2295
1940
1613
1291
975
697
422
199
0
2
0
2
2
1
19
234
569
970
1357
1768
