2089
2102
2116
2121
2129
2131
2149
2148
2156
2154
2183
2179
2198
2203
2215
2212
2219
2224
2232
2247
2247
2251
2251
2252
2257
2244
2260
2262
2266
2264
2262
2252
2256
2246
2243
2227
2202
2218
2204
2187
2191
2172
2168
2142
2138
2138
2112
2104
2091
2078
2076
2052
2038
2034
2023
2025
2010
1995
1979
1984
1953
1968
1956
1951
1934
1938
1930
1934
1948
1944
1949
1947
1946
1956
1967
1980
1981
1984
1996
2002
2016
2019
2017
2033
2049
2048
2047
2066
2080
2098
2116
2119
2123
2136
2141
2126
2147
2140
2142
2156
2157
2163
2156
2149
2149
2142
2140
2132
2131
2137
2129
2103
2103
2096
2082
2072
2064
2060
2056
2033
2034
2031
2024
2013
2028
2021
2005
2013
2176
2151
2138
2135
2143
2162
2175
2217
2250
2277
2307
2330
2351
2352
2350
2327
2277
2242
2225
2191
2152
2137
2128
2117
2117
2127
2134
2142
2155
2161
2164
2160
2142
2131
2119
2094
2056
2032
2010
1980
1960
1936
1905
1895
1879
1867
1862
1859
1851
1858
1876
1889
1904
1926
1961
1990
2030
2053
2088
2117
2132
2140
2149
2139
2144
2138
2128
2135
2119
2116
2105
2114
2124
2132
2134
2152
2184
2184
2196
2214
2237
2251
2261
2280
2288
2286
2287
2278
2271
2253
2233
2221
2199
2177
2181
2157
2149
2144
2144
2131
2133
2122
2105
2102
2075
2056
2043
2026
2018
2017
2010
2001
2021
2020
2027
2019
2003
2002
1992
1993
1975
1966
1954
1947
1968
1969
1960
1962
2035
1972
1915
1856
1806
1759
1719
1671
1661
1639
1635
1637
1649
1677
1706
1736
1784
1837
1890
1952
2018
2084
2164
2237
2308
2370
2435
2498
2541
2595
2626
2648
2670
2665
2653
2646
2598
2553
2493
2451
2377
2307
2203
2132
2056
1956
1880
1798
1725
1658
1582
1544
1496
1472
1458
1454
1471
1511
1555
1598
1668
1739
1820
1909
1993
2090
2174
2258
2358
2437
2520
2581
2624
2660
2688
2707
2700
2702
2659
2619
2575
2509
2435
2362
2256
2166
2067
1974
1877
1780
1701
1619
1540
1481
1447
1414
1389
1388
1410
1435
1471
1538
1594
1679
1769
1864
1959
2067
2175
2289
2393
2496
2591
2685
2770
2840
2887
2911
2934
2948
2938
2900
2845
2780
2683
2612
2494
2381
2021
1949
1899
1860
1814
1769
1749
1756
1780
1822
1874
1948
2031
2120
2210
2293
2384
2455
2495
2513
2519
2486
2446
2368
2275
2167
2077
1973
1861
1773
1700
1640
1617
1620
1634
1673
1725
1816
1910
2014
2093
2185
2265
2340
2385
2427
2443
2440
2421
2381
2302
2236
2155
2065
1984
1908
1842
1796
1772
1766
1775
1812
1869
1936
2023
2108
2206
2291
2349
2394
2423
2425
2407
2384
2324
2263
2187
2116
2032
1968
1906
1854
1830
1804
1818
1839
1871
1936
2002
2078
2146
2217
2293
2352
2392
2422
2428
2423
2386
2345
2274
2214
2128
2042
1972
1910
1877
1853
1842
1850
1886
1924
1968
2042
2122
2190
2256
2317
2363
2397
2402
2410
2393
2349
2291
2239
2150
2087
1602
1502
1439
1407
1414
1441
1495
1566
1650
1781
1918
2076
2226
2354
2457
2532
2568
2576
2564
2554
2541
2511
2490
2446
2384
2282
2172
2025
1870
1748
1648
1585
1553
1581
1630
1683
1753
1817
1914
2008
2113
2214
2305
2382
2439
2452
2442
2408
2382
2350
2321
2301
2280
2255
2225
2174
2128
2082
2056
2043
2040
2041
2026
2012
1994
1973
1960
1957
1974
2006
2048
2079
2070
2075
2056
2034
2024
2009
2019
2052
2098
2133
2191
2229
2236
2251
2237
2206
2157
2112
2055
2004
1958
1946
1967
2004
2053
2104
2166
2220
2264
2310
2351
2376
2392
2392
2370
2326
2235
2148
2052
1954
1890
1826
1763
1722
1675
1633
1605
1609
1648
1732
1845
1971
2078
2181
2270
2336
2193
2149
2133
2145
2187
2215
2255
2238
2210
2150
2059
1979
1912
1862
1853
1860
1855
1874
1895
1881
1896
1884
1867
1896
1938
1994
2062
2142
2214
2284
2343
2363
2369
2363
2318
2259
2205
2133
2094
2089
2102
2118
2145
2145
2120
2104
2066
1984
1914
1861
1830
1839
1868
1915
1973
2030
2070
2105
2148
2170
2205
2239
2246
2267
2294
2328
2349
2390
2405
2411
2398
2351
2283
2196
2119
2047
2007
1990
1976
1973
1934
1876
1807
1709
1626
1549
1520
1533
1588
1680
1788
1889
1959
1994
2016
2020
2036
2055
2123
2201
2296
2409
2518
2604
2659
2685
2688
2653
2600
2526
2469
2400
2354
2318
2293
2274
2236
2207
2146
2066
1974
1881
1782
1690
1622
1571
1531
1521
2441
2336
2226
2098
1971
1865
1772
1683
1615
1551
1536
1533
1558
1595
1653
1723
1817
1917
2018
2119
2223
2305
2374
2422
2466
2467
2471
2426
2389
2325
2250
2173
2100
2022
1951
1880
1812
1782
1747
1735
1739
1778
1840
1898
1978
2080
2167
2258
2358
2424
2484
2557
2576
2581
2552
2511
2447
2360
2273
2147
2016
1888
1781
1661
1552
1493
1448
1431
1432
1472
1531
1631
1754
1888
2032
2187
2342
2490
2615
2712
2752
2770
2748
2706
2614
2471
2329
2176
2004
1835
1686
1550
1430
1364
1324
1331
1380
1474
1601
1765
1960
2160
2358
2561
2722
2868
2972
3021
3029
2990
2904
2792
2636
2448
2255
2056
1856
1682
1520
1405
1317
1286
1308
1380
1506
1656
1868
2069
2107
2074
1996
1914
1866
1868
1900
1995
2104
2177
2212
2176
2112
2048
1984
1984
2017
2077
2092
2102
2028
1924
1788
1718
1679
1719
1809
1939
2057
2157
2230
2274
2312
2361
2418
2492
2552
2606
2619
2600
2520
2422
2278
2139
1994
1853
1746
1659
1616
1582
1598
1637
1644
1661
1670
1671
1704
1779
1901
2070
2232
2378
2453
2453
2415
2334
2264
2236
2249
2272
2318
2314
2277
2177
2075
1981
1965
2009
2098
2224
2314
2357
2350
2297
2236
2198
2184
2192
2199
2165
2086
1984
1890
1822
1838
1878
1960
2025
2059
2059
2060
2088
2180
2314
2453
2551
2569
2549
2455
2344
2276
2248
2228
2225
2188
2098
1990
1887
1822
1798
1810
1836
1851
1861
1880
1937
2031
2145
2452
2496
2521
2546
2530
2482
2420
2341
2278
2196
2131
2094
2044
2013
1992
1956
1894
1825
1752
1679
1614
1604
1651
1731
1835
1923
2016
2066
2093
2073
2077
2088
2138
2219
2316
2389
2448
2473
2459
2424
2390
2374
2349
2323
2294
2246
2168
2075
1974
1882
1810
1761
1716
1721
1746
1801
1863
1924
1970
1982
1978
1942
1908
1928
1979
2085
2220
2361
2476
2541
2527
2483
2386
2302
2241
2197
2194
2211
2214
2193
2144
2061
1980
1894
1803
1756
1737
1715
1714
1719
1748
1795
1838
1881
1914
1938
1954
1994
2063
2127
2244
2348
2436
2486
2488
2457
2411
2377
2338
2332
2326
2309
2284
2247
2178
2076
1984
1926
1885
1872
1858
1832
1794
1745
1719
1718
1752
1823
2073
2091
2143
2211
2298
2386
2491
2562
2612
2616
2577
2522
2387
2237
2033
1844
1646
1463
1322
1227
1200
1216
1308
1452
1638
1848
2088
2328
2558
2766
2913
2998
3024
2985
2870
2697
2497
2248
2000
1724
1505
1307
1177
1106
1115
1184
1319
1515
1738
1995
2240
2465
2670
2814
2906
2934
2909
2830
2706
2581
2432
2285
2135
2019
1912
1840
1819
1837
1883
1939
2025
2125
2199
2260
2270
2245
2172
2080
1940
1788
1638
1523
1430
1402
1444
1545
1691
1884
2102
2326
2564
2753
2922
3041
3108
3093
3016
2874
2653
2396
2098
1805
1512
1263
1089
947
885
906
979
1136
1329
1565
1827
2100
2375
2634
2850
3011
3133
3186
3160
3070
2912
2714
2486
2235
2003
1781
214
80
61
112
244
479
776
1148
1570
2014
2465
2868
3190
3429
3551
3544
3423
3216
2931
2588
2258
1948
1711
1528
1386
1323
1295
1301
1328
1388
1468
1602
1762
1954
2153
2330
2452
2520
2500
2432
2311
2181
2053
1964
1923
1903
1904
1915
1911
1916
1937
1974
2076
2225
2434
2656
2889
3066
3148
3139
3024
2832
2608
2378
2188
2058
1962
1880
1828
1755
1681
1608
1587
1624
1709
1862
2071
2280
2476
2596
2651
2625
2550
2467
2386
2324
2313
2312
2292
2252
2189
2095
1980
1885
1816
1800
1838
1896
1988
2080
2156
2220
2254
2266
2267
2254
2260
2242
2215
2175
2144
2086
2038
1993
1928
1886
1834
1808
1753
1727
1692
1661
1635
1632
1635
1659
1666
1666
4095
4095
4013
3858
3656
3418
3144
2836
2475
2099
1688
1304
935
585
317
138
38
19
98
216
408
622
855
1087
1313
1548
1780
2016
2277
2575
2906
3251
3604
3917
4095
4095
4095
4095
4095
3988
3627
3235
2784
2325
1859
1447
1079
774
556
429
375
396
461
561
682
803
932
1065
1230
1419
1635
1874
2153
2449
2737
3029
3306
3541
3732
3848
3890
3852
3739
3545
3318
3042
2747
2446
2132
1857
1569
1328
1133
976
891
865
912
998
1107
1234
1347
1448
1540
1642
1748
1887
2035
2212
2407
2584
2722
2811
2859
2863
2816
2775
2713
2645
2570
2495
2407
2301
2196
2060
1925
1788
1680
1592
1529
1512
1511
1537
1575
1618
1702
1771
1837
1915
3296
3578
3719
3690
3532
3276
2952
2594
2253
1952
1730
1598
1558
1586
1679
1797
1924
2037
2107
2127
2098
2013
1897
1756
1608
1488
1418
1401
1451
1578
1775
2000
2272
2560
2835
3057
3206
3272
3260
3153
2966
2712
2430
2125
1819
1554
1331
1176
1093
1080
1124
1246
1401
1598
1811
2014
2189
2351
2471
2556
2588
2587
2570
2524
2479
2435
2378
2303
2224
2148
2067
1997
1950
1935
1923
1951
2006
2082
2172
2254
2329
2369
2392
2366
2330
2263
2174
2081
1973
1864
1753
1654
1558
1497
1484
1483
1541
1629
1788
1981
2204
2430
2650
2825
2953
3035
3060
3009
2900
2725
2508
2256
1994
1728
1462
1237
1058
912
833
823
878
997
1164
1391
1655
1956
2264
2577
2098
2503
2866
3168
3426
3628
3776
3909
4009
4071
4095
4095
4046
3885
3670
3404
3110
2836
2553
2290
2043
1805
1579
1322
1037
731
416
125
4
2
3
4
4
2
1
7
274
578
898
1249
1595
1971
2368
2788
3234
3676
4064
4095
4095
4095
4095
4095
4095
4095
4095
4095
4095
3876
3475
2987
2474
1896
1321
761
245
1
1
2
4
1
3
1
1
1
0
1
144
755
1409
2072
2718
3282
3772
4095
4095
4095
4095
4095
4095
4095
4095
4095
3886
3520
3101
2686
2295
1950
1618
1357
1101
868
676
537
455
421
435
504
613
796
1000
1260
1522
1785
2071
2362
2661
2936
3190
3375
3532
3650
3714
3751
3727
3660
3532
3381
121
1
1
1
2
3
2
1
3
3
2
2
1
2
2
2
427
1277
2125
2959
3713
4095
4095
4095
4095
4095
4095
4095
4095
4095
4095
4095
4095
4095
4095
3888
3260
2624
1962
1325
765
252
1
1
3
3
2
1
1
1
1
1
12
448
975
1519
2093
2631
3131
3569
3913
4095
4095
4095
4095
4095
3976
3728
3450
3160
2862
2554
2253
1980
1726
1497
1307
1138
1030
968
944
966
1017
1131
1254
1388
1551
1732
1903
2059
2212
2361
2476
2568
2641
2678
2682
2652
2599
2541
2466
2389
2324
2266
2227
2202
2203
2210
2208
2202
2189
2163
2114
2022
1927
1830
1726
1624
1558
1530
1530
1577
1656
1770
1896
2044
2195
2316
