2102
2107
2100
2100
2109
2103
2101
2106
2096
2103
2096
2093
2093
2092
2098
2089
2091
2096
2099
2096
2092
2104
2092
2091
2093
2108
2105
2093
2092
2099
2091
2091
2106
2096
2095
2093
2104
2094
2101
2102
2104
2094
2100
2093
2092
2096
2098
2089
2095
2084
2095
2095
2094
2088
2096
2098
2097
2099
2104
2102
2095
2105
2104
2098
2100
2090
2093
2094
2097
2088
2104
2098
2094
2092
2102
2099
2112
2098
2093
2104
2099
2110
2104
2098
2091
2100
2105
2119
2109
2107
2103
2097
2100
2100
2097
2100
2100
2087
2106
2101
2091
2103
2089
2086
2088
2096
2089
2095
2088
2083
2093
2085
2096
2095
2090
2095
2096
2093
2104
2099
2096
2094
2093
2096
2096
2094
2098
2098
2082
2085
2083
2080
2079
2070
2074
2076
2079
2070
2079
2068
2071
2092
2081
2082
2082
2076
2068
2073
2086
2075
2080
2081
2066
2077
2070
2078
2079
2074
2072
2084
2071
2072
2084
2076
2069
2073
2069
2073
2075
2075
2078
2082
2084
2082
2074
2088
2083
2080
2095
2087
2087
2082
2085
2087
2084
2078
2088
2080
2080
2082
2078
2083
2088
2093
2074
2081
2070
2082
2084
2074
2087
2086
2081
2084
2084
2103
2098
2088
2091
2096
2081
2097
2081
2087
2089
2077
2096
2094
2098
2105
2094
2090
2098
2097
2101
2102
2091
2104
2101
2105
2094
2092
2093
2097
2098
2093
2084
2090
2093
2092
2090
2099
2106
2115
2095
2100
2099
2092
2112
2081
2097
2096
2091
2088
2092
2092
2170
2172
2173
2157
2165
2162
2166
2175
2177
2186
2202
2220
2223
2250
2259
2253
2249
2254
2242
2230
2233
2205
2179
2164
2149
2141
2114
2104
2100
2092
2092
2096
2086
2090
2092
2092
2088
2091
2098
2093
2086
2083
2082
2078
2058
2066
2054
2063
2064
2054
2042
2044
2049
2045
2036
2036
2045
2050
2038
2029
2030
2028
2019
2016
1998
1994
1990
1985
1971
1959
1944
1930
1932
1908
1914
1907
1916
1923
1938
1956
1968
1974
2001
1995
2014
2020
2017
2041
2039
2038
2070
2058
2063
2073
2076
2080
2090
2102
2093
2104
2098
2112
2110
2118
2113
2111
2107
2111
2143
2146
2159
2181
2193
2218
2243
2247
2285
2296
2303
2310
2313
2316
2315
2301
2299
2288
2292
2280
2158
2176
2176
2183
2199
2212
2214
2221
2220
2226
2228
2226
2242
2230
2233
2218
2219
2203
2187
2174
2156
2144
2128
2092
2089
2063
2053
2022
2007
1985
1966
1936
1921
1904
1888
1891
1878
1862
1844
1864
1864
1866
1867
1874
1893
1910
1935
1952
1965
1989
2023
2052
2083
2124
2161
2181
2203
2232
2266
2280
2299
2318
2334
2352
2353
2349
2353
2355
2344
2345
2331
2314
2304
2288
2266
2251
2234
2216
2216
2178
2152
2128
2112
2090
2072
2050
2044
2024
2011
2018
2002
2004
2001
1986
1987
1989
1992
1990
2006
2004
2019
2026
2043
2049
2057
2068
2077
2076
2089
2102
2106
2112
2117
2120
2129
2135
2120
2118
2132
2113
2105
2098
2096
2091
2083
2063
2061
2038
1923
1911
1905
1883
1872
1872
1872
1857
1871
1877
1911
1933
1962
1999
2032
2076
2105
2135
2169
2206
2222
2253
2268
2279
2284
2292
2292
2262
2251
2218
2204
2192
2159
2112
2076
2055
2035
1999
1970
1957
1912
1887
1879
1860
1858
1872
1872
1898
1932
1977
2034
2082
2137
2194
2268
2338
2386
2439
2468
2489
2507
2518
2493
2472
2431
2384
2335
2253
2186
2130
2055
1980
1910
1846
1787
1751
1720
1715
1701
1709
1733
1775
1832
1888
1943
2032
2102
2169
2250
2308
2371
2422
2472
2514
2552
2577
2598
2599
2597
2591
2579
2530
2506
2467
2408
2344
2260
2199
2117
2062
1985
1928
1866
1815
1762
1744
1708
1701
1695
1699
1712
1728
1758
1792
1832
1869
1909
1961
2124
2091
2040
1975
1899
1826
1733
1668
1631
1602
1622
1646
1684
1712
1749
1752
1748
1751
1743
1747
1766
1810
1884
1977
2077
2165
2232
2267
2281
2264
2241
2220
2209
2212
2247
2304
2376
2442
2479
2515
2511
2503
2461
2419
2397
2384
2400
2413
2434
2426
2394
2345
2279
2185
2094
1993
1923
1886
1867
1879
1902
1940
1964
1977
1980
1958
1935
1901
1875
1858
1845
1838
1848
1850
1853
1856
1850
1835
1810
1802
1802
1803
1836
1857
1920
1984
2063
2110
2175
2232
2275
2289
2303
2294
2307
2328
2343
2382
2414
2456
2469
2468
2465
2428
2381
2329
2269
2231
2206
2183
2183
2177
2179
2174
2162
2147
2122
2100
2077
2060
2038
2012
2000
1978
1978
1977
1982
1980
2122
2093
2080
2058
2035
2008
2005
1977
1962
1958
1960
1958
1969
1975
1988
1994
2006
2030
2054
2056
2069
2086
2104
2108
2126
2142
2161
2170
2168
2188
2193
2201
2193
2204
2204
2210
2202
2202
2188
2176
2156
2157
2133
2123
2101
2091
2064
2033
2030
2009
1997
1989
1962
1957
1966
1968
1984
1987
2016
2028
2046
2072
2109
2130
2163
2204
2238
2270
2315
2338
2372
2393
2407
2409
2407
2410
2388
2365
2344
2299
2264
2214
2182
2122
2071
2002
1921
1867
1822
1756
1698
1660
1619
1592
1554
1530
1524
1535
1552
1566
1588
1636
1688
1748
1807
1882
1957
2024
2118
2187
2272
2343
2415
2472
2538
2589
2650
2689
2718
2729
2751
2760
2741
2712
2692
2656
2604
2536
2260
2251
2227
2191
2150
2121
2082
2019
1978
1914
1848
1808
1751
1696
1647
1620
1613
1598
1600
1612
1624
1663
1712
1764
1826
1911
1977
2045
2120
2201
2262
2346
2396
2442
2480
2506
2534
2550
2556
2532
2516
2501
2465
2433
2382
2333
2278
2228
2177
2121
2070
2013
1958
1916
1887
1848
1839
1815
1817
1818
1836
1869
1918
1942
1988
2040
2103
2145
2197
2249
2288
2315
2341
2366
2373
2347
2330
2303
2248
2198
2147
2087
2028
1968
1906
1862
1821
1802
1783
1780
1782
1809
1835
1872
1940
1976
2043
2100
2142
2196
2245
2269
2293
2314
2311
2304
2305
2288
2281
2271
2254
2228
2204
2195
2189
2156
2150
2125
2115
2112
2106
2093
2092
2095
2098
2093
2110
2136
2331
2292
2247
2208
2165
2128
2094
2080
2077
2047
2033
2003
1983
1958
1940
1917
1906
1896
1913
1928
1951
1997
2015
2045
2034
2022
2001
1982
1969
1943
1943
1939
1946
1928
1934
1937
1940
1933
1907
1886
1896
1898
1928
1941
1996
2053
2116
2179
2219
2252
2269
2266
2242
2211
2194
2172
2175
2178
2205
2225
2268
2280
2288
2295
2304
2302
2286
2288
2280
2285
2282
2289
2285
2280
2273
2256
2214
2173
2137
2088
2024
1972
1914
1882
1862
1844
1847
1842
1843
1828
1817
1808
1780
1790
1792
1828
1888
1961
2031
2105
2165
2215
2239
2262
2260
2269
2274
2291
2292
2295
2301
2306
2290
2255
2226
2197
2164
2150
2126
2113
2110
2110
2113
2119
2120
2125
2138
2130
2118
2153
2184
2188
2208
2231
2248
2259
2261
2254
2257
2271
2263
2253
2257
2261
2240
2227
2224
2210
2194
2183
2173
2161
2147
2118
2106
2095
2080
2065
2055
2032
2014
2001
1999
1990
1979
1974
1972
1969
1976
1970
1979
1990
1990
2012
2013
2028
2044
2069
2079
2092
2106
2117
2135
2156
2174
2181
2190
2213
2216
2219
2232
2242
2237
2245
2244
2231
2217
2220
2201
2199
2177
2172
2164
2149
2123
2117
2112
2084
2066
2040
2024
2014
1988
1970
1946
1924
1901
1888
1884
1874
1874
1864
1857
1865
1869
1872
1889
1914
1935
1955
1970
1996
2024
2057
2088
2117
2145
2184
2215
2232
2263
2294
2310
2320
2338
2351
2364
2369
2372
2374
2384
2383
2367
2351
2325
2310
1849
1837
1809
1797
1780
1792
1773
1760
1759
1776
1790
1802
1835
1875
1920
1959
2002
2070
2126
2174
2222
2269
2311
2333
2359
2380
2381
2375
2384
2381
2375
2370
2354
2349
2340
2335
2318
2298
2265
2221
2171
2137
2088
2043
2006
1977
1940
1914
1902
1894
1887
1898
1902
1894
1913
1920
1936
1936
1947
1960
1978
1995
2018
2050
2077
2104
2135
2155
2173
2199
2200
2212
2204
2180
2163
2154
2133
2126
2120
2114
2101
2114
2118
2134
2152
2176
2199
2232
2252
2280
2302
2323
2338
2344
2348
2337
2347
2323
2291
2280
2233
2196
2150
2111
2064
2022
1992
1953
1913
1888
1866
1876
1880
1908
1924
1948
1976
1997
2041
2060
2085
2108
2135
2152
2162
2178
2192
2216
2375
2368
2356
2331
2310
2287
2278
2282
2279
2292
2274
2266
2241
2216
2185
2126
2090
2050
2015
1997
1957
1943
1940
1924
1927
1915
1905
1894
1889
1900
1902
1915
1923
1962
2002
2051
2092
2132
2189
2222
2249
2266
2257
2249
2222
2210
2180
2182
2152
2143
2138
2148
2160
2154
2140
2104
2073
2034
1977
1926
1894
1873
1852
1854
1858
1879
1895
1922
1930
1945
1945
1951
1935
1929
1936
1956
1988
2020
2080
2129
2178
2234
2281
2319
2348
2376
2383
2395
2402
2413
2432
2442
2462
2472
2487
2479
2466
2449
2423
2376
2335
2272
2227
2183
2137
2097
2082
2060
2038
2042
2038
2022
2010
1975
1954
1930
1900
1870
1842
1837
1851
1861
1895
1917
1955
1988
1998
1992
2341
2426
2504
2571
2630
2682
2721
2746
2768
2769
2772
2745
2721
2682
2627
2571
2506
2427
2356
2268
2165
2083
1994
1914
1827
1748
1662
1596
1558
1514
1487
1463
1456
1471
1487
1528
1576
1635
1698
1764
1861
1938
2016
2087
2175
2247
2307
2369
2426
2473
2505
2548
2558
2569
2572
2562
2544
2514
2482
2440
2390
2330
2273
2206
2141
2071
2007
1927
1879
1819
1777
1736
1709
1687
1686
1702
1711
1735
1769
1808
1869
1921
1989
2055
2119
2186
2249
2311
2369
2414
2456
2482
2506
2520
2515
2504
2478
2444
2411
2358
2308
2245
2177
2111
2020
1960
1890
1819
1757
1706
1661
1633
1616
1584
1602
1612
1636
1676
1738
1776
1833
1902
1974
2034
2103
2184
2252
2320
1342
1225
1118
1054
1035
1069
1138
1241
1381
1571
1770
1983
2210
2429
2637
2814
2968
3075
3156
3193
3186
3148
3064
2939
2817
2662
2484
2305
2132
1959
1810
1682
1552
1450
1368
1312
1279
1279
1293
1322
1374
1464
1573
1706
1836
1976
2119
2258
2384
2494
2574
2640
2663
2665
2636
2568
2480
2362
2246
2125
2013
1899
1806
1747
1719
1715
1752
1831
1926
2055
2180
2319
2450
2579
2668
2755
2811
2830
2817
2778
2713
2609
2502
2376
2235
2104
1980
1851
1747
1640
1552
1474
1413
1367
1345
1341
1366
1403
1466
1535
1614
1704
1822
1953
2087
2207
2314
2417
2497
2566
2600
2623
2624
2590
2545
2471
2375
2290
2193
2106
2013
1942
1868
1827
1811
1821
1821
1861
2353
2392
2400
2376
2341
2290
2255
2226
2209
2227
2268
2310
2354
2388
2420
2431
2411
2412
2416
2418
2438
2452
2460
2457
2426
2396
2339
2235
2155
2060
1983
1920
1857
1794
1730
1652
1547
1469
1374
1296
1251
1225
1206
1254
1304
1353
1412
1472
1521
1596
1669
1752
1843
1972
2100
2230
2352
2458
2555
2631
2672
2710
2749
2776
2800
2814
2815
2799
2757
2700
2614
2536
2478
2422
2386
2345
2320
2293
2246
2212
2148
2083
2002
1944
1906
1854
1828
1784
1754
1714
1652
1613
1554
1523
1480
1469
1476
1501
1528
1567
1613
1657
1712
1750
1804
1872
1951
2031
2112
2211
2284
2359
2417
2462
2497
2530
2568
2603
2616
2652
2672
2676
2678
2668
2655
2629
2592
2532
