2146
2142
2138
2135
2130
2132
2119
2124
2127
2135
2130
2126
2122
2126
2125
2132
2131
2133
2135
2137
2138
2134
2134
2135
2139
2144
2142
2142
2142
2128
2130
2136
2143
2136
2130
2122
2125
2126
2121
2123
2118
2114
2115
2115
2105
2092
2085
2078
2064
2071
2053
2042
2042
2023
2043
2024
2014
2008
2004
1999
2003
2007
1982
1987
1990
1980
1974
1972
1961
1961
1962
1970
1968
1963
1970
1969
1961
1962
1972
1964
1987
1989
1985
1979
1993
1980
1995
1999
1998
2003
2006
2014
2024
2023
2020
2025
2030
2042
2041
2050
2047
2056
2058
2053
2056
2061
2063
2077
2076
2082
2069
2078
2084
2085
2105
2087
2096
2098
2098
2112
2104
2106
2120
2114
2119
2118
2120
2119
2072
2077
2082
2071
2075
2065
2064
2065
2075
2075
2074
2066
2070
2062
2068
2068
2053
2055
2060
2062
2062
2056
2055
2052
2063
2055
2051
2058
2054
2060
2045
2036
2035
2042
2035
2048
2047
2041
2040
2043
2046
2041
2052
2052
2050
2057
2061
2053
2049
2056
2054
2053
2061
2067
2061
2068
2070
2063
2064
2060
2064
2063
2063
2060
2069
2066
2071
2062
2071
2076
2081
2073
2072
2084
2082
2081
2086
2085
2082
2085
2086
2090
2084
2093
2082
2083
2090
2087
2096
2089
2088
2095
2087
2076
2082
2084
2083
2090
2095
2097
2091
2088
2089
2093
2103
2089
2087
2084
2082
2074
2076
2084
2077
2073
2087
2072
2067
2074
2066
2066
2068
2068
2070
2062
2057
2067
2063
2066
2042
2057
2064
2081
2099
2117
2136
2170
2192
2210
2220
2216
2212
2214
2185
2149
2128
2087
2045
2026
1988
1972
1958
1954
1970
1961
1960
1964
1968
1964
1956
1971
1948
1937
1932
1948
1944
1951
1969
2008
2018
2058
2085
2122
2147
2166
2173
2188
2187
2184
2172
2170
2167
2153
2150
2134
2120
2126
2112
2088
2091
2091
2082
2078
2077
2083
2067
2075
2081
2074
2062
2072
2064
2061
2079
2080
2099
2138
2151
2184
2206
2224
2232
2212
2207
2186
2152
2133
2110
2087
2072
2074
2081
2094
2096
2101
2097
2102
2085
2071
2065
2052
2024
2020
2029
2041
2064
2084
2105
2122
2132
2145
2142
2145
2155
2147
2144
2146
2139
2141
2146
2127
2114
2110
2090
2090
2079
2079
2198
2161
2095
2030
1984
1922
1855
1825
1799
1758
1741
1720
1720
1739
1766
1795
1842
1891
1940
2001
2077
2141
2207
2271
2336
2396
2443
2483
2514
2539
2541
2534
2534
2513
2482
2438
2377
2313
2264
2178
2104
2038
1963
1894
1838
1775
1731
1687
1667
1652
1644
1653
1673
1704
1754
1789
1845
1905
1948
2006
2067
2113
2155
2200
2241
2256
2276
2293
2308
2320
2328
2314
2308
2293
2281
2264
2256
2241
2230
2211
2194
2182
2164
2143
2136
2104
2083
2079
2072
2065
2057
2053
2042
2040
2033
2043
2022
2019
2008
2010
1989
1988
1986
1970
1965
1965
1960
1957
1956
1958
1970
1973
1979
1983
1995
2003
2012
2020
2033
2052
2068
2086
2108
2127
2148
2169
2186
2212
1963
1945
1935
1921
1931
1950
1992
2035
2095
2144
2211
2263
2319
2371
2406
2430
2443
2431
2406
2373
2316
2253
2184
2118
2056
2002
1940
1904
1871
1859
1876
1897
1912
1937
1976
2011
2051
2086
2132
2169
2201
2220
2240
2244
2243
2242
2221
2210
2192
2180
2165
2147
2126
2118
2115
2106
2105
2098
2074
2056
2041
2008
1990
1958
1930
1902
1912
1910
1915
1936
1955
1979
2009
2037
2052
2055
2071
2065
2055
2043
2009
1997
1988
1980
1980
1985
1998
2024
2067
2110
2173
2224
2284
2357
2404
2464
2512
2540
2566
2583
2570
2556
2512
2448
2366
2285
2193
2096
1996
1905
1824
1764
1704
1684
1664
1669
1703
1737
1788
1864
1945
2004
2089
2160
2236
2290
2321
2347
2018
2125
2205
2222
2214
2165
2133
2081
2060
2037
2010
1968
1869
1763
1646
1550
1538
1581
1691
1806
1928
2032
2118
2191
2246
2296
2325
2333
2309
2269
2214
2190
2184
2200
2248
2292
2325
2382
2422
2469
2541
2612
2637
2642
2574
2473
2344
2205
2107
2035
1941
1886
1812
1733
1640
1585
1555
1586
1656
1719
1786
1835
1867
1872
1868
1874
1894
1931
1968
1991
2032
2064
2127
2220
2342
2464
2575
2661
2714
2737
2741
2723
2704
2664
2607
2516
2400
2265
2140
2021
1941
1878
1821
1763
1706
1660
1613
1585
1576
1553
1538
1517
1489
1454
1454
1484
1535
1598
1698
1800
1890
2000
2130
2268
2427
2594
2720
2822
2896
2923
2935
2918
2892
2838
2774
2692
2583
2474
2288
2210
2134
2065
1984
1914
1850
1791
1729
1678
1648
1622
1610
1622
1635
1668
1717
1770
1829
1897
1974
2063
2145
2235
2313
2392
2455
2520
2556
2588
2612
2635
2637
2610
2586
2549
2489
2412
2340
2266
2180
2094
2012
1914
1843
1764
1708
1651
1611
1576
1550
1546
1562
1592
1624
1678
1731
1802
1879
1973
2052
2144
2232
2317
2396
2467
2535
2579
2606
2623
2634
2614
2586
2536
2488
2413
2336
2237
2156
2060
1953
1854
1789
1724
1668
1625
1598
1586
1590
1604
1627
1662
1714
1776
1828
1914
1987
2066
2146
2208
2268
2327
2360
2410
2424
2437
2428
2417
2408
2378
2344
2296
2253
2196
2144
2089
2057
1997
1966
1939
1912
1903
1886
1872
1880
1898
1925
1938
1804
1744
1730
1713
1755
1810
1885
1981
2086
2179
2281
2359
2423
2460
2464
2443
2392
2308
2221
2130
2015
1896
1794
1702
1627
1585
1582
1629
1684
1777
1890
2024
2160
2306
2435
2538
2626
2672
2683
2673
2592
2491
2369
2230
2065
1918
1757
1614
1505
1410
1367
1348
1382
1470
1573
1728
1896
2077
2271
2447
2611
2760
2854
2907
2928
2891
2832
2700
2550
2379
2210
2035
1857
1711
1579
1482
1442
1412
1441
1532
1642
1776
1929
2095
2267
2411
2536
2638
2700
2718
2702
2626
2534
2399
2243
2082
1904
1746
1608
1521
1449
1419
1422
1478
1556
1682
1832
1991
2178
2359
2530
2682
2814
2901
2952
2954
2912
2811
2699
2525
2336
2136
1928
1727
1542
1404
1303
1243
2006
2006
2016
2037
2068
2082
2114
2145
2186
2234
2303
2360
2427
2476
2517
2526
2534
2514
2480
2430
2353
2266
2142
2019
1877
1752
1651
1614
1607
1636
1682
1710
1723
1718
1727
1734
1779
1867
1987
2111
2224
2298
2328
2312
2248
2166
2135
2107
2097
2096
2099
2082
2011
1934
1839
1768
1740
1770
1832
1941
2042
2147
2191
2234
2263
2290
2341
2392
2432
2450
2452
2422
2376
2290
2214
2147
2073
1982
1907
1840
1809
1785
1806
1869
1966
2074
2184
2264
2330
2368
2411
2431
2480
2520
2563
2554
2490
2387
2253
2136
2027
1945
1904
1874
1852
1828
1770
1719
1684
1690
1738
1817
1921
2030
2125
2200
2251
2277
2320
2360
2395
2419
2398
2350
2289
2190
2116
2062
1391
1384
1394
1400
1412
1425
1414
1414
1425
1459
1507
1584
1678
1803
1952
2129
2299
2475
2648
2810
2978
3103
3208
3276
3302
3279
3231
3165
3046
2922
2778
2602
2449
2277
2100
1912
1734
1545
1358
1177
997
854
746
650
604
592
646
756
892
1070
1292
1541
1816
2088
2362
2610
2842
3026
3174
3275
3348
3373
3398
3373
3346
3280
3200
3107
2990
2838
2660
2417
2162
1876
1575
1273
1015
786
594
500
474
520
635
814
1029
1304
1596
1886
2155
2406
2647
2822
2975
3084
3141
3155
3147
3102
3026
2938
2829
2740
2642
2554
2476
2384
2301
2234
2139
2032
1940
1813
1663
1512
1396
1264
1163
1103
1075
1096
1168
1264
1394
1555
1740
1925
2117
2310
1456
1280
1199
1163
1228
1351
1516
1715
1918
2134
2333
2479
2593
2662
2681
2622
2546
2424
2272
2118
1942
1799
1684
1604
1558
1577
1644
1734
1873
2009
2174
2328
2446
2520
2579
2545
2467
2344
2189
2016
1832
1685
1612
1573
1597
1698
1840
2003
2203
2379
2505
2592
2636
2602
2542
2426
2293
2161
2024
1915
1830
1773
1754
1781
1833
1918
2034
2144
2281
2406
2518
2588
2647
2649
2599
2492
2339
2150
1937
1738
1534
1370
1254
1201
1230
1317
1488
1709
1983
2272
2565
2836
3056
3194
3248
3209
3093
2865
2576
2234
1886
1535
1221
939
773
680
681
812
1026
1317
1669
2048
2418
2757
3049
3259
3361
3389
3329
3178
2947
2693
2406
2097
1794
1531
1299
1109
1296
1326
1442
1625
1844
2124
2392
2616
2778
2854
2846
2799
2728
2667
2624
2576
2542
2482
2402
2306
2200
2078
1966
1886
1860
1870
1908
1965
2013
2084
2112
2137
2118
2104
2061
2026
1978
1942
1912
1885
1854
1841
1835
1827
1836
1854
1887
1951
2004
2094
2204
2307
2456
2607
2718
2793
2805
2732
2628
2501
2322
2170
2006
1887
1778
1692
1587
1443
1299
1183
1080
1058
1112
1246
1449
1712
1985
2224
2384
2482
2529
2544
2561
2613
2694
2812
2909
2953
2926
2814
2640
2465
2318
2228
2202
2243
2295
2344
2345
2246
2132
1950
1777
1648
1571
1504
1467
1420
1333
1227
1118
1038
1025
1133
1320
1593
1891
2186
2460
2697
2930
3122
3322
3463
3568
3564
3481
3275
1449
1457
1487
1556
1634
1747
1842
1952
2063
2184
2304
2439
2549
2676
2782
2895
2984
3058
3091
3116
3121
3106
3048
3000
2915
2800
2674
2503
2315
2085
1838
1596
1384
1167
975
856
742
676
655
674
715
751
837
940
1054
1205
1403
1631
1884
2169
2454
2741
3010
3238
3439
3588
3672
3721
3723
3672
3590
3479
3339
3164
2987
2781
2578
2334
2109
1876
1614
1374
1151
935
772
632
561
540
576
651
773
914
1077
1244
1421
1584
1746
1907
2070
2252
2437
2633
2824
3013
3178
3314
3405
3447
3458
3420
3337
3209
3083
2920
2735
2553
2381
2183
1985
1808
1644
1502
1357
1228
1152
1093
1065
1048
1072
1130
1206
1314
1454
1601
1780
1967
2137
2312
281
812
1457
2138
2832
3481
4044
4095
4095
4095
4095
4095
4095
3759
3075
2313
1517
757
90
1
2
2
2
0
1
320
1030
1813
2586
3301
3940
4095
4095
4095
4095
4095
4095
3965
3336
2591
1862
1176
578
94
1
3
2
1
380
922
1537
2178
2783
3321
3752
4025
4095
4095
3913
3578
3143
2633
2096
1574
1118
804
577
498
575
780
1073
1438
1823
2203
2549
2838
3046
3166
3196
3147
3025
2838
2599
2322
2030
1763
1523
1344
1254
1257
1348
1528
1757
2026
2281
2508
2675
2759
2773
2690
2531
2334
2090
1853
1621
1428
1312
1271
1315
1442
1651
1887
2156
2431
2667
2826
2917
2927
2856
2700
2490
2257
2020
1785
1587
1421
1333
1284
3
1
1
1
2
0
1
372
883
1448
2050
2647
3230
3750
4095
4095
4095
4095
4095
4095
4095
4095
4002
3728
3448
3098
2706
2264
1795
1311
874
502
229
51
7
59
175
359
553
753
941
1144
1351
1611
1907
2233
2570
2854
3131
3324
3471
3517
3502
3429
3313
3184
3024
2855
2676
2460
2251
2004
1747
1470
1224
998
819
702
641
654
715
849
1000
1174
1380
1574
1770
1940
2098
2220
2337
2442
2546
2656
2767
2838
2866
2878
2834
2758
2661
2568
2490
2404
2358
2309
2276
2215
2143
2054
1973
1913
1874
1864
1878
1917
1964
1998
2014
2012
1956
1847
1726
1611
1509
1453
1423
1424
1445
1505
1568
1633
1710
1797
1903
2038
2214
2455
