1853
1866
1859
1874
1897
1892
1905
1924
1951
1946
1960
1991
1987
2005
2007
2014
2030
2021
2031
2035
2046
2046
2073
2072
2085
2080
2099
2092
2104
2104
2126
2125
2144
2149
2155
2151
2139
2154
2149
2142
2150
2151
2140
2120
2122
2122
2115
2090
2093
2079
2060
2061
2046
2038
2034
2039
2033
2035
2033
2028
2023
2027
2018
2025
2024
2016
2014
2018
2016
2021
2017
2008
2007
2016
2014
2006
1995
2003
2009
2011
2002
2006
2030
2041
2057
2072
2092
2102
2106
2126
2147
2164
2172
2188
2188
2202
2196
2211
2210
2211
2208
2203
2212
2194
2177
2183
2192
2177
2181
2186
2171
2174
2190
2195
2198
2200
2218
2217
2221
2220
2230
2225
2231
2228
2201
2210
2193
2183
1866
1839
1837
1847
1880
1928
1968
2018
2068
2096
2117
2132
2123
2111
2106
2067
2040
2016
1996
1978
1952
1929
1909
1907
1903
1889
1891
1894
1907
1922
1961
1998
2036
2069
2122
2154
2190
2201
2217
2214
2216
2211
2197
2168
2168
2162
2158
2159
2143
2150
2151
2144
2121
2121
2106
2090
2089
2068
2070
2089
2102
2119
2141
2156
2186
2195
2195
2190
2181
2152
2103
2069
2048
2028
1993
1986
1978
1986
1987
2004
2015
2019
2040
2062
2089
2097
2109
2109
2119
2118
2116
2134
2124
2111
2097
2085
2076
2075
2056
2064
2063
2079
2089
2093
2093
2110
2113
2120
2128
2139
2162
2160
2168
2195
2205
2219
2226
2235
2238
2233
2220
2207
2174
2153
2127
2119
2100
2085
1768
1859
1964
2055
2139
2226
2315
2409
2478
2539
2611
2650
2683
2704
2691
2692
2672
2644
2607
2552
2511
2445
2374
2316
2245
2178
2089
2025
1964
1907
1872
1814
1770
1741
1713
1718
1721
1745
1774
1807
1842
1887
1949
2010
2074
2130
2188
2244
2288
2338
2376
2399
2417
2416
2416
2396
2380
2325
2284
2224
2143
2077
2004
1928
1872
1799
1728
1682
1644
1611
1607
1602
1604
1614
1642
1697
1723
1792
1856
1922
1984
2055
2115
2185
2226
2286
2316
2347
2353
2388
2376
2372
2380
2358
2328
2302
2280
2245
2229
2179
2151
2113
2098
2070
2058
2046
2017
2026
2022
2031
2046
2080
2108
2127
2172
2205
2248
2300
2339
2374
2409
2435
2458
2476
2472
2455
2423
2396
2238
2170
2091
2005
1927
1875
1797
1723
1703
1672
1688
1695
1718
1772
1816
1872
1924
1992
2054
2110
2163
2209
2257
2265
2280
2295
2293
2293
2281
2272
2257
2250
2227
2219
2226
2217
2200
2195
2186
2158
2157
2137
2100
2072
2054
2020
2024
2014
1985
1997
2010
2016
2031
2057
2097
2120
2150
2180
2204
2229
2231
2231
2237
2225
2210
2180
2147
2135
2110
2077
2066
2046
2038
2024
2053
2078
2096
2147
2186
2217
2243
2272
2273
2270
2251
2218
2175
2105
2049
1962
1884
1813
1732
1654
1621
1578
1568
1574
1600
1663
1737
1823
1920
2027
2150
2264
2361
2462
2547
2598
2619
2631
2601
2566
2483
2404
2297
2183
2069
1936
1842
1743
1676
1619
1568
1562
1569
1601
2323
2398
2467
2507
2535
2503
2446
2360
2280
2210
2143
2103
2083
2060
2037
2019
2006
2001
1992
2006
2019
2056
2108
2133
2149
2107
2047
1974
1908
1828
1762
1698
1672
1670
1685
1721
1772
1825
1875
1951
2049
2178
2337
2504
2634
2747
2778
2745
2651
2550
2430
2361
2333
2327
2318
2288
2206
2122
2017
1947
1918
1952
2020
2088
2128
2111
2073
1984
1877
1767
1713
1686
1654
1639
1620
1587
1549
1535
1538
1588
1676
1782
1930
2095
2252
2388
2492
2545
2560
2561
2526
2478
2438
2401
2384
2347
2332
2273
2234
2174
2127
2095
2099
2135
2180
2212
2238
2210
2128
2016
1883
1786
1717
1675
1683
1703
1740
1752
1736
1721
1721
1735
1803
1904
2055
2208
2360
2479
2398
2408
2422
2438
2457
2472
2483
2479
2472
2440
2403
2338
2260
2187
2088
1988
1901
1827
1760
1707
1672
1636
1642
1639
1662
1690
1725
1763
1832
1880
1928
1968
2007
2069
2112
2145
2183
2209
2240
2267
2281
2292
2305
2297
2307
2300
2276
2267
2260
2256
2241
2230
2223
2212
2202
2179
2120
2080
2013
1962
1892
1823
1767
1704
1680
1649
1649
1659
1688
1742
1824
1908
2003
2102
2191
2291
2382
2448
2509
2546
2570
2578
2569
2543
2512
2466
2388
2305
2239
2144
2054
1974
1898
1836
1766
1751
1728
1727
1729
1744
1791
1846
1918
1972
2054
2116
2198
2257
2318
2356
2391
2424
2426
2426
2418
2390
2363
2334
2266
2221
2162
2121
2066
2002
1969
1919
1862
1820
2045
2010
1982
1964
1956
1946
1926
1910
1894
1885
1860
1848
1842
1849
1857
1888
1932
1994
2054
2126
2204
2286
2360
2437
2503
2546
2595
2626
2639
2624
2574
2509
2408
2292
2138
2005
1851
1705
1578
1468
1401
1376
1375
1395
1450
1542
1661
1800
1960
2113
2298
2458
2620
2760
2879
2946
2989
2961
2899
2788
2657
2498
2311
2124
1951
1790
1659
1562
1477
1440
1433
1462
1522
1607
1723
1838
1975
2109
2224
2330
2395
2448
2479
2450
2411
2339
2258
2179
2099
2034
1962
1914
1900
1902
1913
1954
2012
2057
2112
2178
2230
2283
2319
2329
2339
2310
2272
2194
2109
1991
1893
1794
1700
1641
1597
1588
1625
1674
1760
1903
2039
2203
2354
2504
2627
2724
2790
2802
1820
1818
1850
1926
2009
2088
2127
2144
2159
2202
2326
2462
2599
2696
2739
2696
2567
2400
2242
2109
2053
2036
2064
2078
2036
1921
1809
1669
1593
1584
1632
1723
1838
1928
1967
1909
1835
1752
1723
1753
1812
1886
1942
1950
1932
1918
1916
1981
2104
2295
2502
2709
2837
2875
2849
2789
2731
2682
2644
2591
2474
2296
2058
1758
1467
1228
1073
1003
1031
1094
1162
1216
1261
1338
1447
1603
1787
1988
2153
2277
2335
2338
2313
2276
2297
2386
2506
2636
2767
2851
2898
2925
2947
3012
3084
3189
3242
3239
3112
2908
2606
2250
1911
1632
1426
1291
1209
1160
1128
1116
1100
1126
1178
1316
1524
1800
2068
2292
2447
2471
2422
2306
2208
2137
2141
2187
2281
2367
1489
1535
1590
1658
1735
1826
1931
2059
2188
2321
2429
2544
2624
2684
2722
2741
2746
2740
2725
2722
2685
2638
2572
2511
2395
2286
2152
2045
1911
1815
1720
1622
1552
1487
1429
1365
1314
1274
1253
1261
1284
1325
1396
1463
1556
1648
1752
1877
1998
2131
2252
2391
2488
2588
2671
2722
2752
2771
2758
2745
2709
2677
2632
2594
2556
2480
2406
2319
2232
2144
2045
1976
1909
1881
1876
1893
1915
1944
1985
2012
2033
2030
2018
1990
1962
1909
1880
1861
1863
1877
1909
1950
2000
2049
2105
2143
2174
2192
2184
2163
2135
2106
2048
2035
2029
2025
2046
2094
2162
2219
2277
2320
2356
2360
2350
2310
2272
2219
2190
2162
2158
2140
2150
2192
2227
2240
2242
2241
2167
1765
1386
1053
790
622
576
662
862
1176
1545
1956
2387
2779
3112
3361
3494
3505
3403
3193
2896
2496
2084
1654
1253
906
667
527
517
634
895
1237
1658
2108
2566
3001
3360
3620
3753
3762
3671
3458
3134
2772
2353
1905
1509
1143
839
671
584
604
732
974
1282
1661
2054
2442
2804
3096
3314
3440
3477
3407
3264
3051
2768
2438
2104
1783
1465
1224
1024
910
878
935
1079
1291
1560
1840
2127
2382
2615
2784
2894
2916
2871
2773
2622
2443
2259
2084
1925
1805
1728
1698
1718
1759
1866
1976
2115
2245
2393
2507
2597
2657
2660
2617
2548
2432
2279
2110
1925
1767
1613
1493
1430
1427
1478
1561
1703
1879
2087
2292
2495
2672
2800
2876
2294
2154
2058
2035
2073
2102
2114
2108
2086
2116
2158
2263
2389
2496
2526
2430
2259
2072
1876
1704
1598
1535
1478
1429
1367
1359
1409
1527
1698
1883
2031
2144
2196
2179
2191
2208
2240
2268
2269
2191
2072
1960
1878
1860
1928
2095
2295
2472
2574
2576
2495
2404
2348
2333
2348
2337
2251
2089
1860
1625
1439
1378
1442
1612
1828
2028
2171
2228
2251
2288
2385
2529
2696
2799
2790
2679
2501
2288
2090
1950
1888
1910
1977
2049
2110
2155
2224
2324
2422
2501
2545
2540
2493
2426
2342
2227
2106
1962
1830
1700
1592
1504
1517
1609
1806
2031
2243
2392
2453
2470
2452
2430
2420
2397
2365
2257
2090
1814
1498
1196
1006
944
1020
1193
1405
1600
1777
1923
2768
2525
2274
2036
1801
1582
1375
1174
1013
879
763
695
671
671
750
868
1040
1252
1496
1730
1984
2220
2430
2620
2768
2895
2983
3054
3091
3088
3064
3001
2917
2787
2622
2433
2198
1956
1733
1511
1338
1193
1138
1111
1167
1278
1411
1573
1746
1912
2084
2229
2354
2478
2600
2720
2820
2916
2982
3019
3019
2983
2887
2775
2583
2398
2166
1930
1725
1509
1317
1170
1054
972
933
921
930
967
1051
1140
1276
1417
1603
1801
2031
2273
2510
2743
2972
3188
3347
3473
3560
3583
3570
3495
3389
3242
3064
2876
2662
2417
2178
1929
1692
1454
1231
1027
859
723
641
588
592
651
766
928
1142
1376
1648
1929
2224
2482
2733
2976
3185
3327
3447
3542
2077
1724
1422
1175
1025
989
1042
1182
1418
1694
2017
2352
2664
2926
3121
3222
3215
3088
2869
2547
2160
1770
1356
965
668
469
392
457
641
970
1402
1899
2436
2968
3451
3863
4095
4095
4095
4095
3909
3470
2923
2283
1578
878
212
2
0
2
0
2
2
165
911
1758
2610
3424
4095
4095
4095
4095
4095
4095
4095
4095
3530
2678
1782
879
25
3
2
2
1
2
0
1
281
1264
2339
3359
4095
4095
4095
4095
4095
4095
4095
4095
3734
2786
1780
768
1
2
3
1
2
1
2
2
182
1217
2372
3480
4095
4095
4095
4095
4095
4095
4095
4095
4095
3362
2270
1160
134
4
2
2
2
3
2
1
1
280
3663
3838
4004
4095
4095
4095
4095
4095
3948
3664
3314
2902
2481
2047
1600
1183
789
401
31
1
2
1
1
1
1
1
15
444
974
1529
2108
2656
3201
3721
4095
4095
4095
4095
4095
4095
4095
4095
4095
4095
3723
3106
2483
1800
1122
476
0
2
3
1
1
2
1
1
2
3
3
369
1039
1702
2375
3028
3664
4095
4095
4095
4095
4095
4095
4095
4095
4095
4095
4095
4095
3800
3229
2632
2040
1465
869
344
1
3
4
3
3
3
2
2
2
1
3
119
534
990
1474
1987
2506
2996
3454
3849
4095
4095
4095
4095
4095
4095
4095
4095
4095
4095
4095
3946
3581
3145
2728
2284
1839
1444
1107
775
516
275
690
747
827
936
1077
1257
1449
1677
1906
2154
2412
2652
2896
3120
3307
3437
3523
3548
3525
3440
3318
3149
2970
2768
2562
2368
2186
2004
1835
1669
1511
1352
1223
1088
973
892
844
840
896
1004
1178
1399
1654
1944
2254
2535
2803
3047
3259
3401
3512
3575
3580
3565
3478
3327
3150
2925
2672
2347
2006
1661
1317
982
691
454
249
100
31
34
94
229
415
650
950
1283
1664
2064
2480
2902
3321
3725
4088
4095
4095
4095
4095
4095
4095
4095
4095
4095
4083
3675
3199
2696
2224
1698
1212
734
304
3
3
2
4
2
3
2
2
4
3
2
338
799
1291
1808
2352
2884
3423
3938
4095
4095
4095
4095
4095
4095
4095
4095
