2066
2063
2084
2075
2077
2069
2067
2057
2060
2067
2071
2072
2064
2078
2091
2105
2074
2078
2105
2095
2100
2101
2102
2097
2096
2109
2088
2093
2093
2104
2113
2108
2133
2144
2115
2107
2128
2133
2118
2120
2112
2128
2114
2111
2132
2130
2128
2110
2113
2141
2137
2123
2131
2139
2125
2127
2106
2106
2123
2130
2128
2120
2100
2101
2110
2118
2112
2114
2094
2105
2121
2074
2083
2112
2111
2106
2094
2116
2089
2108
2088
2075
2104
2092
2099
2087
2081
2117
2100
2102
2092
2108
2110
2100
2090
2070
2096
2077
2065
2071
2072
2074
2075
2089
2076
2091
2080
2063
2070
2052
2030
2062
2052
2047
2048
2053
2057
2051
2058
2044
2045
2064
2057
2064
2044
2062
2054
2071
2104
2097
2117
2104
2143
2137
2125
2106
2077
2062
2075
2097
2105
2102
2102
2086
2078
2101
2090
2080
2079
2086
2090
2080
2121
2131
2125
2144
2153
2197
2203
2215
2206
2210
2141
2126
2123
2124
2123
2113
2088
2122
2129
2152
2137
2147
2157
2158
2149
2129
2145
2149
2143
2117
2144
2146
2133
2144
2134
2134
2108
2098
2090
2078
2095
2106
2104
2108
2123
2120
2102
2102
2081
2074
2020
2006
1980
1986
2006
1977
1984
1971
1955
1975
1949
1938
1918
1902
1920
1918
1938
1950
1959
1963
1982
1993
2025
2046
2034
2045
2046
2040
2058
2075
2077
2085
2072
2075
2079
2086
2086
2081
2064
2077
2057
2058
2058
2091
2108
2120
2136
2176
2198
2174
2202
2167
2166
2176
2154
2133
2120
2122
2088
2083
2059
2040
2023
2026
2000
1978
1976
1962
1951
1956
1942
1932
1944
1942
1943
1948
1963
1996
2034
2042
2073
2103
2114
2135
2164
2174
2184
2208
2232
2251
2278
2292
2277
2296
2272
2268
2250
2260
2246
2223
2194
2163
2157
2110
2080
2070
2042
2026
2003
1965
1959
1929
1908
1880
1848
1871
1872
1870
1880
1902
1887
1908
1932
1965
2015
2023
2040
2081
2086
2097
2110
2165
2213
2218
2222
2245
2245
2244
2276
2273
2277
2257
2243
2207
2202
2165
2177
2144
2109
2079
2038
2038
2036
1992
1969
1947
1959
1939
1951
1958
1949
1971
1947
1979
2026
2029
2028
2061
2093
2117
2156
2164
2201
2215
2238
2263
2266
2267
2295
2294
2299
2292
1904
1911
1966
2003
2062
2092
2155
2212
2232
2260
2325
2332
2394
2403
2408
2416
2421
2416
2414
2394
2379
2338
2317
2271
2245
2194
2154
2110
2075
2030
1995
1952
1938
1897
1888
1865
1852
1829
1836
1865
1877
1872
1902
1899
1940
1975
1994
2032
2060
2096
2123
2144
2182
2182
2206
2212
2236
2239
2239
2242
2236
2236
2235
2220
2195
2178
2151
2151
2129
2105
2106
2077
2051
2061
2056
2052
2032
2003
2015
2019
1997
2043
2029
2028
2004
2018
2002
2039
2041
2062
2070
2081
2083
2094
2085
2125
2130
2138
2153
2144
2140
2156
2143
2149
2127
2106
2122
2105
2107
2089
2068
2063
2056
2063
2061
2072
2041
2032
2022
2051
2063
2047
2049
2066
2072
2087
2092
2105
2086
2063
2052
2036
2028
2025
2037
2055
2076
2076
2101
2115
2116
2092
2064
2059
2012
1980
1951
1976
1979
1988
2010
2019
2026
2037
2070
2099
2119
2135
2184
2203
2244
2272
2278
2305
2311
2299
2285
2268
2254
2244
2264
2277
2294
2315
2336
2333
2317
2271
2242
2236
2219
2220
2228
2234
2232
2257
2212
2198
2171
2147
2094
2022
1971
1922
1888
1859
1860
1869
1872
1872
1864
1848
1843
1841
1813
1827
1824
1811
1837
1872
1872
1864
1870
1844
1838
1829
1805
1780
1818
1874
1881
1963
1995
2059
2107
2137
2148
2180
2189
2236
2284
2305
2329
2343
2379
2377
2371
2360
2360
2350
2354
2356
2347
2390
2388
2395
2429
2457
2454
2438
2425
2370
2321
2296
2274
2237
2206
2153
2158
2122
2080
2050
2039
2023
1996
1983
1962
1954
1934
1909
1873
1881
1847
1838
1838
1859
1818
1795
1798
1819
1825
1824
1832
1855
1859
1924
1932
1953
2004
2041
2069
2115
2164
2201
2207
2263
2273
2315
2358
2365
2392
2376
2383
2392
2393
2380
2345
2343
2316
2302
2270
2234
2206
2170
2127
2106
2069
2049
2025
2003
1963
1973
1978
1961
1979
1979
1996
2008
2030
2063
2072
2084
2117
2113
2122
2133
2144
2152
2158
2136
2134
2143
2136
2128
2114
2115
2099
2088
2072
2053
2048
2015
2002
1977
1969
1985
1980
1961
1952
1952
1965
1962
1977
1970
1991
1981
2010
2006
2032
2036
2049
2085
2092
2125
2137
2148
2172
2174
2195
2225
2209
2248
2224
2238
1941
1949
1945
1919
1927
1940
1961
2006
2012
2049
2098
2115
2168
2195
2246
2260
2297
2313
2317
2327
2300
2301
2264
2239
2200
2140
2083
2066
2012
1967
1928
1884
1846
1792
1742
1730
1722
1733
1747
1775
1816
1869
1907
1969
1997
2066
2118
2193
2215
2272
2303
2322
2368
2380
2364
2382
2344
2333
2306
2243
2215
2168
2100
2060
2033
1951
1903
1878
1848
1820
1786
1811
1819
1828
1862
1869
1921
2009
2027
2078
2135
2198
2250
2300
2330
2357
2402
2420
2429
2468
2464
2455
2442
2415
2377
2325
2294
2249
2205
2158
2088
2045
1982
1959
1905
1861
1824
1807
1789
1778
1751
1741
1758
1785
1789
1824
1857
1892
1922
1928
1956
2004
2053
2082
2129
2159
2192
2237
2104
2106
2088
2074
2048
2029
2024
2002
1957
1954
1941
1912
1914
1918
1918
1914
1905
1923
1925
1945
1979
1989
1996
2042
2071
2080
2109
2155
2162
2225
2242
2271
2263
2302
2311
2315
2328
2319
2311
2328
2301
2298
2294
2259
2244
2223
2223
2197
2197
2148
2120
2086
2071
2038
2022
1970
1942
1893
1847
1808
1782
1769
1755
1702
1727
1721
1731
1739
1753
1782
1819
1853
1904
1961
2027
2094
2167
2235
2259
2308
2364
2422
2447
2477
2483
2497
2508
2517
2506
2516
2459
2432
2420
2412
2380
2345
2313
2313
2266
2262
2232
2208
2157
2134
2086
2060
2039
2007
1943
1900
1872
1854
1833
1792
1784
1784
1744
1761
1776
1781
1792
1813
1838
1871
1887
1911
1942
1971
2058
2060
2058
2034
2045
2024
2024
1997
1981
1974
2010
2046
2074
2099
2125
2166
2148
2179
2172
2189
2192
2205
2222
2225
2244
2245
2232
2257
2249
2242
2245
2218
2212
2186
2188
2184
2184
2183
2185
2200
2214
2226
2253
2244
2233
2241
2220
2225
2221
2202
2186
2188
2184
2188
2179
2131
2126
2117
2087
2051
2017
1993
1996
1991
1988
1982
1983
1963
1965
1935
1922
1903
1852
1852
1814
1789
1775
1790
1779
1785
1800
1783
1782
1784
1787
1789
1810
1791
1826
1837
1862
1894
1937
1974
1999
1984
2008
2037
2055
2048
2054
2099
2147
2222
2258
2270
2320
2357
2406
2424
2448
2427
2442
2455
2457
2475
2468
2467
2452
2468
2474
2477
2463
2470
2466
2439
2417
2452
2104
2085
2097
2096
2069
2055
2037
2022
2008
1995
1996
2012
2014
2010
2017
2016
2023
2008
1989
1994
2005
2016
2020
2013
2043
2032
2042
2088
2088
2123
2139
2165
2205
2198
2198
2220
2241
2252
2257
2292
2295
2297
2281
2296
2283
2261
2251
2240
2214
2197
2192
2152
2137
2088
2057
2042
1982
1944
1943
1913
1882
1858
1872
1865
1853
1836
1841
1851
1874
1872
1903
1936
1975
1994
2030
2068
2095
2121
2164
2207
2245
2270
2288
2339
2369
2382
2400
2412
2428
2421
2414
2426
2407
2370
2335
2305
2253
2245
2184
2143
2089
2042
1977
1944
1909
1868
1826
1778
1753
1728
1706
1700
1725
1681
1722
1750
1778
1773
1830
1851
1881
1912
1989
2024
2035
2094
2142
2181
2376
2407
2452
2467
2501
2491
2460
2450
2426
2365
2290
2201
2142
2068
1973
1881
1829
1745
1662
1632
1577
1570
1566
1583
1599
1609
1673
1721
1785
1843
1915
1969
2094
2155
2234
2320
2379
2444
2494
2556
2589
2602
2625
2621
2600
2563
2562
2518
2441
2388
2341
2250
2183
2085
1985
1930
1832
1774
1702
1638
1569
1565
1549
1538
1557
1583
1644
1691
1763
1844
1944
2019
2104
2192
2278
2363
2418
2456
2505
2530
2549
2576
2545
2518
2478
2423
2388
2354
2301
2225
2177
2128
2078
2043
2020
1995
1979
1936
1906
1893
1879
1908
1913
1918
1932
1967
2000
2012
2060
2089
2120
2149
2179
2206
2231
2260
2272
2251
2270
2270
2265
2239
2196
2171
2126
2104
2087
2048
2390
2295
2221
2117
1997
1855
1726
1619
1558
1516
1468
1468
1429
1413
1405
1383
1402
1394
1407
1428
1448
1482
1522
1564
1580
1612
1646
1690
1746
1765
1799
1845
1901
1907
1918
1951
1961
2014
2073
2152
2244
2359
2448
2522
2620
2662
2681
2686
2671
2640
2639
2642
2640
2634
2651
2602
2602
2620
2597
2545
2511
2483
2457
2441
2408
2395
2390
2363
2370
2360
2363
2351
2314
2256
2241
2164
2085
2020
1952
1908
1841
1792
1744
1688
1669
1646
1606
1578
1562
1545
1533
1541
1565
1586
1618
1666
1712
1747
1792
1808
1801
1829
1852
1842
1864
1868
1876
1879
1890
1914
1931
1961
1995
2028
2075
2100
2175
2184
2235
2272
2327
2373
2416
2458
2523
2599
2611
2645
1950
1954
1944
1948
1951
1951
1959
1979
1955
1985
1987
2012
2026
2018
2030
2021
2048
2100
2100
2108
2124
2154
2171
2216
2259
2284
2318
2338
2360
2381
2394
2395
2413
2438
2421
2443
2433
2423
2416
2385
2377
2368
2325
2310
2286
2262
2236
2187
2166
2122
2080
2041
2012
1968
1931
1909
1885
1836
1836
1826
1787
1767
1756
1768
1742
1750
1753
1769
1762
1775
1794
1830
1843
1891
1924
1936
1972
2026
2061
2092
2159
2203
2227
2274
2323
2330
2360
2358
2387
2410
2401
2390
2370
2349
2312
2298
2248
2194
2177
2152
2114
2078
2038
2023
1976
1972
1939
1935
1914
1907
1910
1917
1938
1957
1971
1999
2016
2015
2024
2015
2042
2058
2094
2094
2106
2114
2124
2104
2430
2418
2386
2367
2334
2295
2263
2206
2168
2141
2105
2068
2016
1976
1936
1921
1885
1871
1826
1785
1789
1766
1767
1771
1776
1765
1804
1843
1890
1916
1949
1992
2080
2125
2218
2257
2308
2367
2408
2456
2505
2508
2527
2540
2524
2498
2471
2425
2350
2275
2201
2115
2034
1937
1849
1781
1689
1615
1580
1574
1562
1580
1562
1615
1657
1730
1805
1880
1997
2073
2168
2269
2362
2437
2516
2580
2620
2668
2684
2672
2670
2640
2606
2554
2464
2376
2270
2178
2073
1979
1878
1796
1688
1635
1568
1571
1540
1567
1586
1626
1647
1699
1789
1862
1944
2048
2156
2243
2339
2422
2495
2578
2644
2718
2733
2791
2788
2771
2725
2648
2572
2482
2384
2286
2167
2034
1934
1792
2171
2209
2276
2309
2372
2402
2413
2433
2466
2461
2443
2435
2415
2377
2323
2269
2199
2170
2118
2049
2003
1973
1933
1905
1918
1925
1923
1902
1914
1919
1915
1916
1915
1941
1952
1991
2011
2020
2039
2075
2108
2144
2168
2211
2240
2270
2293
2326
2320
2328
2335
2326
2293
2294
2275
2216
2172
2128
2097
2041
2005
1994
1961
1938
1912
1908
1883
1864
1844
1856
1869
1872
1872
1880
1919
1946
1960
2021
2076
2125
2177
2242
2275
2348
2382
2418
2460
2478
2487
2497
2481
2456
2431
2389
2327
2272
2190
2117
2031
1963
1903
1865
1823
1759
1726
1693
1645
1662
1672
1664
1670
1701
1714
1744
1775
1848
1882
1953
1992
2070
2127
2184
2238
2295
2346
2374
2436
2495
