2134
2128
2107
2106
2108
2105
2109
2113
2106
2106
2115
2110
2109
2107
2110
2099
2096
2082
2080
2100
2115
2101
2089
2080
2085
2092
2070
2089
2074
2107
2096
2106
2110
2097
2089
2109
2094
2078
2075
2087
2116
2105
2079
2101
2104
2094
2093
2106
2078
2069
2083
2088
2105
2081
2081
2094
2091
2079
2080
2096
2078
2079
2087
2055
2087
2066
2086
2088
2088
2076
2051
2066
2042
2054
2078
2062
2076
2059
2084
2074
2088
2058
2077
2094
2085
2068
2096
2100
2098
2098
2089
2077
2073
2091
2099
2095
2056
2080
2088
2088
2087
2077
2096
2084
2077
2083
2082
2074
2073
2102
2082
2087
2074
2081
2098
2075
2079
2081
2086
2084
2066
2081
2098
2074
2080
2061
2078
2070
2043
2026
2015
2038
2019
1986
1997
2033
2026
2015
2021
2030
2029
2032
2056
2037
2016
2009
2014
2024
2019
1992
2025
1999
1996
2002
2019
2043
2034
2041
2042
2057
2081
2070
2089
2106
2099
2117
2094
2092
2111
2129
2122
2134
2126
2130
2132
2161
2131
2141
2174
2179
2172
2169
2193
2186
2219
2230
2214
2226
2240
2231
2232
2238
2268
2236
2235
2208
2213
2209
2238
2227
2228
2202
2212
2195
2203
2170
2172
2144
2131
2107
2107
2104
2119
2122
2132
2149
2144
2139
2146
2159
2162
2159
2157
2127
2121
2121
2094
2086
2088
2097
2095
2098
2098
2090
2065
2081
2074
2062
2053
2058
2069
2083
2082
2092
2085
2098
2116
2136
2114
2111
2091
2091
2091
2075
2074
2062
1912
1920
1944
1974
1970
2008
2059
2074
2146
2171
2196
2211
2234
2273
2280
2293
2310
2317
2309
2305
2307
2294
2257
2242
2217
2193
2138
2104
2075
2043
1995
1964
1935
1910
1897
1892
1868
1871
1864
1871
1889
1921
1943
1964
1977
2002
2052
2112
2167
2211
2210
2253
2287
2314
2322
2314
2341
2348
2320
2318
2318
2297
2267
2216
2186
2146
2125
2070
2031
1977
1958
1956
1908
1887
1865
1861
1848
1851
1880
1890
1895
1909
1960
1994
2020
2051
2077
2105
2131
2184
2208
2214
2223
2266
2262
2267
2248
2235
2226
2213
2189
2161
2160
2129
2071
2045
2029
1979
1974
1939
1935
1925
1944
1934
1931
1955
1991
2002
2036
2071
2085
2134
2155
2171
2181
2208
2228
2216
2426
2422
2413
2413
2385
2350
2290
2239
2183
2124
2010
1951
1879
1829
1803
1775
1767
1749
1784
1828
1883
1942
1997
2077
2162
2230
2303
2348
2362
2376
2373
2358
2348
2283
2240
2171
2079
2038
1970
1913
1898
1856
1824
1863
1875
1918
1957
2004
2084
2122
2138
2193
2243
2269
2301
2310
2306
2263
2244
2208
2161
2112
2052
2030
1961
1933
1895
1894
1883
1886
1918
1942
1961
2002
2036
2090
2148
2188
2228
2258
2315
2342
2340
2331
2301
2283
2235
2167
2106
2061
1985
1932
1897
1849
1822
1797
1809
1830
1820
1889
1930
1957
2032
2119
2159
2219
2262
2294
2345
2391
2425
2442
2428
2405
2352
2308
2229
2168
2113
2020
1943
1864
1822
1775
1752
1755
1741
1765
1653
1626
1626
1633
1635
1658
1697
1747
1825
1921
2003
2092
2183
2213
2244
2254
2305
2309
2360
2399
2477
2494
2502
2496
2462
2396
2342
2300
2249
2224
2198
2186
2153
2125
2078
2013
1953
1921
1876
1883
1901
1924
1934
1978
1982
1962
1942
1926
1902
1881
1918
1965
2018
2108
2189
2263
2293
2303
2301
2282
2274
2280
2308
2303
2314
2300
2246
2155
2068
1993
1937
1921
1922
1972
2023
2079
2088
2082
2039
2024
2001
1987
2015
2022
2001
2005
1965
1903
1818
1762
1743
1748
1768
1827
1899
2004
2111
2196
2268
2348
2436
2501
2536
2592
2604
2567
2492
2420
2324
2254
2186
2112
2080
2046
2038
2037
2072
2079
2100
2095
2100
2124
2112
2078
2042
2006
1923
1844
1774
1857
1925
1979
2086
2184
2252
2319
2390
2422
2467
2492
2507
2502
2472
2448
2412
2354
2304
2229
2167
2125
2040
1982
1906
1859
1828
1816
1808
1830
1840
1830
1883
1880
1902
1921
1910
1919
1926
1949
2008
2080
2128
2195
2267
2315
2356
2381
2366
2370
2349
2311
2247
2227
2172
2096
2057
1995
1928
1904
1872
1894
1893
1896
1915
1947
2004
2057
2084
2132
2178
2213
2229
2243
2234
2208
2203
2184
2152
2114
2103
2080
2076
2063
2059
2038
2038
2038
2056
2068
2077
2081
2085
2083
2051
2048
2036
2036
2006
2007
2007
1975
1970
1981
2014
2046
2040
2105
2147
2193
2253
2302
2348
2375
2407
2419
2423
2407
2369
2339
2284
2256
2149
2079
1980
1895
1819
1752
1734
1697
1703
1709
1742
1836
1919
2045
2161
2272
2373
2448
2521
2548
2582
2564
2505
2411
2321
2214
2104
1969
1849
1742
1662
1579
1597
1583
1626
1679
1758
1868
1994
2126
2218
2310
2389
2459
2484
2475
2447
2398
2327
2228
2120
2043
1937
1877
1804
1760
1792
1818
1867
1937
1995
2072
2183
2235
2264
2265
2312
2304
2256
2224
2179
2109
2039
1989
1953
1904
1890
1903
1905
1975
2021
2095
2196
2250
2333
2396
2459
2491
2470
2433
2392
2298
2161
2036
1937
1826
1704
1632
1604
1559
1607
1685
1785
1886
2016
2178
2319
2479
2592
2689
2753
2794
2759
2710
2616
2482
2314
2130
1947
1752
1584
1450
1353
1288
1274
1305
1416
1520
1645
1832
2027
2211
2396
2534
1587
1575
1578
1569
1582
1636
1709
1811
1938
2040
2159
2230
2279
2348
2396
2494
2570
2633
2676
2692
2689
2663
2609
2526
2478
2339
2228
2070
1956
1827
1739
1655
1613
1539
1491
1468
1469
1523
1648
1775
1906
2050
2174
2252
2325
2418
2464
2538
2603
2653
2650
2612
2532
2433
2337
2291
2223
2200
2151
2159
2129
2143
2135
2111
2120
2107
2047
2001
1950
1894
1859
1828
1790
1734
1697
1668
1674
1701
1768
1926
2061
2180
2251
2344
2409
2444
2500
2559
2551
2536
2502
2403
2319
2249
2168
2118
2053
1974
1896
1827
1790
1763
1730
1732
1745
1734
1729
1736
1711
1707
1706
1712
1764
1812
1866
1898
1914
1964
2027
2094
2232
2366
2480
2587
2643
2686
2675
2664
1568
1692
1848
1990
2136
2261
2401
2477
2581
2664
2756
2814
2899
2966
2967
2916
2894
2828
2756
2645
2529
2389
2203
2057
1883
1723
1574
1462
1353
1310
1304
1287
1319
1370
1432
1496
1563
1636
1720
1838
1928
2076
2208
2356
2472
2615
2696
2772
2817
2802
2764
2725
2660
2611
2560
2489
2414
2321
2237
2122
1999
1882
1796
1712
1637
1608
1578
1579
1619
1646
1715
1744
1803
1872
1916
1979
2073
2143
2208
2278
2347
2378
2404
2434
2440
2407
2373
2334
2260
2229
2197
2163
2125
2067
2019
1996
1916
1889
1847
1812
1771
1748
1762
1768
1762
1801
1844
1904
1971
1984
2056
2103
2135
2170
2218
2289
2338
2355
2389
2437
2446
2453
2480
2486
2453
2438
2411
2370
2504
2690
2835
2930
2919
2860
2732
2558
2319
2079
1851
1625
1455
1356
1341
1388
1513
1719
1928
2135
2344
2542
2643
2708
2745
2699
2620
2484
2337
2183
2064
1930
1841
1787
1773
1773
1824
1858
1900
1968
2028
2078
2113
2111
2119
2100
2039
2002
1954
1915
1898
1906
1939
1968
2052
2167
2272
2404
2481
2559
2608
2598
2540
2388
2237
2051
1876
1660
1486
1343
1278
1259
1315
1432
1621
1862
2096
2352
2589
2775
2945
3032
3040
2987
2823
2630
2357
2068
1751
1453
1213
1048
966
989
1095
1286
1535
1831
2168
2454
2751
2995
3170
3261
3282
3165
2988
2725
2375
1991
1640
1307
1010
796
656
658
793
1012
1313
1665
2002
2429
2802
3124
3362
3476
3512
3448
1551
1848
2144
2360
2550
2679
2802
2892
2969
3007
2966
2834
2652
2412
2219
2056
1992
1991
2056
2102
2147
2191
2189
2131
2093
2079
2086
2027
1982
1865
1702
1504
1295
1136
1056
1088
1223
1418
1661
1909
2087
2292
2442
2586
2749
2887
2963
3043
3027
2976
2852
2684
2475
2308
2135
2046
1981
1965
1968
1952
1936
1921
1903
1858
1832
1814
1795
1772
1719
1669
1599
1544
1499
1496
1544
1685
1840
2044
2244
2455
2605
2728
2823
2972
3035
3111
3127
3100
3002
2818
2557
2282
2019
1763
1529
1389
1311
1232
1215
1172
1178
1206
1278
1391
1548
1727
1891
2053
2194
2245
2301
2330
2337
2381
2451
2533
2624
2677
2707
2674
2610
2551
2438
2381
2299
2225
2145
2012
2650
2526
2405
2254
2136
2013
1884
1746
1644
1562
1492
1440
1438
1445
1462
1532
1589
1687
1807
1913
2059
2205
2319
2468
2584
2675
2747
2790
2837
2864
2872
2833
2825
2763
2661
2567
2422
2324
2194
2033
1926
1789
1681
1558
1470
1422
1340
1304
1295
1305
1354
1438
1528
1652
1758
1901
2085
2224
2336
2469
2594
2670
2759
2791
2791
2749
2696
2665
2561
2441
2304
2160
2027
1889
1770
1654
1556
1497
1440
1415
1414
1431
1483
1588
1681
1816
1944
2091
2258
2383
2513
2664
2722
2796
2826
2832
2813
2760
2680
2550
2426
2275
2133
2016
1849
1692
1567
1458
1392
1339
1308
1274
1259
1296
1365
1452
1559
1698
1821
1946
2102
2243
2378
2506
2602
2674
2780
2835
2000
1830
1742
1651
1622
1635
1689
1786
1891
2000
2131
2264
2374
2496
2553
2597
2617
2589
2554
2452
2367
2247
2089
1951
1819
1671
1599
1534
1520
1512
1534
1581
1672
1788
1873
2005
2128
2236
2358
2432
2536
2573
2602
2612
2584
2545
2495
2418
2318
2212
2092
1966
1867
1789
1731
1657
1623
1611
1585
1571
1597
1638
1698
1777
1904
1997
2141
2268
2381
2492
2569
2616
2671
2630
2602
2571
2501
2414
2331
2261
2182
2115
2037
2002
1976
1948
1937
1956
1928
1897
1912
1907
1941
1940
1982
2056
2124
2185
2248
2308
2341
2362
2358
2335
2317
2251
2205
2155
2091
2058
2036
2026
2036
2049
2042
2033
2033
2025
1997
1954
1939
1897
1866
1849
1842
1879
1909
1917
5
0
1
1
50
278
563
886
1229
1545
1857
2193
2527
2868
3164
3387
3539
3612
3607
3595
3525
3458
3397
3266
3138
2968
2766
2523
2293
2073
1893
1742
1624
1523
1440
1320
1197
1115
1088
1065
1145
1252
1368
1416
1461
1410
1355
1298
1336
1451
1651
1891
2137
2345
2448
2516
2561
2583
2712
2889
3158
3442
3641
3739
3747
3639
3412
3188
3014
2904
2817
2761
2594
2346
1989
1499
987
517
142
3
1
1
1
0
63
200
372
679
1067
1566
2149
2736
3219
3635
3902
4069
4095
4095
4095
4095
4095
4095
3912
3610
3227
2841
2487
2216
2009
1873
1722
1548
1318
1050
776
558
441
472
590
798
951
1079
1115
1086
1049
1012
1057
1236
4095
4095
4095
4095
4042
3649
3184
2666
2131
1601
1095
648
258
2
2
1
0
0
110
420
783
1196
1645
2072
2501
2879
3203
3484
3674
3794
3875
3861
3798
3667
3478
3220
2912
2594
2252
1914
1574
1290
1053
863
736
704
775
861
1035
1252
1503
1773
2019
2295
2564
2780
2965
3104
3157
3205
3189
3103
2975
2809
2584
2373
2153
1950
1723
1535
1367
1267
1233
1222
1316
1375
1542
1737
1917
2085
2253
2420
2535
2667
2718
2780
2744
2713
2647
2556
2457
2326
2191
2036
1914
1797
1667
1549
1483
1451
1422
1474
1550
1634
1744
1892
2028
2170
2319
2453
2549
2624
2661
2670
2636
2586
2493
2380
2217
2089
1949
1823
1718
1637
1588
1584
1600
1668
