2106
2098
2100
2098
2103
2084
2092
2100
2084
2073
2084
2096
2104
2097
2081
2084
2078
2087
2091
2095
2105
2099
2078
2092
2089
2089
2075
2089
2094
2072
2088
2082
2086
2090
2074
2102
2103
2096
2086
2069
2074
2098
2092
2093
2094
2102
2127
2101
2093
2113
2088
2108
2086
2080
2109
2090
2096
2096
2087
2093
2096
2100
2100
2091
2093
2085
2104
2108
2083
2089
2098
2088
2093
2103
2119
2112
2098
2100
2097
2091
2085
2077
2117
2083
2094
2103
2090
2092
2089
2082
2087
2099
2102
2102
2113
2106
2081
2061
2121
2119
2096
2075
2079
2099
2094
2086
2086
2091
2090
2084
2089
2101
2099
2104
2094
2093
2124
2103
2102
2091
2093
2089
2080
2084
2098
2060
2084
2106
2111
2083
2099
2096
2110
2102
2091
2113
2114
2110
2100
2117
2113
2084
2101
2112
2103
2123
2104
2105
2120
2096
2103
2095
2078
2085
2102
2093
2104
2098
2095
2116
2104
2119
2087
2085
2089
2093
2100
2068
2074
2090
2092
2111
2085
2096
2115
2108
2095
2087
2087
2104
2093
2093
2072
2073
2078
2088
2086
2085
2097
2092
2078
2078
2085
2100
2081
2088
2092
2090
2094
2098
2090
2090
2083
2071
2080
2091
2063
2089
2094
2082
2051
2065
2083
2076
2082
2081
2095
2083
2061
2064
2081
2086
2085
2069
2055
2064
2069
2078
2064
2066
2075
2064
2087
2080
2076
2072
2064
2085
2091
2091
2080
2067
2082
2083
2086
2093
2075
2084
2089
2061
2070
2094
2084
2077
2066
2070
2059
2078
2084
2109
2128
2119
2124
2138
2141
2156
2168
2178
2159
2146
2153
2112
2108
2124
2099
2074
2082
2087
2074
2092
2085
2065
2062
2064
2055
2067
2080
2085
2084
2088
2090
2099
2081
2076
2056
2068
2035
2048
2023
2030
2037
2033
2036
2060
2047
2050
2047
2045
2055
2047
2083
2078
2076
2070
2065
2054
2058
2051
2059
2050
2030
2022
2008
2003
1996
2010
1994
1999
2000
2008
1994
1999
2016
2014
2004
2027
2060
2052
2076
2104
2106
2091
2125
2128
2129
2121
2104
2108
2105
2115
2128
2144
2134
2131
2153
2161
2168
2163
2176
2198
2177
2180
2177
2167
2152
2154
2118
2103
2082
2096
2089
2068
2068
2064
2059
2037
2039
2072
2053
2051
2059
2061
2053
2066
2055
2061
2047
2084
2095
2125
2134
2126
2155
2193
2199
2190
2197
2203
2238
2209
2222
2233
2246
2229
2221
2208
2222
2216
2191
2188
2186
2172
2152
2127
2125
2127
2125
2119
2111
2078
2046
2039
2044
2027
2019
2033
2012
2026
2013
1980
1981
2004
2012
1993
1964
1983
1981
1988
1963
1975
1985
2009
1996
2004
2022
1998
2005
2049
2060
2083
2096
2132
2147
2148
2155
2174
2188
2227
2237
2235
2260
2237
2239
2249
2240
2226
2217
2221
2206
2161
2156
2142
2100
2066
2038
2022
1986
1956
1920
1908
1868
1861
1838
1836
1826
1799
1809
1825
1860
1880
1884
1891
1946
1989
2000
2033
2085
2150
2184
2248
2276
2307
2346
2376
2420
2433
2456
2474
2466
2437
2430
2427
2120
2115
2095
2093
2093
2090
2080
2083
2053
2063
2063
2026
2017
2018
2029
2024
2031
2044
2079
2100
2128
2174
2197
2218
2240
2275
2301
2327
2337
2348
2330
2336
2325
2281
2254
2223
2167
2168
2101
2054
2021
1984
1926
1928
1898
1873
1868
1872
1882
1911
1906
1902
1936
1944
1932
1954
1952
1921
1949
1926
1947
1937
1967
1985
1995
1980
1981
1987
2024
2029
2051
2064
2085
2104
2115
2140
2151
2161
2154
2192
2220
2227
2238
2237
2242
2220
2217
2214
2200
2182
2167
2136
2126
2114
2086
2058
2036
2042
2016
2017
2035
2047
2033
2081
2105
2134
2139
2182
2205
2249
2280
2277
2292
2305
2274
2282
2267
2240
2243
2221
2205
2167
2140
2087
2103
2064
2024
2006
1961
1949
1948
1910
1891
1883
1863
1840
1823
1851
1902
1947
2029
2142
2251
2321
2397
2470
2521
2557
2542
2550
2519
2512
2478
2432
2323
2212
2103
2028
1922
1872
1809
1749
1717
1730
1761
1782
1844
1884
1913
1954
1964
1960
1959
1945
1939
1916
1898
1896
1877
1892
1914
1927
1963
2038
2095
2216
2293
2416
2483
2581
2624
2643
2677
2661
2670
2630
2555
2486
2406
2289
2210
2098
1991
1962
1932
1875
1841
1815
1794
1801
1785
1758
1765
1747
1734
1716
1729
1735
1721
1723
1741
1770
1786
1841
1905
1957
2035
2114
2204
2300
2381
2429
2496
2552
2592
2574
2590
2575
2536
2499
2472
2371
2292
2225
2132
2054
1991
1995
1957
1952
1927
1915
1895
1871
1861
1868
1984
1962
1955
1938
1948
1968
1963
2000
2005
2035
2058
2083
2122
2155
2180
2185
2193
2210
2200
2220
2197
2208
2175
2157
2129
2109
2074
2053
2040
2048
2033
2028
2029
2034
2047
2066
2081
2110
2159
2161
2151
2202
2208
2224
2224
2226
2236
2220
2190
2161
2133
2114
2080
2065
2017
1989
1944
1920
1910
1892
1876
1874
1876
1892
1922
1938
1954
2011
2048
2083
2100
2160
2204
2255
2287
2325
2349
2350
2361
2373
2387
2347
2319
2300
2268
2200
2148
2094
2066
1985
1936
1862
1808
1790
1729
1730
1722
1717
1692
1723
1734
1787
1811
1890
1952
1982
2071
2155
2227
2299
2359
2390
2443
2477
2496
2495
2507
2477
2463
2424
2376
2336
2267
2196
2132
2050
1968
1920
2134
2048
1960
1907
1831
1770
1754
1720
1720
1731
1778
1845
1867
1944
1990
2094
2152
2208
2280
2315
2351
2353
2323
2327
2293
2266
2213
2150
2078
2030
1971
1925
1893
1855
1839
1855
1868
1887
1936
1995
2048
2095
2171
2222
2292
2333
2348
2354
2356
2347
2333
2309
2273
2221
2197
2144
2110
2048
2018
1991
1993
1961
1946
1968
1990
2036
2066
2114
2178
2210
2232
2255
2289
2319
2310
2293
2276
2245
2198
2129
2056
1998
1936
1866
1807
1768
1736
1708
1696
1726
1754
1807
1885
1945
2001
2084
2160
2225
2256
2304
2337
2364
2371
2359
2330
2294
2238
2196
2142
2097
2035
1971
1960
1933
1947
1944
1986
1986
2022
2038
2055
2076
2127
2129
2129
2158
2161
2167
2530
2459
2361
2284
2236
2181
2099
2014
1912
1810
1744
1653
1635
1656
1668
1681
1711
1764
1787
1839
1945
2021
2090
2184
2235
2310
2349
2384
2462
2478
2540
2579
2558
2555
2489
2425
2353
2278
2221
2176
2098
2045
1974
1885
1800
1729
1650
1606
1588
1603
1633
1649
1705
1752
1787
1843
1893
1991
2098
2209
2283
2352
2423
2453
2490
2523
2541
2530
2504
2498
2454
2428
2339
2252
2179
2111
2003
1955
1907
1856
1806
1752
1692
1645
1625
1640
1667
1730
1776
1838
1891
1901
1937
2003
2053
2123
2204
2268
2351
2390
2410
2408
2412
2413
2422
2420
2422
2387
2341
2295
2220
2200
2180
2151
2121
2096
2064
2043
1999
1944
1925
1873
1896
1900
1903
1913
1927
1948
1764
1630
1522
1451
1399
1414
1474
1559
1678
1818
1987
2175
2294
2452
2603
2690
2780
2791
2781
2727
2621
2502
2353
2198
2013
1856
1748
1629
1573
1527
1517
1576
1653
1734
1859
1976
2118
2212
2315
2386
2468
2475
2488
2475
2403
2325
2264
2190
2095
2011
1987
1919
1895
1875
1912
1944
1955
2036
2119
2142
2193
2246
2255
2274
2257
2202
2152
2089
2023
1928
1874
1829
1811
1809
1825
1880
1939
1988
2069
2152
2201
2273
2334
2352
2376
2380
2373
2310
2264
2199
2132
2042
1934
1852
1813
1770
1763
1772
1795
1862
1943
2021
2083
2165
2246
2306
2385
2405
2441
2403
2389
2332
2252
2194
2129
2034
1939
1884
1838
1784
1766
1762
1791
1811
1873
1956
2034
2126
2223
2305
2368
2424
2486
2487
2489
2465
2394
2323
2188
2010
1845
1690
1551
1459
1464
1512
1631
1749
1878
1989
2118
2156
2194
2218
2188
2193
2209
2243
2253
2284
2294
2255
2181
2113
2023
1994
1954
1933
1959
2006
2039
2099
2164
2205
2237
2278
2305
2330
2372
2372
2317
2268
2183
2116
2037
1960
1966
1980
1999
2000
1996
1963
1906
1890
1873
1903
1912
2021
2121
2184
2259
2299
2319
2320
2365
2375
2418
2452
2462
2412
2357
2240
2083
1933
1781
1669
1607
1616
1615
1654
1696
1748
1829
1914
2051
2169
2327
2477
2615
2698
2745
2774
2713
2614
2520
2415
2305
2150
1947
1738
1571
1408
1303
1281
1337
1428
1593
1721
1864
2014
2130
2207
2350
2491
2650
2780
2368
2376
2430
2455
2448
2457
2433
2422
2391
2347
2293
2255
2237
2214
2199
2158
2114
2073
2007
1912
1817
1764
1725
1743
1739
1790
1848
1895
1966
2005
2067
2073
2102
2154
2191
2239
2222
2248
2206
2177
2132
2103
2088
2088
2104
2129
2144
2191
2176
2119
2082
2018
1966
1960
1947
1968
2029
2068
2109
2160
2185
2186
2164
2148
2133
2125
2096
2053
2020
1970
1964
1977
1991
2044
2065
2108
2152
2171
2191
2204
2185
2144
2135
2116
2118
2123
2141
2181
2169
2197
2208
2220
2188
2210
2204
2200
2204
2167
2149
2108
2049
1996
1907
1872
1863
1867
1891
1905
1938
1973
2024
2057
2097
2120
2159
2178
2208
2237
2248
2271
2278
2278
2277
2261
2252
2241
2227
2172
3385
3400
3333
3166
2982
2704
2435
2114
1806
1534
1288
1133
1008
974
995
1122
1280
1469
1694
1944
2161
2396
2560
2675
2755
2813
2796
2741
2636
2511
2351
2185
2029
1900
1777
1712
1677
1648
1704
1775
1888
2004
2125
2253
2376
2477
2551
2561
2528
2495
2400
2276
2142
1994
1867
1750
1686
1647
1664
1702
1802
1892
2040
2158
2278
2358
2424
2472
2492
2502
2505
2482
2448
2366
2294
2224
2118
2069
2018
1975
1920
1920
1940
1986
2039
2082
2104
2129
2126
2108
2034
1971
1903
1835
1724
1634
1586
1555
1581
1634
1708
1822
1961
2118
2262
2381
2482
2568
2623
2659
2607
2559
2421
2342
2218
2051
1871
1717
1581
1458
1365
1299
1320
1402
1538
1691
1902
2145
1806
1626
1469
1296
1192
1103
1007
990
1038
1146
1284
1478
1677
1892
2085
2258
2412
2560
2668
2770
2848
2887
2906
2881
2835
2757
2672
2565
2486
2376
2254
2130
2013
1917
1785
1667
1573
1515
1482
1484
1501
1557
1628
1712
1749
1814
1867
1914
1951
1960
2022
2103
2198
2270
2368
2440
2497
2546
2582
2599
2588
2524
2465
2432
2370
2293
2221
2117
2036
1959
1857
1725
1615
1536
1456
1377
1375
1388
1432
1525
1584
1693
1826
1935
2046
2141
2265
2357
2451
2575
2660
2760
2842
2888
2886
2854
2817
2738
2626
2490
2334
2181
2045
1839
1677
1551
1415
1294
1208
1166
1153
1188
1235
1336
1459
1627
1770
1919
2090
2240
2382
2508
2613
2707
2812
2872
2919
2936
2013
1981
1991
1979
1975
1959
1964
1974
1949
1926
1893
1879
1859
1848
1786
1759
1696
1633
1556
1478
1416
1344
1308
1278
1232
1234
1270
1302
1357
1461
1530
1664
1828
2010
2188
2373
2559
2750
2916
3090
3255
3384
3487
3606
3686
3765
3828
3827
3784
3699
3609
3425
3170
2920
2622
2309
1962
1647
1330
1046
786
584
424
283
192
143
93
116
178
292
472
651
912
1214
1531
1886
2251
2602
2911
3223
3463
3680
3827
3940
3990
3983
3973
3872
3744
3550
3322
3087
2771
2442
2085
1743
1399
1069
754
511
290
131
34
22
79
186
350
586
866
1194
1496
1844
2216
2551
2883
3158
3397
3627
3793
3901
3979
3973
3910
3788
3618
3441
3196
2915
