2101
2095
2099
2111
2083
2100
2100
2085
2091
2088
2096
2076
2094
2083
2099
2094
2061
2083
2062
2077
2064
2068
2080
2073
2061
2070
2068
2092
2078
2073
2068
2062
2094
2085
2083
2077
2091
2075
2060
2094
2084
2088
2084
2083
2078
2082
2075
2078
2085
2082
2077
2079
2075
2082
2081
2088
2096
2093
2074
2089
2076
2072
2085
2091
2067
2063
2083
2078
2076
2077
2070
2079
2096
2108
2101
2092
2086
2079
2092
2100
2082
2099
2093
2096
2096
2069
2071
2099
2093
2084
2098
2111
2120
2119
2116
2130
2145
2139
2122
2094
2111
2097
2114
2122
2133
2127
2133
2160
2144
2132
2129
2116
2121
2117
2125
2124
2131
2116
2117
2125
2130
2104
2091
2107
2104
2089
2105
2108
2128
2121
2098
2104
2091
2103
2108
2139
2135
2159
2131
2150
2139
2141
2167
2160
2153
2153
2154
2169
2172
2173
2185
2174
2183
2171
2172
2169
2152
2162
2121
2122
2131
2125
2108
2109
2101
2117
2084
2092
2077
2076
2079
2092
2080
2081
2058
2044
2068
2045
2049
2053
2083
2068
2057
2062
2074
2060
2074
2080
2066
2086
2076
2084
2082
2087
2085
2085
2082
2078
2067
2053
2049
2066
2032
2052
2054
2037
2042
2037
2043
2041
2063
2051
2075
2073
2062
2057
2046
2068
2071
2084
2098
2110
2075
2110
2090
2096
2084
2088
2096
2098
2087
2091
2092
2086
2069
2092
2113
2079
2072
2055
2066
2062
2067
2061
2052
2060
2065
2058
2042
2037
2063
2058
2045
2048
2044
2060
1981
1920
1897
1887
1867
1870
1886
1891
1892
1923
1965
1978
2006
2013
2052
2078
2088
2114
2120
2113
2126
2111
2109
2089
2085
2085
2096
2131
2103
2148
2178
2170
2178
2197
2205
2187
2197
2143
2104
2072
2049
2062
2082
2093
2120
2132
2144
2178
2210
2204
2186
2168
2167
2140
2134
2099
2067
2045
2039
2036
2076
2100
2136
2161
2161
2197
2202
2215
2233
2256
2266
2281
2272
2274
2288
2261
2230
2196
2185
2183
2154
2118
2096
2063
2069
2031
2026
2040
2068
2076
2074
2094
2119
2069
2075
2072
2070
2036
2014
1992
1980
1972
1945
1945
1923
1924
1905
1903
1910
1924
1932
1963
1974
2020
2054
2105
2149
2144
2180
2186
2177
2140
2134
2129
2117
2110
2116
2120
1885
1949
2047
2089
2145
2195
2264
2323
2396
2408
2452
2496
2517
2505
2507
2497
2505
2456
2421
2365
2331
2274
2233
2173
2131
2061
1994
1948
1901
1862
1830
1811
1794
1775
1740
1761
1784
1823
1833
1881
1932
1982
2005
2053
2107
2136
2189
2214
2236
2285
2281
2319
2313
2281
2271
2257
2255
2200
2167
2136
2090
2053
2003
1983
1949
1906
1888
1843
1846
1846
1859
1848
1864
1874
1883
1930
1991
2020
2038
2076
2113
2183
2220
2254
2272
2272
2303
2344
2339
2325
2333
2325
2315
2264
2251
2231
2177
2148
2100
2086
2044
2002
1978
1959
1929
1925
1935
1930
1898
1924
1944
1939
1965
2006
2050
2075
2101
2129
2174
2203
2238
2276
2283
2294
2280
2269
2263
2242
1912
1887
1896
1894
1939
1996
2049
2119
2180
2238
2293
2336
2370
2360
2314
2305
2259
2169
2066
1997
1906
1796
1728
1691
1673
1666
1694
1722
1773
1850
1967
2059
2159
2264
2346
2411
2457
2463
2492
2478
2416
2339
2274
2194
2101
2003
1929
1851
1798
1774
1776
1768
1800
1868
1920
1985
2081
2186
2300
2374
2449
2471
2500
2527
2518
2494
2429
2360
2277
2197
2115
2027
1959
1932
1866
1810
1812
1834
1864
1867
1928
1989
2055
2115
2153
2200
2258
2287
2288
2296
2285
2268
2237
2220
2183
2135
2080
2077
2009
1945
1933
1909
1902
1866
1869
1856
1883
1909
1938
1974
1997
2030
2041
2085
2104
2132
2151
2183
2212
2217
2225
2230
2232
2238
2247
2228
2215
2200
1789
1861
1939
2049
2175
2317
2440
2542
2627
2705
2742
2740
2698
2669
2667
2651
2597
2582
2553
2491
2394
2284
2168
2079
2014
1946
1934
1906
1815
1760
1675
1551
1489
1433
1426
1434
1503
1569
1650
1713
1795
1835
1904
2005
2123
2256
2371
2419
2491
2534
2516
2552
2537
2538
2540
2545
2549
2560
2537
2449
2406
2366
2290
2289
2230
2158
2083
1991
1894
1826
1735
1668
1630
1621
1625
1646
1688
1703
1694
1731
1798
1850
1917
1995
2049
2116
2169
2173
2166
2173
2196
2197
2213
2280
2324
2372
2383
2400
2352
2334
2348
2323
2319
2284
2281
2214
2158
2105
2037
1980
1940
1916
1901
1897
1897
1915
1908
1927
1936
1971
1997
2032
2069
2091
2093
2116
2113
2129
1957
1929
1926
1921
1931
1949
1976
1989
2014
2034
2053
2092
2157
2194
2216
2249
2279
2272
2267
2267
2263
2268
2267
2228
2210
2177
2172
2140
2105
2077
2042
2014
1985
1972
1981
1958
1947
1948
1946
1943
1952
1975
1967
1982
1982
2012
2019
2044
2060
2117
2136
2166
2178
2215
2218
2211
2249
2256
2232
2236
2233
2200
2179
2174
2145
2112
2068
2028
2005
1970
1936
1923
1919
1890
1868
1901
1908
1937
1939
2017
2048
2062
2127
2159
2221
2258
2281
2324
2331
2353
2376
2358
2328
2300
2247
2195
2130
2056
1985
1941
1887
1841
1795
1763
1767
1749
1765
1802
1801
1836
1877
1964
2023
2092
2151
2195
2248
2303
2330
2376
2404
2402
2383
2357
2348
2289
2224
2157
1884
1790
1738
1711
1712
1735
1759
1792
1871
1942
2012
2072
2171
2241
2343
2383
2432
2486
2485
2484
2472
2440
2383
2299
2231
2130
2033
1956
1882
1817
1786
1769
1742
1725
1736
1767
1825
1875
1949
2021
2079
2129
2184
2196
2228
2220
2233
2197
2175
2151
2156
2154
2135
2132
2154
2174
2194
2243
2283
2317
2342
2378
2422
2413
2396
2342
2269
2189
2125
2041
1918
1806
1728
1679
1612
1572
1585
1626
1720
1817
1914
2036
2166
2269
2394
2466
2548
2587
2603
2572
2544
2456
2336
2226
2070
1929
1793
1677
1572
1495
1472
1473
1495
1554
1670
1812
1956
2113
2250
2376
2498
2562
2602
2636
2621
2575
2517
2438
2364
2247
2119
1978
1868
1793
1716
1658
1630
1640
2300
2311
2372
2432
2502
2526
2534
2472
2372
2212
2048
1913
1827
1782
1787
1756
1739
1700
1697
1705
1736
1868
2028
2172
2312
2414
2485
2531
2534
2536
2517
2432
2389
2303
2217
2146
2043
1956
1917
1882
1863
1868
1882
1927
1992
2048
2112
2159
2168
2137
2052
1955
1840
1744
1698
1628
1593
1566
1533
1528
1518
1581
1651
1774
1948
2111
2316
2493
2646
2763
2863
2950
2963
2967
2945
2881
2792
2707
2618
2501
2391
2307
2227
2153
2106
2032
1990
1943
1865
1812
1711
1622
1547
1471
1382
1358
1316
1329
1336
1366
1415
1487
1598
1726
1878
2041
2183
2322
2430
2551
2625
2723
2790
2801
2814
2787
2751
2659
2562
2495
2393
2336
2276
2197
2122
2058
2016
1978
1815
1795
1786
1816
1851
1877
1945
2016
2045
2101
2145
2211
2258
2295
2313
2329
2330
2317
2295
2266
2221
2212
2182
2155
2106
2071
2059
2042
1989
1995
1960
1957
1975
1939
1940
1923
1948
1942
1947
1969
1988
1996
2032
2056
2054
2098
2104
2118
2132
2148
2205
2185
2192
2179
2191
2224
2229
2235
2230
2215
2230
2218
2195
2219
2192
2165
2128
2139
2107
2068
2064
2050
2004
1987
1977
1954
1946
1931
1918
1912
1898
1881
1894
1894
1920
1936
1955
1983
2028
2046
2081
2108
2181
2205
2224
2263
2259
2265
2274
2257
2273
2254
2230
2228
2239
2207
2159
2165
2154
2144
2115
2103
2091
2091
2080
2080
2083
2106
2117
2128
2150
2126
2123
2162
2172
2164
2156
2123
2417
2553
2660
2718
2727
2691
2636
2512
2417
2272
2144
1993
1857
1728
1662
1608
1541
1519
1544
1572
1656
1748
1848
1983
2094
2218
2329
2408
2523
2579
2640
2639
2632
2573
2468
2364
2244
2111
1986
1853
1740
1638
1598
1608
1625
1695
1776
1855
1945
2020
2109
2184
2238
2306
2361
2399
2430
2437
2424
2400
2355
2291
2220
2193
2096
2014
1951
1881
1858
1857
1846
1883
1919
1970
2016
2061
2125
2170
2198
2202
2201
2193
2192
2165
2153
2115
2094
2099
2095
2088
2115
2171
2220
2304
2389
2459
2499
2548
2530
2535
2487
2405
2316
2184
2041
1896
1741
1624
1520
1432
1373
1374
1369
1431
1539
1638
1797
1955
2141
2310
2466
2596
2704
2751
2779
2748
2650
2531
2524
2509
2523
2513
2470
2372
2204
2049
1864
1706
1514
1342
1205
1102
1081
1088
1105
1176
1263
1308
1417
1549
1733
1966
2255
2566
2889
3099
3227
3268
3219
3137
3081
3063
3041
3013
2919
2758
2533
2264
2002
1798
1614
1545
1515
1494
1447
1362
1270
1253
1224
1265
1359
1463
1586
1654
1734
1766
1816
1877
1951
2075
2210
2340
2421
2516
2592
2657
2708
2754
2773
2769
2746
2725
2724
2709
2668
2619
2515
2324
2117
1902
1689
1526
1423
1341
1320
1316
1289
1301
1317
1390
1487
1646
1842
2039
2232
2392
2493
2548
2601
2622
2632
2632
2620
2617
2550
2475
2360
2259
2158
2081
2012
1944
1902
1859
1876
1887
1890
1895
1928
1927
1898
1870
1834
1800
1749
1682
2099
2096
2095
2107
2093
2079
2078
2023
2002
1971
1944
1899
1862
1864
1871
1861
1884
1909
1917
1953
2022
2038
2085
2148
2208
2264
2329
2371
2375
2361
2370
2330
2279
2221
2154
2096
2045
1968
1912
1863
1808
1793
1757
1752
1753
1776
1778
1827
1906
1993
2084
2169
2281
2379
2473
2563
2641
2721
2784
2808
2799
2749
2654
2536
2417
2249
2079
1922
1732
1561
1430
1314
1241
1182
1144
1175
1247
1369
1525
1685
1878
2102
2328
2525
2731
2924
3039
3170
3192
3190
3142
3039
2874
2692
2505
2267
2025
1792
1582
1377
1210
1088
1019
963
997
1058
1162
1318
1478
1672
1910
2104
2291
2497
2672
2827
2950
3037
3074
3075
3036
2977
2846
2704
2545
2384
2184
1983
224
44
1
84
254
536
880
1297
1763
2222
2629
3009
3338
3578
3746
3812
3801
3688
3501
3245
2903
2552
2182
1818
1500
1218
997
864
792
802
924
1058
1238
1443
1662
1904
2131
2336
2478
2599
2662
2691
2666
2593
2473
2335
2144
1971
1775
1614
1456
1386
1382
1395
1472
1624
1812
2018
2253
2486
2700
2870
3031
3141
3189
3203
3173
3071
2897
2691
2435
2156
1859
1547
1259
1005
812
635
529
548
615
783
1018
1306
1636
2010
2381
2774
3160
3466
3754
3939
4095
4095
4083
3951
3728
3422
3029
2579
2119
1635
1176
748
400
152
1
0
1
98
335
653
1004
1398
1819
2222
2640
3003
3290
3561
3711
3787
3790
3753
3598
3403
3196
2882
1840
1870
1833
1768
1714
1617
1590
1591
1662
1753
1863
1930
1982
1926
1871
1820
1802
1830
1904
2076
2284
2506
2717
2897
3026
3107
3194
3239
3311
3326
3312
3297
3169
2938
2661
2330
1956
1577
1285
1093
940
824
772
743
711
677
676
707
771
963
1215
1522
1856
2172
2405
2574
2639
2638
2580
2568
2547
2580
2690
2850
3004
3139
3206
3230
3172
3060
2965
2875
2764
2655
2573
2430
2248
2064
1833
1536
1228
951
707
496
382
319
360
455
645
890
1178
1490
1813
2146
2427
2701
2967
3204
3390
3575
3766
3896
4016
4063
4050
3949
3802
3525
3210
2892
2519
2208
1942
1687
1424
1195
926
711
486
290
120
36
26
71
179
328
536
723
