2106
2096
2106
2109
2142
2115
2114
2112
2123
2107
2100
2109
2106
2102
2093
2090
2085
2092
2096
2097
2093
2108
2106
2102
2096
2104
2103
2111
2109
2107
2077
2077
2069
2066
2089
2072
2084
2096
2088
2088
2080
2090
2081
2068
2066
2055
2053
2068
2063
2052
2016
2047
2063
2041
2032
2055
2066
2037
2026
2039
2031
2033
2023
2044
2055
2053
2067
2034
2030
2054
2059
2078
2068
2071
2065
2080
2064
2062
2078
2086
2087
2099
2095
2104
2116
2094
2078
2096
2113
2128
2104
2115
2103
2127
2128
2129
2151
2141
2153
2139
2135
2130
2126
2126
2110
2146
2139
2127
2160
2156
2146
2149
2151
2139
2153
2144
2143
2153
2110
2112
2139
2129
2129
2129
2126
2094
2102
2101
2100
2108
2103
2114
2108
2111
2085
2096
2103
2090
2095
2090
2080
2067
2087
2067
2071
2075
2075
2096
2095
2063
2081
2065
2063
2084
2086
2071
2088
2076
2077
2068
2090
2079
2079
2087
2065
2080
2072
2058
2068
2082
2086
2074
2058
2052
2061
2092
2091
2083
2076
2084
2073
2054
2061
2063
2076
2054
2056
2070
2084
2078
2066
2076
2096
2105
2114
2127
2119
2112
2121
2122
2138
2108
2113
2109
2108
2114
2112
2090
2111
2111
2102
2114
2119
2120
2125
2120
2109
2104
2105
2097
2104
2102
2093
2114
2100
2097
2110
2116
2105
2109
2114
2117
2130
2149
2113
2115
2103
2099
2095
2102
2124
2112
2094
2115
2106
2087
2088
2119
2087
2104
2091
2097
2110
2107
2100
2120
1995
2013
1989
1994
2021
2030
2056
2073
2079
2117
2121
2145
2175
2201
2203
2228
2242
2239
2284
2283
2306
2292
2281
2287
2285
2299
2266
2255
2254
2241
2217
2192
2173
2178
2162
2147
2138
2103
2110
2122
2136
2134
2142
2153
2149
2133
2133
2142
2151
2135
2108
2097
2104
2085
2070
2068
2052
2026
2020
1990
1973
1976
1962
1942
1952
1951
1949
1963
1958
2005
2010
2011
2027
2061
2097
2102
2108
2145
2127
2142
2129
2135
2124
2120
2144
2122
2120
2115
2099
2084
2078
2073
2090
2094
2096
2085
2089
2104
2073
2094
2081
2124
2114
2110
2103
2102
2083
2081
2068
2086
2075
2060
2064
2048
2052
2021
2014
2007
2013
1979
1984
1975
1975
1983
1973
1973
1982
1991
2314
2283
2278
2256
2252
2216
2180
2168
2150
2140
2135
2133
2115
2112
2111
2108
2074
2066
2062
2007
1992
1991
1994
1978
1980
1952
1952
1952
1921
1910
1907
1875
1866
1885
1908
1937
1938
1972
1990
2010
2004
2003
2022
2061
2073
2079
2078
2064
2072
2092
2099
2111
2124
2146
2162
2185
2226
2254
2295
2276
2312
2297
2283
2264
2268
2284
2282
2270
2287
2297
2285
2274
2257
2246
2208
2186
2156
2138
2141
2150
2130
2155
2136
2117
2105
2086
2052
2043
2023
1998
1970
1955
1941
1928
1918
1910
1888
1869
1860
1859
1887
1903
1930
1942
1949
1967
1979
1974
1986
2005
2013
2038
2055
2060
2074
2110
2128
2145
2142
2169
2184
2172
2199
2182
2187
2174
2179
2198
2020
2063
2109
2141
2187
2241
2263
2286
2320
2360
2328
2326
2335
2324
2295
2244
2194
2130
2073
2012
1961
1905
1873
1812
1774
1764
1715
1730
1725
1738
1763
1807
1852
1942
2014
2085
2164
2243
2331
2398
2446
2527
2548
2600
2610
2624
2609
2572
2518
2461
2426
2339
2266
2166
2064
1984
1904
1809
1736
1663
1602
1573
1571
1561
1554
1572
1628
1679
1754
1821
1896
1960
2036
2122
2182
2267
2318
2384
2417
2449
2471
2465
2436
2416
2381
2299
2254
2196
2109
2066
2009
1958
1894
1848
1816
1782
1764
1793
1806
1837
1864
1904
1963
2022
2072
2139
2167
2227
2277
2335
2389
2420
2433
2417
2410
2392
2361
2290
2229
2172
2094
2029
1948
1862
1798
1729
1661
1616
2025
2015
2025
2040
2081
2080
2088
2100
2091
2093
2095
2072
2055
2078
2102
2096
2097
2112
2129
2160
2190
2173
2180
2180
2163
2146
2110
2045
1997
1974
1927
1919
1912
1911
1876
1917
1936
1992
2017
2067
2086
2090
2104
2108
2075
2062
2049
2048
2023
2025
2036
2038
2084
2137
2160
2220
2262
2305
2335
2362
2347
2324
2295
2268
2230
2233
2213
2198
2202
2201
2213
2245
2222
2215
2205
2200
2162
2107
2077
2035
2022
2005
1997
2004
2023
2074
2109
2118
2141
2111
2082
2049
2003
1928
1871
1834
1784
1788
1774
1807
1855
1928
2000
2077
2119
2162
2193
2192
2191
2191
2166
2139
2119
2104
2107
2137
2161
2170
2188
2208
2230
2249
2256
2264
2280
2261
2256
2263
2376
2431
2467
2493
2507
2522
2503
2460
2410
2378
2350
2301
2244
2228
2198
2138
2107
2086
2057
2052
2006
1989
1946
1919
1880
1864
1830
1829
1807
1779
1812
1815
1853
1897
1916
1972
2041
2088
2171
2209
2239
2288
2319
2337
2329
2320
2328
2288
2269
2241
2224
2177
2152
2115
2113
2084
2074
2050
2045
2039
2038
2026
2008
2008
1973
1974
1951
1975
1998
1994
1984
1987
2007
2010
2021
2034
2061
2071
2093
2110
2137
2141
2153
2174
2209
2222
2256
2262
2255
2280
2275
2283
2266
2269
2248
2216
2184
2184
2128
2125
2059
2017
1994
1951
1892
1873
1864
1832
1830
1838
1829
1803
1827
1856
1871
1926
1953
1984
2038
2077
2111
2163
2194
2217
2260
2278
2296
2321
2033
1939
1895
1837
1773
1727
1682
1678
1658
1663
1662
1696
1736
1761
1807
1891
1946
2020
2096
2157
2269
2332
2404
2491
2497
2534
2572
2608
2572
2525
2471
2433
2372
2320
2226
2155
2071
1996
1923
1844
1780
1726
1695
1642
1601
1551
1540
1515
1535
1522
1532
1590
1625
1677
1726
1805
1850
1912
1959
2022
2078
2131
2188
2255
2335
2418
2471
2506
2550
2597
2651
2684
2720
2721
2709
2701
2655
2613
2529
2437
2362
2258
2136
2009
1915
1805
1741
1675
1600
1555
1536
1537
1534
1564
1592
1648
1698
1759
1809
1875
1951
2017
2073
2110
2157
2190
2237
2241
2282
2333
2358
2389
2425
2462
2462
2509
2495
2528
2510
2496
2475
2433
2400
2350
2279
2232
2191
2123
2422
2478
2518
2539
2528
2560
2554
2566
2550
2575
2580
2552
2522
2491
2432
2352
2255
2169
2058
1987
1904
1829
1798
1750
1673
1617
1597
1572
1532
1514
1487
1495
1486
1509
1563
1600
1657
1719
1821
1908
1960
2008
2074
2120
2161
2232
2317
2418
2506
2588
2637
2698
2720
2738
2720
2710
2666
2648
2611
2576
2525
2459
2401
2340
2263
2189
2108
2061
2009
1891
1800
1704
1632
1571
1538
1533
1493
1525
1551
1583
1602
1592
1619
1623
1668
1724
1773
1861
1938
2035
2150
2223
2284
2359
2385
2404
2459
2490
2520
2536
2559
2606
2625
2606
2612
2621
2568
2525
2476
2406
2327
2242
2178
2103
2072
2017
1975
1929
1890
1856
1844
1813
1781
1753
1725
1711
1692
1680
2004
2000
1993
2001
1980
2016
2017
2039
2068
2120
2161
2135
2204
2247
2275
2275
2294
2306
2297
2280
2283
2226
2233
2186
2173
2134
2082
2044
1999
1958
1949
1922
1897
1883
1859
1881
1900
1907
1959
1987
2018
2064
2091
2138
2189
2236
2287
2323
2331
2362
2402
2429
2394
2378
2356
2350
2319
2290
2228
2186
2118
2063
2012
1944
1922
1860
1838
1804
1792
1812
1819
1846
1884
1906
1959
2017
2066
2117
2154
2211
2263
2281
2292
2314
2343
2324
2285
2266
2251
2199
2153
2099
2038
1968
1906
1887
1818
1805
1766
1742
1740
1738
1725
1764
1823
1866
1918
1967
1995
2073
2132
2183
2220
2281
2322
2362
2378
2416
2461
2434
2445
2421
2401
2358
2318
2245
2193
2119
2344
2440
2508
2582
2664
2729
2780
2806
2780
2772
2699
2615
2520
2417
2288
2178
2055
1960
1802
1678
1613
1554
1481
1431
1403
1399
1412
1423
1445
1527
1596
1650
1742
1864
1974
2045
2151
2232
2292
2338
2355
2351
2369
2381
2407
2431
2480
2545
2610
2661
2706
2742
2731
2672
2590
2507
2400
2317
2180
2073
2002
1959
1909
1873
1807
1764
1731
1680
1652
1606
1572
1580
1630
1688
1779
1888
2014
2147
2254
2331
2396
2418
2403
2372
2311
2298
2284
2255
2263
2287
2306
2292
2298
2283
2229
2203
2117
2077
2023
2014
1982
1979
1974
1974
1994
1991
1973
1964
1928
1882
1848
1805
1763
1790
1772
1823
1851
1898
1962
2028
2094
2147
2197
2264
2306
2335
2347
2369
1851
1842
1848
1848
1869
1888
1912
1956
1991
2008
2072
2083
2099
2117
2130
2150
2149
2157
2162
2171
2173
2200
2213
2201
2177
2188
2209
2199
2207
2239
2213
2232
2224
2234
2225
2222
2201
2198
2191
2162
2147
2148
2142
2117
2116
2143
2108
2112
2119
2109
2086
2080
2049
2023
1994
1989
1950
1939
1915
1918
1893
1838
1852
1844
1840
1848
1832
1850
1852
1865
1907
1914
1956
1983
2013
2044
2072
2079
2149
2161
2192
2214
2241
2269
2300
2324
2320
2334
2326
2333
2352
2325
2319
2324
2327
2308
2289
2275
2272
2229
2203
2158
2110
2065
2021
1978
1977
1931
1898
1861
1854
1855
1837
1820
1827
1846
1873
1879
1896
1962
1986
2024
2060
2085
2117
2161
2196
2205
1523
1419
1340
1290
1248
1256
1264
1312
1350
1447
1536
1637
1773
1892
2019
2168
2294
2401
2477
2584
2677
2733
2779
2801
2841
2838
2795
2731
2681
2618
2524
2445
2372
2252
2174
2073
1959
1869
1813
1722
1694
1679
1662
1651
1681
1676
1726
1733
1800
1824
1856
1902
1935
2000
2055
2110
2157
2186
2239
2293
2324
2391
2454
2475
2504
2513
2509
2499
2505
2466
2411
2362
2303
2255
2183
2099
2013
1919
1846
1780
1696
1616
1573
1536
1510
1486
1490
1514
1566
1618
1699
1787
1852
2002
2105
2203
2322
2459
2575
2643
2705
2767
2805
2812
2765
2714
2642
2543
2424
2298
2149
1993
1842
1724
1575
1465
1357
1318
1292
1290
1295
1321
1406
1516
1613
1774
1905
2048
2344
2398
2434
2475
2504
2496
2527
2528
2516
2500
2492
2455
2436
2391
2336
2297
2249
2158
2109
2054
2001
1984
1956
1951
1944
1928
1966
1971
1963
1967
1991
1959
1958
1982
2008
2069
2114
2124
2139
2189
2198
2227
2218
2195
2186
2162
2162
2179
2206
2219
2234
2240
2275
2277
2277
2287
2279
2212
2196
2161
2124
2095
2088
2108
2106
2098
2103
2053
2058
2011
2002
1994
1972
1981
2005
2062
2090
2107
2124
2151
2140
2135
2139
2147
2154
2163
2231
2233
2249
2288
2288
2275
2254
2216
2207
2162
2156
2130
2095
2081
2054
2041
1994
1979
1970
1931
1916
1900
1870
1854
1844
1808
1775
1752
1752
1756
1764
1789
1803
1812
1852
1842
1849
1864
1885
1920
1968
2043
1698
1679
1669
1690
1717
1748
1744
1775
1826
1853
1887
1946
1964
2021
2086
2120
2197
2239
2304
2358
2414
2450
2498
2530
2547
2545
2556
2542
2520
2494
2478
2386
2325
2264
2161
2092
2009
1934
1848
1799
1739
1669
1615
1569
1569
1565
1579
1620
1668
1698
1758
1856
1932
2021
2142
2244
2331
2393
2496
2572
2603
2640
2633
2646
2619
2582
2512
2423
2350
2236
2111
2001
1912
1822
1714
1656
1581
1530
1522
1533
1535
1573
1623
1698
1806
1903
1975
2081
2201
2311
2381
2452
2554
2573
2600
2594
2571
2573
2525
2467
2397
2302
2209
2152
2054
2003
1944
1881
1856
1865
1836
1860
1902
1958
2014
2071
2124
2200
2262
2280
2302
2292
2290
2252
2220
2183
2134
2057
