2092
2097
2095
2100
2080
2096
2107
2117
2090
2096
2094
2078
2089
2079
2085
2078
2083
2086
2092
2095
2117
2086
2098
2085
2074
2080
2082
2106
2096
2092
2103
2092
2080
2096
2079
2094
2100
2106
2115
2094
2082
2088
2092
2076
2084
2107
2090
2100
2088
2096
2083
2094
2116
2117
2131
2118
2103
2104
2130
2109
2086
2081
2078
2101
2097
2107
2100
2119
2122
2108
2103
2117
2120
2113
2098
2079
2111
2109
2121
2120
2112
2101
2075
2109
2119
2095
2105
2101
2113
2122
2124
2119
2106
2104
2113
2089
2105
2093
2082
2085
2108
2113
2116
2090
2086
2053
2082
2079
2080
2083
2090
2096
2086
2083
2103
2099
2095
2108
2072
2074
2088
2061
2068
2077
2091
2120
2110
2087
2168
2157
2158
2167
2159
2143
2168
2137
2155
2143
2138
2130
2113
2134
2131
2107
2111
2107
2102
2096
2069
2095
2080
2086
2057
2050
2030
2037
2028
2037
2030
2023
2022
2029
2028
2032
2032
2052
2073
2068
2078
2080
2096
2099
2083
2092
2088
2097
2117
2101
2104
2106
2108
2106
2126
2130
2124
2132
2115
2120
2098
2096
2080
2093
2075
2076
2056
2057
2038
2034
2027
2024
2046
2040
2027
1992
2027
2020
2018
2034
2063
2052
2056
2072
2124
2116
2125
2140
2166
2162
2190
2176
2192
2206
2194
2208
2225
2227
2201
2195
2178
2213
2181
2164
2157
2129
2137
2127
2085
2071
2061
2053
2027
1982
1968
1939
1938
1904
1908
1902
1882
1899
1880
1855
1852
1852
1870
1865
1990
1979
1980
1977
1998
2020
2066
2125
2146
2193
2250
2248
2240
2216
2216
2207
2161
2160
2132
2148
2150
2183
2211
2224
2236
2232
2229
2196
2185
2170
2146
2118
2112
2110
2113
2162
2170
2221
2231
2223
2237
2214
2181
2151
2127
2096
2066
2066
2049
2072
2111
2138
2176
2196
2187
2178
2149
2122
2076
2016
1967
1935
1911
1898
1893
1919
1959
1974
1978
1976
1987
1993
1963
1933
1905
1881
1847
1840
1845
1863
1892
1920
1978
2003
2030
2039
2087
2099
2139
2151
2174
2185
2194
2190
2215
2240
2254
2265
2280
2317
2326
2300
2305
2302
2298
2247
2231
2219
2193
2172
2164
2166
2164
2166
2181
2176
2174
2120
2089
2087
2044
2011
1986
1979
2004
1988
1952
1921
2030
1999
1979
1933
1935
1918
1892
1870
1858
1855
1875
1869
1865
1875
1908
1933
1969
1981
2019
2044
2079
2127
2162
2175
2224
2289
2294
2319
2310
2332
2326
2341
2322
2307
2299
2272
2252
2210
2177
2139
2104
2075
2022
1994
1962
1930
1894
1866
1836
1816
1814
1785
1797
1801
1816
1885
1897
1915
1946
2001
2044
2068
2113
2177
2203
2262
2296
2287
2309
2310
2328
2316
2292
2292
2279
2248
2201
2180
2131
2092
2040
1997
1969
1935
1888
1864
1848
1831
1826
1824
1832
1858
1858
1886
1919
1966
1997
2039
2110
2142
2187
2246
2241
2280
2292
2319
2339
2341
2340
2350
2312
2295
2289
2248
2232
2182
2134
2106
2075
2034
1977
1945
1920
1901
1885
1870
1872
1891
2342
2320
2293
2254
2239
2212
2242
2225
2245
2239
2239
2239
2240
2240
2241
2185
2151
2121
2102
2073
2056
2009
2002
1952
1917
1894
1880
1896
1902
1876
1895
1908
1945
1958
1987
2005
2031
2076
2087
2111
2126
2117
2114
2101
2109
2078
2076
2058
2040
2063
2068
2080
2071
2092
2065
2047
2014
2010
1972
1936
1898
1847
1867
1827
1841
1873
1900
1973
2055
2107
2178
2267
2351
2419
2458
2517
2548
2544
2537
2511
2459
2402
2337
2248
2185
2077
2038
1959
1924
1889
1878
1872
1897
1942
1972
2058
2089
2107
2165
2189
2215
2203
2209
2206
2174
2140
2117
2058
2037
2017
2008
1980
1991
2014
2025
2023
2036
2085
2083
2081
2079
2057
2036
2023
2016
2012
2029
2066
2082
2151
2209
2235
2262
2308
2323
2312
2328
2334
2341
2364
2350
2374
2384
2372
2371
2355
2346
2303
2285
2257
2197
2138
2104
2040
2005
1969
1937
1916
1926
1906
1907
1918
1907
1921
1898
1887
1870
1896
1890
1896
1916
1937
1945
1992
2043
2073
2128
2188
2222
2258
2260
2284
2285
2264
2243
2242
2236
2214
2201
2194
2208
2208
2180
2176
2178
2167
2147
2132
2126
2076
2078
2035
2008
1974
1944
1949
1945
1938
1916
1931
1939
1942
1971
2005
2022
2026
2046
2045
2056
2062
2042
2023
2021
2016
2003
2048
2074
2087
2120
2144
2197
2215
2251
2248
2225
2217
2207
2190
2156
2123
2108
2077
2070
2077
2085
2154
2176
2171
2182
2189
2181
2169
2151
2141
2122
2061
1832
1785
1765
1736
1737
1765
1812
1840
1895
1956
2000
2056
2138
2189
2288
2321
2389
2407
2463
2478
2509
2495
2484
2440
2426
2351
2321
2261
2171
2099
2040
1972
1896
1854
1805
1781
1764
1753
1754
1795
1808
1848
1893
1924
1962
2039
2090
2141
2200
2253
2280
2304
2318
2336
2343
2351
2321
2281
2236
2196
2130
2076
2033
1996
1952
1907
1862
1860
1839
1860
1860
1878
1887
1950
2001
2048
2087
2160
2211
2247
2305
2318
2347
2337
2362
2374
2375
2326
2310
2261
2206
2160
2127
2052
1996
1977
1916
1852
1846
1841
1843
1821
1824
1856
1894
1923
1966
2012
2070
2131
2172
2222
2243
2260
2277
2309
2311
2307
2294
2285
2269
2244
2228
2203
2136
2112
2095
2076
2034
1994
1966
1965
1964
1971
1997
2013
2035
2055
2077
2079
2060
2019
1987
1964
1935
1933
1918
1923
1929
1977
2022
2074
2089
2120
2105
2081
2115
2118
2162
2176
2215
2246
2280
2286
2266
2247
2214
2194
2149
2088
2054
2017
1985
1978
1952
1933
1908
1895
1900
1881
1865
1880
1869
1833
1834
1827
1839
1865
1884
1916
1968
2024
2068
2115
2141
2157
2167
2199
2222
2297
2343
2417
2474
2543
2539
2555
2545
2515
2477
2486
2428
2378
2360
2344
2332
2304
2280
2214
2159
2106
2018
1969
1908
1871
1820
1776
1747
1741
1702
1708
1733
1732
1761
1784
1762
1769
1740
1734
1729
1733
1764
1800
1883
1946
2039
2112
2164
2206
2224
2251
2333
2387
2425
2472
2503
2523
2112
2022
1954
1893
1826
1792
1724
1696
1661
1634
1624
1606
1619
1636
1655
1702
1725
1793
1848
1908
1990
2024
2088
2175
2240
2289
2338
2361
2406
2432
2445
2454
2448
2437
2411
2397
2356
2309
2277
2246
2206
2126
2101
2063
2015
1948
1907
1864
1852
1848
1816
1799
1815
1846
1837
1855
1858
1871
1933
1983
1999
2044
2043
2087
2116
2103
2125
2142
2171
2185
2197
2184
2173
2167
2176
2160
2169
2154
2150
2149
2151
2120
2128
2141
2121
2145
2155
2136
2132
2122
2146
2112
2108
2119
2106
2094
2084
2079
2048
2059
2078
2074
2078
2087
2104
2074
2097
2120
2132
2143
2149
2133
2141
2171
2158
2188
2165
2172
2170
2183
2175
2172
2156
2145
2154
2138
2134
2109
2270
2172
2069
1941
1875
1806
1712
1671
1635
1625
1624
1656
1688
1729
1765
1827
1877
1935
1966
1996
2014
2054
2084
2110
2116
2145
2128
2136
2143
2143
2152
2194
2202
2245
2261
2293
2331
2367
2377
2399
2433
2423
2403
2379
2320
2285
2224
2135
2068
1989
1924
1863
1833
1829
1815
1817
1819
1833
1868
1925
1960
1998
2052
2084
2101
2120
2098
2090
2077
2022
1994
1959
1915
1883
1843
1821
1837
1850
1894
1915
1976
2032
2100
2159
2211
2258
2287
2312
2340
2373
2355
2350
2344
2324
2319
2279
2260
2253
2239
2232
2223
2225
2218
2219
2193
2194
2186
2177
2144
2138
2148
2134
2112
2093
2034
2014
1976
1981
1947
1913
1871
1826
1809
1798
1792
1807
1827
1842
1813
1885
1946
2035
2135
2176
2261
2320
2409
2453
2532
2584
2624
2636
2635
2646
2650
2662
2637
2620
2603
2562
2500
2421
2395
2312
2226
2139
2070
2015
1924
1866
1803
1765
1709
1654
1598
1531
1494
1428
1425
1393
1410
1419
1434
1487
1545
1601
1718
1790
1885
1949
2022
2097
2141
2206
2265
2331
2418
2469
2513
2573
2628
2666
2674
2668
2660
2648
2636
2583
2534
2489
2447
2424
2373
2306
2267
2240
2156
2080
1966
1904
1837
1770
1717
1667
1633
1599
1615
1640
1638
1653
1682
1731
1756
1775
1839
1856
1872
1910
1992
2029
2072
2152
2219
2291
2319
2368
2426
2472
2505
2504
2458
2475
2447
2395
2380
2378
2372
2327
2321
2287
2240
2224
2212
2195
2151
2120
2315
2306
2279
2245
2200
2149
2092
2066
1974
1920
1860
1794
1730
1681
1614
1576
1566
1550
1557
1600
1600
1656
1660
1745
1833
1916
1999
2097
2196
2294
2366
2480
2531
2572
2612
2670
2693
2689
2679
2647
2611
2560
2511
2446
2399
2336
2268
2189
2097
2023
1963
1920
1848
1794
1757
1715
1698
1660
1640
1644
1644
1660
1682
1698
1747
1767
1806
1844
1874
1909
1932
1959
2022
2069
2090
2119
2188
2189
2215
2236
2229
2255
2326
2338
2338
2376
2410
2426
2417
2436
2434
2420
2424
2428
2391
2370
2359
2312
2284
2216
2167
2108
2032
2010
1957
1898
1839
1792
1740
1700
1678
1629
1632
1599
1625
1625
1680
1697
1763
1835
1882
1950
2042
2121
2185
2290
2366
2423
2115
2080
2022
2033
1996
2001
1987
1994
1954
1926
1883
1830
1799
1776
1783
1805
1839
1875
1912
1989
2048
2125
2177
2238
2285
2320
2352
2361
2356
2345
2315
2296
2250
2235
2219
2224
2242
2244
2272
2282
2304
2307
2320
2301
2271
2268
2218
2226
2195
2162
2142
2088
2030
1982
1903
1886
1841
1810
1816
1835
1847
1907
1922
1944
1955
1958
1985
2004
2051
2112
2148
2212
2247
2258
2292
2278
2217
2152
2093
2036
1997
1970
1955
1979
2008
2038
2052
2097
2079
2068
2075
2050
2071
2100
2109
2141
2172
2218
2257
2255
2250
2263
2223
2160
2137
2111
2097
2081
2044
2060
2060
2099
2089
2121
2121
2157
2157
2142
2149
2139
2139
2159
2165
2162
2149
2157
2177
2141
1979
2134
2276
2419
2553
2652
2738
2794
2861
2904
2927
2881
2848
2771
2688
2572
2465
2361
2269
2156
2028
1927
1869
1788
1754
1743
1745
1755
1776
1816
1880
1930
2020
2069
2126
2168
2194
2242
2252
2247
2239
2240
2185
2110
2073
2015
1929
1848
1785
1724
1680
1641
1613
1573
1596
1624
1655
1732
1801
1891
1973
2086
2194
2289
2389
2504
2616
2692
2751
2768
2791
2784
2748
2723
2669
2582
2498
2402
2280
2197
2067
1929
1841
1734
1680
1586
1506
1507
1475
1478
1508
1558
1634
1708
1784
1880
1971
2072
2145
2279
2362
2424
2487
2540
2573
2582
2592
2574
2541
2553
2478
2416
2353
2258
2194
2094
2002
1925
1867
1811
1759
1743
1751
1768
1782
1810
1863
1940
2972
2910
2815
2661
2536
2382
2235
2143
2052
1997
2032
2009
2064
2102
2154
2183
2200
2218
2194
2135
2091
2026
1923
1838
1733
1624
1562
1462
1424
1409
1402
1424
1454
1518
1605
1720
1824
1953
2067
2197
2285
2378
2426
2454
2465
2455
2448
2429
2417
2404
2417
2430
2459
2538
2586
2671
2738
2772
2792
2762
2709
2613
2488
2330
2178
1974
1852
1670
1512
1384
1269
1182
1091
1043
1050
1093
1166
1276
1401
1586
1769
1998
2198
2434
2637
2807
2948
3053
3111
3091
3057
2974
2913
2792
2700
2597
2508
2461
2424
2373
2350
2334
2278
2227
2162
2049
1896
1726
1563
1418
1258
1111
1047
989
990
1023
1137
1261
1418
1632
1835
2026
2283
2511
2696
2870
2981
3024
