2074
2074
2070
2063
2073
2066
2060
2051
2056
2051
2058
2055
2052
2034
2035
2032
2056
2065
2064
2076
2090
2070
2086
2084
2080
2085
2076
2070
2067
2063
2064
2069
2080
2057
2049
2052
2043
2046
2050
2037
2041
2053
2049
2046
2025
2042
2047
2046
2060
2053
2060
2046
2053
2060
2059
2063
2055
2056
2076
2052
2068
2069
2073
2076
2076
2067
2080
2087
2088
2095
2106
2098
2114
2110
2114
2125
2132
2134
2146
2145
2156
2161
2154
2168
2172
2171
2178
2185
2179
2185
2193
2193
2192
2194
2196
2187
2204
2182
2175
2184
2160
2176
2174
2170
2166
2166
2165
2156
2142
2144
2146
2139
2130
2117
2118
2112
2105
2093
2074
2068
2060
2052
2047
2029
2025
2024
2011
2004
1931
1939
1943
1930
1914
1912
1924
1933
1937
1959
1983
1995
1999
2028
2026
2047
2064
2088
2082
2098
2098
2102
2104
2105
2096
2093
2088
2074
2059
2057
2051
2038
2032
2016
2015
2012
2002
2012
2020
2009
2035
2062
2071
2092
2107
2120
2154
2172
2188
2194
2212
2225
2234
2259
2245
2252
2254
2223
2222
2201
2187
2166
2144
2123
2109
2084
2080
2064
2042
2040
2049
2047
2050
2050
2059
2066
2074
2077
2118
2126
2137
2144
2146
2180
2177
2180
2189
2179
2166
2144
2133
2118
2101
2097
2078
2054
2039
2029
2022
2016
1994
2004
2022
2036
2044
2059
2086
2112
2130
2155
2181
2197
2212
2240
2263
2277
2284
2265
2271
2263
2265
2240
2232
2209
2176
2164
2140
2108
2352
2363
2365
2372
2374
2367
2354
2335
2314
2285
2271
2241
2218
2195
2162
2135
2118
2100
2090
2070
2066
2061
2050
2053
2040
2046
2040
2034
2020
2005
1987
1965
1956
1949
1933
1906
1906
1891
1891
1896
1898
1904
1911
1928
1952
1960
1984
2015
2015
2050
2072
2086
2085
2090
2094
2096
2084
2088
2074
2069
2056
2052
2039
2039
2037
2050
2075
2081
2094
2116
2147
2174
2206
2234
2256
2287
2299
2319
2315
2308
2299
2270
2249
2235
2193
2156
2132
2104
2077
2052
2039
2029
2034
2038
2046
2059
2078
2097
2120
2136
2159
2172
2192
2204
2200
2189
2178
2180
2164
2142
2131
2099
2079
2056
2043
2020
2004
1984
1978
1945
1938
1917
1901
1895
1880
1877
1864
1859
2154
2165
2177
2193
2199
2214
2207
2214
2224
2222
2214
2219
2210
2192
2184
2154
2134
2120
2094
2077
2050
2045
2028
2009
1993
1992
1982
1971
1971
1979
1982
1995
2006
2022
2013
2046
2064
2079
2093
2107
2116
2135
2155
2167
2183
2186
2200
2194
2202
2210
2200
2188
2171
2175
2143
2132
2097
2093
2075
2061
2044
2024
2013
2000
1998
1996
1986
1991
1996
2001
2005
2012
2026
2035
2053
2088
2100
2108
2114
2137
2157
2175
2182
2187
2198
2196
2190
2179
2176
2165
2162
2145
2137
2130
2108
2097
2082
2067
2051
2060
2046
2051
2058
2052
2056
2063
2089
2093
2102
2116
2139
2163
2173
2193
2196
2221
2233
2232
2247
2238
2233
2214
2206
2175
2138
2107
2076
2042
2264
2276
2268
2261
2244
2213
2193
2165
2115
2079
2064
2045
2034
2040
2055
2053
2061
2072
2082
2047
2032
1997
1949
1887
1843
1778
1746
1718
1693
1683
1703
1746
1809
1870
1956
2057
2142
2224
2276
2311
2335
2309
2271
2201
2141
2039
1967
1895
1833
1809
1792
1799
1843
1903
1962
2043
2118
2179
2222
2234
2228
2200
2148
2099
2042
1988
1959
1948
1976
2048
2144
2257
2374
2494
2584
2652
2701
2701
2656
2566
2469
2355
2244
2168
2090
2058
2040
2047
2082
2120
2170
2194
2204
2187
2164
2120
2057
1971
1914
1882
1843
1829
1840
1850
1870
1890
1899
1931
1934
1923
1908
1878
1860
1828
1817
1807
1808
1824
1850
1903
1968
2030
2077
2145
2212
2251
2273
2297
2054
2079
2098
2121
2144
2166
2199
2207
2218
2229
2234
2218
2200
2163
2141
2079
2032
1975
1926
1898
1873
1860
1880
1903
1938
1988
2043
2096
2139
2196
2238
2279
2317
2357
2382
2436
2463
2496
2534
2571
2575
2583
2582
2559
2525
2482
2423
2340
2271
2197
2099
2021
1921
1841
1751
1705
1642
1618
1608
1614
1638
1685
1732
1792
1868
1919
1976
2004
2017
2033
2028
2004
1983
1948
1926
1912
1909
1907
1939
1971
2027
2088
2152
2216
2293
2353
2416
2468
2497
2527
2534
2542
2539
2505
2487
2457
2424
2360
2326
2270
2214
2165
2103
2036
1991
1936
1888
1846
1804
1778
1749
1742
1736
1719
1721
1731
1767
1786
1809
1844
1858
1885
1912
1948
1970
1976
2000
2024
1537
1550
1564
1590
1636
1707
1777
1866
1937
2013
2104
2195
2279
2347
2411
2474
2524
2544
2572
2582
2575
2556
2512
2464
2409
2338
2263
2191
2116
2037
1959
1884
1819
1766
1722
1679
1651
1657
1663
1696
1733
1790
1846
1940
2028
2115
2186
2272
2337
2395
2446
2485
2509
2527
2522
2520
2504
2482
2465
2444
2424
2393
2366
2335
2302
2246
2194
2152
2103
2033
1978
1921
1856
1803
1748
1714
1664
1644
1629
1605
1619
1631
1651
1674
1717
1755
1814
1872
1934
2003
2070
2150
2225
2297
2366
2424
2480
2522
2559
2578
2580
2578
2562
2531
2499
2452
2411
2356
2293
2225
2171
2112
2043
1974
1896
1853
1808
1771
1743
1727
1718
1745
1782
1825
1872
1941
2022
2098
2623
2604
2536
2476
2408
2360
2322
2267
2207
2141
2064
1965
1866
1800
1712
1661
1633
1613
1598
1595
1601
1612
1634
1655
1680
1712
1760
1802
1849
1915
1984
2041
2115
2192
2264
2342
2408
2447
2478
2501
2532
2534
2556
2576
2591
2586
2568
2516
2445
2382
2291
2224
2174
2111
2065
2025
1984
1916
1854
1790
1718
1665
1631
1613
1600
1601
1626
1649
1661
1670
1691
1720
1763
1817
1880
1960
2040
2111
2190
2249
2303
2357
2416
2469
2522
2577
2622
2650
2670
2672
2638
2608
2570
2529
2465
2398
2341
2281
2212
2148
2100
2056
2018
1982
1938
1903
1864
1803
1735
1671
1613
1578
1572
1606
1636
1688
1736
1785
1826
1861
1895
1916
1942
1965
2013
2066
2098
2157
1831
1850
1860
1900
1935
1988
2034
2101
2149
2196
2250
2299
2347
2391
2436
2450
2467
2466
2458
2433
2405
2366
2299
2248
2177
2112
2035
1953
1890
1812
1761
1701
1659
1648
1642
1624
1656
1695
1760
1818
1886
1978
2080
2167
2258
2342
2424
2503
2556
2600
2646
2646
2640
2616
2568
2510
2441
2338
2237
2124
2012
1892
1794
1707
1620
1539
1514
1478
1474
1484
1535
1602
1678
1794
1914
2032
2169
2298
2425
2556
2662
2754
2816
2854
2862
2839
2797
2736
2630
2519
2378
2232
2080
1921
1779
1648
1522
1432
1364
1320
1306
1327
1378
1452
1556
1675
1820
1972
2142
2299
2444
2578
2703
2799
2856
2883
2883
2851
2767
2673
2556
2414
2269
2100
1950
1787
1659
1520
1901
1821
1736
1677
1621
1585
1572
1579
1605
1658
1714
1816
1928
2034
2140
2218
2305
2373
2416
2422
2411
2381
2336
2263
2182
2081
1998
1921
1839
1779
1745
1717
1721
1747
1759
1810
1858
1921
1991
2061
2106
2161
2198
2211
2218
2238
2248
2247
2240
2240
2240
2235
2244
2246
2246
2274
2293
2334
2364
2405
2439
2460
2485
2495
2502
2477
2455
2405
2333
2249
2154
2074
1992
1918
1854
1800
1776
1766
1764
1796
1842
1890
1959
2011
2081
2130
2154
2165
2154
2118
2035
1958
1877
1789
1723
1649
1640
1646
1695
1798
1925
2084
2251
2416
2553
2671
2755
2797
2808
2758
2702
2608
2497
2394
2292
2206
2121
2056
1985
1937
1900
1855
1794
1746
1707
1671
1634
1619
2436
2498
2552
2617
2665
2698
2669
2633
2550
2423
2263
2114
1943
1801
1662
1550
1478
1423
1385
1391
1413
1431
1458
1487
1523
1556
1591
1632
1719
1812
1926
2072
2208
2342
2458
2576
2658
2718
2744
2775
2798
2796
2794
2798
2820
2825
2842
2816
2778
2717
2632
2524
2388
2200
2012
1816
1623
1444
1289
1171
1092
1080
1114
1181
1274
1389
1537
1664
1792
1916
2021
2102
2196
2252
2346
2415
2496
2561
2639
2712
2764
2798
2806
2801
2751
2689
2618
2525
2440
2331
2236
2132
2033
1938
1866
1786
1692
1629
1558
1508
1491
1481
1493
1522
1578
1655
1746
1843
1944
2062
2172
2277
2382
2477
2558
2643
2699
2736
2749
2742
2724
2694
2632
2559
2496
2410
2298
2198
1831
1773
1727
1670
1644
1621
1601
1596
1603
1610
1640
1683
1724
1784
1840
1923
1995
2089
2170
2246
2325
2392
2432
2482
2523
2533
2558
2555
2542
2549
2520
2500
2446
2408
2346
2296
2222
2128
2057
2000
1917
1859
1799
1766
1733
1703
1702
1715
1741
1779
1833
1896
1974
2041
2111
2163
2206
2238
2251
2245
2189
2148
2091
2033
1948
1884
1811
1745
1734
1700
1724
1755
1825
1887
1991
2087
2170
2272
2368
2456
2545
2602
2672
2727
2753
2774
2759
2754
2706
2653
2588
2510
2430
2321
2207
2091
1977
1848
1710
1587
1479
1399
1332
1281
1269
1282
1308
1372
1458
1565
1679
1805
1921
2033
2137
2215
2287
2344
2372
2370
2378
2376
2374
2360
2354
2351
2377
2402
3074
3139
3172
3169
3147
3117
3087
3043
2998
2897
2780
2655
2490
2336
2202
2078
1997
1928
1826
1715
1592
1444
1306
1203
1136
1126
1164
1247
1329
1452
1517
1570
1626
1693
1759
1865
1987
2115
2230
2366
2458
2522
2606
2643
2680
2706
2702
2680
2664
2624
2588
2539
2484
2424
2368
2300
2220
2113
2017
1924
1850
1824
1821
1843
1855
1846
1831
1788
1736
1714
1715
1751
1841
1947
2056
2143
2210
2226
2235
2230
2216
2244
2254
2271
2269
2284
2260
2200
2150
2097
2052
1990
1919
1866
1782
1666
1584
1512
1480
1482
1532
1590
1654
1696
1730
1753
1775
1836
1899
2017
2162
2316
2474
2605
2694
2783
2820
2862
2874
2898
2908
2901
2891
2857
2819
2752
2703
2618
2476
2660
2837
2987
3088
3171
3212
3219
3188
3123
3034
2904
2748
2575
2387
2171
1956
1751
1548
1384
1216
1096
1008
948
938
980
1054
1170
1304
1475
1680
1883
2086
2290
2472
2638
2776
2892
2977
3039
3046
3022
2987
2895
2790
2672
2525
2380
2202
2051
1890
1751
1612
1516
1429
1370
1350
1350
1378
1430
1511
1600
1723
1865
1995
2134
2264
2386
2494
2589
2665
2712
2730
2744
2728
2691
2654
2588
2512
2439
2352
2268
2216
2148
2079
2027
1989
1965
1928
1898
1873
1845
1837
1819
1795
1767
1746
1737
1711
1706
1700
1697
1699
1716
1742
1766
1808
1849
1917
1978
2058
2143
2233
2332
2444
2547
2654
2756
2840
2915
2959
2985
2997
2971
2917
2841
2731
2600
2710
2568
2415
2254
2083
1930
1771
1634
1517
1446
1400
1404
1421
1454
1500
1564
1592
1618
1617
1585
1561
1526
1504
1486
1484
1522
1588
1680
1812
2000
2192
2385
2580
2743
2868
2961
2997
2992
2960
2895
2820
2750
2658
2563
2479
2398
2315
2226
2136
2032
1916
1804
1687
1579
1496
1446
1435
1482
1542
1656
1800
1956
2107
2244
2363
2449
2511
2517
2504
2431
2343
2244
2127
2028
1961
1894
1848
1816
1807
1806
1841
1904
1986
2098
2224
2361
2518
2680
2838
2989
3104
3161
3184
3144
3040
2860
2625
2350
2043
1700
1399
1106
870
701
575
543
583
693
864
1065
1290
1544
1805
2056
2312
2538
2760
2934
3082
3206
3284
3317
3310
3245
3134
2973
2796
2616
