2163
2153
2149
2159
2162
2132
2135
2150
2165
2164
2158
2152
2137
2149
2178
2165
2173
2152
2157
2148
2154
2145
2168
2143
2134
2149
2153
2136
2125
2119
2107
2112
2102
2104
2124
2100
2143
2120
2090
2118
2115
2109
2111
2119
2123
2153
2137
2154
2171
2178
2166
2160
2181
2205
2177
2183
2184
2171
2147
2153
2147
2129
2127
2113
2100
2096
2101
2081
2084
2077
2072
2034
2030
2033
2024
2023
2011
2026
2018
2016
2027
2039
2029
2034
2033
2037
2031
2030
2054
2048
2066
2037
2043
2053
2044
2051
2041
2039
2056
2084
2073
2059
2053
2056
2054
2055
2053
2046
2015
2017
2011
2011
2016
1998
2007
2027
2031
2010
2007
2001
2021
2030
1992
2011
2024
2004
2032
2056
2066
2056
2037
2062
2016
2037
2030
2019
2024
2030
2052
2048
2048
2055
2024
2012
1979
1962
1934
1910
1891
1928
1900
1918
1942
1940
1956
1983
1983
1974
1973
1959
1980
1957
1930
1956
1971
1991
2006
2020
2072
2108
2128
2196
2234
2243
2248
2267
2279
2287
2273
2249
2243
2231
2247
2256
2252
2253
2255
2266
2270
2266
2262
2281
2270
2275
2238
2227
2207
2206
2193
2195
2174
2160
2197
2176
2199
2209
2183
2205
2201
2218
2230
2170
2171
2147
2137
2102
2043
2034
1991
1952
1920
1890
1852
1830
1807
1829
1838
1829
1850
1867
1899
1921
1932
1951
1950
1938
1933
1947
1940
1945
1933
1954
1944
1961
1979
1990
2015
2039
2070
2078
2074
2080
2081
2088
2071
2088
2117
2098
2096
2080
2116
2123
2118
2125
2134
2118
2134
2133
2151
2150
2164
2169
2197
2185
2201
2175
2207
2198
2214
2198
2231
2242
2226
2226
2203
2197
2198
2181
2159
2164
2131
2096
2087
2062
2029
1981
1937
1945
1934
1908
1880
1893
1884
1881
1887
1879
1895
1922
1932
1957
1988
2010
2048
2069
2077
2103
2134
2127
2131
2132
2161
2150
2189
2183
2176
2176
2169
2179
2197
2201
2200
2189
2166
2156
2184
2153
2153
2166
2153
2135
2118
2107
2119
2105
2132
2122
2111
2118
2131
2148
2132
2132
2150
2145
2155
2156
2153
2146
2136
2133
2119
2113
2083
2078
2074
2058
2047
2038
2022
1995
2003
1999
1981
1966
1971
1988
2015
1993
2002
2014
2054
2061
2091
2102
1892
1803
1736
1695
1670
1693
1743
1805
1865
1949
2055
2151
2238
2311
2354
2412
2441
2449
2417
2373
2318
2239
2149
2052
1943
1848
1783
1711
1643
1619
1614
1619
1681
1764
1848
1923
1992
2099
2196
2282
2371
2418
2491
2532
2560
2545
2506
2464
2413
2341
2242
2160
2069
1949
1902
1822
1774
1711
1674
1684
1706
1725
1758
1826
1896
1987
2094
2184
2274
2363
2433
2515
2551
2571
2575
2599
2553
2478
2407
2332
2240
2137
2020
1909
1807
1696
1616
1542
1528
1520
1518
1546
1610
1664
1745
1838
1969
2088
2199
2302
2380
2445
2499
2517
2540
2500
2458
2406
2312
2252
2172
2099
1994
1906
1829
1776
1737
1714
1701
1710
1739
1800
1878
1944
2002
2091
2181
2251
2097
2082
2065
2047
2060
2086
2084
2118
2114
2094
2097
2116
2171
2210
2214
2198
2136
2087
2051
1998
2003
2012
2048
2041
2059
2064
2074
2106
2180
2203
2271
2290
2280
2234
2167
2133
2108
2107
2092
2043
2021
1982
1953
1946
1951
2001
2027
2040
2064
2067
2063
2035
2019
2029
2027
2060
2014
2029
2051
2090
2091
2114
2145
2140
2168
2208
2226
2264
2283
2268
2251
2193
2170
2139
2142
2148
2120
2120
2065
2000
1975
1944
1947
1976
2024
2023
2046
2028
1986
1925
1910
1898
1928
1949
1951
1936
1929
1932
1911
1936
1988
2043
2122
2171
2263
2298
2310
2320
2320
2323
2360
2351
2327
2320
2244
2198
2114
2065
2042
2030
1997
2032
2027
2010
1988
1962
1965
1960
2116
2118
2123
2124
2121
2097
2095
2082
2071
2060
2032
2036
2040
2028
2009
2021
2017
2014
2033
2033
2021
2040
2050
2058
2066
2082
2091
2104
2110
2120
2085
2082
2072
2107
2095
2113
2115
2113
2120
2120
2128
2149
2157
2175
2182
2192
2209
2197
2206
2216
2224
2179
2172
2158
2116
2117
2088
2065
2025
2007
1967
1978
1985
1953
1969
1975
1991
1993
2009
2053
2075
2105
2137
2173
2193
2240
2246
2269
2291
2298
2305
2304
2319
2299
2249
2224
2208
2155
2118
2068
2009
1923
1878
1831
1772
1734
1696
1690
1683
1699
1760
1790
1862
1948
2025
2130
2204
2289
2384
2436
2502
2560
2577
2579
2556
2514
2473
2394
2301
2219
2117
1988
1856
1753
1674
1607
1547
1518
1851
1703
1568
1509
1465
1446
1466
1551
1686
1848
2034
2188
2342
2504
2648
2757
2804
2799
2773
2693
2580
2403
2253
2074
1874
1718
1559
1457
1370
1344
1341
1431
1517
1637
1781
1949
2118
2286
2402
2537
2604
2653
2660
2658
2639
2576
2503
2410
2318
2225
2109
2037
1974
1927
1877
1867
1862
1871
1876
1933
1965
1986
2061
2096
2084
2096
2101
2084
2058
1990
1933
1902
1849
1853
1844
1861
1920
1972
2040
2080
2132
2232
2310
2379
2404
2430
2458
2458
2444
2392
2342
2261
2157
2086
1997
1919
1856
1827
1788
1789
1822
1881
1947
2003
2078
2150
2224
2262
2293
2310
2315
2318
2286
2224
2183
2145
2087
2054
2015
2006
1996
1990
2010
2037
2090
2130
2197
2261
1954
1945
1959
1966
2053
2138
2169
2203
2236
2284
2320
2363
2359
2337
2297
2223
2139
2071
1980
1967
1979
1991
2001
2018
2059
2056
2081
2109
2148
2217
2267
2296
2307
2280
2254
2202
2136
2109
2074
2071
2045
2032
2050
2061
2066
2066
2096
2125
2147
2182
2217
2214
2169
2163
2101
2064
1997
1930
1860
1813
1786
1756
1761
1775
1816
1866
1909
1974
2024
2060
2140
2173
2237
2304
2368
2377
2353
2307
2253
2189
2149
2091
2085
2072
2088
2106
2104
2120
2143
2149
2199
2214
2264
2269
2253
2187
2134
2032
1914
1839
1740
1660
1624
1615
1633
1656
1721
1798
1929
2063
2216
2323
2426
2498
2569
2588
2587
2547
2483
2404
2316
2207
2089
2002
1909
1824
1772
1805
2318
2268
2241
2211
2183
2133
2090
2076
2052
2029
1991
1957
1944
1910
1862
1875
1870
1841
1819
1838
1844
1865
1901
1915
1923
1959
2011
2055
2099
2164
2202
2277
2332
2392
2467
2529
2571
2608
2646
2627
2610
2586
2527
2442
2372
2256
2164
2024
1894
1782
1679
1577
1529
1459
1415
1412
1413
1476
1532
1632
1741
1851
1992
2108
2224
2359
2486
2570
2656
2711
2738
2750
2767
2738
2653
2557
2484
2359
2234
2090
1963
1841
1733
1642
1547
1484
1463
1457
1461
1516
1609
1674
1787
1885
2014
2160
2286
2381
2488
2556
2624
2672
2687
2683
2633
2589
2528
2434
2336
2221
2093
2003
1876
1789
1712
1617
1546
1533
1544
1557
1579
1611
1674
1788
1879
1973
2088
2183
1776
1786
1811
1844
1880
1964
2073
2208
2321
2413
2509
2584
2646
2678
2689
2677
2621
2541
2462
2349
2237
2105
1928
1801
1658
1510
1423
1332
1281
1277
1331
1452
1571
1742
1933
2157
2336
2520
2686
2839
2932
2957
2960
2874
2744
2600
2425
2208
2021
1817
1650
1528
1417
1345
1334
1368
1434
1523
1611
1728
1846
1948
2025
2100
2120
2153
2161
2135
2135
2151
2169
2205
2263
2342
2423
2485
2553
2616
2615
2621
2604
2575
2463
2356
2232
2089
1950
1792
1636
1516
1426
1369
1336
1376
1425
1540
1677
1851
2041
2236
2456
2650
2802
2936
3027
3085
3058
2992
2879
2724
2522
2305
2069
1860
1654
1446
1290
1185
1112
1101
1114
1172
1290
1396
1563
1718
1887
2041
1243
1141
1136
1159
1231
1347
1478
1576
1679
1786
1862
1940
2009
2073
2201
2343
2479
2621
2743
2837
2924
2979
2986
2967
2973
2912
2883
2777
2645
2535
2390
2206
1969
1750
1551
1331
1156
1024
952
927
944
1013
1112
1192
1294
1452
1624
1832
2065
2349
2600
2876
3033
3186
3247
3252
3215
3165
3113
3028
2919
2791
2624
2437
2203
1933
1688
1500
1375
1300
1301
1336
1409
1455
1492
1503
1508
1576
1643
1727
1870
1969
2021
2044
2043
1992
1966
1948
1997
2071
2193
2332
2462
2538
2638
2691
2773
2812
2856
2908
2895
2874
2762
2618
2427
2214
1996
1779
1638
1494
1392
1336
1298
1258
1270
1331
1401
1503
1651
1838
2059
2200
2351
2470
2556
2609
2613
2575
2360
2233
2064
1951
1849
1736
1636
1545
1495
1475
1467
1494
1537
1642
1754
1885
2013
2183
2334
2497
2645
2742
2860
2900
2928
2954
2905
2816
2684
2566
2423
2230
2034
1862
1691
1512
1342
1212
1099
1028
980
951
936
1005
1095
1223
1384
1591
1795
2043
2333
2590
2819
3038
3253
3410
3526
3603
3594
3542
3477
3360
3161
2956
2711
2434
2149
1891
1607
1330
1098
891
726
570
477
421
438
485
625
764
1022
1277
1558
1901
2260
2592
2934
3233
3504
3722
3876
3983
4021
3981
3880
3688
3461
3147
2800
2443
2063
1653
1295
952
664
405
230
141
128
198
313
567
810
1138
1495
1863
2246
2616
2980
3303
3549
3768
3888
3948
3943
3848
3676
3471
131
94
205
447
798
1232
1745
2295
2815
3303
3760
4080
4095
4095
4095
4095
3903
3475
2959
2368
1792
1220
707
295
16
0
0
59
309
680
1102
1568
2045
2500
2895
3262
3543
3729
3818
3799
3703
3525
3242
2868
2494
2107
1706
1369
1095
887
784
776
849
1004
1194
1450
1713
1994
2251
2460
2632
2778
2893
2926
2930
2849
2701
2494
2260
2013
1739
1508
1320
1185
1165
1205
1333
1535
1790
2081
2381
2651
2890
3032
3185
3241
3236
3138
2993
2784
2508
2235
1920
1589
1279
1000
760
625
575
633
780
1018
1325
1699
2095
2482
2836
3131
3360
3496
3547
3511
3373
3176
2910
2610
2272
1922
1587
1288
1033
856
754
737
809
1002
1244
1560
3986
3991
3968
3923
3792
3574
3316
3017
2679
2329
1984
1686
1432
1211
1009
831
661
493
365
269
230
259
404
634
904
1248
1563
1854
2100
2296
2457
2625
2759
2971
3156
3374
3590
3720
3775
3749
3626
3410
3112
2795
2522
2272
2036
1831
1672
1543
1428
1258
1079
874
700
573
503
544
707
955
1254
1557
1856
2115
2312
2443
2569
2673
2787
2920
3077
3234
3358
3462
3479
3406
3283
3090
2825
2553
2283
2034
1821
1646
1501
1376
1243
1124
989
876
797
756
788
858
976
1144
1289
1456
1616
1746
1881
2004
2161
2298
2465
2630
2810
2956
3059
3118
3125
3101
3047
2930
2824
2730
2640
2616
2584
2556
2537
2480
2407
2332
2197
2093
1986
1906
2928
2706
2448
2225
2008
1811
1662
1568
1493
1480
1465
1546
1627
1709
1807
1904
1992
2077
2141
2208
2235
2241
2199
2140
2077
1965
1864
1743
1606
1482
1350
1210
1109
1029
971
970
997
1098
1199
1339
1551
1801
2075
2352
2672
2976
3281
3559
3827
4017
4095
4095
4095
4095
4095
4033
3794
3491
3151
2790
2358
1908
1480
1072
660
277
0
1
2
1
0
1
0
0
1
0
78
471
944
1458
2000
2549
3089
3627
4095
4095
4095
4095
4095
4095
4095
4095
4095
4095
4095
4095
3961
3304
2581
1846
1140
455
0
0
1
1
1
0
0
0
1
0
0
195
769
1388
1972
2553
3080
3533
3953
4095
4095
4095
4095
4095
4095
4095
