2089
2096
2089
2084
2098
2082
2098
2087
2086
2099
2107
2102
2098
2099
2096
2108
2106
2090
2092
2084
2092
2096
2104
2108
2090
2092
2092
2094
2095
2098
2103
2104
2103
2096
2090
2097
2109
2097
2106
2096
2104
2094
2085
2085
2099
2107
2095
2102
2098
2098
2096
2101
2099
2090
2086
2097
2092
2087
2089
2093
2093
2100
2084
2081
2092
2074
2080
2088
2082
2088
2086
2102
2111
2109
2112
2094
2100
2091
2093
2086
2094
2075
2087
2093
2096
2096
2103
2096
2095
2095
2097
2102
2086
2087
2101
2091
2101
2080
2094
2084
2091
2096
2102
2093
2092
2083
2085
2088
2094
2100
2104
2091
2093
2095
2090
2082
2088
2088
2087
2099
2085
2082
2082
2083
2090
2085
2081
2097
2031
2034
2041
2046
2051
2068
2064
2064
2070
2082
2094
2094
2096
2111
2124
2116
2120
2122
2126
2126
2124
2138
2142
2143
2144
2140
2156
2145
2162
2152
2164
2148
2158
2162
2161
2145
2149
2153
2157
2152
2144
2138
2148
2151
2156
2144
2143
2143
2137
2134
2130
2120
2118
2127
2128
2134
2115
2117
2110
2099
2108
2114
2113
2105
2100
2110
2100
2098
2105
2102
2109
2111
2116
2113
2113
2115
2120
2120
2125
2120
2120
2108
2120
2118
2112
2117
2116
2109
2108
2118
2110
2112
2113
2105
2105
2095
2100
2104
2107
2112
2102
2096
2096
2090
2092
2083
2085
2083
2087
2082
2086
2081
2084
2083
2082
2088
2089
2099
2099
2104
2099
2101
2104
2115
2128
2117
2114
2130
2104
2106
2115
2139
2137
2144
2158
2174
2184
2215
2218
2233
2252
2242
2244
2245
2245
2221
2220
2198
2190
2169
2175
2184
2184
2183
2193
2192
2202
2219
2225
2224
2235
2241
2244
2240
2237
2240
2251
2241
2235
2212
2195
2168
2137
2107
2096
2059
2032
2024
2016
2021
2031
2048
2052
2059
2062
2045
2053
2028
2015
2031
2006
2000
1994
2008
2007
2004
2015
2022
2008
2010
2013
2010
2000
1977
1988
1977
1960
1960
1970
1962
1958
1947
1955
1952
1957
1966
1974
1987
1998
2012
2024
2046
2060
2080
2089
2104
2106
2107
2089
2074
2070
2059
2066
2073
2078
2088
2116
2139
2139
2138
2139
2126
2109
2095
2079
2061
2048
2051
2048
2068
2083
2121
2139
2166
2187
2215
2149
2126
2124
2100
2082
2060
2038
2007
1996
1968
1948
1923
1910
1879
1856
1841
1816
1801
1779
1766
1764
1748
1741
1735
1737
1744
1753
1768
1792
1812
1839
1877
1907
1955
2005
2042
2092
2137
2184
2235
2288
2335
2381
2432
2469
2513
2547
2568
2587
2601
2616
2610
2614
2604
2592
2565
2528
2489
2458
2410
2352
2299
2248
2188
2136
2068
2010
1965
1908
1852
1807
1754
1720
1698
1663
1638
1638
1631
1646
1648
1672
1692
1724
1767
1814
1862
1927
1976
2031
2087
2148
2202
2256
2314
2364
2404
2444
2460
2495
2508
2512
2519
2502
2489
2457
2430
2400
2345
2302
2247
2180
2109
2065
1998
1942
1874
1810
1752
1701
1671
1623
1584
1560
1532
1527
1532
1548
1557
2226
2213
2215
2202
2186
2169
2140
2111
2077
2042
2009
1953
1924
1880
1843
1828
1805
1807
1816
1816
1832
1852
1880
1909
1940
1963
1996
2010
2047
2070
2113
2160
2199
2248
2304
2356
2421
2467
2528
2569
2596
2620
2624
2637
2614
2591
2564
2538
2507
2453
2419
2380
2347
2316
2275
2230
2196
2144
2083
2030
1963
1917
1864
1798
1762
1736
1711
1684
1687
1675
1664
1679
1667
1687
1707
1718
1734
1748
1765
1790
1812
1841
1869
1901
1928
1952
1984
1999
2022
2022
2018
1995
1992
1964
1947
1924
1906
1890
1883
1891
1902
1936
1968
2010
2076
2132
2195
2253
2322
2376
2431
2479
2526
2549
2568
2570
2556
2531
2500
2464
2422
2346
2287
2220
2169
2141
2118
2092
2123
2156
2191
2231
2238
2246
2243
2230
2223
2204
2187
2178
2178
2194
2199
2201
2211
2203
2187
2166
2122
2087
2038
2007
1963
1938
1928
1924
1928
1951
1965
1983
1976
1976
1975
1957
1944
1923
1921
1914
1923
1955
1986
2009
2047
2080
2092
2096
2082
2056
2025
2018
1997
2002
2010
2023
2046
2074
2099
2125
2133
2148
2156
2161
2193
2208
2224
2239
2265
2281
2284
2302
2309
2292
2285
2296
2287
2287
2264
2250
2216
2186
2148
2115
2079
2076
2046
2045
2055
2053
2057
2053
2051
2027
2003
1983
1962
1944
1933
1929
1936
1946
1948
1958
1962
1973
1968
1994
2009
2037
2072
2119
2165
2188
2214
2214
2199
2186
2147
2147
2157
2146
2165
2198
2237
2268
2285
2285
2316
2308
2312
2294
2288
2261
2244
2218
2182
2150
2115
2064
2017
1974
1932
1895
1866
1828
1817
1811
1806
1816
1833
1840
1858
1901
1938
1967
2025
2058
2098
2140
2199
2230
2268
2308
2331
2362
2394
2405
2424
2434
2422
2416
2406
2383
2350
2321
2280
2223
2185
2128
2062
2015
1951
1899
1856
1812
1779
1766
1730
1728
1733
1745
1759
1782
1830
1860
1905
1958
2005
2050
2108
2157
2200
2240
2265
2298
2325
2343
2351
2358
2353
2340
2336
2320
2306
2277
2242
2208
2173
2130
2102
2067
2034
2004
1982
1964
1957
1957
1949
1958
1978
1987
2020
2053
2080
2108
2129
2170
2183
2200
2216
2220
2227
2204
2185
2156
2116
2096
2062
2013
1978
1941
1905
1880
1848
1839
3077
3111
3115
3062
2983
2880
2776
2684
2606
2550
2534
2536
2552
2576
2603
2611
2594
2553
2477
2377
2272
2163
2039
1938
1842
1742
1679
1614
1580
1530
1513
1501
1494
1496
1516
1550
1576
1629
1684
1742
1808
1884
1941
1992
2042
2062
2101
2116
2142
2181
2220
2270
2340
2393
2460
2506
2554
2583
2603
2606
2586
2573
2541
2497
2454
2385
2340
2314
2274
2246
2214
2175
2128
2081
2051
2006
1983
1964
1949
1955
1954
1947
1935
1918
1892
1869
1838
1786
1746
1706
1686
1666
1676
1687
1720
1786
1833
1896
1950
1986
2019
2019
2027
2015
1990
1973
1957
1933
1944
1963
1979
2019
2071
2123
2173
2209
2248
2279
2291
2293
2281
2279
2267
2252
2252
2224
2209
2192
2652
2609
2533
2446
2356
2240
2138
2049
1956
1903
1855
1835
1845
1865
1901
1952
2011
2069
2121
2176
2210
2234
2245
2240
2234
2198
2165
2132
2098
2068
2051
2031
2013
2016
2020
2026
2036
2047
2064
2077
2089
2110
2100
2087
2075
2041
2043
2011
1980
1956
1916
1875
1853
1815
1817
1811
1817
1818
1837
1852
1870
1907
1928
1947
1987
2019
2053
2088
2119
2162
2207
2258
2298
2337
2373
2421
2448
2479
2490
2506
2494
2483
2469
2440
2400
2348
2312
2254
2202
2150
2105
2049
1985
1944
1904
1850
1790
1762
1725
1701
1680
1667
1661
1671
1684
1701
1731
1746
1796
1846
1899
1942
1990
2048
2102
2154
2200
2256
2294
2324
2376
2412
2433
2448
2462
2457
2441
2436
2357
2388
2414
2426
2417
2417
2390
2366
2309
2251
2182
2113
2047
1960
1893
1836
1783
1735
1705
1681
1670
1682
1706
1726
1785
1830
1892
1960
2046
2135
2216
2286
2380
2445
2520
2573
2610
2639
2635
2628
2610
2552
2488
2382
2281
2163
2045
1909
1795
1664
1572
1502
1431
1375
1372
1391
1425
1483
1570
1675
1804
1933
2075
2216
2356
2488
2616
2713
2807
2872
2917
2923
2915
2872
2808
2708
2604
2475
2319
2158
1992
1832
1688
1554
1453
1352
1264
1238
1231
1249
1318
1405
1520
1658
1820
1966
2144
2312
2461
2592
2712
2811
2888
2933
2954
2951
2911
2856
2767
2654
2496
2347
2165
1980
1794
1616
1426
1258
1117
1006
925
868
879
924
1003
1118
1263
1456
1803
1882
1986
2078
2166
2238
2294
2316
2304
2274
2250
2201
2174
2156
2148
2175
2196
2231
2246
2259
2232
2211
2170
2114
2076
2043
2038
2066
2091
2127
2156
2176
2162
2130
2079
1990
1914
1840
1788
1753
1743
1761
1822
1880
1952
2028
2096
2147
2186
2214
2240
2255
2270
2298
2322
2354
2381
2417
2434
2432
2412
2383
2340
2270
2183
2121
2055
1994
1946
1912
1900
1903
1889
1874
1838
1811
1763
1735
1708
1697
1719
1754
1808
1884
1950
2014
2073
2106
2126
2140
2150
2178
2202
2250
2287
2361
2432
2497
2570
2620
2638
2637
2616
2583
2523
2462
2393
2334
2271
2223
2158
2081
2025
1933
1851
1769
1710
1638
1579
1539
1525
1543
1574
1613
1677
1724
1780
1835
1642
1626
1623
1617
1653
1694
1734
1792
1865
1943
2033
2107
2185
2251
2327
2397
2454
2501
2533
2553
2561
2552
2536
2502
2448
2400
2332
2271
2214
2144
2078
2009
1960
1901
1865
1847
1840
1831
1842
1852
1883
1919
1948
1999
2035
2095
2138
2198
2226
2260
2299
2331
2340
2338
2328
2306
2272
2239
2199
2147
2094
2028
1972
1888
1850
1808
1759
1710
1688
1679
1685
1694
1732
1772
1818
1881
1944
2015
2093
2178
2243
2326
2394
2450
2490
2540
2549
2561
2550
2532
2498
2445
2389
2330
2244
2163
2081
1991
1912
1843
1770
1709
1665
1632
1609
1610
1629
1650
1683
1727
1772
1847
1919
1983
2051
2131
2206
2276
2340
2393
2441
2476
2506
2537
2554
2556
2530
2500
1325
1339
1371
1440
1528
1636
1756
1882
2033
2182
2329
2468
2608
2734
2859
2955
3036
3097
3148
3160
3158
3128
3079
3011
2942
2853
2741
2631
2515
2403
2287
2163
2052
1934
1835
1752
1677
1615
1572
1526
1503
1474
1489
1490
1512
1536
1571
1592
1621
1650
1672
1687
1711
1722
1734
1750
1768
1782
1811
1853
1906
1965
2031
2118
2219
2327
2427
2531
2636
2724
2798
2849
2892
2922
2920
2894
2848
2776
2689
2594
2484
2348
2242
2128
2033
1942
1873
1825
1792
1782
1798
1818
1848
1884
1918
1963
2013
2044
2074
2095
2111
2101
2100
2082
2073
2053
2033
2014
2000
1991
1978
1972
1964
1972
1966
1972
1985
2004
2028
2043
2079
2095
2130
2152
2172
2189
2211
2211
1681
1701
1735
1761
1816
1856
1926
1977
2054
2116
2195
2268
2345
2401
2460
2512
2557
2589
2619
2632
2650
2658
2680
2681
2698
2704
2707
2690
2684
2655
2616
2564
2523
2471
2398
2333
2272
2210
2129
2032
1940
1842
1748
1633
1525
1432
1355
1288
1231
1199
1169
1159
1149
1150
1143
1140
1146
1146
1178
1208
1281
1357
1447
1555
1656
1766
1869
1960
2055
2137
2228
2331
2433
2540
2648
2756
2861
2946
3016
3077
3112
3144
3162
3168
3178
3182
3172
3159
3139
3101
3048
2973
2892
2804
2690
2584
2489
2395
2326
2256
2188
2118
2032
1946
1837
1725
1596
1476
1362
1263
1187
1141
1114
1095
1094
1098
1120
1141
1157
1168
1196
1212
1252
1307
1379
1483
1583
1708
1352
1322
1311
1336
1375
1435
1530
1631
1744
1851
1982
2098
2222
2327
2427
2502
2574
2630
2667
2682
2677
2657
2637
2600
2532
2474
2388
2304
2202
2115
2003
1914
1821
1734
1655
1595
1542
1504
1487
1490
1507
1548
1606
1673
1759
1873
1966
2082
2183
2284
2388
2498
2585
2652
2727
2770
2792
2808
2801
2779
2720
2674
2597
2503
2424
2323
2215
2104
2011
1911
1817
1739
1653
1613
1539
1504
1482
1487
1512
1548
1592
1658
1740
1833
1938
2033
2155
2247
2342
2436
2505
2581
2629
2666
2684
2696
2693
2674
2634
2585
2518
2448
2361
2249
2148
2032
1919
1800
1682
1583
1488
1414
1347
1284
1271
1261
1289
1321
1392
1472
1581
1707
1843
1990
2124
2275
2430
2569
