2070
2067
2070
2069
2052
2071
2085
2095
2084
2071
2089
2084
2127
2109
2104
2121
2125
2095
2101
2098
2114
2109
2097
2133
2146
2108
2129
2120
2137
2116
2135
2139
2144
2155
2163
2153
2143
2148
2150
2156
2139
2134
2119
2132
2154
2136
2152
2156
2165
2179
2177
2172
2153
2155
2151
2156
2177
2189
2166
2170
2168
2156
2140
2146
2146
2154
2153
2170
2161
2153
2152
2122
2130
2133
2122
2114
2110
2106
2097
2092
2108
2108
2115
2109
2105
2110
2116
2094
2115
2106
2117
2086
2085
2079
2085
2076
2072
2063
2053
2058
2063
2094
2083
2086
2071
2051
2059
2066
2070
2083
2065
2065
2067
2065
2059
2085
2072
2051
2061
2044
2059
2065
2056
2057
2084
2077
2072
2057
2051
2079
2063
2076
2064
2039
2060
2084
2073
2083
2055
2060
2061
2074
2077
2070
2087
2070
2084
2097
2085
2088
2083
2093
2099
2086
2095
2091
2101
2086
2119
2090
2083
2096
2112
2114
2114
2109
2128
2109
2123
2113
2097
2094
2117
2116
2115
2135
2143
2112
2120
2124
2093
2132
2123
2108
2130
2119
2131
2130
2109
2126
2136
2151
2141
2149
2152
2143
2152
2150
2152
2156
2169
2174
2155
2136
2164
2159
2150
2165
2164
2157
2173
2169
2144
2185
2177
2168
2161
2182
2169
2196
2166
2151
2158
2178
2166
2162
2153
2178
2160
2148
2129
2133
2118
2124
2147
2144
2126
2126
2132
2127
2136
2123
2132
2128
2112
2095
2120
2127
2131
2130
2102
2117
2128
2122
2134
2118
1942
1917
1905
1919
1934
1923
1953
1948
1972
1979
1973
1991
1971
1987
1986
1958
1947
1965
1961
1979
2017
2025
2030
2065
2080
2108
2125
2125
2169
2163
2160
2170
2174
2189
2222
2266
2273
2277
2289
2302
2291
2270
2243
2209
2170
2152
2134
2101
2106
2118
2128
2167
2208
2238
2255
2278
2271
2256
2206
2199
2169
2110
2069
2034
2007
1957
1951
1963
1960
1980
1964
1956
1949
1953
1945
1936
1960
1966
1964
1975
2004
2016
2027
2055
2051
2072
2090
2106
2113
2119
2111
2162
2156
2141
2180
2195
2176
2212
2218
2217
2232
2244
2241
2249
2254
2259
2251
2236
2201
2187
2165
2140
2126
2080
2061
2040
2021
2015
1977
1961
1958
1926
1922
1890
1898
1887
1896
1916
1962
1963
1972
2008
2023
2022
2036
2032
2031
2028
2047
2057
2049
2078
2137
2178
2203
2232
2237
2261
2268
2262
2283
2292
2286
2340
2339
2336
2336
2335
2324
2307
2304
2273
2237
2194
2137
2069
2034
1984
1919
1900
1841
1781
1770
1750
1754
1744
1729
1744
1758
1763
1775
1796
1808
1858
1864
1913
1938
1992
2010
2064
2110
2166
2184
2227
2269
2305
2345
2338
2372
2392
2396
2402
2432
2418
2365
2360
2353
2307
2257
2219
2180
2142
2099
2062
2051
2025
1971
1978
1932
1925
1927
1912
1896
1920
1912
1944
1965
1981
1994
2029
2080
2091
2131
2153
2209
2251
2283
2330
2330
2319
2355
2352
2363
2352
2310
2271
2231
2192
2133
2093
2078
2018
1964
1926
1902
1880
1732
1769
1824
1870
1931
1989
2040
2104
2164
2248
2320
2361
2393
2455
2495
2505
2496
2496
2467
2424
2374
2294
2228
2154
2095
2019
1979
1936
1892
1879
1880
1875
1904
1909
1947
1996
2052
2114
2172
2183
2248
2284
2342
2376
2404
2407
2411
2384
2366
2317
2248
2166
2080
1977
1884
1798
1700
1658
1610
1579
1543
1545
1569
1606
1642
1701
1740
1824
1912
1969
2063
2148
2187
2229
2313
2372
2420
2477
2512
2543
2545
2516
2533
2500
2435
2385
2333
2282
2250
2192
2160
2139
2124
2097
2076
2092
2063
2062
2043
2055
2058
2051
2056
2052
2056
2071
2070
2063
2065
2060
2078
2090
2082
2077
2086
2092
2094
2076
2088
2065
2026
2024
2016
2019
2001
1986
1960
1932
1585
1596
1615
1646
1685
1736
1807
1912
1982
2054
2144
2247
2346
2424
2491
2551
2632
2673
2682
2663
2634
2591
2511
2481
2418
2343
2305
2237
2159
2065
1976
1863
1809
1732
1685
1660
1637
1658
1653
1659
1675
1694
1705
1749
1814
1893
1964
2036
2132
2192
2269
2310
2341
2363
2364
2390
2402
2397
2441
2441
2457
2446
2419
2387
2318
2261
2154
2086
2035
1991
1964
1918
1891
1853
1828
1789
1785
1767
1759
1755
1791
1810
1847
1878
1893
1940
1976
2027
2052
2099
2143
2160
2215
2249
2284
2306
2340
2344
2355
2347
2342
2321
2301
2260
2231
2209
2158
2139
2127
2084
2047
2049
2029
2000
1968
1935
1911
1887
1866
1880
1866
1867
1896
1885
1888
1931
1964
2004
1949
1938
1953
1957
1949
1977
1992
2028
2054
2105
2134
2161
2221
2253
2294
2329
2334
2388
2359
2358
2324
2266
2235
2182
2123
2033
1945
1905
1846
1806
1765
1714
1703
1707
1739
1781
1818
1852
1917
1994
2079
2173
2235
2315
2379
2444
2497
2514
2531
2527
2489
2446
2389
2341
2236
2139
2056
1962
1865
1801
1738
1668
1677
1656
1674
1653
1718
1755
1823
1907
1987
2054
2125
2184
2240
2286
2345
2351
2370
2375
2362
2351
2296
2257
2247
2195
2147
2099
2051
2030
1994
1980
1991
1995
1976
2011
2050
2062
2095
2129
2139
2162
2186
2214
2217
2212
2202
2189
2184
2125
2088
2095
2072
2043
1988
1959
1969
1985
1970
1982
1996
2015
2037
2057
2101
2104
2133
2156
2007
1971
1954
1941
1922
1904
1926
1899
1887
1883
1866
1894
1924
1943
2011
2072
2164
2219
2266
2284
2273
2247
2206
2155
2069
2047
2025
2012
2012
2053
2099
2137
2177
2234
2231
2216
2192
2187
2169
2149
2148
2158
2141
2118
2097
2072
2022
1978
1959
1936
1951
1965
2016
2112
2181
2243
2281
2322
2325
2306
2302
2274
2224
2189
2121
2079
2067
2050
2044
2045
1999
1994
1997
1960
1972
1983
1989
2028
2049
2056
2082
2097
2097
2088
2076
2055
2035
2017
2002
2010
2028
2059
2079
2113
2159
2161
2206
2200
2207
2190
2179
2145
2145
2118
2074
2072
2064
2085
2087
2063
2074
2046
2041
2069
2102
2115
2200
2265
2338
2386
2417
2440
2412
2376
2336
2284
2251
2219
2206
2272
2320
2369
2401
2388
2374
2324
2289
2257
2203
2148
2090
2055
2034
2001
1997
2005
2006
1993
1997
2014
2044
2045
2056
2062
2056
2041
2034
2013
2003
1944
1912
1920
1929
1928
1958
1978
2017
2051
2128
2193
2247
2296
2391
2439
2479
2506
2493
2480
2449
2430
2360
2294
2250
2188
2132
2045
1982
1949
1923
1902
1881
1838
1855
1860
1860
1848
1854
1852
1850
1874
1886
1893
1902
1944
1959
1969
2000
2030
2099
2128
2182
2202
2253
2287
2319
2344
2354
2331
2344
2335
2355
2337
2296
2254
2236
2182
2141
2096
2055
2026
2009
1951
1937
1925
1872
1888
1872
1869
1874
1900
1920
1912
1927
1976
1978
2011
2048
2066
2095
2113
2142
2165
2185
2207
2257
2286
1647
1794
1952
2079
2231
2317
2384
2464
2468
2440
2409
2335
2225
2146
2024
1892
1789
1712
1639
1641
1606
1685
1808
1930
2080
2247
2430
2619
2759
2927
3007
3072
3088
3019
2942
2778
2601
2373
2148
1937
1696
1485
1267
1083
981
898
871
879
973
1133
1294
1500
1745
1971
2255
2492
2724
2925
3087
3220
3274
3286
3227
3126
2960
2768
2542
2315
2096
1868
1687
1519
1404
1321
1322
1321
1385
1507
1626
1762
1894
2045
2192
2295
2395
2452
2506
2494
2482
2440
2366
2303
2195
2094
1976
1894
1812
1738
1677
1655
1669
1703
1740
1805
1914
2037
2166
2296
2412
2509
2636
2710
2774
2808
2802
2749
2673
2556
2412
2293
2108
1983
1861
1741
1664
1606
1586
1599
2217
2293
2396
2494
2602
2708
2760
2732
2714
2683
2608
2566
2497
2403
2291
2180
2008
1885
1752
1631
1542
1501
1484
1475
1490
1492
1563
1662
1750
1840
1948
2009
2075
2127
2170
2182
2227
2271
2343
2379
2368
2385
2388
2321
2249
2195
2086
2024
1965
1966
1941
1954
1969
1976
1976
1964
1951
1936
1954
1990
2020
2053
2101
2117
2157
2202
2246
2251
2273
2291
2327
2338
2360
2393
2388
2390
2351
2300
2238
2168
2104
2042
1992
1929
1817
1749
1692
1640
1599
1625
1665
1711
1807
1892
1968
2054
2123
2146
2245
2345
2405
2458
2518
2568
2566
2574
2538
2512
2461
2389
2340
2262
2178
2094
2011
1919
1879
1830
1807
1790
1777
1796
1807
1813
1787
1789
1817
1834
1993
2080
2182
2314
2402
2491
2543
2586
2617
2636
2623
2599
2551
2473
2372
2271
2179
2060
1958
1836
1732
1645
1584
1523
1531
1520
1545
1573
1650
1705
1787
1883
1992
2081
2171
2263
2375
2453
2544
2600
2635
2663
2677
2650
2603
2544
2445
2350
2221
2094
1933
1812
1673
1532
1415
1320
1270
1296
1300
1371
1485
1590
1717
1866
2044
2184
2375
2503
2662
2798
2880
2948
3000
2969
2901
2843
2730
2579
2393
2233
2020
1839
1685
1539
1394
1299
1244
1233
1260
1314
1442
1566
1731
1887
2053
2218
2413
2588
2742
2832
2923
2959
2953
2897
2821
2701
2584
2445
2259
2107
1975
1826
1707
1595
1513
1466
1460
1464
1499
1544
1633
1722
1838
1960
2063
2205
2299
2410
1177
1126
1196
1272
1430
1653
1918
2183
2438
2692
2906
3066
3173
3220
3193
3096
2955
2791
2600
2404
2204
1984
1732
1535
1331
1162
1024
928
893
921
997
1070
1236
1440
1638
1845
2008
2143
2251
2333
2376
2420
2436
2446
2428
2424
2427
2410
2428
2426
2421
2425
2436
2467
2478
2507
2543
2564
2586
2559
2555
2515
2406
2265
2128
1983
1797
1641
1472
1335
1230
1148
1099
1047
1019
1068
1130
1233
1400
1577
1748
1964
2137
2318
2471
2564
2630
2636
2626
2605
2533
2469
2411
2353
2314
2319
2314
2343
2353
2389
2374
2369
2338
2310
2287
2296
2310
2331
2361
2364
2355
2305
2229
2111
1974
1861
1719
1610
1551
1527
1588
1703
1816
1954
2108
2235
2339
2399
2341
2390
2433
2472
2513
2583
2600
2619
2622
2596
2557
2522
2480
2400
2328
2253
2163
2036
1957
1850
1749
1658
1576
1517
1470
1405
1361
1337
1309
1273
1280
1271
1318
1324
1386
1419
1470
1509
1588
1653
1721
1782
1866
1960
2035
2103
2187
2295
2351
2436
2502
2582
2636
2682
2722
2711
2717
2747
2722
2712
2686
2636
2611
2562
2512
2489
2432
2381
2349
2343
2313
2315
2320
2342
2350
2391
2410
2427
2443
2453
2418
2394
2367
2329
2286
2224
2130
2032
1944
1876
1779
1652
1547
1476
1416
1320
1232
1165
1091
1047
1034
1001
1008
1032
1089
1139
1208
1284
1374
1495
1648
1802
1947
2101
2296
2461
2623
2770
2919
3047
3124
3233
3317
3343
3368
3384
3354
3283
2253
2215
2194
2149
2148
2107
2089
2049
2026
2023
2009
2013
2006
2008
2033
2050
2088
2130
2180
2210
2250
2305
2348
2372
2399
2396
2435
2428
2403
2411
2369
2355
2320
2276
2221
2161
2115
2064
1983
1886
1848
1769
1690
1622
1575
1537
1500
1464
1478
1471
1498
1544
1618
1686
1787
1886
1972
2092
2187
2285
2366
2431
2501
2552
2586
2610
2633
2655
2635
2631
2612
2595
2575
2537
2493
2462
2401
2318
2244
2180
2107
2065
1999
1936
1846
1797
1738
1685
1630
1611
1579
1595
1575
1603
1634
1656
1705
1747
1820
1880
1937
1986
2051
2101
2149
2199
2275
2326
2378
2412
2458
2484
2506
2548
2590
2617
2635
2638
2617
2584
2550
2489
2426
2327
2245
2162
2081
1979
