2101
2101
2099
2102
2108
2094
2098
2100
2099
2101
2109
2106
2096
2101
2095
2084
2090
2078
2084
2082
2087
2078
2083
2079
2092
2094
2079
2079
2084
2083
2082
2070
2076
2077
2082
2085
2080
2088
2074
2076
2076
2066
2066
2080
2076
2074
2085
2080
2074
2078
2072
2072
2082
2077
2081
2086
2082
2085
2078
2080
2094
2098
2094
2104
2101
2099
2110
2102
2111
2109
2125
2120
2113
2118
2120
2118
2118
2121
2126
2126
2130
2128
2127
2126
2129
2122
2133
2145
2126
2125
2132
2122
2125
2129
2124
2130
2122
2113
2120
2116
2123
2115
2104
2097
2100
2095
2092
2085
2091
2089
2085
2081
2086
2076
2062
2064
2063
2066
2071
2060
2072
2056
2059
2046
2048
2042
2056
2043
1974
1967
1968
1968
1965
1964
1971
1973
1967
1975
1982
1984
1983
1988
1988
1996
1992
2000
2010
2006
2019
2030
2026
2021
2032
2038
2058
2068
2069
2083
2088
2083
2090
2104
2106
2112
2136
2137
2141
2141
2158
2146
2148
2162
2162
2175
2183
2177
2190
2196
2197
2193
2188
2196
2195
2198
2194
2202
2200
2197
2186
2200
2184
2177
2174
2160
2166
2154
2164
2142
2142
2130
2132
2128
2134
2107
2102
2103
2103
2091
2090
2074
2072
2068
2072
2059
2050
2053
2055
2043
2045
2037
2047
2045
2042
2035
2039
2021
2028
2030
2033
2023
2029
2025
2034
2027
2029
2032
2023
2038
2053
2036
2040
2035
2041
2041
2036
2048
2054
2049
2060
2063
2078
2066
2082
2090
2105
2111
2082
2116
2137
2132
2107
2070
2007
1943
1877
1836
1806
1785
1803
1830
1887
1951
2002
2070
2125
2160
2179
2176
2147
2119
2082
2050
2011
1989
1982
2016
2060
2113
2184
2256
2318
2399
2433
2456
2452
2421
2386
2328
2272
2216
2175
2146
2144
2160
2184
2199
2242
2266
2304
2307
2299
2283
2248
2184
2124
2066
2028
1999
1992
2016
2062
2120
2180
2249
2292
2332
2350
2340
2315
2279
2231
2192
2163
2150
2154
2173
2194
2218
2248
2291
2305
2300
2284
2251
2206
2150
2075
2018
1968
1939
1939
1932
1956
1972
1999
2028
2028
1998
1986
1957
1918
1873
1871
1856
1875
1881
1911
1952
1995
2026
2037
2067
2081
2077
2078
2065
2055
2054
2046
2044
2045
2054
2078
2112
2230
2207
2191
2165
2128
2112
2104
2079
2059
2048
2024
2018
1992
1975
1976
1957
1950
1943
1939
1924
1907
1918
1912
1916
1912
1905
1891
1906
1919
1926
1932
1948
1962
1975
1983
2003
2036
2033
2064
2082
2113
2131
2140
2152
2171
2189
2178
2177
2188
2183
2167
2160
2156
2138
2129
2112
2096
2073
2060
2034
2032
2013
2000
1982
1978
1975
1972
1973
1983
1982
1990
2008
2024
2033
2060
2080
2103
2137
2141
2149
2176
2200
2229
2250
2269
2286
2288
2302
2304
2308
2318
2318
2322
2309
2289
2278
2254
2240
2234
2213
2194
2157
2135
2116
2084
2074
2058
2034
2009
1985
1976
1967
1955
1937
1941
1930
1908
1923
1924
1931
1950
1956
1967
1979
1999
2022
2047
2054
2122
2124
2141
2179
2195
2214
2223
2237
2244
2253
2246
2235
2220
2212
2188
2169
2126
2106
2071
2032
1982
1948
1922
1895
1866
1844
1841
1844
1857
1874
1895
1922
1953
2003
2056
2110
2143
2202
2252
2297
2336
2362
2387
2398
2398
2381
2357
2335
2300
2255
2223
2171
2120
2065
2022
1974
1951
1914
1888
1864
1863
1866
1888
1900
1923
1944
1984
2025
2062
2101
2139
2173
2212
2238
2256
2270
2265
2268
2250
2212
2194
2157
2119
2079
2043
2001
1974
1937
1922
1887
1877
1880
1887
1892
1906
1923
1963
1986
2010
2044
2074
2113
2139
2149
2176
2192
2194
2212
2222
2215
2212
2213
2192
2170
2168
2146
2129
2124
2102
2081
2063
2040
2016
1997
1967
1964
1949
1945
1935
1921
1909
1917
1943
1989
2062
2144
2241
2317
2400
2460
2509
2521
2520
2496
2462
2430
2393
2379
2348
2319
2280
2256
2239
2204
2177
2157
2165
2146
2144
2120
2112
2056
2015
1973
1940
1913
1886
1875
1861
1853
1833
1829
1804
1812
1811
1847
1900
1977
2065
2134
2215
2237
2241
2219
2186
2150
2144
2161
2190
2215
2254
2275
2288
2280
2270
2263
2264
2274
2318
2355
2388
2418
2420
2398
2366
2299
2227
2144
2065
2016
1959
1929
1926
1931
1941
1944
1945
1943
1925
1905
1891
1870
1864
1869
1881
1893
1921
1934
1939
1931
1917
1901
1886
1881
1909
1954
2004
2078
2149
2213
2238
2246
2230
2216
2192
2190
2220
2236
2280
2302
2319
2321
2302
2251
2212
2178
2581
2600
2616
2620
2616
2597
2562
2535
2481
2441
2369
2304
2228
2176
2117
2037
1972
1928
1882
1844
1816
1789
1790
1767
1783
1790
1804
1835
1860
1913
1940
1973
2006
2040
2073
2113
2144
2183
2200
2219
2222
2231
2224
2212
2204
2194
2174
2137
2104
2082
2047
2007
1980
1934
1896
1879
1843
1820
1799
1787
1781
1784
1797
1811
1832
1877
1914
1960
2013
2071
2138
2207
2264
2334
2389
2460
2502
2543
2579
2612
2633
2639
2631
2608
2568
2528
2481
2432
2359
2309
2229
2162
2080
2016
1947
1867
1814
1744
1697
1651
1629
1634
1616
1611
1619
1645
1686
1718
1758
1816
1880
1942
2008
2072
2136
2184
2251
2291
2338
2377
2405
2420
2420
2422
2402
2392
2355
2324
2090
2158
2216
2260
2301
2335
2374
2386
2374
2358
2316
2279
2251
2203
2144
2086
2030
1970
1928
1899
1851
1828
1835
1829
1840
1851
1882
1919
1969
2016
2059
2111
2160
2175
2213
2233
2249
2262
2267
2260
2254
2240
2198
2173
2150
2117
2081
2062
2037
2022
2013
1999
1988
2001
2002
2005
2022
2031
2053
2053
2058
2070
2072
2090
2094
2081
2088
2080
2092
2096
2084
2086
2094
2090
2104
2118
2121
2136
2176
2186
2216
2240
2270
2296
2288
2290
2300
2288
2269
2251
2205
2170
2130
2082
2036
2005
1970
1958
1936
1917
1910
1910
1927
1929
1953
1979
2015
2040
2081
2108
2135
2172
2192
2206
2230
2250
2243
2237
2225
2217
2209
2183
2168
2136
2122
2098
2094
2083
2245
2256
2264
2271
2246
2235
2228
2200
2164
2109
2058
1984
1920
1845
1773
1699
1623
1576
1553
1540
1564
1609
1681
1748
1832
1898
1958
1994
2017
2003
1974
1941
1903
1876
1853
1848
1870
1903
1971
2067
2164
2255
2343
2426
2473
2506
2529
2517
2498
2457
2433
2388
2353
2341
2339
2328
2344
2360
2357
2351
2336
2297
2270
2236
2223
2168
2117
2081
2035
1998
1952
1895
1855
1814
1772
1745
1726
1745
1762
1800
1834
1856
1885
1903
1912
1920
1914
1914
1911
1922
1940
1976
2019
2087
2167
2249
2328
2397
2471
2520
2561
2565
2566
2535
2492
2457
2398
2346
2300
2282
2266
2223
2196
2170
2140
2115
2082
2047
2020
1992
1966
1954
1944
1920
1896
1879
1830
1771
2199
2207
2208
2218
2231
2227
2222
2202
2192
2182
2180
2164
2158
2155
2168
2167
2173
2168
2168
2187
2197
2204
2218
2221
2228
2233
2234
2238
2237
2228
2214
2197
2164
2141
2093
2074
2042
2012
1970
1960
1940
1929
1927
1926
1922
1932
1948
1948
1955
1946
1951
1969
1977
1970
1983
2014
2024
2058
2083
2123
2159
2199
2235
2286
2319
2340
2366
2388
2381
2382
2364
2364
2337
2320
2289
2256
2244
2196
2161
2120
2074
2020
1972
1904
1840
1800
1749
1680
1636
1587
1561
1523
1512
1501
1511
1537
1553
1592
1644
1695
1769
1821
1888
1968
2041
2116
2184
2265
2331
2392
2454
2511
2559
2604
2638
2664
2674
2663
2654
2615
2586
2557
2521
2467
2408
2338
2275
2208
1794
1731
1694
1666
1646
1648
1669
1718
1776
1838
1914
1990
2075
2176
2260
2331
2401
2463
2508
2526
2544
2536
2518
2465
2403
2334
2260
2179
2115
2031
1978
1924
1878
1856
1835
1831
1850
1872
1908
1939
1993
2042
2098
2141
2186
2228
2265
2287
2321
2324
2324
2299
2289
2248
2216
2161
2117
2060
1994
1954
1911
1894
1858
1863
1864
1879
1907
1948
2009
2074
2136
2205
2256
2316
2353
2395
2429
2433
2412
2399
2369
2309
2243
2161
2088
1992
1899
1824
1741
1686
1630
1600
1590
1596
1640
1692
1768
1865
1948
2069
2194
2316
2429
2535
2629
2710
2764
2796
2815
2777
2739
2663
2559
2430
2289
2127
1964
1803
1627
1489
1368
1268
1207
1168
1163
1200
1263
1355
1441
1465
1492
1547
1602
1667
1735
1825
1905
2004
2101
2189
2288
2356
2407
2433
2423
2405
2386
2357
2360
2392
2431
2503
2588
2680
2752
2814
2832
2801
2720
2619
2455
2300
2126
1992
1875
1795
1714
1688
1648
1614
1582
1567
1535
1502
1510
1520
1560
1625
1696
1781
1859
1935
2005
2036
2056
2054
2048
2039
2036
2068
2135
2200
2284
2366
2454
2512
2575
2620
2650
2682
2710
2727
2736
2720
2695
2647
2574
2476
2344
2228
2106
1974
1879
1826
1796
1784
1793
1806
1824
1819
1813
1794
1782
1766
1749
1765
1792
1840
1872
1899
1920
1922
1894
1866
1818
1778
1744
1758
1805
1883
1994
2116
2257
2365
2451
2517
2542
2538
2519
2482
2434
2404
2372
2348
2342
2349
2022
2028
2041
2045
2078
2087
2085
2094
2116
2137
2186
2229
2284
2348
2422
2454
2490
2543
2566
2547
2525
2485
2455
2409
2360
2330
2292
2278
2256
2224
2202
2169
2122
2074
2002
1922
1848
1773
1703
1652
1609
1568
1544
1548
1523
1522
1536
1533
1542
1570
1588
1614
1656
1704
1757
1824
1889
1964
2024
2090
2156
2210
2261
2323
2371
2415
2470
2522
2566
2600
2634
2643
2663
2671
2652
2626
2590
2556
2506
2460
2409
2348
2299
2244
2200
2138
2081
2019
1955
1916
1853
1820
1800
1775
1771
1767
1782
1804
1821
1842
1862
1890
1913
1918
1936
1962
1986
2031
2052
2096
2119
2164
2215
2256
2292
2328
2366
2355
2363
2372
2364
2340
2314
2273
2258
2216
2194
2173
1965
2061
2156
2234
2330
2406
2490
2549
2607
2648
2666
2672
2667
2641
2592
2544
2479
2381
2303
2223
2115
2016
1934
1857
1796
1740
1690
1664
1647
1624
1648
1672
1688
1744
1787
1854
1921
1991
2068
2163
2256
2344
2434
2505
2561
2618
2666
2676
2674
2655
2628
2566
2504
2401
2311
2188
2075
1940
1819
1693
1572
1459
1360
1284
1228
1192
1192
1224
1279
1367
1490
1611
1775
1952
2120
2283
2458
2614
2749
2878
2960
3023
3064
3065
3040
2970
2882
2766
2636
2483
2304
2155
1970
1808
1677
1549
1443
1378
1330
1307
1331
1373
1446
1551
1673
1796
1937
2091
2224
2371
2492
2611
2700
2760
2799
2814
2784
2732
2668
2563
2460
2332
2189
2065
1961
1841
1761
1692
3276
3296
3283
3248
3171
3065
2947
2795
2628
2435
2252
2049
1862
1669
1492
1329
1210
1088
989
922
880
879
891
954
1027
1135
1262
1406
1571
1754
1940
2113
2282
2421
2534
2644
2738
2797
2850
2881
2897
2888
2880
2881
2848
2808
2781
2721
2657
2577
2498
2405
2303
2191
2101
1998
1910
1827
1775
1732
1690
1669
1643
1632
1624
1603
1576
1556
1534
1525
1524
1546
1589
1661
1753
1862
2004
2168
2336
2505
2645
2782
2889
2982
3040
3070
3091
3088
3058
3005
2922
2801
2649
2501
2318
2113
1922
1729
1561
1429
1324
1262
1241
1259
1291
1339
1403
1466
1536
1617
1687
1774
1864
1966
2056
2138
2219
2286
2342
2358
2364
2325
2298
2263
2235
2227
2242
2282
