2083
2090
2097
2098
2110
2097
2090
2093
2087
2109
2100
2082
2096
2094
2081
2079
2056
2091
2086
2066
2074
2093
2103
2111
2081
2088
2074
2115
2109
2092
2089
2093
2079
2097
2103
2096
2092
2070
2095
2078
2086
2081
2089
2108
2090
2099
2111
2107
2100
2082
2100
2096
2095
2093
2111
2105
2110
2107
2111
2098
2101
2100
2097
2105
2090
2096
2094
2107
2083
2089
2090
2103
2113
2108
2122
2104
2095
2081
2090
2090
2085
2090
2080
2102
2103
2111
2079
2086
2095
2094
2111
2098
2099
2129
2110
2117
2092
2081
2091
2075
2079
2074
2092
2108
2110
2099
2109
2096
2113
2096
2092
2099
2120
2113
2104
2102
2077
2089
2107
2096
2103
2090
2079
2093
2101
2101
2121
2120
1929
1932
1925
1934
1960
1968
1980
2016
2054
2072
2084
2107
2109
2107
2108
2132
2128
2115
2108
2106
2108
2081
2068
2060
2045
2029
2005
1972
1984
1967
1954
1955
1972
1952
1987
2010
2010
2023
2044
2068
2084
2099
2107
2134
2112
2113
2127
2117
2136
2133
2106
2096
2118
2132
2131
2116
2105
2122
2118
2109
2112
2099
2127
2131
2145
2154
2157
2159
2158
2139
2129
2160
2153
2144
2137
2120
2127
2150
2156
2126
2152
2154
2152
2144
2163
2144
2163
2169
2174
2170
2175
2146
2150
2147
2121
2103
2057
2063
2053
2060
2038
2030
2013
1998
2002
2004
2013
2053
2067
2108
2135
2151
2190
2217
2223
2255
2266
2271
2242
2224
2199
2192
2173
2149
2106
2059
2002
1984
2012
2020
2024
2038
2034
2068
2096
2096
2102
2117
2117
2122
2144
2156
2154
2154
2181
2191
2210
2223
2231
2258
2279
2294
2308
2322
2297
2292
2283
2254
2253
2224
2195
2180
2160
2150
2130
2148
2128
2135
2120
2117
2108
2111
2085
2072
2066
2043
2041
2013
2002
1966
1973
1944
1941
1939
1930
1888
1881
1900
1913
1946
1964
1954
1952
1954
2000
2017
2008
2015
2002
2040
2070
2086
2114
2115
2148
2143
2149
2183
2221
2229
2232
2239
2257
2266
2260
2266
2259
2244
2244
2207
2197
2172
2132
2115
2108
2062
2068
2066
2057
2050
2073
2081
2107
2138
2154
2151
2197
2183
2192
2183
2154
2152
2130
2119
2089
2080
2041
2040
2029
2008
2003
2002
2006
1983
2016
2011
2153
2209
2233
2254
2278
2310
2334
2359
2371
2371
2378
2364
2313
2297
2279
2222
2184
2132
2078
2024
1967
1897
1829
1760
1717
1688
1644
1651
1633
1637
1660
1682
1707
1755
1813
1888
1929
2014
2076
2122
2196
2250
2313
2359
2369
2418
2400
2426
2424
2400
2363
2338
2307
2246
2186
2143
2092
2045
1995
1919
1875
1846
1819
1799
1782
1813
1812
1848
1890
1902
1933
1992
2055
2099
2143
2190
2224
2262
2264
2286
2293
2282
2272
2255
2229
2204
2166
2109
2070
2024
1990
1952
1904
1922
1896
1896
1936
1937
1955
2009
2084
2122
2171
2219
2272
2311
2371
2393
2427
2453
2455
2448
2418
2362
2331
2246
2199
2111
2030
1991
1911
1864
1805
1795
1795
1782
1775
1794
1992
2011
2020
2042
2094
2083
2094
2096
2093
2084
2070
2061
2029
2014
1984
1973
1992
1985
1973
1979
1974
1976
1948
1954
1939
1916
1920
1912
1904
1927
1946
1985
2025
2036
2088
2095
2113
2141
2143
2148
2133
2102
2105
2078
2064
2053
2079
2112
2148
2178
2206
2247
2295
2321
2339
2315
2309
2321
2287
2215
2173
2125
2031
2007
1957
1929
1888
1856
1842
1795
1753
1710
1728
1700
1721
1764
1772
1824
1913
1990
2017
2127
2217
2267
2315
2372
2362
2376
2375
2374
2369
2383
2404
2408
2439
2447
2412
2416
2390
2359
2317
2277
2178
2079
1990
1944
1882
1844
1821
1802
1781
1757
1757
1752
1746
1731
1754
1777
1837
1916
2010
2092
2190
2278
2359
2404
2428
2414
2162
2127
2118
2137
2105
2118
2129
2132
2112
2120
2088
2087
2081
2103
2119
2136
2158
2165
2170
2161
2138
2115
2097
2046
2026
1996
1997
1975
1985
1984
1984
2000
1971
1934
1919
1908
1932
1977
2034
2098
2138
2156
2175
2169
2184
2189
2216
2206
2234
2281
2295
2308
2316
2262
2215
2198
2120
2142
2159
2182
2181
2197
2148
2094
2055
2028
1976
1938
1920
1893
1890
1893
1878
1893
1908
1908
1889
1895
1920
1955
1996
2057
2084
2154
2189
2232
2223
2207
2192
2182
2152
2145
2136
2147
2148
2151
2143
2142
2154
2160
2164
2159
2183
2219
2200
2175
2137
2112
2122
2101
2083
2100
2096
2090
2103
2096
2085
2061
2024
2002
1985
1975
2012
2045
2034
2100
2113
2116
2364
2453
2513
2561
2582
2562
2546
2463
2388
2295
2170
2074
1937
1801
1727
1642
1576
1538
1578
1586
1625
1711
1838
1951
2105
2267
2400
2512
2628
2725
2774
2802
2784
2733
2634
2550
2407
2277
2115
1948
1794
1673
1559
1482
1434
1411
1440
1505
1600
1696
1848
1978
2116
2266
2390
2510
2596
2666
2680
2653
2611
2528
2436
2287
2152
2002
1870
1760
1624
1540
1495
1460
1479
1528
1633
1741
1915
2060
2212
2384
2529
2639
2744
2789
2835
2793
2684
2591
2442
2294
2090
1915
1740
1583
1430
1332
1269
1248
1274
1356
1473
1644
1796
2027
2229
2415
2608
2788
2938
3017
3039
3039
2982
2915
2738
2572
2361
2136
1938
1742
1561
1402
1287
1208
1206
1239
1283
1409
1532
1590
1648
1726
1825
1957
2055
2158
2255
2345
2404
2474
2490
2514
2500
2484
2472
2439
2373
2321
2247
2203
2119
2057
1984
1921
1851
1805
1767
1781
1752
1757
1774
1808
1812
1822
1840
1854
1877
1924
1939
1982
2032
2104
2170
2206
2318
2408
2494
2525
2614
2663
2689
2658
2623
2558
2482
2377
2282
2175
2043
1916
1835
1730
1659
1586
1542
1535
1520
1555
1576
1635
1734
1828
1947
2048
2182
2298
2408
2522
2568
2618
2622
2602
2543
2454
2391
2301
2213
2115
2034
1951
1880
1834
1808
1789
1789
1802
1825
1849
1887
1940
1988
2056
2138
2228
2265
2342
2408
2467
2473
2475
2465
2428
2358
2280
2176
2078
1975
1901
1838
1816
1816
1844
1893
1960
2018
2093
2878
2771
2673
2597
2496
2377
2228
2070
1923
1776
1634
1490
1367
1271
1174
1100
1056
1043
1072
1147
1228
1282
1388
1516
1647
1787
1932
2064
2210
2318
2451
2564
2663
2742
2822
2889
2952
2999
2989
2927
2865
2801
2716
2640
2554
2498
2426
2360
2247
2142
1997
1842
1710
1580
1496
1441
1370
1329
1332
1319
1297
1265
1254
1272
1321
1426
1594
1721
1892
2055
2203
2305
2373
2430
2495
2569
2626
2718
2772
2835
2859
2893
2868
2812
2745
2676
2562
2461
2358
2246
2105
2006
1953
1873
1806
1719
1648
1578
1545
1525
1509
1495
1508
1512
1519
1569
1660
1767
1904
2050
2202
2317
2383
2458
2500
2527
2532
2516
2510
2510
2516
2526
2512
2481
2455
2415
2388
2355
1855
1751
1681
1660
1635
1640
1651
1700
1772
1853
1948
2037
2133
2232
2300
2363
2429
2456
2474
2481
2453
2370
2311
2231
2145
2041
1955
1845
1770
1714
1671
1659
1689
1738
1860
1941
2054
2155
2257
2376
2467
2534
2562
2584
2554
2487
2420
2317
2189
2056
1939
1815
1680
1610
1556
1514
1516
1582
1689
1798
1940
2102
2297
2430
2572
2711
2803
2877
2882
2857
2802
2695
2519
2335
2161
1937
1708
1530
1349
1211
1147
1078
1088
1180
1303
1508
1721
1927
2173
2401
2616
2776
2911
3030
3088
3064
2980
2846
2659
2446
2198
1951
1678
1458
1286
1135
1064
1045
1103
1232
1419
1636
1896
2175
2396
2631
2834
2995
3122
3141
3092
2976
2845
2654
2420
2140
1898
1662
1626
1621
1656
1693
1793
1882
1965
2068
2158
2243
2344
2404
2474
2490
2495
2494
2467
2445
2375
2322
2250
2156
2067
1983
1930
1885
1846
1843
1834
1884
1916
1964
2000
2032
2056
2096
2107
2125
2151
2155
2182
2216
2268
2281
2273
2253
2248
2238
2202
2166
2149
2145
2151
2184
2205
2248
2260
2273
2275
2217
2177
2105
2055
2009
1934
1881
1835
1776
1747
1694
1667
1661
1666
1713
1811
1925
2048
2180
2321
2458
2541
2595
2628
2624
2602
2542
2454
2351
2211
2077
1943
1827
1727
1620
1569
1543
1534
1584
1636
1747
1842
1944
2036
2162
2293
2412
2513
2562
2581
2571
2515
2451
2390
2321
2204
2134
2077
2008
1971
1966
1947
1983
2033
2040
2097
2137
2186
2224
2532
2628
2711
2696
2690
2618
2514
2387
2214
2065
1912
1758
1614
1492
1423
1380
1369
1404
1419
1472
1538
1579
1678
1784
1892
1991
2126
2256
2331
2397
2458
2510
2551
2635
2717
2776
2859
2883
2828
2723
2578
2431
2311
2182
2067
1969
1852
1768
1654
1545
1487
1463
1473
1505
1535
1604
1683
1749
1801
1884
1937
1993
2092
2197
2259
2350
2444
2490
2547
2534
2542
2533
2504
2429
2345
2245
2164
2123
2039
1992
1986
1988
1983
1959
1944
1955
1930
1897
1905
1918
1924
1935
1928
1958
1990
2000
2025
2049
2094
2106
2112
2154
2147
2149
2130
2122
2119
2070
2073
2054
2021
2033
2037
2019
2039
2084
2101
2143
2193
2227
2262
2300
2317
2336
2317
2314
2297
2273
1305
1107
987
942
976
1081
1296
1540
1854
2164
2457
2764
3006
3198
3295
3274
3188
3034
2790
2504
2164
1825
1509
1209
1003
861
833
904
1096
1325
1650
1990
2378
2691
2964
3150
3259
3249
3169
3048
2856
2613
2371
2118
1886
1715
1577
1516
1531
1579
1695
1821
1989
2173
2323
2433
2504
2548
2509
2411
2269
2083
1881
1675
1514
1389
1329
1341
1408
1552
1746
1985
2247
2497
2744
2964
3100
3184
3182
3068
2870
2589
2251
1869
1492
1101
784
511
383
372
472
732
1069
1476
1935
2435
2921
3310
3662
3899
4000
3952
3823
3527
3146
2666
2159
1621
1120
702
375
185
141
252
502
856
1293
1800
2303
2791
3200
3551
3820
3929
3942
3842
3598
3232
2338
2265
2200
2150
2094
2035
1954
1873
1784
1701
1599
1506
1436
1412
1422
1438
1530
1654
1802
1984
2173
2407
2637
2841
3031
3166
3295
3352
3384
3364
3282
3200
3045
2900
2698
2453
2164
1864
1574
1309
1085
921
775
706
671
739
817
965
1136
1334
1582
1827
2057
2268
2464
2617
2752
2872
2989
3031
3093
3089
3032
2909
2753
2561
2342
2110
1948
1813
1706
1620
1600
1585
1601
1640
1689
1705
1763
1817
1912
2003
2091
2192
2264
2292
2286
2230
2169
2064
1953
1867
1803
1747
1700
1664
1626
1633
1633
1700
1774
1879
1976
2062
2149
2222
2265
2310
2346
2423
2510
2588
2664
2710
2690
2624
2509
2394
2278
2172
2106
2078
2064
2056
2040
2031
1959
1931
3658
3734
3762
3761
3702
3620
3486
3311
3051
2814
2542
2250
1962
1729
1493
1296
1094
927
796
717
686
665
684
752
842
1005
1169
1334
1504
1686
1870
2069
2261
2445
2624
2794
2940
3063
3130
3155
3144
3105
3042
2942
2769
2604
2387
2201
2000
1762
1572
1412
1270
1148
1048
956
902
871
853
885
958
1053
1181
1334
1554
1786
2029
2297
2552
2807
3022
3177
3312
3422
3488
3532
3504
3448
3360
3251
3111
2932
2709
2506
2258
2028
1819
1571
1331
1130
932
796
695
611
572
581
599
641
731
854
991
1181
1395
1638
1911
2183
2483
2793
3096
3393
3652
3872
4054
4095
4095
4095
4095
4095
3951
3792
3558
3328
3068
2800
2507
2279
2043
1807
