2103
2086
2077
2080
2100
2116
2101
2100
2111
2105
2090
2069
2073
2095
2092
2089
2078
2083
2081
2085
2098
2094
2075
2064
2090
2096
2090
2088
2096
2093
2084
2082
2088
2100
2085
2091
2079
2089
2078
2093
2085
2087
2110
2086
2082
2084
2100
2098
2084
2083
2087
2085
2110
2106
2094
2111
2096
2112
2098
2090
2097
2097
2101
2080
2099
2100
2109
2099
2093
2086
2091
2082
2075
2074
2075
2085
2093
2111
2102
2104
2077
2103
2090
2076
2084
2078
2089
2102
2094
2082
2090
2080
2125
2114
2087
2096
2092
2113
2113
2104
2088
2081
2098
2095
2096
2099
2094
2091
2098
2095
2084
2108
2079
2084
2087
2100
2098
2094
2106
2091
2091
2104
2097
2105
2088
2094
2110
2102
2062
2022
2027
2016
2024
2007
2002
2037
2022
2005
2025
2030
2025
2006
1995
2009
1990
2007
2004
2019
2021
2028
2047
2029
2036
2033
2015
2012
2032
2054
2032
2044
2053
2061
2068
2066
2067
2061
2049
2040
2060
2064
2077
2063
2060
2081
2077
2072
2076
2059
2080
2086
2077
2069
2088
2071
2083
2080
2090
2102
2090
2092
2063
2069
2077
2057
2074
2088
2083
2103
2072
2088
2096
2059
2072
2080
2079
2089
2104
2091
2075
2092
2064
2102
2090
2103
2094
2104
2098
2090
2097
2099
2081
2087
2097
2098
2115
2096
2087
2072
2068
2051
2053
2096
2092
2098
2121
2093
2075
2089
2113
2088
2091
2104
2099
2080
2072
2073
2070
2072
2057
2073
2079
2056
2049
2060
2061
2042
2003
2008
1988
1975
1992
1998
2003
1979
1986
1969
2002
2013
1992
2014
2017
2044
2029
2055
2054
2087
2086
2083
2073
2056
2047
2058
2055
2056
2056
2050
2053
2073
2075
2091
2074
2086
2106
2106
2122
2126
2163
2164
2183
2200
2194
2226
2222
2212
2213
2220
2219
2176
2169
2157
2169
2159
2142
2148
2161
2172
2186
2156
2177
2173
2168
2161
2148
2154
2164
2165
2150
2163
2169
2147
2159
2166
2164
2166
2160
2149
2121
2140
2142
2141
2115
2114
2103
2086
2083
2063
2030
2031
2039
2033
2017
2019
2024
2024
2029
2044
2053
2046
2053
2057
2048
2026
2023
2027
1989
2014
2029
2042
2056
2076
2101
2078
2073
2088
2069
2040
2036
1998
1996
1984
1977
1974
1968
1974
2198
2229
2210
2236
2241
2250
2237
2279
2238
2261
2264
2276
2264
2272
2252
2248
2248
2247
2240
2220
2184
2176
2142
2134
2105
2094
2072
2048
2002
1980
1965
1924
1904
1884
1852
1813
1792
1792
1787
1767
1744
1754
1758
1758
1783
1771
1793
1820
1868
1899
1919
1976
2003
2027
2060
2094
2138
2171
2196
2235
2293
2315
2356
2371
2379
2415
2431
2405
2408
2409
2415
2385
2381
2357
2328
2324
2288
2246
2192
2172
2150
2116
2064
2014
1977
1948
1921
1887
1853
1841
1854
1849
1840
1827
1834
1851
1864
1894
1913
1951
1983
2019
2080
2095
2146
2188
2209
2262
2309
2346
2361
2401
2416
2442
2447
2434
2434
2416
2412
2389
2367
2352
2312
2272
2253
2192
2151
2109
2066
2096
2107
2128
2140
2149
2210
2198
2205
2226
2233
2235
2215
2235
2222
2200
2165
2159
2107
2082
2062
2043
2027
1999
1963
1956
1921
1916
1878
1868
1829
1819
1804
1775
1754
1737
1748
1781
1784
1779
1825
1854
1893
1928
1996
2052
2079
2107
2139
2188
2197
2232
2241
2280
2299
2328
2351
2388
2417
2419
2457
2442
2433
2448
2436
2412
2381
2364
2320
2300
2294
2242
2231
2209
2160
2137
2124
2108
2108
2068
2047
2031
2022
1992
1978
1959
1986
2000
1984
2000
2027
2070
2056
2068
2067
2048
2028
2009
1988
1961
1942
1892
1890
1852
1811
1783
1760
1763
1741
1741
1755
1777
1783
1841
1877
1920
1963
2008
2049
2088
2115
2168
2176
2197
2188
2182
2137
2098
2039
2033
2028
1992
2043
2036
2088
2087
2111
2104
2112
2116
2140
2107
2131
2118
2120
2157
2168
2216
2259
2268
2266
2257
2263
2251
2223
2217
2180
2171
2152
2125
2136
2143
2132
2154
2116
2118
2105
2109
2080
2041
2000
2009
2022
2026
2024
2024
2070
2082
2104
2088
2097
2065
2043
2024
1993
1991
1977
1986
1981
1979
1990
2011
2002
1985
1986
1985
2007
2004
1995
1998
2025
2043
2067
2088
2097
2105
2148
2156
2192
2188
2200
2214
2211
2176
2179
2183
2149
2133
2143
2144
2159
2176
2185
2162
2153
2127
2135
2135
2130
2106
2129
2120
2076
2092
2065
2013
2004
1998
1965
1955
1961
1963
1990
2006
2015
2024
2048
2050
2020
2025
1997
2000
2010
2019
2017
2051
2006
2025
2033
2055
2070
2102
2141
2164
2208
2226
2238
2240
2262
2249
2266
2287
2248
2247
2229
2217
2216
2152
2092
2082
2064
2045
2014
1989
1963
1939
1936
1911
1875
1888
1896
1907
1916
1901
1923
1948
1961
1979
2021
2058
2101
2130
2160
2200
2224
2260
2290
2292
2326
2318
2338
2342
2327
2330
2327
2283
2263
2231
2168
2140
2098
2065
2000
1981
1947
1912
1901
1883
1872
1879
1869
1887
1889
1902
1912
1930
1948
1974
2009
2056
2092
2108
2126
2150
2182
2198
2227
2252
2245
2228
2232
2239
2236
2203
2177
2185
2147
2128
2092
2088
2064
2020
2008
2000
2027
1989
2019
2036
2032
2046
2076
2095
2144
2152
2208
2194
2224
2252
2241
2242
2241
2229
2239
2202
1448
1542
1668
1792
1897
1986
2047
2102
2114
2121
2096
2103
2120
2129
2142
2188
2263
2325
2407
2492
2547
2570
2606
2597
2609
2625
2589
2564
2525
2480
2432
2387
2337
2288
2222
2193
2136
2071
1993
1963
1926
1887
1880
1863
1856
1878
1841
1832
1832
1840
1803
1800
1789
1775
1781
1785
1807
1864
1917
1968
2005
2057
2091
2137
2166
2222
2245
2240
2287
2309
2302
2304
2315
2338
2337
2336
2343
2314
2314
2277
2294
2304
2320
2316
2314
2294
2302
2339
2334
2312
2261
2216
2175
2141
2088
2011
1997
1967
1968
1971
2004
2022
2043
2054
2061
2055
2033
2042
2010
1989
1964
1921
1912
1898
1883
1882
1899
1915
1940
1960
1983
2006
2034
2053
2084
2085
2120
2130
1998
2094
2150
2237
2279
2336
2367
2363
2367
2331
2297
2244
2208
2162
2120
2066
2031
2009
2027
2027
2022
2053
2082
2096
2135
2163
2179
2185
2170
2196
2194
2168
2157
2134
2128
2111
2107
2098
2065
2083
2106
2094
2111
2128
2171
2193
2187
2210
2212
2193
2216
2232
2221
2222
2189
2156
2137
2111
2061
2047
2030
1986
1989
1966
1948
1949
1916
1898
1890
1880
1864
1832
1846
1858
1870
1871
1898
1911
1936
1951
2014
2058
2088
2120
2177
2229
2232
2265
2306
2349
2345
2378
2383
2371
2376
2361
2390
2359
2347
2328
2303
2261
2231
2184
2157
2100
2062
2040
2006
1958
1922
1907
1888
1856
1826
1813
1816
1812
1801
1842
1837
1875
1904
1885
1919
1958
2015
2049
1965
1970
1982
2021
2065
2100
2169
2190
2243
2273
2316
2357
2368
2394
2391
2368
2363
2332
2301
2259
2195
2144
2100
2060
2014
1944
1915
1866
1823
1792
1783
1762
1733
1772
1770
1807
1835
1898
1993
2058
2118
2201
2263
2353
2417
2464
2514
2532
2561
2549
2521
2472
2443
2398
2312
2194
2104
2013
1908
1827
1740
1667
1603
1570
1551
1542
1539
1574
1624
1694
1750
1859
1942
2056
2164
2279
2378
2456
2556
2602
2671
2711
2719
2694
2659
2601
2523
2438
2360
2260
2124
1997
1903
1792
1702
1640
1580
1542
1527
1550
1568
1624
1667
1763
1856
1938
2048
2159
2256
2380
2491
2590
2704
2776
2807
2816
2837
2812
2754
2695
2596
2465
2335
2186
2031
1865
1712
1588
1973
1928
1855
1827
1825
1829
1860
1913
1949
2005
2014
2063
2061
2055
2040
2027
2032
2028
2050
2080
2104
2129
2144
2175
2183
2187
2146
2113
2101
2101
2109
2126
2170
2239
2261
2306
2297
2297
2275
2240
2184
2128
2059
2006
1963
1936
1909
1897
1912
1928
1923
1946
1944
1926
1918
1933
1949
1976
2010
2045
2082
2115
2162
2210
2273
2281
2290
2292
2300
2285
2257
2239
2249
2252
2268
2259
2252
2236
2189
2157
2093
2026
1984
1937
1924
1907
1884
1915
1922
1916
1930
1903
1879
1852
1823
1801
1816
1819
1852
1889
1914
1996
2056
2135
2186
2253
2268
2307
2349
2363
2374
2384
2396
2441
2460
2471
2436
2401
2384
2317
2279
2208
2143
2078
2016
2006
1984
1950
2296
2238
2195
2165
2101
2042
2011
1962
1889
1855
1814
1801
1757
1773
1751
1769
1776
1800
1832
1869
1917
1970
2030
2091
2143
2176
2209
2253
2292
2303
2298
2336
2332
2329
2305
2284
2242
2218
2180
2135
2078
2070
2045
2013
1999
1973
1978
1986
1980
1994
2021
2022
2043
2072
2125
2174
2185
2206
2250
2274
2283
2301
2301
2313
2310
2303
2279
2265
2223
2193
2125
2088
2035
1996
1938
1898
1880
1844
1794
1775
1778
1757
1767
1790
1835
1877
1906
1991
2046
2113
2153
2223
2269
2321
2366
2388
2408
2438
2456
2457
2434
2406
2374
2308
2284
2217
2155
2108
2068
1990
1956
1917
1861
1801
1799
1786
1781
1772
1768
1791
1814
1823
1869
1932
1945
1998
2053
2089
2185
2086
2013
1904
1808
1729
1638
1561
1502
1435
1411
1392
1386
1386
1415
1464
1530
1581
1639
1742
1835
1928
2023
2130
2199
2258
2359
2452
2512
2549
2580
2626
2646
2670
2666
2647
2646
2608
2575
2521
2496
2467
2400
2363
2312
2272
2231
2187
2166
2142
2103
2090
2039
2014
2010
2005
1961
1915
1899
1834
1773
1747
1689
1647
1609
1584
1566
1570
1578
1604
1644
1718
1765
1849
1942
2008
2103
2187
2283
2366
2408
2490
2524
2521
2506
2496
2465
2415
2367
2312
2264
2200
2166
2130
2106
2091
2084
2071
2052
2065
2081
2096
2109
2147
2124
2136
2165
2166
2178
2182
2175
2157
2155
2136
2124
2105
2106
2087
2081
2079
2038
2037
2032
2045
2044
2070
2087
2101
2092
2020
1972
1934
1877
1831
1783
1770
1744
1719
1709
1685
1689
1679
1696
1705
1733
1747
1777
1807
1843
1877
1898
1953
1966
1988
2045
2083
2127
2166
2248
2320
2352
2392
2453
2490
2530
2562
2609
2685
2701
2737
2746
2753
2747
2722
2702
2656
2614
2561
2506
2451
2419
2356
2298
2254
2200
2118
2057
1979
1862
1791
1730
1655
1597
1544
1500
1464
1449
1426
1405
1368
1331
1324
1316
1326
1345
1360
1419
1469
1548
1573
1622
1699
1757
1788
1876
1918
1999
2090
2161
2275
2319
2394
2466
2504
2556
2600
2616
2640
2672
2709
2763
2806
2828
2858
2879
2872
2873
2834
2785
2722
2636
2590
2536
2443
2405
2348
2274
2236
2171
2099
2012
1949
1846
1746
1671
1578
2520
2420
2356
2245
2138
2036
1928
1847
1755
1721
1647
1620
1607
1601
1600
1641
1672
1710
1749
1833
1917
1973
2049
2093
2189
2242
2329
2365
2416
2473
2509
2516
2538
2512
2508
2472
2449
2384
2303
2228
2154
2105
2010
1937
1841
1769
1727
1678
1644
1611
1591
1585
1616
1643
1676
1724
1800
1866
1930
2023
2099
2160
2229
2339
2366
2443
2498
2529
2563
2572
2576
2560
2536
2496
2477
2418
2353
2283
2207
2118
2057
1989
1911
1879
1789
1740
1691
1682
1668
1686
1705
1709
1756
1799
1855
1922
1970
2044
2099
2168
2258
2354
2385
2452
2498
2563
2568
2604
2637
2627
2600
2556
2492
2466
2385
2296
2205
2079
1972
1889
1806
1705
1635
1553
1519
1462
1408
1403
