2092
2101
2094
2094
2093
2104
2104
2108
2109
2105
2102
2106
2104
2094
2090
2102
2098
2102
2101
2096
2093
2100
2096
2103
2098
2108
2112
2109
2108
2095
2099
2104
2101
2102
2097
2098
2104
2114
2102
2098
2096
2103
2097
2092
2096
2102
2101
2099
2099
2095
2106
2095
2094
2089
2088
2092
2102
2080
2097
2106
2084
2081
2095
2087
2085
2091
2094
2104
2093
2086
2095
2092
2092
2101
2097
2102
2097
2100
2097
2090
2106
2104
2089
2097
2114
2104
2099
2097
2095
2086
2093
2114
2101
2094
2096
2096
2102
2096
2091
2089
2092
2097
2094
2093
2096
2097
2097
2104
2102
2089
2095
2090
2100
2093
2091
2101
2101
2104
2100
2095
2100
2103
2105
2088
2096
2101
2097
2103
2097
2098
2091
2086
2092
2097
2093
2092
2097
2086
2092
2097
2099
2108
2122
2115
2104
2106
2097
2094
2100
2099
2095
2094
2091
2104
2103
2101
2101
2104
2100
2086
2091
2098
2113
2100
2104
2096
2100
2092
2096
2094
2096
2099
2090
2096
2093
2103
2101
2098
2095
2105
2101
2096
2094
2102
2095
2105
2105
2105
2097
2096
2088
2093
2091
2099
2097
2091
2091
2092
2099
2094
2096
2089
2090
2096
2101
2100
2102
2098
2101
2096
2097
2087
2093
2094
2102
2106
2112
2107
2103
2109
2102
2099
2096
2094
2098
2095
2097
2091
2103
2105
2097
2097
2100
2106
2110
2097
2107
2095
2089
2101
2090
2101
2093
2095
2111
2107
2107
2099
2105
2096
2092
2092
2097
2102
2094
2095
2064
2070
2063
2066
2065
2068
2086
2096
2096
2105
2110
2116
2133
2140
2151
2159
2180
2194
2194
2204
2213
2221
2223
2225
2236
2225
2224
2207
2202
2192
2185
2172
2156
2136
2114
2105
2088
2058
2032
2026
2000
1974
1960
1943
1932
1939
1920
1903
1896
1905
1913
1917
1926
1943
1972
1983
1993
2015
2038
2053
2094
2114
2126
2135
2147
2150
2155
2158
2165
2152
2135
2140
2124
2119
2078
2073
2064
2049
2031
2017
2010
1995
2004
1995
2010
2024
2047
2070
2086
2102
2140
2160
2187
2210
2216
2235
2238
2259
2256
2237
2239
2204
2198
2162
2139
2106
2069
2037
2003
1993
1958
1938
1916
1916
1906
1896
1902
1901
1902
1910
1914
1938
1949
1960
1984
2006
2016
2027
2243
2240
2266
2279
2298
2325
2329
2329
2339
2348
2355
2364
2348
2336
2309
2276
2231
2208
2183
2180
2176
2180
2198
2212
2223
2209
2192
2156
2121
2088
2048
2029
2029
2041
2048
2058
2048
2045
2056
2058
2078
2112
2148
2168
2168
2140
2091
2042
2005
1964
1953
1956
1961
1987
2006
2008
2018
2013
1981
1966
1965
1959
1971
1983
2010
2019
2031
2019
2010
1991
1981
1976
2001
2037
2063
2105
2116
2121
2112
2084
2066
2049
2038
2074
2086
2106
2117
2138
2150
2124
2130
2113
2129
2124
2139
2147
2150
2158
2147
2147
2139
2130
2127
2128
2140
2150
2159
2163
2155
2147
2125
2119
2102
2103
2101
2094
2095
2076
2066
2045
2026
2015
1994
1976
1966
1966
1968
1964
2273
2241
2214
2169
2136
2088
2036
2013
1970
1930
1886
1859
1836
1811
1793
1794
1786
1786
1781
1785
1831
1860
1904
1936
1984
2013
2056
2101
2154
2185
2234
2276
2320
2355
2366
2386
2385
2390
2391
2391
2374
2337
2315
2274
2226
2191
2145
2095
2042
1997
1960
1917
1885
1862
1831
1824
1813
1813
1830
1848
1872
1898
1946
1996
2035
2074
2133
2182
2230
2288
2326
2362
2384
2397
2400
2409
2404
2386
2368
2333
2307
2262
2226
2180
2144
2094
2053
2016
1973
1940
1900
1881
1863
1838
1828
1831
1832
1847
1857
1873
1896
1925
1946
1982
2013
2057
2097
2130
2160
2204
2229
2261
2273
2299
2314
2322
2324
2341
2333
2327
2320
2306
2285
2267
2248
2216
2190
2182
2026
2065
2090
2112
2148
2177
2199
2221
2257
2272
2286
2301
2312
2338
2335
2356
2366
2356
2350
2345
2333
2332
2325
2298
2283
2254
2240
2206
2179
2162
2122
2090
2063
2038
2004
1979
1930
1898
1865
1851
1826
1799
1775
1749
1749
1740
1743
1742
1731
1748
1736
1769
1783
1816
1841
1864
1880
1912
1931
1960
1993
2027
2060
2101
2134
2155
2191
2203
2240
2276
2311
2335
2340
2373
2388
2416
2429
2440
2441
2448
2447
2455
2454
2450
2437
2416
2400
2369
2345
2307
2276
2246
2200
2152
2109
2064
2022
1977
1928
1894
1853
1824
1792
1770
1739
1720
1710
1695
1694
1676
1676
1675
1704
1694
1732
1750
1778
1796
1835
1879
1913
1954
2001
2038
2087
2142
2192
2239
2194
2234
2254
2249
2237
2206
2174
2132
2106
2089
2097
2098
2100
2113
2119
2125
2126
2119
2118
2113
2103
2100
2100
2107
2124
2158
2179
2196
2222
2241
2245
2234
2200
2163
2130
2086
2058
2037
2042
2036
2060
2086
2106
2128
2149
2148
2160
2152
2146
2128
2121
2108
2121
2127
2130
2153
2175
2156
2153
2129
2102
2069
2056
2023
2008
2000
2015
2051
2094
2127
2179
2204
2216
2222
2225
2216
2199
2202
2192
2176
2172
2171
2160
2147
2133
2119
2110
2084
2039
2008
1986
1968
1950
1942
1947
1938
1960
1978
1994
2021
2016
2018
2012
2011
1978
1946
1927
1920
1894
1872
1857
1868
1870
1886
1908
1928
1954
1966
1976
2011
2008
2017
2028
2056
2063
2077
2095
2120
1945
1976
2033
2078
2100
2146
2188
2213
2254
2288
2318
2346
2371
2383
2410
2436
2442
2459
2470
2481
2497
2520
2537
2559
2568
2570
2570
2584
2573
2564
2550
2512
2481
2444
2397
2370
2324
2276
2247
2203
2167
2138
2100
2069
2038
2020
1992
1970
1954
1941
1904
1898
1895
1876
1846
1829
1817
1796
1791
1777
1753
1748
1753
1748
1743
1747
1769
1769
1804
1824
1864
1911
1935
1974
2011
2039
2089
2126
2161
2181
2194
2226
2230
2231
2242
2232
2241
2235
2229
2230
2207
2207
2190
2184
2188
2168
2167
2167
2164
2169
2168
2171
2174
2191
2192
2184
2177
2189
2196
2194
2201
2182
2190
2183
2184
2166
2155
2165
2145
2150
2134
2132
2104
2106
2089
2077
2073
2066
1838
1924
2005
2102
2200
2289
2366
2437
2491
2532
2567
2586
2582
2569
2540
2483
2420
2371
2296
2193
2110
2012
1936
1864
1779
1718
1677
1632
1597
1592
1589
1615
1641
1678
1739
1781
1859
1928
2017
2088
2174
2240
2312
2370
2419
2445
2477
2498
2501
2485
2465
2434
2379
2327
2264
2194
2146
2066
2001
1947
1885
1842
1802
1773
1757
1752
1761
1778
1810
1864
1905
1971
2036
2104
2161
2223
2292
2347
2425
2465
2489
2515
2516
2524
2517
2478
2441
2394
2326
2262
2186
2120
2040
1958
1899
1823
1774
1715
1712
1666
1665
1662
1692
1743
1781
1829
1895
1963
2024
2111
2174
2240
2299
2349
2400
2430
2460
2470
2472
2451
2421
2381
2346
2298
2218
2146
2086
2024
1676
1678
1683
1713
1734
1764
1791
1823
1860
1896
1944
1999
2036
2087
2122
2156
2192
2214
2223
2242
2252
2257
2256
2257
2236
2222
2211
2205
2170
2141
2128
2108
2079
2064
2049
2047
2036
2032
2042
2053
2069
2074
2103
2130
2163
2194
2247
2284
2343
2380
2420
2456
2492
2525
2558
2572
2582
2575
2548
2544
2517
2476
2429
2382
2327
2272
2200
2127
2042
1980
1879
1802
1745
1670
1603
1537
1475
1418
1378
1362
1326
1302
1308
1299
1324
1344
1393
1444
1502
1579
1659
1749
1842
1949
2042
2144
2240
2336
2429
2519
2593
2655
2714
2771
2797
2810
2816
2806
2804
2781
2737
2708
2641
2586
2528
2447
2379
2294
2232
2147
2081
2001
1940
1873
1811
1772
1732
1699
2200
2225
2236
2245
2267
2291
2346
2432
2504
2592
2659
2686
2662
2580
2440
2290
2127
1977
1842
1762
1738
1708
1711
1704
1721
1727
1739
1751
1768
1794
1840
1872
1937
1969
2009
1996
1954
1913
1843
1768
1732
1711
1725
1770
1844
1937
2047
2130
2212
2244
2286
2311
2326
2344
2371
2404
2427
2423
2396
2351
2288
2221
2172
2133
2138
2175
2250
2340
2438
2496
2544
2545
2523
2487
2452
2437
2424
2424
2431
2403
2337
2252
2146
2056
1963
1897
1875
1881
1917
1965
2010
2036
2022
1991
1948
1900
1849
1808
1780
1745
1725
1706
1673
1662
1638
1628
1628
1643
1674
1720
1764
1814
1863
1930
1988
2025
2070
2080
2072
2057
2050
2066
2097
2132
2186
2238
2274
2288
1608
1614
1635
1664
1690
1728
1756
1805
1830
1878
1929
1981
2022
2078
2120
2162
2208
2260
2307
2352
2364
2388
2407
2433
2440
2456
2452
2468
2443
2441
2446
2426
2410
2395
2360
2353
2318
2279
2233
2192
2163
2118
2069
2034
1990
1956
1920
1893
1862
1845
1826
1822
1809
1798
1804
1805
1809
1812
1827
1841
1866
1881
1890
1908
1934
1960
1994
2018
2030
2044
2065
2095
2122
2144
2156
2177
2203
2233
2264
2290
2313
2333
2346
2367
2382
2374
2368
2375
2376
2361
2336
2325
2295
2266
2245
2213
2184
2170
2150
2135
2121
2121
2104
2089
2093
2087
2083
2067
2065
2070
2051
2032
2018
2020
2001
1977
1943
1926
1895
1872
1855
1834
1819
1806
1793
1790
1786
1784
1921
1971
2043
2105
2177
2251
2316
2380
2430
2457
2470
2463
2456
2425
2362
2286
2200
2104
2004
1916
1812
1720
1657
1589
1547
1523
1509
1507
1535
1576
1635
1721
1812
1914
2024
2150
2287
2406
2540
2643
2743
2836
2888
2928
2942
2928
2887
2811
2712
2590
2440
2274
2095
1928
1756
1592
1457
1345
1233
1185
1149
1159
1217
1295
1421
1561
1714
1892
2087
2260
2444
2604
2748
2872
2979
3052
3093
3087
3072
2997
2926
2808
2690
2555
2379
2217
2040
1868
1716
1578
1452
1338
1258
1211
1195
1208
1253
1329
1428
1562
1704
1836
1997
2149
2292
2437
2569
2663
2743
2814
2860
2867
2841
2794
2730
2655
2552
2432
2305
2190
2036
1908
1792
1678
1574
1497
1436
1397
1696
1762
1840
1914
1998
2082
2164
2239
2307
2374
2443
2494
2532
2572
2609
2629
2646
2649
2650
2645
2625
2593
2568
2541
2499
2448
2412
2361
2323
2260
2215
2169
2112
2077
2024
1993
1954
1927
1884
1863
1842
1817
1818
1815
1818
1833
1866
1892
1904
1950
1987
2016
2041
2079
2105
2126
2155
2168
2188
2195
2191
2195
2189
2167
2150
2145
2130
2112
2099
2086
2068
2057
2043
2040
2017
2016
2020
2008
2014
2005
1999
2011
2003
1999
1981
1973
1967
1960
1953
1950
1955
1961
1978
1980
1986
2016
2044
2077
2095
2129
2161
2202
2236
2249
2273
2294
2309
2316
2318
2316
2315
2299
2282
2260
2251
2246
2235
2226
2222
2223
2226
2234
2247
2248
2257
2272
2277
2277
2387
2333
2247
2155
2063
2003
1982
1993
2008
2035
2039
2051
2061
2078
2117
2181
2252
2310
2324
2301
2246
2178
2117
2084
2056
2062
2071
2053
2024
2002
1973
1966
1964
1982
2014
2040
2060
2069
2068
2060
2070
2086
2113
2136
2164
2179
2202
2228
2250
2280
2285
2299
2274
2234
2175
2095
2044
2011
1994
2008
2038
2038
2020
1982
1935
1904
1878
1876
1889
1906
1927
1918
1914
1880
1861
1846
1854
1887
1936
1968
1991
2004
1978
1952
1921
1912
1917
1932
1961
1988
2026
2066
2088
2115
2138
2146
2164
2180
2206
2252
2288
2336
2392
2433
2462
2477
2466
2464
2450
2463
2474
2480
2492
2485
2447
2375
2315
2254
2196
2171
2160
2164
2155
2126
2092
2026
1962
1897
