2106
2114
2101
2096
2097
2087
2074
2101
2126
2122
2130
2102
2117
2119
2102
2125
2138
2115
2124
2123
2135
2118
2115
2124
2116
2127
2118
2121
2131
2129
2118
2126
2130
2114
2101
2104
2117
2122
2105
2110
2096
2110
2108
2113
2115
2126
2123
2120
2127
2119
2129
2114
2092
2098
2103
2096
2136
2108
2123
2106
2105
2087
2124
2109
2123
2113
2115
2120
2113
2115
2119
2119
2109
2108
2116
2104
2101
2099
2093
2106
2113
2101
2091
2089
2099
2083
2071
2088
2093
2084
2089
2096
2089
2103
2090
2058
2092
2107
2096
2102
2092
2083
2080
2066
2076
2081
2085
2109
2082
2085
2077
2095
2090
2079
2091
2090
2089
2086
2082
2079
2084
2108
2100
2093
2097
2091
2070
2079
2080
2107
2127
2132
2109
2132
2118
2133
2094
2079
2051
2018
2005
1999
1985
1975
1972
1981
1995
1994
2021
2022
2050
2064
2113
2092
2101
2118
2118
2120
2148
2147
2152
2134
2166
2168
2173
2185
2192
2215
2228
2224
2225
2217
2205
2208
2180
2169
2119
2086
2078
2035
2043
2019
2004
2029
2011
2040
2052
2052
2056
2065
2087
2089
2066
2083
2039
2047
2062
2061
2043
2036
2033
2017
2000
2018
1998
2009
1984
1966
1957
1934
1935
1920
1899
1893
1890
1914
1928
1942
1920
1969
2002
2006
2024
2064
2057
2100
2088
2127
2104
2108
2149
2139
2111
2118
2119
2109
2097
2088
2107
2123
2136
2154
2160
2146
2165
2143
2151
2154
2153
2160
2131
2160
2160
2174
2175
2182
2068
2077
2091
2085
2084
2120
2113
2120
2123
2119
2132
2133
2147
2157
2137
2162
2145
2141
2158
2153
2144
2151
2145
2131
2114
2125
2132
2131
2113
2100
2081
2065
2065
2069
2047
2027
2035
2014
2008
1983
1991
1984
1984
1995
1959
1964
1958
1966
1967
1973
1980
1977
1997
2021
2031
2051
2096
2123
2140
2157
2177
2203
2241
2256
2279
2290
2294
2289
2294
2322
2263
2269
2232
2227
2210
2179
2164
2132
2082
2057
2032
1997
1957
1938
1922
1914
1878
1861
1847
1864
1841
1842
1860
1886
1902
1920
1939
1976
2016
2062
2101
2142
2183
2224
2245
2267
2282
2313
2331
2341
2340
2354
2322
2302
2302
2269
2256
2232
2202
2149
2134
2103
2063
2039
2019
2001
1984
1962
2252
2167
2040
2004
1915
1834
1789
1760
1725
1723
1716
1746
1790
1815
1882
1952
2033
2091
2173
2231
2285
2347
2369
2383
2373
2355
2330
2285
2209
2125
2051
1944
1864
1789
1737
1691
1659
1662
1633
1672
1697
1766
1848
1934
2011
2081
2215
2283
2389
2472
2541
2578
2625
2644
2677
2626
2601
2559
2472
2400
2284
2201
2110
2018
1949
1853
1804
1760
1731
1716
1735
1751
1770
1816
1870
1926
1974
2021
2084
2124
2166
2203
2228
2245
2236
2246
2229
2188
2182
2138
2113
2093
2048
2016
2003
1989
1973
1982
1989
1988
1999
2050
2056
2043
2052
2077
2081
2116
2091
2097
2091
2071
2041
2031
2024
2000
1974
1953
1915
1917
1915
1913
1895
1903
1901
1913
1933
1952
2137
2160
2161
2147
2163
2170
2194
2220
2194
2185
2194
2173
2160
2123
2145
2162
2168
2171
2179
2170
2150
2139
2114
2127
2126
2119
2118
2053
2017
1962
1918
1903
1913
1928
1955
1970
1972
1999
2012
1999
2030
2077
2101
2115
2141
2162
2161
2172
2188
2193
2210
2201
2167
2164
2139
2131
2115
2116
2085
2101
2100
2104
2102
2075
2070
2068
2045
2026
1994
1994
1996
1974
1987
1958
1936
1932
1944
1952
1990
2022
2077
2134
2176
2173
2192
2219
2217
2252
2275
2277
2286
2278
2263
2227
2208
2171
2149
2113
2130
2105
2103
2087
2068
2038
2035
2003
1978
1969
1943
1943
1912
1902
1912
1906
1909
1915
1957
1991
2028
2080
2118
2160
2184
2196
2253
2267
2278
2290
2308
2383
2442
2454
2509
2524
2533
2494
2444
2418
2349
2284
2216
2159
2107
2039
1984
1931
1898
1884
1845
1809
1792
1790
1802
1814
1832
1838
1886
1892
1896
1942
1964
2010
2046
2094
2115
2143
2166
2193
2222
2237
2264
2289
2319
2327
2353
2379
2350
2370
2342
2321
2307
2258
2236
2185
2143
2103
2051
1984
1910
1859
1820
1809
1759
1757
1755
1761
1795
1847
1891
1929
2009
2077
2128
2182
2273
2313
2352
2375
2403
2431
2411
2379
2327
2300
2229
2178
2092
2036
1970
1905
1850
1810
1784
1760
1763
1815
1838
1897
1965
2030
2127
2178
2222
2275
2348
2357
2387
2407
2408
2378
2320
2287
2216
2129
2033
1967
1906
1816
1766
1731
1704
1707
1757
1829
1868
1954
1912
1910
1937
1938
1930
1980
2000
2026
2059
2078
2090
2085
2089
2074
2064
2032
2023
1979
1956
1923
1921
1905
1874
1873
1862
1880
1908
1944
1981
1978
2034
2074
2107
2129
2158
2148
2143
2129
2134
2096
2093
2068
2050
2056
2053
2041
2036
2022
2015
2015
2027
2016
1969
1967
1984
1977
1957
1983
2000
1999
2068
2117
2144
2173
2265
2324
2391
2430
2449
2495
2460
2461
2424
2367
2316
2236
2203
2110
2052
1985
1926
1887
1871
1863
1857
1872
1895
1929
1970
2010
2052
2123
2169
2220
2247
2305
2353
2366
2408
2421
2416
2383
2373
2316
2256
2150
2070
1991
1902
1823
1743
1701
1646
1613
1642
1694
1754
1859
1987
2076
2214
2313
2418
2510
2544
2560
2561
2525
2529
2462
2418
2379
2310
2271
2189
2101
1966
1889
1813
1751
1703
1664
1655
1669
1692
1696
1721
1782
1840
1871
1974
2056
2145
2217
2292
2326
2349
2380
2384
2414
2398
2424
2423
2382
2374
2310
2243
2135
2072
2020
1944
1928
1878
1822
1786
1737
1728
1745
1752
1805
1847
1901
1961
2000
2063
2099
2167
2225
2313
2359
2408
2424
2431
2410
2381
2355
2348
2343
2301
2282
2261
2188
2108
2020
1931
1891
1797
1754
1778
1766
1771
1753
1754
1742
1751
1810
1873
1974
2065
2187
2249
2309
2357
2402
2428
2422
2447
2479
2472
2461
2412
2360
2292
2203
2100
2013
1928
1874
1801
1751
1694
1654
1626
1624
1641
1709
1819
1918
1988
2045
2078
2131
2215
2297
2375
2466
1879
1886
1918
1961
2049
2120
2176
2257
2308
2359
2403
2392
2388
2355
2314
2280
2195
2105
2025
1959
1896
1842
1847
1851
1848
1873
1939
1990
2046
2092
2112
2128
2152
2152
2118
2111
2086
2043
1998
1977
1971
1946
1959
1971
2004
2048
2092
2159
2218
2264
2316
2373
2409
2435
2434
2410
2353
2296
2233
2104
1993
1891
1800
1730
1671
1650
1659
1692
1746
1804
1915
2035
2171
2275
2385
2470
2486
2478
2455
2400
2309
2216
2104
1996
1921
1857
1814
1784
1775
1797
1856
1874
1929
1987
2040
2094
2141
2191
2203
2208
2220
2190
2181
2141
2086
2066
2055
2039
2029
2061
2097
2132
2169
2182
2215
2219
2214
2205
2172
2118
2066
2026
1968
1920
1875
1813
1800
1814
1648
1520
1393
1328
1293
1275
1309
1349
1459
1559
1706
1854
2000
2153
2316
2459
2587
2704
2763
2819
2800
2736
2684
2583
2457
2308
2157
2037
1895
1789
1666
1592
1530
1447
1424
1422
1440
1514
1584
1712
1858
1950
2062
2198
2288
2368
2406
2420
2479
2491
2474
2456
2445
2439
2413
2378
2317
2250
2176
2136
2036
2001
1980
1961
1921
1883
1888
1869
1825
1800
1803
1786
1806
1860
1897
1939
1984
2052
2144
2229
2269
2346
2428
2488
2510
2536
2554
2561
2505
2440
2365
2267
2155
2063
1964
1873
1782
1717
1664
1622
1582
1570
1585
1619
1686
1806
1906
2015
2120
2231
2341
2422
2473
2502
2522
2527
2534
2505
2428
2406
2326
2237
2139
2080
2014
1973
1928
1908
1731
1871
2039
2184
2280
2389
2487
2556
2633
2677
2727
2734
2723
2736
2704
2667
2639
2604
2530
2449
2322
2178
2042
1878
1709
1583
1491
1412
1367
1326
1312
1336
1363
1410
1516
1620
1747
1897
2036
2171
2292
2417
2552
2666
2762
2821
2874
2907
2906
2890
2806
2770
2681
2588
2481
2344
2222
2072
1931
1784
1669
1527
1432
1352
1286
1238
1207
1230
1260
1318
1370
1511
1687
1809
1966
2106
2279
2402
2538
2658
2728
2852
2934
3011
3056
3034
3008
2967
2860
2754
2628
2469
2308
2137
1952
1796
1641
1484
1398
1288
1227
1172
1146
1117
1113
1136
1189
1286
1376
1486
1669
1819
1962
2160
2335
2526
2653
2811
2939
2993
3048
3053
3101
3054
3011
2938
2842
2726
1774
1655
1579
1507
1448
1445
1472
1506
1585
1640
1734
1871
2004
2152
2269
2403
2517
2593
2638
2681
2668
2641
2608
2570
2539
2481
2430
2354
2285
2258
2191
2097
2025
1930
1874
1808
1736
1717
1665
1647
1642
1644
1667
1711
1811
1897
2036
2210
2378
2529
2698
2822
2912
2953
2944
2876
2798
2637
2480
2295
2055
1825
1557
1357
1196
1068
995
998
1069
1201
1389
1606
1864
2097
2353
2584
2758
2880
2961
2990
2930
2840
2720
2551
2349
2129
1888
1660
1482
1343
1241
1218
1210
1288
1433
1602
1775
2010
2210
2384
2566
2705
2802
2849
2828
2775
2742
2628
2481
2335
2152
2000
1850
1703
1576
1518
1454
1448
1487
1533
1605
1736
1896
2032
2178
2327
2468
2562
3246
3024
2816
2605
2383
2110
1859
1612
1354
1161
1022
950
1008
1129
1246
1397
1511
1606
1721
1825
1950
2121
2268
2417
2573
2677
2749
2764
2734
2735
2730
2735
2721
2722
2656
2562
2455
2340
2183
2091
1987
1902
1801
1704
1602
1504
1378
1324
1348
1393
1490
1633
1766
1889
2008
2139
2304
2481
2643
2807
2955
3038
3058
2957
2816
2607
2348
2131
1937
1777
1597
1375
1155
981
868
790
835
952
1178
1392
1694
1975
2241
2519
2746
2954
3173
3330
3437
3467
3388
3248
3020
2775
2500
2246
1986
1716
1430
1187
968
821
750
783
880
1080
1321
1553
1790
1974
2153
2288
2408
2555
2714
2832
2924
2907
2859
2728
2581
2432
2306
2243
2245
2257
2290
2302
2404
2394
2407
2387
2364
2319
2264
2206
2133
2103
2065
2012
1973
1962
1926
1884
1852
1836
1800
1729
1704
1742
1753
1768
1816
1884
1943
2036
2123
2200
2259
2318
2367
2370
2362
2319
2273
2170
2074
1943
1819
1707
1632
1552
1480
1486
1470
1496
1530
1625
1731
1823
2008
2175
2362
2539
2759
2952
3128
3287
3416
3527
3590
3619
3578
3478
3339
3143
2845
2545
2206
1808
1437
1061
701
373
87
1
1
1
1
1
0
148
456
811
1200
1611
2049
2459
2862
3282
3627
3932
4095
4095
4095
4095
4095
4095
4095
4095
3812
3444
3023
2575
2073
1619
1157
739
372
63
2
0
1
0
0
0
169
478
824
1205
1628
2064
2460
2832
3171
3474
8
2
1
1
0
0
332
899
1515
2172
2820
3450
4007
4095
4095
4095
4095
4095
4095
4095
3534
2772
1963
1149
353
1
1
0
1
2
0
0
69
818
1669
2561
3347
4076
4095
4095
4095
4095
4095
4095
4095
3914
3182
2390
1596
886
258
0
0
0
0
1
1
81
617
1255
1924
2562
3177
3720
4095
4095
4095
4095
4095
4095
3789
3238
2615
1973
1332
750
286
0
0
1
2
232
613
1089
1622
2122
2625
3042
3431
3712
3898
3953
3931
3788
3533
3176
2771
2330
1862
1415
1032
705
479
373
369
480
662
947
1293
1658
2024
2384
2723
2981
3231
3396
3482
3506
3460
3303
3072
2770
2433
2064
1675
1314
983
732
