2113
2131
2108
2095
2107
2113
2092
2096
2124
2101
2105
2115
2078
2094
2111
2113
2094
2103
2070
2086
2108
2107
2088
2070
2105
2098
2098
2072
2108
2103
2106
2110
2096
2097
2099
2108
2104
2125
2102
2108
2122
2089
2084
2071
2032
2092
2097
2060
2092
2087
2136
2094
2117
2106
2106
2100
2107
2105
2075
2082
2096
2122
2115
2116
2102
2117
2102
2107
2110
2111
2112
2116
2100
2088
2114
2101
2125
2094
2079
2106
2103
2102
2096
2093
2103
2098
2104
2118
2106
2110
2100
2113
2107
2125
2107
2096
2096
2104
2095
2100
2098
2123
2114
2113
2128
2126
2106
2112
2112
2074
2079
2095
2072
2088
2084
2100
2119
2108
2078
2090
2101
2102
2090
2098
2093
2101
2082
2096
2085
2089
2082
2106
2097
2095
2096
2092
2091
2076
2106
2118
2098
2112
2111
2118
2123
2090
2101
2099
2107
2114
2089
2085
2089
2093
2114
2084
2089
2081
2118
2098
2100
2106
2113
2107
2116
2111
2119
2091
2088
2088
2082
2106
2084
2098
2106
2118
2080
2096
2064
2084
2123
2084
2081
2059
2084
2106
2084
2104
2094
2075
2075
2102
2086
2106
2105
2127
2122
2132
2106
2110
2107
2091
2109
2094
2114
2090
2105
2098
2095
2083
2075
2097
2094
2089
2106
2066
2105
2093
2094
2074
2079
2091
2110
2109
2122
2088
2075
2109
2109
2141
2117
2106
2107
2088
2093
2096
2076
2093
2082
2110
2113
2083
2085
2084
2083
2097
2094
2072
2084
2097
2113
2100
2119
2100
2087
2098
2146
2150
2136
2182
2131
2136
2130
2102
2142
2132
2100
2116
2092
2108
2109
2088
2076
2105
2087
2083
2065
2086
2101
2091
2083
2028
2042
2050
2057
2039
2058
1998
2016
2008
2025
2013
2008
1988
2034
2008
2023
2030
2022
1998
2007
2010
2007
2049
2029
2026
2033
2032
2010
2044
2050
2027
2026
2008
2043
2034
2057
2050
2020
2044
2028
2056
2045
2039
2043
2064
2063
2046
2105
2087
2089
2056
2042
2053
2044
2036
2054
2068
2077
2091
2074
2073
2050
2083
2059
2074
2096
2099
2127
2119
2111
2088
2113
2133
2112
2109
2096
2110
2092
2132
2074
2114
2122
2125
2112
2129
2128
2119
2151
2136
2158
2133
2142
2141
2152
2148
2158
2145
2143
2148
2128
2148
2127
2144
1963
1943
1960
1952
1951
1924
1936
1947
1962
1942
1938
1944
1956
1954
1959
1972
2008
2008
1998
2024
2026
2049
2057
2086
2097
2104
2114
2134
2142
2156
2179
2178
2170
2171
2181
2180
2188
2182
2165
2167
2157
2145
2134
2104
2110
2090
2075
2055
2036
2028
2026
2019
2014
2015
2000
2008
2017
2016
2014
2031
2030
2033
2050
2070
2080
2111
2130
2126
2156
2160
2177
2196
2210
2220
2222
2233
2240
2254
2264
2284
2291
2298
2306
2300
2308
2299
2300
2297
2280
2260
2263
2250
2240
2220
2206
2175
2155
2129
2092
2088
2061
2042
2008
1961
1963
1915
1885
1877
1857
1848
1825
1798
1786
1781
1779
1756
1750
1759
1770
1749
1774
1786
1786
1795
1815
1848
1870
1878
1797
1746
1718
1701
1701
1713
1752
1795
1856
1912
1960
2000
2040
2047
2046
2023
2003
1978
1958
1946
1952
1970
2009
2054
2111
2163
2221
2279
2320
2336
2352
2352
2344
2325
2310
2294
2280
2270
2278
2260
2254
2249
2243
2228
2200
2179
2147
2113
2081
2060
2040
2036
2040
2064
2088
2123
2148
2159
2171
2162
2155
2121
2097
2048
1990
1927
1878
1831
1796
1770
1766
1778
1809
1839
1894
1946
1996
2042
2082
2107
2127
2134
2132
2125
2125
2121
2119
2144
2167
2198
2228
2282
2330
2355
2388
2403
2412
2408
2392
2354
2317
2267
2224
2176
2136
2084
2048
2025
1998
1974
1948
1935
1895
1875
1850
1807
1776
1739
1713
1691
1677
1678
1695
1721
1763
1815
1872
1944
2142
2232
2317
2371
2414
2448
2456
2439
2425
2380
2336
2275
2215
2149
2072
1996
1931
1861
1789
1735
1688
1647
1618
1600
1613
1640
1672
1741
1816
1910
2016
2131
2252
2368
2470
2563
2649
2698
2733
2748
2731
2694
2642
2570
2496
2414
2327
2252
2179
2117
2054
1998
1954
1918
1886
1869
1839
1847
1863
1901
1944
2012
2068
2134
2172
2194
2206
2184
2153
2089
2012
1941
1864
1815
1774
1756
1763
1786
1821
1878
1938
1993
2046
2078
2104
2115
2119
2122
2127
2156
2194
2243
2290
2343
2390
2412
2426
2413
2382
2329
2279
2208
2172
2114
2059
2011
1978
1932
1902
1865
1848
1846
1839
1842
1850
1868
1893
1929
1972
2013
2067
2126
2194
2242
2295
2331
2367
2389
2070
2032
1990
1953
1952
1958
1974
1991
2006
1991
1956
1935
1920
1932
1955
1982
2012
2049
2080
2119
2188
2251
2328
2397
2445
2482
2469
2449
2412
2366
2314
2266
2222
2162
2085
1984
1850
1720
1632
1581
1600
1632
1670
1664
1625
1611
1642
1731
1875
2052
2226
2397
2543
2672
2764
2822
2854
2864
2848
2834
2784
2670
2514
2304
2115
1938
1832
1751
1668
1568
1454
1393
1377
1432
1537
1641
1747
1808
1878
1968
2080
2233
2408
2566
2686
2741
2747
2722
2698
2710
2723
2734
2655
2520
2310
2132
1986
1922
1881
1868
1804
1702
1589
1471
1429
1427
1464
1557
1662
1779
1913
2043
2164
2277
2387
2444
2502
2516
2514
2478
2420
2352
2299
2286
2280
2257
2226
2171
1361
1405
1487
1617
1788
1983
2195
2376
2562
2703
2802
2842
2824
2730
2586
2416
2210
2002
1804
1639
1528
1463
1465
1524
1632
1799
1995
2216
2447
2660
2839
2957
3040
3040
2960
2830
2633
2360
2064
1753
1452
1186
964
829
764
789
893
1072
1308
1584
1867
2153
2417
2640
2818
2946
3038
3032
2980
2891
2752
2590
2388
2202
2021
1868
1735
1672
1632
1653
1703
1777
1880
1988
2075
2134
2180
2181
2177
2129
2076
1999
1927
1861
1811
1776
1764
1785
1862
1969
2092
2222
2372
2525
2645
2744
2788
2806
2755
2670
2533
2352
2166
1945
1707
1510
1320
1209
1146
1131
1175
1272
1407
1573
1736
1916
2069
2200
2316
2413
2500
2540
2572
2566
2547
2509
2448
2360
2540
2431
2307
2196
2108
2053
2045
2090
2175
2297
2428
2547
2622
2629
2554
2413
2218
2011
1824
1681
1608
1611
1674
1782
1928
2094
2245
2378
2471
2510
2490
2408
2265
2086
1909
1761
1681
1688
1786
1954
2155
2371
2521
2576
2542
2439
2316
2202
2140
2121
2120
2098
2023
1908
1757
1650
1614
1690
1834
1991
2091
2089
1978
1804
1635
1544
1551
1658
1823
1973
2098
2163
2224
2301
2424
2567
2699
2748
2700
2571
2391
2206
2084
2010
1996
2020
2053
2108
2149
2217
2279
2324
2348
2344
2296
2234
2161
2114
2100
2113
2142
2199
2292
2404
2520
2588
2584
2488
2317
2121
1943
1804
1718
1668
1628
1596
1584
1609
1702
1838
2014
2169
2284
2329
2282
2181
2065
1956
2478
2631
2757
2832
2852
2823
2755
2664
2545
2420
2280
2136
1994
1862
1728
1627
1528
1461
1411
1389
1408
1464
1560
1705
1880
2077
2282
2475
2619
2725
2759
2728
2631
2476
2282
2072
1860
1674
1535
1456
1446
1489
1586
1712
1868
2028
2186
2325
2442
2545
2614
2664
2681
2665
2619
2559
2472
2370
2264
2144
2002
1860
1712
1570
1450
1357
1303
1300
1356
1452
1600
1751
1922
2079
2219
2337
2416
2467
2489
2495
2481
2455
2437
2416
2400
2390
2391
2388
2378
2370
2348
2315
2271
2227
2174
2121
2076
2027
1989
1953
1928
1918
1916
1920
1936
1952
1974
1980
1983
1964
1940
1902
1862
1827
1794
1775
1777
1794
1831
1887
1958
2052
2144
2224
2302
2366
2412
2424
831
593
476
487
634
904
1267
1700
2155
2589
2973
3255
3427
3462
3376
3188
2912
2590
2235
1907
1625
1388
1239
1172
1192
1300
1484
1704
1952
2192
2403
2540
2610
2597
2540
2435
2317
2207
2108
2042
2007
2016
2058
2134
2238
2349
2464
2567
2644
2672
2656
2588
2483
2345
2178
2014
1850
1725
1624
1561
1525
1513
1528
1543
1562
1590
1632
1687
1767
1874
2022
2203
2385
2584
2756
2924
3064
3139
3167
3114
2980
2800
2542
2253
1920
1606
1299
1035
814
670
625
684
842
1091
1433
1833
2259
2656
3000
3247
3382
3393
3282
3074
2782
2450
2116
1796
1533
1337
1212
1185
1217
1308
1446
1600
1768
1934
2086
2208
2309
2384
2444
2484
2523
2553
2566
2576
1810
1878
2028
2225
2414
2544
2602
2601
2594
2604
2631
2668
2668
2606
2481
2297
2097
1903
1717
1554
1414
1284
1183
1114
1088
1101
1151
1212
1304
1420
1553
1747
1998
2266
2542
2815
3060
3282
3466
3609
3682
3671
3576
3383
3134
2854
2582
2328
2084
1827
1568
1302
1063
870
742
694
721
829
997
1209
1449
1690
1908
2102
2268
2406
2517
2602
2650
2666
2619
2524
2359
2160
1922
1664
1432
1235
1120
1106
1181
1368
1647
1981
2338
2659
2942
3148
3289
3376
3381
3318
3178
2975
2715
2422
2117
1812
1518
1222
922
625
385
236
220
351
631
1020
1492
2004
2532
3002
3431
3744
3942
4000
3943
3779
3536
3260
2970
2678
2387
2122
1881
1672
1503
1352
2958
3455
3857
4095
4095
4095
4011
3664
3182
2606
1982
1357
792
336
50
2
63
352
795
1338
1925
2507
3023
3428
3690
3807
3770
3593
3292
2914
2472
2023
1619
1285
1039
903
909
1016
1235
1535
1878
2250
2599
2906
3126
3245
3250
3119
2862
2510
2094
1648
1230
870
607
468
464
595
843
1189
1612
2080
2546
2985
3369
3644
3798
3820
3710
3449
3084
2643
2139
1631
1163
762
492
365
403
612
980
1455
2004
2569
3121
3613
3979
4095
4095
4095
3949
3550
3053
2491
1898
1344
834
398
61
3
4
5
89
498
1049
1668
2321
2918
3430
3806
4035
4095
4016
3787
3433
2979
2484
1965
1483
1043
698
470
376
443
644
973
1400
1876
1606
1627
1724
1840
1925
1963
1982
2020
2119
2306
2550
2808
3011
3129
3114
2996
2802
2598
2443
2350
2293
2236
2120
1931
1667
1369
1111
928
865
906
1010
1136
1248
1336
1409
1505
1634
1814
2023
2236
2436
2598
2706
2792
2837
2876
2929
2992
3037
3036
2962
2827
2636
2431
2253
2140
2082
2038
1969
1840
1664
1460
1264
1125
1083
1154
1340
1605
1909
2194
2410
2542
2593
2600
2599
2629
2688
2754
2802
2790
2701
2540
2340
2116
1915
1742
1600
1478
1360
1252
1155
1088
1065
1119
1250
1446
1682
1928
2157
2356
2533
2682
2797
2875
2892
2860
2810
2722
2624
2509
2362
2188
1982
1755
1540
1363
1249
1186
1164
1152
1152
1168
1230
1371
1617
1950
2370
2802
4095
4095
4095
4095
4095
3738
2630
1522
511
1
1
1
2
2
1
2
2
662
1561
2443
3300
4047
4095
4095
4095
4095
4095
4095
4095
3689
2912
2111
1345
655
90
2
2
1
1
1
334
915
1558
2220
2855
3428
3904
4095
4095
4095
4095
4095
3772
3257
2674
2061
1467
920
484
185
54
103
324
713
1215
1786
2376
2926
3396
3748
3944
4003
3916
3695
3387
2999
2565
2111
1661
1248
886
603
416
342
378
563
868
1285
1808
2379
2958
3511
3983
4095
4095
4095
4095
4010
3511
2894
2181
1449
738
94
1
2
1
3
3
2
2
414
1164
1956
2720
3422
4018
4095
4095
4095
4095
4095
3958
3366
2684
1964
1250
598
