2095
2110
2097
2101
2102
2101
2104
2109
2102
2104
2105
2102
2104
2105
2102
2098
2104
2112
2102
2100
2101
2097
2110
2112
2113
2103
2104
2098
2098
2108
2105
2104
2107
2108
2096
2105
2102
2105
2099
2105
2107
2112
2096
2108
2086
2102
2104
2106
2111
2106
2109
2107
2104
2106
2100
2102
2105
2104
2098
2104
2099
2097
2095
2095
2104
2103
2101
2105
2098
2106
2100
2099
2099
2100
2105
2101
2105
2102
2096
2103
2102
2109
2093
2108
2101
2100
2099
2096
2096
2099
2100
2097
2093
2096
2099
2104
2095
2108
2098
2101
2094
2100
2099
2101
2105
2106
2096
2104
2104
2101
2103
2098
2097
2097
2093
2100
2102
2095
2105
2095
2102
2094
2102
2104
2104
2096
2102
2107
2101
2096
2105
2104
2100
2098
2100
2096
2098
2097
2098
2088
2095
2094
2100
2089
2102
2095
2096
2100
2095
2093
2100
2102
2096
2102
2097
2096
2096
2102
2100
2094
2107
2103
2096
2094
2099
2102
2102
2101
2100
2098
2096
2102
2101
2096
2090
2089
2094
2097
2094
2097
2090
2082
2088
2083
2090
2096
2093
2095
2098
2097
2099
2095
2098
2092
2097
2095
2100
2094
2101
2103
2103
2102
2094
2098
2102
2098
2096
2099
2102
2105
2109
2096
2098
2098
2101
2098
2100
2095
2096
2104
2093
2097
2100
2096
2103
2095
2100
2098
2098
2106
2102
2097
2098
2098
2096
2097
2096
2106
2104
2101
2098
2098
2100
2095
2098
2093
2089
2095
2088
2086
2083
2096
2090
2089
2095
2103
2151
2134
2111
2097
2072
2056
2044
2043
2032
2023
2021
2012
2012
2016
2018
2021
2024
2036
2040
2049
2056
2065
2068
2075
2084
2090
2094
2104
2096
2102
2098
2097
2087
2085
2079
2075
2069
2058
2053
2043
2034
2026
2024
2018
2017
2020
2016
2020
2014
2011
2022
2030
2027
2039
2049
2060
2070
2088
2092
2105
2111
2127
2134
2143
2152
2152
2157
2160
2164
2166
2180
2179
2172
2175
2176
2171
2167
2172
2163
2146
2144
2135
2133
2125
2124
2118
2114
2113
2113
2110
2114
2109
2112
2119
2128
2134
2143
2160
2175
2191
2206
2223
2236
2245
2255
2267
2270
2272
2272
2269
2256
2243
2221
2196
2178
2152
2113
2087
2055
2024
1993
1972
1947
1930
1910
1900
1899
1896
1953
2049
2146
2254
2337
2403
2436
2427
2393
2315
2220
2110
2005
1917
1851
1833
1848
1881
1975
2060
2146
2236
2287
2310
2322
2305
2278
2234
2175
2117
2067
2027
2021
2033
2079
2139
2200
2234
2250
2230
2174
2111
2056
2021
1999
2001
2025
2037
2060
2068
2063
2050
2065
2087
2125
2188
2222
2237
2225
2186
2135
2091
2053
2026
2000
1980
1957
1947
1941
1941
1987
2032
2088
2144
2167
2182
2187
2132
2090
2033
1975
1945
1944
1971
2023
2092
2154
2193
2204
2194
2158
2134
2120
2115
2120
2142
2168
2173
2164
2132
2092
2033
1975
1926
1905
1905
1919
1950
1988
2012
2049
2078
2098
2119
2134
2140
2141
2145
2138
2114
2094
2064
2024
1980
1954
1979
2063
2208
2293
2273
2252
2202
2062
1867
1732
1678
1708
1776
1927
2090
2227
2370
2552
2682
2710
2552
2272
1995
1784
1671
1655
1696
1784
1883
2004
2144
2312
2486
2528
2432
2231
2072
1955
1879
1875
1941
2078
2198
2267
2230
2182
2104
2042
2042
2081
2136
2184
2216
2210
2186
2148
2111
2122
2156
2167
2102
1990
1919
1914
1959
2027
2055
2060
2076
2084
2119
2171
2261
2329
2346
2262
2155
2058
2033
2047
2098
2138
2153
2128
2091
2040
1988
1980
2012
2034
2032
2005
1986
2014
2085
2173
2237
2255
2196
2105
2007
1921
1881
1913
1999
2121
2226
2280
2277
2213
2126
2052
2035
2060
2108
2132
2139
2118
2087
2065
2075
2096
2103
2098
2108
2139
2200
2288
2368
2392
2376
1801
1718
1803
1950
2079
2200
2337
2395
2300
2146
2090
2113
2072
1944
1873
1983
2181
2328
2390
2451
2438
2294
2084
1973
2048
2187
2269
2296
2308
2275
2212
2230
2330
2376
2258
2076
1928
1802
1681
1674
1818
1959
1987
2010
2076
2114
2100
2103
2136
2111
1990
1968
2143
2327
2343
2222
2077
1936
1888
2029
2242
2250
2010
1803
1865
2096
2249
2310
2337
2287
2160
2152
2331
2461
2350
2106
1944
1961
2096
2218
2211
2076
1938
1915
1993
2053
2078
2113
2176
2214
2193
2115
2052
2041
2067
2072
2046
1958
1782
1607
1615
1835
2110
2309
2374
2249
1952
1698
1663
1670
1643
1731
1886
1995
2152
2415
2518
2385
2233
2219
2189
2094
2088
2189
2207
2171
2230
2260
2476
2266
1997
1781
1712
1823
2039
2258
2389
2403
2312
2141
1949
1820
1804
1902
2041
2147
2169
2116
2031
1958
1942
2012
2142
2302
2412
2429
2314
2102
1807
1560
1448
1520
1761
2085
2387
2588
2642
2553
2364
2152
1996
1929
1918
1960
1995
2017
2048
2076
2099
2097
2069
2024
1978
1930
1896
1876
1906
1981
2088
2186
2235
2231
2189
2136
2089
2085
2120
2170
2187
2121
1978
1829
1739
1776
1934
2167
2392
2529
2510
2345
2122
1927
1832
1870
1990
2144
2270
2307
2239
2094
1931
1846
1869
1996
2138
2218
2206
2106
1946
1818
1800
1919
2112
2272
2330
2252
2108
1973
1905
1940
2060
2228
2361
2409
2330
2148
1981
1892
1925
2051
2179
2256
2234
2130
1978
1863
2221
2149
2080
2133
2300
2407
2325
2178
2131
2133
2056
1907
1808
1762
1818
1995
2106
2092
2242
2516
2487
2126
1831
1768
1721
1687
1835
2170
2500
2728
2831
2724
2454
2203
1999
1734
1552
1672
2009
2263
2307
2238
2212
2226
2151
2040
2034
2032
1923
1925
2220
2607
2879
3001
2899
2597
2212
1874
1680
1746
2006
2264
2325
2152
1956
1872
1743
1501
1407
1571
1739
1851
1974
2079
2111
2169
2247
2191
1992
1828
1864
1990
2056
2133
2253
2207
1952
1854
2031
2158
2048
1881
1759
1713
1754
1885
2112
2349
2450
2408
2332
2225
2105
2069
2074
2051
2084
2193
2323
2456
2534
2523
2440
2256
2020
1933
1975
1964
1962
2122
2325
2432
2394
2240
2081
1998
1784
1478
1956
2001
2030
2071
2102
2135
2170
2201
2198
2168
2125
2069
2021
2023
2083
2196
2296
2331
2290
2170
2008
1854
1796
1864
2052
2275
2435
2443
2293
2022
1733
1550
1574
1817
2177
2488
2634
2558
2296
1964
1700
1604
1731
2022
2327
2499
2462
2232
1926
1659
1543
1621
1892
2244
2534
2632
2509
2269
2001
1820
1781
1877
2088
2345
2548
2594
2456
2212
2000
1908
1972
2122
2264
2351
2337
2215
2000
1725
1483
1368
1454
1731
2117
2457
2625
2599
2448
2255
2086
1974
1912
1894
1928
2028
2160
2246
2202
1979
1648
1374
1305
1508
1908
2395
2824
3044
2987
2676
2206
1772
1519
1544
1796
2158
2430
2498
2360
2111
1885
1768
1775
1890
2102
2398
2722
2970
3049
2901
1681
1636
1685
1880
2144
2252
2249
2357
2577
2656
2360
1949
1802
1913
1970
1922
1893
1776
1566
1555
1984
2373
2304
2120
2231
2339
2155
2015
2056
2026
1808
1762
1944
1998
1787
1705
1916
2212
2320
2307
2344
2441
2487
2440
2386
2361
2104
1650
1335
1427
1778
2036
2099
2257
2538
2630
2328
1990
1928
2048
2025
1948
2056
2210
2147
1928
1733
1707
1841
2054
2221
2212
2127
2014
1820
1502
1289
1390
1734
2092
2260
2313
2371
2538
2571
2367
2112
1955
1801
1705
1910
2272
2331
1898
1393
1248
1440
1726
2079
2487
2885
3142
3150
2821
2358
2116
2153
2232
2034
1727
1744
2088
2415
2483
2319
2005
1685
1397
1251
1456
2054
2797
3131
2828
2170
1694
1671
1870
2786
2576
2205
1848
1728
1872
1962
1777
1453
1299
1375
1539
1761
2179
2795
3252
3160
2498
1604
881
629
901
1627
2592
3383
3655
3391
2844
2302
1901
1809
2118
2614
2830
2488
1793
1207
1032
1265
1831
2585
3279
3638
3444
2650
1465
280
1
3
521
1939
3176
3673
3381
2619
1862
1598
1943
2584
3180
3599
3657
3150
2095
1058
716
1184
2030
2755
3096
2805
1779
299
2
3
2
774
1794
2682
3425
3678
3287
2666
2428
2700
3073
3103
2717
1965
983
262
399
1279
2122
2254
1653
822
225
122
735
1908
3084
3739
3939
4012
4012
3704
3334
3512
4095
4095
3059
1097
1
1
79
662
1181
1524
1532
1324
1252
1432
1580
1516
1423
1640
2109
2041
2676
3275
3527
3232
2571
1824
1353
1307
1618
2009
2337
2566
2822
3126
3366
3359
2924
2136
1223
541
400
921
1979
3203
4095
4095
4003
2992
1728
674
77
1
286
802
1436
2136
2786
3203
3264
2887
2199
1501
1081
1180
1800
2740
3664
4095
4000
3119
1788
503
1
1
519
1672
2761
3453
3618
3232
2481
1611
956
738
1015
1621
2360
3056
3542
3623
3238
2376
1228
109
2
2
2
1030
2597
3927
4095
4095
3220
1840
626
3
2
477
1590
2893
3987
4095
4095
3509
2281
1023
79
2
5
746
1924
3158
4086
4095
4019
3088
1921
982
589
837
1662
2832
3979
4095
4095
3873
2689
1492
644
308
445
904
1554
2176
2620
2833
2872
1916
1061
151
1
1
1
2
1
1
2
3
3
135
1224
2342
3346
4095
4095
4095
4095
4095
4095
4095
3760
2971
2286
1790
1468
1290
1180
1061
953
881
845
844
891
973
1049
1074
1041
966
981
1205
1714
2440
3282
4026
4095
4095
4095
4095
4095
3582
2833
1930
923
2
3
2
2
3
2
1
603
1828
3109
4095
4095
4095
4095
4095
4095
4095
4095
4095
3023
1245
2
1
1
2
2
1
2
0
2
405
2192
3780
4095
4095
4095
4095
4095
4095
4095
4095
4087
3108
2125
1376
998
907
979
1042
1006
800
560
368
247
165
146
121
175
330
691
1350
2290
3483
4095
4095
4095
4095
4095
4095
4095
4095
3088
3
221
1115
2100
3091
4063
4095
4095
4095
4095
4095
4095
4095
4095
4095
4095
4095
3796
2738
1651
584
2
1
2
2
2
3
0
3
1
2
2
2
1
1
2
483
1614
2747
3805
4095
4095
4095
4095
4095
4095
4095
4095
4095
4095
4095
4095
4095
3241
2246
1291
424
2
2
3
2
2
2
2
4
1
1
2
2
572
1263
1950
2625
3277
3881
4095
4095
4095
4095
4095
4095
4095
4095
4095
4095
4095
4095
3762
3054
2261
1464
666
3
4
1
2
3
1
1
1
3
2
2
3
3
3
1
728
1632
2498
3318
4053
4095
4095
4095
4095
4095
4095
4095
4095
4095
4095
4095
4095
4095
4095
4095
4095
2173
1347
504
1
3
3
2
2
3
2
3
1
3
2
1
1
1
2
1
1
1
1
2
1
1
3
3
2
2
2
3
3
2
3
2
1
4
4
2
3
2
4
2
3
13
801
1702
2572
3412
4095
4095
4095
4095
4095
4095
4095
4095
4095
4095
4095
4095
4095
4095
4095
4095
4095
4095
4095
4095
4095
4095
4095
4095
4095
4095
4095
4095
4095
4095
4095
4095
4095
4095
4095
4095
4095
4095
4095
4095
4095
3968
3161
2339
1543
782
66
4
4
2
3
1
2
4
3
1
3
2
1
1
2
1
3
3
1
4
3
3
1
1
1
4
2
2
2
2
1
1
2
