2084
2085
2089
2073
2097
2060
2086
2099
2081
2107
2096
2103
2092
2106
2104
2107
2101
2107
2102
2082
2094
2094
2088
2082
2086
2096
2110
2095
2084
2103
2098
2088
2100
2093
2106
2124
2118
2102
2097
2094
2077
2103
2096
2072
2087
2087
2103
2107
2097
2078
2099
2106
2100
2111
2082
2122
2098
2099
2080
2099
2104
2085
2110
2100
2092
2124
2108
2106
2113
2111
2110
2114
2112
2107
2096
2095
2085
2101
2092
2112
2130
2103
2104
2104
2108
2116
2125
2107
2116
2105
2105
2096
2122
2098
2123
2124
2104
2083
2089
2091
2095
2104
2109
2131
2111
2091
2110
2107
2082
2068
2088
2094
2112
2089
2094
2089
2088
2111
2114
2094
2113
2128
2092
2097
2110
2102
2110
2112
2076
2052
2105
2117
2110
2078
2078
2076
2079
2057
2080
2096
2067
2090
2102
2082
2086
2104
2102
2105
2072
2087
2096
2125
2112
2101
2073
2088
2098
2071
2111
2103
2107
2099
2077
2087
2096
2107
2093
2117
2104
2088
2095
2077
2070
2105
2068
2053
2046
2066
2104
2081
2087
2099
2130
2071
2091
2071
2067
2081
2103
2094
2085
2081
2094
2089
2096
2061
2070
2084
2073
2076
2101
2095
2096
2133
2108
2094
2055
2074
2091
2089
2088
2101
2063
2064
2090
2098
2080
2084
2096
2079
2114
2115
2099
2094
2110
2111
2106
2098
2088
2072
2081
2111
2108
2108
2104
2072
2094
2093
2106
2088
2104
2064
2089
2096
2103
2119
2090
2100
2079
2104
2096
2099
2104
2078
2068
2098
1951
1940
1951
1960
1974
2000
1988
2006
1966
1993
1996
2007
2035
2013
2053
2032
2042
2049
2037
2071
2082
2091
2079
2107
2128
2158
2164
2176
2178
2204
2247
2251
2274
2285
2306
2306
2328
2316
2322
2344
2330
2347
2360
2377
2372
2364
2357
2359
2327
2330
2305
2304
2286
2281
2276
2252
2218
2205
2186
2124
2127
2103
2107
2054
2035
2020
1973
1957
1962
1928
1934
1910
1866
1863
1860
1870
1875
1881
1868
1856
1834
1839
1857
1864
1890
1887
1861
1890
1904
1912
1904
1948
1960
1961
1961
1963
1980
1987
1992
1976
2022
2019
2017
2010
2029
2023
2055
2087
2087
2085
2100
2125
2135
2157
2176
2170
2160
2191
2208
2220
2242
2255
2254
2272
2282
2300
2305
2304
2049
2084
2119
2150
2172
2189
2169
2162
2130
2123
2110
2051
1989
1970
1922
1914
1882
1896
1895
1916
1926
1977
2033
2072
2120
2176
2215
2258
2273
2279
2278
2262
2264
2256
2208
2210
2191
2151
2128
2085
2072
2081
2068
2080
2081
2056
2088
2103
2103
2093
2120
2130
2152
2192
2169
2192
2156
2137
2077
2055
2015
1994
1992
1994
2002
2013
2043
2081
2113
2138
2172
2173
2130
2089
2048
1994
1913
1858
1839
1838
1844
1863
1940
1971
2050
2109
2181
2233
2238
2272
2292
2258
2224
2194
2144
2096
2042
2026
1982
1984
1982
1981
2008
2028
2049
2074
2081
2126
2166
2161
2158
2136
2138
2113
2102
2097
2056
2031
2026
1990
1942
1944
1978
2012
2048
2107
2194
2256
2395
2329
2245
2137
1999
1899
1853
1853
1856
1837
1824
1846
1891
1953
2007
2074
2135
2217
2303
2352
2343
2280
2196
2116
2082
2076
2084
2094
2086
2095
2103
2098
2073
2031
2020
2039
2056
2056
2022
1952
1886
1832
1840
1895
1990
2088
2174
2248
2291
2306
2298
2271
2248
2241
2233
2217
2210
2204
2164
2081
1991
1957
1954
1932
1903
1911
1963
2002
1980
1936
1938
2008
2100
2176
2244
2280
2235
2114
1981
1888
1840
1797
1808
1895
1994
2033
2063
2154
2322
2437
2452
2441
2491
2540
2505
2399
2280
2196
2091
1926
1735
1579
1496
1482
1576
1756
1916
1968
1959
2022
2193
2348
2400
2365
2367
2399
2423
2379
2280
2178
2078
2024
2030
2076
2110
2112
2092
2069
2204
2077
1963
1879
1884
1965
2080
2183
2248
2285
2308
2299
2283
2253
2200
2122
2015
1923
1888
1877
1894
1904
1908
1910
1916
1967
2055
2184
2311
2408
2425
2357
2209
2035
1884
1811
1787
1818
1904
2028
2190
2351
2478
2536
2510
2371
2166
1944
1730
1630
1644
1786
1992
2203
2364
2469
2522
2496
2403
2256
2080
1918
1802
1781
1854
2013
2227
2416
2518
2504
2374
2172
1944
1727
1565
1490
1547
1718
1945
2161
2303
2365
2380
2338
2255
2139
1993
1870
1768
1726
1757
1854
1988
2131
2256
2329
2333
2258
2136
2005
1920
1893
1940
2028
2115
2160
2162
2146
2142
2131
2106
2060
2005
1953
1946
1998
2118
2283
2421
2490
2493
2434
2352
2256
2188
2143
2093
2021
1956
2177
2277
2200
2069
2051
2168
2262
2263
2221
2190
2150
2072
1968
1888
1876
1954
2062
2116
2102
2090
2167
2258
2301
2275
2210
2091
1979
1948
1964
1952
1922
1948
2030
2109
2185
2296
2384
2367
2265
2162
2116
2093
2053
1936
1750
1604
1640
1854
2071
2168
2150
2133
2166
2204
2184
2079
1969
1971
2063
2116
2092
2035
2004
1983
1995
2051
2117
2128
2106
2108
2144
2157
2114
2115
2171
2212
2175
2136
2173
2283
2376
2394
2355
2294
2222
2117
2007
1888
1803
1817
2001
2268
2466
2528
2501
2450
2373
2190
1955
1790
1769
1830
1886
1888
1884
1939
2053
2205
2309
2356
2330
2278
2181
2037
1859
1732
1737
1879
2084
2260
2338
2313
2207
2083
1999
1976
1986
1909
1649
1518
1671
2031
2295
2277
2084
1946
1973
2088
2102
1969
1792
1718
1777
1927
2110
2309
2502
2644
2658
2525
2273
1954
1692
1589
1680
1887
2096
2178
2190
2264
2438
2524
2376
2061
1793
1740
1865
2028
2088
2105
2170
2287
2431
2548
2612
2517
2177
1716
1413
1456
1711
1957
2183
2516
2945
3168
2946
2429
2004
1866
1909
2032
2133
2230
2254
2173
2017
1933
2000
2132
2139
2029
1873
1732
1635
1617
1702
1864
2032
2170
2236
2259
2205
2079
1964
1928
1956
2057
2186
2304
2383
2377
2241
1946
1573
1337
1360
1552
1691
1680
1715
1935
2182
2268
2262
2347
2429
2314
2043
1962
2196
2454
2468
2290
2148
2114
2083
2068
2143
2307
2397
2356
2229
2061
1857
2263
2390
2423
2368
2250
2106
2009
1982
2046
2142
2264
2333
2324
2232
2099
1950
1858
1855
1966
2090
2198
2236
2202
2150
2080
2030
2037
2100
2213
2335
2424
2394
2255
2068
1883
1747
1676
1710
1812
2000
2217
2385
2439
2362
2201
2047
1915
1864
1892
2019
2191
2377
2508
2525
2420
2230
2044
1911
1852
1868
1960
2079
2175
2210
2126
1999
1837
1686
1615
1657
1817
2026
2249
2401
2447
2415
2320
2202
2068
1980
1947
1996
2092
2204
2277
2282
2221
2122
2013
1925
1907
1966
2073
2180
2249
2286
2253
2164
2029
1882
1796
1814
1954
2130
2306
2425
2452
2367
2175
1922
1707
1626
1755
2025
2316
2520
2602
2559
2375
2150
1944
1841
1860
1963
2088
2182
2242
2205
2505
2370
2231
1951
1612
1473
1573
1695
1887
2126
2397
2535
2570
2446
2261
2178
2186
2131
2057
2054
2190
2222
2123
2130
2168
2109
1936
1711
1528
1518
1669
1953
2268
2510
2531
2350
2150
1990
1759
1570
1528
1660
1818
1921
1937
1951
2042
2236
2355
2336
2234
2118
1969
1816
1811
1896
2040
2170
2200
2144
2052
2025
2095
2095
1963
1806
1759
1870
2049
2294
2484
2453
2213
1936
1872
1895
1874
1929
2118
2274
2298
2272
2294
2215
1988
1901
2014
2180
2250
2293
2345
2337
2200
2034
1958
1927
1903
1904
1962
2038
2069
2073
2107
2183
2212
2194
2228
2237
2168
2100
2147
2140
2124
2151
2190
2134
2024
1936
1823
1736
1850
2084
2162
2112
2122
2195
2220
2220
1408
1571
1898
2268
2570
2674
2624
2408
2055
1748
1607
1635
1833
2080
2319
2401
2355
2210
2039
1902
1833
1868
1983
2145
2250
2273
2163
1938
1726
1618
1717
1976
2350
2706
2887
2841
2600
2324
2024
1811
1757
1828
2005
2222
2384
2421
2329
2118
1842
1591
1521
1572
1741
1954
2161
2340
2419
2387
2220
1987
1784
1733
1776
1886
2019
2125
2222
2293
2290
2242
2134
2057
2026
2020
2019
2040
2073
2138
2226
2280
2255
2174
2078
2015
1970
1996
2068
2174
2282
2348
2316
2149
1916
1739
1782
1934
2152
2320
2401
2380
2292
2138
1976
1852
1840
1953
2168
2398
2537
2536
2392
2159
1964
1838
1843
1935
2041
2146
2156
2059
1943
1773
1644
1592
1629
1727
1872
2035
2206
2338
2639
2816
2623
2098
1658
1662
1994
2298
2373
2266
2075
1831
1600
1518
1582
1614
1578
1674
2093
2670
3014
2899
2475
2093
1919
1900
1891
1846
1830
1892
2095
2410
2666
2740
2580
2254
1926
1664
1499
1470
1618
1853
2058
2157
2228
2304
2348
2281
2119
1972
1886
1807
1664
1480
1428
1688
2254
2782
3048
3002
2823
2631
2416
2175
1970
1918
2029
2184
2293
2320
2383
2515
2661
2704
2532
2139
1631
1231
1071
1140
1366
1661
1984
2302
2545
2639
2597
2430
2149
1795
1517
1426
1521
1704
1918
2134
2346
2497
2527
2461
2380
2309
2202
2076
2005
2062
2177
2271
2304
2330
2334
2209
1968
1791
1806
1951
2081
2145
2212
2271
2268
2227
2272
2414
2480
2310
3301
2752
2412
2309
2383
2524
2653
2673
2521
2151
1573
908
354
39
28
285
731
1267
1819
2267
2481
2424
2174
1930
1913
2197
2698
3223
3592
3671
3522
3283
3066
2851
2540
2088
1605
1264
1204
1451
1849
2150
2160
1913
1548
1306
1354
1680
2100
2434
2600
2632
2642
2734
2910
3037
2962
2567
1951
1339
942
873
1084
1442
1748
1925
2027
2183
2467
2804
3040
3063
2837
2457
2070
1821
1716
1660
1458
1105
709
501
663
1254
2072
2802
3181
3160
2888
2597
2445
2466
2544
2543
2473
2404
2418
2548
2795
3049
3150
3003
2632
2164
1737
1386
1048
642
166
1
1
1
360
1551
2929
4095
4095
4095
4095
4095
3854
2928
1960
1116
568
504
922
1611
2407
3219
3707
3806
3552
3036
2434
1847
1328
875
472
181
81
320
938
1848
2877
3752
4095
4095
3707
2876
1987
1251
784
623
752
1125
1682
2393
3166
3890
4095
4095
4095
3844
2954
1928
999
343
77
199
617
1215
1856
2491
3062
3505
3773
3848
3680
3259
2559
1604
580
2
4
1
20
946
2130
3182
3926
4095
4095
4095
3813
3286
2636
1949
1303
812
582
649
993
1494
2041
2496
2758
2777
2546
2146
1674
1208
848
590
464
506
753
1223
1900
2728
3574
4095
4095
4095
4095
4095
3528
2619
1769
1108
704
561
653
926
1360
1846
2300
2575
2590
2308
1754
1040
328
1
3
2
90
818
1791
2893
4061
4095
4095
4095
4095
4095
4095
4095
4095
4095
4026
3199
2248
1291
455
1
2
2
70
626
1189
1615
1857
1905
1901
1889
1945
2051
2169
2224
2295
2495
2954
3639
4095
4095
4095
4095
4095
4044
3274
2387
1492
683
48
1
1
21
446
880
1222
1399
1425
1361
1331
1316
1385
1543
1744
2014
2318
2674
3102
3592
4058
4095
4095
4095
4095
4095
3834
3352
2639
1750
831
32
3
1
1
2
324
915
1508
2104
2705
3256
3626
3749
3536
3051
2415
1762
1275
980
867
937
1137
1519
2063
2720
3410
3928
4095
4092
3836
3447
3071
2717
2332
1954
1578
1298
1193
1301
1618
1980
2272
2352
2172
1810
1382
932
457
2
1
2
0
0
0
0
280
1869
3440
4095
