2095
2078
2093
2096
2091
2095
2082
2091
2084
2074
2107
2107
2120
2103
2093
2096
2120
2096
2103
2111
2111
2107
2102
2110
2118
2097
2095
2100
2092
2089
2089
2113
2102
2105
2089
2085
2102
2095
2093
2082
2104
2098
2089
2127
2115
2096
2089
2110
2100
2094
2086
2083
2088
2086
2093
2099
2103
2094
2089
2109
2101
2123
2108
2110
2112
2090
2097
2101
2090
2100
2085
2120
2112
2078
2079
2096
2085
2086
2111
2103
2086
2099
2093
2103
2094
2081
2084
2100
2110
2084
2089
2077
2092
2114
2086
2088
2082
2091
2095
2095
2101
2115
2110
2097
2106
2080
2096
2112
2102
2094
2073
2061
2084
2089
2106
2089
2094
2078
2083
2081
2074
2076
2099
2105
2109
2097
2102
2079
2074
2076
2100
2089
2075
2098
2098
2085
2105
2101
2095
2070
2090
2075
2091
2093
2075
2064
2075
2092
2085
2087
2078
2078
2073
2095
2071
2092
2092
2106
2107
2110
2073
2081
2096
2084
2059
2106
2087
2090
2088
2088
2091
2077
2064
2094
2107
2120
2106
2104
2100
2082
2114
2079
2069
2087
2120
2101
2091
2100
2103
2122
2098
2085
2086
2091
2071
2108
2098
2080
2106
2077
2088
2080
2101
2091
2104
2089
2099
2088
2096
2093
2096
2118
2112
2105
2076
2087
2096
2093
2104
2089
2104
2084
2072
2076
2076
2079
2071
2070
2077
2069
2094
2089
2095
2099
2095
2088
2083
2106
2126
2130
2115
2096
2110
2115
2094
2107
2086
2070
2107
2109
2098
2107
2111
2087
2094
2099
2096
2078
2069
2068
2082
2064
2069
2066
2060
2048
2048
2045
2040
2058
2048
2066
2060
2075
2087
2093
2086
2080
2107
2115
2119
2137
2123
2123
2121
2131
2093
2122
2095
2107
2099
2089
2061
2032
2015
2025
2001
1974
1989
1981
1985
2000
1992
2011
2003
2031
2038
2040
2040
2051
2068
2114
2115
2118
2117
2134
2128
2131
2155
2145
2166
2157
2150
2138
2121
2098
2084
2079
2058
2036
2015
1985
1989
1984
2008
2005
1999
2009
2027
2053
2067
2080
2120
2141
2186
2216
2217
2231
2252
2276
2287
2283
2300
2296
2263
2268
2224
2218
2185
2165
2129
2102
2058
2032
2014
2014
1980
1967
1942
1944
1918
1943
1963
1933
1962
1962
1994
2024
2054
2050
2089
2117
2127
2144
2036
2002
1971
2005
2067
2085
2135
2153
2140
2105
2068
2040
2008
2019
2061
2079
2083
2082
2088
2078
2071
2066
2094
2106
2155
2194
2255
2306
2274
2230
2156
2048
1958
1883
1841
1900
1938
2040
2136
2208
2264
2306
2321
2321
2286
2253
2211
2203
2177
2173
2187
2144
2111
2100
2069
2038
2065
2093
2137
2174
2193
2187
2159
2188
2185
2174
2182
2189
2214
2146
2085
1995
1939
1919
1944
1993
2087
2137
2190
2203
2164
2166
2167
2223
2261
2293
2311
2254
2148
2027
1881
1843
1827
1829
1863
1877
1897
1951
2035
2177
2292
2366
2382
2336
2290
2198
2150
2138
2137
2095
2031
1971
1874
1863
1878
1930
2013
2106
2171
2256
2312
2283
2187
2067
1941
1880
1851
1929
2372
2301
2236
2098
2015
1966
1939
1968
1992
2017
2051
2087
2129
2154
2171
2127
2072
2026
1992
2009
2069
2104
2126
2151
2147
2134
2138
2136
2132
2131
2144
2131
2126
2155
2162
2160
2163
2150
2144
2130
2096
2061
2030
1999
1996
2000
2029
2041
2044
2049
2031
2055
2073
2086
2069
2055
2055
2063
2104
2127
2166
2181
2162
2129
2057
2025
1986
1970
1951
1970
2048
2104
2193
2231
2305
2335
2280
2229
2134
2063
1977
1964
1951
1984
2024
2072
2112
2172
2215
2189
2149
2119
2044
2013
2002
2026
2052
2089
2119
2107
2111
2125
2078
2055
2057
2046
2053
2075
2145
2171
2165
2136
2077
2009
1930
1885
1868
1913
1978
2051
2169
2248
2313
2329
2280
2166
2041
1930
2097
2151
2133
2144
2214
2242
2233
2219
2214
2186
2083
2030
2011
2045
2040
2028
2022
2075
2053
2075
2174
2239
2213
2067
1926
1822
1856
1910
1928
1917
1954
1986
1971
2019
2126
2248
2259
2229
2117
2012
1985
2048
2068
1947
1838
1832
1942
2036
2055
2011
2013
2037
2082
2195
2364
2417
2358
2200
2166
2144
2111
2064
2066
2037
1938
1877
1969
2145
2217
2284
2243
2210
2085
1990
1968
1985
1903
1797
1844
2078
2214
2263
2301
2284
2169
2052
2058
2091
2033
1942
1929
2001
2147
2288
2321
2255
2141
2042
1939
1863
1904
1926
1909
1853
1992
2216
2392
2392
2390
2383
2275
2100
1932
1834
1820
1724
1702
1793
1994
2205
2286
2315
2275
2178
2109
2063
2084
2150
1829
1816
1942
2073
2232
2313
2292
2277
2187
2073
1995
1981
2007
2096
2198
2256
2250
2206
2113
2072
2088
2132
2197
2234
2197
2121
1988
1860
1787
1797
1900
2126
2352
2482
2482
2367
2131
1880
1703
1672
1763
1965
2246
2421
2448
2388
2217
1992
1849
1821
1880
2000
2136
2206
2184
2091
1970
1877
1882
1964
2086
2178
2191
2152
2079
1987
1910
1911
2017
2150
2292
2396
2353
2284
2173
2035
1954
1971
2093
2210
2275
2282
2150
2032
1839
1729
1763
1952
2197
2468
2625
2614
2421
2120
1818
1594
1532
1636
1853
2137
2378
2453
2401
2233
2018
1833
1786
1850
1952
2104
2208
2231
2192
2126
2021
2001
2002
2037
2069
2072
2055
1986
1950
1956
2028
2077
2166
2128
2152
2183
2175
2253
2332
2318
2187
2036
1892
1866
1897
1935
1924
2004
2075
2106
2086
2084
2064
2025
2035
2054
2084
2078
2150
2198
2132
2018
1922
1909
1931
1968
1976
2020
2138
2208
2246
2231
2189
2128
2048
1979
1916
1910
1990
2103
2188
2227
2339
2482
2522
2467
2324
2133
1952
1852
1847
1874
1929
2019
2085
2120
2136
2138
2165
2178
2229
2315
2377
2380
2307
2154
1949
1873
1947
2010
2011
2012
2039
2051
2004
2009
2050
2080
2015
1968
1914
1947
1950
1928
1911
2036
2157
2126
2056
2106
2192
2158
1988
1913
2000
2103
2178
2217
2152
2063
1979
1935
2001
2136
2208
2156
2049
2036
2068
2065
2010
1940
1952
1996
2041
2101
2219
2238
2170
2193
2338
2409
1818
1925
2112
2274
2354
2339
2239
2028
1789
1555
1476
1535
1789
2073
2297
2406
2384
2344
2245
2110
1930
1788
1752
1844
2060
2252
2394
2419
2342
2278
2217
2154
2043
1938
1947
2024
2163
2224
2199
2116
2046
2047
2113
2089
1940
1810
1747
1823
1968
2177
2333
2413
2368
2242
2038
1868
1814
1889
2119
2344
2482
2473
2314
2143
1998
1907
1884
1955
2085
2263
2372
2388
2282
2136
2031
1965
1939
1958
2011
2104
2263
2405
2458
2376
2222
2069
1972
2003
2082
2108
2112
2097
2083
2127
2148
2128
2083
2061
1980
1834
1694
1615
1736
2051
2319
2481
2413
2247
2090
1938
1804
1711
1809
2044
2296
2443
2398
2268
2120
1986
1910
1882
1909
1931
1949
2010
2119
2259
1678
1788
1949
1994
1901
1768
1676
1691
1771
1848
1926
2030
2142
2297
2383
2344
2225
2110
2093
2178
2273
2281
2167
2116
2152
2268
2287
2192
1971
1800
1846
2128
2466
2687
2671
2469
2237
2046
1911
1832
1744
1724
1796
1965
2167
2258
2219
2117
1991
1912
1838
1801
1775
1816
1961
2179
2397
2513
2475
2324
2110
2025
2051
2113
2150
2085
1981
1946
1970
2092
2275
2382
2365
2189
1973
1784
1746
1911
2197
2460
2568
2482
2217
1908
1685
1622
1770
1993
2157
2201
2159
2100
2134
2242
2363
2394
2314
2091
1816
1584
1466
1525
1704
1959
2182
2280
2248
2196
2156
2176
2236
2281
2273
2190
2010
1849
1785
1828
1989
2187
2345
2388
2300
2163
2079
2107
2227
2396
2159
2285
2178
1880
1594
1483
1578
1862
2174
2323
2356
2360
2171
1734
1353
1519
2216
2763
2767
2452
2199
2171
2217
2187
1922
1419
1186
1583
2109
2120
1880
1974
2428
2649
2374
1912
1642
1521
1618
1900
2258
2597
2890
3010
2783
2370
2014
1897
1964
2177
2437
2454
2145
1813
1648
1606
1582
1636
1966
2456
2886
3018
2730
2304
1963
1815
1757
1615
1464
1512
1709
1801
1732
1726
1972
2367
2600
2645
2600
2509
2385
2308
2332
2363
2323
2151
1876
1631
1452
1453
1686
2059
2367
2564
2741
2820
2595
2135
1785
1758
1928
2063
2165
2269
2252
1922
1524
1407
1600
1763
1800
1813
2056
2341
2435
2393
2407
2486
2449
2322
2212
2160
2048
1850
1670
1564
1662
1910
1854
1574
1484
1660
1968
2276
2463
2414
2136
1770
1426
1250
1314
1599
2046
2462
2743
2789
2589
2196
1791
1470
1364
1524
1822
2229
2584
2760
2683
2458
2128
1854
1750
1824
2012
2230
2416
2470
2382
2186
1930
1766
1706
1812
2135
2469
2712
2790
2627
2341
1956
1661
1513
1573
1773
2014
2213
2309
2248
2092
1879
1791
1824
2014
2273
2519
2650
2584
2366
2021
1654
1427
1446
1659
2018
2380
2677
2762
2606
2252
1808
1391
1191
1272
1621
2115
2606
2937
2986
2759
2341
1862
1430
1168
1062
1162
1457
1908
2333
2597
2642
2538
2355
2242
2129
2041
1985
1911
1984
2118
2194
2186
2091
2018
2042
2111
2199
2264
2320
2349
2348
2320
2270
2178
2139
2192
2246
2254
572
836
1456
2099
2526
2716
2733
2617
2264
1629
829
314
473
1249
2324
3262
3824
3993
3792
3377
2830
2250
1696
1264
1269
1729
2328
2852
3108
2961
2508
1893
1403
1211
1310
1637
2077
2609
3157
3555
3586
3150
2192
997
0
0
0
287
1369
2458
3351
3932
4095
4028
3522
2700
1852
1222
912
905
1083
1384
1640
1802
1777
1529
1162
763
555
737
1356
2285
3266
4040
4095
4095
4095
3614
2762
1695
546
0
0
0
371
1242
1984
2556
3028
3442
3636
3521
3140
2608
2290
2305
2579
2793
2729
2407
1980
1654
1456
1285
1019
650
415
578
1197
1972
2611
2944
3011
2959
2787
2494
2018
1396
840
554
744
1257
1947
2565
3070
3464
3713
3742
4095
4095
4095
4095
4095
4095
4004
2987
1911
895
34
2
1
0
2
2
94
1016
2166
3330
4095
4095
4095
4095
4095
4095
4095
3656
2305
962
1
1
1
1
0
0
0
74
1424
3060
4095
4095
4095
4095
4095
4095
4095
4095
2900
1120
2
0
0
0
1
1
0
0
278
1855
3490
4095
4095
4095
4095
4095
4095
4095
4095
3658
2198
821
1
0
0
2
1
1
1
1
0
923
2547
4095
4095
4095
4095
4095
4095
4095
4095
4095
4095
2933
1502
158
0
1
1
0
1
0
1
121
1229
2438
3490
4095
4095
4095
4095
4095
4095
3902
3352
2865
2386
1978
1609
1291
988
635
362
147
40
103
315
671
7
1
0
0
0
0
0
0
0
0
1
95
596
1140
1743
2375
2983
3606
4095
4095
4095
4095
4095
4095
4095
4095
4095
4095
4095
4095
4095
4095
4095
3956
3053
2061
1069
84
0
0
0
2
0
0
0
0
0
0
0
0
0
0
0
0
1
602
1779
2938
4077
4095
4095
4095
4095
4095
4095
4095
4095
4095
4095
4095
4095
4095
4095
4095
4095
4095
4095
4095
2985
1628
275
1
3
1
1
0
2
0
0
0
1
0
2
1
0
1
1
0
0
544
1912
3230
4095
4095
4095
4095
4095
4095
4095
4095
4095
4095
4095
4095
4095
4095
4095
4095
4095
4095
4095
2931
1499
76
1
1
0
1
