2080
2078
2087
2088
2079
2084
2077
2092
2089
2086
2090
2112
2084
2079
2089
2085
2094
2091
2072
2081
2090
2089
2065
2079
2089
2097
2075
2084
2085
2099
2096
2080
2082
2100
2089
2109
2097
2089
2097
2086
2105
2099
2087
2116
2085
2101
2070
2088
2098
2107
2114
2089
2098
2086
2091
2108
2083
2088
2086
2075
2088
2105
2094
2094
2096
2092
2088
2100
2106
2116
2096
2100
2105
2102
2106
2088
2094
2091
2099
2096
2085
2113
2119
2127
2096
2090
2111
2080
2099
2106
2103
2102
2087
2104
2101
2096
2104
2108
2083
2116
2103
2102
2077
2064
2080
2074
2109
2120
2116
2101
2083
2105
2118
2085
2099
2105
2097
2094
2098
2092
2100
2095
2096
2090
2075
2098
2106
2097
2050
2043
2041
2034
2050
2061
2057
2074
2059
2050
2066
2072
2066
2075
2072
2078
2081
2087
2100
2103
2089
2069
2095
2097
2082
2081
2088
2087
2111
2101
2104
2099
2107
2088
2072
2094
2115
2099
2109
2089
2090
2102
2097
2094
2090
2100
2071
2076
2098
2087
2075
2069
2063
2055
2080
2068
2058
2069
2067
2077
2072
2056
2061
2077
2080
2061
2068
2074
2076
2089
2088
2081
2082
2092
2096
2083
2080
2070
2081
2097
2093
2078
2094
2096
2081
2104
2106
2105
2088
2101
2099
2081
2087
2110
2130
2127
2120
2099
2105
2127
2136
2129
2136
2137
2125
2145
2152
2154
2141
2136
2154
2160
2176
2162
2163
2161
2166
2146
2129
2124
2123
2130
2134
2124
2132
2114
2096
2088
1958
1968
1983
2015
2032
2015
2044
2056
2050
2104
2100
2086
2091
2088
2102
2097
2099
2090
2088
2097
2111
2122
2151
2161
2185
2191
2188
2210
2214
2221
2205
2177
2163
2145
2094
2049
2039
2009
1943
1927
1888
1863
1838
1871
1912
1929
1969
2027
2103
2154
2194
2259
2313
2314
2343
2352
2345
2343
2275
2260
2212
2173
2096
2070
2030
1990
1961
1941
1916
1930
1903
1935
1936
1935
1984
2011
2035
2065
2078
2075
2092
2097
2116
2114
2126
2096
2115
2112
2132
2117
2126
2103
2105
2095
2097
2105
2081
2094
2091
2085
2075
2074
2085
2086
2105
2143
2133
2133
2134
2139
2128
2094
2081
2077
2055
2026
2015
2022
2019
2027
2055
2065
2108
2136
2148
2190
2203
2244
1994
2000
2037
2087
2144
2183
2253
2335
2378
2350
2304
2247
2184
2089
2001
1976
1940
1912
1867
1856
1898
2009
2104
2132
2128
2167
2179
2175
2083
1992
1961
1978
2017
2051
2050
2082
2144
2169
2178
2161
2214
2249
2231
2159
2090
2034
2002
1960
1935
1966
2015
2072
2143
2172
2182
2185
2155
2153
2118
2126
2175
2200
2189
2157
2098
2064
2054
2056
2074
2113
2153
2138
2109
2071
2028
2008
1988
1957
1918
1929
1996
2054
2016
1952
1981
2067
2164
2224
2246
2292
2326
2313
2223
2106
2063
2037
2016
2003
2012
2038
2108
2179
2190
2222
2250
2257
2250
2222
2219
2198
2174
2131
2031
1978
1927
1889
1867
1881
1954
2040
2077
2099
2133
2202
2274
2309
2301
2234
2264
2255
2227
2160
2137
2062
2026
2002
2014
2069
2110
2174
2209
2257
2280
2286
2258
2204
2169
2115
2065
1997
1975
1969
2008
2063
2136
2157
2210
2216
2193
2156
2108
2056
2023
2025
2043
2071
2071
2148
2186
2150
2151
2110
2039
2043
2037
2059
2119
2193
2245
2291
2321
2299
2226
2128
2046
1966
1925
1912
1932
2000
2024
2017
2033
2054
2004
2015
2051
2068
2120
2169
2207
2240
2190
2127
2120
2070
2063
2051
2057
2083
2111
2131
2151
2133
2088
2042
2006
2002
1986
1980
2004
2031
2068
2124
2169
2181
2171
2146
2132
2128
2113
2124
2130
2164
2181
2188
2212
2171
2094
1996
1922
1853
1841
1896
1992
2055
2141
2187
2190
2158
2112
2063
1987
1998
2007
2072
2035
2115
2139
2286
2342
2345
2326
2382
2394
2342
2219
2204
2128
2033
1894
1804
1777
1770
1763
1864
1977
2053
2087
2121
2218
2281
2280
2285
2263
2203
2168
2140
2057
1980
1937
2011
2024
2044
2001
1945
1973
1925
1833
1803
1871
1972
2060
2164
2288
2300
2306
2243
2220
2169
2211
2179
2098
2087
2102
2130
2122
2069
1939
1909
1919
1973
1999
2036
2078
2148
2263
2344
2368
2289
2143
1996
1854
1857
1923
1996
2056
2185
2293
2266
2211
2144
2095
1998
1874
1872
1896
1991
2100
2239
2444
2512
2417
2264
2196
2068
1919
1792
1796
1906
2003
2083
2186
2194
2179
2164
2095
2096
2110
2180
2116
2067
2115
2152
2204
2189
2140
2131
2121
2060
1984
1975
1943
1816
2032
1972
1944
1931
1962
2001
2091
2184
2262
2301
2282
2232
2136
2061
2011
2015
2034
2064
2077
2144
2224
2257
2284
2262
2238
2210
2195
2158
2176
2168
2121
2020
1934
1864
1840
1827
1858
1869
1882
1898
1938
1998
2046
2098
2104
2057
2005
1959
1953
1999
2067
2111
2141
2134
2091
2075
2099
2151
2188
2264
2277
2239
2121
2008
1954
1940
1952
1980
2004
2074
2113
2145
2217
2216
2184
2130
2071
2044
2082
2177
2242
2237
2235
2177
2142
2127
2172
2208
2253
2289
2252
2183
2186
2186
2156
2111
2033
1960
1899
1902
1961
2057
2108
2114
2102
2101
2060
2006
1946
1933
1939
1966
2030
2072
2104
2104
2082
2044
1955
1908
1905
2019
2177
2316
2376
2319
2161
2031
2186
2273
2343
2259
2047
1919
1903
1981
2121
2226
2245
2315
2365
2313
2178
1912
1709
1638
1714
1863
2067
2251
2421
2456
2349
2252
2177
2065
1936
1869
1875
1990
2126
2211
2243
2321
2375
2335
2115
1878
1799
1818
1900
1951
2022
2126
2207
2235
2144
2054
1994
1921
1893
1930
2013
1985
1893
1888
1863
1856
1847
1895
2034
2154
2260
2263
2297
2357
2379
2254
2044
1918
1922
2013
2117
2345
2562
2606
2498
2344
2174
2017
1854
1760
1846
2018
2198
2289
2258
2211
2231
2213
2097
1927
1769
1718
1753
1836
1982
2037
2003
1932
1964
2044
2061
1989
1947
2025
2160
2296
2346
2318
2200
1996
1859
1889
2007
2154
2242
2270
2279
2275
2199
2115
2016
2015
2027
2077
1834
1780
1769
1864
1887
1819
1791
1977
2333
2601
2642
2545
2472
2474
2342
2055
1809
1799
1901
1961
1918
1986
2219
2362
2328
2117
1955
1819
1691
1606
1688
1914
2218
2380
2361
2248
2109
2035
1993
2070
2171
2256
2272
2226
2199
2178
2113
1993
1854
1798
1786
1780
1756
1879
2065
2233
2275
2233
2245
2239
2149
1977
1842
1840
1857
1798
1752
1825
2055
2261
2352
2344
2375
2377
2369
2402
2382
2374
2262
2161
2173
2255
2184
1958
1801
1792
1929
2069
2155
2190
2192
2102
1902
1766
1778
1832
1907
1896
1870
1851
1935
2078
2240
2418
2606
2672
2585
2315
2008
1756
1646
1711
1816
2004
2121
2044
1833
1647
1640
1900
2257
2485
2450
2152
1863
1789
1903
2069
2082
1980
1920
1957
2094
2234
2303
2289
2152
1994
1879
1910
2000
2191
2284
2233
2110
1945
1845
1822
1939
2109
2334
2490
2578
2496
2295
2071
1893
1816
1832
1925
2061
2133
2102
1994
1889
1877
2000
2155
2326
2405
2355
2168
1941
1782
1759
1880
2072
2186
2204
2080
1975
1934
2028
2204
2322
2312
2218
2061
1900
1754
1759
1869
2050
2296
2418
2388
2249
2023
1855
1737
1743
1922
2181
2465
2588
2523
2292
1999
1702
1510
1461
1591
1840
2130
2321
2402
2348
2296
2223
2179
2137
2012
1900
1837
1878
2026
2245
2387
2424
2261
1938
1581
1357
1466
1867
2370
2874
3200
3170
2822
2222
1631
1271
1229
1473
1878
2229
2412
2419
2273
2105
2016
2023
2143
2303
2373
3123
2839
1943
987
714
1363
2182
2567
2478
2396
2511
2650
2448
1955
1719
1979
2282
2048
1469
1220
1427
1723
1879
2274
2897
3186
2667
1771
1282
1459
1865
1930
1607
1254
1334
1748
2259
2572
2779
2915
2816
2383
1914
1631
1685
1816
1831
1924
2273
2740
2986
2793
2428
2153
2005
1640
1266
1340
1841
2312
2300
1727
1267
1361
1864
2464
2875
3033
2932
2662
2337
2087
1898
1731
1745
1967
2283
2477
2563
2478
2210
1832
1555
1518
1649
1707
1727
1951
2232
2226
2012
1974
2135
2231
2168
2108
2193
2267
2339
2361
2208
1862
1603
1751
2231
2635
2755
2447
1786
1043
534
604
1227
2242
3101
3674
3877
3730
3242
2584
1984
1551
1198
1015
964
1093
1369
1880
2798
3070
2983
2494
1759
1042
584
650
1221
2184
3188
3909
4055
3582
2586
1400
409
1
248
1119
2258
3271
3865
3901
3399
2514
1478
713
471
758
1501
2354
3024
3353
3287
2924
2329
1733
1308
1133
1159
1320
1570
1918
2356
2811
3144
3263
3077
2721
2250
1800
1445
1318
1476
1873
2383
2859
3183
3142
2782
2134
1372
775
523
673
1130
1702
2222
2608
2867
2932
2828
2640
2431
2238
2166
2095
1982
1891
1819
1818
1937
2149
2368
2544
2574
2393
2054
1605
1188
925
931
1223
1764
2425
2990
3267
3173
2661
1860
1028
438
357
807
1702
2753
3730
4095
4095
3854
2861
1661
632
82
166
812
1821
2881
3683
4057
3944
3331
2388
1392
633
286
412
3919
4095
4095
4095
4095
4095
3903
3161
2357
1603
998
559
292
174
119
127
230
464
752
1167
1585
1920
2140
2176
2107
2030
2093
2347
2787
3270
3644
3866
3898
3765
3546
3286
2998
2658
2280
1881
1497
1163
931
791
783
845
1039
1304
1728
2310
2995
3737
4095
4095
4095
4095
3538
2649
1754
1020
442
22
0
1
1
2
0
0
1
350
1302
2286
3153
3812
4095
4095
4095
4095
4095
4095
4095
4002
3762
3468
3065
2649
2274
1939
1635
1427
1279
1232
1259
1291
1237
1075
833
562
332
216
245
359
643
1040
1562
2148
2751
3309
3761
4095
4095
4095
4095
4095
4095
4095
3731
3092
2296
1441
626
0
0
0
0
1
1
248
4095
4095
4070
3568
3008
2413
1803
1212
632
88
1
2
1
1
0
1
0
0
1
115
685
1301
1968
2598
3232
3822
4095
4095
4095
4095
4095
4095
4095
4095
4095
4095
4095
4095
3616
3004
2379
1764
1150
571
51
1
0
1
1
2
1
0
0
1
0
1
0
311
809
1351
1859
2374
2885
3327
3709
4085
4095
4095
4095
4095
4095
4095
4095
4095
4095
4095
4095
3880
3530
3144
2775
2392
2034
1656
1318
1025
740
515
335
201
153
169
227
345
521
732
1004
1288
1632
1964
2271
2591
2889
3124
3315
3469
3593
3639
3616
3553
3417
3215
2961
2659
2339
1937
1575
1219
877
548
268
31
0
0
0
0
0
40
5
0
0
0
0
0
0
0
0
0
0
0
0
0
1
1
0
0
0
0
0
1
0
0
5
98
166
229
313
365
457
542
608
669
751
839
913
994
1074
1144
1233
1290
1367
1453
1562
1645
1744
1823
1912
1991
2065
2141
2241
2313
2398
2490
2567
2650
2725
2818
2896
2961
3021
3100
3157
3229
3279
3331
3387
3481
3533
3582
3628
3662
3714
3759
3797
3826
3856
3901
3918
3942
3986
3987
4046
4026
4035
4053
4060
4031
4029
4036
4045
4036
4021
4001
4001
3988
3952
3925
3886
3858
3837
3826
3793
3770
3717
3694
3646
3625
3569
3532
3520
3500
3432
3402
3359
3311
3273
3275
3226
3181
3133
3123
3089
3043
3005
2990
