2090
2089
2086
2090
2095
2094
2096
2093
2092
2092
2100
2094
2092
2092
2090
2092
2093
2085
2094
2096
2096
2097
2088
2091
2088
2094
2088
2095
2095
2092
2088
2091
2100
2091
2095
2091
2080
2076
2075
2080
2087
2083
2088
2082
2081
2084
2083
2084
2083
2088
2093
2081
2092
2089
2084
2086
2090
2079
2095
2083
2088
2090
2087
2088
2083
2079
2071
2074
2080
2080
2080
2085
2087
2086
2090
2082
2090
2085
2093
2088
2085
2091
2086
2092
2089
2081
2096
2096
2082
2097
2085
2096
2100
2097
2095
2101
2096
2096
2102
2094
2091
2094
2102
2095
2107
2102
2097
2089
2094
2093
2106
2106
2100
2097
2100
2102
2093
2104
2094
2095
2101
2085
2095
2094
2104
2100
2110
2101
2107
2107
2097
2126
2102
2088
2088
2104
2106
2087
2107
2118
2108
2099
2110
2099
2084
2097
2088
2089
2078
2096
2085
2098
2101
2102
2079
2098
2110
2088
2101
2098
2108
2098
2074
2080
2087
2090
2101
2094
2080
2070
2094
2098
2093
2077
2079
2094
2094
2081
2073
2075
2102
2103
2096
2096
2096
2064
2076
2074
2064
2096
2100
2085
2072
2079
2099
2087
2108
2102
2114
2105
2115
2110
2078
2102
2114
2072
2092
2092
2104
2109
2088
2097
2093
2084
2095
2087
2098
2097
2097
2086
2090
2099
2093
2108
2094
2093
2080
2096
2098
2074
2088
2099
2113
2118
2098
2106
2104
2109
2100
2090
2101
2122
2114
2106
2110
2095
2109
2111
2112
2117
2111
2096
2088
2119
2121
2117
2015
2012
1998
1989
2008
2006
2009
2017
2020
2016
2025
2031
2032
2039
2060
2055
2053
2046
2068
2075
2076
2081
2100
2082
2097
2123
2128
2116
2125
2153
2148
2139
2160
2154
2162
2185
2180
2176
2182
2172
2184
2168
2183
2174
2174
2170
2164
2157
2165
2136
2144
2138
2119
2112
2108
2097
2076
2070
2061
2056
2020
2048
2041
2030
2021
2022
2027
2040
2030
2007
2025
2019
2039
2035
2022
2052
2057
2054
2062
2079
2086
2107
2110
2128
2116
2120
2130
2137
2138
2166
2154
2141
2180
2177
2173
2171
2181
2159
2190
2176
2170
2162
2155
2151
2156
2144
2118
2133
2170
2148
2144
2116
2110
2124
2095
2102
2105
2130
2109
2096
2111
2102
2090
2054
2072
2068
2081
2087
1956
1909
1862
1862
1855
1858
1880
1915
1910
1936
1917
1950
1950
1949
1992
1988
2029
2067
2120
2163
2210
2267
2299
2345
2376
2391
2404
2405
2390
2393
2401
2384
2376
2394
2380
2372
2368
2373
2352
2350
2330
2297
2283
2253
2208
2211
2180
2123
2090
2029
1957
1888
1817
1784
1744
1708
1736
1734
1805
1835
1832
1836
1860
1881
1875
1924
1944
1950
2005
2023
2042
2071
2100
2103
2100
2134
2120
2170
2176
2220
2253
2259
2289
2298
2342
2384
2383
2390
2388
2394
2373
2316
2296
2207
2205
2142
2123
2110
2096
2058
2088
2052
2002
1963
1914
1824
1816
1820
1841
1835
1821
1846
1883
1845
1844
1838
1861
1850
1863
1864
1879
1904
1941
1936
1940
1963
1973
2009
2220
2251
2285
2289
2273
2271
2242
2202
2169
2115
2057
2016
1997
1994
2009
2041
2077
2142
2204
2246
2293
2318
2324
2316
2309
2273
2237
2179
2098
2052
1995
1950
1929
1916
1944
1985
2015
2075
2105
2154
2183
2180
2158
2123
2089
2035
1991
1968
1928
1922
1959
1980
2036
2074
2120
2142
2160
2178
2198
2206
2226
2247
2267
2295
2318
2321
2294
2282
2244
2198
2149
2106
2066
2037
2032
2030
2053
2077
2098
2096
2085
2044
2014
1996
1961
1947
1968
1992
2015
2057
2108
2151
2170
2187
2176
2145
2132
2074
2050
2044
2027
2059
2098
2140
2191
2218
2267
2273
2268
2236
2199
2126
2068
2014
1934
1891
1862
1829
1820
1824
1842
1882
1914
1959
1997
2029
2064
2092
1886
1876
1930
1971
2038
2097
2139
2182
2195
2200
2215
2210
2247
2217
2207
2208
2154
2111
2049
1979
1897
1795
1763
1724
1733
1806
1855
1902
1920
1996
2144
2265
2379
2442
2454
2406
2337
2246
2185
2116
2039
1975
1857
1753
1628
1586
1582
1652
1762
1870
1940
2006
2064
2192
2297
2399
2469
2511
2558
2571
2553
2520
2458
2382
2296
2192
2062
1900
1755
1652
1597
1627
1651
1702
1720
1788
1917
2034
2151
2241
2274
2322
2379
2408
2401
2364
2324
2263
2197
2116
2039
1934
1856
1834
1855
1906
1935
1949
1961
2044
2166
2277
2327
2337
2260
2232
2186
2167
2147
2093
1991
1888
1768
1699
1718
1778
1907
2007
2073
2117
2135
2239
2369
2470
2520
2487
2403
2273
2615
2657
2667
2614
2525
2395
2239
2071
1926
1820
1768
1758
1791
1842
1908
1938
1958
1918
1860
1784
1716
1644
1608
1613
1636
1707
1808
1921
2047
2162
2255
2326
2372
2410
2422
2404
2353
2273
2152
2032
1889
1761
1691
1680
1778
1920
2102
2308
2494
2636
2724
2739
2688
2594
2482
2361
2264
2198
2137
2086
2026
1970
1901
1838
1761
1710
1659
1626
1616
1640
1685
1762
1843
1929
2012
2098
2185
2288
2378
2460
2493
2472
2388
2229
2062
1907
1800
1773
1816
1920
2062
2203
2314
2360
2343
2286
2205
2126
2084
2051
2051
2041
2034
1999
1951
1893
1829
1806
1823
1878
1946
2007
2047
2068
2084
2103
2145
2204
2286
2372
2458
2520
2533
2519
2467
2400
2344
2304
2360
2358
2370
2409
2457
2458
2380
2236
2069
1925
1856
1871
1940
2015
2039
2027
2006
2033
2110
2198
2244
2223
2171
2133
2150
2178
2152
2044
1906
1830
1847
1954
2092
2197
2294
2386
2476
2542
2548
2526
2496
2455
2363
2202
2026
1898
1856
1868
1860
1816
1781
1756
1761
1772
1826
1920
2072
2192
2256
2263
2262
2335
2471
2583
2590
2460
2253
2076
1986
1988
2046
2116
2151
2142
2099
2086
2131
2226
2326
2335
2210
1966
1678
1450
1334
1341
1412
1548
1708
1888
2072
2244
2390
2501
2574
2584
2528
2447
2390
2359
2338
2274
2142
1971
1795
1647
1544
1494
1513
1611
1770
1985
2213
2419
2588
2668
2643
2546
2433
2366
2352
2360
2344
2263
2144
2004
1889
1804
2468
2551
2604
2612
2555
2454
2318
2153
2001
1903
1833
1814
1856
1908
1970
2032
2073
2112
2155
2190
2229
2240
2231
2188
2122
2023
1924
1871
1870
1918
1998
2058
2098
2070
2026
1979
1956
1932
1898
1918
1971
2072
2193
2298
2368
2383
2333
2234
2092
1899
1736
1616
1600
1674
1831
2042
2268
2465
2589
2606
2523
2346
2141
1928
1763
1724
1760
1874
2008
2117
2163
2163
2142
2089
2060
2025
1984
1940
1916
1888
1856
1858
1883
1945
2022
2106
2154
2167
2153
2136
2180
2285
2454
2611
2718
2740
2627
2404
2165
1901
1722
1622
1575
1593
1648
1750
1906
2103
2303
2461
2543
2537
2437
2294
2170
2070
2022
2030
2091
2196
2298
2374
2378
2310
2125
1883
1643
1483
1963
1934
1933
1974
2031
2135
2271
2426
2567
2616
2538
2357
2103
1870
1718
1660
1688
1757
1836
1915
2014
2158
2367
2620
2875
3080
3199
3204
3078
2837
2487
2089
1690
1362
1144
1057
1070
1170
1311
1490
1685
1901
2142
2376
2584
2728
2788
2769
2666
2488
2264
2016
1781
1611
1542
1605
1800
2084
2407
2697
2886
2954
2896
2740
2536
2314
2094
1897
1696
1521
1372
1257
1232
1310
1489
1764
2086
2409
2670
2836
2890
2831
2684
2496
2248
2020
1810
1636
1514
1473
1514
1646
1837
2078
2317
2515
2647
2665
2574
2385
2135
1860
1612
1427
1324
1331
1421
1580
1791
2004
2235
2436
2609
2716
2764
2735
2625
2435
2200
1947
1701
1521
1418
1408
1489
1655
1861
2093
1759
1962
2130
2317
2560
2845
3098
3222
3148
2835
2386
1963
1664
1542
1588
1699
1771
1771
1736
1664
1692
1866
2096
2401
2680
2912
3075
3163
3108
2847
2382
1789
1190
733
586
745
1132
1611
1997
2254
2341
2331
2243
2140
2034
1932
1896
1919
2070
2286
2494
2647
2684
2528
2218
1786
1392
1112
1054
1224
1571
1998
2340
2542
2577
2478
2284
2064
1921
1882
1955
2144
2324
2426
2368
2112
1738
1399
1205
1216
1468
1864
2278
2557
2661
2639
2546
2485
2493
2557
2611
2624
2596
2523
2396
2187
1925
1616
1376
1229
1252
1428
1719
2068
2334
2527
2635
2676
2736
2783
2801
2803
2763
2698
2592
2508
2486
2459
2438
2364
2241
2087
1894
1749
1678
1720
1780
1848
1816
2081
2358
2614
2810
2896
2894
2766
2551
2262
1915
1607
1336
1177
1104
1156
1321
1569
1866
2182
2464
2689
2828
2863
2813
2674
2463
2211
1959
1710
1502
1400
1396
1517
1734
2027
2337
2632
2858
2964
2961
2864
2621
2315
1989
1629
1324
1096
994
1030
1232
1537
1941
2367
2775
3097
3301
3358
3266
3022
2689
2262
1808
1361
974
697
557
601
797
1160
1616
2132
2667
3107
3460
3660
3705
3560
3252
2832
2348
1870
1475
1208
1105
1125
1224
1408
1600
1805
1996
2174
2331
2447
2485
2450
2391
2310
2225
2197
2232
2301
2391
2462
2492
2459
2381
2264
2160
2034
1938
1857
1765
1656
1629
1630
1675
1772
1894
2026
2105
2146
2129
2048
1954
1842
1788
1738
3664
3848
3772
3542
3272
2968
2630
2149
1587
1057
721
684
876
1142
1388
1528
1617
1760
2040
2429
2863
3200
3341
3270
3050
2766
2490
2248
1991
1709
1430
1207
1060
1031
1113
1316
1635
2030
2403
2713
2906
2970
2893
2732
2497
2270
2061
1915
1821
1773
1748
1711
1631
1509
1339
1252
1267
1407
1643
1922
2243
2524
2736
2863
2899
2849
2710
2469
2130
1743
1373
1075
870
789
862
1096
1436
1826
2212
2532
2771
2971
3128
3291
3406
3410
3226
2879
2425
1986
1644
1429
1320
1284
1280
1346
1468
1660
1849
1980
2059
2104
2176
2341
2568
2781
2923
2926
2833
2700
2612
2510
2343
2086
1746
1398
1118
966
989
1149
1389
1673
2006
2327
2597
2810
2889
2812
985
1669
2415
3130
3716
4072
4095
3999
3616
3101
2584
2154
1806
1553
1407
1336
1371
1470
1663
1912
2216
2522
2751
2863
2841
2711
2484
2211
1960
1736
1564
1452
1377
1390
1460
1614
1823
2096
2352
2568
2680
2671
2582
2330
2094
1832
1579
1392
1291
1274
1363
1544
1793
2123
2446
2748
2902
2904
2748
2428
2085
1703
1365
1144
1104
1223
1486
1795
2140
2448
2673
2830
2933
2972
2985
2973
2920
2795
2540
2154
1688
1145
694
394
323
520
914
1433
2012
2571
3046
3393
3617
3690
3617
3375
2976
2500
1988
1544
1177
986
953
1069
1302
1607
1895
2138
2328
2446
2557
2636
2716
2757
2719
2622
2443
2191
1916
1690
1578
1632
1836
2146
2469
2752
2924
2935
3195
2938
2454
1755
924
174
2
1
1
1
458
1066
1662
2230
2794
3368
3924
4095
4095
4095
4095
4095
4095
4095
4095
3536
2768
2111
1632
1353
1208
1117
1086
1130
1270
1527
1852
2208
2524
2790
3016
3238
3491
3774
4013
4095
3989
3633
3087
2469
1897
1466
1160
955
769
520
172
1
4
1
2
3
1
46
380
863
1502
2272
3080
3808
4095
4095
4095
4095
4095
4095
4095
4095
3670
3032
2326
1614
963
391
2
2
2
3
2
2
230
910
1542
2051
2439
2773
3136
3537
3913
4095
4095
3844
3376
2868
2424
2094
1862
1636
1371
1107
921
932
1137
1514
1906
2195
2328
2319
2232
2160
2136
2177
2246
2296
2319
2309
2256
2189
