2102
2110
2103
2092
2092
2098
2104
2108
2092
2102
2104
2105
2116
2112
2106
2109
2101
2110
2102
2092
2104
2120
2096
2101
2100
2089
2094
2085
2091
2087
2082
2094
2094
2093
2096
2096
2096
2092
2088
2091
2092
2096
2097
2090
2086
2094
2094
2083
2086
2097
2089
2102
2091
2095
2090
2081
2093
2098
2092
2094
2093
2085
2083
2088
2087
2094
2098
2091
2094
2100
2088
2080
2083
2083
2093
2094
2102
2098
2095
2094
2103
2108
2092
2088
2086
2089
2095
2094
2096
2098
2092
2097
2091
2109
2100
2097
2093
2091
2094
2089
2092
2087
2091
2100
2106
2100
2097
2098
2095
2096
2093
2094
2086
2099
2104
2103
2096
2095
2094
2100
2098
2104
2100
2100
2096
2094
2096
2101
2091
2084
2081
2083
2079
2080
2082
2077
2082
2083
2080
2083
2087
2102
2093
2082
2088
2094
2074
2082
2066
2073
2070
2089
2069
2070
2070
2060
2057
2064
2074
2070
2063
2074
2062
2057
2059
2069
2072
2062
2062
2067
2048
2056
2054
2057
2062
2051
2059
2052
2052
2065
2069
2059
2054
2044
2042
2062
2040
2048
2056
2057
2056
2060
2046
2057
2053
2056
2064
2058
2048
2059
2062
2061
2072
2062
2075
2067
2060
2056
2057
2074
2072
2070
2066
2065
2072
2068
2066
2074
2074
2088
2076
2085
2092
2100
2092
2112
2102
2100
2115
2106
2118
2106
2121
2124
2129
2122
2119
2118
2134
2119
2129
2134
2133
2140
2160
2149
2144
2163
2155
2145
2145
2150
2157
2163
2152
2161
2337
2316
2328
2327
2344
2307
2282
2248
2205
2171
2139
2113
2072
2014
2002
1988
1952
1940
1933
1912
1928
1936
1936
1957
1946
1996
2013
2015
2037
2050
2055
2083
2108
2123
2121
2140
2155
2162
2170
2186
2187
2180
2182
2185
2164
2152
2152
2151
2128
2114
2093
2066
2056
2044
2024
2015
2005
1999
1989
1985
1998
1990
1988
2016
2020
2045
2064
2078
2114
2125
2137
2173
2172
2214
2215
2207
2237
2260
2250
2235
2219
2227
2204
2191
2158
2147
2125
2079
2075
2043
2023
2015
1994
1991
1997
1985
1969
1976
1986
1991
2011
2009
2012
2023
2040
2072
2090
2116
2125
2144
2169
2205
2233
2286
2316
2332
2382
2391
2395
2387
2367
2339
2301
2275
2211
2177
2120
2055
1789
1862
1973
2082
2134
2111
2071
2070
2092
2126
2119
2126
2152
2183
2160
2112
2016
1974
2012
2044
2060
2029
2072
2161
2276
2318
2290
2223
2164
2208
2264
2266
2200
2080
1985
1943
1866
1838
1861
1937
2037
2167
2234
2290
2352
2434
2457
2386
2271
2189
2111
2014
1872
1784
1773
1862
2017
2117
2088
1975
1850
1805
1857
1994
2149
2275
2360
2385
2366
2314
2242
2159
2111
2065
2066
2051
1959
1907
1833
1845
1878
1888
1917
1964
2010
2051
2071
2101
2096
2154
2147
2069
2038
2049
2039
2019
1962
1946
2024
2111
2157
2107
2124
2159
2210
2236
2192
2171
2160
2158
2128
2096
2008
2030
2139
2259
2308
2324
2368
2485
2568
2559
2455
2331
2231
2117
1924
1701
2106
2001
1910
1893
1863
1870
1896
1914
1949
1977
2024
2090
2140
2153
2113
2037
1954
1920
1923
1992
2062
2179
2285
2368
2400
2368
2263
2068
1876
1723
1650
1678
1812
1997
2173
2284
2315
2253
2126
1998
1916
1928
1996
2127
2235
2324
2328
2258
2140
2006
1900
1858
1900
2028
2188
2318
2399
2394
2301
2176
2028
1941
1914
1944
2022
2156
2250
2290
2265
2192
2076
1986
1934
1927
1974
2027
2073
2124
2159
2171
2152
2153
2169
2166
2152
2120
2057
1976
1893
1854
1813
1869
1986
2140
2276
2384
2379
2258
2059
1838
1655
1595
1693
1919
2208
2472
2642
2669
2542
2292
2002
1766
1670
1701
1872
2105
2317
2410
2378
2242
2006
1808
1716
1761
1941
2183
2410
2553
1781
1690
1870
2009
2040
2191
2396
2372
2116
1906
1869
1855
1847
1813
1776
1844
2087
2385
2529
2538
2488
2366
2174
2081
2142
2160
2073
2001
2037
2089
2095
2091
2130
2079
1985
1908
1832
1678
1660
1834
2067
2204
2321
2358
2240
2065
1947
1886
1769
1709
1788
1956
2114
2286
2441
2428
2285
2218
2196
2111
2120
2248
2280
2212
2208
2225
2173
2156
2155
2042
1864
1813
1888
2004
2111
2190
2156
2114
2144
2208
2131
1975
1964
2092
2147
2209
2394
2523
2417
2283
2248
2187
2018
1931
1980
1967
1816
1737
1832
1974
2018
1996
2037
2086
2099
2124
2245
2270
2204
2156
2101
2053
2146
2287
2297
2286
2361
2352
2218
2139
2079
1964
1924
1989
2095
2175
2179
2153
2150
2064
2004
2023
2116
2240
2344
2379
2328
2231
2129
2053
2030
2088
2182
2246
2259
2216
2150
2104
2088
2095
2082
2011
1936
1881
1916
2007
2146
2334
2438
2439
2282
2028
1776
1646
1669
1843
2131
2403
2559
2520
2307
2030
1807
1790
1930
2216
2482
2587
2488
2256
1958
1733
1671
1803
2042
2298
2429
2376
2182
1948
1800
1820
1973
2250
2512
2678
2591
2270
1872
1504
1327
1382
1647
2022
2329
2485
2446
2299
2151
2061
2027
2109
2202
2254
2220
2083
1907
1817
1843
1987
2168
2309
2294
2128
1917
1721
1654
1739
1953
2211
2396
2422
2300
2118
1955
1849
1863
1958
2129
2260
2309
2266
2200
2147
2142
2161
2244
2348
2426
2420
2283
2092
1905
1807
1812
1906
1697
1445
1586
1808
1918
2165
2541
2714
2626
2255
1840
1676
1626
1403
1395
1873
2316
2411
2350
2214
2052
1883
1685
1682
2132
2660
2813
2721
2498
2204
2046
1936
1617
1412
1747
2408
2841
2836
2584
2275
1928
1552
1410
1658
2093
2328
2270
2257
2421
2510
2329
2014
1789
1792
1987
2258
2586
2837
2674
2223
1973
1940
1826
1682
1688
1891
2240
2567
2703
2648
2413
2100
1918
1772
1502
1402
1644
1999
2292
2516
2557
2356
1873
1323
1280
1728
2062
2274
2620
2832
2636
2230
1775
1546
1808
2292
2536
2479
2337
2220
2107
1893
1544
1301
1389
1650
1978
2314
2448
2318
2091
1951
1844
1722
1671
1729
1840
2061
2435
2820
2885
2481
1980
1720
1662
1684
1898
2315
1953
1781
1783
1868
1998
2155
2322
2489
2535
2343
2032
1866
1874
1978
2049
2020
2019
2166
2456
2748
2861
2775
2446
1995
1595
1427
1459
1630
1790
1978
2178
2347
2311
2050
1712
1423
1249
1224
1424
1862
2419
2916
3141
2951
2531
2007
1635
1493
1576
1910
2282
2645
2821
2776
2625
2442
2335
2225
2075
1896
1798
1866
1976
2153
2275
2314
2316
2287
2119
1917
1743
1630
1542
1581
1740
2050
2308
2361
2130
1782
1563
1644
1927
2218
2388
2499
2483
2298
1976
1703
1626
1739
1878
2006
2107
2139
2071
2000
2123
2403
2530
2464
2384
2456
2485
2244
1908
1749
1897
2110
2218
2307
2381
2225
1773
1429
1623
2028
2168
1976
1850
1952
2222
2351
2393
2495
2498
2149
1704
1906
2264
2483
2387
2096
1776
1547
1445
1609
1968
2421
2664
2624
2381
2153
1963
1858
1838
1833
1801
1652
1550
1602
2014
2671
3201
3216
2674
1960
1534
1644
2114
2470
2480
2201
1877
1744
1797
1915
1917
1749
1554
1551
1782
2152
2438
2466
2238
1971
1886
1956
2060
2091
2052
1995
1979
1966
1896
1838
1868
2098
2509
2910
3077
2922
2458
1920
1588
1566
1812
2206
2578
2734
2645
2260
1680
1069
786
1018
1643
2309
2772
2894
2803
2690
2608
2519
2279
1900
1609
1663
2034
2469
2680
2510
2014
1512
1216
1280
1534
1854
2118
2180
2042
1690
1314
1159
1439
2082
2768
3135
2975
2421
1797
1456
1501
1892
2393
2793
2892
2652
2148
1652
1403
1518
1946
2445
1372
2077
2690
2933
3000
3227
3592
3768
3655
3250
2885
2926
3304
3134
1914
350
3
30
892
1956
2706
2546
1238
0
4
3
681
1532
2301
2880
3142
3392
3874
4095
4095
4095
3392
2426
1619
1331
1169
671
31
2
72
428
746
1295
2176
3064
3422
3029
2187
1616
1644
2103
2716
3375
3603
3067
2204
1734
1756
1887
1849
1719
1678
1440
1053
1027
1747
2932
3797
3682
2602
1252
623
1211
2646
3988
4095
3786
2376
1353
1316
1661
1693
1384
1303
1422
1311
1200
1957
3450
4095
3851
2363
1070
475
497
1133
2186
3054
3128
2532
2022
2120
2554
2774
2240
965
3
3
3
735
2796
4095
4095
4095
3857
2458
1790
1614
1186
441
4
2
3
4095
3935
2295
601
1
3
528
2022
3494
4095
4095
3650
2310
965
175
214
1029
2357
3706
4095
4095
3909
2609
1222
263
30
595
1667
2812
3513
3464
2820
1855
1005
527
540
1027
1886
2881
3574
3660
3039
2016
1057
543
621
1129
1768
2317
2661
2810
2804
2653
2391
2164
2177
2400
2590
2570
2239
1748
1369
1203
1206
1338
1612
2025
2555
2934
2954
2541
1944
1361
997
932
1240
1885
2754
3596
4046
3892
3208
2280
1387
751
574
919
1734
2728
3532
3826
3520
2824
2004
1348
1081
1311
2029
2860
3423
3440
2790
1854
1020
699
977
1660
2433
2894
2917
2585
2098
1684
1568
1788
2380
3129
3656
3736
3250
2354
1363
642
465
932
1852
2801
3371
4095
3386
2292
1111
2
2
1
2
2
3
1
3
136
946
1648
2240
2739
3209
3592
3902
4095
4095
4095
3860
3535
3211
2927
2777
2817
2996
3134
3148
2944
2473
1761
872
1
1
1
1
1
1
1
2
1
1
3
130
1647
3331
4095
4095
4095
4095
4095
4095
4095
4095
4095
4095
4095
3021
1385
1
3
2
1
0
3
2
1
2
857
2402
3898
4095
4095
4095
4095
4095
4095
4095
4095
4095
3020
1048
2
1
1
3
1
1
3
3
1
1
63
1748
3674
4095
4095
4095
4095
4095
4095
4095
4095
4095
4095
3902
2170
378
1
0
2
1
2
1
2
2
1
3
2
1
1352
3212
4095
4095
4095
4095
4095
4095
4095
4095
3861
2776
1674
607
2
1
1
2
2
3
3
2
3
3
1
2
3
1
5
5
3
2
3
212
1179
2161
3076
3936
4095
4095
4095
4095
4095
4095
4095
4095
4095
4095
4095
4095
4095
4095
4095
4095
4095
4095
4095
3455
2742
2058
1412
748
159
2
2
3
2
1
3
1
1
2
1
5
3
3
1
2
1
4
0
2
89
843
1668
2483
3292
4095
4095
4095
4095
4095
4095
4095
4095
4095
4095
4095
4095
4095
4095
4095
4095
4095
4095
4095
4095
4095
4095
3621
2646
1688
766
3
2
3
4
1
4
3
1
2
4
2
1
3
2
3
1
0
1
3
4095
4095
4095
4095
4095
4095
4095
4095
4095
4095
4095
4095
4095
4095
4095
4095
4095
3812
3346
2886
2424
2033
1606
1228
838
476
102
2
2
3
2
1
1
1
3
1
0
2
4
2
2
1
1
1
2
1
1
1
2
0
2
1
2
3
3
1
4
3
0
3
1
2
2
3
3
2
2
3
1
1
0
1
1
1
1
1
3
2
3
3
2
2
1
3
2
1
2
2
2
3
392
837
1277
1689
2113
2510
2893
3267
3632
3993
4095
4095
4095
4095
4095
4095
4095
4095
4095
4095
4095
4095
4095
4095
4095
4095
4095
4095
4095
4095
4095
4095
4095
4095
4095
4095
4095
4095
