2080
2086
2086
2074
2082
2084
2086
2085
2080
2084
2090
2091
2095
2096
2093
2097
2092
2086
2088
2095
2091
2088
2089
2094
2085
2090
2091
2094
2096
2096
2102
2093
2089
2090
2096
2100
2099
2109
2105
2104
2099
2100
2094
2098
2094
2079
2091
2089
2099
2090
2092
2099
2097
2096
2082
2095
2100
2096
2098
2099
2103
2098
2087
2089
2096
2098
2084
2090
2092
2091
2100
2093
2090
2099
2095
2101
2090
2098
2103
2109
2093
2088
2088
2095
2098
2099
2091
2102
2113
2095
2098
2085
2091
2093
2082
2092
2091
2086
2097
2085
2086
2083
2107
2110
2096
2088
2100
2104
2092
2100
2103
2094
2112
2095
2094
2098
2105
2102
2096
2098
2096
2090
2091
2093
2082
2088
2096
2098
2024
2027
2024
2017
2021
2024
2030
2032
2018
2017
2013
2023
2021
2022
2024
2028
2025
2023
2027
2026
2030
2037
2044
2038
2048
2051
2049
2049
2058
2057
2059
2061
2058
2063
2071
2085
2081
2089
2098
2089
2092
2087
2088
2096
2095
2098
2102
2105
2108
2106
2104
2116
2120
2126
2123
2124
2134
2130
2123
2119
2136
2133
2143
2139
2143
2144
2148
2148
2156
2147
2152
2150
2155
2148
2153
2142
2145
2146
2148
2145
2133
2132
2135
2134
2126
2127
2123
2123
2114
2110
2095
2098
2096
2095
2089
2090
2083
2085
2072
2081
2075
2071
2063
2056
2044
2055
2061
2055
2054
2050
2047
2057
2051
2056
2052
2067
2073
2067
2070
2076
2082
2080
2081
2090
2092
2093
2100
2098
1884
1883
1889
1906
1903
1921
1947
1962
1991
2015
2044
2071
2079
2092
2093
2095
2099
2073
2041
2019
1981
1940
1915
1899
1894
1897
1905
1920
1954
2011
2055
2112
2175
2255
2302
2347
2370
2391
2390
2378
2350
2322
2272
2216
2176
2151
2120
2117
2114
2145
2183
2227
2261
2312
2351
2383
2400
2402
2374
2345
2291
2232
2151
2080
2004
1934
1889
1842
1825
1823
1829
1862
1893
1947
1999
2058
2109
2163
2205
2226
2241
2239
2217
2186
2145
2092
2026
1964
1906
1850
1814
1770
1749
1745
1761
1782
1840
1882
1944
1996
2048
2098
2124
2145
2150
2132
2105
2086
2072
2042
2024
2010
2022
2062
2099
2131
2174
2215
2263
2298
2335
2337
2337
2318
2298
2263
2208
2159
2130
2156
2173
2164
2158
2129
2090
2054
2016
1975
1943
1939
1936
1954
1979
2015
2054
2088
2125
2150
2178
2201
2207
2242
2256
2274
2278
2288
2296
2312
2308
2291
2265
2230
2191
2137
2081
2037
1982
1950
1941
1946
1968
2006
2064
2118
2172
2220
2259
2294
2300
2299
2285
2274
2232
2191
2143
2096
2046
1996
1949
1919
1888
1868
1855
1852
1846
1852
1884
1905
1939
1989
2026
2085
2136
2201
2253
2285
2326
2355
2348
2341
2308
2249
2197
2121
2057
1992
1936
1896
1875
1859
1864
1885
1916
1949
1994
2036
2094
2142
2179
2210
2231
2236
2240
2213
2196
2165
2128
2088
2059
2025
1986
1964
1936
1928
1922
1936
1976
2008
2045
2077
2104
2128
2130
2118
2107
2087
2411
2464
2474
2452
2374
2244
2094
1984
1950
1976
2013
2037
2038
2033
2043
2055
2016
1908
1765
1669
1689
1852
2094
2334
2505
2577
2592
2552
2476
2352
2221
2114
2089
2182
2328
2476
2545
2486
2324
2104
1864
1648
1498
1455
1512
1663
1861
2060
2245
2377
2458
2479
2460
2446
2434
2454
2484
2497
2452
2338
2153
1930
1696
1485
1348
1299
1341
1463
1647
1868
2141
2375
2534
2558
2482
2396
2365
2397
2424
2401
2320
2204
2087
1965
1836
1700
1603
1594
1707
1899
2129
2302
2388
2362
2224
2028
1838
1727
1736
1852
2039
2244
2386
2377
2226
2009
1831
1779
1840
1964
2109
2260
2394
2442
2337
2073
1762
1575
1609
1811
2050
2204
2234
2212
2193
2164
2104
2028
2361
2304
2208
2094
1965
1842
1749
1680
1642
1649
1704
1807
1956
2146
2334
2502
2616
2658
2624
2508
2347
2160
1955
1786
1657
1601
1606
1675
1773
1896
2020
2134
2230
2318
2374
2417
2437
2432
2412
2368
2315
2252
2178
2102
2018
1922
1816
1723
1653
1614
1615
1668
1758
1904
2077
2273
2454
2602
2690
2688
2599
2428
2208
1970
1748
1579
1484
1493
1614
1832
2099
2386
2625
2775
2831
2759
2588
2346
2079
1823
1611
1477
1417
1466
1603
1800
2024
2232
2366
2416
2385
2281
2150
2012
1918
1874
1883
1955
2061
2202
2343
2460
2512
2483
2374
2204
2003
1816
1671
1600
1599
1680
1815
2001
2203
2402
2556
2636
2619
2508
2320
2100
1884
1700
1577
1526
1549
1629
2150
2393
2558
2644
2653
2643
2620
2545
2376
2133
1912
1790
1742
1720
1685
1682
1765
1882
1937
1932
1957
2168
2519
2793
2834
2654
2386
2152
1983
1847
1769
1800
1970
2217
2397
2412
2287
2153
2045
2009
1958
1855
1728
1632
1607
1667
1788
1927
2049
2117
2112
2005
1813
1652
1639
1821
2116
2338
2386
2296
2201
2151
2185
2252
2284
2275
2208
2076
1885
1707
1668
1830
2127
2397
2496
2408
2256
2094
1951
1876
1927
2046
2091
2023
1889
1823
1916
2007
1981
1838
1762
1878
2050
2058
1869
1688
1782
2164
2546
2652
2543
2431
2429
2388
2147
1776
1571
1683
1935
2019
1881
1804
1966
2220
2322
2276
2276
2416
2538
2396
2066
1843
1856
1930
1901
1819
1812
1848
1935
1893
1912
2004
2130
2223
2276
2275
2246
2206
2134
2064
1997
1940
1948
1988
2063
2124
2152
2133
2059
1957
1864
1793
1777
1818
1926
2040
2176
2282
2368
2410
2459
2480
2467
2416
2310
2154
1986
1849
1764
1731
1770
1849
1952
2091
2216
2314
2358
2346
2276
2224
2169
2184
2229
2266
2299
2311
2311
2300
2238
2140
1990
1838
1704
1640
1635
1691
1792
1900
2009
2101
2190
2246
2256
2250
2235
2206
2200
2189
2173
2148
2114
2079
2077
2084
2102
2116
2138
2150
2154
2146
2104
2015
1880
1746
1656
1644
1725
1895
2108
2330
2549
2698
2763
2738
2597
2330
1998
1693
1461
1378
1453
1644
1912
2215
2484
2704
2809
2819
2670
2400
2067
1743
1493
1390
1447
1642
1925
1910
1973
2080
2164
2156
2041
1932
1955
2107
2232
2191
2040
1980
2114
2284
2274
2013
1707
1597
1731
1921
2079
2212
2339
2380
2227
1974
1723
1560
1429
1327
1335
1541
1908
2360
2811
3224
3514
3530
3222
2684
2164
1764
1546
1403
1320
1325
1460
1747
2114
2447
2630
2682
2652
2583
2466
2268
2034
1846
1700
1582
1562
1678
1872
2024
2077
2161
2396
2682
2790
2673
2461
2273
2060
1770
1461
1316
1374
1499
1622
1833
2208
2632
2909
2962
2846
2624
2388
2181
1990
1786
1557
1332
1243
1335
1596
1920
2174
2258
2168
2016
1934
1990
2064
2040
1939
1888
1980
2176
2345
2419
2364
2279
2207
2226
2258
2279
2249
2190
2178
2243
2330
2359
2258
2066
1902
1850
2532
2969
3195
3212
3036
2709
2308
1967
1708
1584
1561
1698
1952
2301
2644
2883
2959
2832
2542
2200
1907
1717
1644
1685
1786
1915
2066
2176
2224
2205
2120
2004
1887
1814
1855
2010
2241
2476
2636
2682
2634
2483
2217
1914
1599
1336
1124
1016
1069
1271
1575
1921
2245
2491
2624
2664
2616
2504
2374
2272
2179
2082
1982
1880
1820
1786
1778
1775
1765
1768
1809
1940
2168
2473
2779
3036
3135
3096
2906
2606
2243
1881
1578
1366
1288
1335
1528
1792
2093
2375
2572
2686
2698
2615
2446
2241
2040
1898
1838
1874
1977
2144
2305
2439
2498
2454
2271
2006
1692
1401
1178
1069
1094
1234
1464
1789
2207
2660
3080
3376
3506
3403
3098
2628
2101
1633
1272
1084
1426
1612
1913
2184
2260
2120
1833
1562
1437
1538
1858
2291
2706
2978
3102
3139
3119
3036
2800
2370
1818
1256
868
727
773
906
985
1008
1054
1228
1519
1841
2090
2248
2368
2520
2667
2722
2647
2478
2316
2184
2048
1844
1578
1346
1322
1542
1912
2186
2182
1886
1477
1165
1061
1150
1376
1673
2014
2360
2649
2842
2933
2984
3167
3448
3662
3615
3176
2415
1576
934
655
743
1017
1333
1551
1664
1736
1858
2100
2453
2878
3335
3719
3924
3848
3453
2868
2290
1873
1684
1659
1745
1880
2008
2072
1970
1736
1463
1350
1484
1804
2101
2191
2059
1866
1781
1861
2032
2202
2366
2562
2822
3044
3043
2719
2145
1559
1171
1033
1032
1022
989
1020
1259
1773
2500
3286
3301
3064
2652
2216
1884
1674
1591
1584
1646
1796
2016
2246
2386
2381
2211
1967
1722
1565
1525
1615
1843
2221
2754
3347
3916
4095
4095
4095
4095
3435
2501
1373
235
2
1
3
1
1
359
1328
2168
2767
3144
3320
3308
3128
2834
2475
2139
1887
1732
1674
1736
1927
2236
2596
2910
3030
2893
2476
1904
1348
937
736
792
1072
1537
2127
2743
3281
3643
3728
3545
3113
2518
1876
1267
732
308
65
95
426
1001
1696
2389
2899
3178
3220
3088
2875
2660
2486
2394
2386
2430
2500
2518
2451
2275
2018
1773
1551
1302
987
602
226
6
72
494
1183
2028
2896
3683
4095
4095
4095
4095
4095
4095
3459
2380
1223
159
2
1
1
3
1285
903
448
16
3
4
1
1
2
544
1561
2655
3686
4095
4095
4095
4095
4095
4025
3208
2326
1566
982
642
518
630
937
1312
1706
2091
2469
2753
2949
3059
3089
3011
2856
2600
2256
1798
1219
498
3
3
1
3
3
3
1
1251
3020
4095
4095
4095
4095
4095
4095
4095
4095
4095
2929
1350
3
2
2
1
2
1
1
2
2
884
2165
3473
4095
4095
4095
4095
4095
4095
4095
4095
4095
3263
1304
1
1
1
1
2
1
2
1
1
1319
3211
4095
4095
4095
4095
4095
4095
4095
4095
4095
3607
2046
429
4
3
1
1
1
2
1
3
2
1082
3240
4095
4095
4095
4095
4095
4095
4095
4095
4095
4095
3752
2966
2147
1382
684
109
3
3
1
1
3
3
2
401
967
1548
2110
2636
3091
3466
3741
3918
4024
4046
4002
3895
3720
3506
3240
2947
2596
2274
1965
1695
1482
1342
1289
1303
1394
1552
1753
1955
2146
2291
2354
2349
2259
2112
1898
1641
1361
1092
816
585
416
331
344
474
705
1033
1421
1856
2319
2795
3239
3666
4057
4095
4095
4095
4095
4095
4095
4095
4095
4095
4095
3975
3168
2273
1341
396
0
2
1
3
1
1
3
1
1
1
0
3
94
943
1873
2792
3680
4095
4095
4095
4095
4095
4095
4095
4095
4095
4095
4095
4095
4076
3230
2304
1425
626
3
2
3
0
2
2
1
3
2
2
1
4095
4095
4095
4095
4095
4095
4095
4095
4095
4095
4095
4095
4095
4095
4095
4095
4095
4095
4095
4095
4095
4095
4095
4095
4095
4095
4095
3812
2657
1490
338
0
1
1
2
1
1
0
2
0
1
0
3
0
2
3
2
3
2
1
1
0
1
2
2
1
0
3
2
2
1
0
1
123
1334
2629
3861
4095
4095
4095
4095
4095
4095
4095
4095
4095
4095
4095
4095
4095
4095
4095
4095
4095
4095
4095
4095
4095
4095
4095
4095
4095
4095
4095
4095
4095
4095
4095
4095
4095
4095
3478
2388
1330
298
3
2
1
3
2
2
4
1
1
2
3
4
3
3
5
1
3
1
2
0
2
2
1
