2047
1982
1986
1964
1946
1922
1905
1890
1883
1881
1845
1860
1887
1868
1928
1935
1924
1910
1958
2017
1987
2041
2084
2072
2136
2156
2196
2196
2229
2248
2272
2287
2299
2339
2338
2390
2363
2386
2352
2326
2328
2318
2312
2297
2269
2232
2138
2105
2094
2033
1994
1949
1931
1911
1836
1828
1842
1805
1793
1787
1772
1783
1769
1843
1884
1860
1884
1935
1977
2025
2058
2088
2164
2205
2252
2298
2314
2351
2410
2447
2462
2469
2454
2445
2464
2430
2426
2374
2368
2343
2297
2264
2256
2178
2111
2060
2025
2028
1978
1939
1918
1868
1879
1803
1797
1775
1782
1802
1820
1815
1812
1839
1889
1947
1972
1980
2026
2080
2107
2210
2206
2235
2306
2314
2288
2324
2316
2354
1919
1829
1767
1711
1705
1734
1697
1711
1779
1864
1936
2005
2044
2131
2152
2181
2140
2120
2098
2134
2171
2200
2258
2283
2349
2433
2442
2498
2508
2446
2377
2284
2184
2092
1991
1928
1890
1882
1942
2002
2079
2092
2203
2238
2295
2347
2365
2339
2278
2187
2049
1938
1845
1727
1672
1662
1670
1740
1859
1988
2073
2160
2190
2151
2143
2118
2030
1976
1951
1908
1882
1870
1867
1885
1865
1870
1875
1888
1922
1975
2070
2170
2263
2378
2460
2547
2569
2565
2540
2493
2429
2388
2342
2293
2259
2300
2266
2234
2153
2066
1978
1936
1910
1864
1919
1906
1930
1948
1991
2026
2077
2047
2054
2088
2119
2122
2160
2174
2205
2192
2189
2202
2200
2195
2161
2065
1981
1889
2253
2361
2442
2506
2511
2375
2232
2048
1817
1722
1583
1639
1775
1925
2049
2070
2071
2120
2197
2337
2474
2472
2328
2166
1967
1845
1809
1819
1873
1936
2078
2249
2358
2460
2502
2536
2490
2437
2359
2149
1854
1638
1505
1528
1592
1697
1831
1990
2177
2347
2414
2398
2435
2403
2334
2152
2030
1934
1934
1942
1963
1902
1819
1728
1683
1773
1943
2165
2332
2390
2378
2283
2182
2104
2039
1974
1934
1932
2000
2090
2235
2336
2394
2391
2338
2239
2107
1990
1972
2045
2060
2074
2079
2033
2070
2080
2098
2145
2205
2272
2280
2281
2190
2049
1986
1908
1900
1974
2043
2085
2086
2082
2103
2106
2094
2032
1992
2004
2036
2014
2030
2064
2069
2047
2052
1985
2016
2085
2073
1921
1816
1777
1864
2016
2246
2391
2515
2454
2368
2193
1987
1872
1796
1853
1943
2061
2189
2272
2320
2318
2282
2182
2116
2023
1950
1911
1939
1912
1958
2018
2060
2095
2153
2200
2159
2085
1998
1868
1861
1861
1952
2110
2231
2356
2408
2420
2353
2280
2132
1955
1905
1862
1872
2027
2195
2382
2459
2464
2400
2314
2226
2105
2026
1854
1688
1645
1690
1858
2049
2175
2235
2214
2112
2032
2036
1998
1986
1993
1815
1730
1730
1896
2162
2403
2616
2662
2504
2308
2093
1912
1826
1829
1881
1950
2028
2172
2344
2435
2452
2333
2196
2016
1822
1748
1763
1792
1938
2022
2184
2371
2478
2528
2436
2282
2205
2121
2049
1964
1925
1783
1754
1769
1844
2067
2275
2486
2268
2480
2609
2612
2422
2178
1962
1836
1852
1986
2039
2030
1977
1964
2042
2159
2143
2056
2020
2002
1984
1969
2021
2192
2222
2167
2227
2339
2289
2131
1991
1998
2018
2088
2086
2070
2158
2213
2259
2227
2040
1907
1934
2063
2147
2154
2086
1969
1870
1796
1781
1788
1827
1979
2180
2135
2020
1949
2001
2086
2109
2019
1896
1929
2041
2161
2253
2319
2255
2133
2019
2085
2185
2158
2038
1853
1867
1976
2068
2051
2068
2037
2135
2212
2262
2208
2122
2036
1990
2079
2258
2454
2430
2288
2089
1902
1834
1880
1986
2090
2162
2311
2380
2311
2156
1982
1901
1944
2014
2089
2134
2215
2233
2155
2093
1944
1832
1767
1775
1896
2082
2275
2400
2456
2456
2471
2329
2234
2305
2190
2054
1956
1884
1808
1912
2200
2451
2542
2551
2544
2335
2094
1952
2026
2112
2228
2352
2286
2175
2139
2190
2150
2170
2223
2253
2167
2035
1943
1953
2112
2266
2277
2219
2036
1861
1741
1772
1837
1956
2158
2410
2426
2148
1893
1765
1690
1734
1960
2138
2095
1977
1955
2165
2364
2437
2386
2254
2133
2096
2142
2235
2332
2314
2207
1999
1914
2008
2170
2164
2105
2029
1926
1913
2131
2466
2634
2503
2241
1953
1846
1853
1904
1899
2057
2183
2158
2038
2032
2064
2004
2035
2133
2123
2015
1946
1894
1963
1993
1970
2000
2086
2220
2276
2260
2291
2266
2103
1988
2084
2237
2269
2230
2174
2176
2169
2160
2253
2459
2643
2584
2384
2182
2105
2122
2044
1931
2258
2265
2191
1907
1655
1573
1768
2145
2526
2770
2807
2612
2308
1967
1710
1643
1756
2091
2470
2730
2778
2637
2273
1928
1680
1584
1770
2046
2308
2408
2331
2102
1864
1722
1740
1818
1918
2052
2118
2101
2090
2122
2199
2314
2381
2370
2232
1966
1788
1647
1645
1728
1866
2128
2349
2475
2450
2337
2138
1969
1885
1914
2060
2249
2360
2256
2022
1800
1646
1703
1936
2270
2528
2650
2567
2288
2028
1789
1725
1760
1971
2218
2402
2422
2330
2140
1917
1727
1610
1579
1706
1944
2232
2426
2501
2465
2339
2243
2131
2143
2173
2229
2230
2149
2029
1911
1861
1942
2130
2358
2494
2385
2134
1784
1530
1444
1532
1728
1936
2050
2001
1912
1820
1875
2086
2328
2504
2540
2020
1818
1586
1740
2073
2013
1592
1468
1780
2031
2116
2330
2634
2619
2484
2628
3004
3064
2771
2613
2448
1980
1528
1354
1583
1890
2173
2330
2186
1978
2093
2389
2394
2120
2104
2372
2476
2416
2438
2531
2390
2070
1840
1704
1400
1134
1302
1827
2332
2651
2828
3014
3021
2742
2095
1545
1326
1416
1690
1997
2061
1800
1606
1457
1410
1613
2212
2677
2638
2343
2292
2446
2520
2591
2713
2662
2415
2184
1991
1818
1619
1510
1591
1920
2348
2701
2870
2890
2784
2592
2210
1842
1604
1514
1301
1135
1350
1730
2055
2378
2789
2906
2611
2243
2063
1858
1652
1678
1950
2025
1970
2087
2418
2529
2466
2530
2586
2252
1488
864
806
976
1242
1704
2229
2387
2169
2126
2795
2503
1984
1433
1119
1086
1363
1829
2387
2790
2967
2800
2432
2042
1718
1636
1729
1961
2187
2303
2288
2226
2118
2039
1975
1912
1824
1768
1664
1564
1590
1782
2180
2622
2926
3021
2808
2435
1953
1529
1328
1457
1877
2407
2852
3008
2868
2469
2050
1736
1600
1680
1990
2322
2581
2553
2286
1855
1485
1271
1328
1589
1965
2319
2468
2370
2142
1898
1733
1758
1909
2156
2431
2613
2615
2457
2205
1993
1940
2054
2254
2398
2397
2236
1988
1710
1593
1724
2102
2584
3031
3216
3069
2724
2132
1503
989
807
974
1481
1997
2349
2496
2410
2197
1880
1656
1592
1688
1996
2295
2474
2433
2320
2086
1916
1744
1744
1980
2303
2548
2628
2486
2233
1983
1840
1764
1761
1125
720
227
1
251
949
1592
1938
2277
3042
3952
4095
4095
3736
3256
2938
2536
1969
1434
1143
1224
1468
1677
1643
1425
1285
1564
2266
2987
3426
3432
3074
2641
2306
2081
1902
1864
2104
2580
2802
2318
1241
227
3
209
754
1398
2276
3250
3750
3444
2644
1967
1756
1904
1960
1725
1425
1264
1359
1602
1863
2193
2499
2715
2790
2744
2600
2235
1830
1466
1392
1658
2052
2242
2219
2221
2337
2545
2660
2621
2704
2967
3205
2944
2132
1198
661
518
600
818
1290
2026
2717
2992
2831
2425
2026
1626
1368
1347
1596
1928
2167
2305
2478
2473
2175
1716
1570
1995
2683
3038
2912
2548
2292
2112
1841
1382
963
937
1541
2486
3212
3340
3026
2700
2756
3058
1180
2
2
1
1
1443
3228
4095
4095
4095
3397
1875
469
1
4
471
1883
3391
4095
4095
4006
2725
1210
1
3
3
816
2207
3503
4095
4095
4095
3349
2149
970
83
2
42
776
1780
2724
3410
3710
3631
3212
2526
1708
936
483
501
989
1728
2521
3111
3331
3156
2646
1960
1270
843
864
1384
2268
3189
3872
4048
3634
2744
1705
840
508
815
1654
2701
3624
4093
4051
3524
2648
1708
923
490
570
1076
1860
2565
3061
3208
3076
2761
2342
2004
1774
1719
1872
2109
2335
2431
2320
1976
1435
856
428
369
763
1636
2744
3798
4095
4095
4095
3631
2720
1782
977
413
246
441
972
1671
2320
2784
2982
2904
2639
2271
1895
2
2
53
337
700
1079
1446
1730
1935
2117
2243
2355
2472
2570
2636
2626
2550
2384
2185
2006
1888
1907
2096
2470
3000
3577
4095
4095
4095
4095
4095
3775
3322
2895
2531
2224
1914
1614
1278
902
559
270
135
232
551
1104
1807
2577
3334
3968
4095
4095
4095
4095
4095
3784
3203
2520
1745
887
3
2
1
2
2
2
1
1
0
2
1
969
2177
3339
4095
4095
4095
4095
4095
4095
4095
4095
4095
4095
4095
4095
4095
3395
2373
1405
548
1
3
3
3
5
1
2
2
3
1
2
4
339
826
1288
1726
2108
2447
2755
3033
3288
3488
3608
3663
3650
3564
3448
3338
3251
3204
3219
3299
3381
3455
3505
3504
3424
2477
3028
3547
4038
4095
4095
4095
4095
4095
4095
4095
4095
4095
4095
4095
4095
4095
4095
4095
4095
4095
4095
4095
4095
4095
3869
3346
2817
2287
1798
1313
858
411
36
1
3
1
2
2
3
2
2
1
2
2
3
2
2
2
1
2
10
385
842
1288
1739
2194
2637
3062
3463
3837
4095
4095
4095
4095
4095
4095
4095
4095
4095
4095
4095
4095
4095
4095
4095
4095
4095
4095
4095
4095
4095
4076
3799
3494
3217
2932
2668
2402
2166
1918
1672
1440
1213
980
754
531
299
80
2
3
2
2
2
3
1
3
2
1
2
1
3
2
3
0
2
1
1
3
2
2
3
2
3
3
3
2
2
2954
2987
2996
3040
3034
3047
3068
3079
3103
3114
3107
3137
3130
3132
3144
3147
3148
3152
3147
3143
3128
3117
3105
3096
3078
3076
3052
3045
3013
2982
2959
2934
2914
2892
2854
2818
2782
2759
2724
2687
2656
2624
2588
2552
2512
2489
2447
2397
2358
2318
2289
2238
2199
2163
2123
2074
2039
2001
1959
1927
1892
1848
1819
1791
1760
1723
1706
1664
1635
1606
1576
1558
1530
1517
1496
1468
1457
1430
1415
1406
1382
1371
1352
1339
1335
1335
1314
1312
1304
1303
1300
1289
1289
1292
1295
1299
1296
1302
1300
1296
1305
1314
1316
1323
1338
1332
1337
1347
1351
1369
1385
1390
1402
1409
1426
1440
1447
1472
1489
1493
1508
1528
1548
1570
1587
1608
1632
1652
2307
2313
2320
2325
2317
2314
2326
2342
2342
2344
2338
2328
2340
2349
2343
2356
2338
2357
2348
2368
2376
2356
2362
2360
2363
2369
2361
2375
2358
2372
2372
2372
2372
2358
2348
2360
2359
2364
2364
2366
2352
2360
2353
2352
2353
2351
2352
2362
2345
2346
2345
2357
2350
2343
2350
2348
2341
2333
2336
2330
2334
2321
2313
2318
2310
2322
2333
2315
2304
2308
2300
2307
2308
2295
2282
2278
2277
2284
2278
2265
2261
2263
2254
2249
2253
2253
2242
2246
2234
2237
2233
2226
2226
2213
2215
2209
2209
2208
2196
2189
2186
2172
2177
2167
2166
2171
2161
2159
2144
2143
2136
2132
2134
2134
2121
2128
2123
2117
2108
2108
2106
2112
2096
2094
2097
2102
2090
2085
