2089
2080
2085
2091
2103
2108
2085
2090
2087
2096
2094
2104
2092
2091
2094
2085
2084
2094
2096
2085
2065
2064
2071
2078
2101
2091
2093
2099
2101
2094
2089
2071
2074
2081
2086
2103
2115
2089
2087
2095
2077
2093
2102
2103
2098
2088
2085
2107
2089
2089
2092
2089
2080
2091
2084
2082
2092
2100
2106
2112
2086
2090
2084
2096
2092
2095
2091
2091
2078
2073
2093
2071
2085
2091
2085
2107
2104
2112
2100
2092
2080
2089
2096
2085
2083
2080
2102
2105
2095
2099
2088
2069
2088
2094
2104
2084
2083
2093
2113
2089
2093
2086
2090
2097
2100
2075
2078
2095
2088
2069
2090
2087
2080
2095
2101
2078
2096
2090
2082
2080
2086
2103
2116
2100
2081
2102
2109
2100
2098
2088
2103
2093
2125
2096
2085
2092
2078
2076
2092
2093
2103
2092
2097
2094
2077
2088
2091
2093
2087
2083
2075
2099
2088
2103
2099
2084
2079
2082
2109
2105
2118
2105
2108
2093
2072
2066
2073
2096
2088
2095
2072
2082
2087
2080
2068
2078
2097
2092
2081
2096
2106
2105
2107
2106
2116
2090
2102
2095
2104
2101
2096
2090
2082
2093
2084
2069
2088
2100
2106
2098
2080
2085
2082
2085
2094
2091
2096
2090
2098
2095
2093
2087
2109
2088
2071
2090
2088
2089
2075
2096
2071
2082
2090
2103
2095
2097
2106
2096
2072
2097
2076
2082
2092
2091
2108
2114
2108
2103
2096
2085
2103
2096
2109
2078
2094
2094
2079
2077
2083
2076
2085
2074
2079
2086
2103
2092
2109
2095
2088
2112
2105
2097
2108
2095
2095
2098
2100
2100
2112
2099
2095
2098
2088
2088
2086
2110
2095
2098
2090
2110
2119
2115
2096
2108
2120
2108
2104
2104
2089
2091
2109
2106
2094
2093
2093
2098
2087
2086
2108
2110
2095
2083
2086
2098
2100
2096
2113
2099
2088
2100
2107
2084
2082
2079
2073
2082
2104
2103
2107
2102
2107
2094
2099
2099
2104
2094
2103
2102
2079
2102
2090
2096
2100
2088
2080
2074
2082
2073
2080
2096
2116
2102
2108
2100
2095
2107
2093
2082
2097
2099
2103
2098
2097
2101
2092
2079
2101
2111
2103
2101
2113
2097
2102
2089
2083
2100
2093
2088
2069
2080
2096
2097
2104
2099
2096
2090
2085
2079
2093
2097
2088
2089
2094
2080
2111
2106
2086
2074
2098
2102
2117
2107
2104
2101
2079
2097
2106
2088
2087
2086
2105
2089
2088
2087
2077
2070
2056
2056
2067
2050
2078
2085
2085
2082
2072
2081
2069
2089
2088
2057
2080
2074
2081
2063
2083
2053
2064
2079
2056
2062
2051
2041
2061
2049
2040
2053
2051
2062
2034
2032
2065
2055
2055
2041
2044
2023
2061
2055
2036
2034
2033
2030
2031
2036
2046
2031
2044
2035
2042
2024
2026
2028
2026
2033
2024
2036
2056
2049
2039
2039
2035
2060
2038
2034
2043
2043
2049
2047
2053
2056
2053
2065
2054
2039
2038
2055
2036
2059
2063
2060
2038
2061
2072
2092
2072
2035
2055
2065
2086
2089
2074
2077
2071
2084
2087
2073
2084
2083
2087
2082
2079
2082
1986
1955
1938
1921
1938
1932
1927
1920
1933
1949
1987
2000
2009
2030
2035
2058
2071
2079
2088
2075
2061
2038
2044
2080
2087
2096
2107
2128
2148
2142
2124
2085
2086
2055
2019
1969
1937
1928
1891
1896
1891
1922
1950
1979
2020
2056
2071
2101
2120
2152
2159
2161
2189
2181
2169
2170
2172
2211
2240
2254
2253
2279
2306
2302
2282
2243
2230
2180
2174
2174
2198
2211
2233
2245
2262
2253
2258
2243
2225
2223
2222
2204
2214
2201
2205
2213
2203
2196
2186
2169
2168
2147
2163
2150
2140
2129
2099
2053
2001
1954
1894
1876
1840
1828
1847
1864
1893
1930
1951
1959
1925
1908
1899
1921
1937
1969
2002
2032
2055
2071
2063
2046
2030
2023
2007
2030
2034
2062
2124
2150
2160
2188
2175
2180
2183
2178
2146
2128
2086
2053
1989
1929
1883
1839
1815
1759
1766
1788
1817
1818
1856
1920
1977
2024
2065
2092
2097
2121
2144
2141
2122
2145
2130
2123
2128
2161
2180
2177
2196
2202
2222
2204
2176
2155
2117
2090
2057
2023
1977
1940
1906
1888
1876
1898
1911
1961
2034
2094
2175
2224
2276
2296
2325
2356
2342
2318
2288
2252
2209
2160
2112
2057
2038
1992
1957
1969
1976
1981
1981
2007
2031
2034
2036
2044
2039
2036
2039
2030
2044
2032
2031
2055
2075
2074
2113
2134
2152
2192
2215
2211
2231
2215
2238
2177
2182
2128
2104
2050
2057
2022
2020
2001
2007
1992
2023
2057
2053
2086
2102
2124
2146
2182
2214
2255
2296
2318
1967
1888
1847
1824
1841
1886
1951
1980
1997
2010
2047
2104
2194
2247
2281
2307
2334
2368
2363
2330
2300
2270
2238
2240
2216
2213
2204
2170
2123
2068
2002
1970
1936
1963
1955
1982
2021
2054
2096
2152
2205
2258
2288
2266
2252
2205
2166
2123
2092
2051
2005
1987
1927
1894
1906
1893
1876
1865
1847
1842
1868
1864
1897
1957
2013
2069
2123
2149
2199
2198
2232
2232
2222
2212
2207
2199
2200
2223
2222
2208
2171
2152
2101
2037
1993
1951
1920
1885
1878
1856
1886
1923
1952
1979
1972
1989
1979
1930
1959
1960
1985
2029
2043
2033
2036
2038
2087
2129
2167
2214
2220
2212
2205
2192
2199
2223
2275
2334
2347
2359
2337
2309
2272
2222
2186
2144
2094
2058
2200
2225
2249
2257
2265
2252
2207
2181
2117
2057
1978
1890
1835
1777
1728
1716
1722
1788
1850
1952
2029
2154
2255
2324
2392
2442
2470
2466
2488
2471
2432
2373
2318
2231
2141
2026
1928
1813
1720
1642
1607
1590
1622
1686
1799
1924
2050
2192
2314
2424
2519
2567
2616
2635
2613
2587
2526
2454
2373
2289
2169
2070
1987
1914
1837
1798
1778
1793
1813
1848
1889
1955
2002
2037
2086
2066
2081
2069
2018
2008
1979
1946
1924
1895
1921
1917
1920
1928
1964
1993
2022
2060
2112
2160
2208
2265
2306
2358
2389
2420
2410
2368
2340
2284
2203
2120
2071
1992
1958
1909
1869
1828
1792
1823
1824
1829
1852
1890
1956
2012
2095
2190
2281
2375
2484
2552
2600
2598
2381
2355
2331
2299
2228
2110
2006
1944
1880
1871
1885
1919
1943
1949
1941
1953
1979
2031
2072
2119
2132
2122
2104
2068
2016
1945
1927
1907
1921
1944
1975
1976
2020
2071
2155
2246
2336
2396
2382
2364
2322
2243
2230
2186
2150
2088
2000
1892
1827
1796
1805
1843
1885
1921
1944
1958
1985
2028
2097
2144
2202
2220
2232
2242
2266
2292
2282
2249
2197
2146
2104
2104
2113
2148
2138
2103
2057
2026
2041
2102
2157
2192
2178
2100
1994
1932
1884
1892
1942
1987
2005
1992
2028
2055
2090
2131
2191
2231
2265
2252
2266
2274
2228
2223
2202
2185
2156
2128
2080
2006
1913
1833
1773
1789
1831
1902
1978
2039
2037
2038
2024
2033
2088
2186
2285
2334
2388
2400
1970
1922
1880
1830
1812
1811
1832
1865
1902
1978
2030
2120
2194
2276
2294
2337
2336
2348
2356
2323
2338
2302
2290
2267
2226
2155
2096
2026
1988
1942
1859
1848
1808
1797
1811
1836
1850
1909
1958
1989
2024
2077
2118
2159
2207
2248
2279
2337
2361
2338
2302
2268
2198
2102
1990
1888
1805
1746
1694
1677
1700
1745
1825
1893
1972
2082
2202
2284
2373
2415
2485
2546
2564
2569
2534
2514
2455
2363
2274
2139
2042
1920
1813
1722
1667
1602
1593
1595
1621
1668
1706
1756
1832
1922
1991
2078
2144
2209
2262
2339
2383
2436
2455
2456
2439
2441
2408
2370
2320
2243
2147
2073
2005
1918
1864
1790
1764
1749
1758
1800
1825
1870
1919
1963
2015
2084
2113
2175
2002
1987
2032
2106
2166
2204
2200
2161
2087
2002
1928
1840
1751
1697
1641
1667
1710
1824
1961
2062
2170
2271
2334
2392
2490
2584
2609
2605
2562
2459
2411
2347
2360
2405
2418
2424
2350
2264
2185
2112
2083
1995
1876
1728
1600
1519
1530
1616
1813
2020
2217
2336
2476
2563
2619
2665
2670
2617
2553
2473
2354
2209
2074
1952
1840
1794
1799
1861
1961
2038
2121
2191
2278
2343
2356
2358
2354
2338
2320
2367
2398
2410
2361
2310
2189
2074
1982
1856
1801
1718
1651
1563
1470
1429
1429
1480
1507
1523
1540
1586
1647
1796
1920
2042
2168
2246
2313
2386
2463
2503
2537
2565
2546
2527
2502
2481
2424
2335
2198
2088
1973
1901
1852
1831
1835
1817
1798
1837
1568
1732
1904
2083
2235
2376
2486
2528
2520
2486
2407
2287
2148
1988
1844
1698
1549
1434
1395
1395
1460
1599
1759
1990
2216
2433
2646
2815
2945
3013
3002
2915
2782
2561
2315
2064
1781
1559
1355
1194
1080
1076
1090
1229
1398
1641
1871
2168
2465
2728
2967
3118
3191
3207
3109
2924
2696
2416
2108
1796
1528
1303
1128
1039
1024
1126
1288
1473
1724
2009
2301
2559
2786
2981
3120
3191
3176
3095
2972
2756
2507
2245
1968
1723
1501
1344
1253
1248
1283
1419
1563
1744
1936
2120
2298
2432
2502
2569
2589
2543
2482
2366
2252
2105
1959
1824
1734
1671
1642
1649
1713
1789
1913
2035
2183
2320
2439
2518
2523
2499
2456
2363
2246
2060
1911
1761
1605
1520
1271
1201
1161
1193
1239
1365
1543
1723
1828
1934
2001
2041
2162
2257
2408
2561
2695
2810
2904
2925
2948
2893
2794
2636
2437
2185
1935
1737
1559
1424
1270
1209
1190
1248
1430
1668
1925
2132
2311
2430
2540
2603
2637
2629
2581
2506
2429
2307
2215
2121
2045
1979
1927
1956
1985
2022
2099
2128
2116
2052
2014
1968
1949
1958
2010
2062
2073
2092
2110
2172
2287
2434
2618
2713
2725
2623
2458
2266
2069
1969
1944
1906
1905
1891
1839
1807
1816
1776
1818
1901
1926
1945
1965
1949
1975
2027
2088
2181
2267
2353
2429
2508
2602
2693
2770
2738
2652
2488
2248
2025
1846
1716
1663
1624
1588
1490
1455
1459
1581
1764
1975
2210
2365
2450
2474
2469
2482
2553
2336
2290
2188
2080
1998
1886
1825
1797
1847
1920
2012
2135
2254
2370
2448
2515
2507
2522
2512
2448
2336
2165
1992
1783
1604
1439
1343
1311
1375
1521
1723
2030
2292
2589
2847
3046
3195
3307
3325
3249
3091
2859
2592
2285
1882
1511
1145
897
730
672
712
906
1186
1585
1999
2419
2782
3068
3316
3457
3508
3451
3333
3064
2750
2329
1890
1435
994
648
428
353
399
590
861
1195
1601
2000
2400
2779
3096
3351
3503
3602
3613
3473
3217
2911
2559
2127
1715
1393
1144
990
943
982
1128
1302
1525
1735
1942
2135
2318
2447
2537
2593
2609
2556
2475
2322
2152
1984
1793
1655
1522
1487
1439
1513
1626
1752
1932
2124
2307
2491
2656
2802
2867
2847
742
783
863
969
1072
1209
1415
1597
1835
2087
2305
2549
2757
2931
3052
3155
3190
3218
3152
3095
2941
2777
2614
2431
2309
2178
2082
1951
1868
1811
1817
1853
1970
2071
2141
2143
2126
2054
1968
1946
1935
1983
2007
2057
2062
2032
1945
1905
1894
1904
1958
2018
2073
2086
2051
2033
2000
1996
2025
2098
2170
2213
2159
2126
2029
1916
1842
1809
1777
1783
1838
1875
1909
2007
2085
2219
2354
2467
2558
2579
2562
2509
2384
2291
2203
2124
2043
1935
1804
1713
1602
1587
1588
1653
1753
1896
2014
2138
2230
2304
2410
2510
2633
2750
2830
2814
2719
2523
2296
2040
1837
1670
1561
1521
1493
1484
1477
1471
1476
1506
1588
1695
1791
1916
1975
2053
2148
2281
