2093
2096
2099
2084
2111
2106
2082
2105
2112
2083
2081
2072
2089
2089
2111
2078
2080
2076
2075
2082
2095
2101
2097
2105
2111
2107
2089
2082
2074
2073
2099
2133
2101
2094
2088
2097
2093
2087
2087
2082
2087
2097
2078
2098
2103
2107
2104
2083
2078
2091
2098
2091
2089
2085
2096
2082
2091
2091
2094
2085
2086
2101
2082
2088
2077
2084
2088
2070
2106
2092
2102
2093
2103
2091
2087
2092
2104
2103
2082
2089
2104
2088
2082
2084
2095
2091
2078
2082
2096
2100
2090
2097
2093
2086
2095
2106
2099
2099
2089
2102
2108
2108
2091
2106
2106
2093
2091
2100
2088
2086
2096
2094
2077
2082
2112
2098
2093
2112
2112
2090
2081
2084
2086
2091
2095
2102
2091
2110
2096
2105
2096
2099
2077
2075
2062
2061
2062
2051
2048
2055
2077
2059
2047
2052
2058
2074
2069
2058
2072
2045
2040
2057
2075
2071
2087
2081
2076
2080
2101
2092
2072
2088
2093
2100
2104
2084
2096
2093
2082
2085
2088
2096
2093
2078
2078
2086
2086
2094
2072
2075
2073
2089
2085
2117
2111
2117
2096
2114
2092
2117
2108
2108
2127
2136
2151
2177
2179
2177
2199
2213
2210
2218
2222
2230
2251
2226
2216
2217
2202
2198
2203
2197
2180
2190
2174
2136
2129
2126
2093
2072
2071
2079
2064
2058
2055
2031
2024
2034
2047
2034
2017
2042
2067
2028
2048
2050
2036
2059
2074
2081
2101
2092
2113
2109
2121
2117
2136
2126
2120
2128
2135
2133
2142
2121
2116
2106
2075
2046
2048
2049
2029
2073
2085
2092
2104
2120
2127
2141
2134
2117
2126
2142
2124
2118
2127
2104
2120
2127
2128
2120
2137
2179
2187
2209
2190
2168
2122
2108
2069
2014
1996
1980
1975
1964
1971
1973
1981
2005
2026
2029
2059
2067
2097
2107
2117
2120
2136
2139
2137
2151
2142
2134
2145
2148
2148
2157
2162
2170
2177
2163
2144
2146
2126
2105
2116
2119
2128
2126
2118
2117
2100
2087
2034
2029
1997
1979
1961
1989
2009
2001
2020
2059
2081
2092
2120
2130
2142
2123
2130
2122
2136
2127
2117
2086
2070
2049
2035
2013
1999
2013
2002
1999
1987
2007
2002
2002
2017
2008
2036
2041
2064
2103
2138
2139
2163
2178
2172
2190
2171
2171
2163
2136
2130
2125
2001
1956
1977
2068
2124
2127
2073
2130
2138
2122
2019
1926
1878
1888
1896
1937
2015
2104
2197
2221
2207
2174
2145
2079
2035
2028
2035
2000
1957
1961
1980
1969
1912
1901
1984
2075
2132
2188
2223
2190
2167
2159
2129
2107
2076
2033
2008
1954
1949
1967
2024
2064
2125
2172
2265
2302
2321
2337
2273
2204
2171
2088
2072
1982
1890
1860
1899
1917
1979
2034
2119
2167
2187
2196
2206
2259
2238
2215
2159
2152
2151
2068
2001
1984
1974
1976
1960
1990
2037
2056
2085
2099
2127
2140
2164
2229
2233
2194
2225
2257
2265
2162
2057
1979
1948
1932
1933
1959
2050
2124
2159
2197
2224
2241
2239
2174
2092
2006
1927
1922
1965
1962
1956
1977
2008
2032
2021
2024
2037
2052
2088
2107
2166
2245
2300
2331
2283
2202
2072
1954
1843
1850
1906
2018
2151
2238
2265
2218
2108
1996
1888
1857
1859
1929
2053
2111
2116
2091
2023
1989
1964
1999
2073
2177
2231
2258
2228
2201
2100
2000
1976
2029
2142
2202
2294
2294
2249
2140
1987
1868
1820
1834
1956
2118
2258
2341
2376
2279
2127
1999
1880
1858
1909
2029
2159
2284
2314
2298
2190
2072
1939
1897
1931
2032
2181
2330
2431
2426
2331
2190
2000
1840
1775
1804
1896
2074
2221
2330
2377
2321
2213
2084
1997
1937
1981
2047
2133
2168
2145
2047
1940
1855
1840
1882
1987
2099
2226
2323
2329
2290
2209
2175
2171
2194
2194
2250
2281
2289
2239
2163
2100
2059
2034
2003
1993
2000
2430
2489
2385
2223
2083
1943
1844
1811
1854
1982
2107
2119
2190
2297
2345
2279
2235
2232
2157
2037
1970
1964
2037
2035
2009
2058
2187
2216
2122
2097
2128
2055
1914
1877
1913
1923
1999
2152
2271
2266
2231
2217
2185
2042
1898
1833
1914
2040
2133
2248
2335
2306
2232
2184
2153
2098
2009
2049
2136
2142
2131
2182
2261
2178
1948
1784
1774
1821
1860
1893
1966
1999
1984
1989
2038
2061
2043
2009
2025
2056
2093
2156
2274
2375
2311
2191
2195
2196
2140
2056
2021
1983
1903
1893
1993
2108
2193
2226
2197
2270
2370
2304
2072
1990
2056
2126
2145
2243
2298
2278
2183
2145
2191
2276
2292
2162
2074
2120
2197
2128
1994
1937
1926
1837
1829
1889
1903
1914
2033
2019
1968
1949
1972
2028
2056
2051
2113
2210
2311
2393
2400
2295
2169
2058
2063
2121
2169
2148
2091
2041
2063
2081
2074
2032
2012
1999
1995
1949
1916
1972
2113
2178
2169
2173
2184
2189
2133
2097
2118
2116
1963
1808
1758
1816
1876
1946
2067
2298
2451
2392
2224
2046
1952
1892
1885
1967
2112
2113
2027
1996
2083
2154
2149
2133
2185
2178
2082
1982
2024
2157
2220
2242
2314
2362
2259
2051
1887
1842
1775
1720
1907
2238
2486
2521
2421
2253
2110
1950
1818
1890
2053
2115
2026
1951
1950
2016
2167
2404
2562
2537
2397
2211
2037
1916
1919
2024
2173
2312
2412
2430
2375
2211
2086
2009
2007
2095
2160
2137
2047
1962
1954
1986
2060
2098
2158
2183
1824
1768
1831
1971
2163
2344
2459
2438
2271
2025
1800
1670
1736
1905
2103
2259
2301
2287
2192
2097
1966
1868
1819
1857
1971
2124
2218
2204
2080
1916
1796
1808
1926
2157
2370
2508
2520
2383
2159
1913
1783
1786
1903
2135
2307
2379
2323
2190
1993
1788
1640
1625
1762
2002
2305
2523
2582
2432
2121
1763
1535
1524
1720
2097
2448
2650
2602
2328
1970
1675
1569
1685
1931
2241
2467
2535
2454
2251
2010
1852
1839
1929
2043
2165
2218
2213
2182
2088
2029
2061
2097
2162
2214
2246
2216
2138
2035
1927
1840
1827
1923
2119
2358
2580
2655
2576
2294
1944
1624
1508
1624
1917
2207
2425
2473
2367
2148
1850
1608
1540
1607
1808
2066
2272
2341
2239
2066
1935
2072
1995
2024
2209
2400
2452
2495
2490
2388
2209
2066
2000
1992
1899
1854
1900
1963
1960
1923
1952
2053
2171
2314
2415
2318
2113
1963
1968
2001
2046
2072
2051
1848
1669
1775
2097
2304
2403
2552
2659
2452
2081
1881
2021
2239
2359
2356
2249
2101
2019
2099
2256
2305
2226
2160
2215
2340
2260
2016
1900
2056
2262
2157
1830
1731
1788
1709
1530
1540
1675
1653
1589
1774
2085
2249
2397
2657
2851
2785
2549
2372
2337
2316
2145
1904
1804
1884
1944
2076
2391
2654
2474
1952
1709
1831
2006
2055
1992
1796
1565
1579
1881
2109
2137
2202
2295
2316
2277
2231
2148
1972
1955
2164
2302
2196
2024
1986
1984
1987
2085
2255
2344
2247
1970
1796
1890
2051
2122
2500
2123
1680
1368
1272
1428
1841
2337
2766
3017
3011
2734
2313
1847
1476
1277
1309
1529
1902
2314
2695
2950
2904
2610
2164
1715
1425
1330
1466
1759
2170
2571
2801
2819
2638
2383
2118
1876
1759
1742
1799
1917
1972
1957
1920
1957
2011
2158
2309
2413
2423
2372
2233
2064
1928
1878
1892
1960
2049
2185
2317
2379
2373
2300
2238
2212
2200
2135
2044
1937
1859
1818
1778
1823
1922
2121
2341
2554
2614
2534
2315
2032
1743
1537
1495
1635
1879
2072
2155
2064
1930
1802
1818
1972
2229
2446
2506
2399
2132
1851
1687
1726
1932
2220
2436
2507
2350
2064
1706
1472
1505
1765
2210
2647
2965
3015
2782
2365
1858
1471
1365
1534
1870
2286
2595
2701
2591
2293
1976
1684
1743
2044
2453
2791
2768
2165
1361
893
876
1102
1480
1990
2427
2695
2801
2863
3016
3095
2939
2486
1886
1368
1035
891
964
1416
2079
2619
2722
2556
2517
2558
2393
2132
2251
2680
2789
2294
1752
1568
1638
1722
1835
1964
1996
1942
1939
2037
2216
2462
2783
2908
2797
2580
2287
1842
1240
1007
1395
1803
1738
1506
1675
2105
2319
2381
2678
3145
3228
2776
2192
1795
1543
1348
1238
1274
1454
1789
2119
2374
2703
3171
3592
3599
3166
2516
1847
1067
379
165
554
1192
1701
2173
2724
3167
3312
3206
3067
2986
2723
2197
1530
1102
1132
1674
2269
2550
2580
2626
2503
2001
1326
996
1148
1432
1698
2067
2650
3135
3078
2604
2101
1835
1757
1682
1708
2501
3178
3536
3315
2618
1746
1084
856
1120
1717
2448
3083
3397
3236
2660
1790
979
491
495
912
1542
2222
2761
3083
3079
2826
2462
2048
1678
1434
1345
1464
1811
2291
2785
3144
3304
3315
3119
2717
2161
1567
1163
1180
1656
2358
2979
3264
3126
2632
1935
1253
818
813
1228
1850
2502
2942
3029
2777
2266
1754
1458
1547
2018
2667
3239
3446
3184
2474
1567
724
217
196
765
1778
2924
3846
4095
3902
2990
1728
505
0
1
239
1341
2647
3831
4095
4095
4095
3576
2391
1193
331
13
183
720
1387
2072
2627
2956
3105
2998
2775
2505
2250
2052
1904
1765
1660
1591
1616
1779
2050
2391
2717
2935
3006
2918
2672
2294
1831
1322
982
876
1966
1616
1376
1234
1227
1321
1484
1708
1962
2213
2377
2492
2513
2438
2290
2077
1863
1658
1543
1481
1539
1652
1818
2014
2216
2437
2635
2814
2905
2935
2908
2766
2606
2375
2100
1827
1544
1321
1218
1206
1373
1624
1981
2480
3026
3560
4072
4095
4095
4095
4095
4095
4095
4095
3891
3143
2327
1496
718
75
0
1
0
2
0
0
1
173
720
1375
2068
2751
3349
3769
4052
4095
3999
3728
3321
2807
2215
1680
1213
880
650
570
622
823
1085
1469
1924
2420
2970
3498
3944
4095
4095
4095
4095
4095
4095
3784
3232
2598
1866
1036
227
1
1
1
1
0
1
1
1
0
257
1059
1918
2738
3522
4095
4095
4095
4095
4095
4095
4095
4095
4095
4095
4095
4095
4050
3599
3120
2637
2119
1581
1053
543
77
1
0
0
0
0
0
1
1
0
0
1
0
1
1
1
411
939
1454
1983
2492
2974
3439
3873
4095
4095
4095
4095
4095
4095
4095
4095
4095
4095
4095
4095
4095
4095
4095
4095
3940
3487
2981
2475
1979
1476
1005
567
144
0
1
0
1
0
0
0
1
0
0
1
0
0
1
0
139
550
977
1401
1804
2182
2535
2844
3150
3379
3570
3715
3825
3921
3966
3943
3916
3837
3755
3656
3518
3441
3309
3183
3077
2968
2874
2785
2722
2683
2641
2627
2574
2565
2542
2494
2458
2387
2296
2191
2064
1937
1774
1611
1446
1268
1079
906
718
619
491
602
714
831
992
1150
1278
1408
1565
1719
1867
2001
2117
2273
2402
2504
2622
2730
2842
2934
3012
3092
3189
3238
3294
3361
3399
3459
3481
3510
3547
3574
3602
3638
3657
3690
3707
3712
3736
3778
3780
3797
3832
3837
3851
3875
3876
3930
3948
3949
3934
3942
3959
3962
3944
3946
3937
3898
3871
3844
3795
3776
3746
3680
3628
3556
3494
3397
3335
3287
3196
3105
3017
2926
2852
2781
2700
2611
2540
2460
2388
2304
2234
2151
2088
2010
1944
1860
1821
1737
1696
1616
1557
1480
1436
1373
1336
1279
1235
1191
1132
1105
1025
980
931
897
869
818
744
727
680
649
632
592
565
531
499
461
490
482
461
440
445
445
444
449
465
467
486
