2102
2094
2085
2090
2103
2091
2096
2102
2086
2090
2083
2106
2091
2078
2095
2077
2080
2095
2088
2088
2090
2112
2098
2096
2079
2093
2095
2079
2107
2087
2088
2088
2091
2103
2092
2098
2083
2100
2106
2079
2067
2089
2084
2099
2105
2096
2087
2087
2089
2091
2095
2105
2095
2081
2080
2091
2080
2065
2081
2104
2101
2094
2088
2078
2091
2074
2086
2074
2079
2085
2071
2085
2086
2077
2092
2090
2100
2093
2081
2088
2089
2082
2079
2082
2093
2120
2114
2095
2103
2096
2077
2098
2103
2085
2087
2088
2089
2110
2083
2088
2089
2080
2092
2069
2081
2081
2087
2089
2091
2099
2095
2103
2099
2092
2096
2089
2098
2085
2100
2097
2090
2082
2089
2097
2086
2087
2105
2096
2104
2088
2086
2083
2097
2092
2089
2091
2097
2091
2092
2079
2100
2102
2090
2080
2090
2094
2108
2104
2089
2104
2084
2087
2110
2101
2070
2079
2087
2078
2096
2097
2085
2092
2103
2098
2096
2094
2091
2125
2104
2098
2090
2098
2092
2088
2094
2114
2112
2113
2086
2093
2097
2092
2096
2087
2066
2059
2084
2079
2102
2090
2106
2098
2090
2092
2099
2097
2105
2077
2107
2089
2079
2090
2081
2102
2097
2080
2090
2093
2093
2086
2081
2076
2079
2100
2093
2097
2108
2120
2106
2087
2097
2089
2097
2099
2088
2085
2109
2100
2089
2095
2117
2091
2070
2083
2079
2080
2074
2092
2080
2081
2088
2053
2070
2082
2088
2085
2092
2091
2084
2079
2110
2085
2093
2094
2074
2081
2045
2019
2023
2021
2035
2045
2055
2048
2068
2043
2086
2094
2084
2096
2075
2106
2112
2125
2143
2156
2151
2148
2140
2155
2160
2171
2170
2144
2173
2157
2156
2178
2176
2178
2195
2176
2173
2182
2167
2161
2154
2155
2150
2175
2187
2161
2160
2200
2164
2166
2167
2165
2159
2142
2154
2163
2160
2179
2174
2156
2156
2143
2147
2129
2161
2143
2116
2138
2132
2119
2096
2098
2090
2063
2044
2035
2053
2024
2023
1994
1976
1949
1956
1925
1910
1913
1878
1894
1900
1875
1870
1886
1880
1887
1888
1881
1895
1896
1905
1909
1926
1959
1963
1980
1995
2018
2024
2064
2098
2116
2110
2152
2180
2196
2226
2266
2240
2242
2263
2288
2290
2294
2314
2328
2314
2322
2310
2311
2167
2170
2174
2156
2142
2130
2115
2108
2105
2096
2074
2061
2054
2030
2049
2040
2035
2036
2010
2020
2018
2010
2033
2032
2040
2034
2052
2104
2101
2128
2125
2127
2125
2112
2139
2162
2166
2137
2121
2129
2098
2068
2043
2017
2006
2005
1990
2000
2010
2046
2048
2085
2096
2124
2117
2106
2074
2080
2067
2063
2064
2052
2046
2014
2006
1999
2042
2048
2071
2104
2120
2139
2206
2240
2278
2256
2239
2251
2244
2195
2139
2106
2056
2027
1976
1968
1955
1966
1960
1990
2026
2074
2091
2125
2162
2180
2165
2168
2195
2183
2147
2103
2073
2054
2034
2033
2036
2029
2010
2047
2067
2074
2111
2119
2162
2171
2180
2170
2159
2130
2095
2091
2065
2036
2028
2022
2027
2063
2069
2013
1946
1911
1936
1960
1951
1962
1976
2017
2034
2045
2084
2069
2068
2086
2099
2115
2119
2120
2109
2110
2135
2189
2228
2234
2192
2154
2135
2122
2068
2053
2034
2044
2069
2048
2054
2032
2050
2083
2088
2036
1963
1957
1959
1987
1988
2029
2067
2146
2188
2221
2219
2231
2178
2150
2076
2010
2008
1999
2029
2008
1971
1986
2028
2117
2187
2235
2310
2373
2401
2348
2255
2184
2085
1983
1884
1828
1797
1721
1712
1759
1892
2004
2093
2161
2240
2290
2306
2342
2371
2340
2223
2128
2056
2038
2008
1958
1940
1965
2016
2094
2142
2197
2228
2281
2318
2290
2216
2112
2078
2054
2045
2000
1954
1928
1908
1925
1908
1943
1984
2041
2126
2221
2248
2232
2178
2098
2102
2168
2188
2170
2099
2035
1946
1857
1828
1802
1855
1965
2137
2266
2379
2426
2409
2289
2141
1992
1894
1883
1902
2003
2075
2188
2309
2409
2466
2439
2361
2220
2039
1927
1855
1831
1908
1943
2063
2197
2276
2344
2346
2345
2239
2145
2032
1927
1866
1866
1861
1943
1994
2072
2100
2088
2107
2082
2052
2056
2021
2000
2007
2004
2041
2114
2198
2298
2344
2376
2368
2328
2272
2188
2133
2065
2022
2034
2112
2196
2281
2327
2266
2208
2159
2071
2065
2039
2065
2032
1945
1856
1829
1907
2075
2215
2312
2345
2285
2194
2131
2186
2184
2140
2049
1975
1885
1835
1875
1965
2049
2097
2116
2106
2109
2104
2090
2072
2030
1968
1938
1928
1942
1979
2041
2082
2133
2231
1913
1927
1895
1880
1880
1958
2072
2163
2241
2296
2345
2353
2268
2168
2040
1926
1909
2036
2192
2249
2222
2168
2169
2149
2128
2089
2048
2040
2070
2152
2237
2254
2179
2108
2072
2066
2026
2004
2016
2067
2156
2200
2158
2145
2145
2072
1991
1943
1965
2036
2105
2150
2184
2173
2163
2144
2112
2031
1956
1909
1894
1939
2000
2040
2118
2179
2172
2127
2160
2210
2226
2139
1987
1879
1847
1894
2049
2176
2291
2278
2204
2077
2002
1921
1896
1934
2027
2176
2318
2360
2377
2343
2300
2260
2124
1989
1855
1806
1824
1917
2030
2157
2200
2234
2242
2144
2024
1909
1901
1958
2044
2116
2124
2151
2183
2207
2215
2171
2091
2031
1935
1910
1953
2037
2186
2259
2235
2135
2139
2241
2338
2347
2295
2124
1882
1671
1636
1731
1932
2017
2010
1967
2025
2165
2318
2411
2386
2235
2029
1824
1709
1705
1837
2007
2146
2252
2313
2312
2192
2072
2064
2164
2317
2387
2390
2381
2357
2292
2261
2309
2355
2279
2085
1922
1881
1918
1960
2006
2130
2226
2238
2231
2199
2115
1956
1860
1929
2052
2182
2249
2300
2342
2359
2299
2223
2097
1904
1730
1662
1695
1824
2000
2194
2277
2236
2178
2217
2244
2214
2064
1834
1639
1552
1678
1943
2237
2478
2679
2715
2589
2298
2011
1793
1660
1623
1765
1980
2206
2390
2488
2507
2395
2264
2115
1952
1730
1548
1551
1741
2003
2236
2420
2535
2546
2391
2155
2029
2072
2076
1956
1859
1816
1916
2055
2203
2307
2283
2088
1895
1773
1714
1776
1901
2096
2252
2338
2358
2309
2170
2020
1911
1853
1850
1970
2121
2234
2320
2319
2265
2160
2048
1982
1942
2003
2082
2188
2213
2197
2091
1984
1922
1889
1932
1987
2086
2203
2261
2250
2119
1953
1807
1746
1756
1916
2074
2230
2308
2276
2179
2003
1873
1865
1947
2096
2269
2396
2460
2396
2269
2119
2020
1989
2024
2073
2168
2225
2238
2194
2084
1973
1918
1938
2010
2089
2152
2174
2148
2108
2057
2016
2039
2115
2158
2172
2186
2180
2116
2095
2073
2084
2110
2169
2211
2165
2082
2001
1960
1923
1954
1989
2037
2104
2123
2078
2016
1968
1965
2006
2097
2236
2308
2304
2247
2135
2011
1898
1888
1922
2020
2103
2189
2248
2243
2172
2175
2236
2290
2329
2306
2156
1939
1776
1740
1828
1906
1993
2070
2101
2122
2182
2171
2095
2133
2230
2385
2323
2038
1809
1746
1752
1808
1944
2168
2337
2406
2297
2142
1967
1802
1763
1824
1927
1860
1832
1911
2111
2190
2188
2163
2182
2164
2128
2117
2092
2079
2099
2170
2213
2112
1939
1815
1843
1893
1961
1979
1985
1983
1985
1992
2074
2146
2174
2210
2193
2139
2066
2031
2048
2057
2089
2166
2174
2204
2287
2362
2303
2245
2252
2316
2287
2140
2066
1983
1861
1756
1746
1871
2037
2196
2330
2295
2142
1962
1833
1852
1975
2150
2296
2359
2396
2368
2295
2128
1928
1816
1769
1813
1868
1864
1782
1739
1864
2075
2312
2431
2401
2399
2424
2351
2173
1959
1905
2109
2107
2151
2184
2189
2083
1930
1777
1731
1757
1897
2083
2298
2427
2470
2365
2125
1878
1727
1649
1714
1880
2107
2324
2484
2574
2544
2350
2173
1998
1815
1718
1738
1838
1983
2227
2488
2657
2730
2682
2529
2264
1988
1783
1662
1687
1802
1952
2163
2285
2342
2312
2182
2035
1998
2033
2081
2154
2169
2119
2024
1949
1852
1912
2087
2312
2481
2554
2372
2149
1872
1746
1819
2042
2312
2607
2776
2774
2565
2275
1998
1759
1660
1759
1901
2163
2342
2370
2304
2124
2014
1976
2026
2079
2103
2085
1995
1870
1748
1712
1783
1906
2050
2128
2215
2269
2228
2188
2118
2053
2031
2056
2098
2094
2094
2096
2085
2056
2106
2181
2206
2181
2208
2268
2394
2450
2318
2060
2052
2277
2504
2720
2864
2812
2602
2210
1765
1408
1248
1299
1537
1899
2266
2512
2615
2613
2510
2237
1870
1603
1598
1878
2297
2746
3047
3178
3114
2728
2187
1582
1001
649
596
931
1474
2120
2689
3119
3388
3377
3112
2526
1838
1255
956
937
1183
1586
2064
2546
2886
2970
2729
2231
1670
1209
1089
1333
1891
2557
3044
3198
3063
2680
2267
1804
1386
1130
1179
1507
2008
2507
2847
2885
2671
2239
1728
1334
1186
1308
1622
2078
2481
2767
2775
2545
2130
1657
1302
1132
1273
1644
2225
2872
3348
3507
3327
2809
2145
1489
1031
872
1045
1482
2005
2516
2828
2924
2824
2572
2249
1985
1835
1787
1844
1962
2156
2457
2666
2782
2639
2317
1890
1458
1226
1206
2167
1774
1627
1848
2206
2526
2589
2470
2222
2025
1939
1890
1864
1857
2012
2283
2584
2717
2591
2318
2033
1906
1872
1892
1815
1779
1828
2069
2391
2676
2650
2313
1736
1177
872
940
1254
1629
1965
2156
2127
2098
2047
2050
2116
2196
2296
2369
2502
2619
2674
2556
2296
1989
1719
1588
1642
1846
2055
2237
2437
2703
2771
2608
2175
1689
1360
1305
1603
2082
2483
2561
2290
1903
1493
1297
1279
1449
1776
2213
2656
2974
3049
2836
2344
1718
1263
1179
1444
1916
2419
2831
3096
3060
2873
2608
2261
1872
1555
1407
1465
1680
1851
1925
1919
1939
1966
2040
2210
2565
2903
3120
3148
3033
2762
2410
2067
1767
1531
1480
1601
1751
1873
1867
1689
1471
1460
1718
2182
2688
3149
3493
3680
3705
3578
3239
2804
2370
1979
1704
1532
1505
1525
1592
1699
1809
1916
1937
1861
1795
1691
1672
1765
1985
2303
2713
3111
3453
3624
3594
3349
2887
2255
1552
840
282
3
1
87
533
1161
1961
2793
3521
4074
4095
4095
3794
3120
2344
1644
1122
791
718
770
982
1296
1685
2122
2493
2735
2825
2677
2445
2207
2065
2097
2245
2422
2560
2591
2502
2308
2103
1886
1747
1683
1683
1733
1859
2041
2278
2510
2704
2775
2696
2451
2150
1921
1790
1766
1802
1871
1934
1964
2020
2052
2011
1897
1758
1595
1583
1697
1958
2284
2566
2717
2744
2645
2466
2277
2040
1839
1695
1644
1676
1752
1852
1818
1733
1616
1505
1476
1596
1824
2168
7
1
1
1
1
589
1292
1927
2546
3296
4095
4095
4095
4095
4095
4095
4095
4095
3862
2720
1557
395
0
0
0
1
0
0
0
0
196
1435
2719
3970
4095
4095
4095
4095
4095
4095
4095
3776
2803
1996
1336
763
207
0
0
1
1
0
212
1088
1980
2830
3557
4095
4095
4095
4095
4095
4095
4095
4031
3351
2624
1886
1247
731
284
0
0
0
1
0
76
635
1307
2048
2724
3325
3789
4095
4095
4095
4095
3842
3320
2706
2051
1437
900
541
350
308
444
712
1119
1681
2378
3149
3889
4095
4095
4095
4095
4095
3735
2885
1913
970
26
1
1
1
0
0
0
0
0
551
1862
3219
4095
4095
4095
4095
