2062
2055
2065
2110
2079
2079
2084
2095
2076
2059
2083
2086
2108
2106
2092
2104
2097
2076
2092
2072
2087
2074
2086
2053
2071
2097
2071
2073
2076
2095
2105
2100
2083
2103
2072
2073
2084
2093
2091
2091
2102
2059
2067
2064
2071
2058
2095
2069
2088
2101
2111
2078
2089
2075
2081
2078
2082
2070
2079
2094
2093
2104
2087
2089
2053
2081
2100
2069
2089
2093
2087
2081
2081
2096
2070
2087
2095
2093
2098
2125
2120
2086
2085
2109
2067
2079
2089
2107
2094
2105
2112
2107
2097
2096
2126
2123
2114
2116
2104
2078
2098
2087
2080
2101
2123
2092
2094
2104
2080
2072
2090
2103
2109
2130
2120
2094
2074
2068
2083
2094
2119
2116
2130
2104
2124
2132
2102
2088
2108
2118
2092
2093
2103
2089
2076
2081
2086
2082
2104
2091
2075
2088
2066
2081
2102
2099
2080
2078
2080
2091
2079
2069
2079
2083
2071
2064
2074
2088
2078
2082
2104
2089
2092
2076
2084
2088
2109
2090
2060
2077
2072
2076
2093
2082
2089
2109
2087
2115
2111
2097
2095
2108
2082
2119
2092
2095
2088
2103
2103
2073
2099
2105
2095
2099
2074
2079
2084
2104
2099
2070
2061
2087
2092
2101
2092
2070
2077
2082
2108
2112
2102
2115
2065
2104
2097
2085
2077
2097
2099
2116
2097
2093
2100
2085
2107
2068
2077
2096
2101
2078
2108
2128
2098
2083
2077
2101
2099
2079
2114
2088
2101
2101
2104
2095
2102
2079
2091
2125
2107
2073
2064
2076
2122
2088
2093
2082
2002
2018
1999
2015
2024
2014
2012
2021
2032
2061
2057
2082
2049
2072
2074
2104
2095
2077
2093
2110
2122
2135
2118
2115
2121
2125
2156
2123
2137
2125
2142
2142
2140
2169
2162
2121
2152
2169
2159
2186
2177
2176
2155
2157
2147
2126
2144
2127
2146
2119
2138
2139
2141
2166
2145
2137
2116
2139
2145
2141
2116
2124
2107
2114
2135
2133
2120
2129
2126
2126
2125
2133
2160
2124
2134
2111
2104
2107
2098
2152
2122
2100
2123
2104
2099
2086
2049
2070
2095
2069
2056
2056
2058
2051
2052
2070
2066
2085
2080
2076
2080
2046
2072
2097
2115
2096
2133
2089
2074
2075
2101
2105
2076
2079
2090
2058
2057
2076
2064
2033
2040
2028
2005
2013
2007
1970
1975
1962
2016
1987
1978
1971
1999
1991
2027
2048
2062
2078
2103
2126
2175
2230
2203
2214
2216
2189
2193
2218
2180
2133
2110
2091
2040
2027
2038
2064
2022
2040
2034
2037
2015
2005
2008
2008
2005
1986
2013
2018
2040
2010
2040
2061
2071
2091
2077
2076
2087
2053
2058
2108
2108
2108
2156
2162
2143
2125
2111
2099
2115
2126
2118
2129
2106
2055
2051
2008
1984
1981
2032
2003
1990
2002
2041
2003
2008
2016
2036
2110
2112
2097
2096
2056
2086
2093
2117
2151
2196
2211
2201
2204
2219
2211
2239
2222
2271
2279
2285
2294
2232
2222
2180
2172
2139
2167
2124
2126
2092
2094
2062
2037
2017
2004
2024
2027
2035
2026
2011
1962
1952
1956
1965
1943
1974
2011
2082
2106
2011
1960
1939
1959
1956
2029
2082
2161
2209
2259
2238
2209
2151
2062
1975
1926
1914
1899
1959
2035
2089
2194
2280
2312
2304
2291
2200
2094
2034
1982
1925
1931
1928
2032
2107
2184
2260
2279
2244
2219
2141
2081
1987
1937
1902
1903
1981
2026
2089
2139
2206
2199
2175
2130
2066
2020
1948
1917
1890
1941
2010
2057
2116
2177
2158
2167
2130
2125
2077
2064
2054
2004
1954
1892
1940
1958
1951
2001
2013
2105
2158
2193
2279
2318
2351
2363
2343
2256
2166
2084
2011
1923
1877
1867
1895
1957
2040
2147
2177
2204
2210
2221
2186
2147
2081
2052
2048
2039
2065
2086
2108
2110
2180
2149
2150
2067
2028
2023
2021
2049
2053
2066
2127
2134
2168
2189
2168
2134
2088
2110
2060
2056
2063
2071
2091
2138
2144
2154
2182
2193
2169
2120
2151
2187
2201
2210
2100
2020
1982
2002
2056
2065
2064
2048
1955
2005
2107
2215
2253
2226
2068
1934
1903
2009
2083
2108
2083
2040
1982
1978
2069
2136
2139
2081
2016
1984
1967
2008
2028
1998
1951
1992
2088
2197
2249
2224
2191
2184
2181
2077
2005
1928
1897
1962
2058
2200
2258
2195
2120
2024
1994
1896
1869
1890
1998
2055
2106
2144
2190
2210
2204
2255
2189
2109
2048
2008
1979
2001
2015
1997
2051
2159
2316
2402
2390
2287
2198
2154
2130
2105
2051
2014
1984
2041
2066
2100
2120
2108
2120
2097
2082
2076
2130
2122
2085
2073
2083
2175
2205
2150
2060
1927
1810
1842
1900
2015
2023
2020
2058
2075
2096
2094
2112
2096
2133
2134
2061
2030
2006
2037
2012
2036
2089
2080
2127
2206
2277
2254
2175
2042
1933
1904
1927
1977
2003
2028
2084
2193
2251
2277
2209
2137
2096
2028
2006
1956
1952
1925
1936
1920
1978
2080
2199
2233
2188
2060
1987
2018
2037
2062
2106
2144
2109
2136
2146
2149
2141
2145
2128
2033
1916
1886
1903
2007
2037
2034
2039
2119
2164
2164
2193
2273
2300
2223
2121
2069
2063
2134
2163
2209
2251
2264
2200
2023
1977
2007
2055
2048
2080
2077
2072
2058
2004
2041
2127
2146
2141
2115
2203
2271
2212
2104
1988
1977
2000
2041
2045
2117
2183
2195
2143
2020
1999
2005
2123
2176
2151
2086
2014
2012
1972
1972
1998
1987
2091
2137
2171
2200
2193
2214
2155
2094
2064
2017
2045
2061
2098
2144
2168
2206
2138
2077
2022
2013
1925
1945
1948
1963
2039
2070
2104
2186
2205
2199
2196
2129
2107
2063
2009
2032
2053
2093
2118
2149
2208
2212
2185
2158
2151
2134
2110
2103
2154
2183
2157
2146
2145
2091
2093
2068
2006
1978
2005
2034
2079
2143
2163
2152
2166
2115
2100
2046
2050
2038
2007
2020
2031
2022
2004
2021
2050
2101
2125
2179
2213
2196
2169
2109
2076
2007
1967
1999
2017
2087
2107
2147
2159
2135
2045
2027
2031
2063
2099
2089
2135
2160
2187
2158
2105
2092
2066
2045
2078
2136
2145
2107
2073
1996
1960
1955
1974
2029
2104
2202
2257
2249
2219
2114
2016
1928
1953
2004
2200
2296
2328
2314
2224
2107
2098
2069
2094
2078
2107
2133
2122
2082
2032
1990
1954
1903
1932
2007
2103
2186
2258
2268
2225
2136
2123
2033
1964
1945
1959
2023
2065
2114
2122
2084
2032
2028
2064
2099
2066
2050
2066
2089
2079
2071
2049
2048
1974
1990
1960
2029
2119
2139
2129
2120
2247
2395
2426
2331
2221
2115
1964
1872
1874
1893
1927
2013
2049
2118
2202
2298
2327
2262
2211
2151
2105
2051
2064
2070
2068
2067
2107
2103
2055
2070
2151
2289
2369
2337
2329
2249
2200
2165
2188
2135
2122
2091
2096
2161
2156
2139
2184
2176
2191
2136
2066
1975
1897
1873
1833
1803
1919
2040
2095
2164
2154
2101
2064
1990
1956
1986
2000
1991
2019
2030
2103
2164
2012
2012
2027
2062
2086
2110
2119
2176
2213
2216
2212
2183
2095
2034
1997
1968
1983
1961
1956
1928
1982
2077
2140
2099
2043
1970
1951
1974
2021
2124
2213
2293
2340
2358
2304
2224
2116
2023
1952
1926
1961
2051
2156
2239
2319
2340
2342
2353
2309
2233
2115
1987
1918
1877
1919
1965
2024
2065
2085
2059
2022
2009
1990
1988
2009
2039
2071
2092
2136
2144
2137
2149
2188
2226
2204
2193
2089
2010
1926
1901
1922
1966
2006
2000
2019
2013
2024
2023
2028
2007
1957
1934
1936
1972
2008
2063
2099
2165
2226
2274
2278
2265
2179
2065
1987
1944
1999
2108
2173
2244
2240
2208
2193
2164
2175
2194
2198
2175
2129
2072
2069
2043
2063
2080
2117
2072
2023
1973
1893
1899
1936
1904
1844
1866
1954
2007
2054
2144
2217
2196
2090
2113
2143
2174
2133
2042
1980
1954
1972
2083
2172
2186
2112
2045
2078
2141
2099
2041
1957
1864
1836
1879
1970
2059
2100
2105
2145
2208
2237
2203
2111
2083
2093
2145
2183
2192
2204
2175
2130
2075
2008
1959
1899
1898
1923
2007
2092
2201
2269
2323
2321
2290
2256
2230
2171
2060
1994
1978
2000
2021
2064
2062
2157
2257
2281
2213
2109
2033
1977
1943
1920
1989
2119
2224
2264
2202
2100
1970
1933
1956
1957
1962
2006
2133
2247
2264
2261
2254
2256
2173
2008
1884
1888
1899
1900
1933
1994
2045
2031
1995
2029
2077
2136
2160
2122
2061
1961
1941
1996
2085
2183
2287
2329
2410
2455
2435
1730
1873
2141
2383
2531
2562
2440
2260
2119
2014
2070
2145
2177
2127
2005
1925
1934
2077
2282
2473
2538
2420
2263
2049
1949
1914
1895
1865
1788
1759
1787
1912
2111
2326
2411
2344
2125
1833
1618
1581
1664
1813
1888
1880
1848
1856
2004
2244
2418
2460
2353
2202
2038
2001
1942
1898
1895
1924
1967
2000
2104
2208
2367
2456
2356
2071
1700
1540
1632
1841
2102
2237
2281
2247
2263
2323
2442
2590
2672
2617
2429
2126
1908
1860
1976
2102
2236
2260
2198
2092
1941
1734
1596
1567
1790
2079
2308
2389
2330
2293
2303
2424
2600
2692
2629
2427
2139
1824
1627
1627
1704
1709
1619
1450
1431
1613
2001
2310
2491
2470
2383
2336
2307
2296
2258
2234
2201
2185
2231
2309
2323
2212
2089
1971
1997
2117
2318
2444
2422
2228
1927
1651
1447
1486
1752
2112
2403
2549
2448
2235
2010
1890
1892
2005
2076
2096
2077
2039
2036
2136
2290
2348
2307
2148
1901
1631
1476
1556
1853
2300
2698
2932
2872
2558
2158
1786
1638
1693
1881
2134
2293
2261
2095
1854
1687
1674
1781
1980
2122
2192
2136
2003
1925
1960
2119
2273
2388
2355
2206
1926
1668
1468
1437
1612
1962
2340
2610
2707
2601
2384
2183
2074
2084
2155
2264
2288
2223
2042
1840
1760
1783
1978
2230
2446
2544
2460
2262
2012
1878
1849
1976
2206
2426
2562
2565
2476
2290
2096
1951
1879
1915
2038
2214
2294
2295
2225
2133
2061
2098
2231
2325
2344
2229
2025
1811
1638
2896
2696
2311
1886
1627
1529
1622
1846
2194
2650
3205
3651
3898
3832
3415
2700
1868
1093
558
378
538
961
1430
1806
2016
2076
1926
1669
1382
1238
1317
1619
2092
2608
3090
3441
3483
3253
2786
2185
1621
1233
1100
1271
1727
2322
2864
3124
3007
2588
2037
1500
1124
929
949
1076
1412
1919
2474
2969
3209
3079
2567
1892
1310
1094
1283
1790
2363
2861
3212
3492
3642
3605
3250
2633
1908
1244
907
918
1289
1804
2311
2687
2859
2782
2475
1915
1219
621
284
371
810
1508
2204
2754
3090
3156
2968
2495
1854
1220
771
640
933
1496
2233
2948
3501
3784
3727
3387
2815
2189
1696
1429
1380
1509
1758
2019
2200
2257
2154
1836
1394
939
638
656
366
837
1487
2227
2961
3552
3960
4095
4095
4023
3738
3352
2830
2200
1466
719
15
0
3
0
1
150
1095
2192
3226
4053
4095
4095
4095
4095
3869
3066
2182
1309
519
2
0
0
1
172
975
1960
2939
3827
4095
4095
4095
4095
4095
3683
2764
1678
585
1
0
0
1
1
0
717
2018
3288
4095
4095
4095
4095
4095
4095
4095
3217
2099
926
0
0
1
1
0
0
3
619
1871
3134
4095
4095
4095
4095
4095
4095
4095
3741
2661
1497
372
0
1
1
1
0
1
26
997
2174
3281
4095
4095
4095
4095
4095
4095
4095
3280
2267
1265
334
3
1
1
2
1
43
830
1785
2689
3532
4095
4095
4095
4095
