2090
2098
2112
2099
2093
2101
2118
2062
2080
2083
2098
2090
2083
2084
2084
2087
2086
2100
2102
2108
2090
2081
2090
2086
2082
2074
2096
2094
2094
2106
2090
2071
2085
2095
2096
2098
2079
2084
2108
2095
2099
2092
2100
2092
2088
2104
2110
2120
2107
2083
2100
2089
2084
2095
2114
2091
2099
2105
2104
2101
2087
2108
2115
2104
2091
2081
2086
2096
2103
2102
2089
2110
2081
2103
2100
2070
2090
2077
2094
2082
2095
2093
2114
2088
2073
2090
2094
2098
2112
2111
2106
2089
2083
2070
2089
2113
2076
2094
2092
2092
2090
2104
2074
2066
2084
2101
2106
2098
2108
2099
2075
2073
2097
2083
2084
2091
2084
2090
2084
2094
2094
2080
2103
2104
2097
2089
2089
2094
2105
2110
2102
2097
2111
2106
2094
2104
2098
2100
2115
2114
2078
2084
2089
2073
2099
2086
2110
2068
2084
2103
2092
2082
2108
2091
2088
2088
2095
2091
2084
2072
2091
2089
2094
2080
2078
2083
2086
2079
2095
2089
2090
2078
2090
2064
2052
2086
2078
2070
2073
2076
2087
2076
2082
2090
2096
2088
2094
2090
2079
2071
2066
2089
2078
2090
2078
2096
2098
2092
2081
2065
2082
2083
2079
2048
2059
2075
2069
2082
2069
2061
2079
2076
2060
2057
2078
2073
2066
2102
2079
2072
2062
2066
2080
2066
2072
2086
2077
2080
2086
2068
2069
2071
2074
2065
2057
2072
2065
2059
2056
2061
2077
2071
2074
2075
2063
2056
2060
2062
2074
2074
2071
2052
2061
2066
2043
2037
2499
2525
2536
2540
2558
2569
2596
2582
2594
2580
2575
2575
2550
2537
2510
2491
2451
2432
2393
2354
2326
2274
2244
2214
2184
2140
2088
2012
2026
2002
1960
1952
1919
1890
1874
1846
1822
1818
1774
1738
1733
1716
1712
1689
1699
1684
1690
1693
1681
1700
1708
1726
1761
1789
1807
1852
1869
1902
1921
1964
1963
1988
1986
1977
1981
1987
1980
1961
1948
1932
1916
1908
1890
1884
1880
1887
1904
1925
1944
1977
2014
2053
2088
2139
2174
2214
2228
2255
2271
2294
2293
2308
2317
2312
2316
2309
2318
2331
2349
2354
2365
2380
2380
2403
2414
2410
2406
2408
2420
2396
2395
2386
2382
2365
2344
2361
2347
2325
2324
2324
2306
2283
2260
2222
2157
2147
2094
2035
2120
2171
2243
2272
2310
2312
2270
2207
2139
2062
1982
1914
1860
1832
1814
1819
1852
1899
1992
2103
2219
2347
2440
2491
2515
2487
2436
2368
2265
2189
2127
2078
2025
1974
1910
1830
1741
1647
1577
1538
1551
1621
1723
1851
2004
2148
2250
2331
2379
2400
2421
2424
2435
2460
2485
2496
2499
2478
2443
2392
2324
2244
2166
2063
1986
1923
1870
1809
1782
1757
1739
1711
1712
1723
1747
1812
1917
2032
2181
2311
2419
2490
2522
2520
2476
2411
2304
2212
2123
2029
1941
1847
1773
1697
1654
1621
1638
1673
1752
1863
1984
2105
2226
2319
2399
2474
2517
2556
2584
2602
2599
2579
2540
2462
2361
2231
2095
1922
1771
1663
1577
1556
1568
1627
1718
1832
1950
2063
2098
2213
2306
2352
2352
2303
2217
2133
2048
1972
1948
1945
1975
2020
2073
2120
2153
2185
2206
2221
2228
2236
2246
2262
2277
2288
2293
2284
2241
2171
2081
1977
1883
1810
1779
1770
1814
1872
1950
2046
2137
2228
2293
2344
2360
2351
2302
2238
2142
2039
1927
1825
1742
1696
1699
1757
1867
2009
2176
2331
2471
2574
2603
2578
2484
2343
2170
1992
1830
1711
1643
1648
1718
1848
2008
2184
2330
2446
2521
2550
2538
2487
2395
2279
2134
1995
1874
1803
1774
1782
1811
1845
1863
1886
1905
1938
1998
2087
2183
2274
2308
2290
2206
2093
1961
1856
1798
1800
1860
1970
2103
2239
2365
2468
2529
2561
2564
2528
2450
2344
2213
2085
1952
1849
1772
1736
1714
1722
1982
2058
2180
2309
2408
2447
2426
2402
2358
2333
2201
1910
1630
1477
1488
1606
1767
1981
2215
2388
2398
2302
2268
2264
2244
2180
2080
1999
1910
1931
2033
2126
2174
2122
2064
2124
2226
2307
2304
2264
2254
2224
2142
2009
1871
1793
1817
2004
2256
2482
2578
2502
2364
2298
2228
2155
1998
1833
1756
1768
1773
1752
1713
1708
1749
1894
2067
2130
2071
2030
2026
2048
2012
1925
1927
1907
1837
1754
1783
1928
2128
2268
2344
2382
2375
2344
2321
2356
2372
2330
2212
2152
2227
2309
2278
2149
2030
1991
1976
1944
1880
1838
1909
2040
2196
2358
2572
2819
2952
2895
2667
2336
2046
1801
1680
1648
1640
1625
1577
1570
1657
1844
2040
2190
2333
2431
2476
2322
1837
1740
1699
1722
1791
1906
2052
2218
2375
2488
2559
2543
2440
2234
1955
1635
1382
1268
1352
1636
2048
2488
2850
3076
3138
3042
2796
2443
2018
1593
1256
1059
1045
1211
1542
1953
2352
2668
2864
2917
2854
2699
2475
2197
1881
1579
1297
1115
1048
1120
1314
1587
1890
2164
2371
2489
2534
2515
2430
2301
2147
2008
1933
1947
2040
2178
2296
2342
2323
2248
2183
2160
2183
2237
2274
2256
2169
2079
2025
2055
2176
2357
2532
2648
2671
2609
2470
2281
2058
1827
1620
1470
1402
1444
1575
1798
2061
2331
2570
2752
2844
2841
2745
2566
2316
2027
1695
1404
1173
1044
1054
1205
1449
1733
2012
2272
2488
2645
2744
2744
2632
2420
2123
1812
1556
1439
1523
1760
1580
1813
2193
2528
2686
2688
2606
2498
2348
2172
1999
1891
1865
1918
2035
2192
2339
2450
2538
2660
2824
2911
2796
2492
2097
1752
1525
1422
1424
1501
1643
1822
2033
2255
2446
2549
2567
2518
2425
2317
2211
2118
2026
1946
1913
2000
2180
2400
2532
2548
2519
2511
2447
2217
1821
1420
1210
1215
1348
1510
1688
1908
2154
2370
2479
2501
2442
2274
2009
1702
1408
1269
1329
1573
1892
2208
2468
2654
2794
2868
2856
2690
2368
1974
1631
1417
1401
1575
1871
2214
2500
2695
2789
2808
2748
2598
2279
1880
1465
1184
1114
1251
1549
1934
2331
2661
2840
2833
2665
2392
2114
1839
1605
1402
1257
1243
1379
1641
1948
2248
2501
2694
2814
2811
2696
2490
2279
2137
1916
2021
2187
2402
2548
2524
2275
1912
1619
1572
1805
2170
2454
2535
2463
2375
2345
2291
2142
1904
1731
1759
1952
2155
2208
2062
1839
1723
1768
1888
1959
1950
1968
2105
2337
2477
2431
2251
2110
2086
2081
1957
1668
1317
1093
1131
1400
1754
2048
2242
2384
2488
2496
2366
2135
1943
1910
2058
2269
2364
2258
2002
1758
1591
1500
1480
1587
1854
2262
2624
2694
2377
1849
1488
1524
1933
2468
2854
2944
2734
2349
1926
1623
1521
1616
1821
2060
2277
2430
2512
2523
2472
2417
2387
2359
2251
2050
1848
1769
1840
1913
1839
1581
1276
1166
1327
1728
2203
2621
2921
3093
3129
3002
2711
2336
2023
1834
1724
1648
1606
1584
1643
1803
2040
2210
2226
2144
2155
1545
1702
2007
2376
2713
2948
3022
2964
2696
2344
1968
1589
1335
1252
1355
1632
2024
2456
2808
3025
3020
2803
2385
1867
1406
1127
1076
1267
1652
2156
2640
2957
3028
2807
2362
1840
1292
927
773
881
1237
1783
2386
2944
3337
3483
3390
3129
2792
2470
2239
2060
1931
1815
1746
1712
1687
1651
1626
1642
1744
1951
2197
2474
2646
2690
2587
2299
1983
1675
1519
1486
1576
1775
2003
2225
2400
2474
2420
2246
1958
1692
1483
1422
1521
1765
2088
2336
2464
2435
2357
2281
2213
2141
2022
1900
1824
1857
1964
2035
1969
1758
1530
1392
1444
1654
1972
2302
2569
2762
2874
2896
2811
2616
2311
1954
1609
1314
1109
998
1007
1136
1382
1764
2269
2829
3351
3705
2480
3116
3328
3061
2555
1997
1510
1150
998
1094
1355
1716
2104
2434
2601
2591
2464
2450
2667
3092
3444
3398
2939
2288
1749
1395
1097
714
377
320
704
1392
2089
2584
2852
3028
3198
3320
3294
3121
2833
2411
1800
1031
246
3
1
435
1422
2435
3359
4095
4095
4095
3880
2927
1962
1406
1417
1675
1896
1929
1874
1756
1670
1630
1758
2160
2732
3228
3466
3375
3046
2605
2243
1973
1721
1623
1787
2152
2394
2400
2228
2023
1846
1785
1849
2041
2400
2816
3164
3138
2752
2096
1449
1026
975
1263
1746
2286
2771
3214
3413
3268
2816
2308
1989
1983
2174
2305
2213
1900
1569
1164
639
217
311
1044
2220
3385
4095
4095
4095
3863
3249
2445
1547
860
2551
2144
1808
1656
1631
1752
1970
2226
2393
2436
2304
2040
1726
1465
1353
1464
1738
2166
2674
3128
3459
3631
3544
3230
2660
1988
1287
750
467
507
828
1372
1998
2605
3130
3475
3624
3520
3173
2655
2030
1424
987
712
697
857
1146
1513
1933
2354
2719
2986
3122
3094
2916
2638
2306
1985
1711
1468
1290
1152
1077
1110
1283
1590
2015
2450
2853
3102
3258
3250
3110
2858
2509
2070
1593
1162
850
737
826
1157
1666
2270
2854
3301
3542
3550
3349
2963
2525
2044
1657
1369
1266
1308
1499
1833
2262
2760
3220
3555
3668
3515
3084
2385
1634
924
402
134
216
554
1114
1802
2524
3139
3607
3837
3790
3478
2980
2402
1801
1324
1011
895
1043
1395
3907
3924
3802
3542
3104
2498
1790
1077
435
2
2
1
66
496
1011
1537
2011
2428
2804
3172
3528
3856
4067
4095
4021
3741
3320
2800
2239
1641
1013
381
2
1
2
0
2
303
1007
1718
2399
3020
3599
4095
4095
4095
4095
4095
4095
4065
3326
2435
1529
713
64
3
0
1
4
43
528
1158
1877
2676
3491
4095
4095
4095
4095
4095
3968
3061
2065
1164
505
154
82
214
472
758
1048
1337
1670
2099
2627
3238
3873
4095
4095
4095
4095
3345
2306
1116
3
4
2
4
1
1
2
632
1437
2185
2884
3581
4095
4095
4095
4095
4095
4095
4095
3632
2459
1258
155
2
2
3
0
2
1
2
32
845
1849
2915
4095
4095
4025
3116
2175
1292
528
1
2
2
2
2
3
135
961
1908
2838
3670
4095
4095
4095
4095
4095
3852
3224
2596
2067
1652
1404
1263
1163
1126
1091
1032
1013
1066
1224
1477
1861
2360
2845
3264
3562
3649
3528
3198
2751
2261
1780
1404
1176
1099
1141
1246
1412
1525
1613
1620
1593
1541
1495
1477
1508
1631
1826
2058
2292
2491
2598
2627
2534
2394
2208
2033
1881
1781
1762
1770
1804
1860
1871
1839
1813
1761
1750
1786
1906
2069
2321
2592
2885
3079
3188
3148
3018
2776
2496
2234
2048
1958
1944
2002
2079
2149
2168
2169
2088
1947
1758
1540
1325
1161
1046
1022
1099
1277
1535
1877
2245
2616
2940
3212
3348
3384
3307
3144
2924
2673
3
1
2
2
0
1
3
0
1
1
1
1
0
2
1
1
2
3
0
1
3
912
2661
4095
4095
4095
4095
4095
4095
4095
4095
4095
4095
4095
4095
4095
4095
4095
4095
4095
4095
4095
4095
4095
4095
4095
4095
4095
4095
3958
2457
899
0
0
1
1
2
0
2
2
1
1
1
2
2
2
2
1
2
1
1
0
1
1
1
0
1
225
1704
3202
4095
4095
4095
4095
4095
4095
4095
4095
4095
4095
4095
4095
4095
4095
4095
4095
4095
4095
4095
4095
4095
4095
4095
4095
3973
2635
1269
1
2
3
3
2
1
3
1
1
0
1
1
2
4
1
1
2
2
3
1
2
