2105
2105
2112
2104
2085
2095
2109
2104
2089
2089
2091
2081
2079
2108
2097
2089
2095
2100
2106
2072
2094
2093
2095
2090
2084
2085
2080
2080
2072
2085
2093
2090
2075
2080
2082
2093
2090
2076
2072
2080
2079
2065
2070
2076
2092
2092
2083
2073
2089
2080
2092
2078
2082
2080
2086
2083
2090
2088
2089
2094
2098
2077
2082
2096
2073
2072
2077
2075
2090
2076
2087
2103
2104
2108
2079
2072
2064
2067
2093
2094
2089
2086
2081
2087
2089
2062
2087
2080
2087
2090
2078
2088
2081
2069
2073
2095
2090
2091
2086
2077
2077
2091
2107
2086
2081
2082
2084
2073
2064
2070
2077
2072
2083
2092
2082
2068
2080
2082
2093
2084
2095
2085
2095
2080
2072
2078
2082
2088
2100
2107
2115
2091
2096
2088
2066
2086
2086
2074
2074
2077
2086
2082
2076
2074
2063
2074
2079
2099
2092
2079
2079
2087
2091
2104
2098
2073
2065
2083
2088
2089
2082
2091
2078
2088
2087
2084
2069
2072
2075
2068
2080
2075
2089
2080
2089
2069
2068
2059
2064
2070
2089
2074
2080
2084
2097
2092
2081
2091
2096
2100
2074
2075
2082
2090
2072
2082
2095
2088
2075
2081
2088
2090
2103
2067
2084
2078
2080
2074
2079
2079
2096
2102
2095
2090
2066
2082
2068
2084
2092
2077
2073
2075
2097
2088
2116
2090
2062
2072
2102
2072
2097
2072
2068
2074
2084
2084
2091
2073
2076
2068
2087
2083
2084
2081
2094
2076
2080
2069
2094
2081
2078
2095
2088
2093
2090
2074
1913
1926
1924
1955
1958
1974
2016
2036
2076
2099
2152
2188
2196
2204
2205
2222
2234
2235
2227
2218
2209
2215
2202
2183
2165
2174
2159
2144
2136
2104
2087
2061
2039
2025
2005
1988
1967
1957
1941
1928
1900
1916
1928
1938
1940
1956
1972
1989
2022
2058
2080
2096
2116
2147
2179
2199
2222
2213
2218
2223
2234
2220
2219
2204
2184
2166
2163
2145
2118
2087
2073
2080
2050
2024
2001
1992
1998
2011
2014
2030
2039
2030
2044
2076
2090
2105
2141
2139
2138
2172
2151
2160
2152
2150
2111
2093
2074
2047
2043
2027
1973
1948
1932
1946
1948
1935
1950
1949
1960
1975
1990
2008
2024
2044
2080
2082
2122
2151
2160
2200
2214
2223
2241
2231
2215
2213
2220
2190
2162
2083
2007
1978
1992
2016
2061
2142
2155
2107
2041
1958
1905
1933
2027
2123
2208
2224
2158
2084
1974
1960
1997
2057
2107
2120
2105
2106
2117
2101
2126
2149
2196
2219
2240
2225
2143
2070
2037
2012
2041
2103
2144
2145
2156
2142
2138
2129
2138
2103
2081
2024
1997
2001
2007
2035
2057
2094
2114
2160
2210
2232
2253
2288
2307
2286
2261
2190
2125
2078
2053
2067
2069
2050
2011
1994
2016
2019
2062
2119
2232
2319
2368
2376
2381
2337
2283
2201
2179
2170
2169
2160
2078
1966
1851
1772
1771
1753
1770
1830
1891
1998
2090
2180
2216
2236
2223
2199
2179
2165
2174
2167
2173
2141
2072
2003
1986
1996
2002
2017
2032
2072
2131
2187
2208
2212
2233
2260
2044
1992
1968
1939
1944
1931
1969
1971
2017
2061
2037
2049
2039
2015
1990
2006
2026
2080
2084
2120
2153
2111
2049
1913
1841
1824
1854
1939
2039
2152
2244
2277
2268
2213
2108
2039
2003
1984
1968
1967
1974
2001
2033
2062
2142
2168
2200
2199
2170
2105
2078
2015
1997
2008
2063
2103
2089
2142
2154
2129
2103
2115
2083
2065
2003
1999
2019
2066
2129
2152
2198
2184
2140
2090
2030
1944
1934
1915
1963
2000
2081
2161
2186
2215
2171
2136
2057
2032
1950
1895
1908
1955
2010
2121
2233
2302
2318
2260
2168
2083
2005
1947
1947
1980
2084
2173
2221
2232
2239
2177
2164
2100
2062
2052
2130
2162
2238
2238
2261
2231
2144
2090
2070
1987
1993
2012
2097
2200
2122
2104
2058
2016
2169
2255
2286
2229
2112
2033
2006
1988
1950
1982
2030
2134
2251
2275
2260
2223
2209
2096
2070
2152
2209
2130
2025
2000
2037
2080
2091
2101
2060
2003
1952
2013
2092
2118
2146
2232
2305
2318
2326
2355
2330
2129
1867
1828
1941
2073
2188
2227
2174
2118
1932
1936
1970
1972
1933
1913
1830
1729
1797
2009
2169
2220
2261
2364
2373
2241
2227
2438
2456
2309
2134
2082
2099
2060
2166
2289
2338
2269
2177
2113
2017
1967
2030
2036
1965
1936
2032
2166
2230
2211
2228
2247
2178
2125
2126
2170
2085
1949
1851
1944
2107
2250
2295
2261
2127
2005
1901
1951
2094
2209
2195
2058
1932
1964
2119
2239
2272
2275
2238
2138
2014
2111
2194
2070
2005
2054
2073
2057
2064
2063
2066
2055
2061
2093
2145
2167
2200
2184
2252
2272
2294
2247
2164
2099
2029
2011
2010
1982
2051
2066
2139
2191
2224
2229
2177
2176
2178
2227
2224
2232
2234
2163
2079
2010
1967
2008
2054
2129
2195
2251
2293
2312
2285
2215
2116
2057
2050
2101
2193
2270
2281
2273
2288
2257
2294
2252
2223
2160
2094
2052
2054
2048
2038
2021
1963
1975
1989
2012
2074
2108
2150
2153
2171
2150
2119
2109
2083
2062
2042
2048
2116
2159
2160
2135
2055
2012
1975
1965
2030
2111
2209
2218
2224
2192
2121
2021
1908
1877
1910
1940
2012
2070
2080
2068
2089
2049
2031
2044
2071
2121
2154
2188
2182
2142
2113
2073
2056
2046
2034
2066
2117
2167
1757
1782
1906
2104
2143
2010
1916
1896
1891
1841
1930
2029
2106
2074
2080
1946
1976
2169
2315
2217
2032
1840
1735
1721
1731
1756
1874
2062
2154
2167
2260
2433
2506
2440
2208
1888
1590
1459
1430
1447
1545
1837
2054
2115
2130
2120
2087
2105
2127
2063
2017
2116
2194
2197
2195
2286
2386
2300
2161
2071
2043
2019
2096
2203
2177
2055
2006
2067
2136
2138
2100
2157
2213
2166
2144
2174
2259
2284
2233
2183
2161
2174
2162
2080
1947
1969
2112
2215
2175
2094
2113
2213
2259
2261
2229
2119
1924
1816
1859
1990
2132
2231
2356
2382
2284
2143
2058
2036
2070
2028
1995
2009
2137
2188
2268
2451
2577
2572
2518
2393
2223
2021
1931
1884
1874
1846
1848
1977
2104
2185
2250
2303
2331
2326
2220
2101
2000
1933
1967
2073
2155
2169
2126
2032
1963
1959
2027
2162
2355
2562
2654
2621
2431
2142
1842
1569
1441
1496
1695
1940
2144
2262
2233
2071
1925
1775
1725
1804
1989
2194
2315
2309
2227
2085
1968
1880
1927
2004
2092
2089
2037
1951
1907
1890
1933
2043
2124
2107
2074
1976
1872
1812
1848
2064
2294
2462
2482
2353
2068
1806
1659
1662
1797
2035
2259
2382
2367
2253
2057
1860
1775
1804
1907
2060
2191
2329
2418
2402
2300
2194
2080
1960
1888
1835
1893
1982
2137
2250
2257
2231
2178
2142
2170
2189
2222
2300
2327
2277
2146
1958
1820
1684
1693
1785
1927
2057
2124
2115
2100
2057
2067
2108
2152
2174
2140
2091
1689
1858
1891
2044
2340
2451
2342
2271
2266
2024
1592
1424
1616
1940
2253
2448
2477
2417
2317
2153
1868
1736
1810
1839
1840
2064
2378
2529
2429
2170
1953
1717
1529
1519
1757
2144
2450
2465
2334
2381
2373
2075
1664
1562
1625
1742
1961
2297
2526
2600
2581
2296
1805
1385
1209
1211
1433
1891
2459
2922
3120
3058
2628
2105
1874
1721
1544
1476
1760
2168
2473
2653
2634
2292
1859
1630
1624
1563
1477
1712
2236
2732
2939
2932
2651
2179
1737
1560
1536
1466
1538
1893
2324
2497
2364
2142
1982
1927
1889
1968
2197
2440
2518
2492
2456
2364
2056
1742
1606
1631
1692
1890
2183
2380
2415
2403
2399
2372
2320
2216
1998
1913
2093
2446
2578
2472
2295
2184
1172
1041
1190
1516
1884
2201
2390
2419
2344
2207
2054
1906
1838
1869
1995
2137
2294
2344
2305
2315
2355
2336
2240
2023
1788
1693
1711
1714
1711
1714
1835
2119
2422
2613
2659
2614
2523
2406
2181
1878
1697
1752
2001
2328
2574
2634
2596
2473
2301
2096
1861
1686
1624
1704
1845
1973
2111
2258
2421
2454
2318
2080
1885
1832
1952
2089
2174
2095
1911
1754
1766
1967
2201
2373
2419
2393
2328
2228
2056
1890
1768
1778
1881
1988
2179
2418
2699
2806
2630
2180
1749
1567
1722
2037
2313
2380
2302
2175
2029
1958
2043
2262
2574
2774
2651
2235
1747
1419
1340
1380
1422
1516
1664
1936
2186
2268
2140
1948
1889
2027
2278
2522
2685
2730
2584
2352
2052
1813
3306
3064
2360
1442
610
192
376
967
1677
2434
3197
3885
4095
4067
3464
2698
1874
1131
519
252
543
1421
2513
3439
3929
3885
3291
2340
1362
612
200
192
700
1661
2809
3832
4095
4095
3568
2676
1780
1030
558
399
691
1343
2206
3058
3701
3954
3727
3102
2262
1462
773
294
159
506
1265
2256
3041
3401
3298
2898
2358
1817
1324
945
882
1327
2231
3268
4022
4095
3746
2851
1743
721
126
54
559
1425
2403
3278
3878
4086
3820
3084
2130
1287
883
990
1527
2172
2684
2881
2791
2565
2360
2187
1972
1638
1253
991
1030
1353
1855
2418
2855
2975
2747
2244
1735
1444
1517
1855
2295
2649
2823
2808
2652
2377
2107
1734
1320
999
916
1250
1606
1369
1171
1098
1228
1571
2117
2721
3278
3732
3988
4034
3953
3741
3540
3323
3118
2861
2657
2504
2451
2446
2433
2303
2017
1570
1101
743
614
679
825
953
1029
1062
1072
1103
1205
1355
1568
1808
1986
2069
2016
1861
1662
1483
1442
1590
1824
2169
2536
2834
2996
2945
2677
2261
1814
1462
1369
1615
2206
3066
4044
4095
4095
4095
4095
4095
4095
4095
4095
3274
1978
829
1
0
1
1
1
1
0
0
301
935
1551
2055
2328
2385
2304
2187
2155
2331
2734
3261
3814
4095
4095
4095
4074
3499
2709
1854
1098
520
320
501
1010
1749
2568
3310
3872
4095
4095
3963
3555
2970
2321
1685
1239
1071
1160
1364
1505
1461
1242
882
539
359
1542
1697
1882
2083
2271
2500
2714
2898
3079
3228
3365
3505
3614
3692
3727
3765
3778
3775
3732
3682
3615
3487
3378
3207
3058
2895
2703
2465
2240
2027
1828
1615
1410
1243
1059
880
723
578
417
288
210
113
69
51
63
93
182
326
481
671
920
1185
1514
1851
2146
2478
2775
3050
3329
3516
3691
3768
3841
3879
3844
3786
3670
3548
3460
3318
3181
3034
2909
2777
2664
2566
2440
2338
2231
2149
2049
1955
1859
1816
1745
1721
1734
1751
1800
1836
1904
1993
2055
2115
2152
2186
2186
2123
2061
1978
1871
1713
1554
1373
1232
1043
873
702
562
446
344
306
306
314
379
495
677
923
1214
1528
1871
2273
2647
3035
3404
3753
4089
4095
4095
4095
4095
4095
4095
4095
4095
4095
4095
4095
4095
4095
4095
4095
4095
4095
4095
4095
4095
4095
4095
3887
3604
3306
3037
2754
2462
2166
1883
1628
1340
1077
831
587
345
129
0
0
0
2
1
0
0
0
0
1
0
0
1
1
0
1
0
1
1
1
0
0
3
1
2
0
0
0
0
0
7
197
489
730
987
1228
1477
1727
1965
2231
2445
2660
2876
3094
3279
3443
3639
3795
3961
4095
4095
4095
4095
4095
4095
4095
4095
4095
4095
4095
4095
4095
4095
4095
4095
4095
4095
4095
4095
4095
4095
4095
4095
4095
4095
4095
4095
4095
4095
4095
4045
3880
3682
3500
3322
3133
2965
2817
2636
2456
2282
2119
