2088
2093
2080
2087
2099
2106
2097
2108
2097
2084
2095
2101
2090
2088
2070
2087
2095
2096
2112
2121
2094
2104
2096
2075
2071
2089
2103
2086
2101
2100
2086
2096
2085
2084
2098
2101
2092
2096
2103
2092
2108
2102
2088
2071
2090
2084
2084
2061
2084
2104
2102
2115
2087
2094
2080
2073
2082
2082
2083
2071
2087
2087
2096
2079
2080
2085
2113
2092
2099
2092
2074
2088
2088
2087
2079
2102
2097
2092
2076
2095
2073
2080
2082
2086
2089
2100
2096
2104
2097
2105
2083
2074
2081
2071
2092
2100
2088
2095
2084
2086
2102
2110
2107
2086
2098
2089
2099
2086
2085
2074
2065
2087
2068
2082
2091
2080
2087
2105
2102
2091
2093
2076
2086
2074
2091
2077
2096
2115
2118
2104
2096
2107
2096
2104
2067
2087
2090
2095
2107
2084
2076
2093
2075
2096
2094
2075
2076
2068
2090
2097
2094
2105
2074
2087
2067
2108
2090
2086
2101
2101
2096
2090
2081
2085
2103
2111
2111
2103
2110
2117
2124
2112
2101
2115
2099
2106
2090
2094
2101
2104
2075
2092
2088
2058
2071
2101
2086
2070
2080
2112
2109
2096
2074
2099
2087
2095
2089
2092
2099
2088
2097
2098
2110
2118
2105
2111
2104
2106
2090
2082
2115
2109
2107
2095
2091
2085
2103
2098
2124
2113
2092
2077
2091
2100
2094
2103
2084
2092
2099
2102
2092
2100
2085
2088
2097
2085
2098
2104
2075
2083
2088
2096
2094
2088
2099
2069
2086
2113
2096
2104
2092
2104
2088
2081
2088
2089
2088
2065
2078
2095
2082
2084
2076
2076
2098
2090
2097
2111
2088
2098
2088
2091
2094
2095
2093
2098
2081
2080
2096
2097
2071
2085
2092
2108
2117
2122
2126
2105
2107
2107
2124
2124
2136
2124
2140
2133
2109
2144
2140
2139
2143
2138
2133
2136
2144
2169
2170
2146
2143
2158
2167
2167
2129
2147
2155
2142
2146
2148
2134
2146
2137
2125
2130
2152
2110
2104
2113
2092
2091
2090
2092
2087
2083
2065
2069
2068
2067
2071
2065
2080
2086
2070
2082
2087
2080
2092
2107
2104
2088
2114
2103
2112
2135
2130
2149
2156
2146
2164
2138
2162
2155
2151
2148
2157
2126
2149
2136
2131
2139
2139
2119
2096
2065
2080
2090
2086
2066
2062
2066
2058
2041
2059
2071
2072
1962
1968
1976
2036
2066
2138
2209
2203
2233
2234
2255
2222
2187
2132
2095
2053
2022
2028
2036
2059
2080
2116
2119
2148
2190
2187
2170
2157
2128
2083
2008
1975
1953
1916
1910
1872
1890
1885
1880
1890
1875
1864
1916
1943
1985
2010
2041
2049
2064
2095
2108
2113
2129
2145
2143
2165
2168
2216
2212
2255
2296
2291
2305
2323
2282
2294
2287
2289
2281
2271
2234
2248
2241
2208
2196
2183
2152
2156
2143
2146
2102
2128
2122
2093
2094
2064
2032
2014
1961
1928
1926
1917
1881
1888
1887
1887
1918
1917
1928
1928
1965
1943
1972
1996
2000
2037
2042
2084
2109
2133
2150
2144
2139
2117
2106
2094
2086
2053
2034
1993
2001
2048
2053
2041
2054
2079
2106
2127
2112
2071
2045
2024
1990
1957
1970
1962
1941
1941
1950
1934
1933
1986
1985
2010
2022
2028
2046
2092
2131
2157
2179
2220
2252
2273
2277
2289
2281
2232
2230
2218
2204
2175
2124
2064
2019
2010
1964
1958
1948
1914
1893
1918
1940
1956
1961
1997
2033
2069
2119
2121
2129
2172
2159
2168
2150
2125
2097
2069
2028
2032
1994
1990
1988
2001
1967
2042
2046
2049
2064
2080
2087
2120
2154
2162
2207
2206
2232
2219
2208
2184
2164
2142
2148
2104
2047
2023
1997
2031
2008
2015
2054
2075
2115
2096
2194
2181
2208
2233
2248
2237
2232
2230
2210
2139
2070
2018
1987
1914
1858
1842
1809
1788
1755
1775
1749
1810
1852
1912
1992
2073
2130
2224
2313
2374
2411
2449
2037
2056
2043
2023
1977
1921
1870
1816
1820
1807
1815
1821
1789
1766
1765
1768
1822
1925
1994
2049
2088
2098
2132
2209
2258
2354
2429
2492
2558
2529
2486
2413
2389
2365
2374
2298
2212
2141
2064
1999
1964
1846
1764
1716
1668
1666
1719
1776
1845
1919
1984
2008
2005
2042
2053
2050
2038
2067
2040
2015
2032
2079
2116
2146
2184
2195
2197
2298
2331
2334
2348
2330
2323
2244
2255
2248
2234
2231
2180
2149
2137
2140
2115
2078
2005
1947
1902
1865
1833
1765
1744
1722
1698
1736
1728
1769
1797
1919
1986
2097
2226
2260
2284
2299
2320
2370
2457
2512
2535
2524
2444
2359
2311
2309
2299
2261
2223
2161
2085
1980
1915
1950
2018
2044
2073
2062
2011
1945
2312
2299
2320
2347
2361
2360
2279
2256
2213
2175
2120
2097
2030
2004
1972
1968
1956
1952
1952
1945
1973
1968
2008
2034
2100
2095
2100
2144
2154
2118
2141
2144
2130
2144
2161
2188
2208
2256
2307
2322
2315
2328
2286
2203
2145
2096
2003
1913
1834
1748
1682
1660
1638
1614
1619
1648
1702
1754
1834
1918
2000
2099
2195
2275
2324
2360
2382
2359
2357
2302
2262
2231
2144
2098
2074
2033
2029
2062
2072
2093
2178
2236
2320
2368
2407
2442
2441
2407
2336
2259
2159
2034
1923
1797
1690
1579
1502
1452
1413
1378
1431
1516
1618
1762
1926
2097
2241
2409
2522
2624
2698
2725
2737
2698
2637
2533
2416
2316
2200
2085
1960
1880
1768
1729
1719
1725
1768
1781
2079
2078
2079
2133
2224
2334
2474
2581
2695
2732
2696
2577
2454
2258
2104
1952
1845
1837
1911
1993
2040
2147
2273
2287
2336
2347
2346
2330
2280
2217
2112
2082
2054
2010
2038
2116
2168
2276
2314
2312
2244
2161
2080
1944
1898
1877
1869
1889
1951
2017
2084
2140
2188
2235
2260
2281
2227
2141
2032
1878
1771
1702
1663
1654
1702
1753
1830
1880
1995
2053
2114
2128
2122
2082
2016
2002
1946
1934
1946
1961
2002
2073
2080
2134
2176
2256
2298
2361
2306
2318
2283
2282
2271
2285
2345
2380
2371
2381
2336
2271
2183
2132
2071
1996
1921
1831
1789
1777
1812
1911
2039
2165
2307
2359
2377
2341
2379
2352
2306
2287
2193
2085
1928
1823
1728
1683
1677
1685
2048
2022
2031
2074
2157
2179
2206
2265
2290
2315
2296
2246
2134
2022
1915
1783
1651
1567
1501
1481
1483
1560
1653
1783
1913
2098
2268
2441
2595
2691
2766
2783
2755
2665
2547
2341
2139
1910
1709
1513
1351
1258
1219
1233
1324
1426
1579
1817
2028
2264
2497
2685
2862
2991
3066
3067
3031
2865
2708
2481
2228
1983
1733
1543
1377
1268
1231
1270
1384
1508
1694
1881
2072
2219
2380
2506
2613
2675
2727
2718
2662
2587
2513
2383
2229
2099
1979
1872
1766
1723
1687
1680
1672
1724
1769
1834
1911
1936
2018
2056
2137
2218
2259
2297
2341
2353
2359
2360
2323
2283
2227
2198
2149
2123
2100
2018
1969
1934
1879
1815
1807
1814
1797
1834
1921
2017
2118
2221
1868
1883
1951
2040
2136
2262
2376
2428
2473
2458
2388
2324
2336
2372
2388
2400
2365
2323
2228
2093
1965
1774
1620
1448
1310
1161
1017
883
840
843
916
1107
1372
1710
2036
2382
2679
2948
3141
3316
3398
3421
3376
3298
3190
2981
2711
2403
2097
1791
1549
1336
1188
1107
1059
993
976
992
1073
1202
1413
1668
1985
2285
2556
2838
3054
3227
3354
3360
3270
3160
3000
2752
2500
2216
1921
1651
1457
1283
1195
1104
1104
1165
1281
1447
1615
1817
1997
2128
2312
2439
2533
2588
2616
2551
2496
2470
2449
2419
2446
2447
2424
2373
2292
2221
2158
2085
1999
1862
1769
1702
1675
1721
1764
1838
1962
2094
2213
2332
2419
2482
2500
2465
2431
2338
2292
2210
2360
2397
2425
2414
2449
2426
2331
2245
2091
1947
1764
1572
1429
1352
1277
1275
1339
1455
1596
1783
1974
2216
2417
2592
2805
2927
3021
3108
3125
3053
2921
2749
2536
2262
2010
1740
1511
1343
1248
1211
1235
1308
1436
1629
1840
2067
2268
2475
2630
2769
2853
2870
2813
2719
2561
2352
2104
1869
1668
1442
1318
1249
1252
1334
1486
1702
1883
2129
2373
2591
2780
2938
3029
3039
3012
2906
2703
2457
2123
1777
1441
1120
847
661
592
647
791
1061
1363
1739
2149
2536
2928
3278
3532
3727
3817
3861
3766
3573
3251
2872
2432
1927
1456
998
643
395
285
304
443
709
1080
1511
1926
2368
2745
3044
3296
3444
3457
3344
3172
2883
2527
2093
1642
1257
980
1280
1634
1981
2333
2636
2910
3158
3342
3494
3587
3524
3434
3243
2997
2680
2365
2024
1736
1457
1231
1063
973
995
1065
1183
1328
1483
1587
1707
1820
1932
2099
2283
2504
2775
3010
3251
3412
3516
3501
3356
3123
2790
2391
1992
1601
1282
1040
872
840
899
1090
1350
1650
1949
2180
2355
2413
2342
2218
2052
1898
1794
1808
1924
2181
2478
2805
3061
3204
3279
3194
3002
2682
2316
1972
1629
1358
1130
976
880
867
927
1086
1352
1639
2028
2377
2740
3008
3193
3222
3156
2981
2716
2459
2168
1954
1855
1836
1868
1977
2077
2151
2187
2079
1844
1550
1205
886
667
604
774
1127
1641
2170
2694
3091
3344
3393
3320
3112
2812
2523
2210
1928
1688
1383
1257
1142
1091
1064
1152
1253
1419
1650
1891
2103
2317
2541
2729
2884
2998
3120
3205
3189
3144
3074
2932
2765
2582
2421
2230
2059
1907
1731
1586
1468
1377
1378
1426
1524
1638
1751
1864
1901
1929
1939
1917
1913
1939
1986
2062
2139
2218
2287
2326
2312
2314
2271
2234
2205
2199
2182
2188
2205
2225
2219
2269
2284
2259
2254
2212
2139
2025
1909
1783
1651
1549
1502
1488
1502
1586
1682
1800
1935
2089
2213
2339
2450
2557
2654
2731
2788
2821
2815
2781
2718
2629
2490
2307
2112
1904
1698
1484
1323
1185
1128
1124
1179
1306
1480
1732
1996
2269
2559
2786
2971
3078
3137
3126
3020
2864
2681
2436
2182
1953
1717
1469
1275
1124
1045
1002
1048
1110
2199
1515
898
403
36
0
1
63
328
710
1164
1619
2049
2421
2757
3047
3237
3383
3471
3529
3545
3513
3491
3431
3323
3190
3010
2776
2471
2147
1797
1407
1015
679
423
206
97
126
264
565
920
1408
1939
2503
3042
3530
3922
4095
4095
4095
4095
3754
3327
2858
2304
1789
1334
974
731
576
572
680
869
1138
1430
1732
2025
2240
2407
2499
2512
2480
2411
2358
2283
2207
2143
2128
2152
2180
2230
2256
2276
2258
2232
2173
2078
1966
1858
1692
1551
1436
1374
1388
1448
1571
1783
2043
2346
2600
2846
3033
3126
3136
2997
2789
2515
2165
1801
1434
1204
1091
1050
1146
1348
1607
1907
2192
2427
2568
2629
2601
2512
2357
2154
1925
1768
1658
1469
1501
1508
1514
1536
1530
1577
1598
1600
1597
1566
1506
1424
1324
1273
1246
1286
1380
1515
1707
1900
2062
2239
2383
2526
2680
2847
2994
3167
3335
3478
3571
3613
3581
3513
3350
3154
2913
2656
2409
2168
1930
1675
1429
1183
944
714
557
418
326
336
444
592
809
1070
1347
1661
1932
2228
2493
2746
2982
3221
3446
3670
3815
3912
3933
3873
3751
3555
3314
3027
2702
2390
2073
1778
1533
1350
1216
1132
1120
1105
1177
1267
1393
1526
1691
1858
2056
2206
2386
2559
2698
2779
2842
2819
2731
2602
2418
2173
1878
1556
1269
980
703
489
335
237
214
263
395
591
831
1132
1486
1884
2264
2674
3066
3450
3797
4095
4095
4095
4095
4095
4095
