2122
2107
2120
2136
2145
2105
2147
2077
2102
2125
2119
2126
2122
2117
2148
2113
2151
2106
2103
2142
2178
2080
2139
2074
2050
2075
2053
2067
2104
2098
2097
2095
2112
2113
2099
2119
2118
2130
2119
2104
2122
2122
2110
2081
2142
2112
2101
2118
2102
2107
2151
2121
2089
2105
2122
2142
2097
2082
2094
2088
2103
2137
2075
2091
2160
2058
2166
2091
2062
2091
2113
2096
2061
2053
2131
2043
2105
2088
2090
2119
2095
2094
2143
2096
2131
2116
2121
2107
2133
2120
2116
2115
2108
2088
2122
2114
2122
2097
2092
2168
2140
2091
2127
2152
2132
2072
2083
2091
2099
2113
2097
2145
2147
2117
2127
2137
2116
2105
2106
2114
2127
2129
2118
2129
2093
2097
2119
2072
2076
2040
2050
2121
2108
2070
2079
2048
2050
2073
2057
2036
2069
2060
2043
2046
2064
1998
2009
2039
2039
2061
2020
1972
2014
2008
2016
2005
2016
2040
2032
2035
2042
2012
2031
2052
2044
2033
2017
2048
2037
2048
2014
2028
2060
2057
2072
2088
2054
2030
2075
2062
2034
2025
2043
2072
2070
2079
2112
2076
2107
2119
2141
2114
2148
2087
2089
2112
2101
2095
2103
2173
2155
2119
2161
2144
2135
2140
2174
2187
2144
2212
2227
2264
2201
2244
2175
2211
2197
2218
2224
2214
2235
2204
2222
2206
2156
2243
2182
2231
2235
2171
2231
2201
2244
2192
2253
2205
2232
2201
2191
2192
2164
2165
2144
2166
2172
2176
2196
2159
2216
2167
2112
2182
2159
2098
2110
2125
2033
2042
2042
2021
2035
2083
2044
2076
2112
2129
2144
2190
2278
2290
2314
2324
2371
2400
2440
2422
2480
2498
2528
2528
2486
2502
2488
2520
2445
2404
2376
2327
2298
2257
2227
2174
2080
2046
1945
1931
1940
1864
1856
1802
1787
1798
1753
1779
1801
1807
1807
1814
1876
1883
1936
1989
1999
2009
2039
2070
2109
2128
2146
2186
2204
2170
2216
2211
2229
2170
2147
2125
2092
2046
2040
1981
1956
1951
1912
1874
1888
1822
1785
1800
1797
1799
1825
1848
1857
1844
1877
1912
1966
1998
2027
2018
2057
2091
2118
2138
2158
2178
2209
2218
2271
2268
2268
2288
2264
2273
2281
2241
2251
2258
2257
2246
2234
2217
2238
2187
2202
2178
2232
2200
2162
2144
2159
2143
1814
1748
1720
1683
1684
1731
1719
1745
1789
1862
1952
1976
2052
2137
2246
2277
2375
2404
2455
2493
2492
2503
2527
2505
2519
2471
2408
2424
2368
2350
2323
2301
2262
2214
2177
2162
2117
2124
2020
2026
1928
1868
1798
1685
1660
1588
1568
1575
1518
1528
1598
1563
1648
1714
1767
1832
1911
1952
1984
2105
2164
2195
2203
2284
2287
2292
2276
2299
2307
2310
2312
2309
2271
2252
2296
2240
2283
2264
2232
2254
2245
2225
2210
2190
2188
2186
2112
2043
2040
1992
1942
1912
1921
1888
1900
1911
1908
1947
1956
2003
2057
2084
2148
2149
2166
2242
2299
2293
2260
2254
2281
2297
2220
2236
2236
2209
2238
2196
2183
2156
2143
2065
2035
2031
2018
1984
1968
1866
1848
1887
1976
2058
2057
2093
2126
2175
2189
2216
2202
2195
2179
2121
2081
2009
1976
1959
1880
1843
1857
1802
1744
1769
1781
1902
1996
2072
2176
2216
2297
2388
2431
2404
2416
2419
2372
2312
2283
2192
2076
2023
1932
1864
1791
1730
1683
1638
1676
1696
1737
1783
1893
2067
2157
2192
2235
2289
2352
2345
2384
2363
2376
2375
2295
2220
2197
2122
2087
2048
1983
1956
1958
1968
1990
2065
2066
2135
2188
2285
2302
2369
2399
2410
2429
2444
2428
2370
2313
2260
2220
2125
2075
2042
1958
1876
1860
1795
1762
1800
1827
1816
1865
1921
2058
2040
2111
2169
2198
2272
2298
2385
2439
2460
2511
2486
2461
2431
2381
2285
2199
2128
2024
1987
1933
1839
1803
1752
1771
1606
1519
1457
1421
1430
1495
1526
1568
1595
1733
1966
2168
2361
2440
2495
2518
2484
2529
2578
2625
2605
2551
2451
2300
2158
2034
1962
1924
1887
1828
1733
1609
1472
1414
1443
1537
1680
1767
1860
1927
2026
2200
2332
2485
2572
2576
2575
2587
2614
2650
2644
2588
2552
2492
2414
2316
2195
2081
1901
1821
1757
1735
1662
1565
1450
1415
1449
1572
1749
1928
2033
2113
2234
2354
2515
2685
2808
2836
2803
2713
2594
2502
2427
2393
2385
2349
2208
1975
1714
1478
1280
1262
1319
1398
1423
1373
1337
1349
1484
1687
1919
2125
2268
2400
2466
2514
2505
2492
2494
2500
2486
2395
2260
2065
1907
1845
1868
1960
2000
1900
1813
1768
1768
1880
1999
2079
2130
1761
1920
2104
2280
2465
2662
2787
2913
2987
3022
2948
2854
2750
2603
2365
2152
1947
1719
1528
1337
1197
1088
1062
1049
1125
1184
1312
1464
1590
1773
1962
2128
2291
2441
2560
2695
2754
2771
2730
2662
2552
2418
2301
2129
1990
1894
1766
1684
1675
1678
1699
1787
1886
2008
2137
2332
2467
2546
2683
2714
2720
2678
2604
2468
2329
2146
1962
1816
1688
1536
1455
1448
1440
1517
1664
1816
1993
2151
2359
2503
2623
2724
2760
2728
2675
2570
2421
2263
2087
1893
1713
1510
1345
1315
1206
1164
1227
1361
1514
1669
1869
2045
2229
2350
2442
2541
2567
2588
2569
2533
2500
2469
2410
2351
2274
2212
2139
2032
1983
2015
1978
1942
1968
1999
1987
1984
2012
2023
2024
2154
2288
2455
2592
2658
2698
2705
2679
2677
2650
2631
2595
2554
2485
2406
2356
2250
2184
2074
1943
1706
1437
1166
999
1002
1168
1480
1835
2062
2165
2166
2077
2070
2110
2229
2401
2513
2494
2421
2258
2096
2094
2189
2451
2720
2891
2902
2725
2430
2105
1842
1693
1595
1509
1445
1366
1306
1368
1543
1787
2071
2293
2396
2416
2348
2299
2277
2255
2215
2220
2248
2334
2425
2616
2726
2772
2784
2688
2640
2601
2518
2365
2112
1795
1496
1335
1384
1528
1689
1776
1767
1670
1634
1688
1862
2052
2174
2141
2006
1805
1718
1777
2005
2296
2561
2747
2832
2799
2735
2647
2504
2346
2122
1882
1583
1354
1193
1095
1093
1208
1371
1581
1824
2048
2258
2415
2551
2477
2295
2104
1968
1825
1761
1706
1734
1792
1861
1973
2095
2203
2286
2342
2402
2361
2337
2242
2143
2007
1871
1738
1678
1632
1637
1676
1772
1858
1944
2031
2113
2147
2140
2129
2094
2096
2082
2117
2142
2176
2200
2222
2211
2204
2168
2121
2043
1978
1957
1960
1978
1975
2032
2098
2130
2156
2151
2115
2065
2048
2005
1952
1967
1962
1994
2048
2098
2151
2189
2199
2208
2160
2140
2093
2094
2031
2013
2041
2042
2059
2080
2138
2179
2203
2227
2310
2368
2449
2578
2681
2788
2850
2914
2938
2898
2838
2719
2509
2261
2014
1732
1463
1205
1001
863
770
776
887
1066
1330
1655
2009
2391
2752
3086
3410
3622
3723
3752
3642
3428
3152
2824
2381
1915
1443
1074
1797
1676
1607
1612
1644
1672
1698
1811
1896
1983
2091
2197
2326
2384
2408
2394
2368
2346
2354
2413
2457
2524
2606
2627
2568
2406
2141
1825
1484
1232
1074
1043
1154
1408
1740
2073
2382
2560
2692
2680
2568
2368
2054
1758
1515
1321
1177
1160
1216
1329
1592
1860
2140
2398
2645
2818
2889
2892
2833
2716
2544
2351
2141
1955
1812
1744
1740
1712
1674
1631
1564
1504
1451
1445
1463
1517
1593
1613
1660
1773
1904
2137
2388
2637
2793
2832
2702
2454
2216
2017
1952
2060
2266
2489
2693
2777
2797
2748
2680
2589
2513
2407
2202
1880
1498
1095
747
503
508
659
937
1306
1677
2008
2282
2505
2738
2913
3064
3190
3249
3258
3197
3055
2896
2666
2461
2291
2006
2314
2571
2745
2796
2743
2592
2358
2138
1927
1808
1751
1781
1833
1910
1973
2042
2035
2059
2079
2155
2306
2496
2709
2948
3137
3221
3223
3120
2959
2717
2479
2264
2102
1974
1869
1754
1600
1416
1181
974
812
687
693
829
1099
1471
1886
2319
2706
3002
3193
3288
3286
3265
3242
3235
3247
3264
3241
3158
2978
2701
2326
1864
1422
986
613
419
327
389
551
740
939
1144
1353
1541
1732
1896
2096
2280
2463
2632
2789
2902
2962
2947
2900
2797
2657
2472
2333
2192
2105
2035
2055
2093
2115
2169
2189
2188
2167
2150
2078
2034
2032
2010
2021
2002
1962
1929
1866
1755
1669
1558
1452
1392
1416
1458
1573
1737
1936
2171
2446
2702
2936
3117
3249
1360
1092
938
858
927
1032
1175
1395
1648
1952
2252
2525
2755
2975
3135
3246
3254
3216
3088
2938
2749
2478
2222
1982
1708
1476
1262
1140
1036
984
990
1075
1214
1369
1601
1816
2077
2313
2556
2741
2913
3031
3092
3077
2972
2854
2625
2434
2173
1941
1658
1402
1154
983
857
765
737
763
896
1062
1330
1669
2049
2448
2886
3286
3646
3895
4050
4095
4095
3988
3780
3502
3158
2760
2343
1908
1483
1069
733
410
216
108
202
408
687
1107
1606
2072
2548
2936
3235
3463
3548
3548
3439
3236
2957
2641
2288
1922
1517
1200
908
735
604
638
727
923
1167
1453
1744
1971
2188
2352
2465
2519
2477
2403
2333
2230
2180
2134
2151
2160
2258
2390
633
687
825
1114
1481
1923
2351
2747
3104
3386
3597
3723
3784
3720
3504
3234
2856
2464
2143
1838
1576
1278
1022
769
581
499
476
680
880
1168
1440
1659
1893
2083
2290
2545
2811
3059
3199
3296
3208
3038
2776
2555
2449
2422
2482
2619
2720
2692
2542
2282
2026
1792
1632
1615
1720
1848
1913
1922
1812
1634
1476
1376
1415
1544
1731
1912
2016
2024
1977
1912
1894
2029
2210
2408
2614
2713
2697
2597
2512
2395
2308
2271
2274
2238
2162
2036
1859
1583
1334
1118
997
1000
1123
1406
1702
1997
2223
2399
2465
2473
2490
2534
2578
2660
2674
2643
2540
2394
2266
2118
2008
1891
1820
1780
1714
1650
1608
1580
1582
1624
1696
1688
1784
1888
2027
2195
2829
3347
3750
4005
4095
4095
3945
3674
3313
2918
2448
1996
1532
1080
714
428
264
220
290
501
794
1155
1538
1950
2279
2590
2804
2964
3034
3052
3027
2973
2883
2811
2709
2602
2483
2387
2256
2139
2075
2010
1943
1946
1962
1992
2005
2029
2030
2023
1983
1872
1794
1707
1616
1555
1533
1590
1658
1768
1932
2127
2311
2514
2679
2809
2907
2918
2839
2692
2460
2176
1856
1528
1151
870
626
484
406
470
638
916
1286
1730
2212
2711
3166
3585
3958
4095
4095
4095
4095
4095
3772
3280
2757
2150
1525
926
401
2
1
2
0
1
2
371
940
1600
2300
2995
3616
4095
4095
4095
4095
4095
4095
3843
3171
2380
1544
750
17
1
3
2
2988
2416
1895
1405
979
623
338
90
2
1
1
1
1
184
548
917
1358
1725
2061
2318
2484
2584
2612
2585
2541
2471
2401
2334
2263
2182
2091
1992
1911
1862
1872
1967
2152
2394
2655
2918
3155
3360
3499
3581
3603
3574
3506
3383
3251
3075
2875
2583
2242
1852
1379
920
459
90
2
1
1
0
1
198
618
1111
1667
2226
2783
3335
3800
4095
4095
4095
4095
4095
4095
4095
4095
4095
3601
2956
2255
1547
855
249
0
2
3
0
1
2
2
2
2
34
401
817
1279
1789
2346
2920
3538
4095
4095
4095
4095
4095
4095
4095
4095
4095
4095
4095
3727
3163
2639
2130
1627
1146
672
260
1
2
1
1
2
2
