2109
2110
2100
2110
2096
2090
2113
2106
2096
2100
2103
2093
2096
2120
2099
2096
2105
2110
2111
2115
2103
2114
2106
2107
2112
2114
2100
2104
2096
2098
2088
2103
2088
2085
2098
2104
2096
2093
2096
2113
2103
2111
2111
2116
2102
2109
2102
2096
2110
2123
2107
2122
2109
2104
2095
2094
2096
2106
2106
2101
2108
2114
2108
2118
2114
2114
2125
2111
2112
2106
2110
2107
2099
2111
2104
2100
2109
2116
2120
2117
2111
2110
2110
2126
2116
2120
2125
2110
2108
2116
2107
2106
2108
2104
2109
2111
2111
2104
2108
2104
2110
2122
2112
2117
2128
2112
2104
2107
2103
2096
2105
2105
2102
2103
2103
2101
2099
2088
2099
2090
2084
2089
2088
2102
2095
2090
2087
2095
2114
2119
2113
2113
2115
2132
2133
2144
2135
2137
2139
2130
2144
2145
2142
2150
2150
2165
2159
2154
2153
2151
2152
2158
2156
2162
2164
2154
2154
2152
2144
2140
2143
2137
2131
2116
2126
2121
2103
2111
2108
2113
2096
2110
2094
2095
2085
2079
2060
2072
2065
2064
2058
2044
2044
2038
2034
2027
2026
2041
2027
2028
2018
2022
2004
2024
2018
2012
2008
2012
2012
2022
2020
2021
2030
2031
2019
2033
2047
2051
2048
2056
2062
2059
2071
2067
2078
2071
2066
2080
2093
2096
2096
2098
2106
2105
2110
2119
2123
2122
2133
2139
2137
2138
2134
2151
2145
2149
2151
2156
2158
2159
2161
2172
2157
2164
2164
2166
2160
2162
2148
2173
2164
2154
2158
2160
2162
2159
2074
2068
2064
2066
2060
2046
2041
2058
2047
2049
2067
2062
2064
2052
2066
2075
2084
2091
2100
2110
2103
2119
2124
2142
2152
2169
2180
2164
2173
2178
2162
2159
2148
2140
2119
2101
2086
2056
2037
2006
1967
1946
1920
1890
1865
1850
1832
1794
1773
1757
1751
1745
1757
1752
1760
1758
1761
1786
1821
1842
1864
1889
1916
1955
1979
2024
2048
2082
2098
2139
2163
2180
2201
2220
2241
2255
2264
2288
2298
2309
2327
2343
2331
2347
2355
2360
2371
2376
2368
2387
2381
2387
2394
2389
2390
2364
2367
2363
2344
2347
2321
2289
2273
2250
2237
2216
2185
2160
2150
2118
2102
2088
2065
2059
2040
2029
2021
2021
2010
2009
2009
2008
2020
2026
2032
2037
2049
2061
1611
1597
1590
1597
1617
1641
1668
1715
1767
1848
1932
2037
2140
2243
2356
2466
2554
2632
2683
2715
2728
2720
2710
2675
2623
2550
2491
2418
2352
2291
2208
2152
2100
2057
2026
1996
1975
1960
1958
1945
1927
1915
1883
1868
1845
1820
1799
1775
1750
1744
1752
1772
1808
1850
1908
1970
2038
2112
2177
2230
2256
2288
2287
2274
2264
2227
2183
2141
2109
2075
2044
2015
2009
1991
1974
1964
1952
1943
1936
1906
1895
1892
1889
1899
1908
1942
1988
2036
2100
2174
2263
2352
2428
2506
2568
2602
2631
2637
2622
2592
2546
2478
2414
2336
2261
2196
2129
2071
2042
2014
2009
2000
1997
2013
2006
2018
2015
1996
1984
1965
1917
1882
1834
1790
1748
1693
1663
1638
2324
2303
2285
2257
2225
2190
2156
2113
2089
2058
2028
1993
1960
1946
1945
1937
1936
1947
1961
1991
2020
2044
2071
2112
2144
2182
2213
2245
2274
2298
2314
2312
2302
2263
2232
2170
2111
2038
1960
1896
1818
1777
1726
1685
1651
1638
1655
1663
1688
1748
1822
1904
1994
2089
2202
2303
2393
2482
2554
2622
2668
2706
2735
2734
2746
2728
2698
2656
2586
2504
2409
2313
2213
2097
1995
1915
1861
1818
1795
1785
1799
1816
1846
1883
1913
1957
1979
2003
2012
2033
2058
2054
2060
2043
2022
1969
1916
1853
1759
1687
1619
1564
1536
1549
1575
1615
1694
1792
1916
2044
2149
2260
2341
2414
2469
2476
2486
2471
2442
2381
2323
2252
2170
2095
2022
1949
1905
1876
1804
1810
1788
1768
1723
1684
1648
1617
1617
1620
1619
1634
1667
1730
1792
1851
1898
1973
2041
2116
2222
2298
2363
2408
2406
2398
2394
2380
2379
2373
2323
2287
2209
2104
1992
1888
1822
1769
1768
1799
1830
1923
1985
2082
2173
2270
2352
2439
2471
2494
2465
2456
2428
2386
2335
2256
2176
2090
2004
1953
1880
1823
1776
1721
1703
1733
1794
1917
2007
2041
2069
2064
2066
2062
2091
2109
2125
2125
2114
2098
2076
2025
1986
1948
1931
1956
1965
2009
2004
2017
2009
1981
1935
1946
1993
2075
2129
2191
2212
2230
2238
2256
2261
2306
2377
2463
2538
2586
2631
2660
2676
2694
2710
2704
2642
2531
2373
2207
2057
1931
1864
1773
1686
1604
1560
1541
1562
1621
2983
2951
2832
2693
2513
2318
2065
1834
1626
1429
1284
1194
1156
1183
1285
1420
1590
1801
2020
2235
2420
2568
2694
2755
2800
2773
2721
2627
2512
2363
2205
2040
1890
1757
1649
1564
1516
1504
1560
1632
1755
1917
2095
2280
2457
2603
2745
2834
2883
2859
2825
2732
2590
2426
2257
2062
1879
1761
1607
1550
1470
1450
1455
1490
1544
1630
1728
1814
1937
2048
2125
2176
2215
2224
2206
2129
2044
1952
1862
1787
1699
1651
1647
1687
1744
1819
1951
2069
2181
2300
2438
2543
2628
2703
2737
2729
2675
2585
2460
2328
2173
2013
1874
1767
1688
1652
1650
1696
1762
1848
1952
2053
2140
2235
2313
2373
2409
2418
2408
2366
2287
2199
2076
1966
1854
1755
1725
1684
2332
2219
2103
1939
1799
1672
1614
1641
1755
1893
2084
2190
2193
2141
1950
1684
1478
1339
1354
1469
1667
1887
2095
2284
2466
2638
2778
2879
2900
2813
2635
2353
2103
1889
1756
1717
1745
1810
1902
1984
2020
2028
1995
1921
1887
1808
1789
1827
1950
2133
2370
2630
2867
3007
3013
2917
2703
2431
2164
1937
1722
1606
1554
1508
1454
1464
1522
1639
1781
1967
2093
2175
2187
2193
2159
2180
2245
2387
2549
2707
2837
2893
2917
2871
2769
2562
2286
1949
1632
1319
1113
1020
1028
1140
1310
1531
1785
1990
2174
2309
2407
2482
2508
2534
2548
2584
2644
2735
2819
2873
2848
2763
2635
2384
2112
1888
1709
1643
1637
1654
1670
1698
1706
1717
1770
1823
1844
1867
2164
2150
2129
2124
2104
2086
2095
2115
2178
2261
2378
2520
2663
2762
2831
2837
2793
2655
2470
2250
1999
1772
1585
1394
1250
1176
1144
1157
1251
1369
1553
1784
2036
2301
2567
2794
2975
3077
3077
3011
2863
2608
2312
2016
1700
1440
1225
1092
1051
1112
1243
1432
1682
1975
2237
2493
2706
2888
3011
3085
3107
3064
2965
2842
2657
2475
2260
2054
1869
1703
1564
1489
1456
1486
1551
1678
1814
1980
2143
2338
2462
2570
2629
2659
2642
2569
2475
2352
2218
2057
1920
1787
1682
1642
1609
1618
1675
1739
1847
1958
2076
2198
2322
2441
2550
2622
2690
2698
2668
2623
2533
2428
2307
2148
2024
1889
1789
1676
1631
1588
1579
1596
1646
1732
1808
1891
1955
2037
2776
2665
2594
2561
2552
2506
2423
2260
2033
1725
1395
1104
863
773
824
1007
1299
1662
2059
2445
2770
3086
3347
3526
3640
3630
3536
3337
3024
2657
2286
1971
1721
1592
1576
1656
1792
1903
1956
1928
1818
1700
1536
1404
1352
1372
1460
1603
1797
2004
2228
2455
2695
2871
3004
3043
2970
2800
2493
2148
1796
1464
1242
1090
1059
1069
1101
1119
1125
1112
1122
1199
1335
1518
1763
2026
2276
2528
2784
3054
3323
3601
3808
3913
3856
3620
3219
2679
2133
1629
1233
977
873
889
998
1148
1327
1511
1684
1865
2054
2274
2540
2838
3126
3370
3527
3572
3503
3334
3112
2885
2678
2484
2319
2102
1806
1448
1058
737
477
381
478
732
1099
1477
1801
2018
2567
2880
3153
3374
3506
3564
3543
3454
3330
3168
2974
2754
2512
2243
1925
1574
1235
898
638
467
423
475
648
873
1157
1475
1775
2034
2285
2474
2632
2768
2901
2981
3048
3044
3001
2911
2762
2539
2311
2069
1839
1623
1501
1456
1500
1614
1774
1966
2117
2226
2340
2392
2400
2408
2391
2353
2311
2220
2120
2002
1829
1643
1445
1267
1142
1088
1124
1236
1441
1697
1993
2286
2585
2857
3081
3252
3360
3391
3367
3278
3110
2918
2648
2372
2085
1790
1553
1348
1175
1055
1009
1057
1162
1337
1575
1832
2102
2364
2592
2797
2907
2946
2903
2784
2622
2436
2242
2057
1884
1735
1651
1608
1606
1648
1770
1939
2128
2362
2576
2772
2914
2984
2952
2820
2630
2376
3
4
2
169
874
1673
2476
3257
3912
4095
4095
4095
4095
4095
4095
3978
3512
3022
2508
2000
1510
1065
698
387
170
17
2
2
49
257
537
940
1420
1976
2616
3258
3890
4095
4095
4095
4095
4095
4095
3730
2958
2112
1286
545
3
2
2
2
2
2
223
937
1752
2568
3323
3894
4095
4095
4095
4095
3734
3257
2752
2258
1792
1434
1170
1032
1019
1149
1343
1578
1821
2020
2151
2212
2199
2106
1978
1874
1797
1809
1916
2130
2431
2768
3090
3364
3554
3591
3536
3343
3035
2673
2237
1788
1334
930
591
359
297
425
707
1124
1633
2166
2660
3065
3343
3474
3451
3275
2976
2565
2092
1610
1156
797
590
570
730
1082
1559
2150
2763
2811
2859
2876
2872
2900
2955
3019
3095
3104
3005
2779
2420
1983
1493
1045
685
444
281
184
152
142
154
251
454
780
1239
1756
2288
2765
3166
3462
3722
3956
4095
4095
4095
4095
4095
4095
3658
3108
2612
2196
1886
1660
1434
1150
796
415
99
1
2
51
341
692
1038
1317
1534
1739
1978
2272
2659
3048
3379
3580
3588
3441
3184
2937
2752
2666
2694
2762
2796
2741
2577
2324
2057
1834
1707
1696
1791
1918
2032
2078
2032
1925
1758
1573
1445
1357
1323
1322
1304
1287
1251
1191
1156
1167
1239
1414
1644
1896
2171
2425
2677
2891
3098
3267
3421
3533
3591
3605
3554
3483
3388
3231
3037
2788
2455
2053
1627
1237
904
667
594
628
4095
4095
3517
2226
941
3
4
2
1
3
2
2
3
1
51
1155
2422
3639
4095
4095
4095
4095
4095
4095
4095
4095
4002
2978
1890
864
11
3
4
5
5
3
3
4
84
937
1958
2983
3918
4095
4095
4095
4095
4095
4095
4095
4083
3303
2434
1523
676
1
1
2
2
2
1
355
1143
2010
2870
3650
4095
4095
4095
4095
4095
4095
3873
3168
2352
1543
784
185
1
2
2
5
130
642
1260
1932
2598
3211
3680
3982
4088
4014
3808
3543
3242
2973
2728
2476
2246
2022
1758
1520
1248
1004
805
647
566
538
566
647
754
906
1110
1362
1692
2124
2653
3233
3833
4095
4095
4095
4095
4095
4095
4095
4095
3530
1939
2840
3715
4095
4095
4095
4095
4095
4095
4095
4095
4095
4095
4095
4095
4095
4095
4095
3920
3077
2211
1339
489
2
2
2
2
1
3
1
2
1
2
2
3
0
0
2
2
147
1052
2020
2983
3876
4095
4095
4095
4095
4095
4095
4095
4095
4095
4095
4095
4095
4095
4095
4095
4095
4095
3481
2559
1596
736
1
2
2
3
1
0
3
1
2
3
2
1
0
2
1
346
1119
1872
2560
3151
3647
4064
4095
4095
4095
4095
4095
4095
4095
4095
4061
3796
3503
3177
2799
2424
2034
1659
1264
910
615
396
258
223
280
464
691
1007
1347
1721
2082
2422
2740
3044
3310
3545
3713
3845
3902
3880
3766
3569
3275
