2086
2079
2083
2112
2080
2088
2101
2090
2067
2087
2089
2120
2066
2097
2092
2079
2100
2107
2111
2080
2088
2096
2088
2087
2083
2094
2088
2085
2092
2113
2110
2110
2113
2088
2105
2088
2075
2064
2098
2076
2109
2089
2111
2086
2072
2096
2095
2083
2107
2102
2101
2087
2099
2114
2094
2096
2086
2100
2090
2103
2098
2093
2066
2098
2084
2130
2116
2085
2112
2092
2116
2114
2127
2108
2107
2102
2098
2096
2074
2077
2090
2075
2092
2075
2095
2122
2078
2100
2102
2090
2089
2079
2087
2079
2085
2102
2090
2107
2101
2114
2107
2083
2094
2100
2088
2075
2103
2091
2079
2072
2079
2073
2086
2081
2069
2080
2108
2090
2112
2088
2088
2080
2096
2092
2089
2104
2104
2112
2110
2110
2081
2079
2095
2104
2074
2074
2086
2067
2085
2105
2114
2108
2096
2100
2113
2095
2096
2091
2107
2104
2096
2077
2098
2085
2083
2107
2077
2085
2084
2089
2085
2094
2100
2076
2096
2093
2094
2097
2102
2105
2085
2082
2091
2105
2096
2094
2087
2090
2090
2064
2090
2066
2085
2096
2078
2076
2087
2089
2088
2085
2092
2100
2091
2084
2096
2087
2088
2085
2092
2103
2085
2081
2089
2085
2105
2094
2089
2075
2097
2106
2096
2099
2100
2087
2087
2081
2089
2107
2113
2103
2091
2093
2064
2069
2090
2094
2107
2090
2092
2083
2067
2086
2096
2095
2088
2082
2088
2083
2089
2066
2080
2086
2094
2086
2066
2081
2081
2105
2088
2097
2087
2107
2107
2100
2081
2090
2096
2126
2115
2121
2118
2120
2120
2129
2114
2125
2104
2114
2088
2104
2088
2120
2112
2126
2113
2104
2126
2110
2135
2094
2083
2121
2116
2114
2102
2108
2114
2104
2123
2119
2091
2095
2095
2083
2112
2104
2089
2109
2100
2090
2116
2122
2130
2113
2106
2111
2113
2112
2118
2108
2104
2097
2100
2106
2119
2121
2099
2118
2087
2086
2101
2080
2101
2103
2119
2094
2088
2094
2076
2070
2093
2055
2082
2083
2061
2062
2071
2056
2067
2085
2076
2070
2071
2071
2039
2071
2065
2059
2064
2057
2041
2043
2062
2049
2047
2034
2009
2023
2035
2033
2020
2039
2032
2030
2019
2017
2015
2012
2003
1987
1990
1998
1996
2008
1985
1972
1979
1975
1988
1998
1988
1978
1969
1986
1987
2005
2018
2041
2039
2049
2061
2090
2098
2114
2109
2124
2135
2119
2114
2129
2162
2123
2124
2097
2056
2041
1981
1977
1982
1978
1957
1969
1998
2010
2044
2079
2098
2100
2137
2131
2150
2202
2201
2236
2269
2293
2280
2315
2367
2385
2401
2375
2327
2248
2208
2108
1998
1917
1840
1774
1733
1705
1717
1694
1745
1812
1893
1949
1995
2062
2088
2154
2169
2212
2207
2215
2217
2224
2231
2235
2257
2275
2280
2279
2247
2223
2204
2122
2100
2073
2038
2006
1997
1992
2007
2044
2048
2083
2139
2185
2201
2192
2192
2182
2158
2139
2136
2109
2088
2086
2049
2060
2071
2095
2151
2136
2141
2145
2109
2098
2065
2017
1953
1936
1911
1862
1847
1860
1872
1878
1935
1978
1810
1844
1839
1916
1937
1964
2064
2128
2165
2215
2250
2304
2330
2324
2337
2352
2330
2309
2285
2226
2185
2138
2072
2005
1955
1908
1850
1827
1812
1793
1796
1802
1825
1847
1898
1913
1957
1999
2037
2088
2122
2169
2183
2245
2254
2318
2324
2289
2307
2311
2289
2268
2229
2215
2202
2194
2167
2151
2157
2132
2150
2127
2128
2100
2112
2104
2088
2087
2045
2036
2039
2043
1996
1987
1968
1974
1946
1951
1937
1927
1935
1956
1924
1913
1929
1938
1945
1995
2014
2029
2090
2102
2150
2202
2224
2271
2287
2309
2344
2347
2363
2374
2340
2314
2334
2309
2297
2267
2202
2164
2119
2098
2060
2025
1993
1975
1930
1939
1942
1942
1968
1976
2011
2038
2089
2077
2111
2124
2117
2070
2029
1961
1877
1818
1744
1661
1593
1563
1552
1624
1703
1809
1930
2027
2088
2110
2125
2152
2197
2243
2335
2415
2479
2539
2567
2599
2615
2629
2617
2588
2503
2369
2221
2043
1913
1800
1752
1737
1786
1840
1858
1850
1849
1832
1782
1793
1830
1878
1906
1914
1923
1917
1973
1972
2088
2150
2242
2278
2339
2332
2311
2289
2259
2177
2111
2037
1983
1904
1861
1848
1881
1924
1948
1977
1993
1980
1983
2007
2033
2081
2150
2186
2262
2327
2383
2449
2474
2495
2479
2469
2429
2367
2305
2257
2219
2153
2096
2057
2000
1944
1915
1884
1892
1944
1973
2014
2023
2029
2000
1978
1947
1940
1919
1922
1955
1969
1984
2007
2020
2033
2062
2056
2090
2152
2209
2284
2106
2182
2193
2188
2162
2176
2172
2173
2174
2211
2224
2235
2233
2234
2198
2159
2117
2017
1940
1903
1820
1786
1767
1776
1796
1795
1809
1814
1852
1854
1912
1950
1960
2016
2094
2151
2201
2260
2315
2321
2347
2328
2334
2302
2261
2218
2184
2078
2036
1998
1924
1934
1925
1976
1998
2066
2107
2133
2193
2244
2299
2317
2356
2336
2357
2348
2312
2289
2226
2147
2106
2078
2044
2009
1966
1946
1956
1952
1958
1938
1950
1967
1952
1944
1948
1951
1978
1984
2017
2058
2072
2135
2147
2158
2189
2191
2194
2181
2149
2138
2098
2093
2088
2075
2108
2112
2094
2128
2140
2159
2174
2208
2211
2230
2230
2239
2235
2203
2194
2190
2165
2141
2127
2123
2108
2059
2039
2014
2146
2160
2156
2153
2149
2145
2116
2123
2103
2125
2116
2096
2083
2056
2040
2060
2068
2113
2140
2178
2202
2208
2191
2125
2056
1965
1888
1812
1754
1735
1706
1726
1769
1863
1944
2065
2127
2220
2284
2325
2336
2390
2412
2408
2433
2448
2436
2426
2360
2252
2128
1990
1815
1695
1616
1559
1553
1616
1737
1874
2021
2143
2216
2279
2281
2266
2182
2108
2045
1995
1951
1955
1972
2013
2085
2163
2263
2342
2399
2439
2435
2415
2343
2295
2218
2139
2025
1967
1924
1864
1820
1826
1882
1986
2102
2222
2389
2522
2616
2670
2670
2628
2499
2338
2126
1916
1705
1533
1406
1352
1372
1438
1535
1675
1848
1986
2135
2279
2411
2494
2580
2574
2572
2520
2458
2375
2290
2235
2501
2592
2660
2721
2765
2745
2711
2598
2432
2246
2056
1851
1659
1506
1345
1197
1130
1112
1154
1255
1439
1601
1767
1988
2177
2438
2674
2892
3032
3116
3109
3033
2903
2716
2512
2316
2132
1974
1830
1697
1568
1460
1438
1407
1449
1544
1687
1840
2006
2157
2333
2475
2607
2747
2843
2884
2821
2689
2517
2298
2059
1890
1747
1634
1578
1525
1455
1408
1364
1392
1498
1664
1899
2118
2312
2441
2520
2578
2604
2672
2694
2740
2720
2621
2459
2279
2105
1975
1897
1820
1779
1784
1792
1809
1801
1801
1784
1814
1862
1944
2077
2228
2357
2421
2441
2419
2342
2323
2267
2234
2171
2089
1974
1864
1780
1665
1605
1575
1583
1679
1799
1998
2191
2358
2450
2499
2491
2466
2285
2514
2724
2907
3010
3035
2963
2863
2639
2426
2149
1880
1657
1499
1336
1296
1273
1296
1375
1508
1684
1875
2067
2225
2424
2561
2668
2770
2766
2754
2663
2511
2343
2162
1955
1781
1637
1559
1500
1508
1554
1627
1724
1861
2020
2160
2337
2463
2599
2704
2812
2858
2887
2856
2803
2680
2531
2324
2144
1973
1804
1727
1636
1581
1576
1629
1672
1774
1880
1949
2062
2162
2218
2268
2291
2294
2325
2356
2376
2366
2363
2336
2272
2171
2096
1944
1851
1823
1807
1827
1870
1908
1963
2005
2026
2062
2099
2145
2151
2202
2245
2270
2289
2314
2348
2325
2324
2336
2314
2319
2288
2286
2231
2208
2172
2124
2055
2027
2048
2042
2040
2085
2076
2122
2093
2041
1978
1887
2282
2410
2546
2617
2596
2502
2384
2284
2233
2177
2115
2026
1896
1729
1641
1569
1558
1577
1636
1686
1806
1948
2098
2252
2405
2556
2696
2847
2918
2954
2895
2770
2607
2418
2237
2093
1944
1766
1545
1323
1183
1120
1185
1349
1516
1625
1710
1773
1841
1955
2146
2338
2512
2635
2711
2710
2606
2446
2275
2118
1979
1905
1856
1821
1786
1712
1738
1757
1865
2037
2232
2413
2568
2674
2723
2728
2772
2816
2848
2820
2769
2675
2528
2301
2078
1861
1643
1435
1254
1141
1066
1084
1166
1326
1493
1703
1873
2024
2159
2314
2497
2682
2861
3010
3020
2926
2749
2530
2287
2101
1954
1834
1714
1584
1426
1276
1156
1086
1088
1175
1328
1555
1786
2060
2334
2580
2793
2970
2149
1874
1606
1385
1194
1073
1025
1065
1188
1431
1715
2062
2447
2784
3078
3279
3378
3367
3209
3010
2720
2399
2067
1765
1494
1276
1114
1074
1137
1282
1518
1823
2159
2515
2844
3063
3227
3297
3222
3053
2763
2474
2125
1801
1440
1197
1009
888
904
1014
1202
1468
1780
2094
2425
2708
2938
3067
3076
3010
2894
2692
2429
2177
1894
1628
1377
1197
1070
1071
1108
1242
1431
1678
1925
2156
2380
2549
2659
2714
2727
2680
2602
2507
2398
2242
2136
2030
1966
1955
1928
1964
2026
2082
2137
2208
2255
2262
2259
2218
2144
2063
1953
1865
1792
1735
1744
1791
1885
2050
2210
2368
2532
2621
2638
2651
2590
2485
2324
2165
1980
1800
1608
1468
1343
1300
1325
1441
2804
2628
2463
2349
2285
2221
2246
2312
2436
2572
2698
2762
2719
2520
2276
1987
1727
1481
1304
1157
1024
921
870
920
1111
1431
1871
2308
2686
2937
3075
3091
3027
2922
2791
2640
2514
2350
2162
2043
1978
1988
2071
2117
2068
1914
1699
1470
1266
1148
1046
940
825
686
607
734
1038
1552
2214
2844
3375
3770
3978
4064
4004
3842
3556
3152
2647
2050
1449
941
573
406
427
622
884
1148
1360
1575
1778
2037
2311
2581
2743
2801
2738
2547
2391
2319
2346
2470
2618
2691
2721
2679
2618
2548
2494
2452
2379
2238
2020
1772
1468
1200
979
810
716
733
889
1221
1669
2147
2570
2826
2980
2980
2907
2836
2716
2583
2401
2179
1906
1710
1551
1516
3777
3744
3592
3306
2955
2542
2087
1621
1223
881
620
478
450
529
686
966
1325
1683
2081
2456
2822
3084
3299
3420
3430
3371
3253
3065
2767
2455
2160
1845
1514
1271
1100
1004
1042
1106
1264
1464
1672
1914
2140
2319
2465
2601
2689
2717
2725
2709
2636
2559
2448
2292
2134
1982
1833
1715
1648
1633
1671
1765
1872
2041
2190
2354
2517
2682
2830
2914
2925
2880
2779
2602
2397
2163
1950
1786
1678
1641
1701
1785
1981
2163
2334
2539
2663
2729
2765
2746
2645
2512
2374
2217
2021
1812
1621
1441
1320
1259
1246
1342
1517
1766
2071
2380
2636
2895
3049
3093
3112
3000
2822
2512
2186
1834
1488
1150
859
678
612
661
842
1135
1506
1910
2308
2682
4095
4041
3369
2604
1863
1153
579
176
1
2
2
5
156
410
679
936
1201
1522
1856
2257
2660
3085
3457
3732
3878
3906
3840
3714
3545
3439
3310
3188
2999
2765
2466
2112
1695
1257
824
401
93
2
0
1
0
0
26
281
662
1200
1827
2541
3274
3977
4095
4095
4095
4095
4095
4095
4095
4095
3938
3250
2448
1586
713
1
1
1
1
0
1
0
1
5
530
1215
1863
2468
3034
3578
4083
4095
4095
4095
4095
4095
4095
4038
3592
3135
2736
2378
2048
1709
1421
1149
940
760
653
614
624
721
837
1005
1165
1332
1476
1630
1768
1934
2126
2371
2654
2894
3096
3246
3360
3439
3511
3570
3612
3566
3464
3257
2988
2619
