2092
2090
2099
2094
2104
2094
2115
2112
2097
2098
2100
2091
2102
2103
2098
2096
2109
2103
2098
2100
2096
2099
2099
2110
2104
2098
2102
2112
2117
2107
2104
2111
2099
2105
2104
2109
2106
2102
2096
2102
2102
2102
2101
2099
2110
2103
2104
2108
2112
2104
2104
2105
2091
2103
2106
2108
2106
2111
2110
2103
2104
2094
2099
2109
2100
2096
2107
2104
2113
2106
2092
2098
2099
2097
2094
2102
2095
2096
2106
2119
2103
2097
2096
2096
2110
2104
2102
2105
2102
2088
2099
2104
2100
2094
2100
2098
2114
2109
2106
2104
2101
2104
2110
2098
2098
2101
2101
2101
2107
2107
2106
2104
2102
2100
2102
2105
2105
2103
2104
2102
2113
2108
2104
2092
2112
2113
2106
2104
2090
2084
2082
2082
2081
2086
2082
2074
2083
2084
2092
2085
2084
2082
2080
2079
2084
2085
2086
2080
2077
2084
2081
2089
2093
2091
2086
2088
2092
2094
2095
2091
2086
2095
2095
2100
2097
2096
2102
2096
2096
2102
2104
2099
2103
2104
2104
2110
2111
2109
2108
2108
2108
2112
2115
2104
2112
2111
2121
2118
2117
2117
2119
2125
2122
2126
2121
2119
2130
2134
2134
2135
2141
2142
2139
2138
2143
2139
2142
2146
2146
2150
2153
2148
2145
2149
2152
2152
2154
2153
2152
2158
2143
2148
2150
2150
2149
2149
2150
2148
2144
2148
2150
2146
2157
2151
2141
2136
2141
2139
2138
2129
2143
2136
2135
2138
2129
2129
2130
2120
2124
2126
2126
2119
2113
2114
2115
2113
2134
2151
2177
2184
2203
2226
2240
2256
2265
2270
2280
2278
2290
2303
2298
2299
2286
2290
2278
2280
2262
2246
2243
2232
2218
2214
2200
2186
2175
2165
2162
2160
2155
2158
2156
2145
2147
2150
2149
2143
2137
2133
2129
2124
2123
2114
2104
2090
2079
2071
2068
2056
2051
2040
2044
2046
2050
2065
2066
2085
2100
2108
2118
2143
2157
2181
2194
2198
2220
2234
2223
2244
2228
2203
2193
2176
2150
2132
2108
2082
2056
2016
1986
1966
1950
1925
1912
1902
1896
1895
1894
1908
1910
1921
1931
1937
1955
1966
1979
1972
1973
1970
1968
1957
1942
1930
1911
1896
1873
1872
1857
1847
1833
1828
1833
1835
1838
1850
1868
1894
1909
1936
1966
1986
2021
2056
2088
2116
2296
2265
2219
2174
2131
2072
2010
1968
1961
1934
1931
1937
1958
1960
1966
1976
1995
2007
2010
2029
2050
2066
2098
2118
2130
2148
2152
2146
2129
2106
2074
2056
2042
2028
2033
2038
2067
2092
2116
2134
2153
2152
2148
2122
2096
2070
2042
2026
2012
2014
2034
2078
2115
2166
2214
2263
2291
2318
2311
2296
2279
2242
2181
2122
2042
1963
1895
1842
1811
1797
1801
1838
1898
1970
2054
2138
2224
2303
2354
2380
2394
2377
2347
2307
2261
2224
2178
2142
2114
2087
2069
2056
2032
2011
1982
1958
1928
1903
1871
1846
1838
1824
1824
1820
1826
1818
1819
1808
1801
1798
1788
1788
1808
1820
1837
1882
1938
2015
2092
2176
2274
2337
2398
2458
2484
2481
2476
2440
2125
2103
2062
2036
2008
2006
1975
1976
1986
2007
2026
2028
2049
2054
2060
2070
2066
2054
2064
2054
2040
2043
2054
2047
2044
2028
1989
1955
1906
1835
1811
1778
1763
1772
1790
1817
1884
1935
2023
2091
2160
2210
2256
2301
2316
2336
2361
2358
2353
2343
2322
2310
2286
2263
2237
2182
2138
2062
1979
1907
1833
1742
1687
1650
1626
1627
1661
1702
1766
1846
1928
2016
2129
2229
2306
2386
2472
2516
2549
2569
2563
2523
2494
2451
2409
2357
2313
2283
2241
2217
2167
2126
2101
2044
2004
1949
1898
1852
1832
1826
1845
1880
1946
2016
2101
2172
2230
2253
2244
2224
2181
2128
2071
2031
2010
2010
2032
2063
2093
2128
2156
2157
2124
2059
2019
1924
1877
1839
2252
2298
2351
2412
2488
2554
2594
2602
2587
2571
2530
2482
2410
2305
2177
2034
1894
1775
1706
1678
1700
1753
1826
1908
1966
2000
2012
2014
2010
2029
2053
2093
2139
2169
2200
2226
2254
2300
2335
2348
2332
2277
2215
2148
2104
2078
2080
2100
2123
2152
2196
2232
2253
2259
2229
2171
2104
2041
1988
1953
1923
1891
1850
1801
1742
1704
1688
1696
1743
1808
1872
1932
1970
2000
2025
2069
2137
2236
2364
2480
2573
2601
2582
2518
2445
2374
2331
2302
2283
2250
2175
2081
1962
1846
1747
1678
1644
1661
1708
1776
1834
1868
1853
1820
1792
1796
1870
2011
2168
2304
2389
2396
2348
2303
2284
2312
2381
2462
2515
2519
2486
2426
2352
2288
2199
2104
1980
1849
2265
2251
2237
2192
2138
2080
2000
1914
1829
1724
1649
1576
1514
1476
1455
1470
1505
1574
1674
1808
1967
2151
2346
2544
2737
2910
3036
3112
3150
3112
3024
2876
2706
2487
2258
2023
1795
1596
1428
1303
1236
1225
1278
1382
1541
1747
1971
2209
2417
2610
2756
2862
2895
2882
2796
2666
2482
2280
2047
1820
1599
1398
1266
1176
1154
1196
1304
1456
1676
1909
2158
2410
2621
2784
2904
2965
2964
2903
2796
2648
2487
2311
2122
1950
1796
1687
1572
1513
1482
1498
1557
1640
1758
1879
1991
2104
2199
2275
2322
2322
2322
2294
2245
2199
2147
2102
2064
2042
2028
2029
2050
2065
2092
2133
2172
2210
2254
2306
2347
2377
2403
2410
2402
2389
2378
2342
2328
2298
2458
2521
2596
2583
2440
2180
1904
1725
1686
1735
1784
1761
1682
1593
1580
1670
1826
1971
2080
2156
2215
2273
2314
2331
2356
2384
2411
2429
2392
2266
2117
1958
1861
1781
1676
1507
1275
1084
1011
1110
1326
1584
1822
2000
2171
2341
2551
2738
2923
3056
3120
3097
3000
2852
2646
2426
2182
1943
1670
1357
1118
1000
1024
1179
1398
1595
1759
1921
2133
2379
2642
2834
2913
2848
2675
2462
2298
2165
2090
1998
1886
1724
1561
1441
1408
1456
1566
1690
1790
1863
1942
2069
2222
2377
2469
2503
2473
2426
2432
2486
2544
2554
2445
2230
1986
1781
1648
1620
1604
1561
1476
1403
1403
1499
1688
1934
2176
2395
2575
2714
2821
2877
2886
2856
2766
2632
2464
2268
2012
2155
2281
2389
2457
2499
2489
2448
2380
2292
2204
2118
2058
2024
2027
2062
2116
2196
2290
2372
2456
2525
2557
2561
2550
2504
2453
2389
2319
2255
2187
2120
2052
1994
1939
1885
1854
1832
1846
1881
1946
2030
2129
2226
2312
2380
2408
2388
2342
2264
2172
2075
1987
1911
1855
1816
1789
1768
1753
1725
1713
1714
1744
1798
1878
1986
2097
2214
2308
2380
2407
2416
2409
2381
2361
2348
2341
2346
2345
2338
2320
2282
2239
2184
2138
2098
2088
2075
2083
2088
2098
2095
2076
2055
2017
1980
1944
1917
1890
1878
1860
1850
1853
1864
1869
1888
1905
1925
1934
1946
1936
1922
1912
1911
1935
1981
2059
2166
2275
2379
2467
2519
2545
2544
2518
2473
2422
2352
1945
1998
2096
2189
2207
2128
1970
1816
1748
1812
2016
2277
2504
2638
2661
2630
2626
2702
2825
2920
2928
2795
2545
2266
1997
1766
1602
1434
1296
1159
1120
1159
1305
1497
1748
1992
2223
2440
2636
2780
2883
2906
2856
2725
2571
2435
2387
2430
2507
2540
2462
2297
2097
1973
1927
1985
2032
1987
1823
1604
1459
1459
1577
1726
1784
1736
1619
1548
1612
1785
2034
2233
2367
2444
2533
2680
2863
3003
3033
2947
2772
2574
2416
2304
2160
1950
1668
1350
1088
907
859
932
1125
1393
1711
2025
2299
2561
2810
3035
3221
3351
3408
3388
3302
3164
2958
2631
2220
1756
1334
1052
954
998
1082
1146
1180
1262
1477
1805
2187
2528
2750
2846
2877
2885
2920
2929
2546
2580
2574
2493
2379
2219
2040
1863
1682
1538
1452
1434
1470
1596
1748
1921
2088
2213
2295
2312
2298
2245
2184
2117
2051
1978
1925
1899
1894
1933
2006
2102
2221
2358
2469
2554
2586
2561
2470
2328
2134
1938
1761
1610
1522
1518
1595
1774
2033
2335
2656
2963
3181
3294
3280
3129
2834
2442
2029
1567
1192
863
618
529
550
692
951
1322
1768
2240
2706
3119
3430
3603
3626
3488
3216
2856
2443
2016
1615
1291
1013
824
749
746
858
1081
1380
1724
2118
2486
2788
2997
3102
3091
2989
2846
2672
2510
2359
2249
2153
2080
2036
1986
1967
1970
2001
2063
2146
2224
2299
2328
2342
2346
2312
2293
2276
2268
2266
2252
2214
2131
2010
1858
1680
1516
1531
1496
1607
1760
1932
2121
2360
2697
3120
3547
3826
3850
3592
3128
2540
1920
1297
709
196
2
1
2
271
1032
1863
2546
2996
3250
3371
3421
3406
3289
3027
2665
2339
2171
2196
2312
2405
2352
2147
1854
1577
1379
1257
1144
984
781
635
680
956
1425
1986
2533
3003
3367
3659
3822
3810
3603
3238
2709
2110
1497
951
545
333
338
564
923
1327
1680
1988
2290
2655
3050
3384
3523
3384
2990
2499
2063
1767
1615
1573
1577
1555
1520
1476
1471
1488
1526
1598
1735
1842
1932
1978
2015
2107
2311
2623
3026
3408
3686
3784
3670
3412
3032
2644
2303
1994
1662
1244
693
103
1
3
3
74
774
1541
2204
2735
3180
3586
3941
4095
4095
3621
3776
3788
3656
3396
3020
2589
2064
1575
1096
716
480
394
525
761
1180
1685
2215
2699
3115
3401
3522
3512
3360
3098
2739
2347
1941
1573
1281
1040
890
839
901
1055
1293
1617
2019
2457
2905
3318
3639
3865
3928
3829
3573
3168
2694
2191
1730
1315
1056
902
915
1061
1304
1610
1929
2264
2540
2727
2863
2892
2837
2681
2452
2152
1822
1482
1153
899
741
698
797
1040
1405
1884
2435
2988
3510
3948
4095
4095
4095
4095
3736
3211
2583
1921
1245
625
86
2
1
2
0
34
521
1161
1862
2564
3204
3745
4095
4095
4095
4095
3842
3370
2808
2223
1646
1134
719
450
369
493
736
1124
1568
2052
2470
2834
3061
3152
3102
2924
2614
2584
1424
484
0
2
2
3
2
2
2
2
408
926
1361
1673
1907
2140
2390
2660
2953
3305
3769
4095
4095
4095
4095
4095
4095
4095
4095
3567
2486
1332
208
3
1
1
2
2
3
1
3
176
1355
2547
3640
4095
4095
4095
4095
4095
4095
4095
4095
4095
3732
2985
2294
1720
1242
854
553
339
252
270
345
454
554
623
695
821
1043
1377
1809
2283
2716
3080
3360
3598
3797
3998
4095
4095
4095
4095
3759
3140
2388
1610
867
213
4
1
2
2
2
4
4
2
466
1561
2734
3805
4095
4095
4095
4095
4095
4095
4095
4058
3177
2243
1365
633
68
4
1
2
2
3
3
36
664
1445
2242
2943
3495
1
3
4
3
1
3
1
663
1509
2370
3217
3986
4095
4095
4095
4095
4095
4095
4095
4095
3795
3032
2251
1471
744
100
2
4
1
1
2
4
3
3
188
904
1675
2437
3168
3846
4095
4095
4095
4095
4095
4095
4095
4095
4095
4095
3543
2701
1796
890
18
2
1
1
0
2
1
3
0
1
2
702
1846
3003
4095
4095
4095
4095
4095
4095
4095
4095
4095
4095
4095
3719
2490
1212
3
2
2
2
2
1
3
3
1
1
3
800
2345
3862
4095
4095
4095
4095
4095
4095
4095
4095
4095
4095
3638
2458
1306
319
2
2
2
1
5
3
3
3
292
1204
2117
3002
3740
4095
4095
4095
4095
4095
