2107
2102
2088
2096
2090
2081
2103
2116
2116
2099
2080
2100
2094
2102
2088
2080
2092
2075
2101
2100
2105
2104
2086
2086
2084
2091
2094
2098
2075
2115
2112
2113
2086
2089
2110
2103
2078
2077
2104
2104
2082
2090
2095
2095
2082
2102
2095
2105
2098
2088
2087
2089
2098
2071
2063
2084
2087
2091
2085
2085
2081
2088
2104
2093
2104
2092
2118
2082
2084
2094
2091
2109
2098
2092
2078
2101
2124
2108
2099
2081
2092
2084
2076
2081
2090
2088
2077
2099
2117
2087
2093
2087
2108
2096
2075
2105
2095
2084
2071
2088
2083
2096
2101
2094
2120
2105
2110
2111
2101
2085
2104
2087
2080
2098
2089
2104
2103
2098
2084
2085
2085
2088
2092
2107
2110
2111
2097
2090
2088
2087
2072
2096
2092
2084
2114
2116
2097
2104
2101
2098
2100
2084
2080
2078
2082
2090
2102
2069
2092
2091
2077
2082
2095
2097
2101
2100
2091
2105
2084
2084
2074
2093
2107
2105
2117
2139
2126
2091
2103
2115
2098
2093
2086
2100
2084
2098
2076
2075
2101
2109
2106
2105
2100
2096
2093
2121
2101
2092
2106
2096
2110
2115
2099
2095
2104
2105
2088
2120
2080
2099
2110
2116
2090
2090
2070
2074
2078
2093
2064
2077
2081
2103
2093
2088
2084
2092
2097
2109
2100
2087
2076
2077
2090
2104
2103
2117
2102
2108
2102
2089
2102
2090
2085
2074
2096
2116
2100
2100
2082
2063
2082
2077
2078
2092
2102
2093
2108
2100
2106
2094
2100
2086
2095
2113
2097
2090
2100
2091
2101
2097
2101
2088
2103
2088
2107
2111
2077
2091
2102
2088
2094
2087
2070
2088
2102
2088
2094
2103
2095
2091
2082
2067
2106
2086
2086
2097
2118
2085
2091
2084
2103
2102
2080
2081
2096
2097
2088
2096
2081
2081
2086
2072
2086
2075
2084
2088
2071
2077
2069
2081
2088
2095
2101
2085
2090
2093
2090
2093
2090
2089
2076
2099
2103
2101
2056
2086
2080
2101
2088
2082
2077
2086
2093
2091
2082
2076
2081
2088
2096
2107
2105
2078
2090
2095
2102
2095
2082
2079
2068
2081
2091
2081
2078
2082
2103
2096
2092
2101
2104
2087
2081
2092
2076
2072
2107
2080
2092
2089
2095
2084
2060
2095
2084
2082
2082
2087
2103
2080
2089
2073
2082
2095
2073
2112
2085
2071
2053
2047
2024
1987
1990
1970
1978
1986
1964
1962
1968
1975
1964
1993
1973
1987
2009
2014
2039
2062
2072
2083
2078
2121
2140
2143
2142
2163
2175
2189
2170
2195
2169
2191
2164
2144
2167
2146
2124
2128
2106
2111
2082
2060
2044
2024
2013
1990
1982
1972
1963
1948
1947
1949
1948
1969
1965
1980
2003
1991
1996
2023
2034
2045
2071
2073
2085
2080
2091
2089
2088
2105
2122
2120
2138
2127
2123
2134
2130
2145
2135
2154
2149
2154
2128
2133
2113
2120
2112
2135
2118
2109
2095
2101
2097
2089
2082
2069
2064
2053
2055
2035
2040
2034
2023
1991
1959
1982
1975
1961
1973
1967
1976
1975
1990
1987
2002
2013
2004
2037
2058
2074
2088
2107
2124
2112
1908
1960
2053
2126
2172
2236
2278
2335
2350
2387
2394
2402
2410
2441
2448
2466
2471
2439
2442
2440
2435
2415
2410
2406
2353
2332
2308
2252
2178
2144
2106
2047
2011
1942
1927
1900
1875
1853
1850
1862
1904
1920
1948
1944
1918
1940
1952
1972
1945
1932
1917
1936
1939
1958
1978
2014
2074
2131
2212
2283
2344
2434
2492
2512
2553
2524
2499
2468
2440
2376
2315
2261
2184
2116
2054
2004
1991
1945
1894
1860
1848
1863
1859
1869
1868
1902
1924
1949
1970
1978
2002
1999
1991
1994
1949
1920
1912
1915
1900
1902
1905
1905
1936
1992
2033
2106
2161
2186
2229
2280
2312
2326
2393
2409
2402
2417
2419
2419
2414
2428
2425
2387
2362
2337
2283
2250
2196
2141
2032
2095
2136
2181
2220
2223
2228
2226
2210
2199
2169
2149
2116
2081
2021
2004
1991
1956
1950
1948
1968
1986
2021
2054
2122
2136
2189
2220
2246
2255
2300
2318
2297
2246
2218
2195
2142
2129
2079
2033
2001
1935
1929
1929
1900
1901
1910
1925
1934
1997
2046
2089
2131
2182
2226
2282
2316
2348
2327
2369
2358
2326
2315
2300
2263
2253
2241
2196
2159
2134
2113
2053
2020
2016
1995
1973
1960
1976
1987
2013
2040
2054
2069
2064
2070
2078
2068
2079
2067
2055
2033
2023
1992
1991
1985
1987
1978
1998
1998
1998
2010
2003
2018
2020
2019
2022
2029
2064
2079
2091
2098
2103
2097
2090
2089
2084
2075
2081
2045
2081
2091
2117
2128
2163
2182
2205
2213
2235
2182
2108
2054
1948
1876
1843
1765
1725
1712
1712
1741
1728
1753
1785
1850
1878
2000
2072
2141
2230
2243
2243
2230
2228
2263
2295
2324
2339
2346
2336
2345
2324
2321
2312
2307
2283
2292
2190
2145
2086
2000
1960
1954
1930
1949
1942
1922
1905
1930
1927
1949
1965
1982
2020
2051
2069
2073
2100
2078
2077
2095
2106
2085
2101
2123
2116
2134
2139
2091
2088
2067
2063
2042
2017
1976
1967
1954
1954
1980
2024
2072
2084
2092
2085
2053
2021
1995
2033
2049
2111
2176
2214
2183
2110
2070
2067
2065
2118
2130
2214
2225
2211
2164
2133
2094
2093
2118
2130
2155
2176
2156
2156
2119
2155
2169
2235
2206
2214
2168
2083
2030
1997
2013
2086
2164
2159
2113
2001
2246
2172
2116
2035
1975
1917
1836
1775
1772
1747
1787
1812
1856
1972
2065
2156
2205
2322
2393
2451
2492
2488
2485
2450
2410
2349
2280
2217
2114
2043
1946
1865
1781
1719
1682
1690
1671
1665
1683
1752
1833
1911
1978
2036
2109
2164
2188
2250
2292
2314
2370
2371
2358
2361
2341
2314
2244
2200
2139
2098
2044
1987
1963
1953
1940
1925
1933
1996
2028
2046
2058
2116
2113
2098
2149
2142
2109
2147
2118
2082
2067
2024
1990
1967
1910
1911
1857
1901
1923
1900
1952
1963
1998
2068
2085
2113
2180
2251
2254
2303
2316
2322
2363
2369
2336
2287
2269
2254
2189
2173
2108
2036
1972
1955
1890
1860
1834
1816
1803
1770
1760
1792
1804
1839
1865
1917
1972
2047
2707
2611
2454
2262
2091
1882
1707
1582
1499
1470
1457
1479
1566
1657
1779
1884
1998
2090
2176
2239
2280
2291
2258
2240
2213
2151
2076
2045
1988
1983
1972
1969
2009
2059
2118
2192
2250
2331
2412
2504
2559
2584
2553
2452
2336
2168
1965
1743
1534
1371
1242
1185
1213
1263
1450
1642
1868
2119
2321
2526
2671
2821
2848
2820
2725
2610
2406
2203
1975
1783
1629
1494
1393
1385
1447
1520
1651
1813
1960
2166
2325
2501
2627
2703
2742
2768
2726
2623
2523
2376
2206
2023
1889
1762
1709
1678
1690
1760
1896
2037
2142
2225
2275
2289
2227
2178
2092
2005
1946
1912
1916
1928
1974
2052
2118
2186
2241
2263
2263
2267
2223
2180
2147
2129
2089
2070
2066
2052
1811
1836
1873
1910
1896
1911
1923
1902
2010
2099
2209
2220
2150
2126
2143
2204
2294
2360
2360
2298
2221
2182
2173
2142
2202
2240
2251
2195
2128
2078
2104
2102
2155
2165
2236
2275
2283
2216
2167
2142
2124
2176
2221
2155
2027
1908
1785
1681
1730
1792
1848
1918
1976
2092
2231
2302
2328
2322
2308
2320
2376
2459
2516
2463
2351
2196
2103
2091
2106
2135
2129
1961
1795
1617
1517
1503
1546
1610
1670
1724
1736
1834
1912
2013
2156
2251
2347
2375
2410
2375
2287
2138
2035
1932
1914
1975
2082
2162
2150
2158
2128
2100
2108
2089
2137
2147
2166
2184
2217
2274
2285
2242
2157
2097
2034
2058
2098
2126
2122
2036
1920
1839
1829
1860
1907
1988
2003
2039
1607
1709
1805
1929
2071
2145
2229
2279
2315
2318
2274
2182
2087
2011
1948
1930
1903
1908
1923
1935
1976
2039
2099
2152
2185
2249
2282
2300
2308
2267
2224
2168
2081
1986
1905
1861
1814
1820
1844
1900
1995
2071
2181
2248
2352
2444
2492
2552
2588
2625
2641
2633
2581
2482
2350
2194
2003
1844
1658
1496
1438
1418
1466
1552
1685
1781
1915
2036
2094
2173
2213
2236
2254
2252
2216
2162
2122
2077
2004
1935
1934
1918
1939
1969
2042
2105
2200
2279
2385
2467
2476
2504
2476
2409
2301
2236
2073
1973
1875
1775
1703
1665
1671
1716
1775
1873
2009
2146
2292
2442
2590
2702
2804
2865
2912
2927
2893
2828
2679
2505
2329
2140
1912
1720
1519
1369
1277
1248
3032
2888
2706
2444
2160
1903
1637
1436
1285
1164
1069
1069
1031
1068
1131
1255
1522
1759
2011
2241
2488
2706
2871
2962
3030
3132
3154
3106
2994
2842
2629
2368
2099
1842
1634
1466
1323
1201
1102
1042
1015
1056
1072
1181
1376
1598
1874
2147
2386
2574
2691
2846
2931
2986
3007
2963
2875
2720
2543
2379
2244
2110
2019
1896
1788
1654
1563
1503
1541
1565
1633
1708
1858
2014
2176
2345
2498
2587
2634
2656
2669
2677
2665
2582
2430
2250
2068
1912
1840
1783
1750
1730
1733
1753
1739
1792
1881
1987
2065
2147
2206
2289
2373
2436
2511
2540
2446
2344
2179
2035
1944
1900
1856
1794
1712
1589
1535
1478
1496
1585
1772
2019
2226
2451
2638
2750
2784
2784
1767
1932
2126
2375
2604
2778
2929
2996
2967
2856
2752
2568
2364
2154
1903
1684
1509
1363
1314
1260
1284
1370
1519
1715
1913
2169
2378
2526
2629
2646
2628
2555
2405
2232
2018
1811
1626
1510
1429
1424
1445
1529
1642
1786
1997
2109
2287
2459
2528
2551
2555
2472
2364
2170
2019
1821
1659
1488
1410
1394
1461
1586
1696
1903
2143
2344
2538
2675
2790
2859
2888
2844
2762
2603
2425
2240
2022
1797
1668
1572
1530
1544
1670
1809
1972
2129
2296
2430
2559
2559
2574
2521
2469
2370
2243
2112
1999
1828
1733
1661
1624
1681
1812
1961
2142
2381
2589
2762
2857
2877
2801
2692
2501
2279
1993
1693
1415
1148
1007
908
877
976
1118
1416
1699
1997
2360
2616
2436
1995
1542
1184
885
736
763
968
1249
1503
1791
1940
2030
2094
2069
2078
2128
2261
2410
2596
2737
2823
2826
2793
2684
2563
2472
2365
2296
2228
2041
1774
1383
980
618
367
266
380
636
1067
1581
2094
2526
2946
3263
3473
3540
3493
3330
3097
2789
2468
2077
1801
1570
1448
1442
1480
1575
1686
1751
1818
1855
1878
1840
1808
1776
1793
1841
1942
2125
2336
2600
2878
3197
3411
3542
3534
3372
3090
2703
2244
1788
1398
1028
744
561
457
530
694
1021
1453
2004
2576
3037
3426
3632
3691
3581
3352
3121
2873
2639
2436
2289
2046
1866
1654
1468
1409
1389
1404
1420
1431
1366
1264
1098
950
890
976
1200
1526
1904
2326
2753
3139
3422
3652
1596
976
422
1
0
0
0
1
0
329
938
1627
2364
3054
3662
4095
4095
4095
4095
4095
4095
4095
4095
3858
3343
2746
2138
1481
872
285
0
0
1
0
1
1
45
631
1311
2049
2694
3288
3756
4026
4095
4095
4023
3758
3384
2963
2496
2058
1614
1223
912
691
559
516
620
765
1039
1402
1818
2237
2665
3117
3478
3748
3894
3936
3847
3660
3363
3024
2588
2109
1676
1253
870
548
355
255
249
340
549
853
1212
1621
2021
2486
2915
3252
3483
3670
3694
3656
3482
3220
2894
2514
2136
1766
1455
1172
984
895
882
933
1045
1248
1459
1716
2006
2290
2517
2743
2937
3068
3121
3161
3098
2961
2789
2572
2265
1982
1665
1362
