2122
2086
2108
2104
2113
2087
2072
2082
2089
2098
2129
2109
2083
2118
2107
2082
2105
2118
2085
2096
2067
2090
2066
2110
2110
2097
2115
2079
2091
2099
2103
2105
2096
2114
2097
2110
2098
2087
2092
2078
2078
2101
2093
2085
2098
2106
2101
2088
2084
2099
2106
2101
2105
2077
2075
2080
2087
2116
2068
2054
2082
2092
2069
2089
2081
2120
2109
2095
2097
2088
2079
2091
2103
2076
2088
2088
2114
2088
2109
2113
2090
2120
2104
2100
2074
2077
2088
2085
2081
2072
2066
2072
2068
2079
2080
2076
2101
2114
2102
2097
2100
2097
2069
2093
2108
2118
2097
2088
2088
2069
2106
2084
2077
2062
2103
2070
2102
2080
2083
2083
2072
2084
2070
2068
2113
2105
2101
2096
2083
2094
2083
2080
2077
2142
2108
2089
2084
2082
2090
2086
2099
2116
2074
2077
2086
2085
2112
2088
2131
2085
2104
2127
2103
2078
2109
2092
2110
2099
2099
2104
2151
2116
2095
2115
2114
2089
2089
2115
2116
2103
2131
2104
2098
2090
2088
2127
2103
2083
2123
2116
2120
2116
2094
2107
2092
2125
2156
2124
2110
2104
2097
2074
2108
2100
2078
2109
2105
2101
2097
2118
2081
2108
2108
2094
2091
2097
2083
2097
2088
2086
2092
2094
2113
2077
2093
2091
2073
2059
2056
2062
2050
2089
2064
2099
2075
2041
2076
2078
2061
2075
2065
2043
2031
2061
2063
2062
2065
2040
2043
2067
2052
2076
2087
2065
2059
2040
2048
2075
2064
2067
2093
2073
2095
2081
2076
2060
2263
2278
2306
2291
2316
2329
2351
2312
2310
2336
2345
2302
2297
2304
2297
2277
2275
2264
2256
2238
2211
2189
2203
2241
2218
2206
2202
2204
2211
2215
2203
2217
2185
2176
2160
2141
2121
2108
2089
2065
2038
2036
2005
1986
1919
1956
1969
1924
1932
1924
1962
1954
1954
1958
1945
1933
1955
1968
1944
1964
1977
1959
1982
2002
1980
2018
2037
2036
2049
2057
2061
2087
2080
2088
2111
2144
2128
2157
2154
2169
2191
2172
2167
2170
2134
2138
2105
2083
2072
2027
2014
2004
1969
1963
1937
1916
1876
1844
1838
1816
1792
1797
1793
1797
1818
1822
1840
1821
1849
1880
1895
1912
1950
1958
1981
1995
2036
2049
2043
2028
2059
2036
2052
2041
2022
2019
2018
2007
2046
2099
2133
2180
2206
2209
2217
2186
2164
2153
2110
2054
2002
1991
1944
1933
1905
1925
1928
1932
1946
1943
1960
1986
2003
1999
2018
2013
2055
2094
2127
2149
2186
2181
2226
2224
2222
2207
2196
2159
2131
2101
2109
2103
2118
2119
2154
2177
2214
2233
2282
2317
2322
2325
2334
2319
2306
2277
2235
2169
2146
2090
2034
2032
1985
1963
1941
1922
1932
1924
1924
1936
1932
1962
1952
1946
1917
1932
1950
1930
1959
1968
1963
2006
2025
2049
2077
2063
2088
2105
2084
2093
2060
2044
2039
2008
1972
1948
1952
1930
1932
1964
1989
2007
2018
2106
2151
2182
2207
2235
2258
2298
2294
2294
2297
2280
2260
2284
2272
2262
2250
2257
2294
2282
2263
2251
2229
2205
1867
1835
1792
1801
1795
1825
1857
1887
1887
1977
2035
2106
2143
2183
2262
2329
2383
2390
2427
2414
2435
2412
2405
2360
2355
2317
2272
2238
2176
2129
2072
2011
1968
1997
1935
1922
1891
1882
1894
1886
1900
1929
1916
1923
1907
1923
1933
1936
1958
1963
1984
2012
2031
2052
2092
2147
2150
2175
2216
2242
2274
2304
2303
2313
2336
2322
2323
2282
2275
2248
2225
2183
2134
2101
2096
2045
2036
2006
1987
1941
1915
1891
1921
1872
1884
1873
1903
1928
1954
1996
2035
2068
2059
2088
2127
2160
2202
2230
2251
2281
2314
2316
2338
2312
2310
2309
2296
2255
2219
2187
2159
2102
2052
2034
2054
2042
2024
2006
1998
2008
2044
2038
2074
2111
2158
2167
2165
2140
2168
2194
2226
2227
2210
2152
2093
1991
1937
1882
1851
1831
1814
1749
1682
1656
1673
1756
1868
1996
2087
2104
2039
1998
1995
2021
2084
2118
2132
2119
2079
2056
2062
2089
2051
2043
2000
2000
2043
2090
2129
2196
2174
2183
2186
2223
2303
2343
2352
2320
2263
2211
2163
2166
2157
2127
2076
1988
1843
1734
1635
1554
1529
1530
1531
1550
1565
1586
1660
1758
1915
2141
2378
2618
2770
2873
2942
2986
3058
3094
3092
2960
2785
2531
2284
2020
1807
1644
1518
1402
1274
1198
1135
1119
1168
1245
1403
1598
1790
1979
2139
2295
2431
2572
2729
2867
2910
2888
2820
2704
2572
2500
2471
2386
2285
2171
2048
1954
1888
1825
1764
1721
1691
1656
1657
1682
1738
1775
1950
2014
2080
2147
2241
2326
2422
2459
2505
2538
2525
2511
2422
2317
2240
2130
1993
1869
1772
1671
1624
1597
1606
1644
1714
1807
1925
2073
2197
2320
2458
2558
2630
2665
2689
2640
2542
2429
2288
2124
1946
1806
1679
1561
1476
1453
1440
1497
1595
1761
1897
2099
2282
2495
2659
2800
2948
3024
3060
3055
2964
2853
2659
2450
2229
1987
1743
1566
1377
1245
1176
1178
1220
1337
1501
1671
1855
2048
2229
2385
2508
2587
2608
2573
2508
2416
2312
2183
2050
1892
1763
1655
1596
1588
1592
1634
1723
1842
1972
2129
2263
2373
2460
2517
2547
2528
2455
2352
2229
2104
1960
1832
1714
1645
1588
1569
1601
1688
1812
1938
2097
2247
2375
2472
2550
2542
2514
2427
1915
2045
2207
2387
2520
2656
2752
2804
2786
2707
2584
2433
2202
1981
1799
1618
1489
1389
1403
1450
1588
1780
1911
2029
2102
2115
2067
2038
2004
2018
2009
2088
2139
2212
2270
2284
2283
2251
2184
2096
2018
1928
1861
1778
1687
1559
1508
1456
1529
1679
1877
2133
2362
2538
2655
2745
2758
2744
2696
2672
2647
2624
2562
2509
2452
2410
2349
2318
2238
2084
1974
1771
1573
1385
1242
1213
1253
1424
1670
1907
2178
2394
2574
2677
2723
2734
2707
2685
2659
2586
2538
2421
2276
2128
1975
1819
1720
1691
1721
1763
1772
1769
1702
1585
1461
1413
1470
1651
1901
2174
2392
2459
2434
2324
2232
2175
2164
2183
2224
2175
1986
1747
1554
1407
1425
1606
1843
2098
1433
1480
1564
1644
1756
1877
2027
2118
2230
2299
2391
2468
2529
2602
2651
2642
2640
2581
2431
2319
2147
1952
1771
1617
1449
1354
1355
1433
1544
1725
1937
2151
2392
2564
2733
2861
2925
2924
2842
2730
2582
2406
2213
1996
1847
1711
1583
1494
1477
1459
1455
1516
1606
1705
1815
1931
2063
2221
2370
2499
2531
2573
2582
2518
2446
2344
2206
2081
1952
1872
1788
1785
1784
1791
1849
1882
1941
1973
2017
2061
2063
2108
2175
2244
2310
2326
2374
2396
2438
2424
2397
2396
2336
2266
2168
2080
1949
1825
1706
1614
1558
1536
1577
1666
1794
1951
2157
2322
2516
2640
2693
2694
2644
2512
2364
2130
1896
1656
1464
1337
1259
1281
1398
1560
1789
2032
2316
2567
1569
1588
1652
1792
1954
2171
2365
2526
2657
2720
2721
2644
2515
2302
2088
1909
1739
1600
1542
1579
1671
1862
2014
2188
2335
2406
2415
2391
2320
2268
2228
2270
2375
2516
2632
2762
2815
2818
2686
2485
2187
1820
1442
1112
884
819
901
1067
1333
1693
2040
2341
2627
2788
2884
2896
2786
2659
2505
2360
2204
2073
1954
1853
1769
1708
1669
1646
1629
1602
1531
1455
1418
1393
1494
1611
1864
2155
2457
2717
2904
2951
2886
2725
2514
2314
2143
2040
2006
1985
2003
1988
1980
1940
1894
1863
1836
1843
1859
1858
1879
1844
1841
1881
1997
2156
2330
2464
2561
2513
2357
2141
1856
1600
1420
1310
1306
1447
1647
1909
2229
2555
2893
3144
3351
3452
3413
3291
2092
2283
2490
2681
2846
2959
2977
2960
2828
2650
2465
2280
2071
1969
1899
1879
1908
1939
2002
2099
2239
2374
2522
2670
2771
2851
2927
2964
2979
2916
2794
2618
2392
2121
1846
1599
1374
1176
1024
892
841
836
876
987
1122
1309
1547
1749
2016
2233
2466
2678
2854
2998
3042
3042
2984
2844
2659
2482
2319
2189
2099
2016
1960
1934
1896
1901
1932
1965
2056
2136
2247
2393
2500
2556
2588
2547
2491
2359
2194
2045
1873
1699
1574
1445
1360
1284
1270
1264
1298
1345
1403
1471
1564
1690
1822
1982
2168
2354
2516
2668
2792
2867
2868
2841
2802
2732
2666
2569
2484
2415
2375
2335
2297
2261
2204
2171
2074
1977
1862
1760
1651
1533
1456
1413
1368
1370
2379
2027
1760
1567
1436
1338
1292
1231
1245
1239
1248
1272
1248
1237
1229
1222
1243
1320
1472
1690
1962
2299
2643
2917
3147
3271
3284
3237
3072
2816
2561
2272
2058
1873
1759
1751
1831
1959
2122
2312
2463
2629
2684
2641
2506
2299
2020
1708
1367
1105
909
820
864
1048
1340
1662
2016
2349
2646
2907
3044
3150
3170
3109
3005
2813
2552
2228
1923
1608
1372
1202
1088
1050
1077
1147
1273
1425
1609
1809
2003
2184
2400
2584
2744
2936
3108
3248
3308
3318
3242
3041
2780
2457
2085
1660
1221
808
451
233
160
225
431
773
1220
1756
2290
2779
3196
3498
3646
3641
3527
3347
3096
2827
2570
2337
2145
2000
1928
1916
1886
1864
1871
1831
1781
1715
1646
1744
1909
2086
2243
2388
2471
2527
2550
2523
2506
2454
2422
2349
2246
2084
1856
1619
1406
1193
1003
827
669
560
532
557
697
939
1250
1625
2010
2425
2830
3173
3441
3673
3776
3826
3757
3600
3372
3093
2779
2458
2130
1809
1546
1353
1228
1172
1179
1215
1286
1405
1571
1725
1915
2082
2254
2431
2558
2635
2645
2632
2556
2409
2265
2136
2005
1932
1877
1870
1896
1967
2026
2143
2249
2425
2595
2782
2976
3110
3224
3260
3180
3067
2912
2700
2478
2209
1875
1533
1128
739
405
154
69
82
218
460
747
1042
1360
1677
1956
2236
2528
2829
3067
3214
3256
3261
3154
3013
2868
2688
2561
2406
2256
2107
1959
1830
1750
1724
1754
1865
2075
2319
2409
2303
2123
1910
1698
1534
1468
1470
1577
1766
1980
2171
2380
2561
2754
2886
3025
3140
3184
3175
3120
3019
2840
2660
2436
2191
1980
1737
1534
1312
1106
918
793
719
745
848
1019
1236
1467
1712
1925
2127
2320
2563
2814
3012
3162
3241
3235
3178
3059
2879
2652
2374
2030
1652
1320
1020
814
664
618
645
782
1010
1343
1720
2151
2550
2960
3292
3547
3744
3844
3823
3662
3352
2896
2346
1764
1177
671
246
2
1
1
76
405
861
1386
1966
2584
3156
3733
4095
4095
4095
4095
4095
4095
3758
2985
2081
1203
391
3
1
2
0
1
2
212
963
1749
2528
3200
3759
4095
4095
4095
4009
3665
3268
2875
2559
2364
2252
2247
2296
4095
4095
3945
3639
3254
2799
2300
1778
1233
680
154
0
1
1
0
0
0
0
0
0
0
0
1
171
809
1475
2165
2839
3459
4038
4095
4095
4095
4095
4095
4095
4095
4095
4095
4095
4095
4095
3906
3318
2706
2071
1441
824
280
1
0
0
1
1
0
0
1
0
0
19
465
979
1480
1978
2484
2993
3448
3860
4095
4095
4095
4095
4095
4095
4095
3947
3493
3000
2496
1990
1526
1099
727
433
188
34
3
6
71
265
527
879
1273
1709
2160
2619
3077
3467
3832
4095
4095
4095
4095
4095
4095
4095
4095
3815
3452
3047
2588
2118
1601
1091
560
82
1
1
0
1
0
0
2
0
1
1
1
1
