2060
2070
2072
2068
2070
2067
2087
2083
2089
2078
2081
2079
2071
2065
2078
2070
2080
2071
2078
2075
2076
2080
2084
2075
2070
2060
2072
2057
2062
2063
2067
2058
2052
2059
2064
2042
2048
2047
2055
2047
2056
2064
2065
2056
2078
2069
2072
2085
2088
2092
2085
2102
2105
2100
2116
2110
2113
2121
2114
2116
2110
2124
2120
2106
2109
2114
2110
2120
2107
2116
2115
2116
2119
2116
2104
2107
2110
2107
2105
2093
2110
2107
2111
2096
2094
2094
2101
2104
2098
2102
2096
2092
2106
2096
2100
2091
2091
2082
2092
2100
2095
2099
2097
2088
2102
2084
2080
2100
2086
2086
2087
2097
2093
2087
2094
2100
2088
2081
2099
2098
2091
2085
2088
2087
2077
2095
2096
2096
1987
1987
1975
1965
1980
1986
1997
2003
2014
2020
2040
2053
2070
2080
2072
2095
2102
2137
2144
2153
2166
2175
2186
2168
2167
2164
2172
2152
2147
2143
2138
2136
2120
2112
2100
2109
2083
2085
2077
2075
2057
2049
2054
2066
2065
2076
2077
2076
2074
2087
2084
2101
2094
2107
2098
2090
2083
2090
2088
2095
2085
2091
2088
2072
2065
2074
2069
2058
2062
2057
2068
2052
2058
2075
2079
2060
2075
2079
2084
2090
2106
2110
2110
2116
2121
2136
2143
2135
2143
2151
2152
2147
2149
2141
2129
2126
2123
2119
2114
2116
2105
2092
2109
2091
2096
2082
2074
2083
2080
2078
2082
2076
2085
2079
2081
2075
2080
2087
2089
2077
2098
2105
2116
2122
2123
2148
2153
2154
1990
1957
1938
1928
1959
2008
2059
2096
2113
2114
2094
2071
2039
2015
2002
2030
2079
2109
2133
2129
2105
2081
2067
2053
2072
2095
2112
2121
2115
2102
2100
2105
2143
2172
2191
2176
2129
2044
1970
1917
1933
1985
2059
2117
2161
2173
2163
2155
2165
2170
2168
2123
2088
2042
2016
2013
2036
2069
2087
2070
2031
2021
2028
2079
2115
2147
2176
2195
2240
2267
2266
2227
2163
2068
1994
1969
2006
2059
2119
2163
2189
2237
2282
2291
2263
2203
2102
2037
2018
2020
2046
2043
2025
2003
2013
2039
2076
2094
2088
2077
2103
2158
2228
2267
2257
2172
2104
2069
2081
2097
2109
2125
2128
2139
2162
2152
2097
2006
1928
1922
1988
2083
2172
2214
2203
2180
2160
2125
1975
2067
2168
2245
2273
2234
2168
2112
2068
2053
2059
2078
2089
2079
2070
2090
2104
2149
2184
2191
2166
2153
2106
2075
2028
1992
1977
1979
2031
2085
2115
2130
2142
2128
2137
2117
2085
2054
2040
2049
2100
2176
2243
2246
2196
2135
2048
1980
1954
1975
2003
2049
2088
2113
2125
2121
2077
2026
1985
1977
1988
2058
2123
2167
2180
2188
2179
2152
2095
2042
2004
2011
2050
2097
2113
2098
2073
2079
2107
2150
2193
2201
2216
2219
2217
2182
2130
2066
2022
2020
2056
2116
2164
2190
2186
2162
2125
2090
2061
2028
2017
2017
2053
2070
2098
2089
2057
2032
2035
2062
2101
2107
2091
2060
2018
2002
2001
1991
2013
2048
2118
2175
2204
2171
2097
2032
1978
1946
2074
1988
1940
1974
2036
2074
2100
2141
2173
2143
2118
2114
2112
2081
2001
1980
2001
1999
2008
2030
2082
2099
2085
2053
1992
1925
1919
2046
2232
2330
2304
2224
2174
2105
2126
2220
2310
2236
2072
1987
2019
2052
2061
2073
2119
2136
2123
2130
2120
1997
1816
1741
1836
2032
2171
2228
2251
2247
2215
2157
2114
2054
1980
1901
1899
2024
2150
2179
2177
2173
2188
2168
2112
1999
1869
1786
1821
1952
2168
2328
2378
2315
2236
2161
2118
2088
2022
1926
1875
1887
1951
2061
2160
2225
2221
2179
2096
2007
1928
1934
2049
2168
2212
2187
2148
2131
2119
2148
2155
2071
1918
1826
1882
2016
2163
2328
2410
2355
2239
2139
2110
2057
2043
2038
2002
1936
1951
2093
2232
2232
2132
1963
1828
1800
1906
2072
2252
2333
2304
2174
2010
1899
1901
1995
2150
2265
2310
2252
2114
1964
1884
1930
2051
2194
2299
2292
2214
2096
2001
1950
1977
2058
2133
2179
2195
2180
2136
2097
2081
2064
2061
2068
2078
2093
2092
2105
2119
2118
2128
2117
2099
2082
2094
2120
2156
2188
2188
2148
2074
1999
1922
1910
1946
2038
2168
2281
2318
2265
2152
2010
1930
1935
2021
2140
2233
2251
2213
2135
2049
2016
2018
2066
2107
2102
2072
2041
2040
2095
2159
2208
2212
2144
2036
1942
1913
1966
2078
2211
2274
2261
2183
2071
2000
1986
2034
2104
2167
2186
2147
2061
1968
1914
1925
1982
2098
2206
2297
2328
2285
2165
2048
1930
1876
1894
1997
2138
1746
1900
2059
2169
2244
2282
2275
2181
2014
1932
1950
1943
1840
1802
1904
2066
2153
2222
2316
2363
2217
1990
1875
1930
2024
2121
2212
2282
2322
2328
2320
2264
2154
1985
1856
1847
2012
2176
2252
2304
2336
2331
2204
2060
1998
2007
2047
2111
2212
2301
2339
2324
2233
2045
1845
1754
1729
1683
1668
1792
2044
2278
2402
2378
2306
2278
2215
2095
1947
1878
1816
1791
1931
2185
2375
2434
2473
2436
2228
1935
1739
1751
1921
2080
2167
2249
2280
2169
2026
1989
2079
2152
2180
2143
2011
1873
1804
1811
1965
2232
2463
2456
2204
1956
1882
1890
1896
1961
2135
2297
2340
2310
2291
2202
2032
1851
1807
1872
2029
2228
2400
2552
2586
2363
2051
1884
1924
1927
2196
2014
1837
1727
1759
1892
2132
2343
2443
2397
2194
1939
1699
1592
1664
1881
2151
2371
2473
2418
2261
2048
1855
1742
1766
1928
2148
2366
2487
2456
2319
2119
1904
1763
1702
1771
1931
2129
2312
2423
2423
2332
2160
1954
1749
1627
1635
1801
2074
2380
2589
2648
2562
2310
2022
1764
1658
1721
1914
2188
2406
2514
2476
2341
2144
1941
1813
1816
1907
2107
2316
2476
2539
2441
2259
2002
1773
1673
1731
1908
2166
2402
2507
2462
2284
2021
1753
1572
1501
1598
1828
2139
2417
2600
2621
2482
2216
1918
1680
1550
1628
1870
2214
2509
2682
2625
2380
2048
1766
1619
1647
1808
2054
2247
2354
2349
2230
2056
1867
1705
1668
1740
1948
2238
2498
2619
2521
2250
1797
1856
2062
2274
2385
2416
2382
2274
2084
1935
1956
2129
2317
2395
2356
2294
2211
2052
1809
1706
1880
2167
2289
2146
1966
1941
2019
2014
1906
1888
2043
2209
2180
1953
1829
1996
2302
2419
2283
2038
1946
1971
2006
1974
1992
2095
2222
2217
2076
1946
2004
2247
2527
2624
2402
2047
1847
1925
2110
2173
2159
2293
2586
2754
2546
2068
1685
1624
1760
1880
1877
1842
1903
2144
2484
2759
2802
2503
2005
1532
1303
1403
1746
2115
2354
2438
2428
2416
2384
2269
2016
1715
1490
1478
1732
2163
2603
2876
2849
2518
2019
1571
1330
1336
1570
1906
2253
2510
2658
2652
2498
2212
1918
1666
1526
1562
1751
2038
2330
2523
2574
2527
2392
2206
2022
1876
1837
1887
1906
1949
1928
1868
1808
1798
1868
1923
1946
2007
2156
2334
2403
2363
2372
2561
2888
3142
3196
3043
2819
2556
2230
1888
1638
1567
1675
1880
2145
2396
2527
2414
2059
1620
1320
1235
1253
1319
1536
1973
2520
2898
2887
2565
2162
1945
1875
1932
2118
2484
2947
3277
3253
2884
2289
1638
1064
694
648
928
1435
1990
2482
2863
3068
3029
2724
2261
1884
1692
1590
1449
1301
1355
1740
2318
2778
2962
2945
2884
2817
2598
2131
1542
1092
1003
1190
1485
1760
2054
2329
2470
2392
2074
1704
1523
1660
2102
2662
3136
3355
3186
2721
2182
1687
1292
1016
948
1209
1723
2240
2570
2741
2765
2653
2314
1785
1225
916
976
1265
1617
1978
2436
2983
3412
3507
3265
564
392
818
1732
2808
3614
3884
3528
2711
1722
902
577
815
1526
2410
3072
3288
3006
2384
1760
1417
1503
1903
2360
2629
2613
2396
2164
2046
2044
2080
2047
1936
1756
1557
1449
1493
1732
2101
2528
2845
2977
2866
2537
2112
1727
1506
1463
1577
1767
2011
2292
2520
2620
2538
2292
1988
1685
1548
1622
1857
2157
2433
2612
2664
2595
2409
2102
1713
1358
1210
1363
1873
2548
3113
3328
3032
2368
1562
918
646
888
1570
2495
3334
3846
3850
3308
2358
1284
420
150
648
1735
3016
3992
4095
3804
2629
1170
1
1
1
1029
2550
3922
4095
4095
3659
2191
665
1
3
448
1902
3400
4095
4095
3691
2426
1041
39
3
137
1073
2224
3231
3785
2649
2106
1614
1312
1223
1336
1775
2428
3144
3588
3512
2896
1987
1129
596
455
590
904
1405
2140
2970
3628
3848
3631
3088
2505
2040
1758
1526
1327
1295
1427
1722
1958
2002
1794
1528
1356
1427
1765
2336
3003
3602
3943
3834
3249
2342
1364
592
205
261
625
1160
1808
2440
2891
3030
2912
2680
2478
2434
2421
2324
2178
2066
2030
2103
2223
2284
2248
2122
2021
1923
1763
1609
1553
1691
1976
2394
2769
2952
2836
2417
1866
1357
1109
1221
1641
2248
2792
3079
2991
2604
2109
1713
1486
1326
1212
1124
1163
1397
1731
2103
2417
2768
3205
3611
3846
3724
3283
2582
1857
1218
769
440
262
331
706
1317
2026
2706
3309
3878
4095
4095
4095
4095
3967
1984
1862
1810
1810
1929
2118
2321
2435
2461
2360
2203
2080
2064
2170
2354
2529
2668
2740
2731
2667
2553
2358
2114
1826
1570
1400
1408
1578
1876
2220
2546
2772
2904
2955
2957
2890
2744
2500
2144
1744
1390
1156
1144
1294
1610
1994
2399
2759
3037
3187
3160
2893
2448
1874
1273
774
476
421
604
967
1429
1932
2424
2833
3130
3199
3051
2660
2105
1475
902
523
396
548
933
1498
2152
2816
3358
3694
3750
3536
3098
2495
1866
1292
903
635
604
782
1172
1696
2246
2696
2976
3026
2921
2744
2548
2382
2235
2115
1990
1905
1900
1945
2018
2074
2052
1937
1726
1519
1368
1358
1516
1816
2263
2734
3164
3416
3453
3236
2772
2139
1455
866
512
515
2
2
2
4
1
3
1
2
3
799
2231
3656
4095
4095
4095
4095
4095
4095
4095
4095
4095
4095
4095
4095
4095
4095
3158
1991
848
2
1
1
3
1
1
2
2
0
2
1
2
3
2
1
694
1530
2299
3025
3663
4095
4095
4095
4095
4095
4095
4095
4095
4095
4095
4095
4095
4095
4095
3859
3181
2536
1904
1292
717
171
2
1
2
2
2
1
2
1
3
3
2
141
532
938
1348
1767
2177
2589
2984
3347
3652
3898
4001
4028
3922
3681
3382
2990
2568
2096
1636
1186
783
433
166
1
1
1
4
60
314
634
978
1401
1845
2324
2810
3324
3862
4095
4095
4095
4095
4095
4095
4095
4095
4095
104
74
88
168
286
461
668
912
1190
1487
1807
2136
2477
2838
3180
3549
3906
4095
4095
4095
4095
4095
4095
4095
4095
4095
4095
4095
4095
4095
4095
4095
4095
4095
4095
4095
4095
4095
4095
4095
4095
4095
4095
4095
3557
2806
2033
1282
555
1
2
2
0
2
1
4
2
3
3
2
1
1
1
2
3
0
3
2
1
3
1
4
1
66
655
1267
1842
2388
2869
3294
3676
3994
4095
4095
4095
4095
4095
4095
4095
4095
4095
4095
4095
4095
4095
3887
3695
3483
3283
3096
2912
2746
2590
2432
2301
2184
2077
1977
1897
1825
1776
1737
1671
1650
1614
1596
1597
1587
1581
1582
1610
1641
1692
1738
1796
1880
1974
2065
