2111
2086
2099
2072
2081
2099
2079
2082
2069
2075
2063
2059
2063
2071
2070
2085
2066
2098
2062
2080
2082
2092
2083
2094
2078
2089
2094
2086
2084
2100
2109
2132
2134
2144
2122
2132
2125
2118
2117
2116
2145
2164
2123
2129
2121
2117
2101
2085
2084
2120
2078
2075
2087
2084
2104
2079
2043
2034
2062
2046
2071
2087
2085
2065
2063
2051
2060
2063
2072
2093
2072
2069
2058
2050
2072
2084
2075
2072
2066
2085
2068
2066
2068
2055
2048
2060
2063
2072
2077
2089
2102
2085
2096
2101
2084
2096
2103
2096
2100
2102
2117
2131
2120
2136
2133
2118
2105
2101
2132
2136
2120
2106
2109
2113
2111
2130
2092
2096
2108
2104
2126
2131
2105
2109
2105
2101
2109
2102
2054
2043
2029
2060
2054
2063
2071
2064
2075
2087
2098
2106
2115
2117
2096
2108
2124
2115
2113
2122
2124
2136
2133
2144
2150
2159
2173
2146
2139
2165
2148
2145
2145
2161
2137
2112
2103
2091
2085
2086
2056
2082
2065
2030
2024
2010
2019
2027
2012
2007
2004
2030
2020
2008
2018
2016
2023
2016
2021
2034
2053
2062
2074
2071
2088
2104
2101
2115
2119
2142
2141
2150
2139
2152
2163
2161
2155
2136
2136
2146
2152
2141
2146
2148
2125
2103
2103
2079
2082
2064
2061
2066
2040
2061
2034
2015
2015
2020
2020
2021
2018
2041
2030
2039
2050
2040
2072
2073
2071
2098
2082
2096
2102
2115
2124
2143
2144
2119
2136
2161
2162
2175
2153
2151
2163
2164
2139
2155
2118
2111
2098
2091
2068
2077
2103
2099
2111
2080
2074
2079
2091
2084
2079
2061
2061
2069
2065
2045
2050
2050
2067
2079
2098
2120
2119
2147
2136
2133
2100
2120
2123
2084
2089
2110
2091
2100
2121
2118
2112
2119
2129
2089
2093
2099
2067
2058
2048
2060
2088
2114
2098
2103
2136
2134
2128
2113
2082
2082
2079
2080
2053
2074
2075
2067
2093
2079
2076
2113
2123
2129
2105
2107
2105
2102
2089
2092
2098
2104
2111
2123
2118
2125
2144
2160
2135
2124
2112
2100
2078
2083
2079
2048
2057
2052
2039
2035
2044
2040
2039
2076
2079
2089
2104
2097
2102
2088
2117
2140
2158
2157
2165
2168
2169
2149
2102
2044
2033
2021
2029
2013
2074
2109
2107
2153
2141
2168
2057
2053
2056
2069
2073
2094
2104
2082
2087
2094
2105
2110
2116
2106
2096
2069
2059
2062
2059
2074
2072
2084
2098
2100
2101
2115
2122
2150
2150
2121
2127
2126
2119
2134
2096
2104
2125
2110
2087
2097
2091
2070
2069
2058
2093
2096
2114
2103
2097
2124
2106
2110
2111
2080
2068
2070
2084
2073
2091
2076
2095
2091
2075
2075
2069
2082
2110
2116
2116
2126
2146
2136
2115
2133
2089
2054
2056
2012
2030
2047
2070
2109
2132
2157
2177
2165
2167
2123
2100
2061
2019
2010
2046
2030
2062
2082
2077
2077
2120
2118
2136
2152
2130
2103
2102
2080
2096
2101
2094
2089
2074
2089
2074
2080
2092
2069
2093
2123
2117
2112
2120
2135
2131
2116
2068
2066
2044
2051
2170
2142
2139
2151
2156
2148
2158
2134
2105
2062
2017
2007
1981
1968
1984
2060
2123
2157
2133
2084
2036
2026
2039
2099
2127
2159
2171
2146
2149
2153
2135
2111
2117
2134
2108
2038
2015
1997
1993
2005
2049
2088
2134
2146
2165
2140
2182
2207
2187
2165
2125
2081
2015
1957
1934
1987
2057
2100
2085
2069
2060
2075
2083
2104
2129
2096
2076
2038
2021
2064
2096
2130
2150
2193
2186
2147
2138
2100
2074
2048
2021
2012
1989
1985
2020
2103
2175
2199
2168
2153
2190
2227
2195
2151
2080
2020
1999
2011
2037
2101
2166
2168
2132
2103
2077
2126
2147
2097
2027
1975
1980
2019
2051
2117
2155
2160
2108
2066
2042
2032
2042
2029
2046
2099
2087
2068
2141
2212
2091
2125
2142
2158
2175
2146
2108
2052
2018
1976
1988
2010
2070
2107
2123
2153
2170
2166
2142
2123
2084
2055
2071
2052
2054
2066
2111
2113
2108
2135
2144
2159
2117
2101
2078
2069
2064
2059
2061
2083
2117
2118
2103
2078
2035
2042
2020
2011
2033
2115
2122
2159
2158
2138
2119
2081
2058
2072
2116
2097
2090
2076
2080
2082
2089
2089
2085
2119
2113
2118
2087
2068
2061
2082
2093
2125
2112
2127
2099
2076
2061
2012
2037
2045
2096
2155
2167
2151
2160
2074
2032
1997
1988
2025
2081
2113
2160
2185
2134
2091
2034
2033
2044
2078
2096
2094
2118
2116
2104
2083
2091
2084
2091
2157
2137
2147
2100
2082
2044
2027
2048
2064
2093
2145
2181
2172
2138
2100
2001
2018
2011
2083
2111
2125
2136
2129
2096
2115
2148
2185
2174
2153
2142
2105
2059
2015
1984
1995
2058
2094
2154
2198
2214
2191
2122
2071
2031
2034
2009
2002
2056
2124
2161
2213
2196
2169
2105
2097
2053
2065
2058
2051
2070
2102
2154
2190
2218
2199
2144
2060
2021
1995
2006
2043
2066
2138
2164
2164
2147
2119
2075
2040
2023
2042
2073
2101
2144
2150
2164
2179
2175
2169
2179
2119
2093
2099
2111
2093
2097
2094
2098
2102
2094
2041
2030
2034
2032
2063
2101
2131
2154
2169
2142
2111
2105
2098
2064
2056
2097
2110
2095
2091
2067
2060
2063
2062
2051
2074
2065
2077
2087
2076
2070
2076
2089
2112
2160
2188
2142
2119
2094
2056
2016
2000
2017
2045
2061
2057
2038
2054
2076
2064
2100
2142
2181
2152
2111
2085
2104
2129
2123
2150
2128
2111
2058
2011
1983
1998
2055
2100
2144
2129
2098
2068
2077
2078
2077
2124
2122
2120
2147
2158
2153
2160
2123
2070
2025
1981
2008
2026
2074
2128
2132
2126
2081
2054
2034
2039
2033
2069
2096
2131
2144
2188
2203
2201
2117
2040
1980
1931
1951
1980
2035
2106
2176
2224
2235
2228
2218
2160
2063
2011
1972
2002
2076
2166
2212
2226
2207
2188
2120
2085
2000
1964
1942
1975
2024
2095
2116
2115
2102
2093
2111
2101
2110
2114
2104
2067
2021
2022
2051
2098
2142
2166
2190
2152
2114
2045
1972
1937
1929
1972
2056
2147
2186
2217
2199
2184
2118
2074
2052
2034
2053
2038
2166
2059
2027
2032
2042
2035
2062
2130
2185
2223
2233
2192
2134
2112
2082
2030
1964
1968
1996
2001
2037
2130
2207
2232
2188
2133
2073
2035
2032
2023
2045
2098
2123
2170
2151
2094
2048
2016
2049
2079
2067
2034
2136
2239
2278
2235
2121
2040
2055
2072
2055
2039
2098
2168
2216
2232
2145
2052
1963
1945
1954
2013
2057
2144
2200
2282
2328
2263
2128
1914
1816
1862
1991
2091
2113
2095
2097
2092
2095
2092
2080
2110
2129
2090
1997
1939
1926
1978
2070
2190
2229
2194
2102
2041
2048
2075
2118
2132
2137
2092
2077
2084
2129
2165
2131
2085
2037
1986
2011
2094
2158
2216
2217
2183
2096
2067
2064
2074
2123
2120
2078
2057
2038
2069
2108
2103
2121
2153
2102
2113
2129
2144
2133
2139
2208
2322
2311
2216
2069
1947
1892
1871
1873
1931
2040
2133
2178
2174
2192
2232
2222
2217
2206
2166
2132
2077
1980
1946
1984
1986
1968
2002
2069
2139
2150
2085
2027
2028
2029
1980
2016
2147
2323
2391
2308
2153
2068
2008
1920
1812
1780
1816
1907
1925
1900
1987
2182
2375
2468
2469
2449
2328
2127
1883
1742
1712
1761
1754
1793
1895
1962
2044
2102
2178
2289
2381
2378
2279
2207
2116
2026
1961
1989
2056
2078
1987
1934
1952
1986
2017
2022
2067
2196
2247
2234
2166
2184
2267
2260
2159
2010
1882
1911
2006
2037
2088
2179
2262
2236
2143
2095
2144
2157
2081
1977
1912
1987
2100
2182
2325
2506
2552
2392
2089
1846
1849
2339
2184
2014
1880
1836
1865
1961
2147
2265
2341
2313
2209
2072
1973
1909
1964
2068
2222
2351
2363
2311
2157
1965
1847
1807
1877
2032
2228
2393
2459
2418
2277
2113
1943
1816
1776
1833
1964
2106
2200
2207
2175
2079
1997
1932
1919
1977
2073
2143
2212
2248
2208
2128
2014
1919
1891
1929
1980
2089
2216
2293
2324
2308
2221
2110
1986
1886
1862
1889
1984
2099
2284
2401
2424
2342
2228
2050
1939
1829
1817
1879
2023
2123
2205
2261
2254
2179
2065
1979
1928
1927
1971
2036
2124
2189
2236
2237
2239
2193
2165
2080
2004
1920
1862
1831
1856
1938
2090
2222
2317
2392
2387
2305
2159
1987
1818
1798
1859
2025
2193
2364
2413
2415
2301
2172
2047
1946
1933
2375
2582
2683
2603
2464
2212
1975
1743
1538
1500
1596
1811
2113
2334
2368
2279
2156
2027
1887
1769
1721
1855
2004
2041
1946
1810
1793
1916
1989
2070
2271
2568
2773
2790
2600
2387
2158
1904
1717
1657
1743
1861
1926
1997
2150
2333
2433
2476
2558
2742
2898
2772
2508
2215
2023
1869
1687
1592
1711
1952
2205
2245
2093
1938
1775
1729
1742
1767
1809
1840
1944
2007
2051
2000
1891
1902
2095
2259
2358
2373
2361
2362
2289
2114
1943
1922
2020
2150
2314
2426
2510
2476
2345
2180
2060
1896
1789
1745
1901
2126
2254
2203
2134
2103
2124
2017
1831
1750
1885
2078
2145
2106
2099
2254
2345
2249
2039
1935
2006
2113
2092
2014
2033
2143
2183
2122
2009
2024
2341
2049
1782
1597
1507
1536
1663
1855
2040
2204
2324
2374
2358
2286
2199
2160
2115
2132
2161
2229
2295
2287
2201
2094
1964
1876
1822
1881
1960
2138
2362
2554
2682
2678
2538
2247
1877
1514
1227
1048
1076
1333
1764
2287
2793
3150
3306
3217
2858
2350
1743
1191
834
727
906
1331
1884
2499
3027
3384
3469
3332
2964
2442
1828
1296
909
770
890
1177
1630
2057
2449
2740
2858
2826
2687
2500
2249
2045
1869
1710
1629
1630
1724
1846
1999
2172
2317
2374
2356
2329
2281
2280
2302
2371
2437
2503
2504
2439
2288
2075
1818
1568
1396
1361
1445
1663
2009
2346
2596
2798
2883
2853
2711
2465
2172
1829
1546
1334
1223
1229
1322
1504
1825
2179
2526
2801
2180
2162
2056
1976
2068
2320
2540
2579
2426
2202
2012
1948
1945
1919
1878
1888
2040
2336
2588
2730
2630
2359
2079
1833
1690
1600
1566
1602
1744
2007
2336
2642
2809
2797
2631
2413
2203
2058
1897
1686
1373
1120
962
990
1274
1696
2140
2562
2826
2981
3004
2936
2801
2580
2348
2115
1924
1889
1898
1947
2041
2133
2217
2230
2224
2146
2045
1860
1654
1439
1261
1223
1349
1637
1968
2293
2514
2713
2863
3016
3130
3179
3003
2584
1980
1414
996
881
1041
1351
1692
1984
2165
2286
2407
2483
2535
2519
2431
2264
2110
2077
2160
2380
2628
2736
2636
2361
2033
1745
1559
1513
1542
1554
1540
1515
1639
1895
2296
2665
2908
3000
2912
2681
2398
2127
1943
1809
1256
1544
1857
2174
2486
2759
2993
3131
3208
3221
3160
3023
2862
2668
2392
2118
1820
1503
1180
869
592
416
305
265
347
561
870
1289
1805
2335
2900
3426
3911
4095
4095
4095
4095
4095
4095
4027
3607
3121
2616
2071
1531
980
464
26
1
0
1
1
7
475
1141
1796
2439
2965
3376
3614
3717
3650
3519
3292
3025
2720
2396
2013
1587
1117
611
117
0
1
1
2
1
139
695
1316
1909
2498
2972
3398
3736
4027
4095
4095
4095
4095
4095
3974
3537
3007
2461
1903
1421
1019
714
516
465
549
772
1126
1591
2114
2718
3264
3762
4095
4095
4095
4095
4095
4095
4095
3838
3300
2661
2005
1312
710
237
2
3
0
1
1
