2074
2058
2047
2064
2085
2084
2091
2085
2088
2088
2070
2082
2083
2083
2122
2125
2115
2113
2103
2112
2088
2092
2120
2086
2094
2098
2108
2087
2090
2086
2091
2086
2088
2080
2079
2080
2069
2077
2088
2106
2088
2087
2095
2083
2080
2103
2108
2096
2101
2104
2097
2122
2128
2113
2117
2093
2087
2087
2094
2099
2108
2105
2095
2093
2083
2085
2086
2087
2091
2088
2093
2083
2073
2078
2065
2073
2095
2072
2091
2072
2079
2068
2094
2093
2088
2074
2091
2066
2098
2100
2112
2100
2089
2100
2092
2100
2070
2095
2110
2085
2093
2117
2111
2115
2100
2116
2106
2098
2101
2103
2112
2125
2123
2137
2124
2107
2087
2099
2108
2103
2105
2096
2098
2087
2100
2094
2092
2079
2061
2074
2059
2061
2042
2056
2037
2046
2066
2071
2072
2063
2062
2098
2086
2072
2099
2091
2094
2079
2076
2099
2100
2102
2094
2100
2096
2114
2106
2104
2106
2103
2107
2093
2081
2107
2088
2089
2110
2112
2120
2100
2096
2104
2107
2133
2098
2060
2077
2112
2108
2094
2091
2100
2110
2100
2102
2100
2111
2114
2127
2131
2131
2133
2113
2113
2104
2116
2116
2102
2104
2110
2104
2097
2099
2100
2092
2092
2104
2093
2089
2091
2093
2090
2083
2071
2049
2064
2065
2098
2083
2068
2056
2069
2083
2099
2063
2078
2096
2091
2098
2094
2090
2092
2077
2078
2088
2098
2074
2075
2086
2065
2084
2079
2082
2089
2094
2088
2081
2096
2092
2099
2116
2115
2115
2127
2121
2110
2112
2103
2093
2064
2105
2077
2085
2072
2056
2090
2080
2080
2089
2057
2074
2078
2069
2090
2106
2089
2095
2104
2106
2112
2105
2093
2094
2088
2075
2074
2061
2080
2065
2045
2066
2070
2073
2053
2049
2054
2063
2075
2084
2099
2090
2107
2142
2114
2114
2124
2125
2115
2116
2074
2079
2080
2073
2061
2037
2050
2038
2046
2043
2057
2050
2060
2053
2108
2101
2120
2145
2157
2137
2141
2166
2146
2142
2126
2133
2107
2106
2089
2095
2059
2041
2041
2050
2053
2038
2044
2062
2057
2067
2063
2095
2102
2127
2113
2109
2112
2114
2144
2153
2144
2121
2132
2113
2125
2106
2071
2086
2095
2093
2107
2089
2107
2102
2067
2113
2125
2120
2148
2130
2130
2150
2144
2142
2147
2044
2033
2024
2002
2023
2044
2076
2092
2111
2128
2135
2133
2128
2144
2161
2160
2147
2155
2151
2136
2090
2084
2053
2060
2083
2085
2130
2147
2137
2156
2133
2117
2104
2098
2100
2088
2071
2053
2017
2012
2023
2074
2075
2089
2062
2059
2047
2060
2072
2082
2073
2068
2034
2014
1975
1975
1983
1970
1999
2045
2101
2114
2139
2148
2163
2170
2178
2176
2168
2133
2097
2086
2090
2080
2083
2078
2093
2123
2160
2151
2145
2135
2164
2188
2189
2153
2117
2086
2075
2013
1991
1977
1971
2014
2032
2079
2105
2098
2104
2108
2111
2088
2071
2085
2112
2128
2152
2121
2107
2092
2097
2054
2049
2053
2077
2098
2103
2084
2040
2061
2052
2066
2114
2131
2124
2165
2154
2128
2118
2104
2100
2074
2069
2078
2076
2093
2086
2089
2080
2095
2098
2080
2061
2037
2000
2002
2004
2007
2042
2078
2136
2180
2202
2203
2183
2143
2096
2031
1994
1967
1975
2024
2080
2113
2165
2181
2188
2176
2132
2115
2058
2057
2081
2085
2100
2122
2122
2119
2106
2083
2076
2059
2066
2090
2126
2142
2140
2141
2120
2102
2067
2040
2060
2065
2096
2111
2152
2171
2172
2158
2114
2062
2021
1982
1991
2001
2030
2060
2070
2121
2115
2123
2120
2113
2111
2093
2077
2078
2085
2062
2072
2058
2067
2060
2092
2091
2103
2096
2097
2096
2073
2035
2057
2067
2076
2115
2115
2155
2141
2166
2153
2146
2105
2079
2054
2016
1983
2017
2048
2082
2112
2126
2158
2168
2156
2140
2127
2121
2080
2050
2016
2044
2072
2112
2123
2090
2080
2029
2012
2048
2078
2124
2114
2136
2139
2110
2080
2072
2053
2079
2081
2082
2072
2063
2033
2080
2120
2151
2101
2101
2111
2081
2041
1980
1953
1987
1984
1998
2008
2016
2079
2074
2095
2120
2158
2167
2150
2125
2143
2188
2205
2200
2161
2120
2063
2034
2013
2066
2102
2164
2164
2154
2128
2072
2012
1929
1915
1930
1977
2066
2132
2194
2209
2192
2175
2178
2157
2103
2051
2000
2030
2065
2078
2095
2101
2101
2128
2139
2099
2076
2056
2096
2088
2130
2133
2147
2146
2120
2122
2133
2111
2100
2124
2150
2166
2167
2150
2123
2098
2074
2081
2046
2040
2026
2024
2038
2057
2046
2051
2083
2155
2168
2166
2178
2019
1999
1991
2016
2067
2105
2145
2150
2137
2100
2057
2015
1998
1992
2005
2022
2036
2058
2080
2060
2027
2017
2005
2006
2011
2027
2087
2136
2162
2179
2172
2135
2076
2040
2021
1983
2012
2049
2109
2172
2206
2218
2198
2128
2069
2036
1978
1959
1964
1971
2034
2093
2144
2194
2202
2214
2205
2208
2164
2153
2160
2154
2153
2157
2108
2076
2038
2002
2022
2055
2119
2174
2240
2247
2230
2176
2112
2020
1985
1975
2002
2054
2129
2187
2216
2226
2170
2118
2036
1992
1950
1947
1965
2039
2100
2156
2198
2192
2158
2147
2109
2087
2069
2072
2091
2106
2085
2096
2055
2036
2009
2018
2092
2123
2143
2152
2150
2147
2060
1999
1937
1903
1909
1956
2028
2081
2160
2177
2134
2130
2163
2175
2120
2038
2001
1992
1986
2000
2012
2014
2036
2067
2116
2190
2240
2269
2290
2255
2217
2176
2102
2021
1920
1878
1890
1916
1961
2052
2108
2169
2218
2243
2215
2172
2150
2094
2025
1948
1920
1930
1963
1993
2076
2141
2192
2181
2166
2149
2104
2079
2030
2020
2043
2045
2061
2122
2162
2205
2179
2135
2091
2057
2023
2031
2018
2008
2014
2072
2120
2142
2174
2158
2136
2118
2087
2044
2022
2031
2060
2029
2028
2069
2115
2168
2220
2229
2215
2180
2154
2132
2078
2029
1961
1973
1991
2064
2138
2166
2180
2200
2218
2197
2149
2095
2049
2022
2020
2042
2071
2076
2102
2091
2072
2056
2105
2143
2176
2154
2139
2171
2148
2119
2123
2089
2085
2057
2042
1975
1935
1920
1909
1950
2045
2132
2189
2202
2203
2194
2187
2177
2175
2162
2167
2213
2218
2254
2248
2203
2169
2133
2037
1962
1936
1953
2054
2137
2264
2349
2359
2331
2287
2171
2059
1937
1825
1778
1785
1877
2016
2157
2263
2328
2347
2295
2149
2026
1895
1870
1851
1867
1959
2079
2202
2289
2336
2309
2198
2101
2027
1963
1941
1937
1965
1993
2011
2053
2092
2089
2082
2037
1965
1890
1826
1803
1809
1920
2031
2136
2202
2220
2213
2177
2110
2095
2067
2056
2051
2089
2161
2201
2254
2270
2304
2310
2293
2277
2280
2268
2228
2170
2068
1995
1972
1988
2064
2118
2159
2149
2135
2109
2074
2064
2028
1990
2011
2021
2040
2101
2112
2105
2076
2032
2009
1996
2076
1983
2011
2076
2096
2074
1991
2020
2114
2194
2240
2182
2119
2041
1999
2009
2045
2044
2065
2087
2140
2207
2240
2249
2186
2127
2005
1961
1928
1927
1882
1906
2011
2093
2229
2302
2326
2287
2232
2176
2103
2002
1903
1868
1929
2006
2064
2109
2180
2227
2202
2124
2033
1938
1909
1950
2031
2070
2089
2110
2141
2225
2236
2194
2149
2089
2075
2039
2027
2004
1991
1990
2029
2088
2107
2096
2111
2139
2214
2272
2197
2079
1930
1856
1899
2045
2166
2257
2306
2334
2294
2195
2042
1976
1968
2037
2130
2183
2189
2127
2101
2078
2104
2154
2184
2187
2103
2010
1942
1944
2037
2117
2211
2210
2153
2089
2059
2081
2102
2113
2064
1975
1939
1937
1998
2113
2193
2208
1923
1877
1824
1865
1962
2120
2273
2382
2382
2278
2156
2038
1945
1924
1946
1977
2017
2108
2190
2251
2302
2303
2251
2175
2091
2052
2026
2068
2035
1981
1923
1862
1828
1840
1903
1961
2062
2163
2243
2237
2191
2152
2111
2040
1944
1939
2065
2242
2402
2468
2456
2408
2349
2215
2047
1954
1923
1951
1937
1880
1865
1852
1881
1916
1960
2090
2249
2388
2362
2245
2159
2094
2012
1971
1879
1926
2034
2217
2333
2405
2435
2431
2272
2033
1844
1755
1789
1872
1865
1831
1856
1860
1910
1958
2045
2200
2291
2327
2281
2233
2158
2129
2004
1929
1887
1922
2051
2220
2385
2482
2521
2385
2204
2028
1983
1956
1888
1740
1705
1782
1848
1844
1903
2064
2244
2294
2233
2218
1900
1997
2126
2163
2208
2199
2152
2086
2002
1938
1935
1972
2025
2060
2092
2116
2154
2147
2171
2140
2132
2119
2104
2105
2120
2149
2178
2205
2200
2203
2209
2157
2075
1999
1923
1883
1861
1882
1990
2096
2187
2254
2311
2234
2145
2064
1951
1886
1842
1847
1908
2028
2190
2281
2334
2375
2346
2256
2129
2025
1925
1856
1860
1933
2045
2143
2239
2299
2293
2239
2125
2049
1980
2002
2097
2244
2371
2501
2522
2470
2310
2095
1846
1664
1583
1649
1834
2101
2388
2573
2614
2515
2312
2026
1795
1654
1631
1695
1852
2008
2167
2269
2271
2200
2128
2060
2038
2088
2188
2251
2264
2189
2049
1896
1755
1699
1731
1839
2018
2236
2374
2406
2338
2174
1978
1837
1821
1902
2032
1980
1845
1805
1909
2172
2393
2520
2599
2587
2472
2231
1943
1747
1762
1888
2017
2062
2016
1997
1985
1994
2020
2112
2292
2480
2578
2475
2280
2057
1893
1905
2026
2178
2306
2273
2148
2079
2072
2057
2000
1920
1910
1959
1998
1937
1773
1785
1924
2181
2368
2399
2379
2377
2353
2315
2184
2064
1994
1930
1808
1631
1530
1555
1692
1759
1904
2132
2415
2653
2733
2635
2425
2226
2088
1903
1770
1760
1917
2126
2213
2129
2037
2050
2165
2285
2262
2143
1999
1871
1691
1460
1334
1446
1864
2418
2846
2858
2603
2315
2271
2444
2519
2418
2170
1969
1852
1892
1873
1780
1681
1706
1947
2302
2513
2487
2309
2202
2247
2297
2222
2080
2094
2362
2600
2559
2189
1877
1090
1429
2006
2652
3173
3492
3449
3067
2379
1593
920
527
574
1034
1781
2600
3275
3662
3588
3116
2368
1544
907
608
678
1155
1876
2573
3123
3352
3208
2779
2200
1618
1224
1124
1324
1732
2233
2636
2848
2801
2512
2061
1609
1272
1187
1314
1650
2118
2504
2780
2829
2643
2301
1884
1541
1344
1370
1649
2016
2406
2708
2862
2818
2589
2254
1874
1566
1395
1396
1588
1916
2280
2621
2864
2920
2819
2582
2224
1844
1546
1391
1398
1583
1897
2240
2550
2750
2818
2751
2536
2216
1856
1580
1410
1344
1430
1622
1907
2192
2414
2567
2661
2672
2604
2455
2238
1970
1760
1566
1472
1490
1619
1816
2100
2397
2663
2824
2875
2773
2556
2262
1955
1655
1414
1318
1367
3175
2872
2588
2437
2218
1765
1393
1299
1360
1366
1285
1366
1801
2350
2620
2587
2468
2520
2673
2606
2214
1831
1733
1797
1804
1677
1668
1931
2368
2550
2478
2340
2442
2682
2733
2422
1971
1700
1696
1709
1541
1208
1021
1154
1443
1620
1603
1687
1965
2422
2840
2976
2985
3011
2976
2813
2434
1990
1669
1535
1486
1373
1283
1334
1606
2010
2396
2645
2919
3150
3389
3403
3254
2999
2709
2491
2223
1801
1350
983
838
818
873
916
1094
1454
1926
2411
2784
2976
3215
3550
3818
3828
3488
2915
2359
1939
1569
1158
725
445
478
830
1312
1788
2092
2368
2686
3046
3322
3297
2982
2488
2014
1644
1403
1200
1045
923
985
1212
1531
1839
2129
2393
2639
2837
