2108
2117
2108
2110
2112
2124
2118
2117
2116
2125
2120
2140
2137
2126
2127
2103
2126
2125
2144
2132
2127
2109
2117
2117
2129
2144
2141
2118
2148
2136
2116
2132
2166
2143
2141
2128
2121
2129
2128
2145
2133
2123
2090
2112
2120
2103
2085
2072
2081
2073
2080
2084
2087
2082
2091
2081
2099
2067
2070
2068
2048
2025
2071
2075
2059
2062
2067
2067
2066
2060
2055
2063
2050
2058
2047
2062
2070
2056
2048
2046
2057
2058
2071
2042
2044
2044
2041
2050
2055
2068
2070
2067
2059
2056
2039
2047
2067
2066
2071
2068
2069
2072
2068
2071
2066
2091
2106
2110
2115
2092
2117
2119
2123
2113
2116
2132
2137
2135
2120
2114
2130
2163
2146
2169
2175
2166
2153
2164
2029
2004
2024
2040
2065
2088
2139
2145
2141
2163
2207
2206
2212
2200
2181
2165
2145
2119
2075
2088
2062
2045
2033
2028
2010
2009
2017
2016
2022
2048
2052
2073
2096
2127
2131
2139
2120
2132
2100
2091
2077
2074
2072
2057
2039
2040
2037
2030
2042
2072
2082
2107
2137
2159
2180
2197
2198
2191
2209
2199
2192
2166
2144
2116
2113
2098
2034
2036
2013
1993
1978
1998
1997
2012
2026
2040
2049
2075
2100
2116
2155
2164
2172
2165
2161
2165
2170
2145
2127
2105
2074
2045
2051
2045
2020
1998
2027
2020
2034
2024
2064
2103
2097
2127
2150
2155
2169
2165
2195
2195
2199
2198
2165
2164
2121
2095
2096
2070
2059
2020
2012
2022
2003
2014
1996
2021
2016
2023
2138
2100
2066
2028
2006
1988
2015
2036
2103
2142
2117
2094
2079
2081
2071
2067
2098
2085
2069
2067
2035
2014
2014
2064
2072
2044
2014
2030
2086
2107
2145
2194
2218
2202
2139
2056
2046
2070
2109
2133
2090
2084
2083
2066
2036
2083
2142
2184
2141
2106
2146
2184
2196
2166
2110
2085
2061
2017
1993
2009
2084
2089
2061
2036
2090
2149
2183
2180
2131
2131
2109
2085
2091
2099
2131
2122
2062
2035
2059
2108
2107
2121
2141
2145
2106
2054
2034
2072
2028
2002
1972
2007
2012
2036
2028
2065
2124
2160
2159
2145
2210
2266
2240
2178
2118
2104
2036
1945
1919
1968
2043
2073
2067
2085
2140
2143
2119
2107
2120
2177
2163
2117
2090
2066
2081
2070
2074
2066
2219
2227
2150
2067
2014
1996
2019
2066
2143
2200
2220
2199
2142
2050
1966
1915
1946
1997
2099
2172
2196
2202
2152
2064
2016
1964
1989
2043
2132
2208
2226
2238
2180
2076
1988
1926
1938
1991
2079
2166
2194
2205
2187
2114
2045
1986
1958
1985
2042
2078
2117
2107
2060
2001
1984
1981
2011
2072
2141
2185
2199
2199
2150
2101
2058
2066
2064
2093
2124
2144
2161
2136
2090
2042
2008
1998
2024
2064
2099
2133
2163
2147
2140
2143
2123
2116
2124
2134
2132
2096
2034
2008
2009
2017
2076
2109
2142
2181
2175
2115
2054
2015
2001
1994
2031
2102
2143
2159
2174
2161
2129
2106
2075
2096
2139
2173
2176
2156
2086
1999
1951
1939
1986
2056
2159
2228
2298
2263
2148
2161
2185
2211
2261
2208
2123
2059
2021
1991
1942
1959
1987
2029
2055
2103
2162
2187
2211
2215
2219
2124
2027
1986
2010
2022
2007
2074
2141
2161
2123
2100
2061
2037
2044
2020
2033
2079
2109
2097
2122
2144
2148
2162
2167
2141
2109
2071
2017
1994
1982
1994
1994
2037
2083
2140
2170
2228
2252
2254
2208
2184
2135
2131
2128
2143
2104
2116
2132
2144
2115
2084
2070
2059
2048
2051
2031
2019
2029
2034
2050
2019
1989
1982
1961
1957
1990
2017
2066
2138
2169
2155
2150
2176
2168
2105
2073
2067
2030
2014
2041
2089
2150
2231
2264
2293
2327
2279
2185
2169
2137
2125
2074
2046
2058
2104
2058
2020
1993
1976
1977
1983
2030
2096
2153
2191
2204
2202
2084
2034
2039
2070
2086
2104
2104
2080
2032
2019
2002
2012
2022
2073
2111
2160
2166
2153
2082
2021
1962
1961
1998
2062
2139
2223
2274
2252
2191
2133
2031
1979
1989
2010
2095
2152
2200
2207
2192
2158
2104
2058
2029
2057
2091
2158
2163
2162
2149
2124
2068
2024
1999
2001
2022
2071
2136
2221
2273
2271
2200
2099
1989
1962
1963
2026
2102
2121
2136
2121
2078
2016
1939
1907
1908
1987
2060
2122
2177
2169
2084
2000
1936
1900
1920
2012
2097
2205
2277
2307
2275
2213
2108
2007
1980
1955
1984
2038
2087
2161
2209
2216
2206
2137
2066
2012
2021
2043
2099
2141
2153
2153
2104
2083
2084
2105
2119
2174
2198
2195
2167
2130
2082
2055
2059
2128
2205
2219
2186
2101
2107
2126
2107
2072
2089
2109
2143
2141
2111
2067
2001
1945
1927
1986
2015
2059
2113
2128
2137
2156
2140
2100
2053
2016
2035
2050
2038
2077
2098
2094
2107
2123
2163
2217
2257
2243
2216
2140
2055
1984
1981
1958
1975
2050
2128
2185
2199
2257
2298
2258
2178
2038
1946
1905
1920
1944
1932
1920
2035
2162
2268
2278
2207
2172
2182
2250
2244
2148
2063
2025
2025
2021
2016
2077
2169
2299
2342
2272
2074
1863
1747
1719
1748
1909
2168
2368
2404
2272
2078
1943
1952
2017
2033
2031
2010
1995
2046
2114
2166
2166
2145
2071
2014
2016
2091
2189
2209
2185
2129
2129
2141
2135
2074
2019
2004
2031
2086
2123
2088
2045
2046
2096
2115
2083
2014
2047
2007
2002
2023
2030
2130
2242
2351
2374
2316
2147
2008
1926
1882
1904
1963
2099
2229
2308
2298
2218
2096
2073
2094
2077
1995
1877
1783
1831
1902
1968
2030
2090
2211
2305
2288
2218
2139
2096
2025
1885
1760
1829
2074
2292
2331
2202
2070
2038
2081
2073
2111
2210
2351
2325
2148
1959
1908
1942
1980
1930
1877
1928
2004
1946
1876
1876
1937
1969
1904
1887
2033
2270
2438
2350
2136
2028
2106
2167
2208
2207
2270
2305
2235
2149
2144
2235
2335
2328
2213
2175
2248
2309
2278
2164
2122
2118
2121
2054
2032
2100
2114
1963
1770
1699
1845
2025
2108
2152
2258
2319
2142
1848
1712
1836
2033
2180
2309
2499
2638
2514
2253
2078
2067
2135
2107
2051
2063
2086
1995
2160
2263
2340
2352
2304
2196
2065
1940
1893
1906
1967
2087
2216
2311
2360
2285
2151
1976
1800
1687
1734
1881
2115
2342
2520
2547
2448
2262
2025
1792
1680
1680
1780
1942
2144
2249
2331
2307
2237
2108
1984
1904
1908
1952
2083
2239
2390
2472
2490
2404
2209
1983
1780
1659
1677
1839
2075
2358
2553
2600
2500
2262
1978
1742
1681
1746
1964
2217
2452
2532
2461
2235
1934
1653
1489
1515
1704
2005
2331
2539
2614
2519
2277
1984
1743
1600
1596
1790
2062
2351
2575
2645
2572
2374
2095
1796
1643
1622
1806
2111
2412
2641
2689
2569
2258
1880
1539
1333
1344
1570
1940
2290
2569
2681
2647
2438
2120
1830
1642
1601
1703
1895
2163
2366
2491
2503
2389
1852
1664
1489
1427
1528
1819
2223
2450
2565
2555
2538
2495
2429
2370
2309
2213
2027
1819
1728
1739
1783
1915
2185
2449
2471
2251
1990
1913
1945
1862
1707
1698
1819
1946
2167
2625
3076
3177
2770
2182
1733
1463
1437
1617
1873
1974
2018
2183
2391
2392
2266
2264
2349
2264
1988
1801
1808
1718
1391
1230
1588
2320
2886
3088
2965
2620
2182
1875
1659
1366
1104
1291
1825
2144
1922
1607
1681
2158
2745
3154
3304
3102
2551
2004
1649
1442
1346
1405
1658
1941
2087
2178
2307
2402
2461
2556
2695
2603
2191
1704
1447
1445
1575
1821
2101
2302
2376
2314
2259
2240
2150
2067
2027
2042
2024
1884
1693
1679
1884
2209
2448
2480
2445
2435
2398
2213
2022
2100
2671
2606
2457
2249
2001
1829
1730
1693
1734
1870
2017
2135
2214
2239
2221
2108
1984
1842
1723
1656
1658
1743
1857
2016
2167
2223
2232
2163
2052
1920
1803
1751
1777
1877
2032
2256
2525
2768
2882
2858
2664
2373
2067
1845
1719
1715
1887
2135
2405
2588
2666
2606
2393
2122
1847
1676
1628
1723
1882
2111
2241
2277
2209
2094
1981
1880
1888
1968
2036
2125
2171
2145
2077
1950
1858
1838
1883
1968
2101
2184
2210
2138
1986
1838
1752
1791
1947
2142
2287
2343
2324
2200
2057
1927
1858
1909
2010
2152
2328
2423
2427
2325
2164
1953
1746
1676
1721
1879
2156
2416
2592
2618
2507
2334
2106
1956
1846
1826
1877
2080
2339
2584
2711
2687
2482
2159
1782
1527
1134
1103
1254
1584
2035
2343
2434
2497
2637
2730
2624
2428
2367
2421
2301
1887
1344
998
910
985
1285
1913
2858
3804
4095
4095
3854
2800
1473
358
0
19
455
1019
1633
2336
2925
3136
2952
2522
2261
2240
2402
2502
2518
2455
2263
1965
1624
1359
1220
1372
1819
2410
2912
3209
3134
2768
2251
1749
1381
1248
1460
1984
2618
3167
3348
3132
2606
1973
1509
1242
1155
1179
1294
1430
1518
1513
1398
1338
1503
2080
2908
3670
4075
3987
3497
2716
1783
721
0
1
1
338
1516
2626
3439
3922
4073
3920
3433
2825
2296
1948
1733
1564
1382
1236
1131
1142
1270
1545
2004
2630
3333
3815
3919
3643
3058
2252
1380
716
461
688
1194
1789
2296
2618
8
1
634
2052
3347
4095
4095
3918
2893
1588
351
0
0
0
876
2241
3519
4095
4095
4095
3493
2327
1278
608
521
945
1792
2771
3549
3977
3870
3289
2383
1337
404
2
0
356
1269
2342
3285
3789
3785
3219
2301
1225
319
0
33
617
1571
2664
3552
4067
4086
3577
2694
1676
840
372
440
977
1823
2707
3430
3742
3611
3110
2354
1569
949
627
691
1165
1931
2764
3454
3781
3700
3212
2412
1523
759
313
305
733
1518
2398
3162
3568
3550
3143
2432
1623
979
559
626
1065
1753
2605
3390
3832
3839
3420
2686
1792
952
385
214
462
1051
1816
2609
3247
3678
3706
3391
2750
1924
1123
573
397
698
1353
2164
2946
3530
3786
1373
1196
991
747
493
275
52
0
0
0
0
1
92
452
900
1422
1998
2591
3171
3701
4095
4095
4095
4095
4095
4095
4095
4095
4095
3762
3288
2764
2193
1647
1094
612
173
1
1
0
1
1
0
263
769
1351
1976
2617
3246
3862
4095
4095
4095
4095
4095
4095
4095
4095
4095
4095
3705
3055
2301
1575
863
204
0
2
1
0
0
1
2
0
1
3
164
752
1364
1985
2632
3217
3801
4095
4095
4095
4095
4095
4095
4095
4095
4095
4095
4095
4095
4095
4095
3722
3130
2473
1786
1097
430
0
1
1
0
2
3
1
1
1
3
1
1
0
2
573
1475
2351
3206
3991
4095
4095
4095
4095
4095
4095
7
2
0
2
1
2
31
665
1432
2179
2892
3568
4095
4095
4095
4095
4095
4095
4095
4095
4095
4095
4095
4095
4095
4095
4095
4095
4095
4095
4095
4095
4095
4095
4095
3488
2782
2088
1422
767
147
0
1
0
0
0
1
2
0
1
0
1
0
2
2
1
1
0
0
2
1
3
0
3
1
204
831
1474
2084
2648
3222
3720
4095
4095
4095
4095
4095
4095
4095
4095
4095
4095
4095
4095
4095
4095
4095
4095
4095
4095
4095
4095
4095
3978
3654
3350
3053
2825
2561
2336
2170
2034
1911
1837
1800
1797
1811
1829
1893
1963
2059
2181
2270
2371
2476
2555
2639
2687
2724
2768
2776
2776
2758
2710
2649
2586
2519
2410
