2124
2101
2104
2120
2104
2117
2098
2112
2096
2095
2076
2081
2080
2101
2099
2080
2070
2087
2095
2086
2080
2056
2038
2038
2050
2045
2054
2075
2064
2063
2042
2070
2043
2067
2041
2039
2074
2076
2066
2065
2080
2066
2078
2087
2097
2080
2075
2100
2101
2124
2101
2100
2082
2087
2091
2112
2120
2143
2142
2136
2119
2117
2129
2124
2127
2126
2119
2124
2133
2130
2107
2112
2117
2108
2102
2104
2117
2094
2095
2118
2101
2059
2085
2094
2088
2072
2064
2071
2075
2062
2035
2040
2044
2036
2033
2049
2074
2057
2059
2053
2034
2032
2057
2056
2054
2056
2060
2056
2067
2059
2078
2085
2072
2062
2081
2075
2071
2084
2092
2087
2075
2086
2102
2088
2082
2100
2094
2107
2105
2108
2096
2112
2098
2083
2102
2091
2097
2083
2094
2104
2082
2086
2088
2109
2085
2083
2098
2108
2087
2093
2085
2091
2100
2115
2104
2081
2094
2099
2099
2104
2104
2115
2107
2089
2117
2117
2100
2104
2093
2115
2087
2069
2081
2096
2110
2089
2085
2068
2085
2069
2088
2058
2071
2051
2061
2077
2096
2084
2089
2087
2101
2086
2104
2093
2075
2083
2081
2080
2086
2085
2095
2119
2080
2090
2096
2087
2076
2094
2096
2082
2082
2081
2087
2062
2076
2063
2067
2055
2072
2063
2072
2066
2067
2087
2081
2083
2073
2095
2080
2072
2098
2085
2095
2086
2099
2082
2085
2082
2092
2063
2052
2090
2105
2085
2096
2120
2107
2101
2098
2086
2067
2089
2086
2093
2078
2084
2064
2103
2095
2109
2123
2132
2136
2122
2131
2099
2104
2078
2038
2032
2034
2041
2044
2050
2049
2084
2107
2115
2112
2141
2144
2151
2155
2144
2122
2107
2088
2074
2060
2074
2068
2032
2049
2060
2075
2112
2102
2096
2104
2117
2149
2141
2149
2151
2112
2109
2104
2077
2094
2089
2066
2087
2089
2080
2109
2092
2090
2090
2125
2132
2120
2069
2080
2073
2061
2068
2053
2064
2066
2102
2112
2108
2111
2116
2130
2151
2154
2136
2141
2130
2087
2080
2048
2047
2046
2031
2002
2010
2021
2026
2034
2067
2069
2091
2105
2135
2163
2154
2157
2135
2115
2117
2108
2088
2075
2074
2064
2077
2070
2063
2071
2064
2078
2096
2103
2107
2100
2130
2128
2145
2122
2124
2111
2081
1995
2020
2035
2076
2119
2166
2185
2200
2211
2218
2178
2136
2100
2075
2079
2058
2086
2104
2112
2134
2130
2117
2108
2122
2111
2122
2114
2108
2090
2070
2049
1979
1947
1980
2008
2032
2068
2123
2158
2204
2211
2202
2192
2171
2117
2060
2023
2000
1982
2012
2028
2049
2041
2040
2056
2051
2065
2077
2115
2128
2144
2180
2193
2177
2136
2072
2037
2044
2032
2023
2042
2060
2082
2128
2115
2119
2123
2133
2109
2095
2088
2079
2044
2047
2046
2048
2064
2056
2076
2074
2100
2102
2120
2126
2132
2153
2121
2110
2083
2091
2067
2090
2112
2147
2120
2111
2074
2052
2055
2060
2090
2115
2139
2089
2093
2055
2058
2072
2079
2097
2114
2120
2101
2121
2133
2104
2086
2095
2040
1993
1961
1966
2009
2038
2092
2146
2160
2164
2141
2114
2075
2025
2001
2011
2024
2046
2094
2132
2145
2148
2102
2076
2064
2040
2053
2078
2083
2118
2137
2095
2107
2111
2110
2109
2120
2102
2073
2074
2064
2048
2072
2078
2092
2131
2171
2178
2182
2176
2170
2118
2071
2058
2029
2050
2058
2092
2131
2157
2160
2183
2157
2115
2074
2046
2025
2026
2061
2120
2136
2153
2152
2155
2118
2103
2072
2072
2059
2057
2016
2024
2016
2040
2075
2088
2140
2131
2116
2091
2066
2075
2052
2066
2048
2077
2066
2102
2131
2116
2115
2121
2099
2101
2091
2079
2060
2046
2045
2031
2079
2124
2165
2197
2211
2191
2150
2095
2061
2012
1982
2003
2041
2077
2121
2147
2153
2117
2093
2111
2117
2141
2137
2120
2076
2061
2055
2061
2021
2012
2053
2123
2135
2137
2104
2069
2080
2132
2139
2139
2109
2057
1971
1962
1974
2014
2069
2099
2120
2133
2135
2149
2168
2106
2065
2028
2016
2041
2080
2119
2133
2142
2093
2061
2060
2066
2050
2040
2081
2130
2157
2178
2176
2137
2127
2115
2100
2088
2052
2021
2041
2066
2088
2113
2132
2130
2099
2080
2095
2103
2131
2115
2123
2127
2141
2153
2150
2127
2104
2054
2043
2028
2023
2037
2062
2076
2133
2160
2155
2154
2139
2120
2077
2040
2027
2006
1985
1992
2060
2093
2152
2172
2171
2110
2049
2004
1975
1988
2018
2050
2143
2151
2198
2176
2154
2122
2081
2033
2003
2014
2029
2071
2118
2143
2121
2130
2145
2110
2098
2060
2043
1999
2000
2013
2064
2084
2158
2214
2184
2149
2100
2079
2057
2037
1998
2032
2074
2094
2106
2132
2126
2079
2051
2080
2119
2116
2075
2045
2018
2031
2015
2041
2090
2128
2080
2046
1985
1972
2018
2064
2128
2168
2163
2096
2049
2081
2137
2183
2194
2158
2116
2066
2006
2019
2131
2256
2281
2186
2061
2012
2034
2081
2079
2130
2125
2104
2058
2012
2025
2091
2137
2110
2056
1972
1940
1936
2009
2118
2199
2123
2015
1987
2073
2167
2156
2097
2043
2061
2070
2088
2106
2129
2145
2152
2144
2116
2083
2083
2100
2103
2053
2024
2022
2056
2108
2108
2079
2056
2026
2002
1979
1986
2003
2071
2090
2060
2050
2096
2247
2309
2305
2236
2125
2067
2121
2170
2197
2151
2074
2003
1956
1962
1968
2027
2127
2186
2227
2200
2167
2108
2046
2000
1971
2004
2057
2115
2216
2223
2209
2201
2133
2103
2038
2006
2003
2006
2069
2127
2122
2172
2123
2090
2033
2000
2008
2076
2153
2231
2273
2232
2172
2122
2036
1988
1987
2027
2088
2156
2180
2186
2133
2108
2049
2034
2039
2090
2147
2174
2214
2148
2085
2027
1977
1977
1992
2035
2093
2141
2140
2128
2042
2008
1997
2040
2089
2149
2175
2175
2148
2115
2085
2049
2069
2099
2130
2138
2153
2115
2054
2043
2021
2040
2066
2112
2116
2143
2152
2111
2056
1985
1967
2024
2058
2121
2154
2195
2194
2148
2115
2043
2004
1995
1992
2016
2055
2112
2139
2143
2142
2141
2113
2089
1990
2033
2104
2169
2166
2159
2106
2071
2083
2099
2100
2119
2197
2212
2235
2238
2255
2236
2154
2064
1997
1967
1959
1936
1970
1974
2050
2127
2181
2188
2162
2106
2106
2038
1996
2007
2038
2076
2075
2107
2147
2215
2227
2206
2160
2059
2032
2045
2067
2078
2088
2117
2095
2057
2059
2089
2104
2095
2064
2076
2094
2132
2126
2130
2128
2085
2050
2091
2097
2102
2095
2040
2017
2017
2052
2081
2078
2105
2168
2260
2265
2219
2187
2121
2047
1978
1958
1964
1979
1970
2047
2141
2244
2289
2240
2167
2118
2064
1948
1848
1819
1881
2004
2050
2173
2296
2352
2311
2235
2161
2080
1983
1918
1905
1968
2093
2187
2241
2220
2170
2127
2017
1901
1855
1937
2018
2044
2085
1965
1931
1952
1963
2015
2067
2094
2128
2149
2202
2223
2235
2225
2209
2201
2147
2081
2038
1982
1977
2022
2066
2153
2252
2305
2345
2332
2252
2149
2035
1955
1879
1850
1864
1957
2060
2182
2235
2271
2242
2156
2025
1918
1823
1800
1837
1925
1992
2098
2184
2222
2240
2259
2218
2121
2054
1982
1979
2023
2073
2145
2207
2218
2251
2275
2288
2249
2239
2148
2117
2064
2036
2119
2136
2163
2180
2200
2145
2085
1999
1930
1876
1864
1890
1960
2083
2172
2159
2167
2128
2070
1998
1916
1871
1885
1938
2018
2103
2185
2219
2200
2213
2209
2148
2021
1923
1874
1895
1984
2068
2116
2150
2184
2196
2213
2185
2131
2056
1992
1992
2028
2059
2053
2062
2091
2120
2142
2171
2082
2287
2416
2504
2505
2390
2146
1866
1658
1684
1895
2111
2282
2309
2259
2196
2165
2153
2140
2106
2020
1935
1905
1993
2096
2186
2178
2163
2155
2202
2223
2187
2034
1858
1736
1786
1953
2213
2421
2513
2408
2168
1944
1782
1774
1906
2051
2156
2249
2276
2261
2194
2073
1974
1915
1923
1987
2068
2150
2207
2277
2349
2436
2452
2376
2173
1932
1710
1635
1715
1933
2192
2426
2531
2491
2336
2124
1891
1752
1713
1756
1840
2017
2189
2341
2459
2472
2390
2157
1877
1677
1537
1563
1680
1949
2186
2419
2563
2604
2523
2303
2047
1764
1558
1509
1624
1897
2223
2488
2633
2583
2382
2087
1830
1678
1684
1836
2065
2267
2410
2432
2383
2252
2091
1971
1909
1891
1925
2019
2002
1986
2005
2126
2285
2432
2529
2490
2379
2150
1927
1716
1576
1587
1752
1976
2198
2336
2389
2378
2348
2279
2163
2024
1963
1965
2057
2145
2090
1935
1741
1618
1611
1694
1813
1979
2232
2490
2664
2664
2489
2222
2007
1890
1888
1911
1988
2044
2147
2272
2300
2183
1951
1785
1756
1868
2040
2157
2193
2214
2306
2393
2366
2276
2247
2329
2525
2594
2406
1991
1578
1352
1373
1577
1819
2037
2255
2465
2522
2402
2157
2005
2043
2263
2457
2466
2269
2005
1777
1570
1511
1642
1942
2337
2596
2573
2338
1995
1750
1675
1791
2008
2284
2448
2395
2160
1902
1755
1825
2023
2257
2439
2538
2491
2296
2000
1750
1763
1972
2182
2278
2279
2242
2225
2243
2237
2216
2499
2861
3028
2918
2524
1964
1428
1113
1094
1379
1901
2499
2995
3282
3257
2917
2351
1732
1179
905
1018
1409
1972
2559
3005
3167
3011
2602
1992
1412
1038
983
1252
1799
2410
2935
3147
3015
2554
1907
1275
821
768
1083
1686
2378
3000
3396
3376
3029
2424
1718
1161
906
1031
1512
2169
2836
3276
3342
3059
2527
1863
1317
1053
1085
1419
1944
2487
2919
3098
3038
2643
2107
1581
1179
1084
1303
1737
2275
2724
2973
2916
2588
2065
1562
1218
1176
1407
1900
2403
2778
2895
2755
2398
1984
1661
1522
1584
1808
2109
2318
2405
2350
2232
2137
2114
2188
2295
2373
2317
2142
1907
1732
1686
1814
2114
2425
2685
2680
2450
2040
1588
1279
1220
1420
1828
2255
4095
4095
3539
2392
846
1
0
0
3
411
1038
1938
3014
3638
3571
3152
2838
2751
2519
2013
1546
1567
2035
2337
2013
1308
763
560
485
305
165
533
1524
2736
3720
4095
4095
4095
4095
3947
2610
1151
87
1
0
1
481
1553
2752
3796
4095
4095
4095
4095
3596
2727
1830
1090
574
76
1
2
1
53
783
1528
2195
2906
3814
4095
4095
4095
4095
4095
3456
2538
1484
356
1
0
1
0
1
384
1275
2413
3569
4095
4095
4095
4095
4095
4095
4095
3385
2149
872
0
1
0
0
1
20
857
2107
3380
4095
4095
4095
4095
4095
3903
2798
1543
382
2
3
1
1
51
1029
2300
3572
4095
4095
4095
4095
3929
739
825
1076
1481
1952
2442
2925
3295
3531
3593
3480
3176
2726
2131
1465
829
290
0
0
132
638
1336
2097
2866
3520
4048
4095
4095
4095
3743
3189
2490
1755
1102
573
262
236
486
950
1522
2160
2730
3160
3385
3364
3100
2653
2064
1437
840
357
98
97
361
859
1563
2374
3248
4037
4095
4095
4095
4095
4092
3245
2142
938
0
0
0
0
0
1
26
1148
2511
3789
4095
4095
4095
4095
4095
4095
4095
3293
2090
965
75
3
0
0
0
525
1408
2297
3084
3684
4090
4095
4055
3714
3134
2475
1742
1073
434
1
3
1
0
40
465
1099
1749
2378
2963
3430
3766
3975
4001
3877
3596
3171
2699
2167
1652
1212
877
