2135
2121
2130
2136
2145
2135
2137
2137
2126
2133
2137
2130
2128
2120
2128
2118
2105
2119
2114
2115
2093
2111
2111
2101
2098
2097
2091
2079
2089
2090
2085
2091
2087
2083
2099
2094
2096
2092
2085
2102
2098
2099
2102
2098
2107
2119
2132
2119
2121
2128
2136
2130
2138
2133
2124
2127
2116
2117
2123
2123
2106
2096
2100
2098
2094
2090
2087
2084
2088
2090
2088
2089
2092
2097
2096
2080
2090
2095
2100
2112
2102
2126
2132
2128
2123
2141
2137
2148
2156
2161
2174
2176
2156
2175
2178
2171
2171
2173
2168
2163
2160
2151
2150
2138
2138
2110
2122
2115
2094
2084
2072
2064
2057
2060
2048
2052
2030
2025
2025
2017
2019
2016
2003
2006
2007
2008
2014
2020
2117
2103
2109
2105
2100
2110
2109
2125
2116
2113
2123
2127
2136
2125
2129
2140
2141
2156
2143
2150
2160
2167
2161
2162
2158
2173
2171
2176
2164
2178
2169
2171
2167
2163
2152
2154
2158
2140
2141
2145
2126
2124
2129
2118
2105
2112
2097
2111
2087
2093
2094
2084
2082
2067
2064
2057
2046
2042
2046
2034
2018
2010
2028
2013
2017
2007
2000
2003
2003
2015
2009
2025
2037
2040
2040
2045
2060
2075
2083
2082
2107
2107
2135
2146
2153
2182
2189
2195
2196
2210
2216
2215
2208
2216
2202
2209
2192
2184
2178
2167
2152
2123
2116
2086
2075
2072
2049
2042
2015
1996
1992
1996
1981
1971
1966
1966
1957
1952
1976
1983
1982
2007
2036
2047
2067
2100
2118
2148
2028
2024
2038
2050
2075
2089
2093
2105
2098
2086
2076
2048
2046
2036
2063
2088
2122
2174
2220
2255
2277
2266
2251
2205
2152
2076
1998
1944
1902
1857
1858
1887
1942
1997
2090
2170
2208
2221
2228
2205
2170
2096
2026
1982
1940
1922
1929
1961
2012
2069
2114
2161
2206
2220
2215
2198
2173
2146
2129
2110
2093
2087
2075
2071
2060
2056
2055
2065
2058
2050
2046
2043
2047
2042
2061
2075
2095
2111
2118
2139
2152
2152
2138
2130
2091
2069
2073
2065
2054
2059
2086
2103
2110
2126
2133
2128
2127
2112
2097
2095
2105
2123
2120
2126
2130
2136
2139
2113
2116
2098
2077
2063
2049
2048
2056
2047
2064
2109
2118
2140
2156
2149
2157
2135
2122
2106
2076
2039
1997
1971
1973
1994
2078
2194
2269
2272
2234
2195
2168
2125
2063
1971
1898
1872
1899
1961
1986
2003
2020
2078
2196
2274
2305
2293
2232
2189
2186
2155
2093
2000
1941
1955
1992
2031
2056
2072
2091
2099
2109
2126
2126
2088
2066
2079
2099
2116
2110
2081
2087
2096
2095
2122
2132
2148
2171
2188
2210
2212
2192
2146
2064
2003
1958
1960
2007
2046
2054
2050
2069
2113
2142
2171
2172
2156
2175
2198
2187
2085
1936
1809
1778
1834
1959
2068
2138
2169
2153
2185
2214
2224
2210
2176
2131
2084
2043
1973
1957
1970
2029
2083
2128
2134
2135
2146
2171
2183
2159
2125
2054
1997
1961
1970
2003
2061
2104
2132
2156
2200
2228
2255
2240
2166
2075
2034
2006
2002
2197
2229
2209
2128
2047
1983
1932
1933
2002
2066
2106
2066
2008
1958
1975
1988
1982
1967
1981
2026
2075
2099
2109
2141
2179
2188
2148
2052
1988
1978
2002
1997
2002
2040
2074
2096
2056
2020
2064
2146
2221
2231
2182
2134
2121
2110
2136
2174
2228
2264
2204
2130
2038
2007
2009
2035
2060
2076
2072
2069
2037
2051
2095
2151
2201
2190
2152
2136
2176
2207
2201
2135
2069
2025
2019
2063
2130
2200
2229
2196
2145
2081
2048
2045
2023
2039
2065
2085
2072
2043
2038
2118
2194
2202
2158
2096
2109
2118
2057
1959
1924
1965
2020
2092
2187
2271
2297
2199
2090
2063
2118
2149
2080
1980
1923
1897
1912
2006
2174
2352
2400
2343
2261
2196
2102
1960
1867
1843
2122
2047
1981
1961
1975
2040
2125
2189
2217
2225
2167
2076
1995
1960
1990
2070
2162
2194
2216
2159
2104
2030
1971
1949
1961
2012
2093
2170
2221
2233
2206
2168
2118
2103
2108
2106
2085
2075
2080
2075
2091
2098
2112
2113
2112
2111
2085
2071
2061
2051
2072
2104
2142
2168
2186
2156
2103
2038
2002
1996
2025
2072
2127
2177
2188
2170
2122
2074
2033
2030
2040
2080
2120
2170
2178
2156
2121
2064
2022
2018
2029
2063
2091
2100
2127
2150
2147
2150
2121
2077
2029
2001
1990
1998
2018
2022
2045
2055
2078
2085
2099
2110
2129
2128
2106
2048
2022
2010
2002
2032
2073
2108
2151
2168
2182
2165
2135
2094
2075
2062
2085
2139
2183
2221
2227
2194
2142
2072
2262
2106
2048
1952
1854
1880
1963
1958
1882
1917
2078
2209
2236
2216
2217
2171
2030
1822
1721
1785
1930
2008
2076
2154
2172
2107
2089
2164
2187
2106
2006
1983
1977
1885
1841
1893
2030
2112
2166
2218
2250
2213
2134
2078
2065
1983
1788
1680
1737
1888
2014
2124
2252
2311
2266
2188
2111
2062
1994
1977
2005
2035
2059
2072
2114
2170
2267
2312
2342
2358
2333
2208
2083
2013
2001
2015
2012
2020
2101
2210
2294
2266
2214
2168
2118
2017
1928
1917
1938
1922
1976
2098
2223
2272
2334
2412
2372
2226
2107
1999
1877
1739
1705
1743
1864
2076
2304
2398
2416
2416
2386
2194
1948
1808
1762
1728
1728
1838
2004
2172
2307
2384
2442
2408
2290
2122
2000
1977
1990
1994
2008
2077
2123
2164
2180
2163
2127
2104
2064
2050
2067
2104
2150
2197
2241
2250
2253
2208
2135
2027
1944
1920
1935
2013
2123
2234
2329
2361
2308
2200
2049
1879
1777
1777
1858
1998
2174
2270
2302
2247
2161
2094
2036
2051
2130
2187
2228
2204
2148
2038
1962
1930
1953
2005
2084
2148
2194
2184
2171
2135
2097
2048
1988
1935
1910
1896
1936
1973
2014
2023
2036
2041
2060
2093
2157
2183
2195
2168
2131
2080
2055
2069
2079
2117
2132
2122
2095
2099
2133
2183
2234
2285
2303
2277
2236
2151
2084
2017
1977
1968
1979
2032
2097
2164
2220
2198
2130
2015
1908
1841
1875
1980
2121
2252
2354
2354
2311
2182
2032
1908
1823
1788
1868
2020
2189
2343
2010
1993
2008
1983
1957
1999
2096
2148
2128
2094
2081
2112
2151
2123
2037
1974
1996
2038
2028
1990
2008
2125
2212
2253
2266
2291
2286
2214
2084
1955
1872
1850
1855
1898
2038
2247
2405
2459
2425
2360
2260
2120
2003
1893
1850
1856
1948
2084
2183
2256
2296
2291
2206
2078
2014
2065
2183
2256
2234
2187
2198
2220
2150
1984
1846
1873
2038
2177
2184
2163
2182
2192
2155
2002
1813
1732
1848
2126
2392
2468
2329
2107
1936
1910
1980
2063
2124
2102
2032
1958
1942
2023
2196
2336
2398
2265
2021
1856
1860
2009
2179
2223
2148
2054
2011
2032
2085
2082
2048
1998
1967
1994
2077
2196
2244
2206
2127
2068
2048
2094
2161
2200
2170
2076
2028
2066
2160
2204
1620
1816
2112
2402
2566
2544
2422
2233
2003
1748
1521
1459
1569
1818
2088
2326
2581
2767
2800
2630
2382
2240
2246
2252
2167
2045
1965
1892
1806
1715
1777
1952
2128
2156
2024
1880
1848
1844
1841
1884
2094
2379
2606
2687
2701
2689
2615
2355
2017
1783
1739
1791
1791
1798
1918
2100
2156
2056
1941
1962
2041
1970
1785
1703
1812
1953
1978
1927
2032
2286
2488
2516
2455
2439
2454
2282
1934
1649
1601
1705
1779
1813
1891
2048
2154
2125
2087
2116
2237
2321
2288
2220
2145
2069
1991
1984
2104
2294
2436
2495
2476
2402
2210
1914
1618
1449
1438
1597
1844
2152
2439
2534
2400
2204
2148
2257
2340
2252
2047
1886
1787
1731
1674
1727
1989
2315
2469
2366
1635
1693
1808
1968
2170
2353
2475
2509
2424
2252
2046
1908
1922
2077
2294
2470
2503
2346
2099
1829
1653
1660
1833
2084
2288
2364
2251
2030
1806
1648
1658
1838
2134
2409
2584
2610
2468
2212
1902
1655
1557
1614
1832
2128
2394
2567
2572
2440
2237
2040
1862
1782
1822
1929
2073
2191
2238
2181
2042
1891
1815
1846
2010
2228
2387
2442
2331
2135
1881
1660
1577
1688
1949
2280
2571
2680
2633
2447
2193
1993
1908
1941
2116
2341
2480
2512
2350
2083
1781
1563
1504
1622
1888
2182
2456
2610
2618
2449
2216
1953
1756
1694
1752
1904
2086
2247
2338
2330
2239
2083
1902
1798
1776
1832
1958
2123
2268
2368
2359
2252
2100
1916
1786
1751
1854
2050
2296
2495
2942
3434
3536
3091
2286
1592
1323
1442
1630
1691
1632
1681
1986
2410
2607
2408
1914
1517
1588
2059
2476
2504
2138
1674
1369
1309
1418
1676
2160
2790
3292
3392
3102
2734
2529
2415
2276
2090
1997
2018
2011
1840
1584
1415
1403
1574
1858
2229
2554
2630
2447
2132
1936
1890
1904
1900
1880
1932
2048
2226
2393
2541
2652
2709
2749
2752
2640
2302
1793
1356
1169
1210
1312
1382
1499
1778
2079
2225
2123
1909
1801
1954
2250
2420
2352
2221
2232
2385
2456
2313
2105
2070
2283
2482
2434
2095
1685
1372
1210
1197
1322
1522
1777
2070
2413
2683
2717
2547
2373
2381
2493
2408
2111
1860
1775
1744
1568
1298
1304
1706
2325
2842
3176
3358
3400
3198
2670
2024
3389
3771
3662
3129
2281
1389
691
373
520
1064
1848
2638
3225
3489
3371
2936
2318
1680
1227
1022
1102
1401
1817
2265
2619
2821
2809
2584
2224
1848
1575
1471
1550
1768
2102
2414
2676
2792
2727
2482
2112
1715
1409
1271
1350
1593
1970
2395
2741
2946
2964
2709
2282
1760
1299
1007
996
1248
1697
2232
2733
3089
3216
3095
2736
2222
1683
1252
1065
1177
1527
2024
2529
2892
2999
2819
2394
1870
1357
1010
943
1192
1723
2412
3096
3565
3666
3382
2767
1969
1189
608
362
496
1006
1775
2626
3362
3835
3912
3617
3010
2268
1515
942
614
603
897
1414
2025
2601
3004
3184
3093
2810
2383
1987
1616
1394
1313
1395
1610
1918
2224
2477
2600
2582
2444
3251
3311
3013
2253
1215
316
2
3
3
4
2
637
2099
3616
4095
4095
4095
4095
4095
4095
3924
2800
1656
862
445
162
2
4
3
3
622
1874
2928
3614
4040
4095
4095
4095
4095
4095
3632
2934
2544
2326
2021
1499
819
328
283
665
1191
1528
1672
1778
2083
2596
3070
3250
3039
2619
2252
2113
2198
2349
2413
2353
2312
2414
2638
2813
2696
2254
1656
1113
802
745
734
635
521
564
984
1782
2719
3445
3732
3637
3431
3314
3362
3313
2918
2116
1110
256
2
55
551
1110
1511
1788
2133
2667
3339
3876
4005
3584
2783
1882
1234
985
1015
1066
997
750
561
691
1236
2018
2716
3075
3028
2741
2518
2510
2689
2845
2758
2328
4095
4095
4001
3344
2528
1649
778
2
2
0
1
1
1
2
137
1026
2030
3038
3952
4095
4095
4095
4095
4095
4095
4095
3514
2556
1588
661
1
2
1
3
2
1
211
1040
1958
2813
3574
4095
4095
4095
4095
4095
3699
3101
2430
1756
1120
545
106
3
2
3
133
624
1233
1957
2696
3387
3964
4095
4095
4095
4095
4064
3550
2898
2203
1507
855
293
1
3
1
1
1
82
588
1215
1904
2612
3296
3912
4095
4095
4095
4095
4095
4095
4095
3549
2812
2065
1330
667
109
2
4
4
4
2
0
380
962
1595
2277
2932
3517
4031
4095
4095
4095
4095
4095
3938
3390
2736
2042
1340
645
34
2
2
2
1
