2100
2084
2070
2074
2088
2086
2090
2095
2096
2096
2100
2097
2097
2092
2106
2128
2132
2113
2136
2145
2159
2165
2151
2146
2137
2133
2138
2156
2153
2137
2128
2144
2149
2134
2117
2104
2108
2085
2080
2093
2086
2086
2086
2065
2046
2058
2061
2059
2071
2079
2078
2080
2082
2085
2073
2088
2089
2117
2094
2115
2128
2141
2134
2116
2130
2123
2087
2094
2084
2105
2113
2091
2060
2069
2077
2074
2080
2057
2052
2066
2041
2060
2049
2043
2044
2046
2039
2043
2056
2070
2063
2058
2039
2049
2064
2070
2072
2110
2124
2110
2122
2124
2090
2067
2118
2129
2108
2104
2112
2112
2106
2102
2078
2096
2078
2066
2067
2060
2079
2072
2076
2067
2064
2047
2043
2054
2038
2048
2093
2088
2074
2075
2069
2088
2078
2086
2094
2084
2086
2077
2094
2067
2061
2066
2095
2093
2089
2065
2064
2081
2048
2069
2084
2066
2062
2063
2061
2076
2070
2076
2064
2072
2044
2053
2071
2060
2085
2071
2080
2079
2081
2062
2074
2083
2065
2074
2068
2055
2079
2079
2081
2081
2075
2070
2056
2081
2097
2095
2074
2070
2081
2063
2080
2084
2096
2113
2092
2101
2088
2105
2097
2119
2099
2106
2114
2125
2098
2107
2109
2111
2102
2092
2094
2101
2117
2108
2112
2102
2108
2132
2098
2117
2119
2116
2127
2117
2124
2100
2089
2089
2111
2115
2103
2111
2129
2103
2100
2100
2122
2129
2124
2113
2100
2126
2089
2095
2102
2090
2103
2097
2067
2084
2094
2085
2079
2081
2150
2120
2146
2152
2161
2170
2172
2139
2112
2092
2075
2070
2057
2042
2004
2008
2009
2008
2011
2020
2045
2040
2050
2066
2082
2116
2127
2139
2153
2174
2174
2144
2158
2123
2124
2084
2049
2029
2016
2034
2000
1991
1980
1992
2038
2035
2063
2074
2123
2148
2155
2177
2178
2152
2149
2153
2136
2123
2069
2063
2045
2003
1979
1994
1992
2057
2064
2080
2116
2123
2121
2148
2162
2167
2157
2155
2129
2119
2106
2071
2059
2022
2038
2039
2054
2083
2088
2107
2121
2144
2160
2161
2181
2189
2166
2130
2080
2050
2037
2025
2006
2004
1998
2015
2025
2033
2070
2076
2103
2091
2089
2095
2101
2100
2084
2082
2046
2033
2056
2051
2037
2051
2060
2077
2092
2104
2110
2128
2117
2073
2052
2030
2050
2099
2115
2094
2056
2036
2038
2066
2112
2163
2228
2251
2249
2159
2125
2136
2152
2158
2125
2061
2049
1996
1978
2006
2049
2119
2148
2145
2148
2162
2143
2145
2130
2086
2010
1993
2043
2088
2087
2071
2059
2038
2063
2109
2167
2266
2256
2224
2207
2162
2114
2101
2076
2079
2055
2007
2003
1982
1996
2029
2072
2149
2187
2206
2213
2205
2174
2144
2088
2034
2008
1996
1966
1949
1959
1979
2051
2110
2135
2149
2164
2176
2183
2194
2186
2182
2152
2090
2026
1996
1955
1974
1985
1982
1990
2049
2112
2138
2181
2209
2199
2169
2136
2086
2060
2061
2031
2024
2011
2021
2084
2103
2120
2156
2139
2142
2176
2162
2162
2118
2076
2073
2067
2090
2067
2097
2103
2100
2086
2080
2077
2078
2063
2059
2045
2033
2057
2067
2104
2152
2154
2159
2163
2154
2117
2145
2157
2137
2138
2133
2129
2092
2041
2012
1981
1993
1994
1994
2035
2079
2106
2149
2168
2155
2120
2084
2077
2045
2051
2053
2064
2091
2154
2148
2135
2138
2141
2098
2081
2071
2066
2073
2073
2073
2083
2080
2076
2075
2106
2120
2133
2139
2142
2126
2092
2048
2004
1973
1944
1972
2017
2089
2161
2217
2239
2224
2216
2142
2073
1990
1953
1977
2025
2093
2142
2199
2213
2197
2193
2123
2049
1978
1951
2010
2050
2094
2158
2181
2181
2140
2079
2040
2022
1990
2028
2096
2169
2240
2244
2263
2244
2191
2124
2060
2018
1980
2006
2020
2074
2112
2173
2192
2040
2116
2171
2193
2193
2187
2149
2069
1986
1961
2004
2032
2089
2156
2225
2233
2204
2190
2148
2111
2044
2004
2040
2139
2184
2180
2243
2287
2302
2227
2107
2050
2018
1942
1877
1855
1902
2007
2112
2133
2161
2227
2277
2274
2164
2015
1966
1994
2005
1972
1920
1952
2053
2139
2165
2173
2155
2166
2159
2077
1994
1925
1957
2045
2155
2239
2232
2162
2082
1980
1964
2014
2090
2142
2176
2176
2183
2224
2227
2138
2039
1956
1936
2002
2077
2177
2178
2187
2197
2195
2200
2102
2014
1970
1994
2012
2013
2007
2009
2023
2078
2159
2219
2195
2150
2071
2069
2071
2082
2089
2084
2094
2097
2148
2169
2183
2132
2112
2075
2095
2114
2130
2107
2091
2082
2088
2058
2037
2301
2228
2124
2062
2071
2089
2084
2089
2048
2007
2061
2144
2167
2160
2122
2091
2028
1998
1999
2039
1987
1967
1991
2076
2198
2225
2203
2134
2057
1958
1916
1969
2045
2114
2161
2254
2278
2185
2145
2143
2105
2037
1991
2008
2040
2041
2012
2092
2199
2257
2257
2217
2205
2079
1922
1816
1821
1906
1956
2024
2116
2192
2246
2275
2280
2246
2180
2119
2091
2073
2091
2066
2044
2053
2063
2099
2154
2142
2061
1923
1808
1785
1854
2027
2189
2329
2337
2289
2132
2054
2082
2138
2136
2062
2015
1972
1966
2056
2228
2309
2256
2178
2098
2017
1932
1892
1969
2093
2161
2115
2135
2248
2352
2338
2260
2210
2119
1994
1892
1890
1968
2011
2056
2086
2108
2152
2177
2159
2231
2264
2216
2168
2101
2062
2034
2041
2064
2084
2090
2068
2042
2018
2043
2072
2119
2129
2160
2180
2161
2163
2135
2146
2125
2115
2080
2077
2032
2020
2020
2022
2055
2086
2090
2068
2038
2020
2033
2066
2096
2125
2151
2145
2137
2109
2068
2041
2036
2043
2020
1999
1983
1947
1958
1999
2043
2144
2225
2272
2248
2168
2109
1982
1935
1919
1971
2069
2159
2231
2232
2207
2132
2038
2000
1957
1984
2036
2127
2216
2240
2232
2170
2092
2037
1999
2004
1987
2035
2079
2088
2055
2033
2028
1996
2014
2050
2077
2104
2105
2110
2072
2015
1963
1933
1919
2011
2100
2219
2324
2341
2292
2217
2112
2015
1982
2006
2051
2109
2138
2140
2109
2080
2035
1996
1992
2050
2156
2065
2063
2134
2233
2223
2153
2173
2190
2156
2039
1957
1951
1969
2030
2064
2110
2122
2019
1920
1932
2072
2269
2402
2432
2379
2258
2126
2073
2074
2054
1941
1928
2054
2189
2195
2096
2010
1996
2019
2065
2097
2161
2259
2319
2335
2255
2182
2082
1951
1885
1909
1968
2031
2058
2124
2200
2240
2176
2061
1976
2003
2012
2012
2090
2187
2271
2305
2320
2312
2228
2136
2059
2023
1936
1792
1738
1822
1876
1890
1913
2016
2128
2197
2250
2271
2240
2167
2122
2100
2082
2053
2060
2115
2161
2139
2087
2060
2033
2007
1971
1946
2003
2094
2138
2194
2269
2316
2263
2081
1948
1818
1756
1778
1856
2069
2294
2473
2505
2402
2318
2258
2049
1777
1574
1602
1762
1958
2119
2420
2438
2374
2210
2040
1847
1722
1696
1748
1905
2096
2302
2448
2479
2448
2290
2095
1900
1732
1651
1673
1782
1945
2138
2303
2416
2402
2296
2175
2031
1922
1839
1856
1940
2097
2216
2299
2368
2348
2320
2297
2227
2166
2103
2084
2088
2100
2118
2137
2145
2165
2244
2307
2335
2344
2255
2075
1896
1802
1824
1872
1978
2088
2147
2212
2259
2262
2228
2095
1952
1826
1711
1729
1773
1860
1982
2153
2275
2379
2355
2195
1961
1744
1614
1582
1621
1703
1812
1964
2109
2232
2272
2245
2163
2088
2073
2033
2011
1995
1960
2000
2123
2289
2454
2578
2580
2511
2396
2257
2120
1997
1971
2025
2102
2176
2244
2282
2297
2284
2180
2026
1894
1794
1746
1724
1757
1833
2003
2394
2322
2230
2075
1962
1900
1931
2008
2085
2154
2196
2194
2268
2293
2275
2145
1951
1790
1771
1861
1958
2108
2280
2417
2488
2422
2197
1911
1685
1673
1787
1984
2140
2237
2298
2332
2326
2284
2209
2092
1982
1904
1864
1842
1886
1998
2215
2452
2580
2531
2302
1966
1705
1616
1670
1839
1968
2122
2233
2348
2404
2414
2286
2084
1860
1696
1667
1734
1880
2014
2154
2335
2495
2509
2376
2171
1875
1675
1637
1717
1871
2081
2223
2360
2428
2440
2326
2139
1925
1788
1768
1901
2092
2298
2401
2422
2374
2254
2119
1995
1832
1771
1776
1874
2106
2380
2604
2657
2518
2259
1954
1647
1503
1473
1556
1765
2060
2378
2623
2758
2647
2322
1929
1575
1389
1454
1705
2090
1420
1865
2368
2730
2856
2769
2539
2248
1856
1508
1423
1593
1865
2065
2037
1933
1880
1973
2170
2418
2654
2836
2867
2655
2181
1610
1167
980
1005
1240
1711
2384
2972
3253
3110
2695
2288
1963
1743
1601
1580
1690
1817
1888
1885
1840
1883
2042
2331
2643
2847
2825
2582
2206
1794
1498
1420
1513
1720
1923
2033
2075
2146
2234
2302
2317
2368
2536
2734
2796
2552
2111
1751
1579
1606
1694
1867
2080
2274
2221
1946
1655
1621
1916
2359
2718
2914
2960
2834
2482
2026
1654
1560
1730
1934
2004
1959
1900
1886
1917
1994
2141
2409
2718
2860
2690
2259
1795
1570
1559
1669
1927
2265
2607
2764
2551
2089
1676
1493
1524
1616
1765
2015
2255
2358
2315
2309
2537
2032
1821
1660
1613
1670
1847
2068
2255
2382
2396
2299
2149
1990
1825
1738
1782
1953
2112
2236
2279
2278
2242
2166
2097
2064
2079
2075
2117
2140
2176
2174
2155
2115
2069
2019
1999
1991
2081
2179
2253
2290
2258
2162
2030
1930
1896
1879
1953
2053
2122
2136
2164
2121
2042
1953
1916
1908
1939
1974
2043
2045
2100
2137
2206
2261
2319
2297
2214
2112
1943
1776
1610
1591
1705
1948
2273
2571
2771
2734
2525
2186
1851
1620
1543
1688
2021
2402
2747
2902
2865
2620
2232
1809
1422
1214
1267
1566
2084
2664
3095
3249
3055
2612
2007
1445
1051
988
1266
1784
2387
2883
3083
2921
2480
1867
1289
928
836
1128
1700
2367
2939
3325
3274
2872
2214
1550
1059
2300
2709
2889
2919
2922
3015
3261
3567
3676
3448
2888
2164
1419
742
272
137
421
1086
1909
2663
3283
3652
3660
3348
2937
2539
2273
2007
1676
1328
1139
1109
1131
1205
1460
1988
2699
3291
3629
3709
3655
3401
2823
1932
1020
438
422
749
1120
1427
1698
1962
2094
1967
1681
1402
1331
1377
1438
1504
1687
2040
2414
2566
2416
2108
1824
1718
1637
1646
1774
2225
2943
3696
4095
4083
3624
2887
2090
1350
746
467
561
1016
1637
2295
2938
3520
3943
4091
3952
3597
3236
2960
2730
2531
2227
1970
1792
1690
1649
1610
1649
1775
1970
2047
1999
1855
1760
1742
1754
1696
1561
1463
1478
1596
1741
1783
1852
2060
2430
2819
3033
2937
2633
2242
1902
1613
3527
2262
959
1
1
1
0
0
1
3
138
1354
2656
3867
4095
4095
4095
4095
4095
4095
4074
3124
2019
966
96
2
1
1
0
2
210
1023
1881
2728
3525
4095
4095
4095
4095
4095
4095
3600
2788
1930
1071
290
3
3
0
0
1
221
904
1699
2474
3199
3806
4095
4095
4095
4095
4095
3932
3341
2663
1946
1218
537
1
2
1
2
2
2
220
818
1495
2206
2881
3544
4095
4095
4095
4095
4095
4095
4023
3411
2725
2001
1312
691
226
3
3
1
53
396
872
1403
1964
2475
2892
3265
3494
3584
3532
3357
3094
2781
2428
2111
1797
1555
1395
1336
1350
1443
1602
1761
1975
2184
2379
2595
2751
2897
2999
3016
