2093
2116
2115
2097
2083
2099
2080
2081
2067
2068
2086
2083
2077
2081
2087
2074
2130
2112
2100
2094
2079
2084
2107
2102
2098
2107
2101
2100
2094
2091
2076
2070
2069
2112
2099
2068
2078
2079
2089
2092
2101
2095
2097
2108
2095
2100
2089
2095
2093
2088
2096
2080
2067
2081
2103
2098
2081
2082
2098
2104
2094
2082
2074
2079
2088
2093
2085
2091
2073
2096
2095
2086
2104
2104
2076
2093
2105
2095
2088
2081
2065
2095
2083
2085
2097
2097
2081
2075
2088
2098
2088
2093
2080
2117
2095
2096
2103
2064
2101
2112
2109
2114
2095
2103
2099
2101
2105
2095
2099
2096
2075
2083
2087
2086
2090
2098
2119
2096
2104
2097
2095
2104
2110
2087
2071
2076
2093
2080
2063
2063
2059
2040
2064
2074
2069
2082
2089
2052
2056
2077
2059
2070
2073
2081
2074
2093
2095
2095
2098
2097
2106
2100
2101
2104
2103
2121
2120
2126
2148
2134
2120
2107
2103
2085
2097
2093
2110
2133
2091
2103
2097
2114
2108
2107
2089
2095
2100
2091
2080
2087
2082
2082
2066
2078
2069
2080
2068
2092
2093
2044
2069
2096
2089
2106
2108
2113
2128
2099
2115
2132
2107
2100
2127
2135
2125
2109
2135
2116
2130
2127
2145
2142
2124
2125
2131
2128
2110
2129
2109
2150
2126
2125
2112
2116
2105
2130
2115
2117
2073
2083
2089
2084
2103
2078
2095
2094
2099
2084
2088
2089
2059
2074
2081
2058
2061
2072
2093
2082
2084
2068
2072
2061
2083
2098
2088
2119
2061
2051
2075
2070
2066
2055
2057
2053
2073
2045
2057
2039
2064
2082
2078
2059
2051
2060
2074
2080
2075
2063
2070
2067
2076
2071
2088
2084
2096
2092
2090
2083
2106
2099
2095
2105
2097
2104
2103
2105
2097
2118
2113
2118
2108
2124
2130
2118
2129
2111
2117
2112
2119
2119
2115
2114
2119
2112
2113
2128
2134
2118
2133
2130
2120
2132
2107
2134
2135
2131
2133
2106
2120
2126
2105
2095
2119
2107
2106
2113
2090
2107
2109
2114
2130
2120
2112
2108
2095
2091
2107
2099
2077
2077
2082
2086
2094
2089
2065
2076
2053
2060
2079
2062
2050
2051
2052
2052
2061
2059
2064
2037
2044
2038
2043
2044
2063
2048
2043
2036
2019
2047
2052
2041
2025
2030
2038
2057
2126
2183
2193
2215
2192
2203
2184
2128
2107
2053
2041
2016
1987
2007
2048
2037
2048
2065
2090
2113
2158
2176
2157
2138
2143
2132
2123
2106
2101
2088
2063
2047
2052
2046
2065
2101
2098
2127
2123
2120
2123
2138
2107
2086
2086
2083
2089
2071
2092
2104
2116
2119
2121
2124
2130
2119
2131
2103
2106
2122
2140
2126
2115
2125
2120
2116
2098
2088
2062
2042
2013
1990
1983
1983
2020
2036
2087
2093
2142
2160
2140
2140
2144
2117
2101
2066
2036
2046
2049
2042
2038
2067
2086
2108
2105
2097
2090
2109
2090
2084
2061
2038
2032
2048
2061
2061
2068
2090
2105
2129
2137
2141
2106
2103
2111
2105
2090
2059
2027
2074
2069
2072
2054
2071
2077
2094
2132
2133
2003
1993
2012
2067
2127
2168
2191
2159
2116
2111
2145
2152
2172
2181
2156
2075
2025
1990
2006
2047
2098
2117
2138
2132
2092
2119
2118
2150
2161
2180
2172
2150
2077
2051
2022
2043
2066
2088
2118
2155
2156
2109
2101
2110
2058
2084
2086
2110
2081
2092
2115
2103
2073
2032
2045
2051
2062
2056
2137
2148
2134
2109
2131
2178
2175
2146
2111
2102
2077
2059
2063
2070
2083
2082
2090
2085
2075
2042
1995
2020
2045
2038
2066
2121
2195
2180
2176
2194
2175
2143
2097
2089
2064
2030
2010
2016
2014
2036
2053
2105
2100
2100
2076
2096
2102
2122
2100
2064
2016
1978
2011
2038
2070
2105
2105
2090
2097
2120
2155
2149
2133
2104
2041
2007
2035
2065
2095
2103
1932
1959
2019
2101
2176
2227
2245
2244
2155
2082
2028
1965
1932
1999
2090
2172
2198
2224
2212
2148
2087
2014
1992
2002
2053
2131
2212
2254
2235
2184
2067
1970
1920
1899
1917
1943
2008
2089
2160
2194
2181
2175
2120
2064
1998
2002
2035
2064
2109
2159
2184
2187
2170
2156
2088
2035
2016
2014
2033
2053
2106
2143
2151
2169
2141
2127
2072
2028
2015
2024
2069
2076
2132
2172
2170
2157
2098
2048
2010
1985
1994
2020
2058
2102
2159
2187
2216
2212
2202
2170
2121
2056
2003
1953
1909
1969
2024
2113
2150
2184
2136
2122
2071
2026
1975
1984
2036
2150
2204
2264
2269
2209
2152
2048
1968
1916
1927
1978
2075
2164
2207
2213
2202
2188
2140
2091
2052
2006
2014
2016
1988
2010
2082
2209
2259
2205
2095
2053
2034
2043
2027
1988
1980
2024
2119
2194
2205
2197
2142
2136
2073
2000
1999
2006
2060
2095
2134
2190
2234
2275
2274
2228
2109
1964
1904
1930
2016
2118
2198
2236
2266
2228
2148
2051
1975
1952
1999
2062
2130
2177
2217
2259
2282
2237
2136
2017
1984
1943
1921
1914
1916
2022
2144
2241
2293
2284
2190
2080
1995
1955
1945
1961
2027
2158
2268
2328
2320
2241
2138
2038
1956
1942
1960
1973
2028
2069
2139
2183
2199
2207
2181
2129
2051
1945
1866
1878
1922
2028
2109
2218
2275
2263
2196
2102
2020
1957
1918
1933
1991
2072
2154
2211
2217
2187
2149
2093
1991
1933
1923
1928
1941
2031
2101
2206
2278
2293
2169
2180
2134
2123
2133
2079
2029
2087
2190
2167
2144
2156
2101
2015
1980
1998
2063
2130
2192
2195
2107
2018
1957
1939
1945
2003
2095
2114
2073
1980
1901
1924
1981
2062
2101
2162
2184
2112
2025
2033
2103
2088
2019
2026
2086
2118
2113
2133
2107
2023
1952
2051
2192
2269
2222
2127
2024
1975
1990
2035
2079
2085
2136
2150
2121
2082
2091
2100
2104
2222
2341
2272
2089
2007
2047
2007
1948
2014
2105
2133
2147
2264
2272
2090
1935
1990
2123
2193
2120
1889
1808
1965
2161
2165
2130
2184
2257
2125
1964
1915
1882
1851
1962
2208
2359
2368
2351
2307
2131
1944
1913
1988
2060
2118
2141
2207
2238
2310
2275
2223
2219
2207
2128
2056
2083
2088
2095
2106
2179
2264
2321
2294
2208
2096
1947
1876
1842
1897
2004
2129
2256
2306
2302
2216
2080
1959
1866
1870
1904
2030
2112
2182
2238
2231
2177
2133
2049
1989
1979
1992
2005
2041
2102
2135
2144
2145
2127
2055
2006
2002
2041
2092
2134
2159
2193
2169
2108
2072
2014
1981
2032
2080
2138
2208
2212
2190
2138
2065
2037
2000
2015
2045
2099
2141
2168
2177
2161
2117
2111
2099
2075
2049
2037
2055
2093
2177
2217
2248
2228
2175
2074
1920
1891
1912
1992
2124
2273
2309
2312
2174
2029
1911
1820
1867
2020
2177
2343
2399
2336
2169
1938
1790
1751
1827
2015
2190
2345
2360
2300
2117
1932
1812
1793
1901
2040
2197
2275
2264
2171
2035
1904
1868
1941
2054
2203
2324
2212
2082
2042
1988
1957
1888
1748
1648
1640
1759
1931
2237
2523
2580
2363
2115
1990
1960
1996
2056
2149
2227
2183
2011
1885
1977
2132
2214
2113
1990
1989
1965
1977
2128
2432
2599
2486
2243
2090
2036
1904
1799
1774
1796
1780
1776
1913
2173
2389
2487
2521
2502
2406
2384
2453
2387
2144
1859
1640
1436
1383
1668
2124
2464
2506
2427
2399
2248
2038
1924
1893
1853
1734
1723
1887
2147
2418
2627
2665
2432
2077
1904
1878
1883
1925
2123
2315
2383
2289
2303
2465
2524
2361
2163
2033
1934
1895
1908
1989
2061
2135
2146
2134
2152
2228
2338
2336
2146
1870
1629
1442
1348
1438
1696
1899
1998
2099
2218
2374
2422
2349
2288
2194
2001
1858
1928
2058
2097
2242
2363
2338
2166
1968
1768
1658
1724
1856
2077
2352
2537
2579
2451
2208
1965
1796
1736
1804
1962
2145
2236
2266
2181
2094
2054
2070
2123
2200
2246
2226
2129
2006
1875
1806
1898
2083
2275
2460
2571
2510
2334
2062
1789
1639
1607
1761
1974
2168
2292
2296
2221
2105
1986
1909
1907
1952
2034
2091
2097
2088
2067
2091
2145
2191
2229
2261
2230
2126
2042
1975
1955
2015
2153
2269
2357
2324
2203
1993
1816
1701
1760
1978
2269
2514
2646
2590
2329
2016
1720
1573
1647
1836
2059
2291
2389
2319
2134
1890
1736
1740
1844
2079
2290
2412
2404
2264
2058
1902
1846
1942
2176
2420
2534
2504
2316
2019
1710
1532
1563
1829
2160
2483
2661
2593
2328
1966
1611
2623
2828
2704
2404
2043
1662
1235
1065
1163
1362
1575
1715
1938
2162
2247
2329
2492
2689
2714
2559
2312
2062
1756
1560
1619
1859
2114
2209
2284
2456
2587
2537
2470
2571
2762
2708
2470
2212
2109
2117
2158
2193
2311
2405
2349
2120
1863
1742
1679
1709
1983
2406
2721
2773
2731
2672
2512
2238
1969
1903
1902
1726
1411
1358
1692
2100
2356
2418
2531
2619
2462
2131
1809
1672
1657
1741
1811
1910
2077
2219
2240
2125
1845
1626
1647
1739
1719
1593
1574
1764
1930
2023
2084
2297
2456
2431
2142
1906
1815
1752
1646
1617
1883
2224
2499
2617
2652
2606
2476
2251
1981
1839
1821
1916
1962
1941
1974
2069
2192
2191
2138
2164
2342
2466
2329
2063
1942
2006
2908
3110
3059
2788
2308
1748
1244
932
935
1235
1784
2399
2927
3240
3315
3111
2734
2221
1675
1214
920
852
1040
1458
2065
2635
3054
3243
3183
2877
2442
1935
1507
1238
1145
1239
1501
1863
2256
2585
2785
2791
2618
2336
2041
1784
1634
1604
1699
1856
2008
2159
2286
2331
2369
2392
2396
2404
2426
2417
2325
2149
1896
1690
1573
1568
1726
1969
2272
2596
2848
2961
2889
2691
2308
1836
1360
954
761
825
1117
1654
2215
2787
3205
3448
3480
3331
2963
2460
1863
1326
891
718
790
1058
1426
1837
2260
2612
2873
3007
2995
2841
2648
2388
2123
1879
1716
1554
1469
1464
1525
1652
1794
1929
2102
2257
2395
2546
2583
2582
2520
2406
2233
2084
1892
1719
3465
3032
2640
2182
1609
1013
565
453
812
1434
2127
2670
3094
3336
3500
3526
3384
2998
2465
1852
1327
962
730
646
719
955
1461
2122
2750
3216
3393
3299
3117
2880
2629
2320
1848
1326
834
559
574
820
1258
1783
2329
2873
3346
3760
3909
3828
3388
2682
1793
878
122
0
1
0
369
1264
2200
3021
3610
3905
3905
3644
3149
2448
1693
1004
616
546
816
1325
1926
2416
2830
3122
3354
3470
3394
3092
2552
1846
1150
671
501
602
913
1408
1995
2702
3450
4095
4095
4095
4095
3873
2780
1450
134
0
2
1
0
0
257
1667
3174
4095
4095
4095
4095
4095
3521
2151
799
1
2
2
0
1
159
1215
2307
3229
3814
3925
8
91
1846
3760
4095
4095
4095
4095
4095
4095
4095
2562
595
0
0
0
1
0
0
0
794
2564
4095
4095
4095
4095
4095
4095
4095
4054
2606
965
0
0
1
1
0
0
0
743
2353
3863
4095
4095
4095
4095
4095
4095
4095
2879
1270
0
0
0
0
1
0
0
102
1574
3249
4095
4095
4095
4095
4095
4095
4095
4095
2926
1232
2
1
2
0
1
0
1
0
456
2080
3666
4095
4095
4095
4095
4095
4095
4095
4095
3879
2182
343
0
0
0
1
0
1
0
0
0
1338
3188
4095
4095
4095
4095
4095
4095
4095
4095
4095
4095
2881
930
2
0
0
0
1
0
0
0
1
1
1165
2881
