2100
2096
2102
2092
2088
2088
2090
2091
2108
2102
2098
2109
2096
2107
2096
2111
2099
2105
2101
2102
2110
2093
2092
2097
2098
2099
2100
2101
2094
2095
2097
2103
2099
2099
2100
2103
2104
2105
2111
2099
2097
2099
2096
2094
2105
2096
2110
2102
2102
2106
2101
2104
2104
2099
2095
2092
2100
2107
2103
2092
2087
2099
2096
2101
2095
2093
2100
2098
2096
2095
2107
2106
2109
2100
2105
2113
2106
2104
2106
2112
2111
2104
2105
2108
2101
2100
2107
2103
2086
2091
2102
2097
2106
2100
2097
2097
2092
2104
2097
2088
2088
2085
2088
2091
2090
2092
2086
2096
2088
2087
2092
2083
2092
2099
2093
2099
2090
2086
2085
2084
2094
2087
2091
2091
2098
2086
2082
2092
2132
2137
2136
2146
2136
2146
2146
2156
2144
2160
2163
2160
2160
2147
2156
2152
2155
2153
2146
2134
2134
2132
2126
2127
2120
2129
2115
2106
2108
2093
2088
2096
2093
2088
2079
2082
2083
2090
2085
2078
2091
2081
2084
2087
2082
2087
2096
2084
2082
2092
2104
2096
2094
2099
2120
2112
2122
2128
2124
2130
2127
2143
2133
2138
2133
2128
2118
2129
2134
2125
2133
2118
2129
2119
2111
2115
2109
2118
2107
2107
2102
2094
2083
2079
2086
2070
2077
2062
2063
2064
2050
2043
2043
2034
2043
2040
2044
2036
2032
2036
2053
2045
2042
2046
2051
2058
2062
2053
2070
2075
2078
2082
2098
2083
2087
2108
2114
2111
2112
2120
2119
2136
2127
2140
2128
2127
2140
2129
2128
2126
2124
2137
2127
2141
2139
2144
2136
2132
2133
2146
2141
2142
2150
2152
2156
2142
2156
2143
2141
2154
2152
2142
2143
2148
2144
2147
2144
2131
2129
2144
2127
2134
2142
2136
2126
2132
2130
2127
2111
2108
2116
2118
2119
2103
2104
2108
2101
2096
2097
2102
2093
2090
2098
2085
2083
2095
2082
2083
2075
2068
2079
2063
2068
2061
2066
2055
2056
2053
2046
2057
2046
2049
2057
2050
2032
2041
2042
2043
2043
2044
2028
2023
2022
2020
2019
2025
2036
2033
2021
2023
2034
2035
2034
2040
2047
2048
2051
2044
2046
2044
2040
2052
2057
2065
2062
2073
2072
2071
2080
2092
2094
2096
2108
2104
2110
2120
2120
2134
2138
2134
2139
2138
2152
2156
2163
2159
2229
2166
2117
2038
1998
1959
1924
1927
1942
1987
2026
2081
2134
2173
2212
2234
2242
2234
2212
2188
2142
2117
2086
2054
2041
2023
2013
2020
2040
2045
2080
2100
2113
2123
2126
2129
2122
2118
2110
2087
2078
2060
2067
2066
2078
2088
2099
2104
2107
2103
2096
2082
2083
2064
2046
2056
2046
2055
2044
2053
2038
2037
2027
2018
2014
2005
1996
2008
2024
2050
2096
2131
2166
2195
2209
2211
2197
2185
2125
2085
2064
2030
2002
2004
2008
2030
2066
2092
2106
2138
2160
2162
2143
2130
2116
2082
2071
2057
2062
2067
2093
2119
2149
2172
2176
2177
2184
2159
2144
2116
2088
2089
2079
2060
2058
2069
2074
2104
2131
2151
2171
2189
2192
2176
2176
2158
2134
2112
2171
2225
2276
2288
2260
2183
2106
2088
2082
2119
2120
2084
2026
1977
1922
1921
2024
2136
2208
2212
2204
2162
2099
2064
2086
2102
2112
2110
2072
2016
1977
1955
1977
2031
2093
2123
2134
2156
2135
2081
2043
2058
2056
2054
2083
2090
2086
2066
2075
2088
2054
2016
2019
2088
2127
2155
2149
2185
2168
2105
2069
2076
2090
2055
2016
2025
2033
2011
2023
2070
2106
2108
2096
2082
2068
2047
2032
2059
2124
2176
2192
2209
2233
2226
2143
2072
2039
1999
1962
1965
2006
2018
2018
2056
2127
2186
2199
2181
2164
2124
2098
2064
2077
2116
2099
2034
1988
1995
2077
2137
2184
2200
2198
2139
2110
2137
2152
2134
2087
2031
1996
1989
2044
2112
2154
2151
2121
2102
2194
2284
2317
2274
2188
2076
1964
1878
1858
1896
1996
2122
2220
2283
2270
2205
2116
2011
1942
1922
1955
2050
2147
2209
2243
2181
2070
1958
1854
1840
1861
1959
2092
2208
2313
2378
2371
2302
2188
2081
2004
1952
1952
2011
2075
2139
2182
2203
2175
2128
2067
2025
1992
1998
2010
2059
2096
2148
2196
2206
2169
2119
2047
1982
1955
1941
1981
2056
2139
2222
2259
2256
2213
2154
2077
2024
1996
2019
2067
2140
2199
2254
2267
2256
2210
2171
2111
2058
2006
1963
1930
1946
2004
2092
2201
2250
2259
2201
2110
2023
1969
1957
2007
2089
2180
2258
2303
2287
2207
2074
1946
1872
1840
1900
1994
2136
2249
2316
2305
2261
2173
2085
2006
1980
1974
1999
2022
2072
2218
2184
2224
2307
2330
2194
2026
1904
1932
2011
2095
2112
2110
2172
2287
2354
2313
2198
2060
1992
1992
1978
2001
2089
2169
2235
2259
2246
2225
2181
2117
2009
1883
1793
1815
1959
2138
2291
2356
2339
2232
2116
1972
1908
1882
1931
2067
2202
2276
2250
2199
2166
2109
2024
1879
1787
1808
1906
2002
2103
2170
2257
2347
2385
2346
2200
2006
1867
1850
1901
1977
2091
2216
2330
2374
2300
2153
1964
1829
1768
1782
1884
2020
2131
2187
2230
2235
2235
2179
2094
2005
1944
1897
1876
1892
1966
2099
2237
2340
2371
2335
2213
2054
1933
1871
1884
1948
2049
2159
2276
2325
2314
2234
2115
2003
1918
1888
1912
1998
2088
2188
2284
2364
2384
2354
2271
2112
1956
2029
1948
1948
1969
1945
1984
2108
2150
2057
2010
1986
1931
1900
1968
2088
2182
2216
2156
2020
1878
1828
1894
2000
2091
2216
2246
2166
2066
2005
2064
2227
2364
2394
2336
2257
2145
2009
1955
2059
2153
2106
2053
2118
2194
2194
2138
2106
2078
2020
2067
2268
2361
2254
2049
1976
1983
2052
2158
2254
2250
2192
2198
2179
2083
2040
2106
2153
2156
2210
2195
1968
1742
1811
2012
2040
2024
2153
2242
2171
2102
2119
1975
1744
1761
2026
2227
2208
2016
1887
2024
2340
2475
2280
2094
2114
2093
1840
1758
1932
2118
2206
2412
2614
2507
2225
2029
1896
1737
1727
1938
2178
2255
2232
2196
2160
2143
2114
1994
1944
1961
1980
1913
1920
2026
2066
2018
2023
2052
2257
2105
1939
1797
1730
1759
1892
2066
2246
2380
2424
2351
2220
2038
1861
1775
1790
1893
2066
2215
2324
2352
2321
2220
2096
1993
1934
1918
1962
2040
2116
2172
2218
2234
2204
2157
2110
2054
2038
2061
2120
2178
2208
2216
2176
2107
2042
1976
1964
2011
2094
2190
2256
2265
2231
2136
2046
1979
1952
1985
2048
2137
2201
2228
2211
2170
2109
2061
2032
2043
2052
2054
2080
2126
2182
2219
2225
2190
2106
1974
1846
1802
1855
2013
2189
2330
2403
2356
2184
1977
1787
1724
1783
1978
2238
2428
2474
2363
2111
1839
1647
1614
1776
2048
2345
2535
2539
2382
2108
1841
1663
1678
1853
2110
2354
2486
2475
2313
2088
1900
1829
1898
2092
2307
2437
2445
2326
2114
1599
1703
1775
1810
1815
1850
2026
2309
2579
2758
2820
2658
2227
1751
1567
1754
2058
2248
2294
2273
2145
1902
1711
1777
2089
2329
2304
2116
2055
2154
2220
2248
2365
2472
2296
1857
1551
1580
1704
1722
1751
1923
2110
2252
2448
2754
2964
2882
2581
2275
1966
1743
1693
1705
1556
1328
1298
1501
1770
2175
2694
3052
2914
2432
2111
2032
1912
1782
1827
1973
1986
1908
2042
2304
2483
2467
2286
1955
1551
1368
1607
2008
2240
2392
2580
2601
2358
2037
1973
2020
1854
1505
1359
1508
1752
2014
2304
2537
2640
2617
2505
2399
2324
2268
2150
1882
1567
1426
1536
1823
2203
2628
2938
2947
2748
2560
2453
2352
2121
1874
1746
1707
1692
1853
2219
2490
2488
2384
2232
1972
1761
1675
1772
2027
2347
2621
2778
2741
2495
2136
1788
1560
1553
1736
2021
2316
2505
2519
2382
2178
2011
1978
2038
2152
2238
2228
2139
2008
1877
1825
1888
2086
2343
2523
2567
2422
2132
1762
1456
1310
1401
1691
2085
2438
2640
2618
2432
2179
1972
1848
1829
1940
2101
2241
2328
2309
2230
2179
2163
2195
2229
2232
2185
2108
1996
1911
1898
1964
2102
2269
2370
2336
2189
1974
1762
1648
1718
1967
2310
2597
2715
2579
2241
1783
1415
1268
1411
1768
2183
2510
2637
2544
2272
1955
1716
1687
1896
2201
2503
2664
2615
2380
2064
1784
1696
1813
2092
2383
2561
2511
2259
1888
1525
1340
1406
1773
2276
2725
2922
2798
2400
1856
1408
1213
1362
1804
2471
1795
1288
1111
1116
1325
1877
2574
3039
3179
3182
3205
3109
2854
2646
2561
2400
2005
1581
1369
1378
1518
1870
2417
2920
3087
2947
2820
2770
2607
2278
2079
2093
2121
1819
1438
1314
1512
1765
1882
1919
1976
1914
1660
1406
1408
1657
1952
2293
2634
2790
2591
2084
1659
1407
1250
1127
1178
1468
1753
1760
1786
2203
2820
3093
2844
2433
2170
1946
1611
1294
1301
1650
2032
2297
2402
2460
2485
2381
2150
1860
1688
1793
2147
2413
2424
2366
2516
2791
2896
2764
2613
2624
2482
2101
1694
1664
1900
2103
2240
2503
2878
3088
2914
2522
2108
1803
1558
1370
1340
1560
1885
2160
2254
2251
2281
2349
2369
2234
2092
2124
2265
2216
1862
1584
1705
2033
2111
2423
1682
1052
620
533
850
1509
2379
3195
3744
3858
3535
2856
2012
1209
610
328
396
775
1382
2141
2911
3530
3834
3721
3240
2496
1684
1007
600
528
787
1270
1879
2479
2978
3262
3292
3059
2614
2060
1555
1238
1157
1317
1632
1986
2318
2552
2673
2687
2614
2485
2333
2190
2051
1945
1838
1700
1530
1398
1378
1576
1922
2367
2775
3027
3072
2894
2514
2033
1495
1010
649
537
724
1225
1976
2819
3567
4060
4095
3946
3374
2622
1805
1035
419
56
16
341
938
1733
2526
3170
3591
3774
3713
3450
3051
2553
2016
1537
1195
996
954
1040
1239
1510
1826
2169
2464
2701
2844
2916
2915
2823
2678
2472
2199
1929
1660
1453
1349
1314
1358
1484
1697
3
3
146
375
834
1639
2719
3835
4095
4095
4095
4011
3350
2676
1946
1200
527
85
4
239
744
1348
1917
2478
3022
3477
3678
3508
2932
2126
1360
879
628
552
508
541
781
1294
2098
3016
3841
4095
4095
4095
4095
3983
3322
2425
1442
461
2
4
2
536
1663
2940
4095
4095
4095
4095
4095
4002
2846
1641
580
3
2
0
9
818
1909
2932
3661
3956
3848
3469
2927
2337
1720
1042
387
2
1
238
1114
2221
3295
4095
4095
4095
4095
4095
3953
2845
1369
1
2
1
3
2
1
623
2643
4095
4095
4095
4095
4095
4095
4095
2541
426
4
3
2
4
3
3
1420
3146
4095
4095
4095
4095
4095
3928
2582
1312
4095
4095
4095
4095
4095
3270
545
4
3
3
3
3
3
3
380
2970
4095
4095
4095
4095
4095
4095
4095
4095
2761
317
2
2
2
2
1
2
1
337
2525
4095
4095
4095
4095
4095
4095
4095
4095
3033
745
2
2
1
3
2
2
3
1
1853
4095
4095
4095
4095
4095
4095
4095
4095
4095
2312
1
0
1
3
2
2
3
3
4
1178
3566
4095
4095
4095
4095
4095
4095
4095
4095
4095
2400
11
1
3
2
1
1
1
1
1
1
1495
4095
4095
4095
4095
4095
4095
4095
4095
4095
4095
4095
1805
1
2
3
1
3
2
2
1
1
1
19
2325
4095
4095
4095
4095
4095
4095
4095
4095
