2133
2137
2142
2134
2130
2129
2127
2116
2113
2122
2121
2121
2129
2123
2112
2104
2102
2111
2108
2107
2098
2104
2083
2080
2066
2080
2077
2070
2079
2068
2089
2072
2075
2072
2080
2090
2091
2087
2081
2084
2080
2085
2069
2081
2087
2077
2074
2094
2079
2094
2093
2096
2086
2088
2101
2104
2118
2109
2106
2105
2111
2102
2106
2105
2117
2109
2107
2116
2096
2107
2108
2088
2090
2098
2102
2092
2099
2111
2099
2103
2100
2094
2084
2085
2093
2074
2077
2087
2079
2070
2079
2079
2073
2075
2073
2074
2066
2075
2082
2075
2059
2068
2067
2053
2050
2060
2073
2070
2062
2084
2062
2044
2062
2077
2073
2067
2076
2083
2080
2069
2068
2078
2082
2076
2086
2076
2066
2087
2203
2199
2169
2144
2110
2084
2067
2052
2042
2024
2020
2006
2004
2028
2023
2042
2063
2074
2093
2111
2116
2130
2140
2144
2160
2152
2148
2132
2127
2102
2086
2078
2043
2023
2008
1992
1984
1978
1965
1975
1974
1998
2009
2021
2040
2068
2085
2106
2134
2156
2162
2175
2188
2188
2186
2174
2175
2161
2142
2136
2111
2101
2084
2073
2062
2047
2037
2044
2055
2055
2078
2106
2113
2146
2172
2186
2200
2217
2215
2220
2218
2200
2186
2160
2138
2089
2048
2010
2018
1968
1966
1962
1970
1981
1996
2006
2043
2076
2116
2144
2175
2207
2225
2234
2221
2204
2204
2170
2156
2122
2080
2053
2030
1999
1984
1980
1992
1986
2000
2021
2040
2053
2096
2121
2158
2169
2176
2180
2045
2058
2067
2056
2028
2002
2016
2027
2048
2073
2114
2135
2164
2159
2157
2143
2131
2121
2093
2096
2116
2121
2131
2137
2142
2145
2171
2166
2155
2114
2078
2029
2016
1996
1966
1970
2003
2053
2036
2017
2028
2052
2100
2117
2132
2143
2165
2173
2179
2180
2160
2148
2140
2129
2089
2062
2048
2047
2030
2012
1999
2013
2043
2050
2072
2059
2072
2070
2039
2045
2064
2094
2131
2162
2173
2183
2172
2174
2179
2162
2156
2141
2137
2130
2075
2033
2011
2014
2003
1985
1982
2009
2080
2157
2205
2243
2286
2303
2304
2272
2214
2160
2080
2022
1955
1900
1867
1863
1891
1936
1983
2046
2118
2208
2263
2306
2321
2336
2348
2326
2256
2183
2094
2004
1911
1830
1818
1839
2060
2036
2042
2027
2022
2006
2006
2023
2072
2142
2196
2216
2206
2132
2060
2024
2022
2067
2126
2179
2187
2137
2057
2004
1998
2025
2095
2172
2201
2163
2103
2041
1980
1980
2024
2133
2214
2249
2209
2112
2004
1936
1940
1998
2073
2151
2179
2178
2144
2109
2105
2101
2110
2123
2083
2049
2015
2024
2084
2155
2231
2252
2222
2153
2056
1973
1948
1975
2040
2100
2128
2122
2112
2076
2060
2071
2105
2094
2069
2042
2022
2016
2075
2153
2233
2273
2251
2170
2044
1942
1909
1979
2127
2274
2364
2369
2252
2057
1878
1762
1767
1870
2033
2184
2276
2257
2184
2119
2087
2101
2154
2236
2296
2289
2218
2126
2034
1978
1996
2016
2084
2127
2160
2136
2102
2079
2070
2093
2060
2068
2143
2203
2187
2194
2256
2299
2182
2012
1920
1843
1826
1936
2105
2190
2249
2323
2390
2368
2272
2136
1970
1792
1769
1874
1976
2006
2055
2157
2225
2167
2120
2112
2028
1995
2082
2180
2157
2067
1998
1932
1893
1964
2077
2147
2146
2172
2203
2182
2094
2042
2024
1996
1970
1988
2024
2021
1988
2045
2139
2167
2135
2136
2125
2103
2081
2056
1998
1930
1926
2003
2146
2250
2263
2195
2105
1998
1979
2029
2080
2092
2106
2166
2188
2156
2088
2058
2038
2025
2033
2072
2110
2114
2117
2177
2265
2271
2219
2143
2080
1970
1880
1873
1943
2007
2107
2229
2318
2297
2223
2200
2170
2085
2024
2052
2080
2043
2052
2139
2213
2171
2104
2074
2032
1994
2022
2094
1915
1952
2010
2101
2144
2158
2152
2111
2068
2043
2052
2090
2154
2198
2207
2176
2120
2056
2019
2000
1996
2017
2050
2075
2101
2105
2105
2111
2118
2123
2140
2158
2171
2160
2143
2102
2056
2011
2019
2052
2073
2088
2074
2035
1985
1945
1928
1952
2017
2085
2133
2165
2193
2210
2195
2168
2125
2072
2039
2023
2046
2088
2140
2173
2196
2189
2153
2095
2035
1972
1913
1872
1888
1944
2038
2128
2197
2238
2250
2224
2175
2115
2067
2081
2132
2217
2283
2301
2280
2206
2125
2036
1967
1925
1924
1989
2050
2082
2074
2017
1965
1938
1943
1978
2044
2139
2222
2254
2224
2177
2129
2118
2107
2084
2049
2088
2173
2276
2325
2308
2254
2172
2042
1918
1835
1837
1955
2098
2044
1904
1808
1850
1992
2083
2123
2169
2232
2243
2206
2109
1978
1865
1878
2007
2182
2295
2278
2156
2020
1895
1805
1819
1950
2180
2377
2466
2418
2301
2161
2033
1877
1717
1649
1738
1970
2198
2357
2373
2284
2147
1989
1873
1814
1844
1953
2117
2259
2315
2274
2190
2094
2071
2087
2083
2024
1996
2026
2105
2223
2275
2235
2145
2056
1962
1874
1834
1835
1918
2083
2222
2292
2230
2134
2056
2045
2089
2164
2175
2138
2071
2035
2022
2021
2022
2036
2070
2122
2169
2162
2150
2136
2133
2148
2112
2058
2006
1994
2053
2178
2264
2289
2219
2113
2016
1972
1970
2023
2073
2145
2208
2267
2295
2247
2140
2013
1904
1909
1984
2098
2180
2221
2210
2192
2162
2115
2059
1888
1955
2128
2310
2408
2303
2058
1916
1930
1963
1919
1937
2051
2155
2138
2059
2019
2018
2007
2043
2212
2344
2209
1892
1692
1755
1930
2093
2191
2236
2162
2058
2071
2192
2275
2211
2096
1943
1789
1785
2003
2310
2472
2480
2404
2158
1837
1752
1864
1925
1834
1798
1882
1965
2111
2347
2408
2097
1702
1651
1854
2055
2200
2239
2067
1864
2011
2461
2756
2746
2570
2344
2151
2168
2368
2414
2209
2031
2027
2126
2258
2348
2240
1979
1808
1910
2068
2149
2118
1924
1680
1675
1923
2095
2058
2019
2079
2139
2271
2447
2416
2076
1751
1696
1821
1936
1946
1840
1756
1953
2333
2595
2575
2280
1784
1326
1349
1726
1974
2019
2170
2440
2628
2732
2822
2571
1952
1570
2618
2623
2418
2090
1772
1608
1679
1935
2243
2445
2442
2222
1912
1664
1629
1842
2200
2535
2651
2495
2156
1798
1626
1687
1978
2320
2545
2540
2291
1947
1659
1614
1823
2201
2534
2663
2530
2190
1775
1467
1472
1788
2286
2725
2882
2700
2274
1832
1562
1584
1859
2216
2446
2423
2193
1886
1696
1718
1982
2350
2671
2740
2496
2031
1576
1338
1368
1640
2008
2283
2340
2162
1883
1727
1821
2143
2563
2874
2891
2611
2088
1616
1398
1550
1987
2475
2791
2779
2448
1917
1500
1368
1594
2037
2455
2655
2473
2036
1570
1318
1444
1881
2472
2949
3093
2838
2273
1696
1381
1406
1778
2297
2742
2906
2729
2335
1940
1734
1717
1866
2031
2124
2023
1837
1703
1750
1927
2142
2031
1696
1551
1636
1996
2389
2339
1772
1380
1842
2889
3593
3218
1956
860
615
1210
2088
2705
2848
2761
2832
3076
3017
2368
1459
815
807
1299
1740
1979
2272
2824
3349
3435
3022
2389
1720
1218
1022
1063
1278
1726
2436
3150
3403
3037
2424
2108
2208
2396
2227
1646
1005
832
1277
2040
2715
3071
2993
2606
2094
1665
1424
1395
1592
1978
2277
2276
2075
2016
2180
2265
2008
1518
1166
1325
1976
2669
2930
2781
2552
2373
2014
1365
793
736
1209
1798
2232
2522
2742
2955
3126
3136
2860
2244
1385
559
93
198
943
2216
3610
4095
4095
3516
2435
1746
1494
1385
1345
1468
1750
2002
2113
2126
2261
2476
2749
2984
3015
2736
2238
1770
1543
1543
1669
3489
4052
3819
2863
1577
508
205
871
2200
3483
4095
3852
2830
1476
373
86
786
2182
3562
4095
4020
2864
1292
32
3
518
1982
3318
3883
3529
2445
1152
264
236
1120
2497
3668
4070
3456
2108
584
0
0
763
2541
4095
4095
4095
2956
1192
2
2
309
1762
3302
4095
4095
3203
1796
548
6
370
1416
2695
3698
4024
3597
2650
1583
872
750
1238
2058
2796
3185
3062
2517
1786
1198
1023
1323
1955
2609
2977
2884
2380
1682
1066
889
1302
2224
3241
3926
3958
3245
2076
830
1
0
414
1748
3303
4095
4095
4095
3359
1782
311
2
1
355
1965
3723
4095
4095
4095
2810
932
2
1
4
897
2899
4095
4095
4095
3714
1637
3
2
3
1214
4095
4095
4095
4095
4095
4095
3790
1092
1
2
2
3
4
887
3678
4095
4095
4095
4095
4095
3052
154
2
3
5
3
3
2
2451
4095
4095
4095
4095
4095
4095
3837
651
4
1
3
3
2
4
2216
4095
4095
4095
4095
4095
4095
1770
1
3
3
2
2
1
2152
4095
4095
4095
4095
4095
4095
2944
1
2
2
3
1
1
401
3150
4095
4095
4095
4095
4095
3088
911
1
2
1
0
320
2433
4095
4095
4095
4095
4095
2987
480
3
2
3
2
3
1292
3945
4095
4095
4095
4095
4095
3965
1332
3
2
2
2
1
2
1815
4095
4095
4095
4095
4095
4095
2917
236
4
2
2
1489
3392
4095
4095
4095
4095
4095
4095
4095
4095
3776
2042
378
2
2
3
3
2
1
2
535
1662
2782
3816
4095
4095
4095
4095
4095
4095
4095
3891
2788
1670
675
0
1
1
4
3
264
1003
1815
2596
3320
3951
4095
4095
4095
4095
4095
4095
3608
2538
1185
3
2
2
2
3
2
2
0
2
52
2142
4095
4095
4095
4095
4095
4095
4095
4095
4095
4095
4095
2293
1
2
1
2
1
1
1
3
2
0
791
3040
4095
4095
4095
4095
4095
4095
4095
4095
4095
3012
786
1
0
3
1
2
3
2
2
2
786
2403
3949
4095
4095
4095
4095
4095
4095
4095
4095
4095
3159
1264
4
1
2
1
0
1
1807
3964
4095
4095
4095
4095
4095
4095
4095
4095
4095
4095
4095
4095
4095
4095
4095
4095
4095
4095
4095
4095
4095
4095
4095
4095
4095
3944
2326
720
3
2
1
3
3
2
3
3
2
2
2
2
4
2
2
1
3
1
3
3
4
3
2
4
2
4
3
1
3
2
3
1132
2732
4095
4095
4095
4095
4095
4095
4095
4095
4095
4095
4095
4095
4095
4095
4095
4095
4095
4095
4095
4095
4095
4095
4095
4095
4095
4095
4095
2808
566
2
2
1
1
0
1
3
2
3
3
2
1
3
2
1
2
2
1
1
1
1
0
1
0
2
2
2
504
2105
3681
4095
4095
4095
504
51
1
3
3
1
2
1
3
2
2
3
1
2
3
3
3
2
1
4
2
3
4
2
4
4
3
2
1
3
3
2
3
4
2
1
2
1
2
3
3
1
1
2
2
2
3
3
4
4
3
1
2
1
1
2
2
1
1
1
2
1
1
2
2
1
1
1
0
1
0
2
1
0
1
1
1
1
2
2
1
1
2
2
1
1
2
3
3
0
1
1
3
2
3
3
2
1
2
660
1433
2171
2902
3588
4095
4095
4095
4095
4095
4095
4095
4095
4095
4095
4095
4095
4095
4095
4095
4095
4095
4095
4095
4095
4095
4095
4095
4095
