2114
2103
2107
2123
2120
2125
2118
2122
2114
2088
2088
2127
2086
2097
2111
2103
2100
2085
2082
2081
2087
2090
2077
2090
2081
2070
2082
2070
2089
2082
2065
2101
2063
2085
2073
2074
2092
2081
2055
2068
2086
2087
2088
2077
2070
2083
2077
2083
2071
2077
2071
2065
2068
2081
2083
2076
2071
2075
2077
2083
2078
2057
2074
2087
2076
2051
2054
2041
2047
2057
2053
2079
2062
2065
2052
2067
2064
2081
2082
2102
2081
2076
2104
2127
2087
2111
2112
2128
2119
2124
2101
2109
2105
2104
2103
2087
2087
2098
2115
2097
2081
2108
2097
2097
2102
2094
2114
2073
2076
2100
2105
2097
2096
2097
2101
2096
2086
2092
2092
2058
2050
2060
2086
2079
2082
2087
2077
2052
2114
2070
2064
2056
2060
2064
2080
2079
2051
2063
2053
2059
2028
2026
2077
2056
2070
2115
2119
2123
2103
2119
2171
2144
2147
2143
2153
2139
2125
2113
2093
2072
2075
2072
2062
2056
2061
2072
2077
2088
2109
2139
2154
2160
2188
2193
2184
2181
2156
2141
2127
2098
2067
2086
2081
2066
2084
2073
2096
2097
2092
2119
2136
2150
2168
2135
2111
2096
2078
2064
2068
2054
2064
2054
2072
2095
2109
2107
2132
2138
2110
2137
2123
2119
2068
2063
2046
2017
1984
1976
1981
1987
2021
2032
2074
2072
2088
2096
2114
2137
2151
2131
2109
2085
2080
2085
2082
2059
2057
2087
2083
2103
2136
2137
2146
2144
2110
2105
2080
2050
2044
2036
2037
2058
2068
2082
2095
2124
2170
2150
2148
2149
2171
2178
2155
2162
2137
2104
2047
2038
2051
2069
2073
2095
2119
2107
2077
2034
2022
2050
2087
2103
2100
2116
2106
2116
2102
2102
2119
2154
2204
2219
2195
2170
2160
2116
2054
2041
2043
2052
2085
2111
2104
2069
2028
2007
1983
1968
1980
1996
2029
2073
2059
2072
2088
2102
2084
2079
2123
2144
2148
2137
2101
2094
2079
2069
2058
2070
2088
2095
2113
2087
2066
2049
2013
1978
1989
2028
2097
2140
2151
2158
2138
2087
2072
2081
2095
2120
2109
2093
2064
2056
2052
2081
2110
2150
2174
2187
2179
2126
2080
2055
2067
2072
2066
2083
2081
2095
2052
2028
2032
2033
2065
2101
2132
2160
2155
2128
2078
2060
2060
2064
2082
2074
2081
2038
2168
2156
2077
2003
1961
1949
2017
2084
2129
2169
2146
2123
2091
2083
2064
2063
2051
2015
2011
2049
2095
2140
2176
2183
2157
2119
2027
1980
1974
2009
2055
2090
2097
2075
2032
2043
2086
2125
2184
2191
2150
2118
2101
2085
2095
2101
2099
2099
2072
2041
2063
2111
2180
2193
2188
2129
2042
1999
2016
2059
2136
2199
2207
2136
2060
1979
1956
1999
2122
2234
2297
2271
2163
2020
1925
1912
2007
2131
2199
2219
2175
2085
1994
1970
2010
2105
2179
2240
2219
2123
2034
1978
1968
2061
2135
2187
2171
2157
2110
2077
2072
2088
2111
2144
2079
2061
2027
1977
2026
2047
2112
2140
2144
2119
2088
2077
2093
2145
2186
2211
2179
2141
2046
1960
1943
1984
2059
2131
2176
2182
2149
2149
2163
2162
2138
2101
2044
2021
2035
2091
2105
2123
2174
2247
2275
2206
2095
2009
1995
1996
1982
1998
2023
2060
2092
2087
2028
2005
2035
2070
2051
2072
2067
2112
2136
2117
2072
2095
2153
2141
2128
2098
2075
2075
2103
2070
2040
2028
2075
2153
2176
2157
2130
2085
2021
2022
2093
2147
2081
2048
2055
2052
2067
2030
1999
1984
2014
2106
2162
2168
2134
2118
2103
2050
2001
1961
1973
1942
1960
2050
2135
2166
2142
2120
2094
2089
2041
1999
1977
2023
2110
2171
2224
2242
2218
2183
2094
2010
1973
1990
2051
2079
2053
2123
2172
2151
2102
2098
2144
2144
2075
2040
2111
2149
2172
2145
2177
2164
2087
2004
1979
1992
2046
2120
2165
2184
2012
2048
2097
2140
2190
2209
2198
2117
2064
2039
2051
2081
2103
2156
2141
2114
2055
1981
1950
1951
1980
2041
2088
2160
2170
2177
2166
2150
2124
2125
2144
2149
2145
2134
2064
2002
1964
1957
1973
2016
2056
2078
2080
2046
2056
2053
2062
2089
2126
2199
2219
2232
2202
2156
2098
2062
2083
2081
2088
2120
2154
2153
2163
2124
2063
2032
2009
2031
2066
2105
2155
2200
2200
2215
2200
2155
2100
2092
2084
2131
2173
2195
2187
2175
2116
2057
2017
1953
1943
1985
1995
2047
2094
2108
2132
2126
2109
2077
2060
2044
2044
2105
2177
2228
2218
2171
2072
2000
1996
2034
2079
2105
2184
2209
2207
2129
2070
2016
2023
1996
2006
2048
2101
2132
2080
2008
2024
2020
2235
2239
2204
2150
2091
2065
2070
2060
2033
2056
2076
2112
2125
2102
2065
2015
1982
1976
2030
2179
2266
2280
2251
2159
2103
2021
1921
1840
1840
1944
2086
2243
2332
2352
2285
2160
2058
1938
1861
1843
1858
1975
2045
2098
2111
2111
2125
2167
2135
2129
2123
2127
2153
2177
2212
2222
2178
2103
2053
2008
2021
2081
2194
2250
2260
2230
2157
2078
2010
1963
1936
1995
2066
2097
2162
2152
2169
2164
2157
2125
2085
2044
2032
2032
2042
2056
2083
2098
2096
2096
2057
2045
2101
2188
2265
2291
2185
2018
1891
1823
1844
1932
2040
2153
2244
2270
2214
2134
2097
2065
2007
1953
1933
1972
2057
2133
2164
2200
2158
2093
2015
1974
1953
1997
2044
2151
2230
2272
1741
1749
1890
2090
2277
2430
2490
2450
2326
2167
2021
1940
1874
1847
1919
2089
2286
2395
2411
2328
2198
2013
1853
1856
1901
1925
1840
1818
1898
2067
2203
2300
2434
2459
2304
2095
1982
1980
1999
2076
2187
2316
2401
2414
2305
2135
1929
1780
1728
1839
2028
2244
2323
2287
2095
1957
1851
1817
1850
1935
2057
2229
2389
2454
2489
2416
2287
2097
1923
1843
1836
1854
1928
2112
2346
2500
2484
2394
2202
1943
1678
1646
1758
1832
1934
2099
2255
2308
2307
2366
2338
2264
2198
2142
2037
1927
1880
1898
1919
1946
2072
2136
2117
2056
2039
2034
2023
2234
2503
2543
2378
2195
2063
1878
1701
1768
2040
2249
2326
2429
2479
2321
2018
1698
1518
1415
1497
1770
2442
2469
2310
2024
1764
1588
1637
1902
2258
2547
2618
2497
2202
1876
1683
1702
1892
2222
2513
2620
2504
2173
1822
1550
1558
1761
2084
2395
2561
2517
2278
1960
1744
1723
1854
2071
2286
2413
2391
2274
2119
1997
1955
1961
2035
2108
2131
2083
1959
1859
1831
1917
2092
2330
2503
2534
2413
2160
1917
1769
1769
1849
1994
2103
2120
2087
2034
1999
2039
2140
2303
2442
2470
2380
2176
1974
1802
1703
1705
1799
1970
2111
2166
2092
1926
1746
1636
1640
1818
2090
2340
2545
2576
2477
2268
2101
2074
2153
2293
2414
2450
2380
2154
1978
1894
1974
2184
2428
2493
2416
2167
1834
1594
1562
1768
2130
2462
2628
2561
2293
1985
1711
1654
1828
2098
2334
2428
2338
2083
2023
2185
2261
2122
2036
2086
2131
1946
1720
1824
2307
2738
2664
2203
1870
1953
2007
1794
1500
1522
1866
2152
2181
2188
2424
2666
2635
2417
2228
2196
2156
1954
1742
1606
1595
1774
2094
2459
2590
2461
2303
2265
2166
1944
1784
1925
2244
2354
2304
2321
2369
2075
1565
1574
2322
2943
2671
1869
1489
1727
1890
1635
1540
2058
2632
2557
1950
1643
2007
2492
2465
1962
1596
1715
2223
2662
2648
2244
1931
2181
2839
3110
2545
1635
1202
1386
1551
1368
1138
1380
2114
2796
3163
3276
3204
2825
2230
1885
1940
2177
2030
1609
1327
1429
1736
1817
1658
1706
2121
2668
2908
2731
2322
2051
1905
1822
1804
1995
2349
2565
2410
1986
1555
1288
1240
1530
2220
2337
1950
1660
1605
1746
1955
2147
2203
2121
2040
2050
2126
2252
2338
2326
2176
1910
1614
1443
1505
1884
2442
2932
3165
2983
2438
1628
894
528
776
1496
2496
3385
3849
3685
2968
1906
904
351
437
1161
2225
3241
3842
3804
3133
2046
1000
367
366
964
1908
2869
3516
3679
3282
2467
1515
805
605
924
1621
2436
3146
3550
3495
2954
2098
1210
620
518
967
1780
2702
3428
3723
3543
2911
2002
1082
481
370
764
1520
2378
3153
3609
3597
3170
2454
1652
1007
714
854
1383
2112
2801
3268
3387
3123
2557
1811
1190
836
904
1286
1920
2630
3134
3380
3311
2941
2322
1610
1013
732
857
1316
1982
2583
2956
3082
2936
2541
2102
1699
1365
1261
4095
3728
3006
2290
1640
1125
796
627
654
833
1113
1505
1928
2419
2796
3095
3310
3377
3319
3122
2785
2348
1847
1395
970
572
305
158
202
431
811
1280
1846
2406
2952
3482
3962
4095
4095
4095
4095
4095
3776
2948
2015
1166
464
71
1
71
404
861
1362
1783
2099
2323
2435
2444
2364
2238
2036
1784
1465
1097
705
357
130
19
75
292
728
1313
2001
2682
3354
3870
4095
4095
4095
4095
3917
3547
3142
2765
2450
2190
1988
1859
1853
2018
2285
2683
3152
3648
4095
4095
4095
4095
4095
4095
3945
3437
2801
2116
1421
784
183
1
0
2
1
2
2
2
123
939
1852
2778
3583
4095
4095
4095
4095
4066
3323
2345
1317
381
4095
4095
4095
4095
4095
4095
4095
4095
3273
456
0
0
0
1
0
2
0
0
0
1
0
1622
3874
4095
4095
4095
4095
4095
4095
4095
4095
4095
4095
4095
2319
0
0
0
0
0
0
0
0
0
0
2
179
2205
4095
4095
4095
4095
4095
4095
4095
4095
4095
4095
4095
4095
2775
7
1
1
1
0
0
1
0
0
0
0
1
93
2034
4095
4095
4095
4095
4095
4095
4095
4095
4095
4095
4095
4095
4095
2658
1
0
2
0
0
0
1
1
1
2
0
0
1
0
1800
4017
4095
4095
4095
4095
4095
4095
4095
4095
4095
4095
4095
4095
4022
1618
1
1
0
1
1
0
0
0
1
4095
4095
4095
4095
4095
4095
4095
4095
4095
4095
3766
2898
2013
1128
259
1
1
1
1
0
0
1
0
0
0
0
0
1
1
0
1
1
1
0
0
1
0
0
0
0
1
0
1
0
0
1
3
0
0
0
0
0
0
0
0
0
0
0
0
268
1185
2096
2961
3806
4095
4095
4095
4095
4095
4095
4095
4095
4095
4095
4095
4095
4095
4095
4095
4095
4095
4095
4095
4095
4095
4095
4095
4095
4095
4095
4095
4095
4095
4095
4095
4095
4095
4095
4095
4095
4095
4095
4095
4095
4095
4095
4095
4095
4095
4095
4095
4095
4095
4095
3928
3114
2316
1555
801
72
1
0
0
0
1
1
0
1
2327
2322
2318
2298
2291
2284
2288
2267
2247
2214
2223
2247
2251
2208
2195
2197
2175
2160
2167
2150
2104
2120
2107
2094
2083
2072
2044
2046
2043
2006
2001
2001
1991
1993
1995
1977
1957
1945
1932
1924
1900
1891
1924
1895
1892
1895
1895
1879
1874
1898
1861
1848
1848
1856
1859
1846
1824
1832
1824
1827
1813
1817
1812
1792
1802
1789
1788
1794
1801
1768
1741
1779
1794
1767
1755
1774
1768
1759
1735
1753
1759
1751
1743
1748
1719
1713
1701
1718
1706
1714
1709
1708
1672
1643
1651
1671
1667
1671
1685
1652
1652
1656
1626
1621
1596
1605
1585
1581
1598
1584
1584
1580
1549
1555
1542
1541
1510
1502
1496
1511
1512
1489
1478
1465
1440
1452
1441
1442
