2094
2104
2108
2100
2091
2094
2096
2104
2104
2101
2098
2096
2102
2098
2094
2102
2102
2102
2097
2096
2097
2102
2090
2100
2085
2078
2084
2098
2086
2079
2092
2081
2082
2081
2078
2077
2080
2079
2075
2065
2070
2083
2085
2062
2075
2074
2089
2072
2062
2064
2055
2060
2063
2065
2067
2063
2078
2083
2075
2081
2073
2081
2090
2093
2104
2099
2104
2105
2102
2103
2105
2101
2105
2100
2100
2092
2090
2092
2099
2096
2075
2091
2074
2081
2082
2061
2064
2084
2092
2098
2096
2111
2112
2115
2115
2123
2133
2128
2127
2129
2130
2131
2132
2139
2132
2125
2124
2122
2124
2112
2101
2098
2087
2082
2077
2073
2054
2055
2054
2056
2042
2045
2049
2054
2049
2044
2048
2064
2110
2104
2104
2091
2088
2086
2080
2075
2081
2071
2068
2075
2060
2056
2054
2046
2048
2036
2048
2038
2043
2042
2034
2037
2038
2044
2035
2041
2050
2052
2043
2049
2070
2077
2080
2068
2074
2074
2077
2068
2070
2068
2070
2062
2059
2067
2076
2072
2064
2067
2060
2062
2068
2052
2073
2079
2072
2076
2088
2089
2097
2102
2100
2117
2116
2134
2150
2136
2145
2155
2146
2165
2171
2175
2173
2169
2169
2166
2171
2167
2165
2165
2152
2146
2137
2122
2112
2106
2095
2087
2076
2061
2057
2050
2038
2016
2022
2013
2012
1999
1996
1988
1995
1991
1996
2004
1994
2015
2024
2025
2040
2051
2065
2074
2086
2107
2108
2124
2136
2146
2156
2163
2158
2165
2171
2172
2184
2171
2172
2160
2144
2125
2082
2043
2014
1992
1982
1989
2007
2028
2045
2076
2085
2105
2139
2167
2178
2187
2165
2146
2114
2113
2078
2046
2018
2015
2036
2058
2104
2145
2157
2180
2193
2194
2161
2137
2114
2083
2058
2024
2005
2002
1979
1987
2015
2064
2113
2158
2183
2179
2160
2142
2114
2096
2069
2043
2054
2063
2084
2101
2098
2100
2078
2084
2088
2083
2072
2064
2060
2056
2048
2026
2027
2028
2049
2064
2069
2086
2092
2098
2114
2133
2131
2145
2146
2147
2167
2173
2137
2110
2061
2054
2065
2084
2099
2084
2079
2067
2067
2088
2096
2066
2056
2067
2071
2093
2076
2056
2048
2074
2107
2156
2214
2222
2222
2185
2160
2136
2089
2087
2093
2093
2097
2086
2065
2032
2081
2067
2073
2072
2076
2074
2088
2079
2088
2089
2088
2107
2099
2096
2114
2104
2121
2116
2121
2113
2118
2114
2108
2084
2060
2038
2024
2026
2036
2052
2097
2128
2159
2169
2177
2170
2139
2099
2062
2018
1989
1993
2002
2030
2069
2115
2150
2174
2170
2165
2164
2125
2100
2083
2060
2068
2067
2093
2103
2129
2135
2121
2147
2133
2126
2136
2134
2127
2120
2130
2115
2099
2090
2064
2066
2054
2079
2088
2098
2116
2133
2145
2146
2129
2128
2117
2086
2068
2058
2048
2061
2068
2087
2104
2122
2120
2118
2118
2099
2073
2056
2039
2038
2040
2056
2079
2116
2141
2157
2153
2146
2136
2127
2132
2111
2114
2098
2100
2100
2096
2097
2100
2097
2097
2098
2105
2098
2096
2118
2092
2076
2087
2067
2063
2066
2093
2084
2085
2095
2128
2166
2145
2104
2088
2073
2072
2058
2055
2092
2125
2172
2170
2112
2065
2065
2097
2118
2144
2186
2212
2178
2118
2040
2008
2024
2030
2042
2044
2036
2027
1995
1985
2015
2095
2153
2180
2193
2190
2191
2176
2138
2115
2126
2101
2053
2013
2031
2087
2132
2132
2124
2090
2081
2031
1999
1996
2058
2090
2085
2064
2064
2136
2176
2219
2231
2234
2219
2169
2138
2126
2130
2080
2043
2039
2071
2097
2104
2067
2035
2021
2010
2038
2074
2116
2163
2162
2142
2095
2068
2036
2019
2034
2065
2068
2049
2042
2045
2032
1978
1951
1964
1990
2028
2065
2118
2155
2130
2078
2076
2113
2168
2205
2235
2210
2160
2126
1981
2020
2083
2144
2195
2196
2175
2113
2057
2021
2012
2031
2086
2128
2176
2186
2162
2112
2053
1992
1939
1931
1965
2023
2106
2156
2190
2203
2178
2136
2078
2049
2044
2041
2058
2094
2111
2109
2098
2070
2060
2082
2084
2102
2143
2164
2176
2195
2187
2163
2132
2096
2064
2046
2032
2030
2034
2067
2079
2104
2113
2137
2160
2149
2152
2116
2079
2043
2004
1984
1974
1972
1983
2033
2094
2167
2219
2226
2222
2200
2119
2065
2020
1998
2018
2066
2136
2185
2219
2215
2184
2123
2036
2015
2006
2035
2102
2178
2228
2217
2175
2109
2024
1971
1939
1967
2016
2076
2108
2123
2088
2073
2049
2055
2076
2129
2172
2195
2179
2131
2062
1993
1968
1988
2046
2126
2196
2221
2205
2248
2248
2220
2168
2078
1952
1906
1947
2002
2049
2099
2142
2176
2163
2150
2189
2220
2136
1975
1857
1843
1896
1962
2059
2160
2278
2331
2295
2266
2255
2209
2069
1928
1904
1918
1939
2004
2137
2307
2382
2378
2324
2244
2126
1997
1919
1901
1904
1934
1991
2089
2168
2240
2279
2197
2100
2002
1938
1907
1914
1964
2054
2112
2110
2045
2015
2025
2082
2137
2191
2240
2284
2290
2257
2188
2114
2103
2137
2204
2229
2190
2179
2176
2150
2088
2002
1953
1957
2031
2092
2118
2145
2179
2167
2104
2032
2020
2070
2096
2136
2176
2204
2200
2181
2136
2056
2018
2001
2001
1995
1960
1935
1977
2041
2106
2118
2131
2181
2240
2251
2162
2069
2021
1996
2013
1991
2013
1998
1952
1938
1977
2063
2151
2224
2290
2279
2248
2194
2135
2094
2078
2065
2080
2088
2085
2076
2073
2067
2067
2076
2081
2097
2086
2106
2115
2136
2137
2149
2145
2152
2123
2087
2070
2052
2056
2071
2098
2117
2126
2120
2104
2085
2081
2077
2107
2141
2165
2212
2219
2198
2158
2093
2023
1978
1972
1998
2047
2108
2148
2174
2166
2139
2078
2037
1985
1965
1948
1966
2009
2070
2153
2213
2228
2227
2183
2120
2066
2015
1994
2034
2075
2119
2139
2115
2085
2040
2014
2038
2095
2147
2189
2207
2172
2137
2099
2084
2051
2052
2050
2042
2030
2032
2046
2068
2077
2100
2092
2081
2068
2081
2102
2128
2143
2130
2096
2046
2002
2001
2045
2126
2207
2248
2231
2178
2093
2079
2064
2117
2211
2283
2234
2114
1984
1949
1977
1974
1969
2064
2215
2289
2256
2160
2034
1946
1950
2072
2188
2185
2110
2020
1998
2026
2086
2184
2272
2311
2229
2118
2020
1993
2034
2072
2086
2066
2104
2170
2222
2206
2111
2016
1965
1960
1975
1997
2002
1998
2055
2168
2262
2256
2188
2144
2168
2218
2215
2142
2094
2063
2069
2083
2091
2080
2078
2075
2048
2019
2052
2111
2144
2158
2158
2168
2171
2194
2207
2185
2128
2120
2126
2108
2004
1941
1942
1974
1984
2016
2079
2130
2164
2202
2178
2114
2042
2025
2048
2046
2037
2058
2094
2116
2132
2134
2096
2047
1987
1989
2019
2072
2150
2217
2266
2277
2248
2186
2079
1949
1904
1945
1990
1962
1934
1964
2070
2160
2234
2267
2328
2362
2370
2380
2373
2371
2364
2367
2368
2310
2205
2072
1959
1918
1922
1963
1985
2006
2044
2110
2151
2133
2082
1984
1903
1839
1800
1791
1840
1982
2172
2359
2446
2414
2313
2229
2182
2153
2076
1984
1918
1909
1929
1949
1923
1937
1965
2001
2009
1950
1855
1795
1782
1814
1853
1914
2021
2166
2289
2412
2487
2520
2480
2366
2217
2098
2079
2136
2201
2186
2118
2054
1975
1891
1810
1790
1879
2062
2215
2239
2190
2126
2154
2176
2192
2182
2219
2299
2384
2396
2360
2343
2346
2330
2259
2172
2076
2058
2007
1861
1684
1573
1586
1690
1796
1927
2100
2304
2469
2496
2408
2308
2289
2330
2304
2204
2060
1938
1886
1878
1912
1974
2020
1981
1914
2030
1899
1888
1968
2114
2230
2267
2162
1974
1785
1672
1708
1887
2155
2430
2617
2661
2559
2328
2014
1732
1546
1480
1556
1789
2108
2456
2716
2847
2766
2499
2137
1747
1466
1377
1522
1806
2181
2488
2645
2564
2300
1958
1631
1429
1391
1534
1798
2098
2354
2535
2610
2551
2412
2196
1988
1782
1662
1639
1744
1963
2237
2456
2582
2563
2436
2238
2039
1892
1847
1888
2031
2218
2380
2456
2426
2320
2161
2042
1949
1948
1996
2101
2206
2260
2285
2290
2277
2262
2237
2211
2163
2097
2038
1965
1892
1839
1826
1813
1853
1940
2044
2140
2201
2202
2146
2045
1948
1871
1803
1797
1819
1903
2032
2165
2266
2340
2321
2246
2121
1968
1836
1785
1824
1949
2162
2378
2550
1803
1860
1915
1982
1960
1824
1662
1616
1810
2107
2360
2465
2416
2358
2296
2158
1904
1682
1698
1966
2308
2525
2503
2376
2222
2111
1952
1781
1708
1767
1940
2106
2148
2105
2034
2019
2069
2155
2270
2415
2487
2384
2151
1890
1688
1598
1619
1728
1866
2016
2192
2338
2303
2153
1980
1982
2192
2440
2589
2482
2250
2014
1864
1816
1895
2122
2433
2693
2757
2579
2231
1862
1558
1318
1235
1410
1824
2311
2658
2731
2657
2567
2508
2404
2295
2238
2221
2159
2009
1768
1512
1287
1200
1305
1564
1864
2185
2489
2739
2812
2644
2338
2133
2164
2299
2389
2427
2444
2432
2222
1805
1298
971
947
1196
1642
2170
2623
2895
2881
2702
2502
2362
2338
2444
2625
2838
2864
2932
2571
2029
1432
980
817
1032
1546
2222
2846
3239
3253
2923
2314
1590
975
617
652
1079
1773
2551
3171
3521
3463
3104
2558
1970
1468
1151
1085
1277
1650
2118
2554
2805
2840
2620
2257
1844
1517
1384
1464
1749
2116
2450
2678
2720
2557
2241
1860
1552
1388
1452
1714
2121
2571
2908
3079
2986
2650
2139
1608
1194
1002
1075
1392
1872
2400
2823
3075
3049
2763
2258
1710
1258
1062
1177
1537
2072
2590
2966
3135
3056
2769
2304
1787
1358
1091
1143
1493
2041
2646
3108
3327
3249
2871
2280
1617
988
580
527
828
1417
2155
2863
3365
3576
3452
3048
2449
1772
1174
768
662
899
1411
2096
2788
3339
3669
3704
3457
2941
2251
1498
833
408
321
1463
1468
1696
2248
2999
3688
4095
4095
4095
4095
4095
4024
2918
1433
2
0
2
1
0
0
1
1197
3230
4095
4095
4095
4095
4095
3880
2712
1254
2
0
3
1
3
934
2284
3279
3964
4095
4095
4095
3433
2493
1632
1176
1246
1700
2268
2659
2777
2720
2600
2474
2238
1845
1227
635
244
208
513
1028
1612
2141
2578
2947
3225
3394
3418
3286
3008
2698
2433
2216
1978
1700
1362
954
623
384
332
515
1025
1781
2656
3457
3976
4095
3975
3590
3086
2480
1841
1152
532
122
168
730
1713
2774
3532
3806
3607
3184
2788
2556
2491
2438
2281
2034
1817
1852
2149
2556
2784
2601
1944
1070
327
32
224
672
1095
1300
1355
1493
1896
96
1474
2982
4095
4095
4095
4095
4095
4095
3992
2904
1717
574
1
3
3
1
1
1
1
446
1508
2616
3647
4095
4095
4095
4095
4095
4095
3196
1971
718
2
2
0
2
2
2
1
647
2098
3637
4095
4095
4095
4095
4095
4095
4095
4095
4095
4095
3040
1386
2
2
3
1
1
4
1
3
1
2
212
1261
2314
3248
4059
4095
4095
4095
4095
4095
4095
4095
3762
2959
2123
1349
692
186
2
1
3
107
534
1093
1725
2373
2995
3527
3954
4095
4095
4095
4080
3705
3237
2702
2146
1653
1232
930
736
684
729
870
1066
1312
1543
1741
1917
2027
2116
2136
2144
2130
2075
1996
1886
1773
1618
1457
1287
1085
937
