2099
2092
2114
2095
2105
2101
2115
2096
2089
2113
2097
2087
2082
2089
2079
2082
2080
2087
2116
2083
2091
2068
2064
2083
2079
2077
2087
2080
2087
2079
2096
2096
2098
2096
2104
2096
2115
2099
2132
2093
2089
2109
2113
2126
2072
2096
2098
2072
2098
2095
2120
2082
2080
2090
2096
2115
2121
2114
2102
2095
2081
2080
2085
2067
2081
2096
2075
2088
2081
2095
2096
2120
2103
2095
2094
2090
2102
2120
2107
2102
2098
2097
2087
2085
2085
2070
2082
2086
2064
2081
2099
2075
2072
2072
2093
2090
2084
2093
2104
2121
2109
2103
2064
2076
2080
2101
2093
2096
2085
2089
2081
2108
2103
2099
2102
2103
2103
2109
2092
2111
2103
2110
2109
2094
2087
2104
2104
2098
2076
2082
2079
2087
2063
2091
2106
2086
2114
2103
2117
2117
2129
2108
2109
2104
2111
2127
2132
2134
2123
2127
2121
2128
2130
2136
2131
2109
2111
2110
2086
2088
2082
2090
2092
2103
2091
2085
2102
2111
2088
2096
2114
2095
2115
2107
2108
2105
2110
2113
2133
2107
2112
2115
2101
2095
2084
2077
2049
2064
2045
2054
2051
2049
2040
2054
2066
2014
2064
2068
2062
2084
2080
2067
2104
2087
2099
2108
2107
2099
2096
2121
2121
2117
2122
2079
2075
2086
2074
2093
2071
2106
2104
2071
2096
2113
2130
2096
2113
2117
2120
2129
2118
2128
2130
2140
2153
2149
2161
2128
2130
2121
2126
2123
2115
2101
2074
2071
2050
2061
2061
2075
2082
2031
2024
2056
2054
2068
2138
2135
2109
2097
2072
2095
2099
2120
2128
2096
2083
2073
2081
2090
2109
2108
2102
2103
2124
2105
2105
2136
2137
2145
2111
2097
2071
2053
2014
2006
1993
2040
2084
2118
2124
2122
2120
2124
2115
2128
2111
2108
2103
2104
2107
2089
2032
2003
2034
2052
2063
2056
2038
2068
2087
2106
2109
2104
2121
2149
2176
2168
2132
2114
2100
2100
2084
2090
2060
2067
2033
2047
2025
2032
2047
2061
2123
2136
2134
2114
2111
2114
2140
2152
2113
2099
2087
2078
2055
2035
2006
2004
2028
2030
2067
2084
2132
2146
2131
2151
2132
2161
2174
2137
2107
2101
2074
2053
2026
2020
2027
2030
2051
2070
2062
2095
2115
2122
2127
2149
2162
2134
2124
2108
2106
2094
2035
2020
2117
2101
2082
2073
2084
2097
2108
2114
2105
2103
2126
2143
2129
2153
2144
2150
2155
2150
2130
2089
2074
2036
2011
2025
2020
2040
2093
2125
2148
2167
2157
2133
2101
2072
2045
2055
2072
2073
2100
2151
2203
2232
2215
2216
2188
2143
2121
2122
2104
2112
2118
2149
2133
2145
2118
2107
2077
2054
2064
2054
2072
2091
2126
2144
2142
2112
2111
2099
2062
2051
2046
2038
2045
2070
2081
2096
2086
2064
2069
2083
2098
2107
2108
2123
2135
2134
2083
2065
2029
2033
2010
2037
2080
2083
2106
2099
2137
2101
2078
2065
2033
2009
2044
2086
2108
2123
2131
2133
2148
2110
2073
2034
2040
1989
1975
1995
2013
2045
2055
2074
2115
2133
2129
2132
2144
2142
2124
2126
2069
2082
2107
2124
2143
2162
2193
2128
2127
2110
2071
2039
2040
2047
2075
2078
2091
2094
2112
2114
2119
2140
2144
2111
2092
2085
2088
2094
2055
2072
2102
2081
2061
2069
2090
2136
2138
2169
2155
2145
2093
2050
2031
2019
2032
2019
2029
2073
2118
2113
2118
2134
2143
2130
2119
2089
2083
2082
2091
2096
2080
2059
2060
2058
2064
2064
2090
2105
2096
2085
2045
2050
2070
2092
2128
2144
2144
2136
2105
2070
2075
2094
2131
2130
2126
2163
2162
2104
2071
2048
2016
2021
2019
2050
2054
2084
2080
2075
2088
2073
2084
2057
2024
2028
2048
2034
2057
2061
2088
2110
2129
2120
2124
2133
2111
2131
2115
2112
2111
2124
2110
2090
2109
2071
2044
2039
2025
2044
2100
2104
2088
2054
2024
2023
2003
2005
2016
2045
2082
2090
2092
2104
2080
2051
2029
2021
2005
2022
1997
2041
2017
2056
2073
2069
2071
2043
2039
2056
2063
2089
2119
2117
2101
2112
2107
2112
2130
2115
2139
2141
2152
2141
2123
2113
2082
2060
2056
2038
2061
2066
2101
2108
2128
2121
2131
2141
2136
2097
2102
2064
2071
2083
2084
2131
2156
2189
2194
2171
2123
2132
2112
2110
2115
2139
2160
2176
2185
2141
2101
2091
2072
2064
2093
2084
2089
2087
2079
2109
2104
2147
2176
2151
2123
2099
2046
2027
2002
2034
2086
2119
2133
2138
2111
2073
2068
2027
2016
2013
1999
1996
2002
2029
2055
2079
2123
2149
2137
2097
2072
2027
2038
1997
2035
2042
2068
2067
2152
2074
2018
1990
2006
1999
1970
1959
2032
2107
2164
2174
2202
2194
2206
2177
2165
2160
2127
2060
2022
2025
2064
2096
2081
2042
2049
2100
2126
2122
2078
2061
2095
2097
2123
2124
2087
2107
2116
2112
2105
2113
2110
2080
2062
2050
2075
2080
2073
2088
2068
2109
2160
2152
2167
2137
2105
2081
2081
2087
2081
2073
2040
2065
2081
2086
2091
2109
2109
2128
2118
2133
2138
2146
2121
2115
2105
2082
2080
2117
2086
2072
2045
2032
2075
2112
2101
2147
2096
2088
2096
2121
2131
2120
2096
2064
2054
2065
2034
2049
2068
2132
2182
2187
2207
2184
2154
2105
2099
2128
2132
2114
2080
2068
2066
2135
2152
2156
2143
2104
2072
2042
2015
1990
1971
1942
1956
1995
2168
2157
2118
2122
2101
2041
2030
1990
2004
2054
2142
2211
2240
2208
2114
2025
1982
1956
1944
1964
2005
2048
2070
2087
2106
2061
2104
2174
2218
2230
2208
2143
2080
2080
2071
2061
2058
2056
2041
2054
2049
2081
2092
2121
2139
2140
2132
2077
2058
2065
2107
2135
2208
2238
2259
2219
2163
2103
2005
1969
2000
2054
2092
2120
2132
2116
2104
2104
2098
2105
2095
2095
2095
2046
2002
1960
2011
2028
2037
2024
2028
2002
2011
2055
2071
2076
2056
2053
2049
2056
2094
2111
2159
2186
2190
2137
2086
2008
2010
2050
2102
2096
2101
2062
2057
2051
2074
2109
2127
2150
2117
2053
1983
1951
1942
1984
2037
2097
2127
2144
2166
2197
2196
2215
2258
2218
2149
2098
2138
2104
2056
2045
2069
2090
2132
2168
2206
2203
2167
2138
2129
2140
2168
2168
2193
2180
2132
2106
2058
2036
2023
2018
1989
1943
1911
1872
1882
1933
1941
1988
2023
2056
2099
2125
2150
2155
2147
2153
2153
2134
2138
2131
2120
2161
2206
2221
2232
2241
2208
2160
2122
2050
1986
1983
1984
2035
2091
2142
2172
2156
2100
2030
1998
1944
1943
1973
2007
2080
2132
2179
2167
2122
2055
2020
1977
1934
1950
1992
2058
2115
2158
2162
2120
2070
2050
2052
2050
2070
2102
2157
2182
2198
2154
2100
2057
2013
1995
2007
2071
2129
2195
2227
2215
2202
2142
2074
2018
1991
1992
2050
2135
2204
2273
2296
2287
2246
2144
2068
1974
1893
1894
1908
1966
2057
2135
2212
2129
2007
2030
2063
2117
2145
2098
2080
2059
2062
2045
2132
2291
2434
2482
2360
2234
2115
1970
1850
1785
1830
1981
2024
1952
1858
1816
1922
2081
2184
2270
2363
2394
2346
2229
2146
2162
2180
2132
1993
1855
1807
1851
1971
2046
2071
2023
1985
1975
2017
2175
2327
2416
2357
2252
2151
2049
1932
1879
2006
2216
2352
2164
1869
1719
1848
2069
2158
2123
2041
2083
2212
2276
2258
2175
2083
2034
2049
2143
2234
2151
1932
1744
1794
2026
2218
2258
2254
2285
2264
2140
1983
1970
2135
2239
2192
2083
2033
2043
2024
2009
2051
2172
2269
2276
2203
2120
2064
2043
2062
2116
2143
2100
2045
1978
1927
1934
1963
2017
2065
2103
2185
2218
2190
2078
2010
2049
2114
1845
1917
2032
2146
2234
2290
2249
2192
2091
1969
1856
1829
1842
1932
2061
2162
2235
2237
2173
2087
1982
1897
1885
1922
2014
2108
2161
2199
2175
2122
2067
1989
1982
2039
2129
2201
2260
2283
2241
2149
2010
1920
1888
1920
2054
2219
2355
2404
2344
2205
2016
1817
1704
1693
1816
2005
2210
2343
2378
2261
2107
1909
1772
1728
1832
2018
2235
2463
2566
2533
2384
2132
1908
1743
1720
1816
2038
2249
2453
2549
2498
2373
2139
1936
1783
1760
1862
2043
2251
2419
2501
2472
2319
2116
1922
1771
1723
1791
1883
2072
2213
2315
2370
2345
2252
2135
2039
1971
1939
1991
2069
2132
2157
2171
2142
2119
2076
2061
2052
2079
2109
2144
2168
2192
2204
2195
2159
2114
2480
2462
2369
2227
2021
1778
1547
1472
1588
1754
1900
1945
2014
2078
2165
2190
2244
2324
2477
2576
2526
2363
2211
2080
1960
1829
1848
1965
2148
2234
2235
2198
2176
2120
2027
1944
1912
1957
2068
2150
2138
2092
2054
2054
2085
2132
2187
2208
2192
2180
2141
2066
1939
1883
1887
1959
2036
2110
2151
2219
2252
2176
2086
2062
2077
2120
2139
2142
2137
2113
2056
1985
1916
1962
2066
2096
2062
2046
2117
2175
2117
1973
1881
1914
2015
2063
2063
2145
2302
2452
2424
2200
1991
1867
1880
1950
1956
1954
2119
2350
2488
2433
2256
2091
2019
2010
1900
1802
1796
1943
2100
2174
2143
2081
2127
2215
2236
2246
2238
2251
2291
2233
2101
1897
1718
1676
1662
1790
2388
2495
2508
2354
2135
1867
1618
1449
1432
1602
1912
2250
2576
2758
2793
2619
2291
1904
1540
1262
1147
1234
1487
1883
2319
2650
2898
2932
2806
2534
2178
1844
1628
1534
1562
1753
2015
2274
2449
2505
2419
2219
1971
1756
1637
1634
1737
1937
2114
2313
2468
2502
2440
2273
2073
1932
1853
1819
1841
1924
2011
2131
2234
2280
2256
2197
2097
2022
1969
1984
2022
2099
2160
2217
2217
2190
2163
2169
2125
2093
2096
2077
2075
2050
2061
2030
2021
1993
1995
2030
2074
2154
2177
2225
2227
2171
2120
2075
2026
1981
1932
1928
1968
2041
2158
2280
2370
2397
2382
2327
2197
2072
1915
1791
1719
1731
1788
1948
2173
2358
2588
2741
2773
2682
2520
2262
1980
1727
2258
2139
2193
2238
2079
1712
1302
1044
1034
1195
1357
1404
1352
1304
1474
1934
2601
3172
3570
3614
3434
3137
2852
2649
2413
2127
1690
1216
759
537
625
904
1323
1692
1971
2206
2454
2730
3034
3268
3318
3182
2853
2449
2107
1936
1868
1864
1761
1550
1320
1113
1078
1284
1666
2063
2360
2501
2467
2321
2201
2191
2312
2451
2515
2464
2237
1936
1677
1563
1657
1955
2241
2460
2488
2372
2184
2006
1950
1950
1962
1955
1869
1726
1608
1496
1505
1621
1826
2079
2323
2518
2594
2606
2554
2484
2470
2482
2453
2344
2137
1845
1449
1159
999
1056
1268
1649
2005
2278
2409
2488
2541
2688
2898
3151
3311
3318
3096
2644
2076
1504
1085
928
988
1274
1606
1940
1204
2093
2745
3048
3098
3000
2904
2949
3142
3466
3705
3712
3376
2686
1851
1052
467
219
343
621
990
1284
1472
1621
1831
2144
2570
3009
3345
3495
3415
3191
2860
2514
2181
1873
1589
1332
1068
850
722
698
753
908
1167
1508
1966
2548
3188
3790
4095
4095
4095
3756
3092
2434
1929
1761
1890
2153
2258
1999
1357
433
0
1
0
620
2044
3340
4068
4095
3625
2973
2563
2685
3245
3932
4095
4095
3801
2865
1896
1149
760
698
759
790
605
316
32
1
80
492
1109
1767
2283
2715
3110
3493
3975
4095
4095
4095
4095
4095
3524
2788
2103
1565
1244
1059
904
718
460
98
2
2
1
1
242
987
1700
2209
2405
2334
2170
2014
