2089
2087
2074
2089
2096
2101
2095
2073
2078
2087
2066
2061
2074
2080
2071
2072
2070
2094
2106
2101
2084
2093
2096
2084
2095
2082
2092
2093
2090
2105
2111
2096
2069
2078
2082
2089
2090
2077
2094
2105
2115
2106
2103
2100
2091
2094
2101
2097
2109
2098
2087
2110
2084
2074
2104
2105
2106
2099
2102
2089
2087
2090
2081
2101
2094
2099
2103
2097
2101
2106
2096
2128
2105
2110
2106
2093
2092
2107
2097
2108
2097
2107
2100
2100
2107
2102
2085
2082
2091
2073
2076
2094
2098
2116
2094
2090
2084
2078
2082
2108
2106
2083
2086
2098
2100
2092
2086
2084
2089
2094
2083
2084
2065
2073
2082
2087
2082
2074
2074
2065
2100
2105
2092
2080
2096
2078
2074
2073
2105
2092
2105
2093
2106
2104
2108
2088
2116
2116
2091
2113
2116
2099
2087
2111
2098
2103
2109
2100
2090
2091
2090
2076
2096
2100
2093
2102
2077
2104
2092
2100
2088
2075
2084
2101
2106
2092
2075
2088
2072
2061
2073
2104
2107
2095
2079
2092
2067
2067
2068
2088
2063
2098
2076
2088
2102
2077
2096
2079
2070
2047
2069
2067
2080
2092
2100
2078
2100
2080
2072
2065
2046
2078
2082
2066
2094
2094
2073
2064
2055
2064
2074
2087
2056
2087
2095
2063
2084
2076
2072
2076
2059
2054
2051
2061
2062
2075
2077
2072
2081
2059
2064
2082
2094
2084
2074
2083
2097
2075
2080
2089
2095
2104
2097
2101
2084
2094
2100
2114
2091
2099
2094
2097
2095
2080
2102
2098
2127
2116
2119
2105
2105
2125
2108
2110
2106
2107
2070
2079
2073
2073
2050
2043
2055
2061
2061
2018
2057
2029
2041
2035
2019
2023
2031
2043
2013
2049
2047
2044
2063
2054
2072
2110
2103
2125
2135
2126
2138
2131
2141
2132
2165
2138
2162
2157
2166
2178
2180
2181
2176
2173
2153
2153
2163
2176
2176
2160
2170
2146
2131
2139
2127
2101
2124
2111
2114
2096
2094
2099
2083
2076
2063
2099
2035
2020
2057
2067
2050
2048
2035
2014
2040
2054
2027
2021
2034
2016
2017
2035
2061
2065
2052
2073
2076
2060
2088
2108
2093
2099
2110
2128
2149
2141
2133
2147
2128
2123
2140
2136
2128
2124
2120
2122
2122
2105
2110
2135
2120
2099
2084
2088
2071
2090
2092
2088
2125
2108
2116
2100
2095
2081
2096
2113
2099
2111
2120
2124
2109
2098
2083
2121
2088
2085
2088
2068
2067
2060
2052
2049
2074
2081
2092
2087
2106
2107
2125
2115
2140
2136
2112
2113
2107
2096
2075
2070
2051
2033
2031
2025
2061
2068
2089
2095
2094
2125
2133
2150
2144
2136
2104
2115
2099
2073
2067
2056
2061
2083
2087
2075
2075
2082
2072
2071
2080
2104
2127
2120
2127
2125
2136
2168
2112
2090
2070
2069
2053
2064
2055
2050
2040
2032
2047
2084
2081
2110
2132
2161
2158
2157
2151
2160
2148
2123
2076
2052
2063
2058
2088
2060
2059
2090
2092
2098
2107
2108
2134
2160
2144
2109
2080
2010
2036
2021
2055
2073
2091
2135
2121
2125
2097
2092
2090
2058
2092
2108
2122
2107
2104
2096
2085
2092
2111
2120
2097
2084
2100
2087
2087
2087
2087
2076
2080
2088
2090
2074
2066
2064
2043
2068
2082
2078
2114
2138
2136
2136
2144
2136
2099
2112
2118
2076
2065
2072
2065
2084
2061
2061
2067
2081
2087
2071
2099
2102
2099
2120
2098
2095
2086
2058
2062
2049
2059
2085
2075
2123
2134
2173
2175
2166
2158
2128
2096
2055
2014
2011
2004
2034
2056
2078
2105
2130
2156
2166
2160
2162
2127
2115
2123
2082
2061
2030
2018
2019
2027
2062
2068
2081
2096
2107
2121
2110
2071
2085
2102
2089
2102
2110
2085
2073
2088
2083
2076
2071
2081
2096
2096
2082
2072
2070
2062
2064
2099
2096
2096
2101
2081
2087
2075
2057
2044
2063
2119
2136
2144
2137
2109
2085
2082
2062
2087
2091
2060
2073
2119
2145
2135
2152
2168
2126
2116
2088
2033
1984
1964
1981
2008
2026
2085
2128
2154
2137
2125
2110
2093
2121
2126
2129
2115
2124
2115
2095
2044
2050
2108
2127
2166
2162
2161
2124
2101
2060
2068
2063
2079
2114
2113
2108
2084
2100
2108
2120
2106
2080
2080
2074
2036
2034
2034
2066
2087
2063
2068
2081
2092
2122
2108
2098
2106
2112
2123
2088
2112
2137
2176
2178
2146
2084
2050
2024
2018
1990
2025
2097
2126
2160
2110
2100
2084
2080
2077
2051
2058
2062
2079
2113
2089
2064
2078
2076
2138
2151
2189
2212
2223
2213
2123
2070
2009
1980
1944
1980
2043
2089
2112
2091
2117
2123
2144
2121
2032
2053
2113
2151
2169
2172
2151
2122
2088
2060
2024
2052
2073
2108
2139
2165
2180
2178
2134
2097
2036
2020
2012
2021
2049
2107
2131
2160
2172
2171
2126
2110
2079
2009
2012
2009
2087
2116
2132
2155
2158
2128
2091
2070
2043
2048
2047
2072
2098
2114
2162
2147
2134
2087
2068
2025
2013
2034
2043
2087
2112
2144
2181
2151
2134
2086
2054
2032
2013
2026
2063
2091
2114
2107
2135
2136
2112
2111
2083
2080
2118
2128
2132
2144
2143
2139
2097
2059
2034
2029
2022
2053
2092
2121
2135
2168
2144
2133
2089
2072
2050
2013
2036
2074
2075
2095
2120
2125
2082
2062
2059
2029
2013
2012
2042
2067
2094
2153
2166
2164
2146
2105
2089
2064
2051
2028
2037
2067
2086
2053
2050
2059
2042
2033
2058
2069
2111
2089
2119
2095
2155
2180
2185
2208
2158
2101
2088
2094
2068
2070
2077
2079
2057
2023
2044
2080
2118
2123
2090
2093
2156
2190
2171
2166
2158
2111
2048
2009
2020
2063
2104
2132
2118
2123
2105
2114
2144
2155
2145
2104
2075
2033
1988
1975
2026
2106
2099
2067
2079
2140
2114
2107
2124
2156
2148
2061
2011
1988
1984
1971
1976
2023
2088
2050
2008
2028
2081
2072
2052
2066
2153
2206
2158
2132
2122
2140
2087
2073
2118
2177
2204
2163
2132
2115
2076
2020
2024
2048
2113
2130
2141
2148
2132
2068
2036
2051
2092
2102
2110
2100
2119
2115
2132
2147
2162
2226
2214
2188
2184
2143
2076
2008
1962
1982
1970
1988
2030
2088
2097
2112
2110
2130
2142
2152
2157
2148
2145
2104
2036
1975
1938
1916
1957
2024
2124
2217
2283
2322
2295
2256
2131
2051
1973
1932
1958
1974
2070
2122
2194
2192
2189
2124
2047
2015
1972
1961
2028
2104
2179
2242
2206
2200
2174
2100
2038
1971
1921
1961
2008
2080
2160
2234
2240
2220
2136
2099
2035
2001
2004
2019
2077
2099
2157
2188
2214
2212
2162
2133
2072
2048
2053
2081
2104
2116
2144
2128
2082
2061
2039
2023
2044
2056
2085
2134
2136
2111
2070
2075
2070
2041
2046
2066
2069
2087
2136
2145
2166
2169
2130
2093
2042
1991
1969
1995
2068
2125
2152
2143
2134
2103
2031
2034
2046
2082
2116
2134
2112
2090
2108
2112
2133
2130
2142
2137
2135
2091
2083
2104
2099
2058
1996
1997
2024
2022
1982
1980
2033
2080
2128
2178
2217
2185
2175
2127
2074
2053
2076
2124
2090
2003
1935
1965
2076
2183
2225
2256
2224
2159
2127
2064
2040
2058
2078
2049
1964
1976
2073
2246
2311
2280
2169
2086
2039
2030
2031
2015
1968
1952
1992
2083
2160
2150
2115
2076
2087
2148
2181
2166
2115
2071
2053
2084
2101
2066
2010
1998
2033
2061
2097
2075
2024
2029
2109
2167
2133
2102
2092
2110
2140
2115
2096
2052
2057
2125
2162
2154
2160
2183
2213
2199
2158
2105
2035
2015
2029
2021
2045
2086
2124
2177
2154
2165
2168
2113
2056
2020
2008
2016
2025
2054
2098
2162
2192
2194
2174
2138
2096
2084
2080
2075
2079
2081
2014
2013
1987
1996
1955
1910
1931
1968
1996
2024
2037
2052
2114
2122
2086
2075
2027
2033
2071
2077
2129
2184
2254
2326
2338
2368
2318
2248
2194
2124
2077
2007
1935
1935
1937
2004
2058
2126
2132
2114
2084
2036
1988
1948
1902
1915
1931
1950
2043
2143
2231
2296
2353
2337
2296
2218
2131
2059
2043
2043
2077
2092
2101
2127
2098
2102
2083
2067
2038
2005
1943
1864
1859
1864
1928
2038
2164
2273
2321
2325
2336
2288
2230
2180
2128
2082
2030
2012
2051
2062
2061
2044
1964
1910
1895
1901
1975
2091
2198
2245
2255
2215
2142
2097
2080
2117
2123
2171
2232
2259
2224
2146
2080
2031
2008
1976
1975
1990
2010
2060
2057
2013
1979
2013
2091
2156
2194
2200
2177
2122
2057
2058
2087
2105
2129
2136
2075
2055
2051
2040
2089
2089
2125
2110
2095
2113
2162
2213
2228
2197
2095
2027
1950
1937
1941
2013
2087
2123
2082
2053
2043
2080
2149
2229
2236
2225
2174
2088
2030
2017
2030
2066
2080
2068
2029
2004
2010
2125
2213
2263
2247
2188
2115
2018
1935
1948
1997
2058
2109
2185
2193
2227
2228
2210
2182
2140
2067
2023
1992
1985
2027
2116
2177
2174
2150
2075
1968
1884
1841
1884
1976
2070
2154
2233
2252
2215
2176
2114
2048
2004
1986
1952
1921
1944
1999
2075
2191
2308
2358
2336
2296
2192
2089
2044
1996
2025
2081
2132
2109
2092
2071
2057
2072
2134
2196
2264
2246
2152
1950
1789
1706
1724
1845
2082
2319
2493
2397
2497
2396
2213
2064
1957
1809
1735
1812
2128
2425
2543
2442
2190
1976
1863
1819
1913
2030
2160
2188
2123
1998
1954
1993
2136
2237
2299
2336
2302
2119
1886
1694
1705
1899
2116
2247
2261
2244
2196
2162
2087
1936
1845
1944
2160
2301
2305
2160
2023
2008
2107
2196
2274
2320
2397
2389
2187
1865
1616
1588
1686
1915
2118
2254
2310
2275
2158
2013
1968
2089
2165
2137
2012
1902
1827
1823
1833
1894
2070
2354
2591
2645
2618
2558
2466
2330
2137
2002
1978
2039
2096
2051
1932
1856
1801
1809
1931
2100
2304
2410
2381
2191
2034
1979
2040
2175
2277
2288
2236
2213
2300
2306
2120
1863
1801
1969
2177
2140
1917
1683
1535
1552
1673
1875
2143
2386
2523
3006
2203
1424
891
784
1119
1770
2495
3079
3344
3236
2798
2232
1702
1363
1339
1610
2032
2459
2700
2692
2478
2119
1776
1532
1433
1541
1805
2139
2442
2611
2622
2480
2168
1896
1689
1604
1696
1887
2119
2297
2439
2461
2344
2167
1963
1786
1715
1760
1888
2075
2224
2281
2256
2159
2014
1853
1776
1783
1902
2084
2290
2450
2524
2475
2299
2102
1871
1740
1648
1671
1788
2011
2241
2434
2538
2578
2465
2337
2158
1950
1844
1793
1842
1956
2066
2171
2218
2219
2194
2091
1964
1854
1811
1824
1907
2040
2193
2330
2428
2412
2399
2318
2203
2069
1931
1822
1743
1767
1830
1950
2108
2273
2423
2546
2544
2446
2276
2072
1852
1714
1654
1737
1932
2183
2414
2592
2649
952
1476
1704
1435
1443
2100
2838
2965
2773
2932
3426
3555
3020
2320
1982
1865
1491
897
573
745
1096
1397
1670
2052
2446
2714
2864
3108
3296
3236
2962
2618
2283
1768
1097
546
353
486
730
1142
1713
2406
3057
3424
3580
3543
3370
2964
2454
1909
1530
1371
1284
1209
1072
1118
1459
2083
2647
2976
3029
3086
3275
3309
2903
2194
1656
1408
1209
755
313
411
1136
1928
2415
2791
3332
3944
4081
3583
2767
2124
1775
1373
757
354
445
940
1448
1863
2330
3037
3690
3928
3711
3310
2982
2707
2246
1645
1103
784
636
602
609
839
1382
1964
2450
2801
3105
3456
3758
3767
3450
2920
2377
1870
1292
666
204
189
598
1180
1704
2186
2746
3344
