2117
2099
2088
2104
2109
2093
2086
2119
2112
2105
2080
2079
2083
2111
2118
2118
2118
2091
2109
2129
2104
2092
2097
2087
2075
2088
2110
2114
2104
2104
2095
2098
2115
2105
2093
2095
2085
2096
2114
2075
2083
2092
2108
2090
2109
2086
2117
2098
2099
2106
2097
2104
2095
2077
2078
2078
2084
2099
2101
2077
2096
2090
2073
2088
2086
2104
2088
2096
2086
2105
2086
2096
2101
2091
2068
2092
2084
2107
2098
2091
2088
2080
2093
2086
2099
2089
2097
2094
2092
2095
2081
2083
2079
2082
2102
2111
2088
2075
2093
2088
2094
2089
2095
2076
2087
2078
2104
2096
2087
2101
2088
2101
2090
2098
2108
2115
2102
2101
2092
2096
2108
2117
2093
2087
2101
2086
2111
2109
2101
2115
2125
2108
2094
2094
2102
2109
2113
2131
2097
2114
2090
2094
2082
2094
2109
2107
2095
2111
2101
2092
2099
2089
2112
2111
2093
2107
2100
2112
2091
2104
2102
2087
2083
2077
2070
2084
2076
2063
2079
2094
2088
2099
2099
2091
2080
2083
2080
2085
2067
2085
2078
2100
2075
2081
2080
2069
2070
2061
2080
2084
2067
2063
2099
2095
2083
2111
2093
2090
2098
2088
2077
2074
2074
2102
2075
2078
2090
2093
2088
2085
2101
2115
2099
2081
2096
2087
2094
2096
2080
2083
2086
2094
2102
2104
2099
2112
2087
2093
2095
2088
2100
2094
2088
2097
2094
2121
2112
2124
2107
2112
2089
2096
2115
2121
2105
2103
2099
2093
2091
2104
2118
2111
2114
2104
2087
2086
2069
2055
2055
2036
2062
2040
2069
2061
2048
2054
2041
2062
2065
2093
2063
2077
2085
2096
2117
2114
2101
2096
2115
2124
2096
2106
2106
2100
2105
2095
2078
2096
2081
2069
2059
2056
2060
2062
2057
2067
2076
2094
2089
2084
2099
2114
2110
2106
2111
2125
2141
2155
2153
2157
2168
2171
2164
2171
2175
2156
2153
2133
2153
2152
2130
2093
2128
2119
2111
2104
2059
2080
2077
2052
2038
2030
2019
2026
2018
2031
2030
2035
2043
2057
2061
2073
2060
2081
2081
2083
2086
2110
2100
2100
2109
2117
2116
2104
2096
2095
2088
2073
2071
2087
2093
2088
2092
2075
2079
2108
2098
2100
2076
2070
2081
2075
2074
2067
2071
2067
2054
2042
2064
2076
2088
2087
2093
2106
2028
2043
2065
2052
2052
2067
2084
2124
2128
2115
2132
2112
2110
2089
2076
2073
2078
2076
2054
2082
2104
2118
2133
2120
2161
2178
2177
2170
2158
2127
2097
2085
2068
2059
2048
2045
2056
2040
2067
2088
2112
2120
2129
2134
2140
2144
2133
2110
2093
2087
2060
2040
2029
2000
2011
2016
2029
2053
2078
2087
2106
2124
2126
2111
2132
2141
2111
2111
2108
2105
2079
2048
2034
2025
2026
2032
2009
2033
2087
2107
2141
2158
2175
2199
2183
2184
2158
2140
2115
2093
2085
2053
2067
2058
2048
2026
2027
2064
2079
2103
2106
2140
2129
2182
2172
2157
2144
2129
2109
2108
2058
2069
2044
2066
2063
2068
2079
2086
2097
2115
2122
2120
2128
2130
2128
2099
2088
2081
2010
2024
2078
2114
2150
2207
2215
2213
2218
2215
2172
2120
2082
2053
2002
2004
2022
2076
2157
2159
2150
2162
2168
2187
2186
2139
2121
2121
2128
2082
2051
2091
2110
2105
2098
2096
2139
2160
2131
2073
2056
2036
2006
2016
2018
2030
2054
2063
2053
2027
2053
2059
2051
2095
2132
2171
2192
2209
2205
2182
2154
2092
2023
2007
1992
1992
2037
2040
2072
2071
2101
2128
2113
2098
2080
2078
2077
2084
2119
2119
2088
2054
2110
2104
2109
2088
2066
2058
2067
2079
2103
2079
2041
2035
2024
2060
2081
2111
2101
2138
2182
2168
2109
2022
1961
1977
2032
2050
2015
2008
2026
2085
2191
2282
2296
2227
2163
2122
2092
2085
2071
2013
1948
1940
1988
2040
2074
2079
2053
2081
2107
2136
2086
2045
2027
2032
2033
2090
2154
2168
2166
2143
2076
1997
1965
2006
2060
2137
2202
2205
2161
2104
2052
1990
1992
2078
2168
2258
2329
2295
2200
2076
1970
1895
1896
1944
2062
2173
2236
2223
2170
2074
2001
1946
1983
2054
2183
2264
2304
2267
2194
2100
2024
2004
2023
2049
2101
2132
2123
2060
1955
1888
1885
1942
2041
2141
2243
2281
2251
2177
2113
2049
2036
2041
2086
2146
2148
2160
2112
2056
2004
1976
1983
2032
2080
2134
2134
2143
2098
2053
2016
2018
2028
2058
2112
2179
2243
2240
2211
2163
2088
2037
2006
2004
2048
2102
2158
2181
2173
2127
2047
2008
1998
2023
2068
2139
2185
2238
2221
2187
2120
2062
2022
2015
2026
2060
2266
2151
2033
2015
2069
2175
2189
2123
2088
2161
2246
2319
2248
2059
1923
2003
2143
2131
2129
2200
2258
2198
2024
1921
1932
1916
1900
1968
2111
2215
2237
2252
2202
2048
1933
1951
1980
2006
2095
2191
2179
2076
2024
2053
2048
1976
1958
2067
2190
2220
2192
2149
2084
2022
1974
2019
2115
2163
2109
2134
2169
2149
2158
2178
2142
2042
1970
1977
2064
2130
2145
2215
2189
2062
1959
1987
2045
2091
2122
2214
2279
2264
2184
2058
1937
1860
1890
1973
2077
2140
2218
2260
2182
2075
2025
2023
1986
1963
2041
2178
2297
2338
2232
2016
1895
1899
1978
2030
2056
2086
2166
2185
2168
2088
2000
1968
1999
2072
2143
2158
2151
2126
2095
2090
2072
2058
2007
2020
2092
2077
2091
2049
2069
2148
2164
2044
1949
1950
1944
1951
2013
2128
2229
2176
2087
2089
2087
2091
2106
2179
2204
2187
2194
2205
2193
2115
2115
2148
2101
2040
2094
2203
2244
2208
2183
2111
1980
1897
1938
1991
2018
2029
2116
2152
2130
2123
2069
1997
1907
1891
1966
2023
2093
2149
2179
2185
2137
2121
2110
2133
2157
2161
2122
2124
2161
2196
2209
2221
2158
2061
2015
2055
2174
2205
2160
2072
2039
2085
2126
2121
2077
2022
1986
2047
2203
2211
2104
2035
2040
2098
2190
2270
2287
2198
2109
2115
2072
2049
2077
2135
2139
2151
2263
2287
2166
2008
1943
1852
1797
1859
1940
1915
1966
2098
2153
2058
1978
1950
1916
1892
1985
2089
2132
2105
2167
2179
2212
2143
2053
1990
1938
1957
2083
2200
2287
2256
2136
1972
1853
1856
2006
2209
2366
2348
2192
1958
1784
1758
1916
2166
2350
2395
2316
2118
1959
1907
1961
2102
2236
2286
2253
2140
2105
2072
2074
2092
2068
2040
1956
1916
1958
2046
2177
2282
2340
2305
2153
1991
1890
1923
2018
2188
2266
2242
2146
2015
1892
1862
1919
2053
2184
2262
2263
2235
2164
2138
2092
2077
2038
1998
1965
1988
2071
2181
2273
2286
2214
2082
1934
1859
1887
2000
2160
2324
2351
2293
2176
2024
1911
1871
1900
1987
2093
2166
2226
2256
2194
2102
2044
2007
2013
2031
2093
2134
2121
2081
2048
2061
2114
2157
2139
2019
1945
1915
1983
2109
2219
2270
2245
2116
1979
1873
1875
1959
2076
1987
1927
1924
2005
2059
2111
2105
2012
1877
1821
1862
1919
2016
2279
2543
2539
2313
2138
1993
1806
1586
1560
1696
1852
1909
2076
2369
2556
2492
2390
2356
2113
1679
1433
1546
1821
2090
2487
2832
2856
2448
1987
1662
1508
1523
1688
1981
2257
2357
2322
2276
2395
2444
2312
2133
1936
1805
1724
1816
2035
2396
2658
2579
2348
2206
2084
1894
1872
2090
2159
2005
1871
1895
1942
1926
2014
2210
2363
2316
2189
2191
2185
2067
1992
2127
2162
1984
1865
1920
1870
1736
1771
1939
2052
2217
2494
2670
2556
2263
2017
1825
1595
1578
1812
2094
2198
2240
2285
2229
2167
2118
2040
2037
2037
1951
1843
1905
1992
2021
1987
2106
2279
2283
2094
2088
2149
2019
1764
1592
1577
1710
1931
2197
2393
2475
2388
2208
1961
1752
1646
1706
1879
2128
2390
2533
2540
2429
2202
1986
1793
1719
1835
2011
2239
2410
2456
2402
2222
2009
1849
1760
1782
1896
2021
2163
2232
2241
2183
2084
1970
1919
1947
2056
2216
2324
2408
2409
2308
2145
1970
1863
1812
1888
2008
2169
2277
2314
2248
2121
1935
1762
1709
1800
2003
2276
2503
2634
2626
2475
2272
2029
1863
1789
1793
1935
2107
2330
2445
2488
2448
2345
2233
2126
2067
2086
2148
2199
2248
2217
2146
2087
1978
1910
1888
1898
1967
2049
2193
2317
2377
2326
2158
1940
1771
1650
1656
1668
1823
2036
2242
2385
2420
2305
2115
1933
1801
1775
1825
1944
2081
2260
2459
2610
2654
2542
1938
1738
1550
1459
1705
2138
2554
2709
2645
2419
2099
1726
1416
1342
1622
2145
2632
2939
2975
2720
2354
1967
1688
1546
1479
1481
1525
1689
2037
2470
2700
2671
2374
1884
1327
932
965
1303
1786
2240
2646
3018
3168
3034
2662
2265
1973
1685
1323
1040
1067
1534
2198
2806
3186
3314
3053
2396
1486
679
397
756
1550
2394
3042
3418
3379
2943
2314
1715
1320
1106
1022
1161
1537
2083
2585
2908
3012
2953
2748
2340
1716
1152
942
1234
1801
2310
2635
2822
2941
2885
2603
2147
1781
1623
1683
1872
2069
2269
2401
2325
1960
1516
1233
1288
1776
2416
2926
3110
2892
2416
1867
1582
1652
1996
2391
2561
2528
2414
2330
2329
2322
2198
2001
1776
1623
1510
2951
2996
2852
2554
2169
1758
1406
1213
1215
1414
1789
2236
2642
2981
3139
3092
2852
2456
1926
1424
1023
781
749
920
1290
1761
2301
2829
3276
3512
3463
3098
2555
1918
1278
815
531
574
888
1368
1913
2450
2906
3197
3314
3235
2941
2488
1928
1444
1173
1115
1272
1576
1925
2245
2462
2508
2423
2211
1916
1663
1610
1744
2143
2681
3196
3542
3625
3405
2883
2104
1203
341
0
1
0
277
1272
2375
3406
4095
4095
4095
4095
3680
2849
1942
1103
460
91
13
229
647
1240
1902
2574
3182
3670
3969
4005
3745
3210
2559
1839
1130
538
113
37
352
1015
1907
2823
3627
4095
4095
4095
3827
2992
1910
850
75
0
0
12
660
1720
2976
4095
4095
4095
4095
4095
4095
3054
1559
73
0
0
1
0
0
1
828
2471
4060
4095
4095
4095
4095
4095
4095
2918
1142
0
0
0
1
1
0
0
927
3077
4095
4095
4095
4095
4095
4095
4095
2878
732
0
0
1
1
0
0
0
1066
3619
4095
4095
4095
4095
4095
4095
4095
2626
356
0
2
1
0
1
0
4
1957
4095
4095
4095
4095
4095
4095
4095
3546
1567
1
0
1
0
1
0
8
1351
2996
4095
4095
4095
4095
4095
4095
3044
1639
394
0
1
1
37
890
2017
3118
4068
4095
4095
4095
4095
3315
2037
721
2
1
0
0
6
995
2319
3582
4095
4095
4095
4095
4095
4095
2876
1212
7
1
45
721
1420
2099
2706
3222
3638
3963
4095
4095
4095
4095
4095
4095
4095
4095
4095
4095
4095
4095
4095
3867
3442
2926
2339
1679
970
255
0
1
0
1
1
1
1
1
1
1
1
1
1
134
708
1297
1874
2423
2980
3513
4057
4095
4095
4095
4095
4095
4095
4095
4095
4095
4095
4095
4095
4095
3906
2906
1827
756
1
0
0
0
0
0
0
0
0
0
0
0
0
0
0
0
12
538
1151
1804
2424
3018
3597
4095
4095
4095
4095
4095
4095
4095
4095
4095
4095
4095
4095
4095
3604
3033
2434
1909
1441
1018
659
449
225
119
78
130
183
327
506
709
912
1182
1490
1829
2157
2534
2944
3299
