2061
2044
2042
2061
2058
2055
2048
2048
2053
2059
2057
2060
2068
2056
2053
2057
2062
2061
2062
2060
2061
2060
2067
2063
2070
2073
2062
2072
2071
2074
2069
2074
2074
2069
2073
2076
2068
2062
2064
2059
2059
2064
2076
2045
2068
2078
2080
2068
2080
2072
2074
2070
2076
2067
2079
2065
2069
2072
2072
2059
2065
2076
2076
2071
2072
2074
2081
2072
2074
2074
2081
2088
2086
2088
2087
2088
2080
2082
2080
2085
2095
2079
2096
2085
2084
2091
2097
2090
2086
2093
2105
2110
2094
2101
2104
2105
2113
2102
2106
2106
2106
2094
2100
2117
2116
2124
2112
2130
2118
2139
2118
2121
2130
2120
2124
2131
2142
2133
2128
2128
2135
2133
2126
2135
2135
2132
2122
2134
2073
2080
2076
2074
2088
2072
2074
2074
2080
2078
2085
2084
2086
2092
2096
2090
2094
2097
2086
2097
2100
2094
2087
2090
2088
2090
2095
2090
2099
2091
2097
2109
2094
2099
2090
2092
2084
2092
2090
2082
2082
2090
2091
2085
2080
2085
2078
2090
2086
2089
2092
2084
2093
2084
2095
2096
2097
2091
2099
2093
2094
2102
2106
2110
2113
2121
2120
2125
2123
2121
2139
2139
2136
2134
2127
2119
2114
2124
2121
2108
2118
2100
2095
2081
2088
2083
2082
2064
2067
2060
2057
2057
2044
2050
2052
2045
2059
2060
2051
2052
2049
2042
2048
2065
2059
2067
2077
2061
2070
2088
2097
2099
2100
2098
2094
2111
2118
2127
2122
2122
2120
2135
2128
2133
2126
2131
2125
2115
2068
2070
2074
2087
2101
2096
2112
2130
2138
2134
2145
2137
2120
2119
2108
2089
2081
2073
2086
2086
2075
2098
2102
2109
2122
2126
2128
2146
2133
2139
2128
2114
2096
2090
2088
2088
2095
2091
2096
2116
2119
2133
2136
2134
2152
2150
2135
2138
2120
2109
2105
2104
2098
2104
2090
2089
2096
2096
2112
2127
2126
2133
2138
2143
2144
2150
2139
2121
2106
2082
2071
2059
2024
2004
2003
2012
2023
2056
2086
2121
2158
2199
2226
2236
2229
2212
2192
2157
2111
2067
2034
1993
1970
1932
1945
1964
1985
2024
2080
2121
2163
2188
2220
2203
2190
2173
2133
2090
2056
2031
2012
2006
2011
2017
2036
2065
2080
2111
2130
2136
2134
2116
2114
2091
2071
2057
2043
2036
1963
1940
1955
2007
2030
2080
2142
2207
2194
2126
2102
2108
2131
2117
2124
2153
2132
2051
2002
2011
2070
2102
2100
2073
2072
2064
2064
2082
2132
2177
2193
2152
2096
2054
2064
2088
2094
2091
2072
2037
2029
2061
2150
2221
2265
2258
2178
2089
2020
1997
1998
2004
1995
2003
2034
2078
2120
2184
2233
2245
2222
2203
2177
2168
2095
2017
1968
1951
1936
1958
2035
2112
2173
2171
2167
2155
2154
2159
2136
2106
2095
2075
2056
2028
2056
2097
2122
2094
2070
2108
2165
2177
2187
2179
2167
2111
2080
2050
2042
2040
2076
2102
2094
2085
2112
2118
2110
2110
2106
2110
2055
2018
2020
2021
2021
2017
2049
2086
2128
2176
2205
2192
2178
2154
2108
2049
2016
1998
2152
2165
2154
2112
2084
2060
2050
2054
2055
2049
2042
2030
2012
1998
2003
2019
2063
2107
2132
2160
2170
2166
2156
2142
2105
2076
2063
2042
2031
2013
2003
1999
1998
2009
2007
2027
2061
2085
2131
2165
2192
2199
2196
2170
2133
2078
2033
1989
1991
1996
2027
2064
2110
2105
2107
2073
2040
2016
2009
2027
2065
2118
2148
2185
2191
2182
2151
2114
2060
2044
2039
2045
2065
2091
2093
2096
2088
2088
2082
2080
2093
2101
2130
2158
2172
2173
2160
2136
2115
2102
2091
2094
2095
2104
2128
2166
2212
2249
2236
2229
2189
2149
2104
2055
2031
2036
2035
2050
2026
2025
2022
2037
2016
2001
2018
2019
2033
2070
2118
2157
2165
2200
2210
2185
2142
2104
2076
2083
2194
2212
2214
2161
2103
2072
2071
2090
2113
2154
2175
2204
2185
2136
2097
2058
2040
2032
2038
2050
2074
2105
2110
2151
2163
2140
2138
2125
2081
2010
2016
2062
2129
2123
2074
2078
2029
1965
1926
1933
1988
2065
2093
2139
2192
2204
2171
2088
2047
2044
2010
1950
1946
2048
2160
2211
2200
2184
2148
2125
2086
2036
2030
2057
2082
2090
2128
2199
2239
2216
2149
2080
2029
1971
1939
1995
2102
2200
2194
2124
2020
2006
2075
2156
2131
2015
1917
1890
2024
2200
2284
2256
2152
2024
1994
2052
2124
2148
2148
2138
2162
2211
2204
2150
2090
2101
2129
2110
2040
1978
1993
2056
2096
2122
2164
2199
2223
2177
2102
2020
1959
1955
1976
2008
2023
2015
2028
2090
2047
2104
2136
2150
2152
2135
2101
2010
1941
1924
1967
2040
2140
2235
2261
2238
2199
2130
2080
2055
2064
2061
2074
2108
2154
2204
2232
2248
2249
2220
2151
2057
1980
1915
1881
1895
1968
2116
2262
2355
2321
2185
2002
1846
1752
1717
1756
1855
2003
2171
2304
2389
2391
2332
2174
1999
1834
1760
1817
1915
2058
2214
2354
2417
2409
2359
2248
2100
1937
1815
1789
1811
1857
1951
2071
2181
2284
2310
2291
2240
2184
2086
1980
1884
1826
1862
1941
2083
2216
2304
2294
2192
2049
1986
2032
2113
2202
2258
2242
2172
2058
2006
2048
2140
2222
2223
2183
2089
2033
2006
2048
2080
2117
2090
2060
2024
2000
1993
2043
2163
2269
2314
2282
2218
2139
2092
2056
2040
2198
2262
2264
2212
2140
2030
1943
1917
1920
1994
2092
2201
2251
2249
2181
2097
2006
1957
1944
1966
2019
2103
2209
2293
2334
2302
2193
2042
1888
1769
1753
1824
1936
2068
2187
2269
2296
2266
2178
2052
1947
1902
1941
2036
2192
2302
2342
2295
2159
1997
1842
1780
1808
1904
2065
2214
2328
2372
2359
2286
2160
2040
1933
1880
1906
1986
2104
2250
2314
2332
2280
2167
2041
1925
1880
1916
2011
2138
2270
2354
2370
2308
2160
2004
1861
1808
1866
1997
2198
2359
2446
2435
2309
2098
1901
1759
1750
1854
2058
2270
2458
2530
2459
2297
2075
1864
1730
1718
1827
2020
2256
2435
2512
2452
2275
2049
1831
1696
1692
1818
2001
2184
2314
2351
2278
2159
2041
1945
2020
2032
1976
1958
2102
2212
2136
1934
1773
1726
1794
1942
2100
2218
2237
2176
2082
2029
2050
2160
2245
2136
1888
1720
1809
2018
2129
2254
2358
2305
2088
1880
1768
1772
1908
2070
2055
1974
2177
2683
3049
2955
2655
2413
2148
1788
1524
1565
1726
1815
1886
2106
2427
2608
2518
2415
2384
2306
2043
1841
1887
2062
2130
2006
1906
1933
2026
2020
1952
2004
2110
2083
1965
2015
2283
2498
2492
2300
2079
1903
1788
1709
1702
1846
2024
2064
1999
2035
2292
2531
2574
2451
2309
2113
1904
1803
1870
1964
2032
2022
1984
1955
1999
2142
2284
2275
2144
1996
1972
2013
2071
2198
2310
2319
2211
2094
2028
1992
1978
1918
1859
1825
1870
2011
2207
2375
2406
2253
2036
1989
2001
2063
2126
2196
2245
2259
2202
2136
2044
1952
1838
1745
1719
1790
1913
2092
2292
2464
2606
2624
2505
2314
2096
1925
1834
1848
1958
2127
2308
2406
2402
2341
2244
2124
2039
1998
1991
1997
2021
2014
1997
1966
1936
1923
1941
1956
1963
1936
1914
1864
1842
1887
2019
2175
2324
2438
2488
2429
2300
2126
1951
1841
1839
1936
2121
2273
2386
2354
2251
2104
1956
1873
1922
2023
2149
2258
2276
2242
2180
2092
2035
2010
2019
2079
2142
2188
2192
2138
2075
2054
2076
2140
2184
2146
2046
1932
1818
1769
1792
1889
2061
2229
2328
2312
2237
2099
2001
1952
1966
2013
2088
2160
2184
2178
2129
2107
2110
2143
2227
2303
2318
2220
2099
1956
1917
1950
2648
2800
2725
2507
2416
2345
2110
1816
1712
1688
1720
2058
2712
3133
3129
3009
2954
2712
2189
1763
1712
1836
1780
1636
1650
1836
2048
2217
2363
2514
2593
2409
1896
1339
1035
1072
1252
1468
1762
2152
2503
2647
2576
2430
2267
2025
1733
1539
1607
1870
2135
2282
2455
2672
2755
2557
2265
2106
1998
1819
1776
2047
2462
2653
2550
2348
2125
1859
1616
1573
1768
2034
2235
2414
2551
2588
2462
2217
1987
1792
1638
1602
1718
1897
2095
2308
2411
2400
2336
2271
2231
2127
1965
1823
1756
1758
1915
2210
2537
2645
2556
2338
2100
1933
1833
1810
1800
1823
1966
2217
2450
2557
2534
2435
2228
1886
1598
1538
1728
1974
2182
2358
2526
2592
2478
2269
2086
1921
2330
2047
1760
1520
1416
1464
1636
1927
2272
2566
2736
2736
2542
2194
1794
1448
1224
1198
1358
1735
2196
2650
2992
3137
3058
2765
2292
1784
1341
1088
1062
1270
1628
2068
2486
2770
2890
2833
2636
2374
2128
1952
1872
1890
1963
2055
2134
2138
2064
1945
1782
1664
1626
1714
1932
2194
2446
2686
2812
2831
2730
2478
2096
1685
1322
1080
1024
1154
1426
1762
2093
2382
2595
2748
2820
2834
2776
2662
2466
2270
2058
1857
1675
1528
1416
1379
1408
1538
1753
2024
2288
2475
2571
2563
2453
2308
2137
2016
1983
2024
2115
2186
2210
2138
2023
1926
1887
1914
1974
2031
2057
2033
2008
1963
1985
2106
2326
2615
2874
3045
3048
2874
2518
2077
1591
1176
931
872
4095
4056
3220
2181
1221
548
234
269
621
1251
2050
2844
3480
3798
3811
3588
3168
2653
2085
1526
1046
741
718
952
1406
1993
2586
3058
3316
3316
3162
2906
2622
2291
1947
1642
1436
1357
1371
1403
1410
1406
1468
1658
1957
2303
2624
2913
3137
3259
3176
2894
2416
1854
1295
787
392
209
365
918
1768
2705
3524
4087
4095
4095
4060
3354
2298
1141
115
2
3
4
5
330
1383
2583
3707
4095
4095
4095
4095
3688
2698
1640
669
4
5
3
2
351
1188
2159
3116
3870
4095
4095
4032
3569
2996
2344
1658
1060
657
563
706
1009
1329
1637
1945
2254
2543
2781
2910
2910
2813
2714
2658
2619
2617
2569
2472
2251
1946
1576
1264
1062
4095
4095
3191
1473
1
1
0
1
1
0
256
1431
2588
3607
4095
4095
4095
4095
4095
3485
2652
1866
1234
790
570
540
684
938
1268
1617
1922
2132
2258
2301
2303
2271
2229
2206
2236
2312
2454
2630
2806
2915
2928
2812
2548
2173
1722
1265
863
525
366
420
699
1216
1956
2809
3666
4095
4095
4095
4095
4095
3311
2328
1292
324
4
1
1
1
2
224
1248
2424
3628
4095
4095
4095
4095
4095
4095
4087
2874
1419
3
1
3
1
1
2
1
2
1178
2705
4095
4095
4095
4095
4095
4095
4095
4095
3880
2370
778
3
1
3
2
3
3
3
257
1532
2814
3885
4095
4095
4095
4095
4095
4095
3696
2921
2177
1507
4095
4095
4095
4054
3383
2692
2004
1328
691
103
3
2
7
1
4
4
4
3
2
3
4
3
4
3
4
3
2
2
431
1021
1623
2216
2776
3310
3799
4095
4095
4095
4095
4095
4095
4095
4095
4095
4095
4095
4095
4095
4095
4095
4095
4095
4095
4095
4043
3573
3085
2579
2069
1572
1113
650
214
2
4
2
2
3
3
3
3
5
3
4
5
3
1
3
1
1
1
0
1
133
701
1289
1882
2436
2977
3489
3983
4095
4095
4095
4095
4095
4095
4095
4095
4095
4095
4095
4095
4095
4095
4095
4095
4095
4095
4095
4095
3927
3483
3005
2524
2060
1618
1180
759
380
24
1
1
2
2
2
1
2
