2086
2112
2091
2096
2087
2089
2094
2109
2103
2089
2086
2088
2102
2101
2093
2116
2104
2081
2076
2101
2094
2099
2111
2072
2090
2081
2101
2076
2072
2092
2091
2078
2104
2098
2091
2099
2096
2087
2101
2082
2075
2075
2100
2097
2094
2096
2081
2060
2087
2104
2091
2095
2096
2094
2081
2116
2102
2075
2086
2091
2111
2087
2086
2080
2085
2086
2092
2071
2088
2081
2079
2089
2094
2085
2088
2073
2094
2089
2084
2091
2116
2106
2102
2119
2103
2095
2095
2101
2083
2090
2084
2104
2103
2086
2098
2102
2103
2108
2099
2116
2109
2101
2094
2089
2091
2072
2079
2072
2102
2108
2081
2077
2103
2083
2101
2105
2087
2110
2088
2099
2090
2100
2084
2078
2094
2096
2110
2101
2099
2082
2074
2109
2088
2104
2096
2076
2072
2081
2100
2069
2086
2098
2092
2085
2089
2080
2080
2079
2080
2081
2087
2076
2069
2089
2091
2080
2039
2055
2054
2074
2070
2077
2081
2057
2080
2083
2057
2072
2075
2072
2069
2082
2067
2085
2074
2083
2086
2095
2083
2074
2093
2055
2084
2089
2080
2093
2079
2077
2078
2079
2053
2074
2094
2093
2101
2076
2068
2088
2084
2104
2096
2116
2129
2127
2131
2127
2120
2131
2134
2128
2152
2139
2123
2149
2139
2147
2152
2144
2159
2148
2156
2157
2123
2143
2171
2152
2161
2164
2136
2142
2128
2112
2131
2109
2109
2113
2107
2090
2098
2090
2095
2089
2091
2071
2077
2073
2071
2064
2048
2052
2058
2062
2060
2056
2068
2060
2119
2128
2128
2145
2100
2094
2094
2099
2082
2073
2077
2081
2083
2101
2073
2092
2094
2069
2088
2092
2078
2080
2104
2107
2116
2116
2108
2101
2107
2122
2091
2064
2056
2041
2065
2064
2060
2089
2075
2093
2108
2133
2132
2129
2108
2105
2116
2127
2107
2099
2085
2076
2096
2090
2074
2066
2050
2038
2024
2038
2037
2025
2042
2049
2051
2081
2076
2096
2106
2093
2109
2128
2114
2113
2146
2169
2161
2193
2172
2183
2162
2138
2109
2097
2097
2057
2057
2046
2032
2052
2025
2052
2064
2068
2070
2077
2094
2100
2119
2113
2113
2127
2103
2087
2114
2096
2073
2069
2047
2062
2058
2060
2062
2049
2074
2092
2093
2102
2115
2112
2099
2107
2092
2088
2078
2072
2057
2063
2129
2085
2049
2049
2038
2027
2011
2019
2004
2024
2031
2048
2086
2121
2189
2194
2185
2158
2120
2101
2061
1995
1980
2040
2080
2064
2088
2053
2077
2091
2097
2095
2112
2096
2122
2119
2129
2120
2118
2114
2132
2108
2081
2097
2073
2073
2093
2109
2167
2207
2228
2236
2240
2216
2203
2179
2156
2126
2098
2087
2068
2038
2005
1990
2005
2027
2069
2108
2124
2130
2160
2160
2131
2073
2053
2068
2091
2078
2076
2069
2076
2088
2107
2131
2152
2175
2209
2228
2223
2184
2153
2097
2070
2043
2012
2019
2010
2016
2028
2027
2031
2023
1997
2024
2072
2113
2111
2158
2129
2128
2118
2060
2066
2065
2090
2099
2076
2101
2120
2112
2093
2103
2092
2107
2095
2096
2064
2022
2146
2192
2183
2141
2063
2005
1971
1992
2019
2102
2161
2170
2155
2099
2031
2025
2028
2017
2060
2100
2146
2188
2210
2180
2141
2095
2077
2059
2057
2036
2073
2104
2125
2129
2145
2099
2091
2059
2038
2051
2055
2086
2084
2096
2084
2089
2101
2124
2135
2125
2131
2069
2015
1970
1938
1965
2012
2096
2168
2195
2169
2143
2052
1987
1961
2015
2084
2156
2179
2163
2100
2028
1977
1970
2024
2066
2150
2183
2170
2136
2089
2023
2001
2023
2049
2079
2104
2148
2134
2148
2124
2129
2144
2130
2105
2116
2115
2102
2088
2116
2119
2146
2125
2117
2088
2070
2041
2038
2065
2079
2130
2193
2212
2206
2172
2104
2041
2011
1993
2041
2112
2193
2209
2184
2140
2083
2030
1981
2139
2149
2126
2091
2091
2098
2128
2118
2108
2107
2043
2008
2056
2086
2105
2104
2118
2129
2124
2123
2122
2092
2097
2065
2015
1993
1992
2076
2140
2168
2158
2165
2163
2176
2118
2079
2017
1975
1966
2019
2062
2074
2107
2152
2109
2012
2003
2051
2077
2056
2098
2152
2095
2054
2070
2107
2123
2142
2108
2069
2057
2122
2219
2201
2169
2143
2128
2101
2061
1989
1982
2068
2135
2145
2083
2051
2078
2159
2179
2123
2054
2041
2083
2075
2018
1998
2027
2081
2113
2124
2095
2089
2111
2132
2159
2141
2078
2015
1989
1997
2056
2146
2162
2092
2019
2003
2072
2145
2162
2163
2121
2080
2045
2068
2119
2096
2017
1991
2059
2133
2120
2161
2202
2168
2064
2014
2085
2099
2061
1999
1977
1985
2007
2074
2108
2138
2106
2096
2072
2056
2039
2040
2090
2155
2185
2200
2167
2103
2057
2053
2042
2056
2104
2150
2196
2212
2174
2116
2055
1959
1943
1941
1985
2061
2130
2138
2134
2093
2060
1991
1973
1938
1992
2116
2200
2262
2266
2224
2186
2149
2099
2065
1985
1946
1981
2011
2082
2090
2106
2135
2154
2108
2041
1979
1953
1932
1961
2002
2066
2132
2175
2177
2122
2099
2105
2141
2088
2105
2099
2125
2149
2176
2149
2155
2176
2201
2192
2160
2152
2160
2153
2115
2062
2024
1997
2015
2056
2045
2067
2104
2103
2074
2032
1964
1994
2009
2080
2091
2120
2141
2090
2013
1971
1994
2013
2083
2173
2278
2339
2342
2272
2185
2110
2037
1998
2014
1976
2016
2086
2122
2184
2215
2211
2134
2075
1990
1938
1969
2001
2070
2107
2115
2130
2125
2079
2041
2038
2078
2039
2010
1999
2001
2044
2051
2072
2119
2183
2215
2175
2100
2052
2023
2026
2052
2078
2096
2169
2187
2211
2141
2067
2001
1983
2048
2104
2139
2145
2130
2102
2059
2014
1996
1999
2048
2101
2115
2174
2188
2190
2135
2085
2057
2064
2049
2050
2079
2111
2132
2117
2056
2021
2009
2022
2050
2099
2183
2209
2161
2096
2069
2046
2028
2038
2093
2130
2194
2180
2101
2061
1998
2034
2091
2101
2091
2088
2104
2112
2121
2121
2120
2104
2110
2094
2075
2096
2121
2143
2118
2089
2071
2093
2103
2135
2153
2135
2112
2082
2077
2074
2084
2093
2150
2161
2142
2249
2355
2444
2423
2244
2038
1822
1645
1603
1792
2036
2208
2235
2131
2001
1932
1938
1979
2067
2171
2191
2200
2310
2471
2499
2372
2182
2000
1800
1624
1687
1939
2087
2122
2178
2328
2385
2320
2251
2185
2057
1798
1674
1839
2116
2220
2239
2289
2286
2146
1983
1947
1932
1849
1821
1903
2053
2187
2267
2304
2316
2253
2102
1926
1834
1864
1948
1993
2031
2146
2200
2166
2236
2275
2164
1958
1896
2008
2056
2046
2141
2210
2163
2146
2203
2239
2030
1835
1803
1892
2019
2200
2442
2489
2272
2076
2006
1984
1980
1995
2021
1965
1988
2182
2373
2418
2299
2125
1956
1898
1961
2096
2214
2296
2360
2388
2347
2293
2197
2052
1824
1675
1766
1989
2274
2441
2478
2372
2098
2108
2153
2199
2216
2260
2300
2293
2208
2091
2022
2006
2009
2024
2073
2125
2134
2132
2107
2080
2068
2048
2032
1992
1974
2041
2179
2326
2421
2418
2266
1965
1701
1551
1616
1837
2146
2432
2540
2450
2197
1893
1714
1744
1954
2243
2383
2355
2129
1878
1738
1801
2081
2392
2605
2600
2335
1980
1668
1607
1783
2065
2365
2526
2464
2221
1947
1772
1787
2006
2237
2343
2269
2043
1829
1749
1864
2168
2431
2589
2505
2182
1818
1560
1558
1801
2163
2484
2633
2490
2151
1795
1596
1652
1914
2253
2507
2608
2483
2215
1971
1841
1876
2051
2224
2370
2375
2243
2062
1890
1840
1888
2026
2139
2140
2084
1952
1867
1845
1936
2113
2306
2419
2411
2213
1995
1792
1705
1384
1639
2241
2768
2974
2920
2673
2338
2043
1944
2047
2132
2096
2036
2066
2037
1789
1547
1708
2226
2694
2700
2377
1990
1690
1495
1511
1836
2336
2758
2853
2626
2295
1970
1715
1592
1628
1780
1911
1992
2065
2202
2351
2433
2362
2216
2059
1905
1887
1966
2044
2096
2131
2169
2243
2268
2218
2093
1896
1696
1636
1739
1962
2249
2533
2711
2734
2544
2151
1716
1541
1568
1781
2095
2437
2623
2486
2156
1934
1968
2102
2140
2094
2067
2061
2068
2025
2011
2164
2438
2616
2592
2404
2106
1813
1583
1514
1686
2044
2328
2395
2385
2249
1898
1504
1326
1548
1968
2342
2560
2738
2803
2569
1916
1216
981
1417
2096
2501
2680
2730
2597
2213
1787
1738
2071
2404
2507
839
449
626
1273
2169
2990
3496
3578
3217
2509
1662
915
526
604
1136
1955
2785
3418
3686
3531
2995
2224
1444
912
782
1106
1688
2334
2777
2986
2907
2572
2145
1736
1476
1417
1592
1850
2204
2506
2691
2704
2530
2167
1732
1327
1162
1323
1793
2347
2846
3062
2987
2606
2045
1509
1155
1142
1412
1897
2387
2782
3013
2952
2662
2173
1645
1211
1007
1122
1519
2100
2757
3275
3524
3371
2873
2109
1322
717
529
765
1313
2060
2723
3112
3172
2916
2462
1966
1576
1328
1244
1337
1615
1982
2403
2696
2764
2559
2194
1800
1529
1477
1621
1952
2298
2559
2630
2486
2144
1758
1509
1537
1821
2235
2646
2882
2927
2786
2500
2055
1577
1081
784
804
1189
1853
3561
3366
2790
1949
896
1
0
0
0
1
323
1755
3169
4095
4095
4095
4095
4095
2997
1580
263
3
2
0
0
904
2196
3316
4060
4095
4077
3436
2552
1670
1018
720
852
1403
2248
3220
4075
4095
4095
4095
3498
2318
1068
0
0
1
2
705
1922
3114
4065
4095
4095
3973
2835
1205
1
0
0
1
1
3
1575
3542
4095
4095
4095
4095
4095
3546
1493
1
1
0
0
1
1007
3037
4095
4095
4095
4095
4095
3831
1859
0
0
1
0
2
392
2179
3872
4095
4095
4095
4095
3056
1064
3
2
2
1
2
788
2833
4095
4095
4095
4095
4095
3616
1350
2
0
0
0
1
887
3089
4095
4095
4095
4095
7
0
0
137
1079
2196
3449
4095
4095
4095
4095
4095
4095
3815
2614
1389
336
0
0
0
1
5
538
1425
2409
3389
4095
4095
4095
4095
4095
4095
4095
4095
3577
1903
120
0
1
0
1
1
1
0
0
0
1409
3585
4095
4095
4095
4095
4095
4095
4095
4095
4095
3512
1292
0
0
1
1
1
1
0
1
1
399
2230
4065
4095
4095
4095
4095
4095
4095
4095
4095
2981
946
1
2
0
2
1
0
2
1
267
1850
3495
4095
4095
4095
4095
4095
4095
4095
4095
4095
4095
2478
78
2
1
1
1
1
1
1
0
3
89
2040
4095
4095
4095
4095
4095
4095
4095
4095
4095
4095
4095
2654
3
4095
4095
4095
4095
4095
4095
4095
4095
4095
4095
4095
4095
4095
4095
4095
4095
4095
4095
3080
1175
0
0
1
0
0
1
0
1
0
0
0
0
0
0
0
1
0
1
0
1
484
2526
4095
4095
4095
4095
4095
4095
4095
4095
4095
4095
4095
4095
4095
4095
4095
4095
4095
4095
4095
4095
4095
4095
2911
473
1
2
0
1
0
1
1
0
1
2
0
0
2
0
1
0
2
1
0
1
0
1
408
3001
4095
4095
4095
4095
4095
4095
4095
4095
4095
4095
4095
4095
4095
4095
4095
4095
4095
4095
4095
4095
4095
4095
4095
4095
4095
4095
2308
2
0
0
2
0
0
1
0
1
1
0
