2053
2035
2055
2070
2092
2123
2122
2110
2098
2084
2089
2103
2122
2103
2104
2080
2070
2058
2086
2081
2060
2040
2002
1996
2003
2015
2047
2061
2084
2089
2081
2088
2095
2092
2107
2099
2097
2088
2077
2097
2090
2115
2130
2149
2159
2171
2148
2126
2103
2069
2062
2052
2038
2012
1998
2016
2020
2035
2059
2056
2056
2075
2088
2122
2161
2200
2199
2203
2190
2161
2130
2117
2090
2097
2096
2119
2121
2112
2126
2118
2116
2103
2102
2098
2077
2038
2006
1948
1926
1935
1974
2014
2104
2139
2171
2210
2221
2241
2256
2236
2214
2202
2160
2129
2114
2088
2089
2055
2052
2026
2013
1984
1981
1976
1975
2012
2044
2105
2156
2177
2189
2174
2137
2128
2122
2134
2144
2148
1999
1948
1932
1973
2025
2069
2099
2135
2160
2177
2169
2128
2071
2000
1932
1888
1918
1967
2019
2088
2116
2144
2153
2139
2111
2066
2023
1985
1994
2031
2096
2157
2210
2233
2216
2179
2145
2078
2004
1941
1902
1926
1982
2060
2145
2177
2202
2200
2182
2130
2065
1988
1908
1865
1882
1944
2046
2136
2201
2231
2242
2215
2170
2111
2045
1971
1928
1940
1995
2073
2150
2224
2280
2309
2306
2265
2211
2149
2074
2026
2000
2002
2000
2036
2081
2145
2210
2251
2268
2265
2244
2212
2162
2100
2019
1946
1912
1912
1948
2016
2104
2212
2292
2344
2356
2273
2172
2020
1892
1808
1803
1836
1916
2011
2103
2156
2180
2150
2090
2031
1971
1936
1938
1966
2035
2090
2143
2171
1794
1747
1838
1975
2093
2152
2216
2279
2277
2145
1955
1875
1953
2038
2035
2020
2083
2199
2259
2191
2120
2100
2094
1998
1904
1915
1996
2112
2203
2201
2130
2029
1976
1980
1962
1904
1872
1945
2121
2225
2219
2181
2154
2119
2050
1943
1886
1904
1967
2002
2028
2078
2157
2245
2287
2220
2116
1980
1918
1903
2002
2102
2180
2173
2164
2141
2176
2188
2192
2113
2035
2024
2091
2179
2219
2152
2089
2058
2078
2070
2032
2013
2012
2029
2052
2099
2148
2188
2178
2152
2088
2062
2017
2003
2031
2072
2138
2186
2195
2156
2114
2078
2048
2051
2056
2108
2158
2186
2189
2148
2090
2081
2058
2060
2086
2069
2067
2088
2153
2221
2252
2227
2167
2111
2064
2022
1993
1980
1955
2025
2047
2053
2102
2193
2182
2033
1876
1842
1933
1984
2038
2111
2207
2218
2140
2059
2046
2036
2028
2016
2047
2063
2011
1975
2028
2108
2086
2048
2119
2290
2374
2242
2068
1986
2019
1997
1962
2026
2169
2267
2248
2169
2094
2030
1975
1933
1912
1907
1920
1941
1977
2021
2093
2149
2177
2183
2184
2128
1967
1759
1696
1797
1932
1962
1989
2054
2141
2160
2143
2144
2120
2081
2022
1956
1922
1903
1948
2068
2159
2187
2212
2226
2180
2090
2023
2072
2150
2142
2033
1999
2112
2274
2352
2328
2296
2275
2191
2024
1904
1949
2046
2130
2175
2196
2199
2197
2226
2248
2211
2123
2028
1990
1987
1981
2012
2046
2060
2073
2088
2080
2122
2230
2302
2199
1965
1874
2336
2373
2320
2173
2009
1898
1870
1888
1990
2112
2227
2276
2267
2210
2119
2022
1944
1914
1934
1980
2023
2113
2199
2301
2347
2332
2240
2072
1927
1828
1824
1930
2138
2340
2505
2508
2376
2127
1870
1679
1634
1716
1915
2168
2382
2512
2514
2407
2230
1997
1802
1696
1688
1833
2052
2276
2428
2492
2423
2243
2047
1872
1773
1815
1932
2108
2268
2360
2336
2227
2073
1922
1845
1844
1926
2071
2202
2283
2315
2266
2200
2107
2021
1979
1990
2024
2044
2062
2073
2085
2120
2158
2185
2212
2162
2096
2033
1974
1958
2002
2082
2164
2250
2298
2263
2172
2082
1994
1932
1947
2019
2120
2207
2252
2246
2200
2148
2082
2059
2040
2043
2055
2048
2051
2057
2102
2164
2224
1902
2123
2238
2339
2542
2650
2440
2172
2067
1985
1797
1642
1689
1824
1974
2192
2424
2447
2256
2185
2213
2110
1767
1416
1321
1529
1919
2290
2554
2725
2745
2631
2495
2331
2070
1770
1643
1675
1696
1601
1756
2306
2807
2828
2524
2216
1993
1896
2010
2148
2207
2149
2270
2568
2821
2903
2784
2444
1974
1574
1474
1630
1842
1966
1984
2026
2222
2558
2792
2804
2588
2286
2011
1812
1780
1860
1952
2049
2123
2075
1945
1828
1848
1934
2000
2013
2043
2115
2210
2355
2482
2459
2333
2188
1962
1682
1484
1466
1661
1837
1970
2051
2133
2168
2168
2164
2158
2087
1938
1746
1680
1861
2112
2270
2304
2309
2269
2054
1885
1930
2061
2064
1936
1951
2164
2364
2453
2453
1629
1860
2132
2343
2392
2260
1995
1742
1623
1720
1983
2340
2590
2632
2499
2240
1964
1780
1742
1834
2016
2206
2365
2393
2339
2281
2200
2163
2164
2146
2118
2031
1945
1875
1875
1950
2102
2261
2385
2411
2322
2164
1936
1760
1695
1756
1937
2200
2434
2590
2607
2462
2182
1902
1662
1567
1647
1874
2173
2439
2567
2525
2330
2042
1749
1550
1504
1637
1895
2183
2417
2529
2503
2341
2136
1940
1789
1732
1798
1949
2150
2309
2420
2434
2322
2146
1944
1785
1734
1796
1951
2147
2327
2472
2532
2511
2382
2158
1927
1735
1634
1695
1856
2073
2284
2452
2524
2511
2382
2218
2068
1945
1898
1887
1935
2008
2074
2114
2095
2053
1988
1923
1909
1950
2034
2142
2248
2299
2105
2207
2332
2452
2518
2449
2282
2077
1878
1741
1647
1601
1644
1664
1751
1998
2428
2777
2899
2834
2754
2604
2272
1944
1906
2149
2338
2280
2138
2011
1864
1646
1507
1525
1664
1854
2054
2286
2473
2521
2448
2359
2253
2060
1836
1699
1780
1972
2116
2186
2215
2294
2297
2118
1762
1537
1601
1834
1948
1974
2126
2419
2541
2261
1924
1920
2146
2274
2247
2321
2612
2809
2640
2216
1909
1828
1924
2092
2300
2527
2683
2760
2738
2546
2287
2118
2109
2119
2056
1972
1932
1876
1720
1450
1252
1300
1589
1988
2295
2431
2381
2198
1876
1510
1187
1101
1357
1842
2280
2416
2294
2095
1936
1770
1549
1489
1728
2133
2410
2454
2315
2104
1882
1705
1620
1688
1894
2132
3115
2956
2674
2288
1902
1562
1337
1216
1234
1391
1668
2020
2396
2728
2958
3019
2967
2760
2404
1976
1514
1166
998
981
1189
1485
1847
2235
2603
2893
3048
3028
2812
2400
1895
1486
1237
1253
1512
1921
2323
2585
2613
2422
2106
1702
1355
1178
1217
1484
1938
2526
3113
3568
3740
3524
2916
2051
1122
333
1
1
448
1255
2214
3094
3752
4068
4040
3701
3110
2347
1569
975
686
791
1222
1775
2253
2564
2609
2433
2154
1854
1643
1592
1673
1892
2227
2619
3009
3224
3204
2918
2410
1854
1383
1108
1040
1104
1185
1247
1367
1560
1845
2200
2492
2694
2780
2818
2896
3034
3181
3206
2976
2514
1964
1448
1102
955
987
1147
1503
2016
2611
3115
3401
3360
3051
854
2
2
2
4
343
1824
3237
4095
4095
4095
3856
2663
1287
65
3
0
1
754
2345
3988
4095
4095
4095
4095
3735
1793
2
3
2
2
3
526
2456
4095
4095
4095
4095
4095
4095
3136
1374
3
1
2
1
2
342
2085
3800
4095
4095
4095
4095
3918
2726
1521
580
3
2
3
290
1048
1934
2802
3457
3826
3888
3695
3305
2781
2209
1609
1132
833
765
934
1290
1810
2382
2902
3250
3326
3075
2526
1808
1124
680
616
940
1617
2448
3201
3700
3811
3482
2806
1938
1065
356
2
15
476
1358
2501
3685
4095
4095
4095
4095
3440
1814
241
1
3
3
20
1420
3215
4095
4095
4095
4095
4095
2482
356
2
2
2
1
2176
4095
4095
4095
4095
4095
4095
4095
4095
4095
4020
1828
3
2
3
2
3
2
3
3
1
790
3416
4095
4095
4095
4095
4095
4095
4095
4095
4095
4095
2466
574
2
1
4
1
1
1
3
3
536
1751
2796
3600
4095
4095
4095
4095
3998
3574
3122
2684
2283
1992
1736
1515
1278
1021
713
372
67
4
4
2
2
148
728
1473
2327
3239
4095
4095
4095
4095
4095
4095
4095
4095
4095
4095
4095
2998
1443
1
3
3
4
4
3
3
3
1
3
472
2138
3780
4095
4095
4095
4095
4095
4095
4095
4095
4095
2664
1006
3
2
2
2
1
1
4
4
2
1033
2351
3549
4095
4095
4095
3
3
3
2
3
1
2
1
1
0
1
0
350
2254
4095
4095
4095
4095
4095
4095
4095
4095
4095
4095
4095
4095
4095
4095
4095
4095
4095
4095
4095
4095
4095
4095
2634
961
1
0
1
2
1
2
1
1
1
1
1
0
2
2
1
1
1
0
0
0
417
1673
2882
3976
4095
4095
4095
4095
4095
4095
4095
4095
4095
4095
4095
4095
4095
4095
4095
4095
4095
4095
4095
3675
2844
2027
1248
516
3
2
2
1
1
3
3
1
3
2
2
2
2
2
1
308
1084
1834
2547
3200
3769
4095
4095
4095
4095
4095
4095
4095
4095
3788
3238
2636
1963
1256
536
3
2
4
2
2
1
1
3
1
1
3
1
1
2
1
3
1
4
3
4
2
1
1
3
1
1
1
1
2
1
2
1
0
1
1
1
4
655
1421
2153
2859
3515
4095
4095
4095
4095
4095
4095
4095
4095
4095
4095
4095
4095
4095
4095
4095
4095
4095
4095
4095
4095
4095
4095
4095
4095
4095
4095
4095
4095
4095
4095
4095
4095
4095
4095
4095
4095
4095
4095
4095
4095
4095
4095
4095
4095
4095
4095
4095
4095
4095
4095
4095
4095
4095
3857
3297
2775
2284
1809
1365
958
571
191
2
2
1
2
2
1
2
2
2
1
1
2
2
3
4
3
2
4
3
4
2
4
3
3
4
2
2
2
2
2
2
3665
3686
3702
3729
3751
3776
3790
3812
3842
3853
3877
3890
3910
3923
3931
3944
3959
3971
3990
4009
4013
4020
4039
4046
4062
4078
4095
4095
4095
4095
4095
4095
4095
4095
4095
4095
4095
4095
4095
4095
4095
4095
4095
4057
4015
3978
3940
3880
3826
3767
3696
3616
3552
3479
3424
3356
3283
3208
3126
3041
2955
2872
2780
2693
2612
2529
2456
2376
2290
2201
2108
2008
1909
1807
1687
1562
1456
1329
1205
1081
964
847
728
624
509
408
289
180
68
2
1
1
3
0
1
2
4
3
3
1
1
0
1
1
1
1
1
1
1
1
3
2
1
1
3
1
4
3
1
3
2
1
3
0
2
0
2
2
2306
2312
2313
2317
2317
2315
2325
2334
2324
2330
2336
2331
2335
2340
2340
2340
2336
2335
2342
2346
2339
2329
2340
2338
2337
2327
2333
2325
2321
2309
2305
2295
2290
2281
2283
2268
2262
2258
2252
2256
2250
2246
2243
2228
2225
2222
2208
2202
2186
2183
2183
2174
2163
2160
2150
2146
2133
2113
2107
2096
2088
2073
2057
2049
2038
2040
2028
2024
2021
2017
2020
2009
2002
1998
1999
1977
1974
1958
1940
1922
1908
1909
1885
1876
1864
1865
1866
1869
1868
1866
1876
1881
1880
1875
1870
1853
1846
1822
1796
1775
1748
1716
1700
1692
1677
1664
1651
1654
1651
1655
1658
1656
1650
1655
1646
1632
1628
1630
1636
1632
1643
1648
1654
1657
1647
1643
1623
1610
