2017
2015
2021
2032
2039
2037
2037
2037
2052
2058
2045
2065
2061
2066
2072
2084
2097
2088
2094
2092
2100
2108
2117
2119
2123
2128
2128
2131
2128
2135
2138
2139
2148
2142
2131
2143
2135
2119
2134
2133
2130
2129
2126
2128
2135
2120
2122
2114
2120
2101
2104
2095
2099
2083
2081
2096
2088
2074
2072
2070
2074
2082
2067
2075
2068
2060
2065
2065
2061
2062
2067
2063
2058
2065
2071
2068
2060
2059
2064
2066
2077
2076
2080
2088
2093
2096
2113
2113
2119
2138
2145
2154
2156
2166
2170
2175
2184
2182
2192
2200
2200
2199
2204
2214
2228
2219
2222
2212
2214
2222
2224
2216
2223
2224
2227
2213
2215
2208
2196
2200
2200
2206
2193
2178
2187
2176
2181
2162
2158
2161
2183
2190
2177
2174
2177
2170
2177
2167
2185
2190
2182
2183
2174
2170
2166
2145
2127
2121
2104
2085
2071
2059
2061
2068
2036
2044
2049
2040
2061
2057
2043
2035
2035
2020
2015
2011
1988
1991
2004
2009
2008
2006
2028
2046
2052
2063
2075
2083
2092
2108
2102
2112
2131
2128
2145
2136
2155
2144
2128
2099
2094
2079
2056
2026
1998
1990
1976
1971
1967
1992
2010
2024
2056
2097
2119
2146
2164
2184
2202
2204
2212
2221
2213
2216
2190
2176
2153
2138
2124
2108
2098
2078
2076
2053
2056
2048
2050
2072
2099
2093
2105
2133
2152
2165
2176
2183
2180
2167
2154
2141
2136
2112
2092
2061
2043
2026
2015
1997
2009
2022
2033
2038
2056
2077
2087
2111
1920
1876
1871
1900
1940
1989
2012
2051
2080
2085
2102
2095
2070
2024
2016
2001
2002
2013
2030
2043
2066
2090
2143
2207
2261
2260
2235
2202
2174
2141
2091
2041
1999
1962
1976
2032
2126
2214
2290
2340
2368
2370
2317
2242
2127
1974
1837
1749
1720
1724
1761
1816
1912
2010
2136
2238
2310
2331
2324
2285
2236
2176
2092
1992
1900
1829
1806
1834
1900
2016
2148
2282
2396
2475
2536
2514
2428
2313
2192
2066
1983
1895
1828
1796
1804
1848
1886
1941
1988
2048
2139
2211
2265
2272
2252
2238
2212
2204
2153
2071
1998
1969
1985
2013
2036
2046
2056
2100
2165
2235
2274
2285
2260
2235
2201
2152
2056
1987
1907
1872
1873
1898
1963
2040
2105
2155
2208
2250
2195
2186
2148
2116
2066
2025
2010
2033
2074
2107
2169
2202
2247
2247
2197
2118
2032
1966
1912
1930
1954
2036
2128
2218
2298
2334
2317
2238
2132
2048
1982
1955
1971
2001
2036
2053
2078
2111
2135
2144
2103
2035
1982
1955
1992
2055
2124
2163
2151
2102
2034
1995
1989
2025
2111
2200
2264
2263
2196
2083
1971
1883
1847
1897
1966
2060
2136
2213
2238
2231
2174
2094
2027
1991
2003
2043
2088
2127
2133
2137
2127
2123
2106
2101
2088
2074
2062
2042
2004
1974
1990
2038
2124
2186
2227
2216
2172
2103
2020
1972
1962
1984
2060
2144
2213
2232
2207
2176
2148
2136
2107
2104
2099
2106
2100
2096
2098
2091
2099
2102
2100
2096
2082
2056
2012
1986
1990
2017
2203
2135
2050
1980
1983
2002
1998
2020
2120
2273
2385
2397
2361
2260
2088
1983
1996
2010
1956
1972
2090
2204
2277
2305
2218
2069
1954
1919
1925
1934
1924
2024
2218
2330
2258
2163
2030
1937
1983
2122
2160
2148
2201
2279
2312
2283
2147
1923
1817
1858
1957
2059
2150
2233
2331
2363
2240
2008
1791
1696
1703
1824
1939
2050
2226
2373
2403
2305
2186
1982
1855
1854
1942
2038
2152
2206
2248
2301
2269
2113
2028
2014
1954
1925
1978
1996
2072
2342
2516
2382
2200
2112
2003
1940
2009
2080
2074
2164
2296
2244
2043
1931
1972
2032
2006
2013
2042
2100
2238
2391
2347
2032
1756
1718
1791
1898
2072
2192
2202
2296
2388
2262
1956
1790
1797
1831
1832
1889
1823
1738
1808
2024
2238
2369
2355
2226
2047
1897
1854
1904
1993
2113
2186
2220
2195
2126
2024
1970
1938
1960
1995
2040
2077
2089
2080
2078
2072
2056
2068
2091
2130
2155
2108
2045
1977
1960
1965
2023
2059
2079
2092
2084
2093
2064
2051
2052
2057
2062
2054
2040
2036
2033
2049
2077
2127
2161
2174
2168
2148
2125
2065
2008
1999
2029
2121
2220
2270
2246
2174
2039
1943
1883
1920
2056
2223
2373
2404
2311
2125
1927
1839
1868
2018
2214
2372
2408
2275
2056
1858
1765
1809
1960
2154
2296
2359
2267
2130
2012
1951
1991
2112
2242
2310
2292
2188
2057
1960
1919
1981
2080
2218
2242
2187
2088
1945
1909
1960
2098
2259
2397
2472
2374
2203
2005
1839
1797
2337
2179
1922
1994
2314
2407
2231
2047
2132
2276
2144
1851
1792
1984
2147
2212
2288
2394
2458
2447
2279
1973
1771
1768
1836
2002
2194
2298
2242
2112
2015
1938
1858
1751
1774
1968
2194
2310
2391
2465
2308
1954
1635
1575
1697
1973
2279
2413
2338
2113
1869
1662
1656
1799
2006
2199
2295
2294
2266
2218
2043
1799
1619
1571
1616
1850
2183
2467
2597
2538
2278
1910
1699
1717
1906
2180
2400
2476
2435
2354
2298
2182
1979
1762
1675
1786
2039
2257
2304
2242
2264
2223
1967
1667
1648
1856
2111
2320
2474
2437
2109
1689
1482
1511
1636
1784
2020
2344
2573
2616
2528
2245
1828
1428
1323
1664
2207
2570
2734
2764
2643
2269
1789
1613
1890
2273
2350
2232
2017
1779
1710
1768
1892
2119
2362
2468
2407
2255
2214
2174
2066
1901
1835
1881
1896
1959
2154
2416
2560
2420
2148
1916
1750
1648
1657
1865
2145
2261
2268
2238
2138
1934
1616
1446
1548
1861
2226
2479
2572
2421
2128
1860
1708
1629
1601
1658
1900
2262
2641
2872
2858
2569
2115
1728
1499
1381
1471
1815
2381
2898
3138
3063
2705
2174
1688
1502
1653
1933
2211
2446
2647
2696
2578
2351
2138
1924
1775
1799
1960
2065
2072
2101
2140
2091
1912
1664
1457
1266
1241
1533
2049
2436
2573
2468
2268
2003
1758
1630
1680
1830
2023
2289
2566
2751
2770
2729
2692
2526
2148
1687
1447
1478
1729
2146
2520
2655
2418
1955
1539
1303
1312
1507
1860
2289
2644
2698
2224
2455
2578
2551
2387
2140
1979
1957
2066
2195
2279
2310
2301
2339
2375
2400
2339
2200
1982
1800
1712
1815
2087
2390
2624
2651
2447
2115
1748
1571
1683
2010
2395
2632
2558
2190
1701
1353
1313
1621
2129
2554
2680
2485
2072
1612
1340
1413
1729
2138
2405
2429
2198
1878
1637
1580
1737
2056
2374
2530
2472
2323
2147
2002
1949
1985
2105
2221
2280
2206
2090
1993
2001
2135
2380
2681
2852
2800
2532
2078
1631
1357
1312
1520
1881
2244
2395
2279
2008
1718
1584
1663
1937
2279
2596
2729
2668
2454
2255
2167
2152
2224
2251
2202
2092
1890
1696
1562
1590
1717
1896
2070
2224
2253
2152
1983
1808
1664
1602
1651
1847
2079
2243
2344
2378
2353
2299
2300
3322
3404
3052
2387
1676
1236
1271
1445
1444
1258
1036
936
1272
2191
3301
3986
4067
3664
2864
1686
569
163
761
1890
2865
3388
3536
3209
2390
1577
1372
1666
1934
1969
2007
2173
2225
2114
2054
2173
2264
2008
1455
1009
864
1076
1579
2359
3253
3910
4039
3608
2873
2077
1474
1108
953
980
1244
1709
2197
2606
2940
3215
3377
3355
3133
2567
1632
517
0
1
232
1161
2077
2907
3527
3695
3320
2736
2375
2210
2046
1815
1661
1602
1619
1689
1892
2229
2566
2794
2904
2858
2426
1575
788
637
1431
2733
3660
3711
3156
2410
1538
728
367
760
1722
2697
3314
3359
2810
1946
1305
1296
1805
2366
2592
2461
2210
2136
2346
2710
3018
3040
2621
1804
955
2485
3878
4095
4010
2788
1286
137
5
217
1407
2919
4095
4095
4095
2941
1456
334
29
555
1528
2497
3128
3309
3118
2751
2335
1914
1515
1141
898
943
1404
2260
3198
3822
3810
3120
2044
1023
498
618
1247
2042
2775
3225
3356
3131
2721
2203
1682
1233
895
802
1026
1602
2413
3151
3480
3233
2561
1732
1161
1075
1413
1959
2448
2695
2616
2299
1933
1772
1855
2122
2372
2458
2364
2166
1994
1952
1958
1909
1769
1621
1550
1718
2151
2696
3142
3240
2903
2128
1128
246
0
312
1497
3042
4095
4095
4095
3920
2508
993
2
1
3
221
1442
2866
4095
4095
4095
4095
3366
1722
2
3
3
2
207
2607
4095
4095
4095
4095
3870
1461
529
1314
2022
2615
3033
3305
3441
3401
3217
2920
2522
2073
1704
1414
1279
1300
1482
1799
2179
2564
2891
3140
3303
3389
3403
3374
3287
3092
2783
2297
1687
990
358
1
0
2
372
1179
2177
3211
4095
4095
4095
4095
4095
4095
3826
2770
1593
472
1
2
1
1
3
1
1
1
845
2036
3288
4095
4095
4095
4095
4095
4095
4095
4095
4095
3834
1971
88
2
2
2
2
2
0
3
1
388
2098
3665
4095
4095
4095
4095
4095
4095
4095
4095
4095
3170
2128
1187
363
1
1
3
2
1
1
3
3
767
1920
3122
4095
4095
4095
4095
4095
4095
4095
3768
2600
1379
217
5
2
2
2
2
562
1918
3358
4095
4095
4095
4095
4095
4095
4095
3756
2190
632
2
2
2
4
1
4
3
2
1
1
4
2
3
2
755
2008
3215
4095
4095
4095
4095
4095
4095
4095
4095
4095
4095
4095
4095
4095
4095
4095
3503
2393
1310
265
3
4
2
3
3
2
3
1
2
2
1
2
2
2
272
1208
2179
3154
4095
4095
4095
4095
4095
4095
4095
4095
4095
4095
4095
4095
4095
4095
4095
3922
2664
1300
1
4
2
3
2
3
5
3
2
4
1
4
3
2
3
217
2144
4095
4095
4095
4095
4095
4095
4095
4095
4095
4095
4095
4095
4095
4095
4095
4095
3868
1894
6
4
2
2
4
3
4
4
3
3
5
4
5
3
1
4
3
4
4
4
2
2
6
2
1
3
4
3
3
3
3
4
3
2
3
4
4
4
4
76
196
290
419
533
663
802
948
1075
1204
1351
1494
1641
1816
1973
2141
2301
2470
2640
2813
2984
3159
3333
3498
3671
3831
3994
4095
4095
4095
4095
4095
4095
4095
4095
4095
4095
4095
4095
4095
4095
4095
4095
4095
4095
4095
4095
4095
4095
4095
4095
4095
4095
4095
4095
4095
4095
4095
4095
4095
4095
4095
4095
4095
4095
4095
4095
4095
4095
4095
4095
4095
4095
4095
4095
4095
4095
4095
4095
4095
4095
4095
4095
4095
4095
4095
4095
4095
4095
4095
4095
4095
3865
3600
3341
3096
2865
2626
2398
2182
1970
2280
2259
2249
2232
2207
2174
2178
2152
2152
2152
2153
2150
2164
2155
2155
2150
2146
2128
2136
2132
2129
2128
2109
2113
2110
2118
2138
2144
2155
2164
2163
2178
2178
2163
2151
2139
2132
2122
2104
2096
2115
2089
2084
2088
2079
2078
2077
2084
2083
2076
2077
2072
2080
2080
2081
2084
2103
2109
2100
2116
2117
2113
2130
2139
2132
2136
2130
2124
2128
2120
2124
2117
2123
2119
2114
2103
2094
2074
2056
2044
2040
2020
2028
2008
2002
2001
1980
1986
2011
2007
2007
2026
2032
2020
2021
2020
2034
2044
2052
2073
2090
2079
2093
2115
2104
2103
2113
2107
2094
2090
2085
2086
2089
2064
2072
2074
2086
2083
2085
2082
2088
2080
2084
2088
2094
2092
2113
2103
