2156
2158
2157
2154
2149
2155
2154
2145
2171
2149
2151
2147
2150
2148
2142
2133
2136
2136
2126
2112
2108
2101
2091
2096
2100
2099
2088
2092
2080
2078
2065
2086
2063
2069
2075
2068
2064
2069
2079
2072
2079
2068
2068
2068
2067
2070
2069
2085
2080
2063
2088
2070
2096
2084
2085
2087
2097
2087
2088
2096
2091
2096
2106
2101
2098
2106
2096
2106
2105
2110
2101
2104
2098
2101
2090
2096
2098
2102
2096
2096
2084
2082
2087
2089
2092
2079
2093
2086
2082
2092
2083
2089
2096
2096
2096
2091
2095
2118
2102
2119
2112
2112
2115
2115
2126
2130
2131
2131
2134
2131
2136
2139
2130
2136
2144
2142
2128
2112
2120
2124
2126
2120
2118
2104
2094
2088
2090
2082
2083
2080
2071
2088
2090
2090
2089
2118
2140
2137
2146
2154
2160
2150
2136
2135
2118
2101
2066
2073
2040
2033
2018
2030
2037
2049
2069
2084
2104
2125
2143
2136
2141
2127
2090
2080
2064
2044
2023
2007
2005
2023
2033
2051
2081
2108
2141
2170
2207
2229
2242
2236
2236
2232
2195
2157
2126
2090
2045
2024
2005
1991
1989
2024
2038
2077
2102
2153
2190
2223
2250
2261
2260
2244
2230
2210
2181
2135
2083
2068
2047
2031
2032
2035
2056
2060
2098
2114
2148
2146
2145
2131
2120
2106
2066
2057
2039
2017
2018
2030
2042
2073
2100
2152
2179
2203
2226
2242
2244
2225
2194
2178
2139
2112
2076
2042
2016
1995
1959
1958
1948
1977
1992
2008
2025
2053
2087
2088
1972
1980
2029
2072
2116
2132
2145
2190
2218
2231
2197
2120
2060
2028
2021
1999
1966
1940
1960
2008
2056
2098
2128
2155
2165
2184
2188
2192
2208
2192
2168
2128
2091
2078
2058
2048
2022
1979
2004
2063
2114
2145
2134
2120
2090
2044
2008
1986
1967
1968
2012
2052
2109
2158
2203
2256
2305
2305
2292
2268
2244
2199
2141
2078
2012
1983
1974
2003
2014
2021
2007
2029
2084
2148
2202
2215
2249
2301
2298
2219
2086
1962
1899
1879
1874
1867
1890
1924
1995
2064
2156
2258
2323
2384
2424
2452
2417
2294
2116
1952
1914
1934
1962
1944
1939
1933
1984
2065
2109
2127
2106
2116
2182
2243
2257
2198
2121
2044
2060
2090
2130
2127
2118
2119
2153
2192
2233
2232
2021
2101
2191
2252
2286
2263
2212
2144
2056
1987
1958
1976
2039
2128
2225
2284
2306
2272
2202
2118
2031
1974
1954
1969
2023
2087
2152
2191
2211
2190
2134
2063
2019
1945
1932
1912
1938
1973
2014
2060
2093
2110
2099
2076
2016
1978
1976
2011
2068
2142
2202
2232
2233
2215
2198
2195
2190
2193
2198
2189
2188
2175
2165
2178
2160
2143
2111
2069
2046
2046
2072
2099
2119
2113
2095
2063
2061
2053
2067
2090
2110
2132
2129
2103
2082
2072
2070
2085
2074
2072
2076
2098
2136
2161
2157
2136
2066
2020
2008
2038
2067
2087
2099
2102
2088
2084
2054
2014
1946
1910
1915
1964
1996
2010
1985
1966
1966
2016
2055
2074
2077
2081
2096
2090
2102
2087
2094
2117
2163
2136
2058
2005
1963
1920
1895
1973
2064
2109
2173
2240
2228
2132
2029
2026
2052
2096
2110
2116
2104
2089
2080
2086
2109
2166
2183
2114
1962
1886
1910
1965
1999
2020
2121
2223
2233
2149
2086
2087
2137
2104
2039
1989
2034
2105
2174
2203
2228
2212
2156
2070
2002
1984
2045
2161
2225
2209
2154
2152
2215
2258
2255
2200
2118
2044
1998
2013
2071
2114
2136
2124
2109
2134
2156
2141
2125
2067
2015
2028
2117
2197
2208
2165
2109
2060
2025
2000
1982
1970
1992
2043
2105
2160
2185
2185
2125
2058
2014
1980
1986
2018
2074
2126
2154
2175
2159
2144
2133
2083
2022
1962
1952
2006
2067
2084
2086
2083
2119
2146
2158
2113
2048
1997
1992
2008
2035
2058
2235
2112
1999
1955
1928
1898
1956
2090
2237
2323
2340
2354
2315
2218
2095
1993
1976
1988
2033
2115
2212
2247
2231
2176
2156
2120
2091
2074
2103
2107
2104
2131
2212
2279
2273
2204
2174
2106
1988
1903
1926
2023
2108
2196
2320
2380
2300
2137
2029
1983
1890
1806
1847
1951
2013
2014
2063
2198
2256
2189
2121
2124
2071
1913
1846
1963
2134
2228
2257
2266
2233
2058
1828
1749
1828
1943
2052
2180
2306
2353
2278
2156
2065
1993
1919
1848
1792
1770
1846
1973
2124
2275
2360
2353
2297
2173
2028
1917
1891
1882
1913
2006
2150
2279
2350
2377
2405
2370
2252
2134
2128
2160
2163
2208
2298
2347
2312
2230
2224
2230
2150
2065
2017
2020
2009
1981
2035
2120
1855
1808
1850
1963
2136
2277
2364
2351
2244
2112
1981
1917
1932
2026
2166
2260
2295
2256
2182
2086
2003
1936
1931
1984
2088
2201
2272
2236
2107
1977
1898
1893
1983
2102
2222
2284
2272
2159
2016
1873
1798
1820
1972
2189
2397
2498
2444
2248
2007
1773
1665
1704
1913
2224
2511
2654
2589
2322
1975
1659
1528
1664
1988
2384
2624
2639
2445
2124
1824
1680
1735
1948
2214
2415
2460
2355
2160
1929
1812
1809
1952
2143
2287
2344
2287
2114
1961
1872
1882
1984
2086
2182
2250
2233
2164
2067
1947
1882
1894
1973
2113
2258
2356
2340
2181
1991
1823
1785
1873
2080
2259
2337
2296
2139
1943
1827
1867
2029
2242
2373
2354
2219
1976
1788
1727
1866
2123
2368
2482
2518
2290
2112
2103
2097
2075
2023
1907
1848
2019
2402
2725
2720
2458
2110
1770
1618
1745
1932
2004
2061
2172
2326
2415
2354
2162
1952
1781
1754
1888
2070
2200
2275
2330
2382
2305
2157
2036
1956
1797
1710
1827
2052
2216
2301
2318
2272
2226
2203
2238
2187
2052
1900
1884
2016
2146
2177
2145
2138
2019
1922
1943
2060
2095
2082
2118
2152
2192
2237
2296
2222
1997
1756
1614
1696
1894
2121
2242
2192
2113
2112
2225
2319
2268
2111
1965
1832
1824
2030
2238
2320
2250
2115
2002
2024
2117
2173
2133
2099
2108
2160
2147
2124
2160
2166
2031
1779
1669
1856
2140
2314
2366
2331
2150
2026
2077
2194
2128
1960
1826
1792
1869
2050
2251
2320
2306
2276
2506
1746
1083
796
986
1593
2346
2940
3128
2909
2382
1816
1469
1373
1550
1894
2196
2368
2429
2378
2276
2165
2103
2063
2044
2009
2016
2041
2093
2150
2203
2212
2154
2048
1954
1955
2031
2188
2271
2306
2237
2087
1917
1784
1742
1862
2099
2366
2584
2653
2585
2345
2062
1798
1670
1719
1900
2147
2352
2447
2377
2179
1960
1775
1744
1867
2090
2333
2490
2494
2349
2098
1837
1718
1773
1969
2230
2416
2467
2348
2136
1918
1796
1790
1939
2126
2293
2394
2389
2280
2100
1882
1723
1697
1869
2135
2416
2573
2585
2445
2185
1884
1646
1562
1645
1866
2098
2241
2292
2237
2121
2024
2012
2071
2164
2276
2318
2267
2125
1991
1927
1944
2078
2250
2413
2498
2475
2332
2420
2659
2717
2641
2426
2108
1851
1685
1654
1629
1615
1657
1872
2159
2343
2377
2390
2532
2735
2787
2657
2394
1980
1464
1054
1031
1472
2093
2532
2796
2987
2993
2546
1714
1053
1009
1493
2026
2322
2527
2875
3194
3055
2464
1994
2068
2292
2062
1348
885
1134
1740
2145
2385
2864
3524
3685
2950
1742
830
443
504
824
1455
2323
3038
3338
3253
2978
2542
1946
1374
1035
1036
1236
1504
1857
2321
2795
3016
2866
2481
2073
1758
1465
1282
1400
1861
2351
2479
2258
2004
1923
1906
1764
1579
1572
1792
2042
2172
2210
2264
2457
2688
2863
2797
2495
2014
1609
1430
1476
1735
2170
2696
3128
3290
3073
2520
1876
1424
1208
1236
1380
1687
2135
2635
2938
2898
2525
1985
1465
1122
1054
1281
1741
2284
2738
2976
2984
2760
2431
2090
1834
1675
1600
1574
1564
1595
1726
1955
2298
2639
2905
2984
2876
2604
2212
1825
1503
1308
1282
1441
1746
2112
2427
2612
2631
2536
2355
2165
2018
1933
1880
1826
1801
1851
2033
2346
2708
2961
2956
2615
2004
1357
871
771
1092
1763
2580
3310
3796
3896
3544
2854
1924
1014
360
125
333
935
1705
2513
3166
3580
3680
3419
2902
2235
1575
1052
770
756
1028
1514
2160
2812
3328
3566
3483
3097
2504
1800
1143
600
337
448
961
1788
2726
3540
3976
3916
3375
2511
1559
758
363
432
932
1701
2519
3168
3451
3328
2787
1995
1236
742
701
1168
1993
2901
3639
3970
3791
3142
4095
4095
3648
2248
881
0
1
0
1
85
1383
3057
4095
4095
4095
4095
4095
4095
3702
1920
152
3
2
1
1
1
0
961
2814
4095
4095
4095
4095
4095
4095
3422
2026
722
2
1
1
1
0
959
2398
3749
4095
4095
4095
3976
2680
1190
2
0
1
0
1
77
1427
3016
4095
4095
4095
4095
4095
3997
2386
650
1
2
2
2
1
1017
2428
3783
4095
4095
4095
4095
3636
2265
971
34
2
1
384
1280
2228
3049
3640
3905
3830
3402
2640
1668
658
2
1
2
276
1357
2649
3864
4095
4095
4095
4095
3412
2033
608
3
0
4
2
261
1738
3381
4095
4095
4095
4095
4095
3400
1730
180
2
2
4
1
1
587
2234
3884
4095
4095
4095
4095
4095
4095
4095
3586
1601
1
1
3
2
1
0
1
1
527
2303
4063
4095
4095
4095
4095
4095
4095
4095
3820
2026
253
1
1
0
2
0
0
1
506
1938
3385
4095
4095
4095
4095
4095
4095
4095
4095
2914
1297
1
2
2
1
2
3
2
3
496
2014
3551
4095
4095
4095
4095
4095
4095
4095
4095
2842
1030
2
3
3
1
2
1
1
1
796
2265
3637
4095
4095
4095
4095
4095
4095
4095
3912
2768
1556
422
2
2
2
1
1
3
154
1077
2056
2952
3678
4095
4095
4095
4095
3741
3167
2526
1869
1273
802
472
328
381
681
1188
1909
2768
3660
3968
3154
2350
1508
711
1
2
2
4
3
3
2
4
2
1
3
3
3
3
4
5
2
3
4
5
3
1
2
1
1
230
1035
1835
2601
3315
3987
4095
4095
4095
4095
4095
4095
4095
4095
4095
4095
4095
4095
4095
4095
4095
4095
4095
4095
4095
4095
4095
4095
4095
4064
3289
2485
1746
1022
370
0
2
3
1
3
2
1
2
2
3
1
1
3
3
3
1
1
2
1
31
485
969
1463
1945
2419
2870
3284
3692
4060
4095
4095
4095
4095
4095
4095
4095
4095
4095
4095
4095
4095
4095
4095
4095
4095
3660
3188
2706
2199
1687
1192
701
249
1
2
1
2
2
1
2
1
3
4
3982
3861
3768
3672
3580
3509
3426
3360
3303
3233
3188
3130
3078
3032
2982
2928
2873
2816
2776
2736
2691
2624
2570
2505
2449
2392
2314
2256
2189
2116
2043
1966
1884
1806
1730
1645
1560
1470
1391
1306
1221
1130
1055
978
902
804
728
656
566
485
419
340
253
189
129
56
1
4
3
1
1
1
2
3
2
0
1
1
2
1
3
1
3
1
3
2
3
2
4
1
3
1
3
3
2
3
1
2
3
3
2
90
198
313
423
549
645
737
861
978
1093
1224
1322
1417
1523
1626
1734
1835
1944
2023
2110
2185
2262
2320
2416
2461
2528
2559
2614
2659
2710
2734
2775
2797
2812
2825
2830
2841
