2076
2073
2083
2086
2088
2078
2077
2072
2071
2065
2079
2090
2096
2062
2072
2068
2079
2098
2099
2096
2070
2080
2082
2099
2114
2104
2083
2111
2111
2088
2075
2090
2081
2091
2083
2099
2101
2121
2104
2119
2087
2104
2123
2086
2094
2097
2086
2091
2090
2078
2081
2095
2090
2086
2072
2099
2113
2085
2082
2080
2090
2081
2108
2078
2089
2089
2070
2096
2098
2082
2072
2098
2083
2082
2078
2080
2086
2099
2063
2070
2072
2094
2098
2092
2090
2079
2096
2104
2108
2083
2093
2096
2088
2090
2087
2096
2100
2125
2085
2086
2090
2104
2093
2118
2097
2090
2077
2093
2088
2086
2104
2088
2101
2088
2091
2082
2089
2098
2108
2091
2093
2081
2096
2095
2096
2079
2087
2103
2070
2058
2054
2050
2057
2049
2052
2062
2091
2086
2072
2078
2067
2091
2046
2044
2091
2072
2074
2078
2077
2080
2065
2098
2091
2108
2100
2108
2109
2100
2086
2095
2112
2091
2115
2114
2091
2117
2118
2112
2127
2113
2103
2121
2120
2110
2107
2126
2113
2114
2112
2108
2097
2111
2098
2093
2096
2088
2097
2095
2117
2107
2103
2101
2100
2112
2102
2103
2102
2109
2095
2103
2078
2105
2108
2082
2088
2099
2093
2089
2088
2085
2099
2108
2103
2090
2094
2118
2121
2125
2102
2139
2121
2105
2111
2113
2118
2116
2124
2111
2107
2111
2097
2105
2125
2100
2117
2092
2120
2097
2089
2098
2088
2089
2095
2099
2083
2100
2085
2083
2087
2085
2097
2098
2102
2097
2090
2107
2067
2070
2076
2080
2108
2111
2111
2112
2109
2120
2122
2117
2090
2103
2080
2074
2053
2056
2069
2063
2054
2043
2038
2096
2071
2069
2093
2102
2089
2106
2119
2134
2130
2139
2143
2150
2143
2124
2108
2086
2072
2044
2051
2009
1975
1956
1963
1976
1972
1998
2021
2058
2098
2120
2176
2199
2223
2230
2250
2247
2233
2212
2170
2106
2082
2050
1992
2007
1951
1937
1949
1964
1995
2032
2077
2084
2124
2153
2184
2198
2205
2207
2195
2171
2149
2093
2063
2076
2050
2028
1997
1988
2007
2021
2045
2077
2070
2100
2124
2150
2172
2172
2187
2176
2158
2140
2120
2111
2091
2079
2065
2043
2040
2020
2040
2036
2020
2062
2054
2091
2079
2087
2128
2133
2126
2138
2152
2155
2095
2090
2114
2146
2139
2129
2130
2119
2073
2078
2104
2100
2099
2120
2113
2067
2080
2097
2113
2155
2149
2152
2122
2113
2094
2073
2047
2041
2047
2074
2086
2057
2015
2020
2001
2018
2044
2040
2069
2093
2097
2114
2088
2085
2052
2048
2017
2041
2075
2109
2141
2148
2115
2128
2112
2111
2109
2096
2102
2109
2113
2109
2048
2039
2025
2063
2097
2090
2109
2168
2150
2094
2067
2043
2073
2059
2061
2075
2075
2100
2078
2104
2091
2101
2120
2130
2126
2083
2085
2110
2117
2118
2138
2129
2116
2113
2112
2081
2108
2126
2136
2143
2127
2083
2052
2033
2040
2086
2113
2141
2150
2144
2101
2053
2032
2025
2020
2023
2074
2102
2132
2141
2135
2155
2179
2196
2185
2153
2040
2075
2089
2120
2162
2186
2148
2121
2064
2035
2021
2036
2062
2084
2128
2155
2178
2155
2156
2091
2033
1972
1981
2024
2042
2075
2139
2193
2205
2190
2141
2102
2033
2010
1995
2028
2085
2122
2149
2213
2185
2149
2103
2059
2000
2010
1990
2037
2066
2091
2124
2108
2133
2087
2081
2048
2066
2120
2146
2159
2137
2124
2081
2018
1993
1989
1987
2027
2065
2137
2205
2227
2207
2136
2090
2037
1979
1989
2014
2067
2131
2167
2181
2147
2096
2044
1979
1952
1969
2005
2051
2137
2196
2227
2242
2200
2157
2115
2080
2076
2095
2125
2180
2157
2158
2128
2086
2012
1982
1994
2027
2061
2126
2167
2175
2168
2144
2107
2071
2050
2055
2073
2121
2139
2156
2150
2132
2114
2056
2041
2051
2067
2048
2038
2075
2086
2093
2103
2089
2120
2080
2044
2053
2029
2024
2027
2078
2093
2123
2171
2169
2179
2175
2169
2151
2136
2101
2070
2042
2030
2038
2045
2053
2086
2142
2168
2146
2120
2107
2094
2052
1997
1995
2020
2068
2065
2082
2132
2159
2163
2144
2123
2080
2058
2059
2063
2094
2115
2125
2131
2168
2161
2121
2068
2049
2024
2035
2038
2057
2096
2106
2103
2098
2144
2164
2163
2131
2094
2076
2062
2021
1980
2016
2064
2095
2090
2093
2090
2108
2119
2048
2038
2046
2040
2057
2030
2060
2123
2120
2140
2154
2148
2114
2125
2139
2087
2047
2029
2001
2029
2078
2129
2139
2180
2227
2230
2190
2153
2132
2088
2049
2008
1989
2017
2054
2103
2109
2118
2132
2150
2137
2136
2088
2032
2004
2005
2030
2076
2103
2108
2126
2149
2154
2167
2165
2172
2135
2137
2121
2138
2119
2119
2133
2091
2062
2012
1964
1927
1960
1951
1991
2058
2064
2108
2125
2080
2076
2067
2045
2085
2095
2152
2168
2186
2212
2203
2183
2125
2093
2060
2011
2012
2060
2130
2163
2188
2181
2155
2095
2040
1985
1959
1976
1993
2016
2060
2117
2111
2103
2093
2080
2056
2075
2080
2080
2109
2107
2126
2154
2157
2174
2179
2166
2171
2132
2084
2033
2001
2001
2043
2084
2097
2104
2104
2087
2039
2078
2130
2145
2146
2098
2044
2007
2003
2024
2088
2116
2118
2123
2152
2184
2177
2153
2113
2084
2048
2052
2062
2122
2126
2107
2119
2123
2133
2115
2120
2068
2000
1944
1941
2056
2158
2207
2240
2244
2170
2118
2064
2000
1972
1999
1983
2016
2050
2107
2130
2176
2175
2151
2130
2106
2134
2122
2083
2052
2056
2080
2078
2061
2030
2042
2066
2111
2126
2122
2078
2056
2074
2108
2122
2098
2108
2119
2172
2217
2225
2171
2098
2027
2000
1980
1993
2018
2088
2152
2215
2216
2193
2137
2097
2042
1989
1968
1981
2026
2070
2124
2139
2124
2100
2132
2146
2138
2074
2040
2018
2031
2050
2081
2116
2116
2102
2088
2130
2144
2179
2136
2068
2026
2013
2018
2047
2037
2083
2121
2152
2195
2188
2167
2152
2123
2050
2013
2026
2030
2069
2126
2204
2243
2210
2150
2078
2025
1993
2001
2036
2074
2090
2140
2143
2159
2152
2376
2364
2216
2008
1989
2033
2008
1888
1821
1919
2058
2171
2316
2455
2468
2305
2144
2099
2076
2054
1996
1968
1924
1909
1968
2120
2291
2385
2330
2196
2091
2058
2113
2141
2160
2155
2181
2128
2097
2126
2187
2155
2012
1870
1851
1948
2035
2098
2172
2219
2194
2167
2173
2202
2140
2028
1957
1887
1888
1908
1978
2074
2162
2199
2180
2171
2171
2134
2104
2045
2051
2091
2065
2033
2040
2093
2103
2060
2007
1984
1908
1858
1887
2042
2171
2283
2351
2394
2332
2170
2096
2099
2053
1849
1675
1728
1946
2105
2192
2259
2257
2310
2344
2336
2223
2073
1947
1895
1898
1886
1904
1976
2085
2207
2222
2152
2101
2092
2159
2165
2147
2121
2123
2098
2094
2073
2048
1997
2104
2139
2156
2153
2122
2096
2121
2132
2118
2089
2042
1993
1974
1972
1991
2065
2105
2150
2157
2121
2066
1984
1937
1934
1955
2055
2164
2275
2362
2361
2292
2169
2043
1953
1939
1979
2066
2131
2215
2240
2210
2136
2035
2008
1973
1969
2020
2080
2117
2170
2178
2178
2165
2110
2063
2026
1995
2005
2033
2073
2130
2160
2174
2207
2171
2141
2083
2035
1991
1987
2042
2152
2214
2294
2268
2197
2113
2021
1893
1807
1822
1894
2078
2255
2373
2379
2305
2137
1975
1798
1776
1820
1999
2210
2414
2503
2466
2344
2140
1933
1794
1744
1761
1908
2087
2286
2404
2383
2286
2130
1979
1872
1832
1922
2042
2181
2325
2399
2390
2300
2157
1979
1856
1810
1816
1912
2053
2207
2356
2367
2351
2341
2347
2234
2026
1823
1741
1842
1938
1970
2088
2242
2433
2505
2466
2356
2192
2008
1828
1713
1663
1769
2010
2273
2461
2575
2570
2439
2246
2015
1795
1625
1564
1680
1878
2089
2202
2318
2440
2510
2466
2342
2209
2074
1979
1938
1924
1944
2018
2160
2291
2347
2344
2334
2330
2289
2231
2099
1908
1776
1734
1765
1828
1921
2082
2306
2380
2329
2281
2231
2100
1946
1838
1814
1880
1946
2022
2106
2232
2384
2457
2348
2133
1925
1853
1831
1849
1900
1975
2203
2378
2333
2115
1855
1791
1938
2101
2226
2277
2347
2337
2205
2004
1885
1917
2029
2074
2029
1962
1999
2194
2326
2237
2115
2011
1988
1922
1869
1979
2150
2226
2161
2098
2076
2111
2152
2008
1968
1967
2009
2063
2146
2252
2322
2326
2279
2161
2046
1900
1771
1675
1610
1613
1685
1821
1986
2134
2248
2337
2409
2402
2373
2318
2237
2192
2193
2216
2189
2166
2106
1998
1924
1902
1893
1897
1928
1970
2066
2202
2333
2439
2463
2448
2317
2199
2142
2119
2113
2116
2071
1999
1916
1824
1786
1792
1832
1905
1993
2094
2184
2267
2308
2286
2218
2076
2025
2011
2053
2130
2215
2261
2255
2242
2178
2166
2091
1968
1820
1668
1610
1653
1780
2048
2267
2441
2507
2483
2425
2314
2144
2003
1918
1910
1982
2046
2079
2065
1997
1911
1876
1905
1992
2069
2109
2133
2118
2144
2178
2233
2199
2127
2025
1931
1906
1884
1923
1977
2051
2065
2095
2098
2044
1936
1838
1997
1900
1845
1805
1799
1824
1888
1990
2079
2205
2273
2351
2456
2475
2444
2378
2267
2174
2154
2170
2245
2336
2444
2504
2423
2232
1973
1727
1501
1325
1210
1153
1197
1466
1859
2339
2780
3098
3193
3119
2873
2565
2223
1996
1876
1908
2024
2184
2310
2357
2330
2177
1969
1714
1497
1368
1316
1397
1565
1857
2164
2498
2787
2967
3012
2832
2505
2093
1636
1272
1057
1043
1226
1517
1876
2246
2554
2760
2815
2752
2564
2280
2024
1800
1633
1576
1624
1775
2004
2239
2448
2562
2558
2460
2282
2084
1923
1805
1748
1806
1918
2093
2267
2410
2507
2510
2452
2349
2228
2073
1961
1907
1892
1962
2072
2172
2243
2255
2202
2100
1934
1772
1693
1716
1770
1930
2155
2356
1769
2029
2377
2632
2806
2854
2707
2463
2131
1800
1554
1440
1429
1510
1667
1831
1963
2044
2083
2063
2055
2116
2270
2457
2617
2723
2726
2618
2439
2242
2058
1895
1770
1705
1736
1810
1989
2218
2462
2568
2512
2326
2025
1793
1557
1447
1449
1600
1847
2236
2610
3028
3248
3281
3077
2674
2183
1710
1292
1080
1013
1087
1285
1542
1882
2233
2515
2719
2814
2868
2866
2860
2732
2542
2305
2107
1975
1833
1610
1350
1125
1079
1215
1435
1724
2056
2421
2784
3080
3216
3147
2899
2508
2073
1699
1427
1324
1438
1761
2170
2567
2803
2811
2584
2231
1831
1500
1240
1215
1406
1793
2255
2600
2740
2724
2625
2493
2386
2363
2412
2484
2539
2567
2441
2167
1765
1380
1064
1051
823
813
1045
1459
2005
2589
3049
3346
3396
3200
2838
2383
1865
1400
1066
904
968
1253
1660
2128
2528
2826
2926
2881
2672
2371
2061
1739
1542
1431
1456
1587
1808
2084
2374
2568
2696
2754
2691
2564
2368
2139
1889
1669
1436
1280
1292
1420
1651
1973
2324
2603
2716
2700
2521
2229
1888
1639
1494
1522
1683
2020
2435
2814
3093
3240
3196
2956
2548
2063
1539
1103
773
617
700
1027
1534
2132
2781
3314
3584
3632
3382
2885
2199
1541
1008
696
598
716
1050
1482
2010
2572
3068
3465
3684
3648
3398
2916
2312
1712
1199
791
638
698
966
1363
1810
2281
2661
2924
3036
2967
2743
2417
2040
1683
1410
1332
1459
1801
2238
2734
3112
3358
3385
