2072
2032
2046
2091
2099
2093
2088
2098
2104
2102
2101
2098
2083
2088
2086
2106
2113
2097
2094
2099
2093
2089
2105
2116
2110
2105
2087
2110
2113
2121
2081
2104
2108
2093
2096
2085
2092
2071
2094
2097
2097
2090
2124
2086
2095
2098
2092
2088
2095
2093
2090
2078
2107
2097
2091
2099
2082
2094
2109
2088
2106
2092
2077
2095
2086
2095
2103
2103
2102
2081
2097
2121
2112
2107
2116
2119
2092
2107
2091
2121
2091
2102
2107
2100
2103
2123
2120
2107
2118
2098
2111
2126
2121
2113
2130
2115
2116
2122
2108
2094
2131
2119
2110
2120
2130
2107
2086
2106
2100
2087
2102
2111
2098
2085
2064
2084
2077
2075
2096
2087
2084
2077
2087
2088
2082
2073
2082
2082
2115
2114
2113
2131
2155
2151
2158
2152
2133
2129
2099
2119
2104
2070
2093
2079
2066
2051
2023
2027
2051
2052
2041
2059
2062
2061
2064
2088
2112
2140
2151
2121
2148
2144
2155
2170
2155
2139
2115
2121
2092
2094
2089
2064
2068
2044
2037
2042
2022
2017
2053
2055
2068
2083
2085
2109
2130
2136
2128
2131
2143
2158
2147
2141
2128
2134
2117
2107
2092
2087
2066
2030
2055
2054
2034
2042
2071
2088
2103
2084
2117
2130
2122
2172
2157
2167
2162
2192
2132
2147
2126
2110
2070
2072
2052
2041
2003
1997
1973
1980
2007
2003
1980
2011
2049
2088
2098
2123
2112
2140
2166
2166
2161
2187
2145
2121
2100
2092
2073
2071
2054
2037
2039
2016
2000
2033
2041
2078
2134
2112
2114
2113
2129
2122
2092
2094
2081
2080
2056
2078
2066
2082
2103
2111
2115
2093
2086
2070
2047
2065
2089
2080
2080
2083
2085
2120
2143
2154
2164
2188
2172
2183
2177
2140
2116
2084
2083
2084
2067
2032
1998
2032
2051
2037
2020
2059
2072
2088
2090
2099
2106
2125
2153
2163
2141
2141
2142
2121
2114
2114
2092
2099
2066
2073
2057
2062
2089
2076
2037
2027
2025
2023
2024
2032
2029
2063
2100
2121
2097
2114
2120
2121
2165
2149
2125
2114
2121
2101
2059
2028
1978
1987
1968
1967
2003
2030
2073
2116
2155
2176
2222
2225
2230
2224
2192
2136
2101
2051
2019
1964
1930
1921
1938
1970
2015
2062
2075
2110
2144
2203
2236
2278
2302
2278
2205
2133
2142
2124
2091
2108
2089
2096
2074
2059
2026
2022
2015
2041
2088
2140
2153
2110
2069
2079
2061
2065
2096
2142
2173
2164
2117
2070
2025
2026
2030
2110
2163
2158
2144
2100
2064
2022
2011
2057
2143
2189
2186
2173
2103
2067
2024
2020
2045
2069
2105
2124
2106
2094
2100
2092
2119
2118
2109
2067
2026
2008
2022
2063
2140
2199
2212
2193
2147
2089
2032
2021
2076
2105
2125
2130
2119
2121
2077
2101
2111
2114
2128
2100
2020
1972
1995
2034
2112
2171
2201
2183
2132
2018
1953
1940
2018
2115
2232
2325
2312
2249
2113
2006
1905
1893
1933
2032
2079
2114
2083
2036
2012
2004
2042
2086
2145
2193
2194
2186
2114
2075
2040
2036
2036
2071
2093
2087
2085
2062
2097
2042
2009
2030
2068
2050
2069
2119
2228
2283
2275
2231
2147
2026
1961
1968
1950
1953
2032
2115
2193
2288
2331
2337
2219
2074
2028
2038
1975
1957
2026
2116
2130
2150
2168
2128
2047
2082
2161
2187
2167
2181
2100
2026
1995
2012
2064
2088
2082
2134
2187
2184
2147
2145
2144
2116
2101
2112
2098
2017
2012
2036
2065
2064
2089
2125
2144
2157
2170
2152
2087
2002
1952
1984
2030
2123
2169
2183
2108
2080
2081
2085
2061
2039
2041
2105
2138
2121
2106
2094
2059
2023
2018
2049
2044
2016
2022
2096
2137
2175
2210
2235
2196
2117
2040
2003
1956
1927
1968
2056
2099
2098
2127
2192
2173
2122
2101
2104
2057
2034
2048
2103
2143
2142
2128
2112
2052
2034
2158
2091
2067
2021
2018
2064
2063
2096
2106
2133
2094
2052
2052
2058
2085
2125
2152
2161
2135
2138
2108
2116
2096
2080
2071
2076
2072
2077
2070
2065
2065
2070
2097
2131
2150
2151
2152
2163
2116
2106
2084
2112
2128
2157
2160
2156
2120
2071
2034
1999
1993
2008
2010
2025
2077
2096
2152
2145
2131
2119
2087
2059
2035
2061
2074
2118
2154
2182
2197
2180
2163
2132
2072
2009
1943
1925
1957
1981
2021
2071
2114
2142
2120
2076
2031
2012
2009
2062
2105
2187
2231
2265
2260
2210
2149
2076
2060
2069
2110
2128
2133
2120
2080
2068
1999
1944
1964
2001
2068
2097
2079
2074
2106
2101
2103
2028
1987
1984
2055
2141
2171
2240
2283
2287
2252
2155
2050
2008
2297
2276
2212
2100
1979
1967
1992
1994
2024
2078
2152
2222
2245
2204
2093
1974
1939
1987
2090
2200
2229
2231
2188
2064
1930
1835
1852
1989
2099
2211
2278
2301
2341
2320
2188
2024
1896
1856
1909
2036
2161
2231
2267
2273
2189
2070
1987
1925
1952
2006
2096
2146
2159
2140
2135
2113
2132
2101
2034
2022
2030
2076
2140
2199
2219
2232
2230
2163
2084
1990
1923
1928
1976
2085
2140
2134
2098
2060
2050
2101
2136
2148
2156
2125
2091
2090
2056
2023
2012
2009
2058
2064
2081
2072
2083
2118
2147
2133
2076
2027
1981
2001
2041
2120
2173
2178
2148
2117
2061
2044
2005
2016
2006
2060
2128
2215
2229
2198
2115
2026
1984
2003
2041
2091
2121
2112
2128
2174
2117
2014
1910
1894
2020
2191
2285
2235
2186
2153
2163
2064
2022
2023
2102
2122
2114
2111
2091
2028
1961
2052
2236
2341
2255
2086
1985
1928
1983
2019
2078
2104
2039
2000
2040
2153
2224
2267
2227
2064
1865
1806
1878
2032
2192
2341
2389
2284
2177
2180
2185
2146
2018
1965
1895
1893
2057
2298
2332
2134
1958
1902
1896
1978
2101
2016
1765
1588
1710
1918
2108
2222
2217
2092
2032
2163
2263
2261
2169
2103
2084
2139
2335
2406
2297
2154
2104
2142
2257
2368
2369
2136
2008
2013
2071
2054
1999
1978
1939
1985
2211
2417
2415
2250
2148
2133
2148
2168
2055
1829
1733
1848
2112
2403
2588
2498
2141
1891
1846
1841
1687
1633
1730
1835
2008
2344
2558
2386
1804
2029
2255
2406
2432
2316
2110
1919
1844
1921
2084
2267
2387
2332
2120
1872
1733
1750
1943
2184
2364
2422
2278
2046
1854
1800
1872
2076
2298
2374
2329
2134
1899
1740
1759
1929
2190
2418
2467
2343
2080
1759
1586
1626
1899
2215
2480
2536
2431
2161
1892
1812
1909
2091
2290
2336
2255
2065
1842
1731
1816
2049
2371
2616
2631
2456
2181
1913
1768
1795
1952
2143
2201
2092
1868
1686
1609
1720
2025
2367
2599
2633
2385
2035
1727
1620
1768
2088
2424
2629
2553
2299
1958
1734
1707
1886
2233
2467
2526
2340
1948
1588
1428
1514
1845
2276
2608
2680
2455
2135
1779
1565
1599
1862
2206
2455
2536
2460
2288
2118
2037
2098
2226
2286
2208
2065
1950
1900
2537
2498
2339
2107
1872
1879
2187
2412
2105
1530
1234
1617
2489
3138
3049
2396
1675
1332
1365
1644
1822
1856
1957
2354
2848
3062
2818
2311
1876
1680
1584
1416
1278
1461
1899
2423
2747
2880
2787
2504
2179
1834
1461
1194
1209
1613
2140
2402
2328
2210
2254
2541
2812
2743
2268
1692
1355
1314
1539
1981
2400
2618
2621
2495
2267
2006
1811
1851
2051
2149
2093
2046
2198
2469
2587
2388
1885
1481
1449
1725
2068
2300
2485
2752
2964
2794
2323
1817
1564
1553
1552
1590
1688
1851
2158
2583
3006
3301
3248
2812
2064
1252
597
434
903
1832
2673
3076
3024
2832
2676
2442
2171
1951
1870
1846
1853
1758
1692
1703
1809
2068
2360
2619
2648
2467
2244
2034
868
1396
2211
3033
3432
3238
2478
1467
753
680
1237
2156
2984
3403
3199
2427
1451
707
609
1217
2201
3160
3667
3436
2586
1556
820
816
1430
2338
3086
3354
3035
2243
1331
817
955
1666
2649
3430
3666
3176
2125
969
228
294
1148
2371
3419
3897
3609
2716
1619
773
537
1004
1915
2863
3408
3394
2795
1922
1134
729
869
1421
2195
2828
3098
2907
2399
1846
1444
1375
1600
2048
2473
2714
2672
2384
1954
1637
1568
1766
2130
2502
2680
2582
2164
1602
1141
1042
1389
2059
2819
3348
3454
3066
2256
1310
506
191
513
1339
2400
3314
3848
3858
3268
2260
1152
321
90
590
1670
2923
3885
4095
3888
2931
1651
466
1
32
919
2333
3702
4095
3534
1377
0
0
1
2
0
362
2345
4095
4095
4095
4095
4095
4065
2222
240
0
3
2
1
865
2746
4095
4095
4095
4095
4095
4095
2493
138
2
0
2
1
1
379
2681
4095
4095
4095
4095
4095
4095
2852
616
0
0
0
1
0
1411
3306
4095
4095
4095
4095
4095
2930
791
1
0
0
0
1
843
2981
4095
4095
4095
4095
4095
4081
2046
0
1
0
0
0
361
1976
3487
4095
4095
4095
4095
2952
1423
45
2
2
3
521
2069
3667
4095
4095
4095
4095
3382
1625
4
0
0
0
1
303
2024
3846
4095
4095
4095
4095
4095
2978
967
1
0
0
0
2
727
2596
4095
4095
4095
4095
4095
5
0
1
0
0
1
1
842
2130
3354
4095
4095
4095
4095
4095
4095
4085
3224
2320
1506
812
239
0
0
1
0
7
464
1116
1889
2646
3375
3972
4095
4095
4095
4095
3795
3196
2565
1907
1298
824
474
340
306
442
681
1036
1520
2091
2786
3477
4095
4095
4095
4095
4095
4095
4095
3827
2680
1364
0
2
2
0
1
1
1
0
1
1
939
2686
4095
4095
4095
4095
4095
4095
4095
4095
4095
4095
2657
1014
2
0
0
1
0
0
0
0
44
1369
2909
4095
4095
4095
4095
4095
4095
4095
4095
3674
2443
1227
152
0
1
1
1
0
1
1
0
464
1623
2839
3942
4095
4095
4095
4095
4095
4095
7
0
1
1
0
0
0
0
1
0
0
0
0
0
0
0
2
0
1
199
1534
2895
4095
4095
4095
4095
4095
4095
4095
4095
4095
4095
4095
4095
4095
4095
4095
4095
4095
4095
4095
4095
4095
4095
4095
4095
4095
4095
4095
4095
4044
3328
2548
1761
984
202
1
0
1
1
2
1
1
1
0
1
1
1
2
0
1
1
2
2
1
1
0
0
1
2
1
1
665
2236
3751
4095
4095
4095
4095
4095
4095
4095
4095
4095
4095
4095
4095
4095
4095
4095
4095
4095
4095
4095
4095
4095
4095
4095
4095
4095
4015
2810
1529
320
0
0
0
0
0
1
0
0
0
0
1
0
0
0
4095
4095
4095
4095
4095
4095
4095
4095
4095
4095
4095
4095
4095
4095
4095
4095
4095
4095
4095
4095
4095
4095
4095
4095
4095
4095
4095
4095
4095
4095
4095
4095
4095
4095
4095
4095
4095
4095
4095
4095
4095
4095
4095
4095
4095
4095
4095
4095
4095
4095
4095
4095
4095
4095
4095
4095
3854
3436
3001
2601
2222
1824
1457
1084
722
361
7
0
1
0
0
0
1
1
0
0
1
0
1
0
0
0
0
0
1
1
0
1
0
0
0
0
1
1
0
0
0
1
1
1
0
0
0
0
2
1
0
1
0
0
1
1
0
0
1
1
2
0
2
0
1
0
1
1
0
1
1
1
