2109
2104
2098
2104
2097
2108
2111
2078
2094
2085
2103
2103
2081
2080
2094
2101
2116
2111
2122
2103
2072
2085
2087
2076
2084
2092
2076
2081
2071
2089
2097
2079
2088
2073
2082
2067
2093
2107
2081
2088
2106
2104
2099
2105
2077
2090
2122
2108
2087
2094
2092
2083
2096
2112
2106
2112
2133
2144
2114
2106
2112
2115
2112
2106
2116
2129
2119
2112
2112
2107
2087
2109
2085
2081
2110
2076
2089
2098
2056
2099
2104
2100
2077
2094
2064
2066
2077
2095
2076
2075
2068
2088
2095
2084
2092
2083
2093
2075
2078
2088
2080
2081
2083
2077
2077
2075
2091
2083
2072
2095
2070
2064
2090
2098
2077
2068
2081
2081
2082
2068
2074
2068
2058
2069
2075
2055
2053
2052
2121
2121
2124
2128
2118
2102
2097
2112
2135
2111
2105
2119
2130
2117
2122
2099
2078
2095
2118
2109
2090
2064
2083
2094
2104
2065
2072
2088
2070
2062
2065
2056
2049
2036
2056
2061
2063
2040
2048
2053
2073
2048
2050
2056
2054
2066
2065
2088
2095
2104
2104
2108
2097
2091
2090
2083
2089
2104
2122
2110
2086
2082
2073
2071
2054
2056
2037
2070
2070
2056
2050
2032
2050
2045
2035
2018
2016
2025
2037
2038
2050
2039
2041
2038
2033
2043
2040
2028
2052
2048
2080
2064
2058
2070
2090
2097
2088
2097
2092
2087
2104
2120
2109
2106
2096
2119
2122
2121
2121
2123
2129
2126
2101
2115
2120
2125
2110
2122
2122
2111
2105
2099
2088
2094
2094
2097
2076
2096
2168
2145
2111
2098
2097
2081
2068
2039
2029
2005
2006
1987
1972
2006
2026
2038
2042
2075
2070
2081
2119
2132
2194
2216
2224
2228
2242
2248
2253
2237
2201
2188
2170
2157
2133
2104
2040
2004
1977
1980
1960
1942
1961
1924
1932
1948
1961
1992
2013
2043
2084
2096
2124
2150
2173
2207
2233
2256
2282
2275
2278
2267
2247
2214
2207
2194
2158
2144
2109
2088
2063
2040
2019
2025
2002
1981
1991
1995
1994
2022
2021
2020
2052
2082
2076
2102
2111
2133
2132
2136
2144
2145
2145
2141
2143
2124
2125
2101
2070
2086
2068
2063
2048
2054
2037
2052
2061
2059
2087
2094
2107
2099
2110
2117
2114
2143
2152
2134
2143
2114
2136
2112
2101
2091
2073
2056
2056
2061
2219
2213
2205
2191
2157
2117
2114
2066
2018
1997
1952
1966
1978
2016
2052
2097
2141
2154
2151
2134
2128
2119
2076
2079
2105
2107
2136
2134
2148
2153
2106
2065
2024
2069
2116
2162
2180
2176
2172
2163
2175
2162
2141
2079
2021
2025
2057
2083
2106
2104
2105
2126
2157
2165
2097
2041
1983
1952
1991
2032
2087
2117
2094
2106
2104
2089
2065
2053
2063
2108
2207
2269
2283
2236
2180
2136
2100
2043
2018
1987
2006
2017
2031
2060
2042
2070
2094
2133
2143
2147
2150
2153
2156
2137
2134
2073
2030
1985
1968
1977
1975
2002
2008
2056
2096
2133
2171
2174
2166
2155
2167
2150
2189
2148
2109
2044
2001
1981
2000
1987
1983
2023
2081
2151
2190
2191
2166
2135
1999
1978
1998
2018
2072
2116
2147
2142
2159
2150
2140
2102
2110
2132
2138
2132
2160
2182
2156
2103
2096
2042
2005
1987
2011
2062
2075
2125
2144
2151
2163
2161
2119
2083
2041
1998
1977
1990
1988
2044
2088
2147
2189
2202
2210
2180
2118
2065
2021
2009
1985
2024
2057
2108
2152
2157
2158
2149
2113
2025
2001
2015
2022
2040
2077
2119
2135
2136
2134
2104
2092
2082
2061
2055
2065
2067
2087
2081
2079
2090
2074
2069
2089
2122
2121
2103
2070
2076
2031
2032
2023
2039
2075
2140
2184
2192
2178
2132
2089
2023
2006
2012
2061
2092
2140
2184
2208
2196
2169
2138
2092
2061
2056
2066
2061
2090
2114
2133
2136
2156
2140
2118
2113
2104
2078
2073
2080
2082
2092
2185
2251
2268
2209
2123
2028
2029
2032
2063
2118
2168
2169
2134
2176
2243
2262
2141
1992
1878
1813
1806
1890
2055
2203
2277
2277
2247
2241
2178
2122
2082
2053
1981
1891
1848
1901
2067
2204
2359
2438
2374
2178
1956
1837
1794
1813
1865
1932
2025
2088
2168
2272
2378
2379
2257
2155
2008
1890
1837
1877
1973
2056
2110
2175
2200
2159
2163
2178
2173
2137
2027
2000
2032
2092
2198
2270
2282
2205
2123
2112
2161
2218
2169
2097
2007
1977
2084
2240
2358
2376
2257
2103
2022
2007
1964
1960
1984
2044
2121
2195
2255
2296
2224
2084
1942
1920
1969
2003
2036
2020
2030
2059
2104
2165
2192
2122
2073
2008
1985
2015
2049
2039
2016
2072
2113
2153
2142
2065
2066
2090
2117
2139
2122
2080
2067
2076
2089
2107
2115
2109
2104
2075
2050
2018
2030
2078
2138
2176
2162
2123
2088
2060
2060
2111
2149
2172
2163
2129
2086
2019
2008
2051
2118
2188
2228
2229
2163
2034
1920
1900
1971
2092
2222
2323
2320
2212
2075
1928
1887
1943
2033
2160
2251
2252
2177
2083
2045
2016
2059
2111
2171
2192
2134
2070
2016
1980
1983
1992
2064
2135
2187
2238
2227
2192
2150
2073
2001
1953
1934
1990
2066
2187
2260
2272
2211
2073
1950
1843
1829
1910
2079
2206
2279
2269
2183
2084
1990
1934
1960
2073
2164
2215
2218
2167
2069
1971
1947
1988
2065
2174
2208
2211
2145
2062
1955
1912
1956
2057
2154
2261
2288
2248
2137
2011
1905
2066
2155
2168
2161
2132
2027
1962
1956
2022
2091
2165
2185
2152
2128
2157
2199
2179
2128
2039
2000
2025
2038
2082
2110
2138
2112
2133
2106
2116
2142
2145
2165
2128
2038
2047
2146
2217
2148
2111
2131
2125
2053
1992
1997
2004
2034
2161
2337
2342
2123
1854
1821
1909
1957
2045
2193
2308
2237
2054
2004
2150
2235
2140
1986
1950
2063
2151
2166
2071
2056
2180
2252
2139
1986
1956
2074
2220
2236
2115
2064
2082
2074
2037
1996
2024
2100
2202
2175
2079
2031
2022
2088
2107
2106
2097
2115
2089
2035
1951
1941
2055
2171
2208
2162
2112
2086
2018
1937
1913
2000
2069
2105
2101
2096
2060
2069
2105
2088
1984
1904
2005
2155
2241
2200
2127
2091
2139
2176
1517
1719
2049
2360
2594
2663
2606
2366
2038
1725
1546
1600
1848
2098
2277
2313
2254
2131
2013
1903
1845
1866
1941
2064
2118
2131
2102
2060
2056
2000
2004
1967
1984
2077
2152
2264
2289
2293
2268
2208
2165
2115
2097
2112
2165
2204
2283
2294
2271
2220
2140
2027
1938
1896
1898
1958
2027
2064
2051
2037
2001
1931
1817
1736
1749
1858
1967
2085
2182
2238
2239
2120
1965
1880
1871
1933
2034
2171
2366
2473
2416
2253
2065
1946
1903
1925
2046
2276
2491
2523
2368
2152
1957
1821
1794
1865
2049
2281
2409
2369
2247
2132
2007
1920
1920
1968
2011
2017
2086
2182
2240
2194
2163
2132
2092
1988
1968
2071
2191
2242
2208
2179
2162
2103
2041
2008
2048
2061
2592
2454
2182
1888
1643
1597
1737
1979
2252
2459
2510
2398
2167
1887
1721
1681
1725
1858
2022
2218
2356
2396
2342
2211
2048
1912
1858
1892
1942
2058
2160
2235
2245
2141
2032
1926
1935
1988
2073
2189
2272
2325
2319
2229
2093
1918
1815
1828
1976
2177
2320
2359
2298
2207
2097
1972
1910
1896
1954
2088
2227
2319
2288
2122
1928
1784
1761
1883
2035
2204
2313
2290
2164
1992
1848
1762
1849
2058
2329
2558
2653
2605
2369
2070
1796
1682
1755
1962
2194
2357
2425
2317
2096
1862
1723
1732
1907
2128
2277
2391
2343
2203
2034
1871
1844
1979
2158
2324
2368
2338
2173
1974
1803
1698
1813
2069
2328
2500
2430
2247
1981
1772
1704
1800
2058
2314
2455
2421
1679
1507
1377
1386
1631
1903
2081
2264
2470
2660
2707
2620
2432
2181
1897
1607
1458
1408
1545
1857
2387
2709
2720
2486
2187
1952
1710
1525
1581
1983
2378
2538
2525
2541
2451
2190
1833
1574
1558
1632
1736
1931
2263
2555
2648
2614
2525
2421
2126
1768
1574
1608
1657
1781
2061
2334
2453
2379
2327
2317
2226
2113
2072
2144
2166
2077
1964
1997
2187
2375
2495
2537
2410
2136
1794
1532
1438
1574
1869
2148
2388
2452
2457
2496
2455
2239
1879
1635
1539
1494
1519
1771
2268
2773
3036
3062
2936
2545
1852
1170
852
1035
1417
1960
2496
2891
2926
2740
2509
2279
1956
1533
1282
1415
1790
2183
2427
2612
2743
2734
2460
2038
1724
1545
1525
1689
2024
2459
2204
2200
2220
2199
2064
1912
1799
1824
2018
2322
2632
2784
2688
2370
1950
1609
1479
1617
1944
2396
2772
2964
2832
2427
1869
1412
1296
1546
2031
2533
2796
2760
2468
2057
1706
1523
1596
1863
2208
2462
2536
2395
2069
1825
1664
1737
1974
2191
2199
1982
1729
1597
1690
2020
2428
2763
2890
2657
2167
1506
964
809
1204
2017
2942
3587
3650
3154
2258
1372
825
826
1332
2049
2678
2914
2771
2363
1949
1748
1813
2138
2502
2599
2361
1870
1379
1121
1287
1883
2683
3309
3451
3044
2260
1439
876
834
1349
2160
2897
3219
3016
2416
1667
1116
1012
1368
2080
2792
3157
3046
2552
1925
1452
1388
1686
2156
2550
2724
2568
2204
1810
1529
1505
1715
2043
2358
1483
2503
3510
4095
4095
4095
4095
4095
3960
2737
1395
169
0
0
0
0
102
1158
2365
3424
4095
4095
4095
3925
3393
2943
2601
2394
2218
2050
1942
1896
1863
1702
1347
804
354
155
292
676
1190
1762
2421
3082
3723
4094
4095
3907
3473
2988
2558
2086
1669
1304
1123
1107
1161
1178
1171
1218
1306
1503
1765
2140
2617
3294
3999
4095
4095
4095
3585
2584
1516
539
0
0
0
0
0
709
1993
3060
3725
3916
3744
3189
2245
999
0
0
0
0
0
659
1717
2750
3593
4095
4095
4095
3480
2606
1779
1210
934
947
1136
1385
1708
2170
2676
3199
3702
4014
4095
4095
4084
3803
3289
2578
1747
1001
412
89
89
345
810
1518
4095
4095
3216
1628
118
0
1
0
1
0
840
2163
3261
3976
4095
4095
3966
3479
2990
2580
2226
1978
1759
1579
1383
1279
1254
1250
1257
1271
1216
1197
1194
1322
1651
2091
2590
3078
3423
3510
3432
3144
2822
2440
2115
1824
1543
1285
1058
905
920
1098
1419
1809
2199
2488
2650
2646
2562
2442
2390
2405
2448
2468
2396
2199
1949
1690
1452
1304
1261
1290
1379
1493
1640
1838
2110
2485
2948
3337
3587
3608
3353
2821
2094
1312
636
218
83
289
701
1304
1983
2692
3321
3872
4095
4095
4095
4095
3620
2744
1693
548
3
0
0
0
0
0
894
2158
3371
4095
4095
4095
4095
4095
4095
4095
2907
1488
65
0
0
0
1
1
3617
4095
4095
4095
4095
4095
4095
4095
4095
4095
4095
4095
4095
4095
4095
4095
4095
4095
4095
4095
3523
1751
0
0
1
1
0
1
1
0
0
0
0
0
0
1
1
1
0
0
0
0
552
2320
4076
4095
4095
4095
4095
4095
4095
4095
4095
4095
4095
4095
4095
4095
4095
4095
4095
4095
4095
4095
4095
3964
2080
49
1
0
0
0
0
1
1
0
1
1
1
1
0
1
2
0
0
0
0
0
0
1756
3905
4095
4095
4095
4095
4095
4095
4095
4095
4095
4095
4095
4095
4095
4095
4095
4095
4095
4095
4095
4095
4095
3593
1521
0
0
1
1
0
1
0
1
1
1
1
0
0
0
