2072
2070
2082
2082
2079
2068
2085
2064
2065
2081
2073
2088
2065
2073
2067
2059
2057
2079
2058
2072
2102
2087
2072
2080
2086
2077
2087
2089
2086
2067
2063
2049
2086
2108
2095
2086
2088
2077
2072
2085
2093
2105
2085
2082
2089
2092
2081
2074
2095
2073
2083
2090
2095
2078
2081
2062
2073
2079
2088
2088
2090
2071
2085
2077
2080
2064
2068
2073
2061
2067
2089
2093
2076
2097
2086
2092
2106
2094
2104
2109
2099
2103
2099
2099
2107
2099
2110
2127
2118
2127
2118
2126
2112
2115
2142
2122
2127
2140
2127
2129
2125
2134
2125
2130
2144
2133
2136
2115
2119
2124
2121
2130
2138
2113
2115
2105
2132
2134
2133
2146
2128
2129
2100
2117
2128
2123
2109
2115
2104
2103
2104
2105
2095
2090
2099
2103
2096
2101
2109
2063
2099
2096
2088
2092
2072
2063
2074
2087
2055
2057
2061
2064
2064
2080
2090
2101
2085
2075
2054
2063
2073
2076
2076
2087
2069
2067
2079
2062
2087
2090
2078
2080
2086
2061
2088
2080
2093
2096
2101
2104
2085
2086
2090
2097
2079
2112
2106
2113
2104
2109
2111
2115
2126
2118
2123
2105
2118
2157
2139
2107
2140
2104
2107
2113
2115
2136
2131
2121
2114
2116
2123
2115
2102
2095
2096
2096
2111
2086
2096
2105
2120
2077
2084
2083
2087
2089
2085
2072
2084
2086
2067
2073
2051
2061
2059
2061
2077
2054
2069
2088
2087
2069
2073
2060
2071
2106
2079
2052
2051
2054
2057
2062
2068
2078
2076
2094
2144
2156
2140
2139
2137
2133
2110
2118
2102
2088
2087
2062
2064
2064
2035
2041
2040
2049
2057
2063
2059
2071
2077
2064
2084
2067
2085
2080
2073
2056
2053
2073
2082
2087
2085
2115
2099
2109
2130
2128
2139
2136
2176
2155
2163
2147
2146
2086
2072
2049
2061
2009
1989
1977
1942
1946
1943
1939
1934
1964
1960
1976
2025
2040
2027
2066
2074
2096
2118
2132
2143
2171
2157
2161
2127
2144
2141
2138
2113
2098
2079
2062
2052
2050
2044
2051
2065
2068
2045
2061
2056
2075
2083
2127
2127
2134
2148
2146
2168
2176
2186
2186
2145
2138
2136
2113
2100
2073
2044
2025
2016
1977
1973
1971
1976
1972
1968
1988
2000
2032
2062
2085
2104
2124
2140
2170
2172
2176
2088
2017
1955
1929
1908
1948
1975
1985
2019
2043
2063
2054
2058
2085
2083
2118
2144
2179
2165
2156
2130
2104
2064
2010
1973
1982
2010
2069
2083
2133
2148
2149
2127
2097
2091
2115
2136
2171
2158
2136
2088
2051
2004
1981
2002
1986
2038
2078
2104
2112
2123
2131
2127
2108
2054
2033
2021
2042
2088
2108
2083
2063
2016
1996
1951
1960
1994
2074
2135
2204
2240
2219
2171
2114
2044
1988
1987
2021
2039
2030
2012
2030
2064
2127
2193
2260
2288
2291
2253
2177
2109
2014
1929
1893
1914
1948
2014
2044
2007
2009
2034
2072
2137
2184
2206
2168
2150
2130
2088
2030
1991
2005
2022
2059
2058
2069
2103
2122
2196
2240
2251
2272
2238
2192
2135
2095
2057
2006
2152
2160
2212
2205
2171
2157
2095
2055
2066
2074
2069
2046
2090
2109
2164
2186
2194
2179
2105
2041
2002
1970
2000
2067
2108
2162
2198
2170
2130
2088
2049
2004
1985
1993
1998
2007
2034
2050
2037
2053
2054
2058
2043
2025
2038
2028
2049
2050
2052
2028
2023
2059
2074
2107
2144
2158
2167
2161
2117
2077
2042
2004
1997
2009
2045
2049
2095
2113
2148
2155
2184
2174
2163
2144
2110
2066
2053
2040
2069
2104
2136
2180
2196
2155
2137
2090
2040
2023
2040
2064
2106
2144
2142
2160
2171
2133
2129
2128
2076
2053
2041
2048
2052
2072
2088
2116
2132
2163
2181
2167
2130
2113
2073
2055
2078
2127
2173
2192
2173
2160
2108
2095
2050
2036
2069
2095
2113
2144
2092
2022
1967
1955
1960
2003
2118
2154
2180
2184
2211
2167
2073
2017
1954
1943
2072
2248
2236
2131
2037
1992
1935
1929
2033
2035
1958
1963
2069
2152
2192
2231
2248
2150
2052
2030
2069
2103
2171
2198
2136
2055
1950
1949
2006
2076
2096
2077
2080
2126
2242
2309
2244
2110
1990
1912
1944
2046
2163
2132
2069
2057
2095
2080
2105
2105
2078
2064
2115
2162
2211
2194
2168
2113
2061
2031
2045
2088
2107
2119
2080
2079
2139
2194
2193
2130
2058
2014
2062
2133
2138
2095
2059
2062
2106
2197
2257
2248
2167
2077
2091
2133
2120
2047
1999
1987
2001
2109
2206
2184
2095
2079
2103
2127
2129
2038
1940
1938
2009
2135
2177
2114
2076
2057
2057
2137
2212
2173
1995
2025
2134
2235
2288
2221
2110
1962
1896
1952
2088
2240
2284
2242
2104
1995
1960
1991
2089
2163
2202
2145
2063
2038
2026
2083
2123
2126
2095
2063
2031
2008
2058
2114
2151
2160
2124
2077
2028
2035
2086
2105
2077
2052
2028
2024
2054
2131
2203
2200
2125
2014
1929
1922
2007
2142
2225
2213
2153
2045
1968
1975
2019
2144
2223
2186
2123
2022
1976
2008
2063
2126
2158
2096
2041
1994
2016
2067
2110
2145
2128
2053
1991
1968
2000
2052
2134
2147
2145
2165
2131
2094
2014
1990
1973
2003
2054
2130
2160
2154
2103
2056
2001
1971
1989
2062
2140
2186
2196
2162
2082
2024
2004
2044
2069
2115
2150
2188
2154
2107
2039
1998
1970
2017
2104
2196
2239
2225
2294
2044
1932
1956
2020
2064
2078
2064
2049
2107
2226
2312
2211
2073
1969
1941
1956
2079
2160
2200
2251
2302
2298
2192
2073
1992
2035
2123
2176
2166
2084
1985
1968
2074
2160
2102
2066
2083
2100
2056
2089
2232
2282
2176
2011
1937
1919
1943
1935
1976
2072
2118
2038
1998
2081
2139
2085
2021
2087
2163
2136
2090
2105
2133
2080
2036
2109
2171
2069
1890
1887
2081
2219
2226
2149
2167
2141
2029
1957
2063
2126
2118
2027
2037
2035
2031
1951
1897
1989
2118
2143
2010
1959
2083
2269
2346
2288
2267
2242
2176
2010
1967
2054
2210
2294
2273
2169
1989
1874
1819
1880
2006
2147
2304
2309
2223
2125
2033
1943
1909
1926
2023
2128
2185
2266
2340
2305
2166
1946
2140
2355
2452
2384
2193
1984
1812
1743
1771
1856
2028
2199
2324
2310
2215
2003
1832
1789
1887
2040
2207
2324
2427
2465
2467
2336
2161
1920
1759
1782
1925
2108
2251
2298
2297
2260
2193
2122
1968
1909
1887
1963
2041
2106
2100
2069
2019
1958
1899
1851
1827
1842
1932
2067
2162
2232
2235
2249
2246
2208
2123
2085
2084
2115
2137
2150
2129
2093
2082
2116
2160
2234
2305
2293
2262
2181
2055
1963
1923
1963
2098
2273
2397
2450
2359
2130
1965
1832
1823
1932
2122
2297
2408
2362
2181
1949
1725
1684
1770
1974
2135
2290
2305
2238
2147
2001
1951
1920
1934
1953
2015
2122
2190
2200
2127
2053
1966
1946
1991
2105
2209
2311
2286
2191
2056
1993
2024
1966
2121
2239
2240
2160
2033
1941
1869
1941
2066
2232
2359
2397
2334
2175
1951
1736
1704
1824
2087
2371
2542
2576
2520
2361
2192
2026
1910
1842
1881
2006
2159
2290
2252
2138
1948
1796
1713
1767
1880
2071
2262
2361
2344
2217
2090
2023
2006
2051
2181
2303
2389
2391
2323
2199
2060
1969
1944
1948
1970
2069
2179
2280
2304
2240
2176
2069
2019
1947
1916
1902
1927
1970
1998
1995
1998
1985
1992
2047
2079
2146
2190
2180
2129
1971
1817
1744
1778
1914
2126
2318
2409
2371
2265
2109
1966
1862
1846
1870
2004
2132
2260
2352
2336
2256
2160
2028
1912
1880
1940
2106
2282
2429
2458
2345
2151
1935
1795
1782
1878
2057
2286
2426
2428
2259
1973
1718
1660
1801
1637
1584
1459
1382
1556
1869
2156
2379
2545
2678
2692
2436
2080
1851
1900
2085
2298
2453
2534
2451
2175
1802
1481
1360
1432
1625
1896
2228
2552
2714
2638
2463
2307
2210
2092
1919
1739
1624
1681
1876
2093
2207
2293
2424
2515
2403
2054
1717
1608
1711
1916
2201
2512
2731
2671
2421
2177
1956
1725
1559
1611
1885
2230
2376
2335
2189
2044
1974
1892
1848
1921
2107
2253
2348
2302
2278
2284
2244
2186
2087
2009
1888
1772
1734
1814
2015
2257
2441
2522
2507
2284
1933
1569
1342
1407
1684
2111
2464
2613
2640
2572
2354
1956
1573
1496
1706
2025
2220
2308
2378
2459
2415
2242
2065
2073
2123
2049
1868
1719
1657
1691
1864
2203
2587
2798
2678
2385
1698
1693
1877
2110
2323
2391
2357
2235
2064
1936
1833
1797
1790
1836
1928
2074
2256
2393
2418
2397
2285
2148
2035
1913
1828
1858
2002
2226
2454
2569
2535
2370
2050
1751
1497
1471
1683
2069
2472
2739
2796
2559
2101
1567
1175
1092
1398
1951
2487
2831
2855
2594
2122
1605
1293
1327
1748
2327
2837
3131
3090
2701
1973
1176
626
609
1104
1952
2812
3358
3391
2902
2096
1282
838
925
1504
2347
3164
3491
3198
2388
1416
744
714
1367
2280
3047
3278
2950
2273
1598
1297
1445
1976
2631
3076
3069
2537
1756
1118
990
1468
2320
3108
3485
3116
2288
1375
918
1087
1761
2601
3252
3396
2997
2146
1223
725
896
1567
2418
3006
3068
2602
1882
1273
1072
1493
1538
1851
2340
2827
3216
3418
3354
3057
2661
2281
1891
1494
1040
611
394
362
624
1126
1752
2334
2779
2973
2899
2576
2174
1794
1564
1567
1652
1797
1856
1839
1783
1673
1493
1364
1372
1676
2150
2635
2847
2915
3042
3240
3450
3508
3215
2591
1790
1061
505
224
289
904
2043
3432
4095
4095
4095
4095
4081
3199
2235
1246
360
0
0
1
439
1003
1460
1882
2336
2743
2937
2823
2421
1900
1540
1458
1529
1616
1671
1770
1928
2184
2393
2564
2793
3153
3563
3805
3673
3081
2155
1141
287
0
0
0
0
40
1134
2678
4095
4095
4095
4095
4095
4095
4095
4092
2884
1312
1
1
1
1
1
607
2208
3592
4095
4095
4095
4095
3554
4095
4095
4095
2693
709
0
0
0
0
84
1593
3332
4095
4095
4095
4095
4095
2645
652
1
0
0
1
26
1603
3454
4095
4095
4095
4095
4095
2768
890
0
0
0
0
460
2200
3937
4095
4095
4095
4095
3330
1290
1
0
0
0
0
770
2855
4095
4095
4095
4095
4095
3919
1682
0
1
0
1
1
1
1299
3782
4095
4095
4095
4095
4095
4095
2458
0
0
1
0
0
0
191
2202
4095
4095
4095
4095
4095
4095
3014
1532
284
3
1
1
224
1363
2576
3620
4095
4095
4095
3470
2524
1495
616
27
1
0
264
1037
2025
3112
4093
4095
4095
4095
4095
3779
2636
1446
365
0
0
1
0
0
408
1550
1592
1634
1687
1761
1850
1949
2078
2219
2414
2600
2808
3003
3193
3381
3532
3687
3816
3896
3927
3926
3821
3665
3455
3197
2880
2495
2094
1611
1096
614
120
0
0
1
1
1
1
0
0
0
1
1
0
1
0
0
0
0
49
555
1101
1708
2259
2818
3337
3838
4095
4095
4095
4095
4095
4095
4095
4095
4095
4095
4095
4095
4095
4095
4095
4095
4095
4095
4095
4095
3794
2978
2109
1214
322
0
1
0
0
1
1
1
2
0
1
3
0
1
1
1
1
3
1
237
1150
2031
2899
3696
4095
4095
4095
4095
4095
4095
4095
4095
4095
4095
4095
4095
4095
4095
4095
4095
4095
4095
4095
3981
3211
2386
1565
