2116
2097
2093
2105
2103
2103
2089
2103
2097
2092
2105
2095
2080
2085
2080
2068
2077
2093
2107
2086
2093
2100
2097
2116
2103
2108
2085
2096
2095
2091
2081
2072
2069
2108
2100
2107
2116
2096
2096
2092
2092
2092
2097
2095
2111
2090
2098
2081
2080
2056
2080
2091
2084
2074
2079
2109
2088
2106
2109
2099
2100
2107
2111
2117
2108
2103
2112
2127
2112
2081
2110
2119
2122
2107
2108
2112
2119
2112
2097
2113
2104
2101
2101
2103
2094
2099
2117
2104
2103
2112
2097
2094
2114
2096
2088
2096
2093
2083
2074
2089
2102
2093
2090
2084
2092
2079
2084
2079
2093
2085
2065
2079
2060
2058
2065
2069
2084
2092
2095
2083
2074
2084
2085
2087
2080
2093
2081
2104
2031
2046
2060
2071
2086
2108
2117
2119
2101
2095
2078
2073
2044
2033
2046
2052
2044
2024
2050
2070
2088
2105
2128
2121
2131
2138
2143
2142
2144
2144
2120
2105
2085
2059
2044
2009
1993
1983
1966
1969
1995
2008
2073
2088
2139
2145
2171
2212
2194
2179
2149
2138
2097
2096
2077
2095
2089
2109
2132
2130
2147
2136
2133
2112
2089
2058
2050
2062
2069
2071
2071
2083
2096
2121
2136
2131
2143
2129
2119
2101
2063
2041
2037
2019
2040
2032
2023
2061
2120
2170
2172
2212
2188
2177
2199
2185
2168
2138
2132
2077
2055
2027
2010
1978
1983
2004
2026
2066
2095
2132
2188
2229
2223
2239
2213
2184
2151
2085
2032
1992
1968
1970
1959
1978
2003
2033
2065
2114
2113
2112
2131
2182
2196
2147
2117
2105
2084
2081
2144
2168
2130
2099
2117
2120
2073
2040
2060
2052
1995
1951
1972
2005
1996
2022
2044
2052
2037
2078
2091
2099
2108
2120
2111
2091
2065
2039
2033
1988
1934
1932
1975
1993
2019
2035
2046
2053
2071
2084
2056
2093
2112
2105
2083
2067
2085
2121
2083
2070
2082
2070
2063
2065
2085
2119
2121
2127
2105
2124
2099
2072
2061
2048
2049
2086
2126
2163
2181
2186
2206
2209
2173
2150
2163
2150
2121
2079
2051
2045
2050
2051
2060
2097
2123
2125
2141
2193
2217
2179
2143
2134
2097
2097
2050
2016
2030
2032
1996
2006
2054
2087
2105
2107
2105
2087
2077
2044
2047
2100
2106
2073
2067
2038
2026
2000
2015
2064
2081
2144
2191
2206
2170
2121
2059
2001
2001
2038
2055
2113
2136
2158
2132
2092
2027
1993
1954
1936
1971
2006
2046
2100
2151
2139
2119
2092
2031
2019
2041
2024
2038
2067
2096
2101
2112
2090
2082
2056
2051
2031
2032
2040
2048
2086
2111
2137
2145
2124
2115
2089
2065
2054
2050
2042
2076
2072
2070
2079
2078
2054
2040
2049
2043
2048
2078
2104
2108
2101
2064
2076
2102
2129
2114
2125
2092
2076
2084
2110
2152
2149
2112
2078
2063
2031
2011
2015
2038
2070
2111
2128
2156
2167
2189
2183
2152
2137
2089
2062
2036
2037
2026
2006
2044
2091
2128
2163
2143
2104
2064
2025
2011
2042
2104
2130
2149
2156
2158
2140
2092
2039
2009
2008
2041
2089
2104
2140
2050
2064
2118
2153
2150
2137
2101
2100
2074
2101
2085
2053
1999
1945
1993
2020
2065
2096
2146
2203
2203
2168
2125
2088
2079
2084
2092
2110
2128
2126
2094
2093
2094
2069
2016
2054
2107
2160
2154
2169
2147
2123
2087
2044
2012
2026
2055
2088
2102
2121
2132
2134
2105
2100
2092
2076
2049
2049
2052
2070
2068
2063
2088
2087
2091
2091
2072
2034
2022
2032
2071
2139
2153
2143
2119
2063
2006
2001
2027
2072
2108
2150
2152
2169
2141
2074
2003
1970
1944
1976
2048
2146
2201
2246
2218
2153
2093
2048
2026
2039
2070
2090
2111
2110
2091
2081
2069
2087
2077
2077
2068
2075
2071
2074
2112
2120
2128
2096
2101
2091
2081
2082
2105
2101
2100
2102
2091
2079
1918
1921
1994
2078
2108
2107
2101
2082
2100
2105
2154
2198
2180
2159
2115
2095
2107
2104
2075
2038
2014
2025
2020
2057
2095
2111
2089
2029
2011
1979
1954
1987
2120
2237
2270
2261
2241
2192
2184
2218
2272
2234
2134
2039
1966
1973
1988
2032
2048
1965
1941
1950
2013
2104
2160
2137
2096
2093
2111
2182
2210
2237
2217
2176
2123
2102
2087
2086
2002
1932
1896
1908
1913
1985
2032
2053
2060
2088
2151
2208
2235
2234
2212
2169
2138
2128
2145
2107
2002
1876
1883
1933
1962
2033
2091
2078
2060
2085
2158
2224
2180
2134
2100
2108
2096
2112
2094
2017
1989
2070
2130
2186
2194
2235
2164
2076
2073
2123
2122
2098
2064
2017
1990
2060
2167
2178
2129
2091
2088
2051
2015
1980
1980
2009
2051
2125
2150
2175
2135
2092
2036
2004
2009
2038
2083
2134
2175
2162
2110
2050
1998
1987
1992
2051
2101
2123
2087
2081
2051
2024
2049
2130
2214
2260
2225
2183
2109
2001
1928
1929
1958
2027
2069
2162
2160
2160
2142
2123
2142
2176
2224
2258
2213
2149
2048
1972
1927
1926
1953
2000
2058
2125
2146
2146
2138
2107
2081
2055
2028
2022
2069
2115
2192
2223
2248
2199
2139
2049
1963
1909
1928
1958
2070
2170
2229
2194
2119
2025
1970
1990
2051
2155
2220
2232
2204
2120
2037
1972
2016
2072
2177
2243
2232
2162
2065
1977
1928
1938
2024
2123
2198
2227
2227
2145
2045
1986
1968
1971
2007
2090
2151
2199
2210
2196
2152
2089
2210
2176
2094
2117
2177
2206
2129
2070
2037
2039
2032
2068
2060
2070
2098
2099
2088
2061
2078
2101
2113
2098
2076
2037
2010
1969
2015
2116
2262
2307
2356
2286
2142
2032
1967
1979
2012
2043
2021
1987
2000
2033
2102
2184
2249
2283
2197
2049
1991
2003
2040
2047
2044
2102
2127
2103
2075
2127
2136
2120
2109
2099
2079
2034
1990
1967
2003
2073
2150
2182
2184
2189
2151
2067
1999
2011
2059
2094
2113
2129
2130
2122
2113
2089
2108
2123
2151
2180
2165
2139
2080
2071
2054
2062
2018
2011
2084
2142
2105
2029
2023
2047
2069
2074
2101
2140
2178
2188
2145
2111
2153
2158
2097
2020
2052
2084
2005
1953
1985
2105
2172
2189
2220
2293
2281
2171
2050
1935
2104
2096
2059
2049
2034
2052
2129
2179
2206
2189
2159
2130
2120
2149
2188
2234
2234
2214
2157
2055
1959
1832
1749
1751
1797
1943
2127
2315
2443
2447
2376
2229
2054
1888
1750
1750
1845
2046
2243
2406
2465
2440
2288
2074
1886
1768
1739
1811
1958
2138
2311
2459
2463
2410
2250
2039
1885
1791
1827
1926
2099
2299
2469
2539
2518
2376
2158
1908
1704
1668
1709
1851
2059
2245
2365
2408
2347
2219
2089
1961
1866
1800
1808
1887
2037
2192
2328
2344
2281
2184
2030
1904
1818
1803
1842
1954
2048
2094
2112
2095
2109
2092
2096
2086
2083
2068
2088
2099
2053
1966
1915
1928
2039
2227
2372
2435
2380
2337
2272
2180
2043
1840
1676
1608
1704
1868
2013
2128
2472
2715
2802
2595
2296
1938
1623
1385
1276
1306
1489
1875
2312
2667
2871
2886
2704
2415
2120
1820
1594
1459
1472
1689
2034
2321
2516
2608
2544
2410
2186
1905
1614
1452
1448
1656
2010
2384
2638
2739
2701
2622
2497
2311
2050
1813
1714
1791
1906
2006
2106
2111
2115
2147
2150
2090
1948
1753
1622
1586
1734
2015
2358
2619
2761
2759
2545
2255
1922
1685
1578
1642
1842
2091
2264
2304
2273
2170
2007
1837
1685
1629
1743
1947
2111
2232
2308
2348
2346
2369
2391
2405
2372
2179
1888
1667
1600
1750
1986
2236
2388
2413
2254
2032
1833
1752
1825
1957
2146
2257
2360
2459
2532
2564
2441
2217
1946
1692
1574
1566
1711
1922
2238
2505
2648
2611
2386
2054
2189
1881
1648
1534
1529
1657
1906
2175
2367
2517
2567
2425
2220
2003
1886
1910
1957
1981
1991
2050
2099
2125
2134
2064
2024
2056
2142
2200
2187
2051
1873
1733
1660
1686
1758
1868
1949
2054
2209
2363
2459
2466
2423
2383
2339
2241
2107
2035
2066
2139
2185
2192
2154
2064
1932
1821
1747
1698
1682
1701
1791
1898
2063
2170
2285
2367
2572
2867
3057
3100
3010
2770
2373
1811
1204
697
424
434
808
1431
2166
2764
3073
3183
3193
3118
2894
2541
2220
2076
2030
1917
1698
1441
1338
1356
1437
1527
1737
2074
2498
2805
2867
2699
2438
2254
2146
2046
2000
2106
2305
2566
2704
2557
2138
1654
1273
1036
936
985
1294
1960
2657
3102
3158
3015
2895
2744
1866
1354
993
852
981
1264
1670
2107
2493
2820
3045
3081
2949
2618
2128
1593
1131
901
921
1219
1777
2334
2808
3089
3105
2841
2408
1945
1517
1233
1146
1215
1445
1775
2133
2422
2648
2736
2720
2562
2336
2054
1765
1520
1338
1339
1480
1794
2159
2460
2675
2664
2549
2319
2110
2012
2012
2026
2121
2195
2199
2145
1994
1853
1732
1717
1844
2078
2365
2598
2767
2798
2727
2544
2247
1899
1573
1315
1167
1203
1449
1832
2316
2774
3135
3323
3297
3039
2585
2018
1461
1000
773
840
1224
1859
2590
3205
3574
3592
3258
2582
1784
1054
618
585
986
1698
2537
3288
3774
3845
3514
2816
1946
1148
599
426
644
1218
1989
2734
3325
3591
3535
3119
2432
1696
2600
2166
1606
1038
480
29
0
2
1
1
0
0
363
1095
1901
2880
3912
4095
4095
4095
4095
4095
4095
4095
4095
4016
2993
1982
1137
575
308
113
0
1
0
1
1
1
273
929
1698
2525
3340
3954
4095
3975
3587
3326
3254
3322
3264
3029
2611
2181
1733
1109
311
1
1
1
0
0
524
1205
1884
2505
3026
3344
3502
3665
3968
4095
4095
4095
4095
4095
4095
4095
4095
3530
2698
2124
1804
1553
1204
821
465
195
25
0
0
0
42
627
1582
2621
3467
3891
4056
4095
4035
3825
3453
2989
2609
2433
2364
2180
1679
863
0
0
0
2
1
1
0
0
86
994
1832
2359
2714
3057
3528
4018
4095
4095
4095
4095
3862
3452
2960
2495
2011
1508
1045
614
259
1
1
1
1
1
0
1
2
52
375
710
1093
1489
1898
2282
2649
3024
3404
3707
4006
4095
4095
4095
4095
4095
4095
4095
4095
4095
4095
4095
4095
3797
3388
2948
2479
2019
1563
1100
646
252
0
1
0
1
2
0
0
1
1
2
0
1
1
2
2
1
209
530
890
1235
1537
1813
2063
2313
2528
2748
2921
3063
3231
3365
3493
3616
3742
3844
3971
4095
4095
4095
4095
4095
4095
4095
4095
4095
4095
4095
4095
4095
4095
4095
4095
4095
4095
4095
3833
3528
3187
2847
2496
2135
1784
1441
1078
703
328
1
0
0
0
0
1
1
1
0
0
1
2827
2747
2653
2541
2422
2307
2198
2075
1980
1875
1786
1695
1623
1548
1483
1442
1398
1349
1342
1307
1285
1284
1274
1278
1263
1283
1273
1269
1260
1270
1233
1223
1220
1224
1196
1210
1187
1208
1244
1246
1277
1328
1347
1392
1433
1476
1520
1562
1616
1690
1742
1796
1877
1944
2006
2068
2131
2174
2208
2243
2237
2251
2246
2275
2295
2252
2229
2250
2240
2277
2284
2278
2304
2275
2273
2298
2304
2321
2298
2321
2329
2343
2324
2345
2334
2331
2323
2314
2298
2288
2283
2267
2255
2264
2264
2268
2240
2231
2251
2259
2265
2267
2268
2256
2272
2265
2266
2269
2254
2259
2233
2247
2235
2243
2267
2289
2342
2370
2421
2460
2492
2536
2537
2579
2603
2631
2647
2693
