2096
2098
2090
2102
2104
2101
2106
2080
2094
2086
2084
2086
2086
2098
2096
2112
2094
2054
2066
2097
2093
2103
2105
2047
2082
2081
2067
2089
2104
2106
2076
2104
2094
2080
2110
2128
2124
2094
2077
2125
2130
2105
2120
2104
2111
2091
2084
2095
2107
2099
2098
2083
2099
2114
2102
2118
2095
2092
2067
2080
2060
2065
2103
2101
2089
2081
2082
2052
2090
2089
2097
2088
2100
2104
2101
2102
2104
2081
2089
2098
2084
2092
2095
2088
2108
2081
2081
2081
2098
2084
2064
2092
2096
2106
2117
2088
2081
2106
2085
2088
2108
2096
2102
2102
2080
2097
2099
2083
2080
2058
2077
2102
2063
2074
2090
2120
2082
2105
2106
2097
2111
2100
2091
2103
2097
2077
2096
2065
2103
2111
2100
2092
2109
2082
2082
2107
2120
2105
2122
2097
2102
2098
2110
2112
2085
2101
2114
2104
2105
2096
2106
2102
2085
2082
2112
2103
2090
2098
2120
2093
2111
2096
2088
2092
2125
2098
2077
2087
2091
2074
2058
2080
2090
2081
2079
2064
2089
2081
2096
2095
2085
2091
2101
2091
2108
2080
2104
2085
2087
2091
2089
2098
2118
2095
2089
2098
2098
2112
2110
2092
2110
2086
2072
2097
2114
2088
2111
2084
2094
2085
2082
2069
2087
2106
2096
2097
2098
2100
2097
2100
2102
2076
2068
2099
2107
2090
2079
2076
2080
2076
2073
2081
2091
2091
2080
2099
2082
2105
2090
2090
2103
2106
2075
2070
2095
2087
2088
2072
2082
2059
2086
2093
2095
2099
2088
2092
2041
2066
2023
2016
2032
2042
2073
2039
2055
2055
2051
2046
2060
2061
2088
2097
2087
2072
2087
2106
2120
2141
2115
2118
2137
2117
2129
2143
2148
2171
2165
2163
2173
2171
2189
2183
2191
2177
2192
2195
2180
2182
2205
2208
2206
2215
2215
2213
2208
2226
2228
2219
2228
2234
2227
2233
2226
2230
2233
2226
2228
2217
2230
2229
2232
2232
2246
2235
2206
2206
2199
2188
2185
2194
2207
2188
2189
2201
2185
2188
2213
2188
2200
2171
2181
2185
2183
2192
2182
2161
2153
2125
2150
2131
2120
2115
2138
2136
2110
2111
2109
2113
2104
2092
2102
2074
2089
2065
2082
2059
2062
2047
2038
2030
2021
2015
2013
2026
2033
2024
2027
2013
2024
2015
2002
2005
1989
2016
2148
2160
2136
2160
2137
2131
2149
2140
2148
2154
2163
2184
2194
2201
2244
2248
2248
2279
2301
2274
2280
2299
2322
2318
2321
2335
2322
2323
2321
2328
2330
2304
2304
2280
2260
2290
2239
2237
2226
2225
2191
2158
2148
2155
2125
2113
2094
2061
2018
2006
1988
1972
1960
1945
1927
1918
1900
1861
1845
1864
1846
1828
1821
1838
1832
1834
1834
1857
1852
1867
1864
1870
1900
1898
1926
1959
1977
1956
1988
2018
2030
2020
2042
2046
2050
2062
2078
2069
2074
2102
2097
2108
2111
2138
2135
2152
2156
2135
2144
2125
2098
2078
2093
2066
2056
2031
2021
2008
2006
2013
2022
2003
2021
2028
2066
2064
2082
2110
2141
2172
2188
2220
2226
2256
2269
2297
2326
2340
2386
2353
2296
2234
2159
2086
2029
1979
1925
1882
1847
1807
1770
1765
1739
1727
1719
1688
1656
1651
1624
1582
1568
1544
1557
1591
1624
1692
1774
1875
1978
2104
2206
2314
2409
2479
2536
2566
2582
2565
2536
2512
2480
2435
2408
2373
2364
2356
2368
2370
2376
2370
2392
2384
2348
2318
2264
2227
2186
2128
2080
2040
2007
1955
1927
1909
1876
1856
1846
1862
1844
1848
1853
1894
1903
1911
1937
1959
1976
2005
2006
2031
2049
2066
2104
2131
2144
2170
2195
2205
2252
2251
2242
2228
2217
2213
2171
2122
2104
2094
2077
2067
2076
2115
2139
2153
2186
2214
2226
2226
2203
2171
2100
2060
2002
1927
1863
1811
1774
1753
1778
1815
1870
1949
2036
2137
2211
2297
2088
2044
1989
1937
1892
1850
1810
1790
1781
1795
1803
1802
1816
1856
1880
1895
1934
1953
1994
2016
2037
2097
2139
2182
2232
2269
2311
2335
2377
2392
2408
2416
2389
2353
2309
2298
2235
2167
2107
2018
1956
1886
1806
1768
1743
1715
1733
1760
1807
1848
1918
1997
2053
2118
2171
2224
2284
2320
2320
2340
2334
2313
2266
2238
2164
2096
2032
1989
1918
1866
1859
1848
1848
1888
1918
1965
2052
2128
2203
2292
2355
2413
2466
2482
2478
2472
2472
2418
2349
2267
2191
2110
2025
1925
1852
1794
1707
1674
1669
1674
1702
1746
1785
1832
1882
1966
2014
2066
2100
2155
2193
2218
2229
2298
2322
2312
2324
2262
2225
2192
2147
2102
2056
2016
2002
1984
1939
1949
1777
1800
1936
2144
2314
2367
2320
2229
2114
2043
2050
2070
2064
1951
1796
1636
1582
1666
1814
1876
1843
1771
1792
1936
2172
2340
2400
2363
2308
2261
2249
2190
2112
2047
2056
2061
2052
1989
1885
1866
1938
2058
2155
2171
2173
2176
2254
2337
2359
2320
2202
2094
2011
1954
1934
1868
1823
1768
1728
1740
1803
1900
1989
1977
1896
1824
1833
1956
2108
2184
2181
2151
2204
2360
2559
2675
2695
2622
2550
2526
2509
2408
2269
2104
1952
1815
1690
1564
1501
1522
1602
1690
1758
1814
1910
2058
2259
2452
2603
2680
2721
2703
2665
2552
2462
2354
2251
2143
2064
2002
1961
1962
1976
2005
2044
2080
2143
2204
2242
2253
2240
2235
2256
2293
2308
2287
2218
2129
2416
2234
2046
1853
1703
1602
1565
1599
1691
1848
2023
2225
2413
2587
2719
2796
2783
2684
2506
2265
1981
1679
1424
1235
1140
1145
1258
1428
1689
1983
2296
2596
2878
3106
3256
3307
3254
3099
2855
2549
2212
1864
1571
1321
1148
1067
1072
1157
1312
1518
1768
2010
2240
2431
2581
2664
2686
2659
2599
2526
2432
2350
2262
2179
2110
2025
1955
1882
1830
1791
1763
1761
1763
1786
1825
1852
1870
1881
1904
1912
1912
1911
1933
1954
1991
2014
2038
2037
2023
1981
1948
1922
1930
1971
2053
2152
2252
2352
2418
2471
2495
2504
2509
2493
2474
2456
2425
2397
2363
2339
2303
2271
2246
2200
2166
2143
2106
2067
2042
2011
2006
2000
1997
2000
2026
2065
2115
2196
2351
2558
2650
2588
2390
2132
1895
1738
1658
1644
1647
1684
1771
1931
2172
2413
2540
2474
2256
2013
1926
2116
2502
2840
2894
2596
2126
1719
1518
1524
1554
1479
1333
1246
1367
1701
2114
2428
2556
2551
2513
2483
2472
2455
2438
2439
2473
2517
2450
2260
2012
1804
1700
1652
1664
1737
1892
2164
2499
2804
2984
3033
3007
2931
2820
2650
2425
2186
2037
1994
2018
1985
1866
1717
1583
1537
1548
1617
1687
1748
1858
2030
2262
2496
2673
2775
2797
2748
2624
2422
2181
1940
1688
1468
1322
1266
1272
1294
1292
1260
1253
1376
1660
2061
2476
2769
2935
3022
3144
3265
3316
3170
2862
2438
2034
1715
1467
1261
1142
1129
1210
1312
1402
1458
1558
1736
1998
2298
1996
1914
1882
1898
1936
1998
2065
2124
2178
2225
2248
2269
2274
2239
2163
2064
1929
1783
1631
1504
1416
1381
1401
1483
1617
1800
2012
2222
2437
2612
2741
2816
2828
2780
2685
2539
2364
2175
1990
1820
1690
1605
1582
1601
1672
1800
1954
2124
2289
2407
2470
2456
2363
2231
2054
1878
1719
1607
1562
1586
1682
1851
2087
2366
2677
2975
3238
3381
3408
3290
3031
2662
2220
1762
1332
973
725
602
629
801
1104
1496
1941
2367
2726
2970
3069
3029
2879
2642
2375
2115
1877
1716
1629
1643
1736
1898
2107
2326
2517
2634
2662
2592
2428
2200
1933
1670
1448
1302
1244
1297
1456
1712
2052
2412
2760
3027
3182
3184
3023
2727
2336
1897
1480
1128
890
785
2417
2280
2104
1871
1590
1298
1049
914
959
1183
1530
1920
2276
2546
2736
2823
2859
2864
2848
2822
2808
2822
2808
2690
2399
1926
1331
741
294
56
59
298
742
1319
1950
2553
3066
3482
3802
3995
4006
3860
3639
3456
3303
3118
2831
2433
1994
1562
1208
891
572
234
2
2
2
150
696
1422
2227
3042
3815
4095
4095
4095
4095
3936
3212
2500
1948
1545
1247
1010
800
646
577
646
898
1294
1766
2195
2531
2773
2971
3153
3352
3501
3570
3507
3348
3100
2797
2448
2066
1647
1227
868
628
523
580
790
1148
1608
2110
2537
2823
2946
2974
2986
3044
3140
3194
3124
2952
2717
2476
2253
1999
1671
1263
846
553
499
729
1183
1750
2288
2935
2722
2418
2045
1628
1197
797
468
265
186
263
496
865
1340
1867
2397
2886
3292
3610
3814
3893
3846
3671
3363
2939
2412
1836
1260
783
475
380
518
852
1323
1860
2384
2845
3223
3496
3650
3701
3611
3382
2986
2459
1874
1325
907
718
794
1115
1592
2144
2648
3033
3254
3328
3268
3100
2860
2519
2106
1628
1158
740
479
429
609
988
1476
1994
2434
2756
2930
2960
2859
2667
2392
2055
1672
1308
1024
863
900
1168
1626
2198
2792
3296
3649
3815
3777
3593
3285
2911
2499
2078
1668
1318
1054
933
995
1235
1608
2049
2468
2793
2972
2978
2819
2521
2142
1753
1382
1096
920
875
970
1183
1500
1873
2261
2615
2900
3068
3122
3038
2833
1549
2084
2718
3450
4095
4095
4095
4095
4095
4095
4095
3876
2974
1944
903
1
1
3
3
1
2
554
1620
2562
3259
3725
4034
4095
4095
4095
4095
4095
3816
3048
2226
1576
1233
1161
1270
1420
1433
1297
1040
763
590
596
814
1184
1591
1944
2200
2364
2501
2658
2815
2963
3047
3016
2854
2571
2215
1828
1471
1114
804
571
460
492
714
1075
1496
1891
2177
2309
2338
2338
2384
2500
2678
2854
2986
3041
3039
3010
3012
3084
3167
3236
3226
3067
2714
2178
1505
833
277
2
3
3
330
836
1392
1975
2539
3054
3499
3848
4062
4095
3988
3682
3306
2936
2631
2397
2165
1833
1422
1023
722
617
740
1002
1264
1372
1232
875
476
240
2316
2596
2746
2828
2844
2840
2864
2906
2989
3066
3162
3223
3235
3196
3049
2832
2537
2192
1814
1456
1177
996
885
893
958
1034
1138
1262
1370
1512
1714
1996
2351
2760
3207
3597
3918
4095
4095
4095
3992
3709
3329
2864
2387
1905
1435
1024
658
374
136
3
1
2
1
1
54
370
796
1326
1938
2592
3257
3847
4095
4095
4095
4095
4095
4095
3878
3388
2856
2373
1878
1405
935
472
64
1
2
2
2
9
541
1262
2046
2810
3482
4026
4095
4095
4095
4095
3936
3474
2940
2367
1747
1153
608
108
3
3
2
2
2
3
511
1307
2212
3159
4070
4095
4095
4095
4095
4095
4095
4095
4095
3309
2306
1353
438
0
1
3
1510
1164
833
508
223
1
3
4
2
2
2
3
2
2
34
856
1900
2996
4030
4095
4095
4095
4095
4095
4095
4095
4095
4095
4095
3404
2123
904
1
2
0
3
3
2
2
1
187
1120
2098
3029
3790
4095
4095
4095
4095
4095
3802
3263
2721
2155
1632
1173
776
523
379
453
757
1288
1948
2676
3352
3876
4095
4095
3952
3509
2905
2196
1442
724
49
3
3
3
3
3
2
499
1602
2838
4095
4095
4095
4095
4095
4095
4095
4095
4095
4095
3836
2528
1108
6
3
3
3
4
4
1
1
4
1
950
2374
3664
4095
4095
4095
4095
4095
4095
4095
4095
4095
4095
3616
2336
1163
148
4
4
3
2
