2123
2117
2119
2110
2108
2112
2112
2108
2113
2109
2104
2100
2103
2102
2097
2100
2096
2094
2094
2092
2094
2094
2092
2088
2091
2095
2090
2084
2090
2094
2088
2088
2088
2079
2084
2088
2086
2085
2084
2074
2079
2079
2077
2078
2076
2076
2074
2079
2082
2086
2084
2078
2078
2077
2077
2074
2077
2082
2085
2084
2082
2080
2083
2076
2080
2081
2080
2079
2085
2084
2084
2082
2080
2083
2081
2078
2078
2080
2086
2086
2088
2080
2088
2085
2085
2086
2087
2090
2090
2088
2092
2092
2085
2085
2086
2089
2090
2086
2086
2089
2090
2089
2091
2088
2090
2091
2092
2091
2091
2095
2090
2091
2089
2087
2088
2091
2091
2091
2093
2095
2087
2092
2099
2102
2099
2102
2097
2097
2054
2056
2054
2062
2062
2066
2069
2064
2078
2069
2078
2071
2075
2076
2080
2077
2082
2081
2080
2080
2094
2093
2096
2091
2098
2100
2096
2096
2108
2111
2113
2114
2116
2120
2108
2108
2117
2117
2106
2108
2108
2108
2110
2106
2101
2105
2098
2097
2090
2086
2096
2094
2084
2073
2073
2079
2072
2065
2066
2069
2075
2069
2066
2066
2060
2066
2054
2063
2061
2064
2069
2067
2072
2068
2074
2081
2079
2083
2090
2082
2096
2105
2100
2104
2102
2101
2110
2110
2108
2126
2118
2122
2130
2123
2117
2128
2131
2128
2135
2133
2134
2135
2125
2132
2130
2129
2128
2122
2116
2112
2123
2105
2103
2099
2092
2096
2092
2090
2088
2083
2077
2070
2078
2083
2067
2072
2064
2067
2008
2008
2016
2021
2027
2037
2053
2064
2076
2089
2102
2122
2139
2155
2165
2179
2202
2211
2224
2227
2239
2244
2252
2252
2262
2253
2245
2237
2222
2213
2205
2187
2168
2137
2128
2106
2082
2056
2041
2014
1991
1978
1966
1951
1938
1929
1921
1911
1913
1914
1924
1930
1939
1958
1968
1984
2001
2027
2047
2069
2089
2116
2136
2161
2182
2200
2222
2242
2256
2277
2289
2298
2306
2317
2318
2318
2313
2314
2304
2290
2278
2268
2251
2235
2219
2195
2172
2143
2107
2081
2052
2019
1992
1956
1929
1894
1871
1849
1824
1798
1778
1760
1754
1745
1742
1735
1730
1736
1751
1762
1778
1803
1822
1852
1889
1914
1954
1988
2026
2063
2100
2138
2179
2217
2252
2294
2334
2367
2434
2480
2507
2501
2456
2393
2305
2202
2099
2002
1908
1834
1795
1779
1784
1803
1838
1894
1967
2036
2105
2160
2221
2261
2292
2308
2307
2290
2262
2221
2172
2108
2052
1993
1937
1886
1858
1841
1846
1869
1910
1964
2032
2104
2170
2232
2272
2300
2306
2281
2243
2182
2119
2048
1977
1928
1881
1853
1836
1838
1859
1894
1948
2020
2098
2174
2238
2286
2312
2312
2287
2232
2160
2074
1998
1931
1884
1866
1875
1905
1951
2010
2077
2119
2154
2173
2177
2170
2156
2130
2111
2085
2067
2059
2043
2045
2053
2079
2099
2134
2168
2204
2221
2228
2224
2199
2170
2147
2123
2108
2111
2117
2106
2099
2080
2050
2024
1998
1987
1982
1991
2018
2062
2110
2168
2216
2248
2258
2370
2337
2318
2326
2296
2250
2178
2102
2046
2015
1994
1977
2024
2147
2274
2350
2362
2350
2320
2273
2246
2204
2136
2040
1946
1854
1748
1721
1840
2050
2195
2250
2292
2395
2470
2470
2411
2309
2186
2099
2048
1971
1878
1820
1806
1806
1829
1904
2045
2162
2167
2077
1987
1966
2024
2148
2258
2288
2237
2186
2214
2284
2353
2378
2337
2222
2103
2017
1984
1956
1897
1840
1830
1900
2062
2206
2255
2192
2068
1965
1933
1964
2015
2024
2029
2064
2106
2176
2254
2332
2370
2322
2219
2094
2003
1972
1984
2020
2063
2096
2153
2218
2274
2281
2264
2241
2227
2173
2016
1844
1762
1789
1839
1889
1960
2081
2212
2287
2260
2151
2018
1964
2059
2191
2213
2158
2074
2008
2017
2001
2045
2104
2179
2238
2278
2294
2281
2232
2151
2057
1967
1906
1892
1920
1965
2024
2078
2111
2115
2100
2090
2117
2162
2204
2209
2185
2153
2129
2105
2082
2046
2024
2028
2061
2110
2181
2252
2318
2342
2290
2155
1968
1798
1706
1708
1786
1924
2091
2255
2371
2410
2388
2302
2188
2056
1923
1831
1805
1866
1990
2119
2217
2288
2321
2299
2222
2126
2020
1951
1931
1956
1988
2033
2100
2152
2206
2250
2302
2338
2341
2268
2145
1978
1816
1717
1712
1809
1962
2133
2256
2320
2310
2259
2207
2183
2169
2168
2146
2097
2030
1976
1957
1997
2064
2138
2204
2266
2308
2325
2307
2245
2145
2075
2056
2080
2124
2148
2142
2120
2116
2110
2083
2030
1975
1977
2051
1898
2105
2258
2309
2384
2404
2321
2233
2173
2067
1928
1834
1836
1890
1980
2075
2110
2142
2308
2522
2532
2312
2034
1825
1716
1758
1960
2188
2334
2444
2510
2436
2229
2066
2043
2098
2129
2112
2078
2052
2024
1987
1896
1867
1976
2142
2176
2061
1856
1704
1731
1936
2218
2349
2206
1966
1884
1945
1993
1947
1890
1899
1915
1947
2032
2132
2129
2033
1964
2038
2251
2394
2372
2216
2065
2020
2085
2174
2184
2133
2122
2166
2206
2198
2138
2080
2024
1985
2022
2122
2209
2199
2136
2082
2074
2089
2096
2126
2214
2260
2140
1902
1773
1898
2126
2232
2111
1928
1909
2078
2256
2254
2078
1935
1964
2119
2203
2120
1947
1837
1878
2035
2185
2221
2154
2040
1979
2029
2300
2484
2392
2269
2232
2203
2114
2015
1938
1908
1862
1837
1898
1990
1979
1908
1970
2212
2444
2540
2582
2531
2339
2161
2154
2144
1935
1737
1815
2095
2249
2297
2349
2350
2222
2130
2145
2169
1994
1652
1358
1325
1647
2245
2764
2793
2372
1923
1738
1723
1696
1804
2002
2038
1928
1999
2261
2378
2284
2119
1958
1866
2036
2369
2467
2258
2038
1859
1700
1747
2126
2373
2228
1958
1775
1583
1364
1390
1705
1989
2064
1990
1963
2141
2474
2631
2564
2524
2612
2584
2357
2204
2136
1936
1610
1488
1744
2120
2342
2406
2382
2292
2113
1956
1953
2088
2135
2081
2071
2162
2248
2310
2334
2245
2089
1968
1907
1948
1937
1884
1936
2060
2129
2066
2037
2111
2095
2023
1837
1444
1429
1766
2216
2528
2544
2284
1898
1626
1575
1748
2031
2311
2478
2442
2233
1952
1730
1670
1783
1991
2204
2309
2231
1967
1639
1422
1476
1836
2364
2860
3078
2896
2383
1736
1245
1128
1443
1983
2461
2656
2551
2242
1966
1896
2035
2326
2533
2530
2258
1831
1443
1259
1340
1670
2070
2421
2555
2448
2183
1892
1780
1850
2075
2318
2438
2344
2111
1869
1795
1906
2220
2548
2693
2519
2094
1668
1471
1586
1936
2369
2680
2717
2433
1945
1551
1466
1726
2175
2575
2722
2514
2063
1597
1405
1585
2069
2618
2960
2863
2409
1831
1493
1561
1952
2444
2773
2809
2505
1995
1560
1424
1675
2142
2552
2696
2534
2140
1709
1433
1458
1796
2308
2714
2776
2466
1954
1891
1556
1448
1513
1696
1993
2348
2662
2740
2487
2108
1820
1724
1739
1695
1633
1646
1715
1989
2702
3498
3638
2881
1893
1271
1014
1075
1557
2180
2527
2604
2761
3006
3032
2808
2392
1722
1159
1143
1440
1670
1892
2253
2586
2669
2579
2320
1837
1141
580
615
1463
2592
3308
3507
3334
2833
2232
1872
1713
1485
1384
1740
2375
2729
2678
2557
2349
1857
1317
1332
1829
2022
1776
1871
2512
2969
2901
2795
2667
2098
1248
909
1245
1787
2244
2571
2633
2346
1964
1839
2027
2271
2270
2196
2314
2372
2110
1996
2280
2378
1968
1717
2062
2408
2243
2036
2209
2312
1956
1607
1630
1836
1881
1827
1891
2058
2193
2338
2365
2077
1697
1522
1462
1495
1775
2175
2304
2572
2272
1968
1736
1616
1685
1923
2207
2429
2522
2498
2337
2074
1754
1480
1342
1414
1684
2094
2532
2863
2978
2846
2512
2106
1712
1402
1244
1288
1529
1871
2208
2451
2538
2442
2210
1943
1792
1867
2144
2511
2755
2751
2474
1983
1442
1057
1003
1335
1920
2548
2974
3090
2844
2376
1864
1510
1435
1640
2001
2366
2587
2594
2400
2096
1868
1836
1999
2208
2317
2276
2112
1898
1721
1675
1844
2155
2453
2669
2710
2632
2437
2149
1845
1599
1493
1537
1673
1878
2024
2090
2063
2007
1974
1990
2016
2035
2025
1999
1969
1966
1948
1928
1906
1918
1975
2079
2186
2262
2290
2229
2061
1807
1570
1472
1610
1952
2397
2821
3086
3066
2746
2216
1693
1398
1424
1702
2093
2243
1675
1352
1481
1886
2162
2076
1682
1289
1103
1152
1460
2064
2873
3527
3817
3808
3553
2863
1683
507
95
777
2106
3354
4095
4095
3955
3185
2201
1304
762
721
1177
1927
2710
3390
3839
3802
3014
1632
321
2
252
978
1698
2487
3363
3993
4095
3741
3239
2824
2463
2146
1956
1978
2128
2330
2554
2664
2606
2499
2461
2461
2311
1913
1436
1029
668
420
516
1099
1932
2655
3234
3830
4095
4095
3605
2450
1270
397
3
2
68
693
1512
2291
2902
3238
3160
2618
1826
1099
746
860
1276
1824
2540
3432
4095
4095
4095
3612
2574
1566
746
289
385
1109
2235
3302
3999
4095
3822
2785
1327
2
1
2
2
281
1643
2989
3846
3949
3196
4095
4095
2397
454
3
3
1
2
1
0
4
2
594
2078
3608
4095
4095
4095
4095
4095
4095
4095
4014
2450
906
2
2
1
1
852
2046
3085
3731
3936
3721
3192
2502
1769
1093
495
40
1
1
1
0
0
1
303
1119
2265
3648
4095
4095
4095
4095
4095
4095
4095
4095
3272
2286
1550
1039
678
420
146
1
1
2
1
34
595
1367
2190
2937
3530
3941
4095
4046
3729
3224
2578
1932
1414
1152
1197
1544
2044
2573
2981
3245
3409
3474
3542
3654
3817
3964
4059
3965
3554
2836
1914
935
22
4
2
3
3
3
266
984
1640
2107
2202
1937
1397
798
301
140
322
836
1498
2185
2826
3357
3744
4078
4095
3
2
1
1
2
2
1
62
1409
2915
4095
4095
4095
4095
4095
4095
4095
4095
4095
4095
4095
3483
2071
710
1
1
2
2
3
2
3
2
2
256
1474
2736
3891
4095
4095
4095
4095
4095
4095
4095
4095
4095
3276
2117
970
1
2
1
1
1
0
0
1
3
1
1
889
2074
3256
4095
4095
4095
4095
4095
4095
4095
4095
4095
4095
4095
4095
3402
2057
758
2
1
1
3
1
0
2
1
1
2
185
1183
2189
3111
3914
4095
4095
4095
4095
4095
4095
4095
4095
3410
2529
1609
686
3
2
1
3
4
2
3
3
3
2
241
1337
2542
3760
4095
4095
4095
4095
4095
4095
4095
4095
4095
4095
4095
4095
4066
3104
2094
1124
202
2
3
3
3
3
3
3
3
2
2
1
1
1
1
2
2
1
3
3
4
1
2
0
1
3
1
3
2
1
3
1
3
2
9
807
1730
2614
3466
4095
4095
4095
4095
4095
4095
4095
4095
4095
4095
4095
4095
4095
4095
4095
4095
4095
4095
4095
4095
4095
4095
4095
4095
4095
4095
4095
4095
4095
4095
4095
4095
4095
4095
4095
3452
2633
1840
1071
360
2
3
2
2
4
1
1
3
1
3
1
0
1
4
2
4
1
0
1
1
1
3
2
1
0
1
2
4
1
3
3
3
5
3
1
425
1225
2015
2773
3501
4095
4095
