2098
2117
2094
2087
2100
2108
2095
2104
2112
2125
2093
2112
2091
2079
2094
2113
2113
2091
2100
2095
2089
2110
2101
2087
2099
2102
2104
2095
2082
2087
2095
2094
2096
2085
2091
2081
2094
2085
2073
2085
2086
2114
2117
2089
2108
2101
2089
2107
2099
2113
2106
2094
2090
2075
2086
2100
2096
2096
2086
2094
2089
2122
2114
2098
2104
2101
2084
2100
2098
2087
2102
2091
2079
2065
2081
2088
2107
2097
2092
2083
2080
2088
2091
2093
2102
2093
2080
2094
2082
2088
2094
2087
2094
2082
2068
2057
2072
2088
2097
2091
2083
2083
2086
2104
2104
2106
2089
2095
2084
2098
2102
2098
2080
2086
2099
2096
2076
2084
2084
2091
2082
2079
2088
2081
2098
2103
2105
2104
2096
2108
2104
2102
2077
2085
2085
2087
2096
2098
2097
2102
2100
2104
2097
2090
2084
2080
2106
2078
2102
2096
2079
2066
2086
2075
2098
2100
2077
2073
2089
2093
2093
2104
2077
2079
2094
2089
2075
2096
2092
2088
2091
2087
2097
2100
2089
2118
2114
2086
2087
2105
2084
2092
2084
2095
2120
2102
2097
2095
2102
2118
2107
2100
2093
2093
2099
2115
2089
2086
2107
2106
2105
2102
2099
2106
2099
2116
2088
2084
2092
2094
2083
2109
2118
2119
2104
2114
2101
2096
2104
2110
2105
2086
2094
2080
2084
2087
2100
2076
2101
2090
2085
2097
2083
2083
2084
2108
2105
2107
2088
2100
2083
2089
2092
2077
2073
2078
2087
2089
2092
2084
2065
2080
2071
2044
2069
2077
2100
2102
2092
2113
2095
2086
2104
2091
2078
2097
2108
2106
2092
2085
2090
2084
2103
2091
2089
2098
2110
2106
2112
2095
2080
2103
2093
2108
2085
2085
2073
2075
2075
2092
2073
2086
2075
2078
2053
2077
2079
2085
2073
2061
2058
2057
2067
2029
2025
2008
2014
2004
2014
2010
2011
2014
1996
1987
1991
1998
1987
1984
1982
2001
1991
1992
2008
2002
1985
2007
2020
2018
2028
2042
2031
2040
2047
2064
2079
2088
2088
2129
2127
2128
2118
2150
2119
2123
2125
2149
2155
2156
2166
2145
2155
2161
2139
2140
2137
2138
2128
2110
2095
2090
2080
2073
2063
2071
2075
2040
2038
2036
2033
2052
2035
2040
2040
2020
2038
2075
2068
2085
2097
2087
2076
2074
2090
2096
2126
2091
2065
2052
2048
2050
2062
2081
2071
2078
2089
2071
2060
2021
2010
1985
1927
1940
1929
1947
2000
2031
2084
2136
2177
2233
2257
2278
2280
2258
2251
2222
2180
2161
2150
2133
2139
2124
2103
2098
2073
2033
1984
1953
1945
1896
1848
1865
1864
1875
1908
1928
1972
1985
2042
2082
2066
2031
2037
2024
2021
2011
2016
2054
2096
2120
2199
2256
2279
2320
2337
2357
2356
2304
2255
2229
2192
2136
2128
2121
2090
2040
2021
2009
1979
1964
1974
1977
1969
1993
2001
2036
2041
2042
2061
2086
2077
2088
2088
2066
2054
2065
2070
2077
2095
2085
2093
2118
2117
2138
2134
2149
2151
2180
2212
2243
2245
2274
2284
2255
2248
2202
2156
2096
2063
2024
2011
1991
2125
2093
2102
2090
2085
2097
2082
2104
2118
2127
2154
2193
2207
2219
2226
2237
2228
2226
2217
2216
2180
2157
2119
2061
2012
1961
1917
1875
1840
1820
1797
1813
1796
1837
1850
1890
1916
1967
2046
2096
2184
2252
2300
2347
2352
2377
2377
2384
2377
2342
2299
2244
2187
2102
2044
2007
1941
1880
1816
1801
1810
1784
1788
1809
1868
1916
1977
2044
2102
2172
2233
2269
2312
2330
2368
2373
2342
2296
2269
2221
2159
2070
2001
1925
1883
1839
1810
1781
1765
1771
1811
1853
1901
1985
2028
2114
2188
2240
2293
2326
2369
2368
2391
2380
2357
2312
2289
2249
2195
2149
2107
2047
2017
1973
1963
1947
1940
1932
1977
1987
2014
2024
2064
2079
2103
2115
2130
2157
2215
2200
2190
2136
2060
1957
1879
1800
1705
1689
1736
1791
1878
1989
2056
2100
2108
2073
2037
1971
1940
1964
2002
2072
2158
2224
2280
2339
2362
2352
2340
2261
2163
2055
1970
1899
1886
1928
2038
2159
2304
2434
2498
2518
2502
2444
2333
2232
2122
2051
1962
1912
1894
1884
1888
1951
2016
2084
2170
2247
2292
2316
2303
2296
2265
2189
2144
2120
2059
2052
2005
1988
1988
2016
2012
1993
1960
1972
2032
2086
2178
2302
2401
2517
2538
2524
2440
2346
2197
2090
1997
1920
1845
1810
1756
1754
1787
1879
1957
2050
2091
2093
2036
1968
1906
1873
1862
1853
1867
1851
1870
1967
2065
2232
2348
2457
2485
2473
2453
2396
2305
2212
2106
1974
1855
1720
1622
1579
1656
1635
1648
1732
1830
1933
2055
2159
2276
2374
2480
2551
2626
2674
2688
2656
2547
2389
2186
1979
1757
1601
1475
1453
1473
1538
1633
1774
1892
2033
2164
2275
2328
2383
2422
2425
2415
2350
2289
2224
2142
2022
1912
1777
1720
1659
1689
1747
1835
1984
2137
2266
2390
2432
2480
2479
2426
2362
2281
2171
2083
2000
1911
1859
1812
1805
1810
1795
1787
1821
1888
1993
2126
2282
2416
2573
2685
2767
2779
2707
2604
2468
2277
2099
1906
1759
1614
1523
1480
1476
1528
1596
1703
1842
1946
2091
2228
2342
2434
2522
2592
2601
2613
2561
2479
2360
2197
2045
1875
1738
1593
1495
1451
1430
1473
1553
1683
1857
2006
2191
2355
2507
2593
2673
2714
2682
2633
2532
1934
1945
1965
1957
2005
2047
2102
2217
2278
2367
2424
2456
2426
2365
2244
2095
1934
1793
1713
1669
1712
1803
1924
2057
2193
2337
2405
2455
2437
2371
2280
2164
2071
1972
1897
1844
1796
1784
1784
1790
1795
1805
1832
1861
1855
1892
1966
2072
2199
2351
2464
2578
2669
2683
2617
2527
2373
2176
1976
1776
1591
1443
1385
1367
1394
1503
1625
1802
1986
2186
2311
2428
2477
2503
2509
2516
2518
2511
2534
2537
2543
2500
2441
2334
2171
1981
1767
1561
1434
1317
1282
1349
1519
1732
2004
2296
2606
2849
2998
3126
3147
3061
2896
2690
2405
2161
1913
1749
1643
1589
1587
1618
1653
1727
1807
1844
1887
1903
1896
1884
1983
2055
2153
2260
2355
2421
2445
2415
2097
2171
2229
2242
2273
2308
2368
2440
2451
2398
2296
2182
2054
1933
1825
1746
1661
1578
1482
1425
1424
1470
1580
1726
1961
2187
2414
2587
2705
2761
2760
2747
2751
2714
2630
2508
2371
2174
1989
1790
1610
1472
1404
1435
1521
1681
1853
1956
2031
2065
2041
1974
1926
1938
1991
2063
2117
2147
2124
2014
1895
1841
1811
1877
1964
2053
2142
2261
2411
2555
2664
2693
2666
2583
2440
2322
2201
2077
1970
1877
1822
1819
1848
1915
1936
1921
1897
1903
1951
2029
2144
2246
2321
2339
2297
2209
2111
2040
1996
1955
1898
1840
1776
1730
1722
1783
1886
2033
2209
2335
2465
2544
2588
2596
2566
2539
2433
2291
2195
2073
1936
1823
1702
1596
1545
1560
1620
1705
2900
2625
2333
2060
1829
1697
1650
1666
1762
1942
2166
2344
2522
2621
2628
2521
2293
1989
1633
1318
1059
903
866
971
1176
1486
1829
2217
2548
2836
3031
3134
3151
3093
2997
2864
2748
2642
2532
2393
2248
2118
1947
1773
1598
1397
1192
1005
879
814
827
961
1179
1474
1838
2207
2515
2784
2988
3077
3061
3002
2856
2662
2462
2212
2022
1879
1746
1708
1690
1699
1747
1793
1828
1864
1876
1871
1884
1901
1944
2017
2133
2244
2367
2486
2537
2528
2499
2440
2389
2266
2147
2041
1974
1909
1872
1902
1976
2094
2227
2359
2459
2529
2579
2564
2525
2445
2340
2232
2064
1908
1730
1556
1405
1281
1252
1249
1344
1528
1786
2080
2379
2663
2892
3055
3132
3134
1316
1298
1269
1223
1177
1150
1211
1412
1689
2051
2405
2703
2912
3016
3034
2989
2915
2814
2699
2564
2375
2113
1840
1567
1352
1169
1045
1052
1066
1182
1370
1651
1998
2312
2616
2841
2993
3126
3230
3331
3349
3273
3111
2841
2568
2311
2098
1885
1648
1434
1236
1118
1095
1106
1155
1190
1228
1311
1432
1604
1795
2003
2213
2381
2555
2647
2719
2756
2730
2674
2585
2493
2409
2391
2392
2395
2383
2343
2264
2152
2031
1877
1802
1812
1807
1810
1803
1772
1824
1892
1999
2132
2206
2168
2068
1934
1868
1815
1795
1869
1909
1973
2058
2120
2196
2288
2354
2421
2473
2534
2574
2545
2470
2343
2183
2038
1898
1852
1765
1653
1538
1438
1376
1383
1494
1670
1861
2100
2258
2606
2876
3058
3122
3069
2867
2557
2145
1671
1199
821
543
481
591
907
1404
1990
2594
3167
3612
3882
3933
3787
3454
2946
2333
1654
1059
601
293
199
339
710
1241
1893
2548
3133
3584
3881
3887
3695
3268
2680
2073
1484
1007
699
575
684
959
1403
1886
2411
2894
3269
3495
3540
3351
2978
2498
1942
1405
976
697
616
728
1004
1382
1820
2247
2630
2930
3135
3187
3082
2897
2569
2173
1790
1408
1158
1063
1079
1251
1542
1878
2249
2607
2892
3089
3216
3268
3204
3047
2828
2538
2213
1941
1689
1515
1448
1469
1557
1691
1830
1958
2080
2175
2220
2252
2236
2183
2112
2014
1894
1810
1707
1677
1684
1783
1917
2110
2292
2452
2554
2614
2600
7
152
605
1209
1798
2406
2940
3379
3665
3828
3742
3516
3226
2928
2605
2379
2163
1996
1897
1874
1926
1969
2019
1998
1873
1672
1437
1206
969
784
690
723
923
1356
1960
2639
3265
3740
4006
4046
3895
3692
3470
3200
2966
2652
2286
1900
1596
1470
1566
1744
1925
1970
1857
1547
1207
873
731
711
799
917
1070
1242
1486
1913
2522
3143
3723
4095
4095
4095
4011
3594
3032
2376
1696
1019
520
185
71
127
321
580
884
1234
1559
1883
2204
2463
2650
2784
2812
2792
2753
2731
2729
2824
2948
3061
3124
3059
2864
2619
2330
1963
1577
1195
875
611
455
442
558
850
1311
1897
2526
3078
3529
3869
4012
4086
4027
3842
3519
3058
2536
1924
2203
1970
1755
1560
1405
1333
1345
1398
1536
1706
1923
2141
2360
2547
2667
2748
2750
2700
2597
2420
2203
1989
1799
1583
1418
1291
1215
1188
1197
1269
1391
1551
1739
1977
2233
2519
2819
3072
3280
3403
3436
3412
3260
3029
2715
2355
2000
1632
1266
983
704
502
405
376
501
702
1011
1439
1865
2342
2807
3210
3523
3721
3821
3779
3626
3369
3030
2610
2177
1743
1297
871
491
231
77
27
209
488
920
1478
2048
2654
3226
3678
3997
4095
4095
4058
3785
3398
2944
2358
1756
1207
709
299
33
1
69
392
861
1398
2016
2675
3299
3816
4095
4095
4095
4095
3931
3430
2804
2067
1305
586
2
0
1
1
2
104
761
1571
2423
3292
8
1
1
0
2
0
1
214
538
859
1165
1481
1810
2095
2428
2744
3106
3457
3815
4095
4095
4095
4095
4095
4095
4095
4095
4095
4095
3708
3208
2681
2172
1670
1173
735
333
18
1
0
0
1
0
3
2
250
629
1042
1551
2052
2536
3033
3504
3926
4095
4095
4095
4095
4095
4095
4095
3802
3264
2717
2133
1567
1009
520
144
0
1
0
2
1
1
2
28
286
615
1015
1396
1832
2299
2780
3238
3715
4095
4095
4095
4095
4095
4095
4095
4095
4095
4095
4095
4095
4095
3837
3421
2989
2525
2040
1570
1121
691
332
21
0
1
1
2
0
0
0
1
1
56
293
536
791
1053
1301
1601
1895
2173
2450
