2080
2106
2107
2090
2052
2079
2095
2091
2054
2093
2099
2100
2086
2085
2039
2052
2060
2055
2073
2057
2109
2066
2101
2110
2089
2087
2080
2088
2074
2077
2090
2087
2095
2054
2058
2066
2088
2109
2108
2089
2063
2041
2066
2079
2085
2085
2091
2120
2118
2078
2095
2088
2109
2124
2110
2095
2100
2088
2104
2120
2106
2117
2074
2139
2110
2118
2137
2106
2131
2110
2100
2107
2113
2109
2098
2103
2098
2094
2070
2093
2080
2073
2078
2089
2094
2078
2104
2080
2086
2100
2080
2073
2046
2122
2099
2123
2085
2072
2070
2102
2089
2092
2077
2089
2108
2113
2086
2107
2154
2138
2112
2115
2125
2093
2126
2081
2100
2099
2105
2124
2115
2159
2145
2084
2129
2116
2140
2104
2113
2099
2106
2115
2107
2091
2062
2085
2105
2079
2095
2097
2112
2096
2101
2094
2093
2117
2102
2079
2093
2117
2132
2114
2124
2113
2126
2123
2095
2107
2060
2096
2109
2106
2104
2090
2089
2080
2065
2081
2073
2093
2069
2070
2087
2072
2087
2073
2080
2083
2091
2080
2087
2088
2105
2077
2102
2096
2111
2100
2082
2085
2094
2066
2104
2077
2074
2100
2085
2070
2096
2060
2050
2088
2102
2086
2089
2067
2066
2114
2086
2071
2085
2099
2095
2107
2088
2090
2074
2089
2082
2083
2113
2112
2104
2082
2091
2106
2107
2087
2090
2076
2068
2087
2100
2096
2102
2078
2058
2122
2097
2095
2078
2060
2069
2094
2066
2061
2064
2082
2062
2072
2069
2068
2072
2072
2060
2069
2118
2141
2176
2182
2200
2209
2224
2258
2246
2231
2239
2222
2218
2185
2177
2178
2159
2131
2124
2084
2050
2014
1987
1987
1957
1957
1938
1965
1956
1976
1969
1963
2003
1992
2009
2038
2057
2084
2140
2111
2148
2185
2179
2183
2168
2178
2188
2189
2197
2189
2152
2168
2184
2140
2132
2140
2121
2101
2064
2077
2097
2080
2072
2048
2052
2061
2060
2047
2057
2058
2080
2076
2086
2072
2110
2107
2103
2095
2093
2102
2072
2077
2109
2093
2134
2121
2092
2104
2110
2109
2129
2112
2116
2120
2094
2089
2076
2093
2055
2044
2055
2048
2051
2056
2054
2021
2037
2041
2031
2056
2038
2036
2057
2106
2125
2145
2110
2146
2167
2212
2152
2192
2199
2148
2156
2170
2136
2134
2207
2146
2190
2191
2228
2253
2188
2144
2093
2065
2049
2074
2067
2060
2073
2069
2075
2080
2062
2030
2040
2112
2180
2232
2238
2254
2231
2191
2196
2157
2141
2157
2158
2184
2184
2168
2131
2099
2071
2140
2164
2188
2174
2189
2155
2164
2134
2150
2137
2122
2095
2090
2090
2128
2117
2114
2029
1959
1878
1866
1830
1868
1930
1977
2018
2070
2148
2206
2185
2186
2158
2193
2204
2190
2261
2281
2220
2212
2184
2206
2177
2162
2130
2151
2174
2172
2125
2059
2011
2002
1962
1984
1985
1983
2024
2033
2057
2074
2092
2111
2113
2135
2207
2198
2123
2088
2078
2087
2081
2088
2072
2081
2050
2081
2017
1940
1910
1933
1955
1938
1954
2007
1997
2082
2097
2132
2165
2139
2507
2353
2201
1992
1806
1700
1688
1740
1918
2096
2202
2271
2311
2274
2159
2059
1942
1872
1891
1937
2048
2160
2195
2193
2190
2170
2116
2076
2041
2013
2052
2111
2148
2134
2111
2066
2060
2024
1999
2049
2108
2180
2223
2257
2221
2143
2072
1942
1835
1781
1783
1878
1994
2135
2293
2335
2405
2355
2253
2093
1968
1929
1846
1868
1972
2090
2198
2298
2356
2329
2229
2135
2005
1839
1816
1788
1879
2008
2125
2270
2294
2311
2270
2183
2080
1977
1939
1912
1960
2087
2223
2272
2270
2247
2189
2145
2052
2016
2001
2046
2103
2118
2089
2017
1938
1878
1808
1811
1840
2003
2186
2302
2400
2428
2409
2310
2162
2004
1916
1876
1868
1894
1953
2050
2097
2153
2197
2176
2078
2024
2052
2070
2103
2179
2276
2242
2194
2120
2004
1975
1895
1896
1984
2055
2153
2248
2239
2259
2229
2148
2065
2040
2011
2014
2042
2037
2097
2185
2175
2170
2176
2121
2080
2051
2039
2011
1952
1962
2026
2033
2113
2151
2236
2192
2156
2144
2123
2066
1972
1998
2040
2049
2067
2076
2163
2276
2341
2341
2353
2323
2287
2135
1991
1863
1783
1724
1811
1950
2083
2167
2244
2339
2360
2291
2232
2146
2120
2109
2064
2086
2000
1970
1919
1888
1873
1954
2107
2059
2027
1956
1997
2132
2302
2329
2304
2288
2281
2192
2056
2021
1911
1752
1672
1686
1806
1931
2020
2106
2194
2253
2266
2306
2328
2256
2185
2126
2048
1949
1912
1853
1856
1976
2003
2054
2075
2157
2294
2212
2086
2068
2018
1958
1860
1907
1977
2145
2303
2382
2358
2264
2118
2013
1877
1931
2039
2176
2310
2304
2234
2096
1993
1941
1919
1938
1986
2009
2079
2107
2188
2206
2250
2254
2232
2060
1956
1945
1952
1995
2079
2151
2165
2157
2139
2152
2194
2222
2168
2113
2115
2146
2180
2329
2408
2406
2261
2086
1971
1921
1927
2059
2142
2141
2078
1982
1881
1865
1959
2094
2183
2284
2392
2342
2256
2146
2026
1910
1777
1675
1657
1689
1777
1936
2136
2302
2340
2304
2255
2159
2060
2040
2028
2015
1999
2024
2135
2149
2137
2097
2088
2069
2058
2041
2084
2027
2017
1989
1934
1988
2059
2116
2193
2240
2259
2193
2148
2103
2035
2035
2149
2261
2305
2268
2136
2077
1898
1942
1998
2120
2235
2189
2115
2093
2095
2123
2098
1988
1897
1829
1970
2059
2216
2376
2450
2217
2052
2134
2318
2285
1923
1633
1632
1850
2085
2114
2016
2117
2303
2337
2179
2043
2042
2072
1963
1811
1718
1688
1816
1980
2193
2360
2390
2346
2269
2209
2057
2018
2072
2145
2131
2120
2147
2173
2172
2191
2205
2208
2132
2060
2031
2113
2176
2239
2261
2217
2163
1977
1826
1778
1814
1959
2105
2178
2185
2131
2063
2031
2063
2106
2204
2377
2536
2596
2472
2292
2120
1980
1882
1872
1935
2015
2147
2289
2350
2298
2105
1960
1818
1727
1706
1833
2040
2234
2352
2371
2357
2408
2287
2040
1906
1829
1775
1736
1852
2126
2472
2588
2530
2385
2247
2120
1984
1857
2295
2274
2290
2351
2288
2045
1985
2104
2247
2299
2181
2060
2074
2139
2252
2273
2276
2216
2096
1953
1836
1815
1910
2037
2040
1970
1938
1938
1968
1977
1996
2008
1985
2056
2226
2547
2752
2543
2029
1559
1364
1597
2001
2241
2386
2504
2621
2698
2526
2351
2288
2206
2063
1811
1616
1548
1665
1790
2007
2170
2243
2376
2506
2469
2371
2115
1911
1867
2017
2258
2370
2135
1799
1535
1463
1565
1626
1705
1813
2063
2349
2494
2424
2287
2298
2353
2397
2225
2096
1911
1830
1772
1786
1928
2116
2295
2322
2295
2101
1817
1529
1526
1858
2394
2773
2872
2628
2180
1826
1735
1787
1936
1914
1849
1845
1950
2130
2376
2553
2670
2621
2445
2132
1840
1521
1404
1482
1878
1744
1607
1623
1816
2069
2272
2448
2444
2324
2150
1955
1827
1785
1811
1886
2008
2204
2407
2469
2417
2296
2105
1840
1649
1575
1641
1872
2239
2622
2867
2870
2629
2196
1700
1320
1155
1274
1586
2032
2464
2723
2748
2578
2273
2002
1807
1781
1950
2224
2517
2626
2543
2256
1875
1574
1436
1512
1808
2159
2442
2611
2613
2420
2065
1730
1534
1553
1794
2188
2532
2812
2883
2698
2316
1880
1437
1262
1337
1680
2151
2584
2898
2938
2741
2346
1913
1603
1496
1553
1711
2013
2267
2472
2524
2380
2151
1912
1772
1772
1843
1980
2032
2043
1974
1811
1713
1688
1867
2127
2540
2825
2943
2786
2463
2014
1516
1153
1097
1347
1813
2418
2917
3130
3140
2856
2414
1911
1567
1566
1698
1880
2068
2304
2293
1948
1570
1573
1897
1933
1602
1297
1371
1761
2321
2997
3604
3685
3087
2246
1709
1431
1195
1209
1613
2093
2236
2118
2172
2307
2250
1970
1898
2048
2240
2496
2913
3138
2909
2252
1693
1501
1511
1509
1538
1652
1741
1720
1720
1951
2281
2558
2631
2534
2352
2072
1707
1520
1760
2221
2452
2351
2242
2214
2235
2335
2612
2854
2588
1886
1252
984
1059
1345
1791
2225
2532
2703
2765
2783
2657
2240
1702
1235
968
996
1324
1790
2240
2513
2605
2481
2338
2413
2706
2848
2520
1984
1742
1866
2176
2547
2867
2817
2249
1441
1038
1186
1565
1845
2034
2247
2530
2887
3179
3337
3268
2875
2164
1327
761
679
1012
1614
2238
2677
2811
2385
2359
2223
1949
1718
1563
1631
1918
2349
2674
2806
2671
2231
1654
1205
1007
1160
1603
2165
2695
3010
2931
2542
1977
1463
1207
1294
1744
2338
2884
3148
3048
2599
1972
1414
1100
1129
1486
2025
2526
2810
2830
2561
2125
1660
1332
1223
1369
1735
2179
2544
2684
2571
2295
2027
1766
1597
1608
1840
2259
2658
2861
2773
2416
1965
1532
1308
1376
1760
2405
3106
3515
3473
2985
2234
1447
1045
1131
1576
2207
2772
3070
2886
2277
1500
856
610
895
1610
2534
3399
3852
3739
3091
2053
999
269
50
466
1374
2459
3318
3696
3481
2749
1789
876
341
385
1062
2113
3127
3783
3856
3382
2557
1634
905
526
615
1150
1951
2770
3364
3668
3656
3277
2670
1742
3049
4019
4095
4095
4095
4095
3601
2523
1241
75
0
0
0
1
214
1166
2383
3576
4095
4095
4095
4095
4095
3233
1900
365
0
1
0
1
1
1053
2459
3694
4095
4095
4095
4095
4095
3891
2789
1698
821
310
228
493
970
1421
1676
1642
1486
1403
1444
1579
1716
1799
1890
2157
2537
2999
3382
3534
3437
3097
2664
2184
1674
1181
728
408
340
567
1045
1586
2078
2544
2927
3195
3297
3212
2908
2456
2009
1690
1531
1470
1467
1577
1813
2096
2393
2652
2827
2825
2727
2504
2210
1878
1622
1498
1481
1520
1647
1824
2074
2391
2740
3058
3226
3174
2939
2568
2065
1502
956
564
409
562
983
1592
2290
2930
3475
3832
3896
3691
3224
17
431
1231
2252
3414
4095
4095
4095
4095
4095
4095
4095
2857
884
1
0
0
0
0
0
1
640
2412
3989
4095
4095
4095
4095
4095
4095
4095
3477
2257
1029
1
1
1
1
2
0
0
914
2165
3389
4095
4095
4095
4095
4095
4095
3698
2319
896
1
0
0
0
0
0
37
1262
2644
3842
4095
4095
4095
4095
4095
4095
4095
3317
2231
1178
273
1
0
1
0
0
2
367
1296
2319
3329
4095
4095
4095
4095
4095
4049
3257
2381
1469
673
102
0
0
60
453
996
1536
2144
2702
3237
3695
4094
4095
4095
4095
4095
3792
3172
2318
1411
526
1
2
0
1
2
480
1134
1740
2278
2687
3035
3336
3611
4095
4095
4095
4095
4095
4095
3781
3128
2389
1715
1016
347
1
0
1
0
1
1
0
1
1
2
1
0
0
125
733
1347
1969
2529
3020
3392
3731
3970
4095
4095
4095
3951
3761
3524
3227
2881
2509
2160
1837
1561
1345
1162
1064
1014
1058
1138
1288
1506
1766
2117
2427
2745
3123
3478
3790
4057
4095
4095
4095
4095
4095
4095
4095
4095
4033
3661
3182
2684
2168
1619
1092
540
21
1
0
1
1
1
2
0
0
1
0
0
2
2
79
565
1159
1705
2269
2796
3263
3706
4095
4095
4095
4095
4095
4095
4095
4095
4095
4095
4095
4095
4095
4095
4095
4095
4095
3973
3515
3024
2506
1951
1392
848
237
2
1
1
