2066
2072
2079
2073
2071
2073
2070
2069
2077
2074
2068
2068
2076
2076
2077
2073
2077
2085
2081
2075
2082
2068
2074
2072
2072
2083
2080
2075
2074
2072
2073
2082
2078
2078
2076
2085
2080
2087
2084
2077
2080
2089
2088
2078
2079
2081
2081
2082
2079
2086
2087
2081
2084
2086
2087
2084
2088
2081
2082
2090
2084
2084
2084
2089
2084
2094
2088
2089
2084
2084
2089
2083
2086
2088
2077
2076
2084
2084
2078
2073
2088
2088
2090
2089
2075
2082
2087
2085
2085
2090
2089
2082
2086
2080
2086
2093
2091
2097
2087
2077
2089
2092
2097
2095
2088
2085
2094
2084
2094
2096
2098
2100
2102
2106
2103
2110
2103
2113
2108
2107
2109
2105
2104
2112
2112
2115
2111
2108
2087
2082
2088
2091
2085
2084
2087
2090
2095
2094
2089
2079
2088
2088
2086
2094
2096
2092
2092
2098
2102
2103
2105
2104
2104
2105
2105
2100
2106
2109
2103
2106
2106
2104
2105
2102
2104
2108
2114
2113
2116
2113
2102
2097
2109
2108
2103
2109
2115
2107
2111
2110
2110
2108
2111
2115
2117
2118
2113
2117
2110
2110
2116
2110
2104
2106
2111
2113
2107
2112
2108
2114
2108
2111
2113
2111
2109
2109
2104
2106
2107
2107
2109
2101
2106
2104
2100
2104
2104
2094
2099
2097
2095
2095
2104
2100
2093
2098
2096
2096
2098
2099
2100
2090
2092
2094
2089
2088
2090
2091
2096
2085
2081
2080
2085
2081
2082
2084
2080
2084
2074
2074
2075
2076
2079
2081
2073
2072
2134
2132
2140
2141
2133
2137
2134
2130
2128
2122
2130
2126
2130
2128
2127
2130
2113
2128
2134
2121
2122
2119
2126
2132
2133
2127
2125
2123
2123
2125
2122
2120
2124
2119
2120
2119
2124
2111
2117
2113
2109
2111
2102
2109
2108
2109
2107
2106
2091
2104
2096
2093
2085
2088
2087
2088
2095
2096
2077
2081
2075
2077
2083
2070
2067
2064
2074
2087
2077
2061
2064
2065
2063
2064
2038
2050
2038
2042
2031
2048
2035
2040
2042
2039
2043
2040
2045
2043
2055
2049
2039
2040
2036
2042
2036
2029
2027
2038
2040
2039
2039
2040
2030
2027
2031
2034
2033
2029
2030
2034
2032
2016
2026
2038
2031
2030
2020
2027
2025
2039
2028
2027
2040
2030
2032
2034
2024
2034
1766
1792
1836
1864
1921
1989
2034
2085
2136
2186
2225
2250
2268
2262
2269
2257
2234
2188
2156
2090
2042
1988
1934
1892
1853
1835
1825
1829
1848
1878
1920
1967
2026
2086
2145
2186
2240
2276
2297
2294
2293
2278
2245
2212
2189
2150
2112
2090
2074
2065
2065
2088
2107
2136
2168
2201
2238
2265
2291
2320
2339
2364
2372
2382
2398
2396
2405
2402
2402
2401
2393
2375
2355
2326
2302
2269
2240
2201
2166
2139
2111
2078
2058
2039
2018
2002
1994
1990
1977
1963
1962
1958
1943
1937
1914
1904
1896
1873
1850
1837
1814
1804
1788
1786
1783
1785
1797
1816
1839
1866
1892
1925
1957
1992
2017
2037
2056
2072
2084
2097
2113
2141
2173
2206
2253
2288
2331
2365
1872
1922
1976
2037
2105
2163
2228
2275
2318
2349
2363
2364
2355
2338
2309
2270
2226
2196
2156
2128
2099
2067
2065
2059
2050
2043
2039
2035
2032
2027
2018
2012
2007
2007
2016
2016
2024
2045
2059
2074
2081
2098
2096
2092
2085
2071
2046
2024
2004
1981
1966
1965
1963
1964
1974
1988
2008
2035
2066
2090
2117
2138
2167
2189
2217
2236
2265
2289
2306
2320
2331
2338
2345
2331
2318
2294
2260
2220
2165
2113
2071
2010
1965
1935
1908
1886
1880
1881
1874
1888
1903
1916
1934
1954
1973
1994
2016
2042
2069
2087
2109
2124
2131
2136
2123
2112
2096
2072
2051
2025
2011
1998
1996
1999
2015
2034
2076
2116
2157
2207
2250
2284
2318
2346
2358
2365
2363
2337
2152
2092
2018
1942
1881
1822
1771
1768
1775
1808
1876
1949
2024
2103
2186
2267
2358
2444
2531
2603
2672
2709
2718
2700
2643
2549
2440
2323
2199
2080
1960
1835
1722
1607
1497
1395
1317
1266
1256
1289
1373
1505
1680
1894
2131
2369
2600
2792
2930
3008
3028
2987
2918
2821
2712
2609
2496
2396
2290
2197
2098
1994
1888
1798
1716
1658
1628
1636
1672
1748
1842
1927
2016
2082
2124
2146
2148
2140
2122
2102
2069
2051
2030
2016
1991
1969
1943
1890
1852
1806
1788
1762
1752
1784
1848
1941
2068
2206
2332
2438
2495
2510
2480
2408
2320
2207
2095
1978
1868
1768
1692
1619
1589
1601
1656
1739
1858
2007
2178
2358
2513
2644
2735
2762
2729
2648
2530
2382
1820
1978
2186
2362
2444
2402
2307
2212
2199
2309
2475
2648
2752
2744
2672
2546
2436
2334
2223
2078
1873
1650
1467
1359
1346
1396
1479
1577
1684
1797
1916
2048
2175
2296
2399
2489
2568
2627
2640
2578
2432
2233
2038
1889
1824
1841
1883
1878
1814
1695
1594
1564
1614
1736
1874
1986
2081
2181
2315
2457
2586
2620
2549
2384
2193
2054
2013
2050
2122
2156
2109
1998
1890
1855
1924
2076
2256
2403
2464
2440
2371
2267
2170
2076
1999
1938
1902
1896
1908
1912
1860
1731
1560
1382
1273
1292
1442
1692
1974
2223
2396
2516
2608
2700
2797
2875
2909
2874
2790
2653
2537
2414
2280
2126
1928
1713
1511
1352
1284
1295
1368
1462
1563
1651
1740
1845
1958
2073
2428
2386
2317
2248
2175
2114
2070
2063
2087
2127
2177
2216
2242
2250
2239
2206
2166
2122
2069
2030
1988
1970
1955
1949
1955
1976
2005
2028
2064
2106
2148
2190
2237
2260
2261
2238
2202
2150
2084
2024
1979
1952
1943
1956
1988
2031
2080
2129
2180
2220
2259
2277
2267
2255
2215
2148
2065
1980
1885
1791
1729
1692
1685
1708
1760
1828
1912
2014
2127
2252
2380
2509
2629
2732
2785
2780
2715
2583
2393
2150
1890
1632
1400
1240
1143
1153
1241
1404
1610
1847
2085
2308
2494
2632
2713
2728
2680
2582
2430
2256
2078
1927
1809
1739
1732
1762
1840
1943
2057
2159
2234
2272
2276
2229
2155
2061
1958
1866
1802
1756
1743
1771
1822
1894
1988
2079
2170
2248
2441
2462
2472
2486
2500
2524
2555
2557
2520
2450
2401
2399
2436
2474
2479
2370
2203
2038
1940
1913
1898
1837
1726
1577
1462
1419
1460
1557
1650
1714
1770
1839
1918
2028
2131
2200
2229
2241
2250
2299
2366
2469
2524
2524
2448
2360
2332
2369
2443
2491
2477
2411
2344
2326
2311
2284
2162
1964
1754
1587
1467
1392
1304
1220
1186
1241
1379
1554
1686
1757
1782
1794
1835
1930
2066
2234
2417
2588
2712
2779
2780
2750
2702
2638
2565
2475
2366
2260
2159
2081
1990
1865
1727
1630
1659
1836
2089
2337
2503
2568
2590
2642
2743
2844
2889
2862
2786
2677
2573
2456
2289
2064
1761
1445
1148
917
766
728
762
859
1021
1231
1507
1845
2224
2621
2948
3157
2029
1997
1973
1967
1971
1978
2002
2024
2041
2060
2080
2101
2136
2170
2208
2250
2284
2289
2263
2223
2160
2083
2016
1946
1909
1890
1886
1906
1961
2033
2137
2249
2390
2522
2645
2726
2765
2738
2654
2517
2349
2164
1986
1832
1695
1593
1520
1468
1465
1486
1549
1660
1799
1949
2107
2244
2360
2439
2475
2486
2474
2447
2411
2361
2307
2238
2140
2044
1939
1838
1754
1690
1652
1641
1652
1702
1773
1874
1988
2127
2277
2420
2541
2619
2629
2590
2472
2299
2109
1904
1717
1566
1478
1449
1499
1617
1793
2016
2263
2516
2731
2901
2980
2955
2822
2602
2317
2006
1706
1446
1264
1168
1177
1284
1470
1719
1989
2279
2553
2779
2946
3033
3011
2870
2638
2332
1985
1640
2295
2186
2090
2014
1990
2000
2078
2196
2333
2468
2578
2634
2640
2592
2495
2385
2273
2182
2134
2128
2161
2221
2295
2339
2348
2318
2245
2156
2082
2008
1940
1834
1694
1531
1356
1200
1104
1080
1149
1275
1414
1593
1796
2039
2340
2644
2917
3071
3072
2921
2669
2380
2112
1922
1813
1765
1750
1735
1700
1663
1659
1714
1844
2001
2129
2168
2100
1956
1802
1719
1740
1862
2064
2270
2434
2525
2552
2527
2486
2406
2280
2067
1771
1430
1112
889
797
828
969
1209
1539
1951
2424
2909
3292
3533
3588
3490
3329
3181
3093
2989
2852
2618
2302
1968
1709
1591
1643
1815
2016
2170
2216
2138
1980
1795
1608
1451
1299
1164
1041
957
930
967
1086
1318
1647
2037
3335
3026
2638
2232
1797
1378
991
678
444
321
317
450
720
1108
1586
2120
2653
3152
3558
3841
3986
3984
3835
3555
3160
2685
2172
1651
1173
759
461
304
306
462
757
1174
1664
2189
2721
3187
3568
3837
3954
3936
3758
3442
3015
2496
1926
1348
816
368
46
0
2
113
464
947
1493
2070
2616
3091
3452
3689
3785
3748
3592
3325
2992
2607
2211
1814
1448
1144
935
829
842
979
1232
1570
1968
2373
2735
3012
3182
3191
3060
2790
2420
1973
1511
1058
660
372
207
190
322
597
1013
1513
2100
2685
3268
3785
4095
4095
4095
4095
4095
4016
3545
2996
2411
1834
1318
876
544
344
284
349
535
821
1178
1574
1981
2379
2725
3017
2406
2705
2975
3201
3363
3440
3425
3305
3087
2786
2399
1945
1443
903
395
1
2
3
3
469
1194
2033
2884
3644
4095
4095
4095
4095
4095
3577
2880
2178
1547
1053
767
697
810
1068
1328
1545
1659
1658
1584
1498
1465
1515
1655
1857
2076
2300
2562
2863
3228
3654
4072
4095
4095
4095
4095
3590
2896
2145
1432
814
344
53
1
18
203
502
893
1349
1808
2232
2556
2791
2955
3120
3320
3541
3735
3862
3889
3804
3620
3330
2972
2539
2063
1525
957
381
1
3
1
3
2
227
775
1312
1860
2377
2905
3411
3863
4095
4095
4095
4095
3928
3622
3349
3086
2756
2276
1625
803
2
1
1
3
1
2
3
118
1006
2008
3062
2331
1794
1260
727
244
2
1
1
3
1
2
104
517
943
1320
1658
1955
2192
2403
2560
2672
2723
2727
2709
2681
2643
2639
2682
2792
2927
3130
3366
3581
3760
3863
3859
3745
3517
3165
2720
2244
1737
1277
867
555
359
273
304
441
648
910
1199
1477
1730
1917
2024
2054
1989
1846
1686
1516
1328
1160
1043
984
971
1031
1140
1287
1452
1694
1941
2240
2595
2990
3418
3846
4095
4095
4095
4095
4095
4095
4095
4095
3887
3419
2921
2444
1966
1473
993
496
11
1
3
3
3
4
2
0
122
917
1807
2684
3492
4095
4095
4095
4095
4095
4095
4095
3620
2988
2336
1710
1136
688
352
217
252
456
839
1352
1928
2524
3044
787
1158
1715
2411
3159
3876
4095
4095
4095
4095
4095
3868
3055
2160
1251
390
4
4
1
5
4
4
2
60
1013
2143
3266
4095
4095
4095
4095
4095
4095
4095
4011
3192
2316
1460
639
2
4
2
1
0
3
4
102
980
1976
2969
3894
4095
4095
4095
4095
4095
4095
4095
4095
3724
2923
2131
1403
782
285
2
2
3
3
1
2
332
910
1606
2329
3026
3564
3937
4065
4016
3818
3533
3231
2920
2599
2285
1937
1547
1153
780
468
290
294
490
880
1433
2002
2574
3024
3371
3575
3658
3649
3576
3423
3244
2995
2660
2269
1788
1216
653
98
2
3
2
1
1
1
364
1142
1979
2850
3672
4095
4095
4095
4095
