2061
2053
2043
2065
2064
2059
2074
2051
2072
2032
2079
2070
2059
2038
2034
2044
2053
2041
2066
2067
2064
2068
2071
2058
2078
2077
2063
2062
2057
2067
2057
2050
2052
2054
2057
2052
2064
2078
2056
2068
2037
2064
2103
2070
2051
2057
2061
2086
2085
2084
2057
2047
2060
2073
2055
2079
2074
2066
2065
2071
2050
2072
2096
2079
2071
2071
2055
2065
2081
2062
2077
2096
2074
2083
2087
2081
2094
2074
2078
2045
2094
2096
2082
2076
2096
2088
2094
2091
2081
2079
2073
2087
2068
2103
2118
2092
2094
2102
2100
2098
2110
2117
2098
2112
2118
2118
2113
2116
2129
2124
2136
2132
2107
2113
2116
2104
2104
2120
2105
2113
2140
2117
2112
2147
2148
2123
2131
2142
2146
2105
2100
2110
2113
2104
2116
2117
2108
2104
2124
2082
2087
2101
2109
2089
2102
2111
2108
2101
2104
2108
2115
2116
2112
2115
2151
2109
2097
2101
2090
2112
2122
2094
2066
2089
2076
2073
2094
2090
2064
2097
2098
2096
2109
2096
2082
2113
2121
2108
2097
2107
2068
2077
2090
2095
2089
2084
2103
2125
2096
2103
2093
2110
2120
2109
2070
2090
2106
2089
2101
2107
2115
2111
2092
2096
2079
2087
2072
2091
2058
2084
2103
2093
2084
2100
2115
2092
2105
2083
2109
2121
2118
2096
2093
2115
2112
2113
2106
2100
2118
2115
2107
2097
2115
2098
2067
2121
2095
2095
2117
2119
2105
2080
2094
2102
2107
2083
2075
2090
2090
2080
2088
2120
2088
2104
2130
2114
2233
2235
2240
2264
2284
2300
2284
2251
2249
2276
2290
2289
2304
2316
2295
2280
2278
2292
2269
2285
2293
2284
2281
2255
2256
2260
2261
2248
2240
2205
2211
2219
2253
2239
2213
2184
2193
2182
2157
2168
2172
2186
2153
2107
2133
2124
2138
2088
2112
2110
2073
2078
2052
2065
2042
2028
2038
2015
1994
1983
1996
1992
1970
1964
1948
1922
1933
1944
1922
1890
1909
1888
1840
1864
1851
1887
1878
1873
1853
1857
1855
1862
1877
1900
1901
1907
1905
1930
1915
1945
1954
1964
1975
2003
2013
2032
2060
2074
2091
2112
2129
2132
2160
2213
2196
2203
2218
2237
2261
2249
2298
2308
2320
2342
2350
2366
2346
2360
2345
2337
2345
2344
2364
2351
2331
2322
2305
2292
1916
1929
1974
1992
2023
2055
2051
2030
2009
2016
1968
1960
1962
1943
1946
1967
2004
2002
2046
2088
2144
2201
2219
2201
2211
2208
2186
2190
2178
2164
2138
2154
2143
2178
2183
2184
2195
2205
2241
2265
2266
2221
2182
2140
2114
2050
1992
1926
1876
1875
1878
1907
1942
2006
2063
2104
2100
2134
2145
2160
2124
2067
2012
1988
1992
2021
1996
1972
1986
2030
2034
2074
2100
2136
2151
2198
2217
2235
2258
2273
2278
2310
2370
2393
2369
2367
2332
2299
2264
2259
2212
2199
2154
2099
2093
2075
2068
2067
2034
2028
2008
1959
1937
1902
1902
1884
1843
1886
1913
1954
1969
1989
1979
2006
2019
2023
2009
2042
2035
2042
2128
2161
2196
2276
2326
2370
2376
2315
2269
2258
2231
2185
2150
2120
2124
2153
2219
2195
2224
2210
2202
2136
2085
1978
1895
1821
1807
1780
1784
1786
1812
1860
1901
1943
1959
2016
2078
2152
2240
2345
2422
2526
2571
2635
2627
2613
2576
2501
2436
2370
2314
2240
2173
2044
1943
1767
1635
1529
1449
1417
1427
1470
1601
1726
1850
2031
2150
2253
2363
2432
2488
2480
2483
2501
2438
2410
2399
2328
2204
2127
2004
1906
1830
1726
1658
1642
1693
1705
1770
1848
1961
2017
2107
2157
2214
2269
2301
2300
2319
2320
2252
2192
2105
1987
1865
1751
1676
1607
1613
1638
1740
1838
1948
2130
2294
2395
2503
2567
2578
2522
2478
2390
2354
2279
2208
2162
2085
2046
2046
2052
2037
2021
1978
1952
1900
1873
1850
1813
1784
1788
1790
1833
1901
1988
2074
2137
2242
2295
2356
2371
2383
2350
2304
2220
2120
2017
1941
1865
1829
1791
1814
1836
1941
2058
2155
2273
2341
2404
2428
2422
2404
2381
2308
2197
2096
1953
1845
1741
1672
1626
1616
1637
1711
1780
1864
1922
2005
2112
2194
2297
2376
2417
2496
2536
2522
2496
2448
2371
2262
2107
1995
1880
1771
1669
1656
1650
1685
1783
1901
2065
2205
2370
2496
2546
2582
2542
2491
2370
2239
2128
2017
1916
1853
1796
1799
1835
1899
1941
1972
2029
2038
2050
2063
2063
2069
2030
2020
2015
2002
2014
2004
2031
2072
2087
2180
2226
2280
2311
2327
2350
2324
2307
2262
2235
2173
2147
2088
2044
2019
1987
1974
1939
1928
1952
2094
1934
1822
1742
1662
1585
1555
1542
1619
1768
1884
1931
1927
1954
2090
2262
2456
2607
2640
2631
2606
2682
2743
2753
2652
2444
2238
2035
1920
1852
1826
1768
1688
1531
1442
1463
1596
1742
1867
1894
1887
1909
2015
2207
2335
2410
2389
2351
2336
2340
2383
2375
2301
2178
2022
1876
1762
1712
1712
1707
1742
1766
1829
1903
1962
2055
2086
2128
2181
2196
2259
2296
2296
2303
2338
2357
2381
2401
2359
2298
2203
2119
2014
1854
1730
1665
1644
1718
1805
1841
1846
1835
1854
1911
1986
2086
2197
2260
2327
2375
2397
2421
2435
2472
2467
2438
2370
2293
2244
2203
2139
2083
2010
1944
1972
1993
2035
2041
2001
1993
1987
2040
2049
2030
2052
2092
2084
2070
2509
2408
2265
2082
1941
1803
1693
1673
1688
1763
1863
1997
2155
2289
2373
2421
2365
2281
2156
2015
1866
1810
1731
1748
1823
1972
2085
2218
2305
2344
2338
2283
2187
2057
1858
1733
1584
1480
1507
1617
1815
2075
2360
2624
2799
2937
2941
2837
2633
2383
2089
1807
1540
1345
1283
1331
1491
1772
2134
2490
2776
2964
3021
2963
2766
2491
2181
1864
1572
1369
1275
1262
1406
1690
1980
2306
2557
2739
2805
2723
2595
2355
2031
1762
1542
1385
1318
1359
1554
1845
2224
2600
2859
3047
3124
3035
2842
2537
2178
1793
1490
1273
1143
1174
1294
1526
1823
2106
2351
2570
2664
2649
2550
2344
2122
1893
1671
1507
1427
1448
1563
1747
1957
2226
2482
2643
2722
2750
2417
2130
1847
1604
1410
1257
1115
1018
963
1034
1173
1360
1639
1833
2008
2150
2266
2332
2418
2440
2417
2408
2435
2501
2573
2640
2617
2549
2491
2480
2467
2423
2348
2198
2019
1908
1877
1983
2182
2307
2375
2352
2244
2182
2120
2084
2004
1879
1741
1641
1666
1779
1966
2113
2210
2264
2278
2315
2353
2397
2440
2401
2340
2271
2248
2200
2100
1906
1654
1432
1284
1217
1292
1422
1592
1884
2247
2610
2873
3059
3031
2938
2770
2628
2501
2344
2140
1953
1807
1745
1760
1822
1835
1816
1762
1764
1812
1925
2089
2204
2274
2316
2390
2408
2375
2348
2200
2015
1817
1717
1646
1722
1848
1960
2072
2125
2176
2198
2267
2275
2280
2231
2200
2211
2332
2484
2578
2610
2654
2360
2078
1768
1476
1255
1125
1086
1154
1417
1765
2137
2584
2940
3186
3309
3274
3048
2725
2308
1867
1490
1205
1047
1002
1112
1389
1730
2112
2470
2806
3018
3174
3160
2996
2687
2349
1934
1551
1189
988
933
1072
1336
1713
2101
2478
2835
3028
3192
3240
3192
3068
2861
2552
2247
1886
1519
1217
1017
973
1065
1278
1618
1985
2333
2554
2691
2762
2688
2567
2410
2280
2139
2020
1985
1920
1969
1947
1949
1959
1933
1930
1926
1903
1894
1852
1878
1930
1993
2039
2118
2205
2206
2195
2106
1994
1895
1797
1744
1738
1823
1916
2082
2249
2409
2560
2642
2751
2814
2827
2795
2664
2525
2308
2069
1836
1604
1420
1326
1312
1344
1468
1696
1940
2180
2412
2624
479
430
555
895
1315
1808
2335
2847
3281
3585
3745
3737
3551
3211
2747
2207
1624
1121
713
472
376
430
668
1068
1554
2109
2712
3194
3552
3739
3729
3527
3126
2592
2013
1431
945
554
323
290
411
722
1162
1691
2308
2862
3285
3602
3703
3643
3376
2935
2423
1937
1471
1120
923
858
979
1213
1538
1937
2448
2886
3254
3470
3519
3426
3179
2785
2318
1826
1364
1003
733
636
663
825
1057
1346
1653
2008
2326
2624
2883
3046
3081
3029
2899
2713
2542
2384
2296
2266
2253
2190
2096
1996
1834
1630
1429
1321
1290
1291
1412
1607
1826
2037
2241
2344
2384
2330
2184
1968
1732
1506
1381
1372
1489
1769
2113
2505
2935
3298
3557
3666
3630
3465
3090
2819
2527
2263
2002
1764
1474
1229
1066
1022
1065
1261
1496
1720
1998
2248
2424
2526
2587
2636
2725
2857
2978
3024
2917
2658
2290
2040
1911
1851
1823
1795
1636
1414
1285
1343
1536
1758
1988
2078
2065
2065
2164
2402
2715
2958
3100
3095
3037
2953
2820
2662
2440
2103
1748
1413
1184
1011
935
971
1108
1328
1647
1956
2243
2464
2588
2679
2800
3001
3248
3383
3403
3241
2918
2572
2196
1874
1547
1212
873
633
500
538
738
1126
1553
1984
2391
2677
2872
2983
3059
3075
3118
3149
3062
2887
2578
2142
1739
1417
1150
993
822
717
672
674
888
1218
1742
2274
2846
3289
3635
3854
3949
3870
3572
3184
2681
2175
1808
1574
1409
1253
984
650
3193
2839
2411
1923
1417
1021
702
500
519
744
1108
1565
2125
2707
3225
3647
3921
3978
3811
3491
3003
2396
1759
1180
721
413
302
419
735
1199
1704
2229
2714
3068
3294
3393
3316
3106
2787
2363
1952
1549
1199
988
912
1018
1261
1642
2068
2537
2950
3248
3402
3432
3233
2924
2539
2089
1642
1234
990
870
888
1065
1275
1562
1862
2168
2404
2575
2709
2764
2740
2607
2429
2167
1858
1555
1327
1232
1258
1466
1734
2053
2360
2574
2635
2602
2440
2218
2006
1847
1729
1713
1787
1913
2069
2259
2481
2715
2986
3185
3322
3342
3195
2894
2409
1850
1251
736
362
226
333
664
1161
1736
2344
2929
3385
3749
3933
3970
3799
3438
2924
2239
1479
687
4095
4095
4095
4095
4095
4095
4095
4095
3908
2825
1666
614
1
2
0
1
1
39
680
1356
1978
2535
2983
3317
3491
3463
3255
2855
2276
1591
907
305
1
0
30
484
1208
2141
3128
4086
4095
4095
4095
4095
4095
4095
4095
4095
3389
2404
1429
542
1
0
1
1
0
1
47
777
1647
2501
3176
3650
3872
3816
3572
3189
2742
2213
1707
1241
823
504
304
274
383
733
1291
2023
2814
3601
4095
4095
4095
4095
4095
4095
4095
4095
4095
3803
3199
2520
1788
1071
379
3
1
1
2
2
1
2
1
1
3
205
693
1254
1907
2607
3319
4014
4095
4095
4095
4095
4095
4095
4095
4095
4095
3985
3320
2641
1954
1321
6
1
1
1
1
2
0
2
1
2
785
2140
3379
4095
4095
4095
4095
4095
4095
4095
4095
4095
4095
3223
2124
1069
124
0
0
1
1
1
3
1
25
715
1596
2448
3299
4063
4095
4095
4095
4095
4095
4095
4095
3934
3046
2079
1108
224
0
1
1
1
0
0
0
33
699
1487
2282
3064
3742
4095
4095
4095
4095
4095
4095
4095
4095
3628
2815
1945
1141
436
1
0
1
0
1
0
132
621
1119
1631
2173
2675
3141
3583
3944
4095
4095
4095
4095
3842
3426
2898
2375
1829
1339
924
582
356
229
206
285
393
564
786
1061
1392
1801
2299
2846
3388
3868
4095
4095
4095
4085
3698
3213
2673
2099
1595
