2094
2106
2105
2097
2102
2102
2116
2106
2094
2080
2092
2085
2102
2103
2099
2096
2095
2094
2094
2113
2099
2099
2099
2113
2102
2108
2095
2112
2098
2106
2118
2109
2095
2093
2128
2104
2096
2081
2096
2094
2093
2112
2090
2079
2081
2104
2101
2098
2112
2101
2109
2111
2101
2092
2115
2094
2078
2076
2099
2102
2089
2100
2098
2088
2104
2082
2082
2087
2090
2097
2091
2103
2098
2109
2104
2088
2116
2089
2080
2116
2111
2112
2117
2095
2102
2107
2098
2088
2111
2099
2109
2080
2106
2106
2110
2107
2093
2104
2084
2092
2102
2092
2099
2102
2095
2087
2083
2099
2095
2093
2110
2100
2100
2090
2110
2108
2113
2120
2102
2105
2101
2103
2102
2102
2116
2111
2096
2090
2084
2098
2104
2092
2090
2106
2108
2088
2089
2089
2094
2098
2090
2096
2093
2082
2091
2089
2090
2082
2096
2097
2094
2097
2095
2095
2089
2092
2096
2094
2088
2090
2095
2093
2086
2091
2096
2099
2093
2096
2089
2097
2093
2096
2095
2095
2102
2094
2092
2093
2092
2085
2088
2096
2093
2088
2091
2085
2086
2090
2082
2090
2089
2095
2092
2089
2098
2095
2096
2097
2096
2093
2098
2093
2092
2090
2100
2097
2100
2098
2100
2097
2096
2088
2093
2094
2096
2094
2093
2096
2091
2097
2105
2095
2100
2097
2097
2097
2096
2101
2103
2095
2096
2095
2096
2086
2099
2094
2095
2098
2097
2091
2099
2097
2099
2098
2093
2096
2094
2103
2099
2097
2098
2093
2090
2092
2094
2094
2147
2148
2159
2161
2146
2136
2134
2128
2118
2133
2119
2121
2100
2107
2107
2099
2096
2093
2082
2078
2082
2077
2062
2063
2062
2074
2096
2068
2071
2083
2055
2044
2077
2073
2090
2071
2086
2088
2085
2104
2097
2093
2109
2115
2122
2104
2110
2119
2116
2094
2104
2093
2082
2066
2068
2080
2061
2042
2044
2041
2033
2019
1999
1990
1985
1989
1984
1980
1985
1985
1998
2010
2016
2008
2027
2035
2057
2067
2089
2124
2106
2112
2124
2124
2144
2165
2204
2181
2196
2179
2167
2162
2187
2158
2168
2149
2156
2116
2100
2093
2085
2068
2047
2035
2028
2012
2005
1983
1973
1977
1969
1971
1960
1959
1983
1984
1982
2020
2018
2014
2040
2052
2075
2101
2118
2129
2152
2174
2200
2246
2252
2258
2277
2203
2168
2085
2006
1956
1896
1871
1881
1948
1994
2065
2133
2203
2302
2312
2336
2324
2256
2180
2080
1969
1890
1868
1841
1871
1937
2054
2164
2296
2392
2453
2453
2434
2325
2179
2024
1873
1795
1715
1690
1786
1865
2010
2134
2333
2381
2447
2415
2312
2228
2072
1946
1831
1788
1770
1819
1919
1993
2148
2269
2317
2341
2309
2264
2283
2195
2120
2017
1938
1893
1924
1941
1992
1957
2031
2061
2059
2088
2120
2122
2152
2184
2217
2252
2274
2220
2172
2103
2050
1978
1946
1950
1968
1955
2021
2078
2151
2219
2304
2264
2279
2204
2160
2072
1976
1879
1808
1751
1745
1803
1917
2010
2101
2231
2336
2404
2399
2384
2316
2204
2120
1949
1872
2251
2305
2229
2100
2017
2000
1914
1868
1991
2042
2131
2212
2271
2198
2238
2271
2169
2141
2062
1989
1946
1962
1949
1893
1964
2045
2097
2087
2166
2194
2178
2112
2141
2167
2126
2076
2081
2020
2010
1997
2044
2105
2151
2228
2289
2222
2132
2073
2066
2009
1942
2033
2114
2176
2217
2236
2268
2232
2154
2133
2089
2136
2141
2225
2386
2417
2249
2163
2110
2077
1977
2037
2088
2133
2184
2161
2143
2104
2100
2081
2095
2110
2136
2140
2204
2218
2288
2248
2145
2054
2071
2047
2097
2079
2126
2176
2181
2152
2012
1927
2030
2026
2019
2147
2228
2196
2181
2224
2210
2101
2078
2106
2178
2136
2113
2099
2160
2112
2046
1964
1932
1834
1864
2006
2134
2191
2191
2250
1999
2193
2326
2254
2188
2156
2180
2147
2055
2065
2090
2148
2134
2109
2058
2033
2108
2237
2230
2142
2142
2278
2214
2090
2105
2032
1883
1928
2067
2130
2204
2272
2269
2120
1983
2140
2248
2109
2168
2175
2165
1993
2017
2024
2037
2109
2301
2274
2232
2250
2272
2141
2070
1952
1928
1967
2128
2298
2162
2015
1940
1829
1805
1878
1944
2083
2212
2409
2414
2254
2230
2153
2016
1826
1908
1975
2065
2190
2158
2134
2158
2201
2115
2025
2012
2066
2067
2167
2256
2242
2365
2344
2195
2050
2060
1938
1882
1965
2087
2060
2182
2313
2192
2100
2096
2044
1970
2024
2084
2095
2185
2138
2179
2096
2000
1937
2031
2146
2034
2055
2288
2378
2287
2186
2202
2159
2119
2163
2018
2030
2118
2111
2132
2246
2328
2336
2219
2037
1958
2003
2100
2184
2223
2256
2360
2347
2161
1939
1828
1974
2213
2327
2212
1920
1807
1863
2078
2298
2322
2215
2037
1898
1827
1986
2210
2306
2254
2118
2024
1974
1984
2022
2071
2114
2204
2209
2044
1887
1861
1946
2155
2344
2378
2234
1912
1712
1789
1920
2104
2183
2224
2214
2086
1927
1832
1990
2246
2452
2440
2249
2111
2047
1944
1852
1971
2177
2271
2197
1995
1993
2068
2052
2087
2148
2292
2273
2037
1877
1822
1826
1805
1815
2048
2278
2400
2317
2158
1988
1900
1922
1907
1854
1804
1862
2080
2269
2282
2107
2059
2159
2111
1885
1759
1904
2182
2286
2225
2112
2118
2128
2100
2087
2242
2410
2285
1870
2253
2382
2433
2334
2089
1872
1769
1832
1974
2113
2232
2266
2235
2241
2246
2219
2149
2021
2016
2024
2133
2223
2266
2202
2135
2025
1973
1960
2088
2220
2271
2229
2070
1919
1928
2101
2280
2419
2294
1963
1663
1571
1817
2226
2441
2421
2122
1808
1712
1880
2174
2305
2182
1942
1793
1831
2083
2316
2359
2123
1890
1829
2005
2248
2423
2381
2205
2078
2049
2115
2225
2314
2318
2186
2061
2040
2095
2217
2213
2075
1896
1873
2089
2390
2600
2494
2192
1868
1758
1802
1956
2106
2205
2192
2080
2051
2116
2278
2343
2288
2079
1936
1889
2008
2176
2299
2282
2180
2076
2064
2171
2331
2298
2081
1864
1780
1901
2125
2351
2430
2326
2098
1880
1808
1983
2147
2183
2118
2334
2344
2267
2057
1952
1986
2192
2212
2066
1822
1788
1732
1818
2161
2387
2313
2154
2129
2000
1854
2190
2625
2564
2063
1624
1591
1940
2199
2402
2490
2164
1643
1359
1661
2230
2528
2366
2017
1851
1889
2028
2076
2142
2262
2396
2374
1999
1748
1811
2230
2402
2296
2235
2329
2275
2072
1993
1953
2012
1899
1854
1994
2120
2243
2239
2208
2084
1970
1949
2143
2423
2568
2358
2001
1677
1607
1823
2168
2376
2401
2190
1816
1537
1554
1930
2237
2254
2173
1997
1959
2072
2307
2462
2347
2022
1689
1566
1861
2302
2546
2426
2047
1762
1721
1868
2124
2325
2303
2022
1754
1656
1884
2183
2440
2485
2202
1869
1746
1861
2158
2442
2359
2086
1820
1778
1970
2176
2256
2178
2087
1946
1781
1613
1837
2236
2281
2223
2092
1712
1528
1677
1940
2236
2464
2410
2092
1842
1779
1770
1921
2055
1993
2062
2106
1944
1975
2036
1975
2003
1991
2058
2316
2443
2439
2285
2023
1923
2044
2298
2377
2256
2122
1929
1931
2237
2217
1937
1928
2010
1928
1900
2260
2522
2268
1955
1838
1849
2112
2510
2700
2527
2115
1723
1487
1649
2206
2473
2332
2042
1682
1461
1717
2273
2494
2345
2057
1723
1658
2068
2484
2641
2480
2031
1750
1815
2216
2618
2437
1859
1412
1369
1808
2511
2834
2439
1766
1432
1571
2133
2811
3018
2574
1977
1628
1796
2256
2543
2533
2087
1514
1539
2092
2622
2798
2440
1761
1300
1344
1912
2667
3021
2686
1934
1481
1741
2280
2595
2773
2501
2191
2048
1816
1396
1307
1632
1978
2479
2502
1855
1416
1950
2440
2417
2384
2347
2055
1981
2113
1825
1616
2158
2859
2903
2530
2015
1600
1598
1799
1789
1705
2047
2512
2726
2549
2118
2004
2351
2607
2356
1847
1772
2036
2450
2663
2117
1293
1196
1726
2283
2552
2546
2348
2090
1995
1986
1895
1756
1794
2129
2323
2215
2093
2022
1992
1997
1949
2061
2385
2615
2492
2067
1629
1574
1890
2082
1940
1723
1570
1797
2769
3618
3290
2154
1120
745
1384
2502
3056
2950
2475
1805
1561
1738
1789
2020
2609
2803
2513
2173
1648
1223
1728
2751
3064
2623
2115
1656
1510
2172
2945
2925
2578
2337
2088
2002
2067
1702
1350
1669
2162
2448
2631
2565
2138
1543
1908
2315
2586
2679
2532
2115
1697
1587
1810
2046
2011
1747
1638
1870
2292
2712
2961
2921
2518
1682
696
257
744
1830
2784
2992
2437
1673
1346
1561
2066
2676
3080
2918
2078
1010
471
872
1913
2869
3250
3109
2700
2124
1548
1261
1430
1962
2565
3066
3396
3526
3248
2433
1440
688
351
570
1333
2360
3213
3593
3378
2654
1849
1372
1219
1286
1758
2543
3152
3104
2316
1162
200
43
927
2583
4095
4095
4095
3062
1065
2
0
168
1467
2688
3305
3310
3113
2918
2584
2128
1733
1512
1548
1990
2894
3658
3426
2148
729
136
553
1554
2641
3505
3742
3045
1882
1111
1139
1352
1174
1067
1672
2705
3184
3096
3008
2765
1949
980
854
1708
2502
2
325
1880
3723
4095
4095
2936
816
2
1
354
2622
4095
4095
4095
2344
2
2
2
736
3716
4095
4095
4095
2176
2
1
1
19
2932
4095
4095
4095
3028
2
1
1
0
1978
4095
4095
4095
4095
1679
1
1
0
57
2523
4095
4095
4095
4095
1422
1
2
1
0
2717
4095
4095
4095
4095
940
1
1
1
797
4095
4095
4095
4095
3119
2
1
2
2
1300
4095
4095
4095
4095
2681
2
0
1
24
3258
4095
4095
4095
3395
288
3
1
4
1592
4095
4095
4095
3714
2128
698
69
472
1398
2019
2047
1938
2109
2635
3235
3619
3708
3413
2533
1089
3
3
5
1312
3190
4095
4095
4095
3125
660
2
3
2
1
3
1
1
1502
3604
4095
4095
4095
4095
3998
2693
1242
1
1
4
2
14
1243
2768
4040
4095
4095
4095
4095
3937
2982
1877
765
1
2
1
1
536
1418
1994
2115
1864
1542
1475
1844
2613
3566
4095
4095
4095
4095
4095
3298
2279
1179
11
2
4
2
1
2
1
786
2686
4095
4095
4095
4095
4095
4095
4095
2881
1
4
2
3
1
2
12
2179
4095
4095
4095
4095
4095
4095
3826
1363
1
2
3
1
1
1
1393
3884
4095
4095
4095
4095
4095
3528
989
2
1
3
1
276
2329
4095
4095
4095
4095
4095
2185
3
2
3
2
2
1
1
2850
4095
4095
4095
4095
4095
4095
4095
115
2
1
1
1
1
2
2
2
2
1
139
658
1240
1888
2559
3237
3959
4095
4095
4095
4095
4095
4095
4095
4095
4095
4095
4095
4095
4095
4095
4095
4095
4095
4095
4095
4095
4072
3030
1894
770
2
0
2
2
0
1
2
2
0
0
2
1
1
0
2
1
1
0
3
1
2
2
1
152
1714
3331
4095
4095
4095
4095
4095
4095
4095
4095
4095
4095
4095
4095
4095
4095
4095
4095
4095
4095
4095
4095
4095
4095
4095
3105
1858
645
0
2
2
1
3
2
2
1
2
3
1
2
1
0
1
3
1
1
1
1
1
1
802
2040
3259
4095
4095
4095
4095
4095
4095
4095
4095
4095
