2113
2087
2104
2101
2054
2072
2106
2093
2113
2093
2079
2070
2099
2072
2085
2026
2087
2052
2083
2101
2121
2074
2083
2104
2114
2091
2058
2053
2104
2095
2092
2100
2067
2094
2126
2103
2101
2071
2094
2079
2088
2104
2127
2119
2077
2071
2114
2088
2093
2095
2092
2101
2122
2128
2107
2105
2116
2108
2103
2096
2107
2068
2088
2103
2111
2059
2088
2178
2133
2096
2098
2094
2126
2100
2090
2103
2129
2087
2098
2081
2094
2132
2104
2091
2103
2097
2102
2102
2074
2108
2083
2083
2083
2109
2097
2113
2095
2106
2160
2101
2131
2091
2095
2101
2063
2137
2138
2106
2111
2122
2114
2102
2112
2082
2119
2089
2116
2109
2137
2122
2114
2145
2114
2115
2123
2110
2117
2078
2096
2085
2118
2096
2099
2119
2125
2121
2104
2095
2081
2097
2125
2104
2129
2094
2120
2098
2140
2145
2113
2061
2112
2140
2098
2102
2102
2108
2113
2096
2096
2090
2079
2096
2142
2074
2088
2079
2103
2092
2107
2087
2127
2114
2131
2146
2112
2119
2112
2100
2147
2133
2100
2154
2122
2151
2142
2131
2127
2126
2122
2114
2120
2132
2106
2137
2123
2154
2128
2078
2088
2100
2118
2112
2106
2118
2124
2128
2096
2104
2124
2106
2065
2137
2098
2078
2038
2056
2082
2096
2112
2070
2064
2084
2080
2064
2074
2061
2043
2072
2078
2075
2026
2053
2116
2063
2080
2077
2091
2084
2067
2074
2095
2089
2094
2054
2080
2015
2036
2036
2059
2072
2064
2068
2076
2061
2043
2034
1746
1773
1751
1743
1778
1838
1864
1862
1902
1924
2018
2004
2044
2073
2106
2169
2181
2242
2241
2257
2301
2351
2345
2384
2349
2416
2422
2365
2384
2392
2440
2402
2388
2413
2378
2342
2376
2328
2341
2326
2302
2280
2219
2206
2203
2142
2152
2086
2055
2028
2025
1952
1908
1930
1922
1909
1878
1862
1864
1862
1878
1899
1890
1917
1949
1961
2014
1987
2037
2027
2062
2068
2063
2081
2112
2089
2104
2106
2096
2108
2050
2034
2096
2104
2060
2060
2110
2074
2115
2115
2135
2155
2181
2209
2259
2242
2215
2232
2254
2278
2267
2284
2267
2233
2227
2173
2212
2203
2219
2177
2149
2117
2098
2115
2072
2066
2049
2024
2010
2020
1993
2032
2036
2012
2049
2064
2091
2107
2307
2260
2227
2187
2064
2000
1953
1928
1890
1926
1961
1986
2032
2099
2092
2098
2120
2131
2154
2191
2240
2280
2301
2313
2284
2230
2161
2109
2043
1918
1832
1807
1775
1821
1873
1962
2083
2176
2297
2406
2424
2426
2325
2286
2176
2085
2017
2000
1996
2047
2130
2203
2228
2239
2262
2234
2200
2206
2178
2197
2238
2293
2327
2379
2373
2359
2308
2235
2106
2038
1952
1919
1896
1940
1977
2008
2006
2036
2024
1980
2012
2006
2044
2061
2084
2117
2131
2141
2128
2123
2100
2091
2089
2090
2108
2077
2056
2010
1906
1823
1803
1774
1798
1874
1955
2048
2144
2228
2258
2283
2316
2301
2248
2216
2150
2064
2012
1962
1973
1994
2049
2089
2140
2176
2182
2168
2136
2147
2018
1974
1984
2099
2287
2409
2380
2281
2218
2196
2197
2139
2034
1948
1989
2048
1998
1942
1980
2106
2169
2064
1987
2058
2183
2296
2288
2106
1897
1729
1771
1933
2004
2043
2056
2093
2118
2152
2232
2226
2143
1979
1832
1764
1753
1836
1883
1960
2030
2127
2224
2302
2410
2449
2406
2245
2041
1914
1902
1908
1941
1966
1935
1887
1878
1965
2072
2161
2214
2232
2220
2213
2223
2304
2402
2446
2327
2105
1877
1773
1822
1957
2098
2170
2230
2290
2314
2341
2314
2208
2078
1926
1850
1814
1850
1953
2022
2132
2230
2355
2382
2347
2358
2263
2152
2048
1989
1945
1854
1798
1917
2056
2163
2267
2324
2370
2371
2242
2115
2006
1956
1932
1928
1968
2084
2149
2165
2153
2037
2093
2087
2070
2150
2334
2382
2324
2148
1988
1876
1785
1739
1788
2033
2290
2431
2422
2352
2327
2286
2223
2092
1961
1844
1839
1940
2106
2261
2421
2498
2514
2471
2453
2425
2364
2189
2002
1833
1729
1715
1822
2040
2259
2356
2368
2371
2323
2162
1990
1856
1804
1687
1570
1633
1872
2198
2464
2520
2400
2170
1940
1831
1932
2056
2043
2016
2061
2125
2176
2220
2246
2232
2184
2165
2171
2182
2147
2116
2233
2400
2447
2400
2398
2436
2301
2006
1795
1813
1891
1880
1859
2000
2168
2253
2306
2456
2450
2167
1816
1661
1796
1905
1879
1879
1926
1933
1966
2125
2392
2551
2518
2377
2186
1965
1758
1613
1611
1809
2052
2235
2372
2434
2388
2240
2121
2126
2132
1966
1772
1686
1698
1757
1857
2030
2240
2448
2563
2494
2297
2072
1941
1982
2135
2280
2332
2238
2079
1915
1788
1707
1647
1670
1795
2011
2267
2462
2514
2438
2261
2044
1860
1746
1723
1814
1999
2184
2310
2304
2228
2143
2108
2112
2126
2106
2054
2010
2032
2129
2235
2297
2248
2086
1894
1760
1750
1842
1985
2111
2195
2201
2138
2038
1950
1891
1905
1940
2002
2065
2098
2090
2047
2025
2029
2067
2101
2134
2143
2138
2135
2109
2064
2011
1969
1969
2036
2167
2348
2474
2495
2407
2225
2038
1930
1911
2018
2161
2250
2216
2115
1990
1900
1876
1953
2070
2203
2286
2310
2245
2136
2006
1880
1834
1826
1885
1956
2046
2105
2101
2062
2020
2031
2102
2176
2219
2194
1954
1902
2047
2218
2226
2131
2106
2207
2352
2481
2557
2492
2275
2004
1872
1853
1792
1696
1747
2029
2215
2076
1742
1511
1616
1966
2223
2328
2486
2693
2570
2142
1995
2262
2421
2183
1863
1754
1849
2086
2430
2659
2560
2257
2050
1948
1864
1769
1647
1612
1693
1860
2047
2224
2385
2456
2386
2201
1983
1830
1810
1854
1938
2050
2080
2012
1955
2134
2453
2489
2140
1778
1676
1784
1966
2144
2181
2056
2078
2251
2264
2063
1981
2090
2114
2058
2238
2502
2481
2212
2041
2038
2014
2016
2045
1940
1719
1717
1992
2262
2452
2731
2920
2661
2138
1782
1684
1667
1763
1992
2060
1947
2065
2380
2446
2214
2109
2028
1761
1625
1816
2079
2071
1952
1938
1954
2009
2136
2015
2340
2566
2530
2207
1727
1339
1309
1688
2321
2917
3184
3034
2557
1956
1452
1213
1303
1633
2055
2414
2584
2540
2296
1979
1740
1663
1796
2101
2452
2708
2744
2536
2165
1769
1541
1576
1869
2264
2521
2498
2198
1793
1481
1414
1661
2105
2556
2778
2679
2327
1914
1614
1532
1658
1919
2164
2278
2226
2068
1929
1886
1947
2056
2176
2279
2352
2387
2356
2269
2173
2107
2135
2262
2455
2636
2698
2552
2200
1776
1491
1514
1861
2391
2841
3023
2827
2345
1805
1475
1478
1759
2121
2340
2316
2065
1726
1482
1446
1622
1933
2272
2473
2460
2271
2005
1803
1781
1951
2243
2505
2635
2556
2332
2050
1863
1856
2051
2326
2491
2434
2169
1815
1546
1514
1762
2223
2672
1461
1392
1629
2081
2526
2730
2633
2307
1911
1564
1344
1232
1271
1455
1636
1752
2051
2564
2950
3065
3058
2933
2508
2013
1811
1948
2093
2137
2196
2244
2232
2248
2346
2375
2335
2292
2255
2206
2188
2267
2348
2300
2062
1753
1646
1714
1713
1673
1827
2002
1846
1499
1414
1624
1719
1723
1868
2122
2154
2030
2151
2608
3038
3198
3203
3072
2692
2176
1792
1646
1679
1773
1800
1692
1608
1647
1859
2197
2602
2873
2821
2598
2375
2102
1721
1429
1445
1702
1999
2256
2452
2504
2400
2290
2223
1997
1617
1409
1490
1589
1596
1776
2181
2515
2582
2502
2506
2585
2632
2454
2139
1900
1776
1676
1768
2227
2797
3019
2885
2703
2407
1900
1406
1342
1602
1887
2091
2224
2513
3152
3355
3101
2490
1784
1202
958
1102
1582
2147
2592
2805
2765
2546
2288
2096
2070
2200
2375
2501
2501
2366
2211
2031
1895
1846
1890
2039
2260
2450
2532
2508
2375
2179
1989
1886
1930
2099
2279
2334
2230
2070
1824
1614
1532
1615
1872
2188
2474
2616
2592
2452
2218
1980
1778
1694
1745
1954
2226
2381
2364
2147
1796
1417
1189
1168
1393
1798
2316
2719
2882
2752
2489
2149
1948
1880
1925
2054
2151
2176
2138
2068
2012
2088
2306
2641
2878
2868
2540
1996
1375
944
792
949
1317
1787
2228
2568
2715
2663
2434
2133
1813
1617
1616
1771
1980
2084
2073
1989
1886
1845
1929
2036
2258
2456
2655
2736
2671
2496
2324
2179
2108
2131
2240
2407
2536
1609
1827
2229
2631
2731
2350
1732
1375
1428
1674
1979
2370
2777
2922
2760
2528
2284
1938
1608
1636
2015
2228
2002
1631
1551
1606
1483
1287
1360
1771
2214
2324
1972
1463
980
556
261
151
357
931
1878
3077
3982
4005
3114
2076
1452
1201
1103
1147
1434
2045
3038
4030
4095
4046
3391
2853
2413
1928
1633
1773
2214
2766
3374
3884
3895
3299
2326
1199
209
4
60
932
1917
2717
3338
3580
3289
2492
1536
589
1
1
422
1618
3145
4095
4095
4095
4026
2912
1640
639
136
268
976
2236
3556
4095
4095
3810
3157
2224
1066
74
1
1
242
1354
2574
3525
4095
4095
3772
2559
1188
375
346
816
1465
2095
2578
2874
2877
2526
1938
1379
4095
4095
4095
3287
2079
893
2
1
1
1
201
1066
1945
2700
3192
3450
3434
3210
2850
2397
1951
1552
1249
1091
1153
1469
1980
2553
3088
3495
3686
3702
3537
3181
2626
1939
1225
541
2
3
3
2
3
1
492
1469
2664
3903
4095
4095
4095
4095
4095
4095
3072
1784
613
1
1
2
1
2
578
1683
2954
4095
4095
4095
4095
4095
4095
3604
2140
623
1
2
1
1
1
2
1150
2603
3872
4095
4095
4095
4095
4095
4095
4074
2882
1584
532
2
1
1
306
1102
2048
3022
3845
4095
4095
4095
3696
3003
2225
1443
595
1
1
3
1
3
5
2
1052
2755
4095
4095
4095
4095
4095
4095
4095
3597
2614
1666
972
3
2
3
1
3
3
3
1
1
1
0
1039
3503
4095
4095
4095
4095
4095
4095
4095
4095
4095
4095
4095
2762
1213
2
3
4
2
2
4
2
1
3
341
1113
1916
2684
3364
3997
4095
4095
4095
4095
4095
4095
4095
3580
2802
1984
1192
504
2
2
2
2
3
314
679
962
1151
1221
1158
1010
808
595
406
273
232
294
474
773
1194
1743
2379
3119
3930
4095
4095
4095
4095
4095
4095
4095
4095
4095
4095
4095
4095
4095
2631
808
3
3
2
2
3
2
3
2
2
1
2
2
818
2788
4095
4095
4095
4095
4095
4095
4095
4095
4095
4095
4095
3123
1701
338
4
3
2
3
2
2
515
3
3
3
3
2
0
2
2
1
1
2
2
1
0
1
2
2
2
1
1
1
1
132
962
1813
2658
3464
4095
4095
4095
4095
4095
4095
4095
4095
4095
4095
4095
4095
4095
4095
4095
4095
4095
4095
4095
4095
4095
4095
4095
3938
3079
2176
1286
417
0
2
2
2
3
2
1
2
2
2
2
0
1
2
2
2
2
1
1
2
3
1
1
2
2
2
2
2
1
678
1787
2864
3900
4095
4095
4095
4095
4095
4095
4095
4095
4095
4095
4095
4095
4095
4095
4095
4095
4095
4095
4095
4095
4095
4095
4095
4095
4095
4095
4095
4095
4095
4095
4095
4095
4095
4095
4095
3297
2411
1516
677
