2087
2085
2089
2096
2104
2089
2100
2096
2096
2097
2100
2100
2092
2093
2096
2097
2099
2104
2102
2106
2097
2092
2100
2098
2101
2091
2108
2096
2094
2108
2106
2103
2097
2107
2115
2104
2106
2115
2111
2097
2108
2104
2104
2095
2100
2098
2100
2097
2090
2099
2099
2103
2109
2104
2113
2108
2104
2103
2114
2096
2095
2099
2103
2101
2106
2101
2101
2101
2100
2104
2105
2086
2102
2104
2117
2107
2108
2092
2100
2096
2100
2097
2102
2119
2098
2096
2117
2096
2108
2100
2106
2104
2103
2109
2100
2107
2097
2105
2114
2098
2107
2098
2108
2108
2106
2110
2104
2100
2097
2099
2097
2091
2098
2105
2115
2092
2091
2092
2094
2092
2105
2096
2080
2088
2094
2096
2094
2103
2094
2114
2126
2095
2102
2117
2105
2089
2098
2123
2103
2083
2078
2076
2072
2069
2054
2075
2075
2044
2048
2063
2048
2035
2024
2010
2015
2034
2047
2048
2038
2038
2058
2052
2049
2056
2056
2071
2076
2073
2080
2077
2103
2110
2099
2092
2100
2111
2122
2128
2128
2146
2146
2120
2131
2155
2149
2159
2161
2150
2143
2159
2153
2152
2160
2155
2164
2170
2138
2128
2143
2122
2119
2121
2121
2121
2112
2106
2090
2080
2098
2088
2098
2104
2101
2125
2117
2094
2110
2106
2113
2097
2099
2104
2111
2100
2130
2120
2126
2146
2139
2140
2145
2133
2158
2152
2150
2152
2132
2139
2156
2146
2147
2138
2128
2133
2126
2135
2138
2120
2131
2125
2129
2122
2095
2102
2117
2093
2008
2044
2108
2166
2168
2210
2232
2253
2249
2226
2199
2145
2119
2076
1995
1976
1926
1915
1904
1904
1954
1992
2024
2067
2149
2192
2275
2290
2308
2306
2287
2255
2250
2204
2133
2104
2038
2014
1992
1947
1955
1959
1932
1977
2000
2016
2062
2084
2103
2115
2116
2117
2119
2144
2143
2153
2191
2216
2247
2290
2303
2281
2286
2280
2258
2216
2154
2104
2039
1966
1955
1903
1830
1801
1832
1822
1840
1898
1923
1996
2040
2114
2168
2198
2248
2284
2333
2345
2345
2314
2296
2251
2241
2195
2152
2148
2096
2076
2018
1992
1977
1972
1938
1924
1946
1959
1975
1998
2022
2063
2100
2105
2142
2187
2194
2215
2246
2197
2161
2144
2110
2092
2071
2046
1992
1947
1952
1944
2264
2265
2203
2141
2083
2054
2040
2023
2032
2076
2125
2187
2224
2194
2149
2091
2016
1946
1912
1955
1989
2054
2121
2163
2230
2244
2238
2172
2096
2032
1970
1853
1804
1831
1907
2025
2162
2287
2368
2347
2294
2183
2036
1948
1888
1918
1955
2065
2119
2182
2177
2162
2080
2019
1986
1978
1990
2035
2094
2160
2180
2216
2247
2306
2356
2379
2341
2308
2186
2047
1963
1874
1841
1869
1947
2047
2147
2235
2303
2340
2321
2256
2185
2106
2062
1969
1932
1925
1929
1980
2043
2137
2204
2285
2352
2358
2329
2251
2142
2056
2009
2008
2066
2159
2226
2219
2202
2117
1969
1867
1843
1860
1936
2076
2188
2242
2232
2176
2087
2009
1982
1960
1962
1942
1970
2005
2069
2144
2106
2031
1996
1959
1988
2068
2190
2322
2380
2380
2310
2214
2094
2001
1963
2007
2069
2144
2196
2209
2183
2148
2049
1999
1966
2001
2053
2126
2210
2250
2263
2213
2112
2006
1962
1964
2021
2098
2158
2168
2127
2060
2012
2013
2093
2228
2347
2391
2306
2154
1951
1838
1839
1987
2199
2364
2420
2341
2153
1939
1804
1776
1872
2042
2207
2312
2320
2223
2080
1976
1930
1941
1992
2047
2089
2091
2053
2012
2020
2058
2131
2193
2223
2269
2262
2194
2109
1977
1858
1764
1760
1814
1912
2033
2131
2176
2118
2042
1976
1962
1999
2050
2065
2061
2059
2074
2099
2133
2168
2190
2172
2133
2106
2084
2089
2110
2100
2083
2045
1993
1936
1936
1964
2016
2107
2207
2268
2272
1898
2036
2272
2435
2422
2242
2007
1863
1917
2070
2157
2211
2256
2228
2099
2033
2128
2218
2246
2275
2265
2152
2025
1998
2021
2102
2188
2141
2019
1945
1966
2056
2120
2132
2136
2104
2042
2071
2152
2167
2172
2192
2128
1996
1956
2050
2149
2153
2121
2071
1995
1855
1779
1888
2064
2146
2160
2146
2102
2046
1998
2013
2134
2251
2245
2139
2009
1909
1909
2028
2163
2188
2134
2060
2007
2032
2104
2109
2033
1993
2023
2061
2108
2125
2094
2031
1971
1912
1889
1996
2244
2433
2392
2134
1866
1746
1845
2061
2270
2361
2335
2172
1945
1751
1766
1971
2196
2280
2192
2069
2026
2067
2177
2311
2401
2344
2169
1908
1686
1681
1937
2264
2456
2392
2141
1826
1638
1668
1926
1990
2026
2167
2378
2405
2310
2101
1864
1864
2036
2273
2558
2603
2304
1974
1816
1844
1965
2152
2313
2220
1984
1918
1990
2060
2167
2208
2116
2013
1976
2024
2153
2211
2172
2117
2021
1994
2121
2256
2324
2239
2054
1978
1931
1877
2032
2113
2016
1993
2034
2072
2173
2287
2236
2094
2062
2054
1961
2024
2144
2069
2036
2178
2228
2144
2131
2076
1934
1996
2220
2276
2162
1998
1934
1951
2043
2222
2260
2107
1944
1843
1890
2054
2236
2352
2154
1775
1654
1807
2048
2326
2489
2481
2299
2083
2023
1982
1948
2018
2096
2142
2104
2037
2009
1936
1845
1903
2068
2223
2422
2468
2210
1835
1683
1881
2250
2562
2574
2205
1892
1843
1928
2133
2458
2565
2253
1898
2139
2044
2053
2164
2246
2219
2216
2243
2284
2353
2370
2182
1887
1738
1811
1984
2121
2213
2248
2166
2013
1952
2026
2075
2195
2362
2276
2029
1913
1816
1811
2010
2131
2190
2199
2068
2010
2005
1908
1922
2018
2008
2064
2088
1962
2008
2186
2230
2242
2298
2160
1912
1846
1953
2087
2181
2148
2086
2076
2069
2021
1974
1922
1914
2080
2314
2392
2395
2278
1905
1732
1884
2033
2150
2284
2226
2109
2136
2223
2184
2010
1884
1868
1940
2176
2408
2364
2127
1865
1684
1786
2056
2174
2156
2073
2034
2082
2186
2167
2042
1884
1815
2019
2345
2522
2436
2085
1670
1601
1920
2352
2654
2612
2221
1916
1930
2034
2350
2602
2289
1895
1796
1769
1967
2221
2253
2171
2054
2044
1902
2011
2195
2260
2339
2252
1916
1753
1975
2335
2440
2343
2124
1876
1929
2196
2186
1962
1831
1815
1981
2312
2320
2055
1943
1876
1919
2304
2480
2269
2138
2130
2090
2147
2198
2157
2185
2178
1997
1838
1886
2030
2099
2112
2130
2153
2094
2001
1886
1842
1836
1911
2120
2230
2170
2050
2019
2048
2139
2169
2058
1973
2015
2081
2078
1984
1831
1816
1969
2161
2223
2128
2014
1893
1855
2036
2196
2186
2196
2214
2275
2433
2337
2055
1991
1990
1928
2072
2135
1889
1689
1769
1952
2297
2607
2465
2112
1958
2080
2296
2416
2406
2208
2025
1964
2055
2247
2377
2460
2488
2434
2284
2148
2046
1943
2087
2298
2261
2248
2196
1995
1949
2100
2193
2109
1932
1744
1676
1542
1392
1353
1764
2389
2616
2363
1998
1961
2303
2621
2540
2244
2054
2000
2001
2049
2034
1957
2144
2211
1912
1715
2028
2349
2205
1852
1669
1767
2150
2364
2060
1664
1696
2131
2398
2306
2078
2058
2201
2279
2186
2028
1860
1765
1846
1974
2130
2292
2573
2723
2606
2434
2221
2023
1936
1836
1805
2046
2260
2207
2082
1998
1829
1944
2408
2541
2138
1795
1879
2045
2164
2346
2538
2490
2384
2361
2252
1891
1739
1966
1946
1792
1892
2273
2694
2953
2746
1997
1288
1016
1359
1996
2532
2759
2620
2312
1926
1707
1710
1887
2247
2643
2657
2204
1707
1603
1747
1969
2277
2301
2002
1854
1867
1841
1899
2119
2265
2298
2363
2303
2025
1865
1935
2048
2058
1918
1657
2231
2809
2759
2066
1457
1523
2094
2428
2313
2146
2327
2678
2607
1849
975
863
1835
3146
3845
3486
2492
1562
1138
1154
1160
1111
1438
2419
3377
3376
2472
1434
905
1098
1828
2508
2508
1868
1452
1686
2073
2062
2043
2531
3096
2936
2160
1574
1419
1565
1918
2392
2582
2235
1884
1986
2202
2022
1873
2297
2890
3013
2568
1863
1312
1178
1546
2138
2495
2572
2612
2573
2371
2105
1895
1726
1732
1903
2080
2150
2129
2150
2267
2442
2341
1956
1662
1611
1782
1900
1832
1737
2025
2635
2984
2790
2352
2137
2067
2116
2486
2736
2315
1462
1040
1233
1911
2896
3736
4003
3493
2371
1124
610
1238
2414
3252
3334
2578
1198
167
424
1730
2930
3440
3366
2757
2421
2173
2344
2821
3083
2710
1665
482
164
953
2248
3169
3268
2702
1914
1264
937
900
1273
2126
3426
4095
4095
3389
1600
2
1
221
1988
3641
4095
3834
2789
1803
1344
1488
1780
1773
1464
1274
1662
2508
3277
3556
3293
2551
1515
319
3
3
426
2118
3781
4095
4095
3266
1955
816
71
2
443
1611
3032
4095
4095
3954
2565
923
2
69
1324
2998
4046
4000
2999
1681
747
820
1613
2568
3029
2950
2660
2349
2124
1781
1300
1000
1158
1652
2226
2582
2678
2623
2452
1973
1296
784
786
1464
2444
3082
2941
2231
1629
1632
2108
2635
2671
2208
1634
1459
1810
2394
2780
2754
2456
2113
1722
1325
1035
1216
2048
3205
3952
3811
2964
2013
3553
3503
3101
2368
1442
588
74
48
510
1327
2310
3289
4095
4095
4095
4095
3196
1864
601
2
3
133
1030
2104
3004
3592
3816
3610
3027
2158
1241
548
325
633
1280
2026
2648
3050
3214
3234
3090
2841
2547
2289
2084
1898
1602
1240
968
972
1368
2140
3037
3835
4095
4095
4038
3320
2235
923
2
1
2
4
1245
2818
4068
4095
4095
3988
2798
1224
3
3
3
2
191
2079
4001
4095
4095
4095
3992
2370
783
2
32
1048
2662
4051
4095
4095
3279
1687
12
2
3
3
3
1595
3827
4095
4095
4095
4095
3570
1782
12
2
0
3
2
337
2179
3984
4095
4095
4095
4095
4095
3280
2101
936
2
1
4
3
4
2
32
794
1796
2851
3952
4095
4095
4095
4095
4095
4095
4095
4095
4095
4095
3924
2589
1121
3
2
4
3
2
1
2
2
1
3
2
0
1
2
1044
2360
3593
4095
4095
4095
4095
4095
4095
4095
4095
4095
4095
3894
2991
1958
1005
164
2
1
3
1
2
2
432
1406
2495
3612
4095
4095
4095
4095
4095
4095
4095
4095
4095
4095
4095
3944
2676
1304
2
3
2
3
5
2
3
2
1
1
1
3
1
1
0
962
2336
3604
4095
4095
4095
4095
4095
4095
4095
4095
4095
4095
4095
4004
3134
2222
1402
666
142
1
2
2
1
279
867
1518
2234
2948
3595
4095
4095
4095
4095
4095
4095
3848
3198
4095
4095
4095
4095
4095
4095
4095
4095
4095
4095
4095
4095
4095
4095
4095
4095
4095
4095
4095
4095
4095
4095
4095
4095
4095
4095
4095
4095
3510
2457
1420
451
1
0
1
1
1
3
2
2
3
1
1
2
2
1
2
2
1
1
1
1
1
1
1
3
2
2
1
2
1
40
791
1576
2341
3042
3699
4095
4095
4095
4095
4095
4095
4095
4095
4095
4095
4095
4095
4095
4095
4095
4095
4095
4095
4095
4095
4095
4095
3701
3164
2666
2193
1736
1323
935
569
234
0
3
3
2
3
3
2
1
2
2
2
2
2
233
513
820
1142
1486
1802
2152
2507
2814
3114
3406
3696
3952
4095
4095
4095
4095
