2122
2120
2113
2090
2078
2084
2106
2074
2125
2104
2098
2100
2084
2088
2086
2094
2088
2078
2099
2090
2080
2100
2095
2074
2089
2082
2059
2077
2094
2121
2078
2058
2108
2089
2080
2103
2112
2118
2104
2104
2111
2115
2116
2085
2096
2083
2105
2096
2040
2062
2104
2099
2089
2100
2105
2109
2097
2103
2082
2096
2081
2096
2075
2096
2102
2099
2104
2064
2075
2077
2070
2055
2105
2114
2102
2105
2093
2088
2089
2085
2064
2084
2103
2094
2059
2084
2070
2092
2080
2082
2095
2110
2079
2097
2092
2072
2083
2055
2080
2082
2105
2100
2090
2102
2090
2078
2088
2096
2096
2073
2077
2065
2105
2074
2075
2082
2094
2092
2087
2058
2067
2104
2083
2075
2067
2085
2092
2087
2107
2109
2112
2095
2073
2086
2096
2080
2075
2092
2084
2115
2102
2103
2107
2096
2091
2107
2096
2087
2104
2098
2099
2096
2090
2083
2095
2102
2082
2073
2091
2090
2078
2115
2123
2115
2104
2086
2096
2075
2076
2075
2094
2095
2087
2112
2109
2105
2087
2099
2109
2100
2102
2097
2101
2083
2125
2115
2077
2097
2093
2072
2082
2105
2101
2109
2093
2092
2081
2071
2066
2063
2097
2087
2099
2096
2082
2103
2086
2101
2098
2111
2088
2096
2085
2090
2092
2093
2100
2108
2081
2050
2082
2094
2096
2104
2073
2082
2104
2101
2092
2088
2073
2085
2080
2092
2094
2095
2087
2099
2077
2101
2100
2108
2107
2080
2090
2091
2095
2115
2091
2105
2086
2099
2069
2078
2092
2095
2170
2151
2185
2198
2184
2208
2195
2202
2183
2188
2173
2184
2183
2192
2179
2182
2171
2137
2162
2160
2115
2149
2146
2133
2145
2137
2109
2103
2088
2078
2092
2082
2048
2072
2082
2093
2078
2069
2063
2070
2078
2050
2069
2049
2058
2036
2055
2051
2088
2074
2058
2071
2072
2043
2048
2063
2031
2079
2093
2055
2058
2038
2020
2029
2038
2010
2033
2035
2035
2021
1986
2005
2022
2013
1972
1979
1980
1979
1952
2024
1991
2020
2026
1999
2026
2036
2052
2057
2043
2011
2037
2043
2069
2069
2062
2073
2083
2093
2082
2064
2105
2099
2064
2101
2091
2101
2112
2094
2125
2159
2136
2132
2146
2166
2148
2151
2169
2171
2183
2165
2181
2210
2168
2187
2193
2174
2199
2198
1966
1883
1821
1805
1821
1824
1859
1871
1934
1976
2024
2065
2084
2119
2138
2172
2197
2212
2176
2196
2224
2250
2284
2337
2347
2369
2380
2368
2320
2245
2183
2128
2096
2036
2026
2038
2043
2045
2010
1964
1939
1939
1917
1925
1948
1984
2070
2153
2195
2253
2265
2272
2244
2210
2169
2126
2087
2016
1976
2006
1977
1959
1948
1961
1989
2011
2070
2116
2153
2205
2224
2212
2213
2160
2099
2076
2009
1956
1925
1903
1889
1892
1897
1922
1955
2007
2055
2100
2155
2192
2221
2217
2240
2222
2148
2119
2096
2075
2082
2101
2154
2199
2214
2255
2248
2258
2240
2222
2175
2163
2121
2080
2024
1981
1967
1920
1879
1847
1847
1887
1957
2025
2099
2157
2193
2220
2181
2115
1863
1950
2040
2130
2196
2254
2295
2294
2297
2244
2206
2188
2196
2228
2213
2168
2128
2079
2073
2087
2094
2076
2036
2044
2009
1960
1931
1937
1948
1992
2009
2010
2048
2069
2102
2136
2179
2160
2156
2163
2234
2280
2306
2348
2375
2342
2285
2190
2089
2012
1970
1960
1958
1948
1931
1904
1883
1910
1956
2008
2087
2165
2199
2193
2161
2133
2081
2086
2152
2204
2259
2284
2275
2260
2242
2206
2214
2208
2225
2213
2205
2179
2115
2041
1952
1866
1793
1745
1721
1710
1742
1770
1832
1912
1981
2088
2180
2240
2273
2267
2232
2207
2176
2123
2087
2059
1990
1928
1893
1853
1852
1910
1986
2072
2164
2234
2267
2328
2332
2317
2294
2270
2259
2244
2225
2200
2211
2189
2101
2166
2221
2221
2229
2249
2258
2258
2265
2237
2192
2135
2094
2010
1966
1923
1901
1890
1928
1986
2067
2139
2195
2162
2102
2012
1948
1860
1836
1880
2008
2117
2189
2255
2251
2237
2185
2124
2070
2035
2047
2081
2080
2081
2087
2053
2021
1989
1966
1968
1989
1978
1973
2008
2032
2088
2130
2139
2117
2035
1953
1905
1863
1899
1992
2085
2228
2367
2440
2471
2472
2455
2383
2310
2201
2104
2010
1890
1864
1897
1915
1951
1992
2032
2066
2092
2140
2146
2134
2090
2049
1967
1918
1907
1946
2007
2085
2174
2274
2321
2323
2299
2220
2175
2123
2099
2113
2152
2207
2234
2219
2139
2004
1874
1794
1787
1913
2045
2220
2283
2288
2210
2148
2096
2104
2142
2140
2107
2438
2239
2065
1898
1768
1663
1541
1468
1555
1737
1945
2087
2115
2167
2262
2373
2424
2338
2212
2113
2049
2060
2003
1956
1906
1873
1869
1878
1976
2078
2162
2215
2201
2173
2235
2227
2140
1982
1916
1956
2129
2330
2481
2618
2670
2636
2482
2292
2101
1963
1895
1871
1796
1754
1767
1850
1935
2024
2074
2064
2051
2035
2080
2104
2074
2012
1912
1812
1771
1795
1917
2073
2208
2344
2367
2381
2342
2272
2145
2058
1953
1961
1956
1962
1989
1995
2073
2216
2326
2378
2341
2206
2071
1948
1855
1860
1905
1965
2082
2200
2327
2389
2449
2440
2464
2383
2237
2061
1851
1724
1645
1713
1876
2092
2324
2549
2693
2688
2590
2408
2150
1921
1779
1730
1727
1805
1896
1944
2041
1938
1863
1793
1817
1880
2012
2208
2448
2698
2763
2591
2298
2018
1896
1976
2044
2015
1919
1827
1725
1656
1584
1564
1640
1863
2221
2493
2591
2499
2355
2236
2155
2119
2116
2098
2060
1960
1836
1698
1672
1754
1853
1995
2057
2088
2164
2286
2378
2418
2408
2390
2398
2357
2262
2184
2120
2071
2025
1908
1794
1759
1797
1903
1934
1933
1953
2041
2186
2301
2317
2292
2261
2243
2187
2087
1984
1926
1898
1895
1908
1944
1976
2034
2141
2243
2307
2339
2285
2180
2130
2171
2251
2261
2140
1989
1887
1947
2108
2291
2437
2476
2435
2281
2085
1884
1824
1903
2062
2232
2369
2425
2374
2288
2193
2182
2258
2302
2209
1979
1752
1597
1596
1680
1759
1864
2022
2151
1893
1664
1462
1382
1479
1693
1993
2313
2569
2747
2772
2703
2448
2159
1834
1596
1463
1553
1743
2045
2330
2568
2719
2752
2636
2425
2141
1816
1565
1423
1417
1606
1872
2133
2392
2530
2553
2481
2308
2068
1898
1740
1758
1868
2077
2291
2450
2541
2520
2438
2251
2040
1870
1754
1737
1840
1959
2048
2093
2105
2049
1949
1863
1791
1797
1900
2037
2215
2435
2557
2554
2448
2261
2053
1866
1789
1789
1824
1937
1976
2030
2112
2077
2053
2010
1985
1939
1958
2046
2137
2248
2320
2374
2360
2329
2265
2167
2080
1999
1912
1855
1814
1830
1866
1956
2045
2092
2116
2169
2211
2246
2270
2260
2228
2205
2168
2113
2091
2058
2066
2049
2018
2047
2115
2230
2384
2483
2512
1786
1840
1960
2158
2461
2803
2909
2722
2464
2253
2108
1834
1506
1391
1590
1803
1870
1874
1951
2096
2215
2325
2423
2501
2513
2603
2699
2622
2280
1873
1693
1820
1954
1885
1753
1785
1944
2089
2177
2146
2164
2208
2356
2608
2816
2720
2382
2113
2024
2007
1946
1948
2104
2280
2229
1936
1609
1541
1650
1819
1932
2133
2406
2600
2632
2472
2249
2063
1974
1981
2062
2128
2080
2006
1909
1732
1547
1511
1671
1948
2109
2172
2272
2458
2520
2473
2384
2424
2417
2194
1986
1909
1884
1692
1383
1254
1436
1773
2055
2223
2334
2492
2633
2657
2495
2279
2174
2149
2240
2301
2199
1913
1629
1470
1516
1680
1830
1950
2138
2405
2613
2640
2442
2126
1851
1725
1849
2042
2771
2664
2517
2248
1981
1747
1642
1625
1744
1927
2129
2323
2486
2542
2521
2425
2323
2204
2083
2033
2026
2009
2037
2027
1984
1964
1949
1869
1816
1810
1858
1980
2192
2389
2512
2535
2464
2322
2129
1925
1763
1652
1667
1749
1939
2123
2292
2370
2368
2304
2182
1994
1814
1722
1705
1813
1993
2229
2408
2534
2509
2346
2102
1875
1707
1642
1759
1957
2271
2542
2822
3030
3080
2929
2662
2222
1792
1458
1289
1298
1450
1715
2009
2319
2567
2694
2628
2437
2132
1810
1581
1482
1469
1552
1713
1839
1944
2079
2173
2216
2258
2246
2252
2288
2398
2498
2574
2561
2478
2311
2149
1994
1913
1873
1944
2030
2201
2394
2548
2626
2585
2448
2200
1932
1609
1354
1259
1376
1682
1505
1460
1626
1896
2243
2487
2464
2315
2053
1838
1667
1628
1751
2012
2422
2759
2848
2623
2248
1901
1694
1530
1413
1395
1509
1665
1919
2148
2426
2720
2897
2872
2619
2267
1961
1821
1803
1844
1904
2002
2162
2252
2237
2084
1845
1658
1628
1657
1748
1898
2065
2261
2405
2487
2531
2543
2518
2497
2419
2259
2105
2051
2018
1944
1796
1606
1420
1205
1017
947
1100
1453
1926
2372
2673
2828
2903
2953
2981
2848
2612
2216
1811
1449
1246
1271
1457
1603
1617
1544
1574
1801
2188
2501
2560
2396
2217
2222
2452
2677
2703
2394
1962
1620
1413
1431
1511
1551
1536
1567
1723
2061
2517
2997
3284
3284
3037
2673
2396
2250
2141
2028
1795
1577
1451
1579
1856
2106
2776
3384
3856
4095
4090
3828
3385
2760
2052
1348
791
430
348
544
965
1565
2208
2807
3270
3464
3365
3071
2544
1938
1367
922
678
631
840
1161
1607
2061
2460
2760
2891
2899
2784
2613
2381
2146
1974
1810
1711
1651
1618
1597
1566
1586
1640
1723
1877
2085
2308
2560
2832
3084
3272
3358
3299
3120
2764
2278
1702
1176
835
667
716
976
1352
1779
2239
2647
2974
3183
3234
3133
2854
2438
2008
1565
1172
901
838
937
1243
1672
2175
2706
3146
3375
3363
3184
2927
2580
2270
2031
1808
1674
1604
1646
1805
2050
2290
2412
2348
2141
1903
1690
1592
1591
1632
1690
1763
1881
2086
2389
2627
2708
2612
2372
2107
1923
1832
1772
1643
1537
1496
2055
2732
3312
3869
4095
4095
4095
4095
4095
4095
4095
4095
4095
4095
4095
4095
4095
4095
4016
3208
2290
1328
426
3
2
3
1
1
0
0
0
2
1
1
0
0
0
752
1752
2674
3566
4095
4095
4095
4095
4095
4095
4095
4095
4095
4095
4095
3670
2834
1967
1148
382
1
2
1
0
1
0
1
3
295
724
1123
1473
1805
2161
2492
2831
3189
3522
3791
3939
3920
3778
3582
3345
3135
2920
2717
2448
2130
1774
1386
992
656
448
275
229
317
403
540
717
802
807
729
614
478
375
384
496
704
966
1233
1560
1947
2349
2805
3293
3785
4095
4095
4095
4095
4095
4095
4095
4095
4095
4095
4095
4095
4095
4095
1581
1565
1551
1559
1517
1488
1508
1514
1493
1534
1516
1543
1582
1606
1657
1711
1768
1863
1951
2039
2153
2291
2440
2570
2719
2850
3014
3149
3278
3376
3474
3550
3620
3653
3642
3644
3592
3546
3462
3367
3244
3113
2928
2751
2575
2385
2161
1986
1790
1644
1491
1331
1190
1104
1025
994
952
943
952
972
998
1045
1095
1172
1243
1306
1349
1423
1471
1503
1575
1616
1646
1700
1752
1794
1859
1926
2004
2067
2154
2251
2352
2487
2577
2676
2770
2845
2949
2992
3057
3075
3120
3116
3132
3107
3052
2986
2918
2805
2724
2621
2492
2329
2201
2034
1890
1733
1579
1431
1316
1179
1062
969
858
801
767
743
719
728
779
840
957
1073
1233
1406
1584
1780
