2070
2078
2128
2078
2075
2086
2086
2088
2084
2114
2127
2127
2096
2094
2128
2093
2115
2118
2128
2129
2087
2132
2118
2094
2082
2140
2090
2115
2091
2072
2090
2079
2088
2085
2090
2083
2131
2137
2094
2113
2105
2112
2077
2116
2106
2087
2108
2087
2140
2122
2120
2120
2106
2135
2148
2120
2091
2090
2084
2102
2096
2068
2086
2082
2067
2112
2105
2092
2091
2069
2085
2112
2086
2072
2092
2091
2094
2083
2064
2073
2086
2063
2058
2061
2083
2101
2086
2081
2104
2089
2088
2086
2116
2115
2142
2142
2131
2094
2084
2071
2103
2093
2105
2121
2104
2096
2087
2114
2097
2091
2101
2118
2114
2098
2091
2075
2124
2078
2079
2118
2111
2104
2140
2113
2112
2098
2101
2055
2304
2287
2292
2280
2309
2322
2269
2238
2239
2211
2246
2230
2213
2218
2221
2208
2162
2196
2155
2100
2151
2130
2106
2107
2084
2082
2092
2043
2057
2018
2073
2037
2039
2008
2017
1997
1989
1990
1969
1939
2015
1985
1999
2024
2070
2051
2033
2044
2078
2072
2068
2050
2060
2083
2092
2066
2076
2135
2122
2148
2110
2107
2144
2134
2116
2116
2122
2140
2166
2154
2163
2130
2110
2120
2142
2147
2147
2149
2158
2166
2183
2137
2137
2113
2158
2145
2180
2176
2150
2147
2128
2114
2137
2139
2119
2120
2108
2096
2128
2117
2058
2104
2079
2068
2085
2095
2095
2091
2087
2065
2091
2095
2093
2101
2066
2071
2073
2108
2121
2121
2089
2069
2105
2102
2128
2125
2119
2108
1976
1932
1871
1760
1772
1747
1696
1600
1567
1526
1528
1475
1447
1431
1404
1388
1409
1414
1456
1539
1571
1628
1726
1818
1964
2072
2158
2230
2288
2338
2393
2442
2460
2470
2488
2487
2458
2426
2437
2419
2395
2373
2374
2367
2377
2333
2322
2318
2299
2274
2227
2216
2154
2076
2055
1968
1941
1872
1824
1847
1848
1887
1936
1965
2020
2062
2117
2132
2145
2157
2154
2163
2167
2184
2156
2154
2165
2217
2229
2307
2319
2384
2420
2458
2482
2452
2393
2407
2350
2301
2265
2194
2095
2026
1989
1904
1928
1919
1902
1903
1880
1905
1889
1900
1880
1857
1872
1822
1807
1761
1770
1763
1732
1737
1757
1705
1756
1752
1841
1884
1936
2002
2055
2154
2221
2304
2394
2498
1964
2057
2126
2212
2328
2404
2471
2545
2596
2637
2640
2573
2494
2425
2314
2163
2087
1966
1844
1782
1694
1632
1595
1576
1630
1644
1672
1730
1854
1885
1973
2070
2128
2216
2268
2309
2380
2429
2443
2470
2446
2394
2362
2318
2262
2206
2185
2137
2144
2138
2185
2208
2270
2266
2263
2230
2126
2112
2075
2032
1968
1990
2018
1993
2020
2065
2066
2075
2068
2051
2044
2038
2040
2017
2002
1957
1909
1950
1953
1980
1982
1990
2014
1988
1955
2008
2002
2017
2020
2039
2024
2105
2184
2276
2312
2370
2391
2444
2418
2452
2493
2459
2438
2425
2331
2284
2194
2112
2044
1929
1844
1766
1766
1746
1756
1755
1748
1787
1803
1822
1886
1901
1980
2045
2165
2233
2279
2422
1998
2023
2044
2125
2154
2204
2264
2280
2247
2225
2182
2151
2102
2021
1986
1933
1852
1750
1710
1635
1640
1630
1639
1715
1818
1969
2135
2293
2480
2625
2727
2755
2808
2770
2706
2558
2408
2301
2141
2036
1946
1911
1866
1852
1859
1888
1908
1964
2014
2046
2121
2134
2134
2163
2184
2180
2181
2199
2183
2135
2091
2024
1972
1903
1836
1776
1728
1779
1803
1887
1997
2093
2192
2233
2224
2229
2176
2114
1992
1937
1886
1858
1874
1891
1911
1947
1975
2010
2004
1946
1863
1834
1753
1732
1743
1764
1846
1968
2105
2299
2486
2630
2794
2910
2997
3043
3038
2940
2827
2664
2536
2362
2228
2059
1937
1830
1710
1655
1627
1615
1648
1725
1808
1928
2034
2171
2273
2338
3045
3007
2897
2848
2749
2546
2325
2067
1894
1756
1744
1734
1744
1657
1573
1496
1489
1492
1641
1747
1836
1920
1976
2039
2163
2228
2385
2491
2603
2612
2590
2479
2384
2228
2125
2059
2018
2026
1992
1880
1833
1862
1843
1897
1974
2007
2069
2111
2138
2246
2334
2431
2574
2694
2749
2686
2478
2203
1867
1597
1440
1450
1534
1614
1666
1737
1686
1658
1656
1744
1904
2097
2248
2379
2368
2318
2295
2310
2372
2506
2622
2672
2635
2529
2373
2267
2144
2047
1953
1839
1701
1658
1630
1683
1752
1823
1877
1943
2019
2091
2153
2260
2356
2394
2412
2447
2486
2523
2528
2505
2478
2414
2311
2242
2161
2060
2024
1961
1958
2005
2032
1970
1853
1701
1619
1522
1455
1520
2072
1755
1340
1041
828
710
703
892
1183
1468
1806
2148
2437
2668
2878
3006
3086
3075
2962
2887
2754
2599
2419
2223
2021
1845
1695
1566
1457
1443
1460
1562
1744
1899
2061
2181
2335
2457
2559
2642
2627
2580
2480
2332
2154
1990
1872
1823
1756
1802
1818
1872
1974
2071
2232
2380
2501
2560
2585
2574
2578
2549
2456
2396
2316
2158
2035
1824
1657
1464
1314
1233
1229
1289
1451
1687
1953
2222
2483
2652
2822
2828
2797
2679
2575
2429
2336
2312
2286
2234
2198
2122
2053
1955
1866
1785
1738
1787
1912
2028
2174
2340
2440
2519
2471
2385
2256
2088
1901
1706
1607
1525
1500
1517
1562
1631
1692
1724
1724
1766
1814
1850
1928
2063
2154
2256
2286
2324
2080
2172
2264
2430
2628
2774
2884
2863
2736
2558
2370
2277
2224
2177
2073
1892
1658
1435
1250
1229
1285
1470
1644
1837
2022
2178
2334
2456
2496
2482
2361
2246
2146
2040
1995
1952
1950
1926
1897
1821
1787
1779
1827
1896
1973
2049
2026
1995
1954
1904
2009
2186
2381
2517
2492
2394
2238
2122
2066
2159
2255
2292
2259
2209
2067
1924
1806
1723
1675
1646
1655
1700
1847
2027
2282
2548
2783
2901
2930
2908
2815
2736
2631
2546
2498
2428
2359
2286
2184
2109
2020
1928
1878
1844
1859
1861
1867
1928
1966
2002
2073
2127
2225
2298
2352
2367
2313
2201
2013
1846
1706
1618
1522
1524
1529
1585
1674
1770
1900
2041
2238
2400
2584
2712
2754
2757
2711
2665
1894
1920
1960
2031
2095
2204
2255
2320
2363
2368
2374
2320
2258
2204
2118
2009
1936
1880
1817
1796
1799
1850
1924
2001
2116
2203
2240
2275
2284
2284
2227
2185
2177
2156
2158
2182
2231
2268
2287
2291
2278
2232
2164
2110
2081
2040
2075
2106
2154
2178
2201
2227
2154
2126
2080
2016
2009
2000
2002
2024
2041
2018
1938
1862
1765
1675
1632
1611
1612
1621
1667
1718
1787
1892
1970
2067
2128
2191
2246
2318
2408
2550
2724
2918
3053
3144
3146
3042
2814
2510
2128
1733
1360
1029
808
653
617
668
893
1191
1552
1964
2381
2748
3042
3230
3304
3246
3104
2868
2571
2243
1864
1537
1256
1124
1129
1284
1517
1872
2207
2505
2767
2948
3024
3028
2942
2785
2039
2288
2477
2563
2536
2432
2383
2383
2473
2608
2704
2680
2600
2487
2410
2413
2449
2354
2148
1827
1515
1274
1168
1198
1198
1249
1233
1201
1231
1320
1515
1802
2064
2288
2478
2616
2763
2841
2841
2761
2633
2535
2497
2456
2400
2201
1959
1706
1541
1391
1299
1249
1150
1069
1081
1293
1630
2049
2434
2686
2848
2957
3038
3134
3191
3184
3064
2814
2535
2226
1950
1758
1616
1527
1428
1347
1312
1317
1435
1584
1789
1955
2125
2259
2455
2645
2863
3066
3200
3264
3244
3208
3099
2936
2751
2492
2221
1888
1540
1196
916
748
715
809
947
1121
1218
1343
1479
1683
1930
2152
2328
2406
2410
2344
2287
2259
2201
2178
2178
2215
2289
2386
2481
2496
2442
2381
2876
3384
3824
4095
4095
4095
4095
4064
3638
3079
2381
1619
864
102
2
2
3
1
3
1
1
506
1355
2182
2984
3658
4095
4095
4095
4095
4095
4095
3684
3188
2585
1958
1220
539
0
2
2
3
1
1
64
785
1675
2567
3394
4091
4095
4095
4095
4095
4095
4074
3544
2988
2375
1739
1092
522
7
1
3
0
1
2
416
1126
1954
2806
3605
4095
4095
4095
4095
4095
4095
4095
3933
3288
2687
2087
1527
1033
577
226
2
2
2
30
395
905
1527
2178
2786
3300
3672
3880
3902
3748
3466
3068
2639
2256
1935
1700
1555
1507
1509
1584
1658
1754
1846
1925
1965
2018
2091
2159
2268
2292
2335
2340
2288
2208
2133
2069
3952
4095
4095
4095
4047
3726
3384
2943
2496
2066
1625
1176
733
319
2
2
3
2
0
2
2
256
1021
1840
2604
3246
3788
4095
4095
4095
4095
4095
4095
4095
3669
3089
2527
1965
1469
1030
657
347
139
43
43
156
449
821
1229
1681
2059
2378
2652
2866
3013
3109
3144
3073
2980
2851
2721
2630
2531
2438
2346
2163
1959
1742
1554
1432
1423
1475
1615
1812
2088
2373
2617
2836
2966
3073
3100
3102
3059
2939
2728
2471
2163
1850
1593
1438
1364
1387
1500
1530
1527
1418
1240
1075
965
1038
1215
1567
1947
2364
2738
3051
3315
3460
3526
3491
3403
3211
2975
2676
2415
2170
1955
1788
1711
1635
1551
1443
1354
1216
1043
993
941
978
3434
3032
2482
1928
1347
847
454
197
112
204
424
742
1097
1447
1802
2141
2469
2791
3069
3273
3417
3440
3367
3199
2971
2655
2294
1951
1651
1435
1274
1254
1318
1501
1788
2127
2491
2859
3141
3344
3412
3346
3176
2870
2490
2087
1686
1321
1028
801
693
719
851
1137
1492
1898
2328
2726
3088
3376
3581
3740
3785
3760
3608
3360
2946
2436
1868
1227
660
214
2
1
42
428
956
1557
2153
2701
3126
3441
3611
3687
3660
3554
3391
3172
2882
2558
2220
1858
1533
1234
1079
1020
1060
1163
1313
1474
1640
1749
1840
1889
1970
2055
2190
2340
2476
2590
2648
2594
2464
2294
2064
1870
1728
1691
1754
1904
2121
2318
2453
2506
2485
2400
2233
2040
2040
1978
1983
2050
2130
2296
2481
2612
2679
2746
2752
2717
2716
2706
2754
2778
2834
2878
2892
2875
2828
2728
2581
2328
2002
1599
1172
758
386
146
24
40
143
291
499
741
1037
1423
1873
2398
2978
3609
4095
4095
4095
4095
4095
4095
4095
4095
4095
3944
3435
2872
2307
1699
1142
634
166
4
2
1
3
1
2
1
2
3
1
15
674
1517
2321
3044
3735
4095
4095
4095
4095
4095
4095
4095
4095
4095
4095
4095
3376
2524
1689
888
211
1
1
2
1
1
1
1
2
3
2
1
187
911
1749
2636
3469
4095
4095
4095
4095
4095
4095
4095
4095
4095
4095
4095
4095
4095
4095
3493
2640
1817
1120
573
212
3
4095
4095
4095
4095
4095
3882
2202
420
0
2
2
1
1
2
2
1
2
2
66
1626
3320
4095
4095
4095
4095
4095
4095
4095
4095
4095
4095
4095
4095
3807
2398
879
3
2
2
1
3
2
3
1
1
2
2
2
677
2704
4095
4095
4095
4095
4095
4095
4095
4095
4095
4095
4095
4095
3330
1864
534
3
2
2
1
3
3
2
2
2
2
2
73
1034
2103
3106
4032
4095
4095
4095
4095
4095
4095
4095
4095
4095
3964
3001
1932
862
3
3
2
3
3
2
3
3
1
12
1031
2253
3407
4095
4095
4095
4095
4095
4095
4095
4095
4095
4095
4095
3858
3497
3155
2878
2608
2307
1901
1428
871
242
