2106
2087
2076
2081
2096
2073
2073
2079
2076
2104
2090
2078
2094
2104
2091
2071
2076
2085
2082
2085
2096
2095
2093
2073
2092
2104
2109
2104
2104
2095
2084
2069
2076
2078
2093
2115
2098
2085
2096
2113
2097
2092
2095
2092
2103
2097
2096
2087
2105
2102
2099
2090
2084
2089
2103
2086
2079
2095
2080
2093
2075
2078
2100
2091
2076
2074
2091
2091
2102
2090
2085
2097
2075
2082
2091
2064
2077
2066
2078
2089
2074
2098
2087
2079
2094
2081
2101
2099
2092
2088
2095
2099
2091
2082
2086
2089
2096
2094
2084
2082
2076
2091
2087
2086
2088
2084
2071
2072
2088
2091
2076
2089
2105
2096
2096
2105
2110
2100
2095
2087
2092
2105
2086
2095
2096
2091
2095
2072
2077
2090
2083
2106
2119
2125
2092
2101
2091
2107
2084
2084
2092
2087
2077
2121
2097
2085
2080
2067
2067
2093
2104
2097
2104
2115
2109
2109
2101
2096
2103
2086
2101
2103
2088
2094
2099
2082
2085
2087
2071
2082
2082
2096
2104
2106
2083
2086
2076
2091
2083
2083
2084
2104
2095
2101
2096
2096
2088
2099
2093
2101
2103
2085
2088
2102
2093
2101
2096
2090
2099
2105
2076
2081
2083
2093
2090
2100
2094
2102
2122
2123
2107
2083
2098
2076
2076
2092
2093
2077
2079
2082
2096
2101
2097
2108
2104
2115
2113
2073
2076
2100
2092
2077
2080
2092
2092
2086
2100
2103
2091
2087
2088
2095
2079
2103
2100
2085
2092
2096
2079
2099
2109
2106
2097
2072
2097
2088
2093
2073
2060
2075
2089
2089
2062
2060
2085
2061
2053
2049
2067
2034
2036
2041
2041
2034
2026
2030
2023
2023
2014
1985
1978
1996
2001
1983
1986
1983
1985
1995
2005
1984
2008
1990
1998
1985
2008
2007
2005
2017
2018
2019
2008
2029
2026
2042
2063
2072
2081
2080
2072
2084
2085
2089
2103
2118
2135
2132
2141
2149
2124
2143
2153
2142
2152
2137
2158
2136
2140
2128
2142
2133
2144
2137
2131
2116
2120
2105
2097
2099
2100
2095
2089
2064
2066
2067
2060
2052
2047
2045
2039
2033
2050
2030
2018
2029
2023
2050
2053
2029
2040
2049
2039
2053
2051
2050
2079
2088
2099
2096
2111
2114
2124
2117
2120
2123
2132
2157
2147
2136
2125
2166
2163
2153
2161
2160
1951
1923
1906
1902
1900
1882
1881
1906
1928
1937
1977
1988
2004
2032
2038
2037
2068
2068
2084
2099
2106
2123
2154
2149
2176
2181
2197
2200
2235
2221
2240
2223
2212
2207
2199
2149
2114
2092
2061
2040
2018
2007
1990
1968
1966
1973
1986
1998
1997
1999
2005
2010
2021
2055
2095
2105
2110
2159
2192
2225
2229
2262
2269
2256
2243
2198
2166
2137
2101
2088
2062
2020
2010
1995
1999
1995
2015
2047
2059
2097
2102
2152
2184
2215
2221
2232
2241
2247
2241
2239
2208
2223
2214
2196
2163
2129
2119
2072
2025
2001
1955
1925
1872
1854
1847
1872
1890
1919
1960
2038
2083
2136
2144
2183
2216
2241
2233
2216
2204
2180
2166
2165
2128
2118
2128
2124
2134
2153
1975
2040
2120
2168
2197
2207
2165
2116
2056
1987
1940
1956
1995
2043
2113
2141
2175
2176
2095
2053
2055
2030
2034
2062
2076
2094
2115
2128
2131
2103
2064
1986
1959
1979
2011
2070
2114
2156
2157
2173
2159
2133
2129
2095
2062
2059
2071
2116
2105
2128
2117
2120
2117
2124
2111
2108
2080
2044
2004
1995
2049
2120
2192
2235
2234
2184
2093
2022
1952
1931
1922
1976
2053
2156
2298
2416
2442
2371
2256
2117
1985
1944
1936
1980
2034
2074
2103
2112
2067
2056
2041
2015
2009
2028
2032
2040
2045
2074
2110
2153
2199
2253
2292
2256
2165
2073
2008
1974
1976
2009
2047
2024
1991
2003
2071
2170
2287
2345
2355
2266
2120
1955
1879
1886
1951
2056
2127
2182
2139
2166
2166
2160
2157
2133
2093
2080
2085
2091
2128
2146
2153
2124
2087
2045
2017
2018
2045
2075
2101
2130
2172
2231
2260
2256
2180
2120
2054
1980
1942
1959
2001
2055
2096
2078
2050
2000
1971
1972
2039
2098
2174
2213
2218
2171
2097
2031
2047
2059
2099
2134
2139
2139
2106
2055
2033
2020
2016
2016
2010
2007
2012
2024
2035
2076
2099
2153
2158
2148
2153
2142
2117
2080
2050
2023
1989
1971
2003
2062
2129
2211
2247
2213
2132
2069
2025
2057
2118
2200
2240
2224
2156
2053
1977
1956
2015
2099
2164
2183
2141
2052
1956
1936
1989
2127
2255
2309
2288
2177
2031
1934
1905
1983
2118
2207
2212
2144
2015
1908
1876
1901
2009
2114
2199
2169
2126
2028
2109
2128
2087
2007
1961
1990
2064
2145
2145
2144
2115
1984
1925
2006
2108
2109
2092
2077
2057
2056
2149
2222
2184
2128
2111
2047
1934
1967
2035
2064
2098
2111
2008
1908
1896
1998
2096
2221
2287
2223
2014
1877
1869
1931
2044
2106
2101
2123
2142
2162
2189
2172
2136
2072
2001
1967
2026
2080
2169
2268
2320
2248
2075
1916
1864
1960
2104
2201
2257
2199
2053
1938
1940
2069
2236
2310
2304
2151
2002
1919
1981
2154
2261
2290
2204
2079
1971
1950
2088
2264
2319
2279
2222
2127
2020
1979
2100
2265
2337
2185
2004
1898
1941
2047
2173
2240
2185
2107
2016
1975
2040
2178
2235
2186
2100
2052
2094
2145
2216
2230
2243
2167
2096
1999
1991
2092
2200
2189
2030
2159
2237
2215
2130
2007
1933
2014
2117
2124
2135
2032
1862
1849
1985
2144
2216
2252
2145
1954
1896
2003
2087
2214
2306
2192
2022
1982
1988
2097
2194
2223
2143
1993
1841
1888
2037
2179
2207
2217
2171
2066
1967
2004
2120
2162
2185
2088
1998
2031
2131
2250
2309
2233
2146
2055
1933
2034
2169
2161
2091
2057
1961
1994
2117
2191
2169
2092
1997
1960
2111
2233
2256
2231
2076
1915
1919
2117
2234
2262
2249
2184
2014
1953
2022
2111
2183
2171
2088
1984
1960
2072
2172
2205
2155
2084
1952
1932
2098
2224
2221
2126
2035
1990
1934
2023
2164
2165
2072
1932
1801
1853
1978
2103
2190
2234
2220
2045
1897
1938
2115
2208
2172
2121
2065
2042
2083
2167
2213
2081
1940
1893
1971
2095
2216
2238
2239
2168
2106
2046
1962
2026
2132
2138
2078
2031
1933
1997
2192
2266
2208
2112
1969
1924
2080
2174
2170
2161
2087
1964
1947
2020
2063
2149
2256
2261
2256
2191
2077
2077
2065
1966
1911
2061
2189
2211
2256
2151
1936
1903
1997
2037
2092
2232
2166
2041
2033
2092
2216
2294
2290
2191
2048
1978
2022
2099
2185
2231
2154
2008
1985
1948
2009
2108
2182
2158
2176
2092
1960
2036
2145
2172
2184
2128
1998
1964
2091
2168
2258
2280
2103
1898
1845
1890
1950
2092
2202
2137
2072
2051
1993
2040
2078
2077
2057
2062
2053
2097
2106
2065
2080
2120
2087
2123
2190
2156
2060
2117
2102
2064
2163
2233
2189
2107
2094
2064
2107
2057
2185
2354
2311
2211
2224
2080
1810
1794
1904
2077
2383
2517
2196
1868
1822
1912
2030
2193
2197
2174
2167
2096
2082
2187
2246
2258
2190
2061
1976
2064
2179
2288
2210
2053
2088
2163
2054
1945
1964
2007
2143
2272
2169
1965
2021
2151
2194
2157
2111
1992
1912
1910
1866
1914
2125
2285
2237
2099
1859
1657
1785
2170
2388
2328
2158
1955
1713
1661
1820
2059
2304
2537
2439
2044
1790
1775
1859
2086
2232
2173
2131
2215
2247
2297
2275
2011
1779
1888
2087
2182
2321
2312
2087
1924
1887
1928
2181
2408
2374
2156
1983
1942
2018
2168
2149
2071
2089
2091
2169
2325
2258
1940
1843
1969
2079
2193
2175
2027
2019
2088
2118
2248
2211
2029
2014
2186
1613
2172
2496
2535
2236
1847
1664
1746
1968
2191
2375
2344
2154
1884
1912
2285
2685
2609
2192
1762
1617
1783
2098
2134
1978
1963
2094
2077
2113
2343
2485
2401
2115
1796
1503
1513
1888
2382
2504
2322
2211
2155
2042
2075
2172
2087
2034
2083
1968
1842
2027
2366
2537
2443
2166
1869
1845
2122
2428
2500
2277
2062
1870
1757
1762
1944
2117
2262
2380
2420
2333
2224
2146
2034
1746
1508
1581
1931
2280
2443
2301
2038
1995
2130
2274
2310
2112
1858
1842
1992
1985
1970
2048
2126
2213
2332
2273
2115
2120
2143
2158
2166
2189
2234
2280
2328
2274
2054
1816
1947
2266
2412
2261
2024
1809
1714
1892
2175
2278
2202
2145
2032
1913
2000
2113
2056
2111
2334
2025
1865
1741
1855
2319
2780
2717
2050
1447
1725
2686
3174
2728
1822
1076
861
1367
2341
3158
3318
2894
2417
2136
1826
1420
1437
1990
2529
2494
2115
1943
2121
2350
2446
2374
2136
1971
2135
2472
2439
1795
1223
1437
2172
2682
2749
2491
2076
1704
1613
1758
1959
2162
2438
2604
2375
1819
1367
1316
1426
1704
2065
2361
2380
2348
2308
2097
1685
1455
1742
2359
2889
2865
2269
1564
1253
1485
1998
2609
2946
2848
2463
1982
1511
1216
1342
1938
2563
2801
2554
2144
1796
1595
1624
1916
2409
2689
2686
2474
2025
1336
777
936
1828
2776
3439
3551
2910
1880
1255
1199
1481
1916
2395
2527
2181
1760
1684
1900
2287
3035
3532
2973
1651
778
705
1131
1898
1855
2278
2588
2623
2378
1931
1594
1650
2114
2515
2604
2309
1881
1649
1682
1946
2277
2471
2496
2408
2274
1975
1518
1068
1021
1623
2630
3564
3826
3208
2061
1088
791
1111
1631
1934
1906
1856
2104
2664
3052
2877
2086
1080
368
440
1330
2691
3880
4095
3711
2297
736
1
82
1085
2352
3409
3958
3942
3438
2542
1437
459
1
269
1287
2616
3684
4046
3601
2502
1412
934
1340
2418
3421
3676
3116
2108
1206
726
742
1072
1637
2247
2675
2967
3116
3020
2700
2225
1680
1250
1172
1599
2326
2901
3019
2780
2420
2198
2119
1964
1585
1092
930
1196
1806
2416
2911
3176
3235
3061
2658
2063
1544
1349
1452
1615
1663
1637
1766
2169
2719
3205
3342
2974
2787
3880
4095
4095
4095
3865
2895
1714
528
1
1
2
84
1095
2304
3402
4095
4095
4095
3881
3064
2150
1359
834
610
699
938
1216
1544
1818
2013
2067
1985
1911
1971
2273
2783
3390
3847
3958
3538
2637
1494
390
0
0
1
271
1371
2565
3630
4095
4095
4095
4095
3702
2941
2102
1253
499
1
1
0
52
811
1983
3219
4095
4095
4095
4095
4020
2863
1403
1
1
1
1
1
971
3007
4095
4095
4095
4095
4095
3700
1605
1
0
1
0
0
86
1695
3360
4095
4095
4095
4095
4095
3928
2320
473
2
1
1
1
39
1704
3582
4095
4095
4095
4095
4089
2814
1463
495
1
22
378
905
1405
1780
2052
2189
2290
7
1
0
0
1
0
0
1
17
411
933
1443
1942
2421
2796
3070
3330
3503
3569
3566
3487
3343
3168
2905
2597
2303
2017
1773
1496
1231
1011
871
777
682
719
829
994
1223
1475
1861
2267
2652
3101
3533
3944
4095
4095
4095
4095
4095
4095
4095
4095
3952
3489
2928
2363
1744
1188
607
88
1
0
3
1
1
1
1
2
2
1
49
496
990
1510
2044
2509
2989
3383
3776
4095
4095
4095
4095
4095
4095
4095
4095
4095
4095
4095
4095
3760
3217
2642
2048
1472
853
300
0
1
2
0
0
0
0
0
1
0
0
0
1
245
722
1229
1728
2211
2698
3188
3614
3966
4095
4095
4095
4095
4095
4095
4095
