2091
2089
2094
2080
2090
2100
2093
2112
2092
2079
2092
2097
2080
2075
2088
2101
2091
2080
2074
2082
2104
2109
2110
2108
2099
2098
2095
2095
2090
2090
2088
2097
2087
2093
2117
2082
2097
2102
2098
2081
2116
2104
2078
2082
2082
2082
2089
2104
2107
2105
2118
2105
2091
2069
2103
2086
2093
2088
2077
2087
2091
2081
2075
2088
2101
2089
2108
2073
2083
2086
2100
2097
2101
2102
2094
2109
2099
2076
2073
2105
2105
2117
2096
2098
2094
2084
2097
2098
2101
2085
2087
2080
2090
2098
2075
2096
2095
2096
2098
2105
2106
2089
2088
2107
2091
2083
2099
2091
2088
2092
2096
2085
2090
2105
2083
2084
2088
2102
2080
2086
2082
2105
2096
2110
2093
2100
2101
2084
2140
2157
2138
2142
2144
2128
2122
2149
2175
2137
2133
2138
2140
2148
2156
2152
2130
2134
2160
2151
2168
2148
2145
2159
2157
2145
2147
2150
2160
2139
2147
2162
2157
2144
2170
2156
2150
2155
2142
2144
2136
2130
2120
2120
2134
2138
2123
2133
2127
2115
2103
2096
2100
2080
2074
2062
2063
2072
2056
2052
2040
2025
2022
2022
2012
2033
2016
1998
2007
1993
1997
1991
1989
2017
2015
1991
1989
2007
2002
1991
1990
2000
2002
2007
2018
2034
2005
2007
2029
2044
2038
2039
2056
2063
2086
2099
2089
2075
2092
2102
2123
2120
2120
2133
2134
2141
2134
2137
2110
2129
2129
2117
2108
2119
2112
2119
2125
2117
2109
2096
2107
2098
2117
2109
2112
2108
2085
2081
2096
2076
2054
2064
2026
2015
2022
2020
2025
2032
2018
2041
2075
2079
2112
2144
2162
2177
2211
2235
2231
2219
2222
2193
2181
2141
2130
2106
2072
2036
1999
1964
1916
1912
1899
1876
1870
1876
1871
1888
1907
1946
1976
2013
2058
2082
2124
2161
2191
2208
2249
2271
2308
2306
2271
2294
2274
2287
2278
2273
2264
2230
2215
2207
2175
2142
2112
2094
2072
2061
2046
2018
2011
2012
2008
2002
2001
1996
2009
2027
2030
2013
2037
2053
2043
2071
2089
2102
2094
2103
2098
2119
2139
2129
2144
2139
2130
2088
2072
2057
2039
1994
1939
1933
1908
1894
1876
1881
1870
1883
1904
1944
1977
2017
2052
2128
2160
2169
2214
2240
2272
2296
2331
2341
2363
2351
2344
2331
2224
2265
2316
2331
2320
2284
2257
2232
2214
2206
2221
2253
2280
2253
2232
2200
2155
2101
2047
1974
1895
1826
1753
1696
1695
1711
1757
1817
1884
1956
2025
2075
2117
2158
2227
2256
2254
2262
2269
2281
2293
2307
2310
2298
2270
2251
2198
2151
2083
2012
1956
1912
1902
1890
1861
1864
1870
1870
1912
1944
1961
1990
1991
2014
2021
2043
2082
2134
2182
2202
2225
2232
2220
2219
2246
2278
2293
2281
2275
2209
2121
2055
2006
1979
1998
1989
1996
1997
1979
1955
1962
1995
2036
2057
2084
2085
2072
2092
2109
2130
2153
2154
2197
2222
2208
2216
2180
2140
2127
2095
2084
2069
2090
2086
2114
2111
2097
2071
2011
2020
2045
2093
2127
2145
2138
2115
2094
2109
2060
2005
1949
1877
1816
1747
1709
1694
1700
1732
1781
1893
1986
2089
2197
2273
2313
2355
2380
2338
2292
2251
2222
2161
2132
2120
2105
2075
2112
2158
2184
2226
2242
2269
2281
2295
2291
2272
2220
2175
2092
2027
1935
1857
1786
1734
1695
1686
1679
1720
1789
1859
1944
2054
2124
2203
2306
2350
2377
2375
2368
2337
2278
2236
2179
2098
2032
1948
1877
1851
1828
1811
1843
1890
1938
2010
2095
2171
2232
2298
2326
2341
2333
2276
2232
2164
2117
2057
2023
2007
2018
2030
2068
2071
2143
2192
2230
2286
2345
2361
2355
2328
2303
2255
2184
2128
2033
1998
1928
1900
1874
1851
1880
1927
1976
2028
2086
2184
2260
2323
2326
2316
2264
2209
2151
2094
2049
2008
1969
1827
1679
1565
1442
1338
1308
1343
1412
1544
1720
1950
2139
2289
2397
2481
2562
2616
2625
2564
2470
2383
2338
2344
2341
2289
2244
2218
2170
2141
2088
2000
1841
1650
1497
1431
1455
1521
1586
1649
1715
1802
1922
2082
2227
2305
2352
2337
2389
2430
2491
2526
2518
2513
2456
2415
2378
2348
2349
2303
2232
2062
1940
1838
1833
1823
1782
1797
1765
1747
1775
1847
1920
1968
2005
2052
2070
2081
2131
2221
2351
2466
2599
2666
2673
2643
2616
2556
2482
2386
2229
2050
1897
1761
1649
1565
1531
1539
1609
1689
1795
1895
1989
2077
2116
2171
2211
2219
2201
2217
2214
2229
2247
2280
2269
2253
2214
2198
2127
2045
1937
1831
1738
1661
1568
1543
1517
1533
1632
1628
1645
1706
1782
1886
2005
2092
2165
2243
2266
2273
2233
2197
2142
2095
2030
1970
1948
1932
1945
1987
2033
2088
2134
2194
2240
2278
2290
2324
2305
2238
2199
2127
2065
1985
1964
1923
1888
1893
1930
1947
1982
2042
2076
2108
2120
2142
2155
2115
2099
2084
2079
2065
2053
2081
2085
2104
2114
2168
2186
2188
2219
2239
2256
2238
2209
2154
2059
1978
1886
1788
1710
1660
1648
1685
1713
1818
1926
2040
2175
2325
2453
2523
2587
2623
2617
2577
2504
2417
2327
2270
2208
2152
2144
2128
2131
2137
2138
2151
2129
2076
2008
1935
1833
1737
1634
1572
1526
1516
1592
1677
1809
1989
2166
2369
2542
2656
2760
2797
2779
2688
2573
2423
2254
2091
1950
1855
1819
1931
2109
2242
2376
2413
2377
2288
2170
2119
2105
2091
2038
1978
1893
1841
1851
1944
2027
2084
2072
2047
1984
1954
1962
2009
2069
2141
2184
2255
2349
2437
2535
2568
2570
2473
2352
2249
2105
1959
1752
1555
1405
1286
1283
1404
1533
1679
1821
1974
2133
2319
2534
2737
2874
2888
2823
2741
2669
2619
2586
2567
2479
2312
2103
1962
1849
1830
1834
1844
1844
1866
1868
1866
1849
1910
1967
2063
2181
2280
2354
2387
2399
2415
2398
2399
2310
2193
2082
1994
1970
1966
1966
1922
1829
1725
1709
1722
1823
1935
1995
2038
2050
2153
2278
2412
2528
2587
2614
2611
2558
2456
2267
2016
1741
1537
1374
1285
1279
1347
1431
1582
1748
1915
2046
2125
2134
2146
1651
1492
1392
1357
1438
1579
1801
2038
2264
2485
2634
2735
2725
2692
2555
2362
2111
1845
1599
1377
1216
1142
1169
1285
1444
1704
1983
2256
2534
2800
2962
3078
3121
3084
2949
2754
2506
2218
1910
1633
1472
1381
1353
1408
1548
1744
1957
2184
2366
2530
2615
2670
2624
2547
2427
2253
2088
1909
1775
1640
1586
1573
1611
1715
1836
1992
2168
2333
2472
2530
2564
2560
2471
2364
2229
2058
1913
1774
1686
1646
1652
1709
1801
1902
2022
2199
2343
2450
2514
2543
2552
2489
2399
2289
2168
2023
1896
1835
1801
1789
1820
1877
1991
2092
2164
2256
2295
2340
2332
2311
2247
2195
2137
2070
2001
1951
1946
1944
1969
2031
2080
2148
2243
2290
2317
2294
2229
2142
2123
2014
1966
1966
2042
2177
2377
2557
2697
2740
2679
2617
2517
2421
2269
2037
1723
1346
914
619
459
501
682
932
1174
1401
1676
2001
2350
2749
3093
3364
3533
3571
3546
3398
3162
2901
2652
2398
2263
2133
2024
1889
1726
1530
1383
1241
1176
1145
1147
1125
1113
1165
1328
1546
1845
2164
2440
2678
2888
3138
3404
3623
3780
3776
3624
3336
2986
2592
2275
1981
1746
1497
1260
1007
821
724
778
946
1191
1448
1648
1790
1936
2046
2173
2303
2440
2512
2515
2518
2532
2542
2528
2484
2332
2090
1851
1707
1627
1655
1686
1783
1894
1998
2062
2089
2144
2174
2261
2349
2477
2613
2765
2812
2859
2904
2887
2799
2593
2363
2074
1800
1631
1500
1431
1331
1944
1573
1276
1031
910
918
962
1164
1437
1768
2066
2394
2698
2942
3091
3179
3174
3118
2983
2739
2447
2165
1864
1634
1410
1232
1145
1115
1146
1308
1522
1749
1977
2224
2402
2556
2642
2630
2612
2536
2440
2296
2147
1967
1812
1711
1606
1560
1552
1608
1694
1840
2005
2201
2380
2516
2600
2621
2571
2493
2403
2260
2132
2027
1956
1950
1970
2034
2134
2249
2361
2497
2583
2674
2718
2685
2624
2497
2323
2105
1886
1715
1570
1456
1402
1431
1492
1588
1720
1839
1916
1981
2023
2046
2070
2082
2070
2138
2188
2263
2343
2444
2542
2631
2700
2695
2613
2506
2342
2148
1886
1657
1409
1269
1104
1023
1058
1192
1419
1700
1987
2221
2456
2634
2744
2767
2756
2639
1508
1478
1620
1811
2045
2244
2336
2370
2322
2232
2127
2056
1943
1865
1750
1663
1479
1327
1189
1082
1080
1187
1388
1647
1939
2151
2293
2339
2359
2357
2435
2619
2908
3256
3580
3814
3853
3786
3487
3131
2789
2478
2248
2088
1903
1717
1501
1248
964
730
589
540
642
839
1128
1459
1801
2123
2424
2684
2889
3086
3244
3365
3483
3555
3532
3397
3168
2822
2438
2050
1718
1475
1354
1283
1224
1184
1056
872
696
613
642
866
1214
1640
2073
2396
2599
2665
2648
2584
2608
2660
2781
2927
3007
3020
2915
2693
2412
2159
1961
1775
1672
1636
1673
1676
1663
1657
1647
1688
1746
1890
2095
2327
2543
2721
2820
2860
2853
2781
2676
2557
2457
2325
2167
1982
1778
2436
3033
3597
3996
4095
4095
4095
4095
4050
3550
2960
2331
1683
1131
651
320
188
184
337
631
1023
1502
1986
2454
2907
3280
3581
3737
3787
3663
3400
3044
2618
2100
1589
1126
747
497
375
403
604
869
1249
1670
2087
2503
2821
3092
3289
3372
3330
3200
2933
2603
2179
1726
1277
871
587
424
414
576
888
1301
1845
2382
2903
3377
3817
4095
4095
4095
4095
4042
3722
3277
2756
2196
1618
1060
593
248
38
17
178
461
888
1387
1949
2496
2980
3393
3678
3861
3930
3850
3668
3399
3050
2622
2166
1698
1263
839
518
312
227
319
528
877
1295
1791
2303
2804
3276
3601
3861
3926
3902
3763
3486
3106
2650
2117
1552
1009
487
2856
2873
2821
2712
2599
2510
2472
2532
2652
2852
3096
3323
3461
3587
3587
3518
3440
3247
3020
2789
2544
2263
1990
1624
1259
892
560
307
171
166
331
593
974
1362
1811
2278
2644
2925
3125
3225
3205
3133
2974
2762
2591
2429
2236
2057
1854
1648
1424
1262
1124
1048
1057
1169
1364
1646
1929
2228
2435
2580
2655
2683
2708
2720
2757
2823
2870
2896
2848
2732
2592
2417
2248
2156
2112
2114
2182
2243
2321
2345
2350
2302
2227
2108
2020
1858
1654
1392
1103
865
617
464
397
450
617
909
1237
1601
1912
2200
2524
2742
3008
3316
3583
3825
3941
3968
3815
3514
3060
2478
1885
1362
908
598
416
371
393
486
670
864
1143
1489
1903
2355
4095
4095
3937
3369
2713
2048
1382
733
130
2
1
1
1
2
2
1
63
634
1337
2019
2713
3380
3976
4095
4095
4095
4095
4095
4095
4095
4090
3563
2919
2259
1586
966
439
13
3
1
1
2
2
85
559
1109
1688
2291
2867
3394
3896
4095
4095
4095
4095
4095
4095
4095
3641
3086
2452
1780
1103
470
3
1
2
1
1
0
2
146
762
1429
2127
2824
3442
3987
4095
4095
4095
4095
4095
4095
4095
3870
3268
2638
1936
1235
583
1
1
1
1
0
1
3
2
14
557
1189
1828
2468
3051
3560
3996
4095
4095
4095
4095
4095
4095
3990
3574
3092
2582
2028
1488
1013
555
244
0
1
1
0
176
484
