2110
2096
2096
2080
2087
2093
2091
2094
2091
2089
2101
2087
2074
2088
2094
2110
2100
2102
2077
2096
2090
2087
2090
2069
2094
2084
2098
2099
2100
2104
2098
2096
2096
2085
2093
2094
2081
2083
2082
2078
2096
2072
2089
2099
2097
2103
2100
2090
2088
2097
2066
2086
2087
2086
2077
2068
2084
2096
2088
2088
2071
2082
2099
2100
2124
2087
2099
2091
2078
2103
2095
2087
2079
2073
2097
2084
2101
2104
2086
2089
2083
2092
2091
2093
2100
2094
2104
2096
2094
2082
2078
2091
2097
2089
2100
2095
2088
2104
2118
2105
2086
2097
2100
2089
2104
2101
2074
2092
2093
2082
2090
2096
2102
2091
2088
2081
2079
2075
2088
2104
2106
2110
2097
2091
2086
2108
2091
2108
2173
2158
2181
2172
2166
2164
2163
2170
2187
2180
2184
2174
2200
2173
2200
2178
2170
2184
2179
2183
2176
2172
2168
2175
2175
2177
2185
2180
2189
2189
2194
2197
2204
2198
2189
2211
2199
2181
2176
2169
2169
2162
2162
2149
2104
2088
2083
2083
2061
2051
2020
2019
1986
2003
1979
1956
1948
1934
1937
1931
1923
1933
1925
1920
1916
1926
1918
1924
1949
1957
1967
1976
2000
1998
2014
2025
2012
2024
2039
2060
2056
2098
2060
2064
2095
2095
2090
2084
2106
2095
2081
2088
2080
2108
2067
2087
2094
2135
2136
2127
2116
2135
2136
2148
2158
2154
2146
2174
2169
2175
2174
2182
2173
2165
2200
2181
2160
2158
2144
2155
2128
2128
2111
2130
2111
2113
2106
2096
2275
2257
2224
2174
2137
2070
2030
1975
1936
1901
1876
1892
1905
1901
1933
1982
2048
2117
2152
2192
2228
2241
2222
2221
2233
2239
2187
2164
2142
2136
2131
2125
2139
2118
2123
2136
2151
2166
2179
2170
2144
2157
2144
2131
2114
2084
2051
2061
2068
2061
2071
2101
2091
2097
2109
2105
2110
2107
2086
2077
2053
2056
2066
2060
2051
2052
2061
2059
2080
2100
2133
2130
2118
2146
2144
2127
2128
2086
2074
2040
2033
1988
1997
2011
2024
2024
2063
2088
2114
2117
2111
2122
2105
2107
2115
2081
2048
2034
2020
2015
2018
2021
2065
2084
2103
2146
2176
2216
2188
2185
2181
2164
2152
2112
2067
2045
2023
1987
1991
1982
1980
2028
2049
2092
2151
2180
2186
2199
2231
2168
2056
1953
1872
1843
1837
1912
2041
2182
2281
2312
2336
2288
2245
2160
2040
1971
1976
2028
2069
2092
2153
2198
2152
2067
1983
1886
1823
1790
1810
1923
2039
2169
2294
2371
2418
2399
2306
2197
2103
2048
1986
2001
2062
2154
2217
2232
2217
2200
2123
2066
2001
1974
1991
1998
2024
2079
2119
2121
2121
2086
2052
2034
2020
2002
2023
2042
2071
2107
2145
2162
2174
2138
2098
2024
1993
1963
1938
1954
2036
2120
2198
2231
2233
2146
2045
1949
1913
1911
1948
2030
2152
2252
2272
2263
2220
2101
1979
1861
1829
1839
1904
2034
2135
2227
2278
2282
2221
2147
2091
2039
1990
2000
2051
2092
2120
2128
2170
2182
2184
2189
2186
2162
2081
2060
2020
2015
2143
2174
2084
1986
1979
2095
2203
2202
2108
2025
1975
1988
1991
2032
2058
2057
2076
2089
2058
2011
2043
2184
2258
2215
2188
2246
2225
2018
1850
1825
1858
1906
2035
2181
2236
2212
2228
2198
2078
1954
1990
2059
2114
2146
2218
2234
2140
2088
2118
2094
2065
2045
2046
2029
2045
2167
2244
2225
2175
2128
2100
2043
2032
2074
2069
2068
2094
2037
1970
2014
2057
2083
2136
2193
2173
2114
2085
2057
2000
2040
2072
2071
2070
2122
2112
2068
2098
2180
2161
2088
2010
1924
1914
2017
2128
2076
2053
2193
2201
2119
2104
2150
2080
2053
2112
2125
2016
2003
2110
2152
2136
2128
2127
2083
2044
1976
1927
1949
1987
2092
2164
2181
2183
2229
2257
2202
2153
2156
2205
2248
2190
2100
2019
1979
2003
2068
2131
2154
2103
1999
1946
1942
2008
2164
2309
2345
2288
2138
2011
1960
1974
2032
2070
2102
2165
2163
2093
1963
1917
1943
2060
2164
2170
2113
2062
2030
2055
2079
2145
2217
2255
2208
2098
1975
1891
1891
2020
2195
2344
2319
2202
2107
2089
2135
2143
2162
2148
2126
2095
2065
2005
1981
2020
2071
2112
2140
2142
2116
2035
2036
2119
2210
2173
2002
1871
1906
2068
2209
2200
2118
2076
2041
1988
1885
1863
1963
2119
2175
2118
2041
2009
2029
2056
2057
2043
2104
2179
2251
2229
2091
1926
1850
1852
1961
2104
2247
2189
2008
1893
1918
2064
2158
2132
2071
2071
2136
2190
2155
2050
1957
1986
2089
2193
2189
2136
2149
2183
2051
1971
1973
2108
2225
2277
2208
2091
1983
1947
2004
2067
2070
2017
1903
1880
1918
2044
2144
2229
2181
2075
1991
1978
2026
2115
2141
2088
1964
1901
1936
2048
2145
2230
2248
2158
2077
2053
2075
2140
2195
2188
2118
1988
1848
1831
1914
2098
2259
2278
2160
2005
1854
1847
2010
2237
2406
2358
2153
1901
1758
1803
1995
2215
2296
2241
2068
1928
1947
2103
2241
2225
2054
1863
1806
1928
2178
2381
2406
2221
1991
1880
1893
2012
2191
2324
2295
2180
2073
2041
2095
2152
2182
2110
2001
1963
2000
2128
2237
2327
2330
2274
2132
1972
1898
1936
2069
2173
2250
2251
2171
2128
2103
2103
2085
2104
2105
2131
2153
2156
2133
2058
1992
1992
2038
2134
2181
2155
2198
2118
1992
1966
1971
2066
2218
2265
2232
2143
2005
1945
1967
2085
2208
2252
2202
2114
1986
1975
2106
2176
2195
2196
2184
2106
2029
2019
2105
2203
2151
2012
1880
1837
1957
2177
2357
2407
2293
2058
1891
1899
2060
2206
2237
2206
2154
2032
1932
1999
2139
2164
2126
2117
2139
2127
2135
2229
2219
2050
1916
1955
2079
2223
2280
2119
1833
1693
1785
1959
2169
2380
2399
2159
1878
1773
1876
2106
2224
2202
2200
2195
2136
2149
2159
2065
1932
1906
2005
2147
2207
2184
2156
2062
1944
1992
2172
2283
2274
2202
2097
1993
1976
2097
2242
2285
2131
1997
1982
1979
2033
2145
2297
2338
2247
2075
1987
1974
1957
1958
2103
2254
2211
2083
2045
2100
2033
2231
2318
2295
2204
2070
1998
1991
2015
2074
2145
2102
2063
2098
2052
2026
2113
2114
2085
2070
1968
1867
1907
2062
2232
2298
2228
2056
1896
1811
1857
1948
2092
2150
2067
2033
2080
2067
1972
1921
1879
1878
2036
2213
2282
2300
2284
2295
2207
2095
2097
2037
2029
2186
2245
2165
2162
2100
1926
1914
2099
2209
2229
2201
2066
1832
1771
1898
2054
2236
2445
2373
2129
2037
1957
1901
1984
2130
2205
2167
2049
1947
1872
1877
2064
2160
2127
2196
2197
2121
2147
2141
2011
1823
1777
1827
1945
2210
2446
2382
2180
2024
1828
1876
2144
2333
2324
2255
2078
1816
1785
1973
2119
2257
2374
2224
1942
1854
1906
1998
2160
2314
2344
2276
2191
2098
2007
1984
2008
1952
1720
1662
1934
2281
2452
2352
2040
1666
1595
1966
2390
2365
2017
1799
1884
2118
2385
2537
2364
1925
1633
1688
1853
1996
2146
2232
2183
2150
2293
2369
2176
1976
2079
2289
2352
2228
2029
1938
1994
2116
2219
2212
2079
2008
2002
1869
1757
1947
2387
2601
2551
2369
2225
2171
2214
2361
2448
2257
1859
1530
1404
1506
1846
2266
2537
2572
2501
2411
2120
1675
1549
2002
2618
2714
2154
1487
1155
1312
1777
2378
2916
3169
3037
2462
1600
901
951
1769
2620
2712
2309
1864
1496
1169
1242
1900
2744
3242
3224
2576
1667
1274
1662
2179
2279
2253
2292
2129
1764
1536
1538
1789
2429
3077
2824
1829
1112
1180
1674
2237
2735
2768
2307
1818
1497
1391
1727
1699
1672
1986
2490
2873
2909
2569
2007
1544
1376
1552
1877
2088
2190
2179
2145
2183
2264
2315
2237
2053
1907
1851
1893
1949
1982
1999
2088
2148
2151
2112
2008
1909
1820
1848
1997
2179
2293
2346
2276
2060
1759
1569
1538
1828
2356
2866
3113
2912
2340
1665
1246
1252
1672
2255
2633
2599
2280
1947
1727
1893
2359
2816
2941
2587
1933
1306
1016
1197
1776
2449
2884
2942
2569
2014
1611
1483
1640
2026
2481
2724
2782
2674
2537
2404
2328
2278
2205
2061
1878
1674
1553
1565
1798
2172
2410
2433
2260
2112
1944
1862
1897
1999
2039
1984
1830
1777
1846
2147
2592
2815
2542
1968
1547
1543
1843
2198
2364
2345
2334
2338
2305
2236
2140
2099
2069
1960
1891
895
1118
1632
2234
2755
3086
3125
2868
2295
1571
1057
1032
1506
2211
2864
3117
2952
2420
1714
1236
1164
1489
2016
2518
2735
2584
2142
1705
1556
1648
1967
2254
2361
2276
2152
2100
2200
2316
2399
2290
2032
1804
1664
1761
2142
2589
2901
2839
2481
2010
1595
1424
1561
2012
2519
2760
2519
1999
1497
1249
1314
1705
2387
2927
2955
2424
1602
1068
1053
1523
2292
3012
3204
2655
1710
891
734
1354
2409
3317
3555
2944
1953
1147
817
1049
1660
2355
2737
2608
2098
1634
1513
1743
2128
2548
2878
3127
3144
2779
2058
1263
678
629
1197
2243
3249
3706
3360
2427
1401
886
1281
2276
3238
3539
2962
1780
644
304
1056
2381
3470
3804
3288
2198
1043
582
557
1
0
0
0
0
784
2454
4015
4095
4095
4095
4095
4095
2568
776
0
1
0
0
0
1349
3091
4095
4095
4095
4095
4095
3269
1579
130
0
1
0
329
1586
2860
3888
4095
4095
4095
3409
2287
1134
181
0
2
158
956
1902
2798
3472
3872
4002
3894
3561
3057
2480
1896
1301
768
398
201
185
385
805
1415
2150
2857
3380
3566
3384
2829
2140
1458
1003
899
1247
2002
3017
3986
4095
4095
4095
3248
1868
346
0
1
0
0
8
1491
3310
4095
4095
4095
3976
2259
324
1
0
3
751
2589
4095
4095
4095
4095
4095
3414
1561
2
1
0
0
213
1810
3134
3727
3579
2913
1957
1142
767
1046
1833
2852
1213
469
3
1
0
0
0
0
1
0
0
0
22
513
1179
1919
2715
3532
4095
4095
4095
4095
4095
4095
4095
4095
4095
4095
4095
4095
3541
2744
1891
1026
171
1
1
2
1
1
0
1
0
1
1
1
1
2
0
277
787
1281
1857
2427
3038
3598
4095
4095
4095
4095
4095
4095
4095
4095
4095
4095
4095
4095
4095
4001
3536
3008
2448
1815
1170
492
1
2
0
1
1
0
1
1
0
1
1
0
126
710
1391
2042
2711
3341
3978
4095
4095
4095
4095
4095
4095
4095
4095
4095
4095
4095
4095
4095
4095
3339
2194
1040
1
1
2
1
1
3
1
1
1
0
0
2
0
58
908
1799
6
1
1
2
1
0
1
1
0
0
0
0
0
1
0
1
1
1
0
2
1
1
1
216
573
901
1219
1565
1901
2226
2556
2936
3282
3672
4005
4095
4095
4095
4095
4095
4095
4095
4095
4095
4095
4095
4095
4095
4095
4095
4095
4095
4095
4095
4095
4095
4095
4095
4095
4095
4095
4095
4095
4095
4095
4095
3999
3346
2647
1964
1285
640
35
1
0
2
1
0
0
1
1
0
0
0
0
0
0
0
1
0
0
1
0
0
0
0
0
0
2
0
55
545
1104
1640
2193
2710
3194
3709
4095
4095
4095
4095
4095
4095
4095
4095
4095
4095
4095
4095
4095
4095
4095
4095
4095
4095
4095
4095
