2103
2115
2091
2109
2086
2109
2105
2104
2096
2093
2103
2088
2095
2096
2092
2091
2102
2086
2095
2083
2086
2083
2094
2102
2100
2090
2091
2096
2109
2097
2109
2094
2082
2072
2091
2103
2099
2092
2087
2077
2086
2089
2104
2101
2092
2087
2092
2096
2086
2099
2092
2099
2088
2092
2094
2100
2098
2104
2105
2106
2086
2100
2086
2078
2073
2106
2111
2103
2099
2097
2102
2105
2130
2122
2097
2101
2095
2091
2090
2090
2105
2096
2088
2102
2095
2076
2089
2078
2097
2117
2107
2090
2095
2119
2098
2088
2081
2090
2105
2097
2073
2076
2094
2100
2091
2083
2080
2094
2099
2089
2102
2091
2089
2082
2080
2109
2091
2071
2077
2088
2066
2087
2088
2078
2089
2079
2090
2091
2094
2085
2104
2088
2096
2097
2101
2089
2113
2119
2106
2108
2087
2102
2109
2103
2108
2108
2090
2108
2110
2103
2113
2113
2102
2103
2119
2105
2095
2117
2132
2095
2096
2096
2107
2096
2123
2123
2112
2130
2125
2136
2131
2120
2104
2110
2109
2109
2116
2120
2094
2101
2124
2135
2110
2083
2105
2100
2094
2085
2090
2093
2095
2100
2096
2108
2086
2104
2125
2116
2109
2114
2088
2067
2077
2091
2115
2095
2083
2088
2104
2107
2093
2099
2070
2093
2098
2082
2070
2064
2077
2087
2072
2064
2080
2066
2066
2071
2076
2069
2064
2076
2071
2071
2041
2058
2056
2049
2050
2055
2056
2061
2066
2049
2056
2049
2042
2032
2046
2041
2049
2053
2032
2052
2049
2055
2041
2051
1901
1883
1874
1883
1887
1917
1909
1953
1986
1991
1984
2013
2020
2027
2020
2017
2020
2017
2008
2007
1990
2016
2005
2005
2043
2045
2064
2087
2114
2142
2186
2200
2211
2226
2250
2278
2286
2266
2259
2237
2201
2199
2155
2145
2095
2090
2043
2024
2001
1997
1983
1952
1946
1947
1927
1910
1909
1904
1905
1895
1912
1920
1918
1942
1954
1996
2001
2049
2079
2098
2128
2157
2184
2182
2206
2206
2213
2216
2224
2193
2208
2221
2189
2211
2198
2195
2208
2210
2222
2222
2222
2199
2205
2184
2181
2165
2132
2110
2077
2033
2010
1976
1935
1932
1921
1887
1902
1886
1886
1878
1906
1907
1924
1957
1953
1962
1959
1984
2009
2028
2053
2069
2087
2107
2153
2165
2177
2184
1890
1929
1946
1971
1964
1984
2027
2087
2150
2207
2251
2284
2284
2278
2295
2292
2337
2349
2368
2368
2330
2270
2208
2150
2104
2057
2022
1994
1977
1937
1923
1919
1939
1957
1968
2004
2018
2066
2089
2115
2112
2127
2114
2130
2122
2108
2104
2080
2042
2015
2040
2051
2079
2077
2072
2068
2047
2041
2036
2035
2016
2061
2065
2077
2070
2075
2072
2071
2087
2109
2131
2179
2175
2184
2218
2234
2239
2240
2239
2229
2184
2169
2144
2149
2120
2143
2142
2143
2130
2107
2064
2034
1986
1972
1977
1981
2006
1988
1990
1985
2011
2030
2060
2085
2080
2108
2109
2101
2091
2110
2138
2181
2165
2151
2065
2039
2024
2011
2016
2050
2066
2055
2069
2069
2095
2114
2155
2192
2191
2157
2133
2097
2055
2047
2026
2016
2003
1972
1924
1893
1888
1867
1855
1887
1900
1946
1962
2028
2073
2104
2149
2188
2225
2256
2305
2335
2337
2349
2321
2266
2210
2140
2082
2027
1996
1980
1998
2009
2041
2059
2072
2118
2147
2158
2161
2167
2148
2124
2083
2044
1982
1926
1896
1877
1878
1887
1926
1973
2042
2113
2151
2202
2233
2275
2290
2274
2237
2182
2163
2083
2038
2033
1998
2009
2034
2072
2130
2192
2240
2298
2332
2344
2337
2285
2241
2138
2079
1973
1874
1832
1794
1801
1798
1827
1885
1975
2072
2167
2241
2295
2345
2350
2322
2278
2210
2164
2135
2118
2060
2031
2007
2011
1989
2014
2028
2052
2106
2138
2148
2149
2130
2096
2013
1943
1892
1836
2079
2143
2239
2326
2359
2350
2363
2345
2301
2236
2203
2163
2146
2155
2158
2143
2153
2107
2060
2024
1972
1877
1822
1759
1720
1721
1757
1842
1921
2020
2137
2259
2324
2374
2384
2386
2337
2263
2196
2139
2127
2116
2150
2191
2238
2272
2232
2186
2127
2098
2038
2003
1989
1975
1968
1982
2011
2053
2128
2208
2257
2273
2241
2154
2030
1890
1798
1747
1758
1830
1960
2086
2179
2237
2213
2155
2046
1983
1978
2011
2120
2239
2351
2433
2478
2505
2536
2522
2447
2330
2209
2039
1850
1716
1676
1714
1777
1819
1885
1919
1924
1936
1976
2003
2079
2102
2122
2141
2173
2265
2377
2469
2556
2574
2527
2440
2331
2218
2137
2071
1990
1920
1842
1761
1712
1689
1692
1704
1606
1881
2190
2478
2705
2864
2928
2913
2812
2640
2450
2258
2114
1996
1876
1782
1727
1687
1674
1688
1732
1768
1862
1977
2082
2149
2249
2324
2356
2376
2387
2353
2262
2165
2079
1978
1883
1790
1714
1673
1641
1646
1702
1779
1887
1992
2129
2228
2340
2365
2365
2340
2278
2192
2083
2020
1959
1900
1908
1912
1963
2023
2088
2155
2228
2244
2266
2241
2210
2173
2112
2035
1966
1879
1821
1806
1784
1835
1871
1922
2003
2111
2246
2384
2514
2643
2752
2819
2826
2781
2635
2424
2192
1931
1691
1459
1315
1198
1174
1243
1397
1609
1886
2164
2462
2722
2913
3038
3070
2968
2768
2487
2153
1838
1522
1294
1150
1112
1172
1313
1540
1763
1997
2214
2404
2548
2634
2700
2390
2234
2089
1952
1853
1843
1883
2006
2161
2318
2476
2583
2640
2647
2627
2544
2410
2289
2170
2019
1877
1798
1754
1752
1814
1902
2028
2176
2325
2441
2530
2588
2606
2569
2506
2385
2230
2069
1923
1790
1689
1584
1513
1499
1563
1644
1800
1978
2204
2396
2568
2661
2687
2659
2570
2444
2269
2093
1899
1762
1649
1585
1572
1602
1664
1747
1836
1889
1933
1964
1995
1993
1995
2039
2071
2093
2151
2152
2161
2157
2136
2106
2057
2017
1984
1976
1962
1974
2027
2067
2106
2117
2127
2123
2107
2099
2074
2022
1961
1938
1917
1886
1900
1939
2010
2073
2184
2276
2369
2423
2455
2461
2422
2363
2280
2176
2089
2024
1995
1953
1946
1990
2046
2054
2078
2110
2101
2091
1228
1353
1517
1689
1844
1985
2128
2327
2489
2630
2668
2654
2614
2637
2637
2580
2395
2061
1672
1367
1243
1333
1556
1764
1866
1865
1800
1823
2009
2240
2526
2717
2828
2804
2662
2449
2241
2083
1999
1954
1875
1751
1628
1561
1584
1700
1847
2010
2141
2264
2329
2363
2363
2329
2290
2289
2282
2194
2094
1973
1911
1865
1849
1798
1801
1818
1863
1967
2077
2204
2342
2487
2582
2646
2655
2583
2473
2299
2098
1880
1681
1548
1502
1449
1388
1384
1442
1557
1738
1913
2072
2226
2386
2534
2676
2771
2798
2773
2728
2623
2503
2328
2139
1945
1760
1635
1538
1466
1447
1474
1576
1725
1905
2073
2274
2478
2680
2806
2809
2722
2601
2451
2308
2125
1944
1761
1547
1400
2968
2842
2593
2246
1890
1567
1283
1159
1130
1233
1409
1641
1910
2200
2518
2780
2941
2984
2888
2677
2361
2064
1766
1524
1424
1428
1533
1718
1985
2268
2534
2755
2898
2946
2900
2730
2541
2308
2073
1902
1803
1777
1795
1852
1918
1957
1926
1891
1834
1809
1783
1781
1813
1857
1950
2029
2092
2210
2325
2427
2509
2580
2633
2618
2517
2371
2183
1951
1722
1507
1382
1340
1353
1443
1627
1817
2063
2277
2463
2570
2603
2570
2474
2328
2152
1992
1902
1848
1832
1827
1805
1787
1769
1755
1753
1770
1809
1836
1885
1932
1959
1978
1996
2048
2097
2182
2276
2333
2388
2411
2421
2365
2314
2255
2222
2197
2212
2247
2299
2346
2370
2382
2370
2323
2228
2105
2000
1904
2075
2191
2315
2480
2648
2797
2863
2894
2808
2714
2656
2573
2422
2211
1975
1789
1640
1570
1593
1638
1646
1611
1593
1592
1653
1746
1796
1775
1759
1804
2004
2287
2593
2785
2857
2840
2741
2656
2589
2510
2379
2194
1956
1714
1559
1481
1511
1584
1721
1812
1925
2046
2192
2320
2406
2476
2464
2358
2208
2080
1994
2008
2075
2157
2166
2074
1986
1934
1989
2087
2192
2203
2129
1942
1862
1855
1968
2133
2258
2277
2227
2119
2053
2064
2058
2069
2014
1951
1873
1840
1874
1970
2121
2242
2367
2421
2458
2474
2442
2400
2311
2188
1998
1785
1575
1404
1341
1357
1431
1550
1670
1759
1932
2141
2440
2715
2911
2952
2830
2609
2382
2212
2090
1938
1739
1459
1204
1045
62
0
1
254
828
1622
2460
3226
3818
4095
4095
4021
3563
2940
2250
1566
984
600
455
575
894
1408
2024
2642
3177
3550
3671
3560
3261
2774
2152
1502
908
475
229
250
558
1101
1788
2533
3163
3665
3902
3906
3671
3212
2631
2003
1388
907
600
516
637
1006
1571
2175
2783
3265
3503
3545
3319
2927
2391
1845
1347
938
673
571
689
960
1439
2045
2704
3321
3764
3964
3904
3586
3038
2364
1677
1075
573
310
270
385
680
1136
1678
2279
2879
3382
3709
3839
3773
3482
3041
2555
2053
1644
1375
1264
1286
1459
1769
2124
2493
2829
3052
3137
3066
2878
2568
2198
1829
1505
1207
1068
1028
1104
1323
1609
1929
2239
2536
2733
2865
2847
1343
1235
1220
1282
1445
1693
1987
2310
2545
2720
2839
2975
3112
3180
3196
3076
2794
2397
1931
1480
1083
775
594
543
584
781
1055
1485
2022
2602
3177
3640
3914
3990
3823
3466
3045
2654
2351
2153
2036
1936
1840
1663
1534
1455
1457
1410
1397
1230
1013
714
400
212
218
480
942
1560
2169
2789
3333
3796
4095
4095
4095
4095
4095
4095
3956
3237
2463
1779
1219
851
626
542
528
584
659
790
984
1246
1460
1613
1702
1744
1757
1865
2068
2385
2856
3360
3793
4087
4095
4095
3943
3628
3224
2754
2299
1905
1566
1273
1001
847
862
1114
1522
1941
2317
2528
2543
2356
1931
1406
870
518
277
199
203
285
497
829
1262
1899
2652
3472
1530
1721
1912
2070
2224
2311
2377
2367
2330
2253
2148
2055
1965
1874
1823
1832
1898
1990
2129
2311
2493
2649
2769
2844
2838
2759
2619
2455
2205
1933
1672
1370
1107
839
644
530
525
708
1067
1552
2187
2830
3425
3944
4095
4095
4095
4095
4095
3665
3087
2455
1791
1166
556
1
1
1
3
0
0
18
674
1563
2447
3313
4066
4095
4095
4095
4095
4095
4095
3836
3029
2152
1210
270
0
0
0
0
1
0
2
919
2088
3230
4095
4095
4095
4095
4095
4095
4095
4095
3574
2603
1561
469
1
2
1
0
1
0
1
939
2330
3684
4095
4095
4095
4095
4095
4095
4095
3932
2713
1361
10
2
0
3
1
0
2
2
3541
4095
4095
4095
4095
4095
4095
4095
4095
4095
4095
4095
3777
2505
1175
2
2
1
1
1
1
1
0
1
1
1
1
256
1444
2602
3679
4095
4095
4095
4095
4095
4095
4095
4095
4095
4095
4095
4095
4095
4034
3544
3031
2528
2036
1567
1112
669
280
1
1
1
1
0
1
0
0
0
0
1
1
0
0
1
0
427
1107
1873
2669
3442
4095
4095
4095
4095
4095
4095
4095
4095
4095
4095
4095
4095
4095
4095
4095
4095
3022
1350
0
0
0
0
0
0
0
0
1
1
2
1
0
1
2
1
1703
3791
4095
4095
4095
4095
4095
4095
4095
4095
4095
4095
4095
4095
4095
4095
4095
4095
3228
1338
