2123
2097
2099
2124
2121
2121
2101
2113
2119
2124
2110
2083
2095
2098
2109
2126
2102
2109
2107
2113
2125
2108
2080
2075
2088
2106
2100
2126
2117
2110
2097
2114
2108
2108
2112
2107
2123
2096
2099
2080
2095
2092
2078
2095
2080
2098
2103
2076
2095
2086
2097
2092
2115
2103
2099
2103
2075
2083
2073
2102
2068
2083
2086
2087
2084
2085
2084
2082
2069
2073
2074
2095
2104
2104
2118
2074
2096
2103
2117
2093
2087
2064
2079
2086
2072
2068
2080
2087
2092
2064
2081
2099
2092
2087
2088
2123
2077
2063
2084
2095
2068
2068
2094
2067
2081
2085
2101
2115
2100
2118
2088
2080
2078
2088
2088
2087
2070
2076
2057
2094
2092
2092
2086
2041
2074
2077
2049
2074
2085
2082
2085
2067
2073
2073
2083
2087
2076
2082
2101
2102
2091
2089
2094
2084
2080
2089
2060
2078
2122
2105
2083
2070
2093
2099
2079
2078
2101
2084
2082
2064
2101
2086
2077
2066
2066
2085
2066
2069
2108
2106
2109
2084
2073
2104
2098
2074
2087
2112
2112
2096
2109
2115
2091
2073
2077
2097
2086
2093
2087
2088
2087
2106
2074
2072
2111
2091
2074
2090
2090
2103
2091
2129
2129
2109
2114
2090
2089
2092
2089
2085
2109
2086
2091
2095
2082
2079
2088
2098
2106
2107
2097
2087
2092
2091
2119
2103
2148
2123
2114
2088
2087
2083
2100
2112
2096
2110
2107
2131
2095
2103
2077
2080
2117
2107
2106
2105
2100
2098
2106
2085
2113
2100
2090
2093
2107
2085
2175
2176
2145
2148
2136
2109
2073
2061
2047
2033
2022
1984
1983
1987
1978
1981
1971
1957
1947
1964
1956
1970
1964
1984
1984
1988
2006
2033
2049
2056
2059
2086
2104
2120
2122
2149
2149
2211
2209
2203
2208
2209
2195
2214
2203
2210
2214
2220
2211
2197
2164
2161
2161
2138
2104
2127
2080
2074
2088
2070
2062
2013
2018
2003
1981
1966
1947
1957
1941
1942
1933
1921
1922
1916
1914
1909
1925
1920
1944
1992
2017
2017
2049
2079
2106
2148
2192
2181
2219
2250
2296
2307
2313
2334
2314
2328
2362
2316
2302
2295
2273
2238
2216
2194
2184
2147
2129
2091
2068
2030
2014
2012
1984
1984
1966
1963
1945
1956
1986
1974
1973
1997
2004
2015
2032
2023
2014
2040
2249
2220
2178
2140
2087
2013
1976
1921
1910
1920
1937
2000
2053
2116
2142
2176
2175
2188
2169
2117
2078
2056
2054
2055
2096
2098
2130
2134
2120
2109
2079
2085
2081
2083
2079
2058
2077
2097
2102
2115
2101
2085
2075
2067
2067
2072
2109
2091
2097
2089
2052
2033
2017
2033
2068
2093
2133
2164
2191
2192
2171
2117
2127
2102
2053
2050
2068
2077
2103
2153
2169
2189
2199
2187
2179
2213
2213
2222
2202
2185
2161
2150
2118
2096
2054
2015
1988
1948
1919
1874
1882
1924
1975
2005
2093
2165
2203
2232
2241
2207
2119
2072
1989
1943
1904
1935
2005
2087
2129
2173
2239
2242
2250
2265
2318
2349
2378
2376
2353
2226
2125
2003
1935
1881
1918
1980
2057
2141
2133
2159
2082
2016
1981
1971
1964
1972
1933
1936
2016
2153
2281
2289
2244
2188
2114
2063
2059
2117
2128
2168
2159
2164
2184
2230
2196
2196
2144
2106
2088
2081
2057
2027
1976
2012
2029
2045
2084
2142
2215
2250
2228
2183
2135
2126
2094
2074
2063
2055
2069
2088
2111
2111
2137
2185
2165
2133
2059
1995
1969
1979
2065
2065
2077
2084
2096
2095
2054
2030
2033
2071
2097
2093
2070
2087
2152
2206
2207
2169
2075
1951
1874
1848
1896
1921
1976
2017
2047
2152
2232
2274
2306
2315
2241
2138
2015
1892
1826
1853
1905
2007
2114
2168
2178
2213
2230
2191
2089
2028
1979
1960
1975
1973
1992
2058
2151
2235
2240
2190
2121
2057
2067
2109
2128
2124
2122
2100
1912
1875
1909
1991
2035
2096
2095
2087
2066
2080
2125
2146
2106
1962
1797
1680
1731
1979
2233
2336
2239
2145
2160
2165
2226
2295
2265
2063
1839
1795
1962
2143
2210
2260
2315
2307
2190
2050
1966
1964
2006
2045
2091
2109
2059
2052
2032
1976
1920
1964
2064
2137
2152
2184
2265
2358
2375
2298
2136
2008
1974
2068
2100
2062
1977
1902
1863
1855
1978
2084
2093
2062
1952
1876
1825
1893
2001
2139
2272
2312
2216
2004
1905
2007
2131
2134
2027
1900
1888
2056
2316
2471
2413
2193
1979
1934
2066
2206
2221
2159
2076
2043
2104
2240
2335
2335
2225
2129
2038
1950
2013
2092
2068
2024
2032
2057
1992
1986
2029
2088
2034
1928
1892
1880
1981
2128
2229
2256
2197
2334
2330
2283
2120
1984
1885
1835
1904
2044
2163
2217
2226
2168
2082
1992
1980
2049
2200
2363
2439
2397
2251
2056
1852
1745
1756
1858
2075
2269
2370
2350
2234
2100
1976
1913
1936
1982
2036
2078
2073
2051
2021
2048
2092
2182
2223
2231
2199
2109
2018
1965
1980
2032
2120
2189
2199
2154
2080
1979
1926
1921
2001
2130
2218
2260
2238
2179
2108
2018
1999
2015
2088
2204
2250
2247
2151
2054
1992
1966
1990
2014
2015
2050
2074
2067
2029
1998
2020
2078
2141
2209
2257
2281
2275
2215
2122
2039
1988
1951
1962
1974
2007
2059
2093
2116
2149
2207
2239
2245
2214
2146
2049
1969
1907
1934
1995
2064
2099
2087
2060
2041
2016
2020
2056
2095
2115
2131
1765
1833
2053
2273
2343
2327
2185
1960
1828
1901
2009
1965
1875
1908
2067
2220
2359
2556
2672
2558
2242
1983
1797
1695
1643
1680
1769
2026
2397
2607
2539
2408
2296
1976
1646
1695
2017
2219
2325
2499
2515
2287
2092
2056
1969
1840
1871
2057
2222
2292
2371
2377
2244
2081
2048
2069
1975
1944
2015
2085
2092
2173
2237
2315
2402
2473
2352
2197
2121
2078
2035
2083
2170
2170
2079
1902
1759
1749
1880
2017
2142
2326
2423
2392
2261
2134
2066
2069
1988
1863
1778
1790
1890
2113
2333
2343
2215
2110
2020
1873
1871
2061
2208
2179
2172
2169
2185
2094
1906
1776
1777
1835
2001
2249
2337
2282
2207
2093
1818
1623
1693
1952
2149
2338
2415
2381
2293
2177
1695
1663
1787
2021
2256
2431
2466
2388
2249
2096
2041
2060
2125
2175
2149
2101
1998
1881
1847
1924
2081
2235
2320
2268
2107
1922
1799
1831
1994
2211
2394
2451
2306
2029
1728
1509
1457
1673
2057
2414
2616
2628
2442
2189
1955
1868
1960
2130
2318
2377
2277
2100
1860
1655
1656
1829
2080
2314
2369
2318
2132
1922
1794
1813
2018
2311
2563
2637
2558
2282
1913
1652
1543
1582
1803
2088
2347
2513
2489
2310
2085
1825
1715
1719
1850
2064
2335
2549
2657
2599
2414
2215
2044
1951
2036
2211
2363
2450
2420
2296
2097
1919
1865
1905
2036
2178
2294
2274
2142
1946
1807
1783
1865
1965
2072
2117
2158
2207
2259
2273
2339
2317
2250
2178
2099
2021
2020
1954
2407
2613
2576
2222
1804
1662
1539
1485
1753
2165
2413
2526
2539
2295
1906
1678
1710
1834
1933
2087
2368
2694
2822
2685
2489
2460
2304
1981
1888
2165
2458
2461
2310
2167
2027
1849
1646
1624
1909
2271
2485
2499
2384
2267
2107
1923
1737
1611
1677
1948
2231
2396
2479
2512
2419
2247
2088
2094
2123
1971
1750
1761
2071
2361
2385
2312
2376
2413
2319
2214
2234
2316
2282
2254
2281
2253
2173
2035
1888
1728
1661
1864
2213
2451
2313
1898
1472
1338
1489
1707
1920
2297
2772
3061
3012
2652
2028
1388
1003
1101
1530
1896
2056
2184
2371
2464
2322
1955
1572
1390
1476
1705
1917
2145
2325
2391
2335
2213
2076
1887
1692
1624
1754
1906
2004
2120
2236
2177
2022
2178
2214
2202
2162
2110
2094
2152
2269
2340
2347
2264
2144
1965
1740
1626
1647
1820
2100
2385
2604
2693
2744
2676
2504
2224
1918
1660
1411
1216
1154
1413
1772
2040
2233
2383
2535
2626
2544
2280
1929
1599
1413
1515
1853
2364
2756
2936
2797
2429
2011
1632
1473
1624
1892
1930
1765
1617
1717
1886
1876
1759
1877
2163
2320
2184
2078
2386
2981
3436
3539
3551
3410
2883
1960
1036
579
684
1143
1786
2527
2983
2792
2085
1380
1122
1320
1684
2059
2279
2325
2059
1690
1649
2131
2803
3114
2828
2177
1561
1334
1521
1970
2548
2962
3037
2754
2375
2073
1900
1866
2004
2039
1789
1278
1027
1226
1752
2229
2432
2373
2174
2049
2112
2288
2363
2404
2449
2028
1757
1666
1684
1631
1467
1337
1442
1897
2540
3107
3277
3052
2680
2414
2327
2267
2080
1624
1120
827
929
1327
1946
2543
2950
3112
3062
3025
3045
3044
2876
2409
1796
1311
1246
1585
2089
2365
2302
1994
1697
1618
1725
1960
2186
2288
2136
1832
1674
1728
2014
2260
2210
1894
1513
1386
1625
2000
2216
2158
1892
1608
1524
1668
2065
2489
2862
2986
2820
2437
2062
1868
1962
2111
2112
1874
1561
1348
1418
1858
2497
3072
3340
3112
2426
1615
950
668
786
1223
1762
2299
2746
3033
3218
3254
3147
2815
2341
1954
1775
1814
1902
1980
2046
2122
2181
2244
2262
2443
2641
2765
2655
2267
1704
1113
706
708
1130
1849
2640
3193
3282
2956
2402
1791
1398
2698
3000
3017
2897
2706
2622
2670
2868
3162
3536
3938
4095
4095
4095
4000
3694
3299
2778
2146
1336
471
0
0
2
0
187
830
1310
1597
1718
1787
1782
1677
1413
992
506
60
1
38
457
1110
1902
2754
3594
4095
4095
4095
4095
4095
4095
4092
3437
2778
2190
1728
1448
1362
1489
1836
2263
2655
2821
2664
2284
1816
1401
1038
757
502
310
240
379
775
1391
2082
2652
3013
3152
3057
2877
2633
2358
2042
1714
1472
1346
1538
1983
2535
3037
3340
3410
3349
3181
2976
2684
2289
1692
989
392
28
0
105
415
727
983
1225
1497
1866
2303
2684
2944
2945
2795
2688
2762
3013
3410
3804
3995
3986
3843
3735
3696
3791
3780
3579
3182
4095
4095
4095
3527
2315
1109
7
1
1
1
1
1
0
0
0
2
0
0
0
80
901
1779
2652
3380
4032
4095
4095
4095
4095
4095
4095
4095
4095
4095
4095
4095
3789
3166
2485
1787
1109
451
0
1
1
0
1
0
0
0
0
1
37
638
1299
1973
2628
3242
3794
4095
4095
4095
4095
4095
4095
4095
4095
4095
4095
3874
3347
2780
2205
1601
1010
478
1
1
1
1
2
1
0
1
1
1
111
614
1112
1602
2036
2451
2802
3084
3293
3468
3543
3616
3606
3555
3480
3378
3277
3123
2977
2795
2667
2517
2389
2261
2143
2042
1941
1872
1805
1752
1692
1676
1670
1661
1636
1681
1721
1800
1852
1930
2014
2113
1876
1906
1949
1968
1997
2057
2112
2121
2168
2191
2235
2265
2292
2345
2376
2412
2432
2460
2497
2501
2543
2547
2567
2597
2619
2631
2656
2663
2674
2663
2648
2664
2675
2697
2692
2680
2687
2690
2679
2675
2658
2659
2632
2604
2590
2571
2555
2554
2518
2494
2472
2439
2414
2382
2324
2312
2275
2240
2214
2187
2136
2096
2067
2018
2004
1951
1933
1903
1860
1848
1807
1760
1731
1728
1694
1640
1611
1622
1572
1566
1527
1504
1519
1511
1499
1487
1500
1462
1459
1456
1462
1463
1477
1503
1500
1545
1552
1569
1601
1625
1656
1714
1764
1797
1820
1875
1899
1961
2011
2061
2127
2187
2232
2275
2323
2372
2429
2493
2553
2605
2664
2699
2745
2791
2847
2900
2944
2980
