2087
2099
2097
2102
2092
2076
2103
2111
2101
2096
2098
2086
2087
2091
2102
2095
2113
2108
2098
2099
2093
2088
2093
2112
2102
2089
2097
2090
2092
2097
2098
2092
2088
2094
2082
2096
2106
2104
2109
2096
2096
2101
2090
2102
2089
2093
2100
2096
2098
2111
2104
2094
2106
2119
2096
2103
2078
2088
2089
2101
2102
2104
2106
2090
2088
2096
2089
2100
2102
2096
2092
2098
2088
2084
2104
2092
2101
2100
2111
2097
2078
2083
2071
2086
2084
2090
2076
2100
2074
2066
2087
2072
2091
2090
2102
2104
2116
2104
2104
2111
2109
2108
2116
2094
2097
2087
2080
2083
2098
2077
2100
2080
2101
2091
2107
2079
2098
2101
2087
2089
2090
2085
2096
2095
2099
2091
2093
2106
2097
2098
2086
2088
2102
2088
2093
2095
2090
2088
2092
2104
2110
2099
2108
2097
2095
2094
2088
2096
2107
2082
2086
2084
2106
2097
2102
2104
2104
2095
2119
2096
2100
2095
2098
2078
2095
2088
2088
2090
2082
2102
2072
2096
2102
2098
2100
2093
2099
2094
2094
2088
2081
2068
2090
2090
2093
2097
2087
2099
2101
2086
2086
2088
2074
2074
2064
2057
2095
2084
2090
2103
2103
2081
2093
2086
2080
2085
2102
2076
2085
2111
2102
2104
2096
2097
2087
2107
2112
2109
2095
2100
2104
2095
2078
2076
2104
2087
2088
2078
2085
2080
2097
2104
2094
2088
2100
2085
2115
2080
2085
2090
2098
2090
2077
2088
2084
2086
2095
2097
2095
2104
2092
2083
2097
2082
2090
2103
2112
2109
2116
2104
2093
2097
2098
2098
2082
2077
2073
2059
2060
2046
2052
2057
2042
2047
2024
2018
2027
2025
2007
2022
1996
1996
1998
1983
2001
2005
1984
2000
1996
2003
1990
2002
1997
2018
2006
2012
2018
2008
2016
2024
2033
2036
2018
2038
2039
2051
2053
2051
2070
2060
2072
2099
2108
2106
2112
2106
2108
2116
2131
2136
2132
2145
2158
2170
2150
2154
2166
2183
2196
2193
2199
2195
2194
2219
2205
2195
2196
2196
2189
2192
2192
2184
2183
2210
2192
2188
2191
2194
2169
2172
2155
2170
2165
2157
2169
2168
2158
2146
2134
2125
2127
2115
2121
2121
2105
2103
2094
2078
2084
2050
2048
2047
2043
2012
2024
2020
2011
2002
1979
1995
1987
1958
1956
1940
2184
2232
2256
2272
2288
2232
2171
2113
2074
2019
2007
2052
2080
2098
2128
2129
2152
2173
2182
2206
2220
2254
2264
2301
2302
2323
2308
2280
2254
2223
2197
2173
2153
2152
2151
2174
2205
2240
2230
2231
2235
2247
2256
2272
2255
2229
2172
2179
2140
2104
2056
2016
1958
1917
1880
1844
1828
1838
1841
1887
1921
1968
2011
2040
2054
2053
2054
2039
2023
2015
2022
2013
2018
2011
1990
1997
1995
2012
2060
2087
2152
2213
2269
2288
2306
2298
2296
2284
2279
2298
2320
2344
2345
2312
2262
2189
2118
2062
2013
2001
2008
2046
2077
2102
2122
2128
2104
2105
2092
2135
2148
2203
2267
2298
2325
2318
2287
2234
2182
2102
2010
1968
1924
1902
1868
1900
1915
1912
2190
2217
2238
2233
2235
2230
2204
2197
2187
2181
2214
2243
2238
2206
2193
2137
2088
2064
2038
2015
1998
1973
1946
1916
1867
1836
1813
1814
1831
1874
1899
1948
2015
2096
2194
2292
2396
2465
2520
2538
2500
2447
2363
2258
2154
2064
1959
1876
1834
1822
1837
1908
2007
2124
2243
2354
2439
2470
2438
2369
2228
2068
1901
1755
1653
1618
1628
1697
1803
1909
2003
2063
2090
2095
2039
1981
1910
1859
1855
1849
1893
2003
2137
2291
2426
2541
2608
2618
2542
2446
2294
2157
2032
1902
1853
1832
1858
1925
2010
2100
2151
2188
2197
2191
2134
2104
2071
2075
2112
2186
2261
2321
2410
2475
2496
2467
2392
2247
2101
1910
1769
1686
1673
1700
1788
1903
1974
2060
2036
2038
1955
1800
1686
1650
1691
1729
1757
1822
1935
2079
2211
2359
2546
2719
2813
2864
2838
2763
2574
2364
2116
1971
1837
1700
1557
1507
1562
1614
1601
1577
1628
1784
2003
2144
2230
2309
2438
2554
2548
2416
2264
2088
1972
1886
1838
1798
1739
1691
1759
1940
2079
2086
2077
2181
2445
2667
2732
2673
2622
2682
2722
2584
2291
2009
1852
1773
1663
1503
1370
1380
1515
1684
1859
1969
2109
2278
2508
2753
2848
2766
2648
2547
2454
2285
2037
1821
1763
1824
1845
1805
1762
1827
1985
2096
2081
2050
2131
2291
2408
2400
2298
2184
2137
2097
2046
1976
1876
1798
1819
1957
2110
2200
2190
2154
2162
2201
2257
2298
2356
2393
2384
2298
2182
2072
2003
1937
2405
2365
2264
2149
1978
1868
1832
1847
1941
2112
2283
2434
2561
2599
2565
2456
2315
2101
1879
1652
1512
1460
1504
1688
1935
2190
2411
2560
2648
2594
2508
2381
2204
2028
1860
1716
1621
1604
1654
1787
1959
2167
2336
2450
2541
2509
2398
2225
2031
1833
1672
1602
1617
1713
1872
2094
2311
2484
2634
2690
2711
2638
2482
2301
2096
1892
1676
1512
1430
1475
1646
1931
2252
2573
2804
2886
2795
2587
2259
1935
1623
1416
1311
1396
1599
1808
2100
2355
2506
2562
2459
2250
1928
1605
1312
1077
1010
1146
1432
1814
2286
2714
3066
3257
3292
3189
2936
2601
2240
1931
1674
1487
1378
1340
1381
1491
1666
1918
2211
2486
2697
2770
2695
2503
2229
1914
1620
1408
2180
1919
1715
1546
1453
1438
1529
1769
2026
2204
2321
2430
2495
2469
2326
2167
2094
2060
2041
1952
1821
1714
1769
1910
2036
2101
2095
2131
2331
2565
2630
2470
2217
2053
2032
2064
2014
1885
1796
1860
2023
2228
2319
2226
2071
2016
2052
1981
1782
1655
1798
2137
2422
2511
2468
2432
2427
2374
2224
2027
1858
1768
1771
1791
1804
1815
1865
1933
2033
2060
1982
1884
1908
2080
2225
2207
2056
1854
1824
2004
2306
2492
2503
2476
2473
2600
2622
2471
2149
1759
1526
1513
1690
1925
2051
1988
1826
1789
2024
2467
2824
2823
2489
2004
1590
1426
1507
1688
1748
1682
1667
1879
2290
2641
2806
2786
2684
2509
2283
1949
1659
1512
1527
1672
1847
2020
2154
2377
2768
2381
2072
1824
1682
1650
1703
1799
1898
1969
1999
2030
2064
2105
2098
2032
1904
1752
1560
1416
1308
1279
1379
1612
1944
2363
2816
3205
3452
3473
3248
2814
2288
1774
1368
1158
1128
1271
1520
1813
2085
2292
2407
2457
2485
2493
2488
2472
2429
2329
2170
1924
1676
1495
1460
1592
1843
2109
2309
2395
2369
2290
2218
2172
2192
2206
2148
2014
1842
1719
1712
1842
2058
2268
2394
2393
2309
2204
2132
2056
1914
1640
1294
970
832
935
1309
1878
2510
3036
3383
3520
3458
3236
2889
2471
2095
1823
1721
1784
1928
2012
2042
2019
2048
2158
2354
2595
2784
2869
2851
2713
2492
2207
1900
1594
1355
1292
1373
1564
1770
1874
1912
1866
1767
1714
1689
1776
1758
2053
2206
2279
2317
2319
2291
2206
1948
1676
1423
1275
1301
1499
1786
2124
2465
2770
2998
3070
2999
2758
2410
2078
1780
1512
1346
1249
1283
1434
1751
2113
2489
2715
2804
2656
2440
2146
1849
1542
1294
1170
1250
1552
2033
2584
3037
3316
3346
3212
2932
2593
2206
1838
1496
1205
1062
1056
1226
1512
1881
2231
2536
2696
2720
2575
2289
1949
1584
1302
1178
1254
1478
1814
2202
2567
2863
3051
3116
3060
2910
2653
2389
2111
1888
1786
1802
1860
1943
2028
2089
2095
2080
2024
1944
1783
1655
1603
1630
1755
1937
2132
2321
2475
2582
2617
2585
2509
2384
2212
1998
1831
1695
1665
1678
1754
1852
1917
1968
2019
2036
2072
2067
2096
2130
2217
2368
2522
2697
2025
1536
1264
1133
1049
1056
1301
1849
2608
3254
3457
3152
2527
1893
1479
1298
1301
1412
1623
1930
2287
2537
2578
2388
2057
1707
1490
1518
1749
2038
2204
2097
1697
1174
730
579
807
1312
1906
2467
2958
3384
3677
3707
3334
2624
1849
1231
890
758
665
551
468
543
862
1401
2049
2689
3263
3749
4095
4095
3927
3248
2320
1343
523
3
0
8
499
1299
2147
2807
3137
3154
2978
2722
2507
2356
2268
2222
2173
2038
1790
1479
1161
960
1006
1352
1951
2636
3130
3240
2934
2398
1841
1447
1276
1293
1492
1914
2522
3152
3615
3702
3392
2851
2395
2206
2222
2223
2055
1745
1380
1115
1015
1032
1166
1492
2040
2748
3472
4033
4095
3960
3384
1778
846
111
2
3
348
1180
2160
3088
3747
4034
3902
3435
2724
1951
1243
754
536
589
917
1401
1942
2438
2793
2949
2865
2584
2150
1672
1272
1022
983
1153
1483
1912
2384
2830
3215
3474
3570
3460
3180
2741
2256
1766
1380
1114
957
930
1066
1320
1738
2232
2744
3173
3450
3549
3482
3255
2911
2466
1942
1376
844
456
300
414
731
1202
1742
2275
2776
3196
3479
3589
3464
3085
2531
1911
1324
938
742
771
1002
1392
1852
2333
2764
3086
3265
3266
3095
2839
2542
2264
2004
1775
1592
1440
1354
1354
1431
1581
1781
1998
2188
2352
2467
2541
2600
2628
2603
2522
2402
2217
1957
1679
1440
1210
1050
958
902
932
1053
1278
1636
2096
2588
3343
3063
2581
2075
1752
1826
2311
3020
3690
4095
4095
3827
3339
2697
1888
903
1
2
2
0
2
2
656
1535
2314
3056
3734
4095
4095
4095
4008
3662
3378
3138
2833
2400
1888
1403
1018
681
306
2
3
4
15
834
2058
3390
4095
4095
4095
4095
4095
4095
3268
1666
1
2
1
2
3
3
4
1014
2781
4095
4095
4095
4095
4095
4095
3927
2568
1322
362
1
2
2
132
799
1545
2168
2566
2760
2856
2876
2763
2422
1898
1345
1012
1050
1439
1951
2328
2451
2390
2338
2467
2799
3161
3385
3405
3276
3179
3179
3252
3259
3056
2510
1685
759
4
1
3
1
2
4
133
1025
2035
3081
4095
4095
4095
4095
4095
4095
1544
1984
2328
2568
2742
2898
3067
3183
3190
3032
2722
2325
1932
1640
1488
1455
1485
1524
1527
1520
1552
1645
1816
2055
2307
2518
2652
2708
2694
2654
2629
2632
2632
2585
2485
2334
2208
2135
2126
2083
1904
1520
945
300
2
1
3
2
98
671
1381
2196
3108
4048
4095
4095
4095
4095
4095
3575
2343
1136
173
2
2
66
866
1892
2956
3947
4095
4095
4095
4095
4095
3371
1983
648
1
1
1
1
496
1652
2920
4095
4095
4095
4095
4095
4095
4095
2944
1178
3
1
2
2
0
4
96
1410
2897
4095
4095
4095
4095
4095
4095
3347
1676
38
1
1
1
2
3
1
173
1771
3533
4095
4095
4095
4095
4095
4095
3560
1665
1683
1816
2062
2368
2670
2949
3126
3234
3200
3095
2894
2666
2416
2172
2008
1882
1844
1877
1950
2053
2167
2257
2312
2363
2439
2510
2624
2795
2967
3176
3362
3490
3546
3470
3227
2830
2254
1524
707
1
3
1
1
2
3
1
1
2
2
1
0
452
1731
3107
4095
4095
4095
4095
4095
4095
4095
4095
4095
4095
4095
4095
4095
3724
1740
1
2
2
0
1
2
2
3
3
1
1
2
1
13
2040
4095
4095
4095
4095
4095
4095
4095
4095
4095
4095
4095
4095
4095
4095
1760
1
0
1
1
3
1
4
3
2
1
4
4
1
3
1375
3734
4095
4095
4095
4095
4095
4095
4095
4095
4095
4095
4095
4095
