2097
2108
2087
2100
2090
2098
2093
2097
2079
2097
2098
2088
2089
2084
2085
2088
2091
2086
2104
2110
2101
2079
2080
2095
2071
2085
2077
2077
2091
2088
2089
2109
2094
2099
2102
2092
2096
2096
2096
2105
2105
2079
2088
2085
2079
2078
2079
2072
2081
2107
2090
2102
2097
2097
2086
2116
2107
2096
2099
2095
2097
2095
2104
2101
2090
2096
2097
2071
2089
2087
2096
2075
2083
2083
2104
2112
2089
2096
2119
2100
2096
2104
2103
2110
2109
2080
2095
2090
2102
2099
2084
2086
2103
2111
2098
2095
2098
2096
2077
2094
2101
2105
2106
2105
2095
2103
2110
2099
2096
2090
2087
2086
2101
2097
2102
2101
2098
2093
2085
2084
2080
2086
2080
2097
2086
2097
2108
2088
2093
2076
2096
2100
2108
2069
2074
2079
2093
2108
2092
2094
2092
2082
2092
2108
2100
2090
2080
2088
2078
2087
2088
2092
2099
2094
2099
2114
2081
2090
2099
2090
2103
2103
2111
2111
2119
2109
2104
2080
2100
2103
2096
2118
2125
2104
2093
2094
2083
2083
2086
2076
2081
2094
2109
2097
2098
2097
2099
2100
2095
2095
2082
2081
2104
2091
2091
2110
2111
2083
2090
2090
2093
2103
2095
2092
2090
2096
2100
2097
2099
2090
2084
2072
2080
2093
2108
2096
2099
2108
2093
2084
2105
2090
2090
2104
2076
2073
2075
2088
2085
2090
2100
2105
2094
2114
2092
2100
2091
2088
2092
2071
2078
2082
2085
2094
2092
2116
2103
2110
2102
2097
2097
2095
2078
2101
2094
2097
2187
2169
2157
2162
2173
2164
2159
2148
2138
2139
2134
2138
2131
2118
2112
2122
2125
2110
2132
2149
2136
2134
2146
2143
2144
2165
2177
2144
2175
2190
2191
2184
2216
2212
2228
2232
2257
2244
2259
2247
2259
2272
2268
2265
2271
2286
2272
2273
2287
2288
2273
2267
2269
2246
2253
2243
2237
2221
2208
2217
2195
2190
2167
2171
2194
2167
2152
2151
2136
2117
2096
2114
2099
2104
2091
2080
2085
2085
2077
2060
2049
2044
2068
2053
2021
2028
2032
2024
2030
2022
2018
2002
2028
2030
2019
2017
2021
2016
2014
2004
2024
2016
1999
2009
2023
2008
2006
2014
1994
1989
1997
1992
1991
1972
1985
2002
1987
1964
1967
1963
1968
1947
1943
1936
1951
1955
1959
1947
2044
2061
2074
2099
2141
2142
2171
2203
2207
2201
2218
2214
2198
2193
2182
2162
2107
2085
2066
2039
2031
2007
2009
2005
2021
2005
2026
2066
2086
2139
2165
2196
2225
2248
2258
2246
2268
2278
2252
2224
2206
2192
2165
2148
2133
2102
2081
2079
2066
2026
2027
2017
2015
1970
1980
1988
1968
1974
1990
1989
1991
1987
1993
2003
2000
1990
1968
1948
1943
1914
1886
1857
1837
1848
1863
1871
1881
1914
1974
2020
2071
2144
2195
2264
2317
2341
2358
2391
2412
2393
2393
2339
2313
2272
2237
2233
2231
2185
2168
2165
2178
2161
2163
2166
2148
2108
2097
2052
2025
1999
1954
1906
1890
1881
1900
1901
1930
1954
1992
2035
2061
2065
2085
2096
2079
2067
2043
2025
2126
2112
2123
2114
2095
2078
2078
2061
2038
2046
2039
2078
2079
2061
2063
2018
2006
2002
2021
2031
2062
2117
2170
2232
2242
2213
2189
2167
2131
2131
2136
2168
2238
2278
2339
2364
2357
2336
2280
2228
2188
2142
2129
2121
2122
2128
2190
2203
2219
2206
2199
2143
2093
2009
1933
1885
1835
1835
1837
1864
1900
1933
1940
1951
1957
1944
1943
1958
1983
2013
2041
2116
2140
2162
2173
2191
2183
2157
2188
2170
2151
2144
2146
2157
2165
2193
2187
2211
2212
2212
2214
2195
2210
2182
2137
2088
2049
2007
1983
1976
1955
1966
2001
2006
2025
2046
2065
2087
2096
2108
2096
2096
2131
2162
2192
2221
2236
2243
2276
2278
2263
2223
2216
2176
2159
2152
2142
2124
1724
1719
1736
1780
1839
1911
2001
2109
2224
2335
2436
2506
2584
2624
2670
2658
2645
2625
2567
2508
2443
2330
2261
2168
2067
1990
1900
1818
1762
1740
1694
1686
1711
1733
1760
1824
1910
1973
2071
2126
2189
2266
2328
2373
2420
2412
2410
2409
2379
2343
2286
2214
2140
2064
1976
1901
1839
1785
1745
1733
1756
1767
1812
1873
1941
1999
2071
2170
2227
2269
2303
2346
2349
2357
2351
2324
2301
2257
2193
2137
2064
1999
1939
1872
1811
1750
1740
1733
1712
1747
1803
1838
1908
2000
2093
2171
2278
2358
2430
2472
2504
2508
2513
2490
2481
2419
2381
2307
2269
2178
2125
2070
1997
1953
1914
1863
1844
1814
1817
1824
1801
1810
1851
1891
1918
1939
1967
2002
2060
1988
1938
1866
1805
1737
1679
1695
1712
1784
1889
2001
2108
2240
2308
2352
2373
2383
2369
2324
2264
2218
2136
2037
1952
1902
1859
1858
1849
1822
1838
1875
1934
1951
2007
2077
2156
2188
2224
2246
2239
2219
2155
2116
2050
1989
1933
1887
1875
1882
1874
1940
1976
2053
2098
2126
2150
2169
2219
2226
2251
2284
2276
2276
2278
2289
2257
2259
2249
2221
2196
2220
2210
2226
2256
2276
2282
2272
2264
2244
2237
2238
2252
2257
2200
2172
2165
2150
2132
2113
2130
2105
2090
2053
2018
1981
1962
1998
2024
2051
2053
1999
1930
1874
1844
1837
1837
1888
1927
1988
2037
2126
2209
2271
2336
2360
2365
2342
2336
2308
2268
2214
2153
2101
2045
1979
1924
1869
1972
1915
1835
1794
1719
1702
1719
1739
1756
1776
1849
1892
1967
2037
2100
2152
2207
2230
2227
2245
2218
2189
2143
2095
2009
1959
1897
1856
1843
1833
1848
1872
1918
1947
2016
2113
2215
2294
2384
2461
2511
2572
2629
2656
2630
2597
2525
2427
2306
2197
2080
1976
1851
1772
1677
1635
1601
1572
1584
1632
1690
1742
1832
1910
2020
2120
2266
2361
2464
2566
2622
2703
2729
2743
2723
2682
2607
2513
2391
2314
2212
2097
2009
1952
1894
1872
1863
1818
1787
1808
1812
1860
1885
1894
1935
1988
2050
2080
2100
2129
2119
2103
2057
1986
1892
1821
1751
1691
1648
1640
1635
1682
1737
1812
1896
1977
2057
2105
2172
2205
2232
2246
2268
2282
2307
2315
2337
2343
2127
1981
1852
1696
1564
1475
1429
1414
1464
1600
1744
1932
2113
2254
2376
2446
2475
2475
2429
2360
2306
2184
2133
2092
2027
2002
2011
2035
2068
2104
2163
2185
2218
2245
2285
2316
2316
2296
2257
2239
2229
2212
2199
2175
2144
2141
2158
2152
2165
2169
2175
2203
2217
2199
2226
2218
2216
2200
2177
2168
2121
2120
2108
2065
2028
1981
1919
1825
1759
1770
1793
1864
1966
2080
2155
2198
2232
2184
2169
2116
2034
1984
1961
1938
1932
1948
1939
1936
1948
1988
2005
2040
2060
2065
2034
2002
2076
2115
2179
2203
2219
2232
2238
2190
2177
2172
2197
2225
2196
2149
2113
2103
2118
2104
2166
2255
2327
2381
2386
2354
2272
2167
2029
1964
1921
1898
1856
1821
2008
2055
2106
2167
2230
2305
2339
2362
2377
2349
2304
2231
2191
2114
2027
1948
1861
1826
1783
1720
1682
1699
1706
1775
1835
1922
2012
2106
2202
2314
2401
2435
2466
2480
2437
2380
2312
2231
2185
2112
2062
2020
1968
1928
1915
1925
1955
1987
2013
2076
2115
2161
2210
2261
2298
2312
2291
2244
2223
2137
2017
1901
1809
1690
1619
1577
1574
1604
1641
1744
1848
1991
2126
2234
2361
2454
2518
2556
2607
2612
2592
2541
2444
2368
2268
2160
2074
1991
1885
1820
1771
1728
1722
1734
1757
1791
1806
1859
1938
1970
2009
2065
2079
2104
2147
2164
2164
2163
2179
2183
2193
2169
2191
2129
2113
2090
2079
2069
2067
2096
2093
2106
2108
2093
2065
2020
1986
1896
2114
2121
2123
2107
2128
2170
2173
2167
2172
2136
2074
2005
1898
1784
1697
1619
1559
1554
1559
1654
1794
1953
2149
2329
2478
2575
2618
2566
2460
2312
2144
2001
1893
1859
1887
1995
2153
2343
2525
2661
2720
2735
2676
2552
2412
2256
2083
1954
1838
1772
1725
1692
1674
1658
1663
1698
1754
1814
1942
2079
2227
2322
2408
2442
2414
2375
2268
2148
2035
1953
1926
1962
2024
2126
2222
2302
2333
2360
2341
2253
2169
2069
1960
1874
1796
1708
1629
1575
1539
1494
1506
1529
1594
1717
1844
2014
2228
2402
2523
2633
2639
2579
2490
2346
2210
2081
1984
1879
1856
1846
1855
1892
1956
1999
2060
2139
2227
2308
2340
2377
2338
2276
2187
2100
1988
1896
1878
1861
2982
2917
2779
2602
2398
2180
1984
1846
1750
1680
1671
1696
1744
1811
1902
2038
2169
2259
2360
2432
2486
2505
2474
2410
2317
2192
2039
1867
1723
1571
1499
1444
1424
1450
1539
1623
1733
1846
1946
2053
2161
2274
2390
2544
2677
2781
2886
2928
2935
2902
2789
2652
2493
2290
2114
1929
1787
1670
1560
1465
1419
1394
1360
1380
1459
1513
1617
1758
1913
2068
2196
2270
2338
2351
2353
2320
2279
2212
2167
2128
2085
2057
2064
2099
2146
2194
2251
2311
2361
2380
2408
2435
2432
2411
2422
2372
2312
2255
2171
2101
2005
1884
1746
1622
1497
1367
1266
1144
1100
1073
1141
1246
1412
1629
1880
2144
2401
2668
2907
3072
3188
3229
3194
3115
2970
2778
2544
2289
1484
1531
1620
1756
1984
2213
2458
2663
2827
2928
2927
2864
2709
2481
2202
1936
1661
1441
1272
1177
1127
1135
1225
1329
1501
1736
1986
2235
2496
2704
2885
2981
3036
3051
3022
2926
2811
2654
2447
2185
1852
1496
1140
794
502
299
211
236
411
654
966
1311
1683
2043
2369
2655
2939
3194
3414
3628
3760
3866
3880
3802
3632
3400
3092
2748
2408
2056
1729
1458
1213
1063
938
862
805
804
838
928
1035
1193
1401
1642
1887
2163
2412
2634
2835
2992
3134
3203
3268
3262
3208
3095
2952
2737
2465
2162
1856
1544
1232
1023
880
827
825
920
1060
1219
1402
1637
1886
2164
2452
2727
2969
3186
3257
3255
3156
2947
2658
2313
1986
1692
1439
1242
2797
2979
3099
3236
3298
3296
3223
3100
2917
2665
2404
2167
1936
1730
1627
1599
1595
1641
1642
1644
1605
1541
1476
1400
1348
1327
1366
1435
1561
1684
1842
2001
2116
2169
2173
2111
2050
1955
1867
1814
1830
1914
2040
2176
2274
2413
2507
2589
2620
2641
2628
2621
2576
2538
2501
2458
2456
2408
2364
2304
2218
2139
2037
1955
1858
1820
1804
1771
1789
1816
1857
1897
1932
1975
2044
2098
2151
2217
2278
2336
2349
2346
2324
2293
2257
2217
2211
2180
2200
2215
2240
2253
2281
2304
2311
2304
2259
2207
2170
2109
2040
1978
1910
1855
1774
1739
1706
1684
1716
1701
1737
1784
1855
1930
2019
2127
2215
2305
2383
2438
2484
2512
2521
2507
2502
2465
2419
2370
1675
1690
1753
1833
1950
2064
2168
2226
2255
2271
2247
2184
2089
2003
1905
1806
1760
1726
1758
1878
1992
2130
2269
2390
2429
2437
2392
2288
2157
1972
1795
1664
1527
1432
1385
1369
1375
1399
1451
1503
1578
1643
1721
1827
1915
2038
2140
2245
2341
2421
2456
2437
2332
2190
2002
1826
1659
1543
1519
1562
1702
1911
2165
2444
2739
2994
3185
3355
3487
3576
3611
3597
3515
3399
3236
2984
2698
2363
2018
1654
1363
1110
926
856
898
1032
1220
1428
1616
1807
1917
2001
2102
2135
2165
2165
2139
2130
2153
2117
2105
2101
2112
2093
2061
2038
2013
2016
2085
2156
2296
2397
2438
2462
2364
2274
2093
1897
1718
1547
1494
1512
1617
1812
2109
2430
2763
3014
