2096
2089
2104
2097
2111
2105
2103
2105
2095
2090
2100
2096
2101
2091
2095
2094
2092
2088
2057
2092
2081
2083
2098
2086
2087
2069
2078
2070
2081
2074
2087
2083
2089
2075
2070
2072
2075
2070
2078
2084
2091
2085
2069
2087
2063
2067
2074
2067
2085
2081
2089
2072
2078
2086
2075
2083
2090
2082
2072
2089
2076
2075
2081
2065
2060
2066
2066
2076
2076
2083
2088
2106
2104
2088
2115
2078
2092
2077
2096
2104
2087
2098
2099
2110
2092
2094
2098
2100
2112
2103
2125
2104
2102
2103
2088
2100
2091
2097
2114
2115
2092
2091
2104
2091
2101
2096
2096
2118
2118
2098
2092
2105
2092
2090
2111
2109
2095
2089
2099
2106
2101
2101
2109
2105
2092
2114
2097
2092
2129
2127
2135
2130
2128
2122
2129
2122
2120
2123
2121
2126
2126
2125
2124
2127
2132
2129
2130
2128
2131
2117
2131
2128
2130
2128
2128
2126
2123
2120
2122
2121
2118
2124
2125
2124
2117
2112
2130
2125
2128
2118
2116
2114
2111
2110
2115
2114
2114
2111
2102
2099
2098
2105
2115
2112
2106
2099
2098
2098
2097
2092
2100
2103
2099
2095
2085
2080
2088
2088
2090
2089
2086
2087
2082
2073
2083
2088
2085
2090
2076
2076
2083
2075
2065
2064
2070
2071
2070
2070
2059
2059
2081
2071
2071
2050
2048
2061
2048
2054
2061
2065
2060
2058
2055
2060
2060
2059
2050
2045
2046
2040
2038
2038
2045
2039
2041
2044
2048
2041
2036
2045
2041
2032
2037
2035
2035
2036
2328
2319
2319
2318
2318
2320
2321
2298
2287
2276
2268
2230
2224
2186
2165
2142
2118
2069
2037
2002
1971
1951
1920
1904
1875
1849
1820
1804
1797
1789
1786
1775
1786
1794
1794
1794
1814
1846
1872
1884
1907
1932
1976
1996
2027
2064
2098
2124
2150
2198
2210
2224
2252
2268
2295
2307
2314
2317
2312
2321
2316
2316
2293
2278
2246
2229
2217
2192
2153
2135
2100
2079
2050
2023
1992
1983
1972
1942
1927
1925
1906
1914
1919
1919
1933
1956
1969
1984
2015
2042
2064
2093
2125
2157
2186
2220
2238
2281
2309
2326
2361
2369
2383
2388
2387
2395
2380
2372
2348
2324
2298
2254
2229
2191
2146
2102
2061
2014
1976
1932
1898
1857
1815
1792
1759
1738
1740
1725
1890
1994
2063
2123
2192
2235
2254
2274
2286
2264
2256
2214
2177
2146
2121
2097
2095
2104
2132
2186
2238
2316
2388
2421
2424
2428
2443
2428
2404
2396
2350
2347
2329
2290
2250
2176
2096
2015
1954
1887
1804
1785
1746
1699
1672
1628
1654
1665
1668
1699
1739
1784
1849
1921
1992
2082
2180
2265
2338
2386
2427
2426
2427
2421
2389
2347
2327
2317
2304
2297
2280
2305
2274
2256
2222
2255
2294
2349
2418
2447
2449
2433
2383
2353
2237
2104
1990
1849
1710
1592
1516
1496
1477
1494
1558
1659
1720
1783
1830
1866
1930
1956
2009
2041
2096
2173
2220
2222
2234
2214
2176
2125
2096
2081
2054
2053
2072
2118
2127
2132
2152
2129
2127
2114
2090
2059
2039
2040
2224
2132
2059
1944
1840
1736
1668
1616
1596
1613
1670
1742
1846
1943
2035
2138
2229
2279
2328
2365
2368
2362
2315
2310
2251
2209
2145
2089
2031
2014
1996
1981
1989
1978
2010
2031
2049
2096
2123
2135
2136
2116
2123
2103
2079
2056
2026
1970
1923
1914
1891
1883
1860
1852
1857
1848
1870
1883
1874
1898
1941
1952
1987
2006
2058
2136
2194
2310
2372
2426
2455
2512
2522
2536
2511
2462
2417
2385
2289
2206
2152
2102
2024
1956
1903
1843
1812
1802
1807
1872
1896
1945
2026
2076
2171
2216
2236
2269
2289
2305
2322
2320
2305
2275
2261
2248
2210
2196
2164
2178
2164
2153
2147
2139
2143
2134
2108
2103
2087
2096
2074
2050
2038
2032
2059
2070
2070
2103
2420
2529
2582
2685
2644
2590
2516
2388
2240
2076
1935
1814
1760
1784
1830
1918
2052
2159
2282
2353
2442
2488
2512
2540
2520
2507
2473
2442
2377
2299
2195
2105
2005
1864
1767
1698
1689
1691
1787
1848
1986
2081
2179
2251
2257
2216
2101
1997
1849
1788
1696
1672
1716
1762
1872
1977
2083
2174
2261
2339
2345
2367
2371
2384
2387
2381
2390
2407
2444
2449
2404
2344
2258
2159
2028
1885
1824
1766
1745
1752
1796
1802
1856
1879
1949
1993
2042
2116
2169
2241
2287
2334
2377
2405
2395
2362
2299
2244
2172
2135
2086
2058
2002
1998
1985
1979
1978
1966
1963
1957
1940
1973
2040
2047
2112
2156
2211
2238
2240
2166
2164
2102
2022
1939
1873
1842
1834
1846
1867
1871
1930
2037
2188
2264
2364
2416
2385
2302
2220
2131
2038
1998
2022
2048
2109
2115
2132
2052
1942
1764
1640
1531
1557
1628
1760
1895
2037
2137
2197
2237
2249
2211
2154
2072
2027
1992
1991
2060
2126
2206
2270
2300
2304
2291
2290
2282
2308
2319
2326
2337
2321
2319
2312
2264
2216
2131
2065
2000
1925
1893
1842
1765
1700
1655
1651
1668
1737
1879
2078
2221
2346
2440
2471
2510
2568
2600
2649
2622
2584
2494
2376
2218
2062
1887
1785
1672
1620
1577
1601
1655
1732
1810
1888
1998
2119
2235
2358
2452
2508
2526
2504
2412
2294
2164
2076
1980
1896
1889
1845
1784
1775
1738
1650
1648
1656
1752
1835
1972
2096
2190
2270
2368
2386
2444
2458
2431
2041
2033
2019
2028
2043
2063
2056
2106
2159
2239
2313
2377
2448
2484
2517
2518
2474
2402
2300
2139
1979
1836
1691
1589
1576
1608
1635
1677
1705
1692
1687
1654
1669
1728
1835
1986
2190
2361
2516
2584
2558
2482
2294
2085
1892
1673
1481
1312
1167
1069
1024
1046
1127
1360
1683
2136
2600
3096
3544
3894
4095
4095
4016
3721
3262
2709
2098
1506
968
569
289
271
384
679
1118
1629
2231
2740
3174
3473
3602
3528
3271
2866
2397
1952
1521
1213
1025
993
1126
1361
1727
2144
2586
3002
3288
3483
3496
3301
2916
2411
1864
1289
825
503
350
435
717
1148
1651
2210
2743
3216
3534
3748
3804
3734
3531
3160
2693
2156
1573
1048
592
282
195
318
772
908
1102
1344
1625
1940
2280
2626
2950
3229
3452
3605
3661
3620
3528
3319
3053
2743
2394
1992
1600
1252
957
732
606
590
675
879
1160
1472
1806
2121
2400
2602
2768
2853
2889
2868
2829
2748
2653
2552
2412
2226
2049
1849
1664
1496
1362
1310
1322
1429
1631
1867
2151
2420
2642
2802
2858
2869
2791
2681
2547
2399
2237
2058
1891
1716
1520
1345
1182
1082
1065
1139
1316
1567
1864
2188
2490
2742
2934
3055
3092
3056
2981
2867
2715
2525
2347
2130
1920
1728
1568
1454
1384
1377
1432
1533
1693
1876
2086
2305
2507
2667
2798
2872
2896
2866
2830
2708
2585
2421
2268
2072
1902
1744
1590
1464
1385
1350
1364
1436
1542
1673
1822
1984
2138
2284
1036
1102
1252
1421
1636
1868
2100
2334
2525
2713
2922
3087
3208
3280
3296
3261
3124
2948
2692
2416
2131
1824
1538
1244
981
800
664
556
492
510
572
748
1026
1418
1887
2420
2954
3457
3879
4095
4095
4095
4095
4095
3786
3325
2781
2212
1659
1138
685
315
51
3
3
3
2
232
593
983
1459
1953
2440
2896
3299
3646
3935
4095
4095
4095
4095
4095
3954
3658
3338
2952
2536
2077
1593
1114
634
197
1
2
2
4
4
1
456
1065
1712
2364
2963
3475
3851
4071
4095
4095
3964
3771
3533
3298
3103
2895
2674
2440
2177
1900
1656
1406
1155
914
692
494
326
253
246
321
475
719
1027
1367
1730
2105
2484
2855
3186
3468
1832
2227
2650
3029
3300
3458
3492
3386
3179
2904
2571
2228
1901
1580
1279
1009
809
680
666
726
922
1202
1563
1973
2364
2738
3027
3247
3368
3416
3371
3280
3136
2957
2737
2505
2255
2010
1773
1557
1372
1228
1112
1070
1067
1160
1310
1550
1808
2074
2412
2697
2928
3123
3217
3220
3165
3034
2853
2625
2375
2155
1936
1767
1648
1580
1582
1600
1648
1710
1779
1853
1930
1984
2020
2069
2114
2144
2192
2212
2259
2260
2217
2145
2042
1928
1787
1664
1574
1504
1534
1608
1760
1968
2206
2480
2726
2946
3104
3190
3184
3134
3034
2850
2599
2316
2047
1736
1412
1158
912
764
655
646
701
835
1050
1315
1653
2015
2380
2695
2972
3183
3318
3347
3283
3117
2423
2025
1649
1291
971
703
506
380
402
541
800
1145
1540
1971
2381
2753
3054
3282
3428
3500
3524
3506
3440
3330
3169
2957
2742
2486
2229
1973
1738
1520
1316
1128
954
792
630
496
406
373
423
568
819
1174
1610
2115
2650
3175
3649
4044
4095
4095
4095
4095
4095
4019
3667
3267
2818
2328
1816
1335
854
432
90
2
3
2
67
418
875
1350
1823
2249
2624
2929
3167
3338
3450
3520
3529
3468
3318
3087
2792
2451
2102
1770
1488
1280
1128
1014
942
881
826
830
878
989
1172
1412
1701
2007
2305
2556
2740
2859
2878
2830
2693
2511
2303
2085
1894
1703
1551
1416
1332
1307
1351
1485
1693
1990
2358
2753
3152
3530
3807
3953
683
764
935
1198
1575
2010
2528
3077
3608
4095
4095
4095
4095
4095
4095
4095
3996
3478
2930
2372
1791
1212
640
120
2
3
3
1
4
3
3
93
686
1350
1997
2604
3124
3527
3865
4080
4095
4095
4095
4095
4051
3745
3365
2883
2332
1763
1195
694
277
3
1
1
4
227
564
949
1365
1744
2124
2467
2753
2963
3150
3267
3344
3315
3231
3088
2874
2631
2340
2031
1740
1478
1294
1194
1188
1265
1440
1663
1964
2270
2579
2852
3093
3261
3317
3317
3202
3024
2750
2401
2043
1644
1308
1000
755
596
516
513
592
761
1012
1325
1678
2100
2549
3012
3469
3887
4095
4095
4095
4095
4095
4095
3804
3289
2622
1961
1240
601
19
2
4095
4095
4095
4095
4095
4095
3382
2291
1298
409
3
2
2
4
5
3
3
3
3
3
3
192
928
1707
2462
3162
3783
4095
4095
4095
4095
4095
4095
4095
4095
4095
4095
4095
4095
3731
3072
2385
1638
864
104
3
3
3
2
3
4
2
1
1
1
1
2
790
1807
2746
3607
4095
4095
4095
4095
4095
4095
4095
4095
4095
4095
3917
3196
2395
1621
831
71
3
1
2
1
2
2
1
2
1
1
562
1331
2060
2774
3385
3913
4095
4095
4095
4095
4095
4095
4095
4095
4095
4095
4095
4093
3702
3265
2792
2322
1853
1337
811
325
3
3
2
3
3
1
3
1
1
2
1
1
646
1488
2332
3692
2748
1743
756
2
4
5
2
2
3
2
452
1090
1658
2102
2403
2524
2473
2259
1937
1515
1081
687
399
278
383
744
1328
2096
3004
3946
4095
4095
4095
4095
4095
4095
4095
4095
4095
4095
3369
2461
1628
945
452
164
88
219
512
872
1256
1607
1857
1979
1985
1856
1678
1472
1286
1164
1160
1257
1479
1780
2110
2451
2760
2995
3149
3245
3258
3186
3070
2886
2650
2398
2116
1864
1651
1513
1473
1529
1687
1920
2231
2568
2912
3208
3451
3612
3681
3654
3513
3298
3009
2678
2344
2028
1768
1559
1403
1314
1273
1261
1273
1296
1340
1403
1471
1564
1686
1840
2055
2298
2603
2948
3306
3690
4032
4095
4095
4095
4095
4095
4048
3650
3164
