2089
2078
2103
2075
2104
2096
2097
2114
2114
2089
2095
2109
2103
2102
2092
2101
2074
2086
2075
2101
2115
2099
2116
2095
2101
2090
2110
2108
2102
2123
2071
2105
2074
2098
2092
2094
2093
2100
2116
2109
2074
2096
2091
2084
2106
2093
2117
2091
2091
2066
2079
2108
2096
2098
2077
2074
2110
2110
2094
2086
2105
2126
2104
2118
2124
2121
2122
2118
2122
2118
2113
2109
2101
2096
2105
2095
2107
2094
2122
2101
2090
2101
2094
2088
2088
2104
2090
2083
2096
2079
2114
2096
2082
2109
2100
2096
2115
2084
2088
2098
2098
2098
2093
2097
2091
2082
2092
2082
2092
2098
2080
2088
2095
2099
2094
2102
2083
2089
2086
2083
2093
2116
2094
2092
2101
2105
2104
2078
2101
2105
2103
2088
2095
2094
2106
2099
2063
2104
2097
2079
2077
2073
2106
2099
2104
2099
2102
2092
2096
2078
2100
2116
2096
2120
2096
2096
2114
2113
2100
2096
2095
2095
2098
2091
2070
2072
2080
2073
2064
2053
2087
2101
2088
2067
2080
2092
2096
2076
2088
2082
2079
2084
2055
2075
2065
2058
2045
2072
2047
2052
2041
2058
2045
2052
2032
2040
2036
2047
2058
2051
2044
2051
2059
2056
2039
2040
2050
2036
2030
2057
2040
2050
2055
2036
2040
2042
2062
2050
2024
2052
2047
2042
2044
2043
2060
2080
2055
2069
2046
2036
2059
2050
2058
2077
2034
2036
2049
2069
2057
2060
2048
2057
2069
2064
2057
2052
2075
2055
2053
2045
2053
2058
2056
2054
2078
2072
2129
2141
2128
2125
2149
2146
2153
2145
2157
2149
2159
2136
2134
2144
2129
2129
2137
2130
2123
2130
2116
2099
2111
2116
2108
2107
2114
2096
2097
2098
2110
2094
2095
2100
2100
2116
2115
2114
2114
2125
2124
2139
2144
2144
2160
2152
2161
2152
2174
2178
2185
2195
2198
2200
2214
2212
2220
2238
2235
2236
2244
2246
2246
2242
2228
2227
2223
2221
2203
2191
2185
2169
2168
2150
2128
2109
2095
2092
2079
2075
2070
2049
2063
2067
2065
2067
2072
2079
2097
2116
2112
2125
2113
2085
2117
2103
2075
2065
2048
2028
2009
1993
1953
1936
1934
1906
1845
1819
1814
1799
1788
1794
1769
1777
1780
1766
1800
1825
1834
1883
1922
1929
1978
2014
2051
2096
2122
2159
2166
2209
2248
2267
2291
2298
2299
2294
2254
2235
2205
2172
2115
2091
2034
1991
1938
1846
1781
1695
1644
1591
1570
1574
1602
1642
1710
1790
1873
1938
1984
2020
2058
2073
2096
2125
2179
2238
2284
2323
2373
2392
2396
2392
2392
2389
2375
2376
2382
2369
2339
2334
2269
2214
2170
2100
2050
2015
1970
1950
1950
1961
1998
2052
2108
2154
2210
2250
2274
2272
2268
2244
2211
2199
2170
2162
2168
2174
2181
2163
2143
2102
2087
2035
1972
1910
1878
1844
1803
1761
1734
1718
1710
1739
1793
1835
1910
1974
2027
2063
2120
2172
2244
2285
2330
2361
2376
2388
2422
2430
2461
2483
2475
2460
2393
2318
2226
2116
2018
1941
1918
1899
1933
1937
1939
1924
1888
1850
2113
2132
2125
2123
2094
2071
2079
2118
2173
2252
2349
2430
2501
2526
2552
2508
2448
2376
2301
2213
2161
2098
2054
2041
2051
2010
1984
1952
1911
1918
1931
1972
2010
2090
2160
2219
2263
2295
2281
2273
2278
2240
2248
2215
2181
2140
2062
1966
1885
1826
1755
1701
1673
1655
1673
1743
1832
1911
2027
2162
2280
2405
2502
2557
2586
2583
2531
2461
2370
2265
2150
2050
1962
1913
1853
1814
1786
1820
1827
1888
1965
2044
2139
2224
2326
2390
2455
2493
2479
2457
2384
2263
2122
1986
1841
1752
1674
1622
1604
1652
1705
1776
1825
1880
1918
1937
1962
1965
1993
2069
2139
2226
2293
2374
2429
2476
2488
2423
2374
2267
2156
2041
1958
1884
1848
1860
1865
1900
2042
2019
1999
1944
1900
1815
1799
1820
1934
2050
2136
2195
2186
2145
2148
2170
2197
2207
2195
2167
2198
2257
2287
2242
2144
2063
2064
2075
2058
2025
1976
2004
2074
2100
2070
2006
1916
1866
1877
1895
1970
2054
2117
2150
2166
2179
2254
2373
2464
2476
2441
2371
2326
2288
2242
2193
2135
2083
1971
1842
1799
1828
1932
1992
1990
1951
1896
1906
2007
2128
2213
2269
2302
2299
2269
2285
2339
2438
2457
2428
2288
2131
2004
1887
1853
1783
1729
1699
1724
1827
1957
2086
2216
2323
2387
2413
2384
2316
2247
2144
2052
1962
1876
1822
1784
1774
1726
1716
1693
1706
1784
1893
2020
2168
2336
2487
2618
2711
2765
2714
2610
2431
2192
1977
1813
1746
1789
1885
1730
1753
1819
1912
2022
2135
2242
2309
2339
2351
2323
2290
2285
2293
2301
2290
2246
2147
2015
1869
1724
1636
1620
1670
1795
1955
2109
2205
2259
2254
2208
2142
2068
1996
1981
1987
2028
2057
2074
2072
2076
2065
2089
2124
2177
2195
2208
2187
2166
2138
2145
2180
2210
2193
2177
2096
1982
1900
1838
1837
1933
2060
2196
2318
2338
2271
2144
1980
1863
1783
1834
1938
2081
2229
2357
2445
2497
2524
2553
2580
2572
2548
2476
2368
2250
2159
2106
2104
2119
2167
2200
2216
2194
2141
2080
2045
2062
2139
2264
2397
2504
2496
2386
2178
1928
1660
1497
1464
1556
1763
2024
2276
2476
2602
2621
2574
2457
2294
2139
1977
1848
1728
1665
1617
1657
1751
1850
1947
1969
2018
2045
2065
2055
2097
2147
2193
2224
2243
2261
2263
2278
2280
2236
2212
2168
2136
2142
2158
2197
2236
2278
2280
2218
2128
2068
2051
2096
2138
2176
2124
2023
1935
1894
1938
1992
2026
2018
1968
1906
1859
1841
1831
1825
1838
1876
1962
2057
2183
2271
2307
2360
2360
2367
2284
2132
2000
1871
1830
1827
1876
1928
1987
2002
2001
2040
2129
2265
2430
2583
2656
2648
2544
2399
2252
2138
2079
2016
1976
1971
1963
1968
1995
2052
2126
2248
2352
2435
2470
2432
2302
2127
1944
1820
1747
1737
1770
1834
1854
1914
1923
1924
1925
1916
1899
1935
1981
2065
2131
2203
2231
2223
2186
2150
2156
2197
2285
2375
2453
2480
2448
2348
2208
2028
1874
1716
1647
2160
2430
2706
2899
2916
2730
2394
2009
1708
1571
1643
1880
2164
2393
2507
2448
2284
2102
2016
2087
2311
2620
2880
2985
2903
2642
2264
1866
1540
1381
1407
1575
1797
1972
2047
2023
1964
1918
1918
1974
2050
2129
2189
2203
2174
2111
2023
1932
1872
1858
1881
1896
1894
1884
1878
1907
1985
2086
2163
2204
2244
2330
2473
2622
2707
2672
2536
2360
2220
2132
2070
1999
1931
1880
1921
2026
2130
2212
2273
2302
2362
2440
2520
2507
2378
2185
2025
1956
1972
2038
2106
2144
2161
2168
2116
1942
1686
1455
1357
1470
1736
2025
2176
2203
2176
2194
2289
2362
2413
2410
2429
2440
2352
2140
1766
1375
1141
1124
1286
1479
1640
1807
2049
2292
2439
2407
2270
2198
2319
2159
1975
1792
1685
1642
1673
1810
2014
2248
2475
2689
2832
2913
2880
2753
2525
2231
1942
1670
1470
1384
1430
1560
1756
1986
2185
2315
2368
2302
2173
1995
1797
1609
1460
1374
1369
1433
1590
1782
1978
2180
2315
2412
2408
2318
2150
1955
1734
1568
1512
1576
1798
2125
2499
2815
3037
3133
3062
2868
2575
2247
1941
1689
1543
1541
1691
1953
2304
2646
2888
3014
2984
2820
2532
2146
1763
1422
1164
1052
1089
1304
1623
1960
2298
2552
2644
2604
2482
2310
2104
1948
1876
1876
1998
2171
2341
2516
2594
2566
2433
2220
1992
1762
1557
1400
1333
1375
1521
1784
2129
2471
2790
2974
3019
2890
2632
2290
1926
1608
1391
1290
1358
1534
1812
2110
2410
2596
2924
2584
2218
1879
1631
1488
1447
1551
1807
2080
2283
2398
2453
2586
2837
3093
3217
3110
2840
2592
2396
2197
1886
1413
954
666
711
958
1268
1538
1760
2041
2394
2748
2981
2990
2821
2531
2296
2081
1911
1730
1616
1587
1637
1773
1933
2138
2449
2828
3056
3042
2810
2456
2155
1976
1756
1455
1176
1026
1104
1312
1484
1529
1509
1568
1747
1980
2159
2264
2397
2531
2688
2761
2648
2402
2061
1798
1672
1648
1709
1796
1893
2046
2324
2713
3088
3211
3026
2686
2415
2292
2244
2118
1859
1537
1304
1325
1494
1717
1876
2005
2199
2563
2935
3236
3327
3140
2725
2306
1928
1652
1473
1322
1195
1112
1168
1367
1609
1799
1872
1894
2016
2219
2470
2608
2568
2425
2522
2302
1992
1648
1390
1232
1273
1432
1672
1928
2114
2238
2290
2295
2328
2371
2481
2600
2690
2691
2601
2385
2116
1815
1553
1351
1304
1385
1622
1956
2336
2649
2831
2840
2714
2529
2401
2360
2438
2555
2649
2614
2400
2006
1494
933
461
145
128
383
873
1490
2121
2673
3051
3262
3333
3322
3231
3092
2866
2542
2087
1519
917
423
168
222
589
1177
1861
2510
3078
3528
3847
4007
3982
3751
3356
2829
2230
1671
1145
749
489
411
535
879
1391
2011
2620
3137
3491
3661
3658
3520
3318
3001
2637
2200
1769
1361
1090
917
883
999
1307
1764
2321
2836
3217
3424
3427
3270
3008
2656
2322
1952
1605
1303
1055
901
883
944
1064
1239
1477
1717
2509
2736
2954
3040
2916
2612
2242
1962
1855
1904
1998
2015
1871
1662
1530
1586
1888
2265
2572
2685
2582
2418
2279
2198
2150
1974
1726
1440
1245
1185
1218
1333
1509
1792
2238
2790
3318
3675
3804
3663
3411
3152
2992
2857
2648
2303
1815
1329
954
778
771
848
952
1123
1399
1740
2085
2308
2415
2441
2462
2565
2624
2631
2371
1990
1575
1159
890
811
833
997
1310
1721
2247
2797
3260
3572
3690
3616
3420
3133
2760
2325
1883
1417
1004
724
592
610
717
902
1132
1346
1601
1859
2132
2398
2600
2722
2747
2684
2581
2441
2304
2177
2098
2086
2187
2344
2498
2602
2639
2658
2735
2890
3033
3104
3048
2902
2738
2576
2378
2167
1916
1711
1622
1690
896
1029
1217
1499
1856
2295
2761
3153
3402
3497
3450
3327
3197
3094
3026
2970
2942
2929
2914
2828
2654
2342
1928
1437
911
427
14
1
1
0
248
862
1592
2297
2904
3344
3594
3694
3630
3425
3070
2665
2238
1886
1658
1540
1547
1648
1785
1966
2118
2202
2136
1936
1620
1244
886
651
559
626
850
1232
1719
2274
2809
3272
3571
3694
3686
3528
3268
2942
2596
2292
2078
1945
1859
1815
1735
1684
1665
1688
1734
1736
1681
1492
1214
851
508
222
56
61
240
640
1246
2033
2934
3858
4095
4095
4095
4095
4095
4095
4095
4022
3238
2420
1624
900
281
2
1
2
1
2
140
366
599
876
1240
1716
2289
2921
3663
4095
4095
4095
3148
2903
2568
2143
1633
1084
485
2
1
2
2
3
2
2
44
626
1349
2092
2868
3646
4095
4095
4095
4095
4095
4095
4095
4095
4095
3796
3214
2655
2169
1758
1458
1258
1217
1320
1560
1948
2387
2872
3336
3708
3930
4004
3840
3510
3010
2317
1526
643
3
3
1
2
1
1
2
1
2
2
3
146
1133
2173
3170
4058
4095
4095
4095
4095
4095
4095
3867
2922
1912
981
191
4
3
4
4
128
829
1732
2688
3640
4095
4095
4095
4095
4095
4095
4095
4095
3592
2416
1187
1
0
2
1
1
2
2
1
1
2
166
1647
3229
4095
4095
4095
4095
4095
4095
4095
4095
4095
3545
2327
1223
272
2
1
3
