2085
2086
2093
2081
2090
2088
2096
2092
2088
2093
2096
2102
2106
2103
2090
2090
2091
2086
2090
2088
2089
2111
2093
2098
2089
2098
2103
2118
2093
2102
2093
2096
2081
2098
2078
2082
2085
2081
2090
2101
2106
2089
2089
2092
2090
2099
2103
2092
2092
2104
2081
2071
2092
2097
2101
2081
2102
2080
2090
2085
2090
2105
2100
2092
2087
2094
2098
2094
2091
2094
2083
2096
2108
2106
2102
2084
2090
2090
2062
2100
2079
2081
2104
2102
2116
2089
2090
2107
2096
2107
2110
2094
2105
2096
2085
2084
2088
2095
2106
2109
2100
2097
2098
2090
2084
2092
2096
2098
2106
2102
2100
2100
2109
2109
2119
2088
2106
2112
2098
2106
2101
2092
2092
2105
2109
2104
2103
2107
2113
2136
2139
2150
2177
2184
2206
2209
2241
2233
2232
2241
2240
2237
2242
2236
2234
2226
2219
2221
2210
2200
2189
2173
2168
2152
2125
2116
2117
2096
2083
2074
2069
2056
2059
2036
2038
2039
2044
2040
2032
2034
2033
2045
2056
2060
2055
2069
2073
2093
2089
2095
2105
2106
2124
2131
2143
2137
2161
2147
2164
2158
2158
2179
2166
2160
2152
2144
2144
2134
2134
2133
2113
2123
2114
2122
2116
2095
2100
2084
2100
2064
2057
2042
2046
2027
2015
2031
2035
2037
2030
2028
2032
2044
2032
2040
2043
2036
2044
2065
2057
2071
2062
2067
2083
2086
2080
2080
2074
2083
2079
2058
2045
2059
2040
2028
2020
2033
2002
2007
2009
2014
1985
1975
1980
1984
1999
2016
2159
2168
2157
2146
2094
2069
2002
1968
1946
1926
1934
1967
2040
2100
2166
2227
2280
2307
2293
2276
2250
2213
2196
2141
2122
2111
2108
2106
2113
2108
2126
2126
2111
2111
2092
2044
2024
1989
1996
2003
2017
2056
2086
2125
2161
2192
2195
2189
2193
2175
2142
2143
2127
2107
2102
2100
2128
2151
2176
2194
2204
2181
2130
2097
2059
1998
1958
1928
1921
1939
1968
2006
2040
2100
2149
2167
2191
2213
2196
2194
2172
2159
2134
2123
2112
2091
2079
2047
2024
2008
2002
1975
1988
1995
2025
2033
2078
2105
2125
2153
2196
2200
2200
2179
2158
2124
2089
2056
2050
2049
2076
2106
2126
2142
2136
2150
2126
2087
2039
1958
1904
1844
1836
1833
1840
1890
1958
2032
1828
1928
2036
2094
2180
2231
2219
2151
2150
2204
2181
2036
1978
2012
2033
2052
2057
2068
2090
2073
2042
2043
2095
2100
2090
2121
2181
2250
2324
2348
2296
2100
1996
2024
2081
2110
2161
2168
2184
2188
2194
2124
2010
1899
1913
1990
2030
1904
1873
1914
1884
1878
1967
2029
1939
1908
2068
2188
2161
2127
2158
2129
1982
1935
2020
2000
2008
2117
2246
2269
2179
2123
2065
1974
1907
2026
2151
2273
2334
2376
2382
2260
2096
2078
2144
2082
2083
2200
2380
2334
2252
2140
1968
1821
1897
2096
2142
2118
2117
2241
2269
2210
2113
2042
1891
1791
1896
2040
2062
2149
2284
2451
2466
2415
2318
2139
1930
1846
1826
1888
1993
2114
2235
2295
2205
2113
2096
2100
2332
2371
2366
2328
2153
1959
1909
2030
2164
2255
2267
2251
2168
2038
1994
2068
2105
2071
1998
2037
2147
2244
2293
2298
2244
2002
1925
2023
2207
2182
1941
1833
1917
2071
2223
2323
2215
1895
1706
1874
2159
2238
2208
2163
2107
2043
2115
2269
2241
2031
1960
1971
1948
1904
1924
1988
2049
2109
2191
2198
2060
2016
2097
2156
2126
2116
2218
2420
2501
2429
2208
1938
1767
1732
1852
1996
2162
2318
2333
2247
2070
1967
1985
2016
1937
1936
2056
2164
2158
2020
1898
1877
1996
2144
2182
2160
2164
2197
2075
1866
1881
2065
2163
2102
2142
2171
2214
2200
2088
1901
1911
2116
2177
2090
2011
2014
2029
2076
2121
2023
1967
2072
2162
2062
2038
2146
2176
2129
1828
1837
2015
2300
2475
2392
2140
1911
1881
2023
2209
2276
2224
2139
2130
2174
2152
2115
2109
2166
2224
2245
2193
2096
2096
2168
2224
2191
2029
1876
1896
2110
2407
2434
2180
1838
1726
1904
2189
2358
2297
2037
1842
1769
1835
2036
2242
2314
2208
1984
1879
1957
2148
2244
2197
2084
2051
2069
2055
1970
1907
1921
2067
2201
2229
2094
1930
1918
2048
2179
2268
2225
2144
2024
1926
1948
2101
2279
2381
2324
2130
1848
1605
1563
1765
2078
2322
2388
2263
2112
1970
1866
1843
1870
1889
1870
1822
1847
2019
2267
2391
2253
2040
1939
1970
2072
2159
2250
2266
2173
1986
1910
1963
2124
2302
2391
2295
2092
1854
1748
1967
2330
2543
2388
2009
1762
1894
2219
1906
2141
2430
2482
2228
1985
1941
2073
2197
2231
2122
1973
1945
2030
2159
2268
2360
2296
2176
2133
2224
2230
2213
2094
2031
2102
2205
2207
2126
1981
1880
1923
2046
2158
2196
2155
2104
2121
2156
2273
2304
2246
2148
2052
2087
2230
2376
2328
2160
1945
1890
1973
2064
2152
2042
1955
1914
2104
2234
2184
2013
1857
1875
2069
2300
2355
2163
1908
1768
1866
2121
2291
2231
2081
1951
2008
2164
2343
2365
2176
1921
1859
2028
2250
2320
2204
1988
1828
1927
2237
2541
2568
2287
1906
1684
1732
1973
2204
2261
2092
1904
1880
2019
2232
2293
2130
1846
1647
1682
1926
2237
2366
2266
1986
1820
1804
2018
2263
2384
2278
2084
1919
1896
1990
2140
2213
2237
2151
2162
2306
2203
2058
2005
2000
2084
2258
2510
2573
2382
2136
1976
1871
1992
2243
2392
2328
2120
1927
1833
1920
2147
2320
2310
2190
2030
1932
1925
1993
2052
2086
2108
1984
1890
1996
2118
2210
2298
2205
2008
1950
2009
2019
2083
2236
2260
2009
1927
1960
1864
1887
2131
2165
2014
1950
1901
1812
1867
2142
2330
2150
2038
2069
1997
2006
2155
2211
2203
2096
1888
1846
2093
2346
2367
2244
2152
1904
1691
1835
2178
2284
2163
2080
1974
1859
1981
2398
2430
2043
1854
1818
1847
2179
2428
2336
2179
2044
1904
1887
1994
2135
2117
1942
1951
2077
2175
2358
2507
2328
1888
1629
1686
1988
2242
2269
2210
2045
1826
1840
2106
2186
2096
2133
2018
1862
2134
2599
2191
1946
1791
1859
2106
2288
2318
2388
2186
1750
1692
2028
2207
2306
2337
2057
1758
1857
2019
2182
2380
2443
2135
1824
1867
2048
2057
2134
2170
1809
1525
1728
2112
2432
2784
2805
2310
1706
1495
1560
1895
2410
2608
2482
2184
1776
1597
1829
2156
2267
2238
2002
1798
1777
2105
2478
2540
2397
2134
1839
1829
2119
2360
2422
2463
2182
1788
1722
1995
2357
2536
2313
1866
1752
2089
2539
2767
2519
2017
1528
1405
1852
2526
3000
2936
2366
1822
1484
1391
1633
2074
2529
2672
2368
1866
1604
1614
1797
2102
2493
2466
2126
1992
1961
1896
2009
2075
1984
1954
2102
2296
2352
2188
1984
1903
2036
2204
2292
2378
2326
2078
1925
1760
1670
1848
2002
2081
2143
2454
1748
1319
1492
2028
2351
2348
2070
1928
2030
2147
2157
2028
1848
1735
1832
2137
2326
2199
1785
1387
1372
1914
2715
2997
2659
2090
1790
1938
2198
2283
2106
1925
2000
2237
2277
1919
1481
1393
1707
2284
2824
2978
2523
1808
1540
1842
2245
2408
2258
1970
1838
1976
2168
2248
2206
2244
2335
2239
1833
1549
1731
2412
3099
3321
2846
2010
1376
1200
1366
1685
2047
2366
2576
2668
2433
1989
1681
1737
1984
2156
2074
1862
1721
1850
2152
2456
2518
2360
2271
2336
2164
1711
1373
1567
2176
2716
2824
2360
1617
1316
1659
2145
2330
2347
2402
2464
2260
1767
1376
1469
2017
2507
2618
2242
1728
1638
1968
2068
1810
1884
2541
3202
3262
2564
1514
876
1056
1752
2999
3726
3510
2400
1004
86
246
1452
2960
3939
3857
2756
1205
86
137
1287
2823
3762
3609
2440
915
2
51
1248
2967
4095
4095
3375
1671
208
3
550
1962
3202
3647
3039
1772
622
312
1091
2454
3593
3928
3335
2081
865
505
1217
2483
3469
3559
2713
1300
224
255
1439
3056
4095
4095
3109
1542
392
320
1294
2682
3668
3703
2786
1380
301
234
1324
3026
4095
4095
3123
911
2
3
559
3056
4095
4095
4093
1779
2
2
114
2350
4095
4095
4059
2167
345
4
686
2281
3522
3707
2902
1592
596
620
1672
2940
3599
3363
2420
1332
649
758
1652
2808
3474
3268
2324
1213
549
771
1784
3046
3905
3932
3156
1982
1031
745
1436
732
303
181
385
808
1380
1982
2588
3062
3378
3474
3267
2790
2098
1305
588
128
1
160
698
1553
2576
3487
4095
4095
4008
3364
2424
1293
284
1
1
167
1111
2172
3098
3838
4095
4095
4022
3324
2368
1416
720
363
467
1089
1898
2781
3424
3681
3569
3140
2645
2230
2001
1926
1871
1746
1538
1400
1483
1833
2319
2815
3133
3257
3185
2979
2660
2311
1973
1678
1466
1481
1715
2075
2459
2792
2894
2758
2529
2168
1786
1440
1079
769
531
478
614
1084
1764
2536
3289
3899
4095
3971
3368
2460
1391
422
2
2
10
862
2070
3136
3739
3830
3407
2653
1734
867
382
442
1065
2142
3254
4028
4095
3933
3158
2191
1312
780
787
1285
16
1
3
1
2
2
389
1166
1957
2751
3458
4044
4095
4095
4091
3300
2108
628
3
3
2
3
2
1
0
1
2
42
1272
2690
4048
4095
4095
4095
4095
4095
4095
4095
4095
4056
3593
3328
3230
3258
3339
3372
3336
3219
3007
2715
2346
1893
1358
781
164
1
2
2
4
2
1
1
1
1
1
2
3
3
180
555
969
1496
2186
3013
3902
4095
4095
4095
4095
4095
4095
4095
4095
4095
4095
3109
1951
812
2
1
2
1
1
2
238
1086
1983
2878
3737
4095
4095
4095
4095
4095
4095
4095
4095
4095
4095
3371
2522
1688
909
97
4
3
3
2
1
2
2
3
2
1
2
2
1
2
4095
4095
4095
4095
4095
4095
4095
4095
4095
4095
4095
4095
4095
3307
1907
556
1
2
5
3
2
3
1
3
1
2
0
2
3
2
2
4
760
1774
2715
3570
4095
4095
4095
4095
4095
4095
4095
4095
4095
4095
4095
4095
4095
4095
3731
3030
2333
1684
1048
455
4
4
4
1
2
3
2
3
3
3
2
1
1
0
2
4
180
800
1472
2144
2800
3455
4051
4095
4095
4095
4095
4095
4095
4095
4095
4095
4095
4095
4095
4095
4095
4095
4095
4095
4095
3852
2844
1799
711
2
2
3
3
3
2
4
2
3
1
4
2
2
1
1
3
2
2
2
583
2012
3415
4095
4095
4095
4095
4095
4
3
2
1
2
3
2
2
2
4
4
4
3
3
1
4
3
1
2
3
1
3
0
5
0
2
3
2
5
3
3
3
2
2
0
2
2
3
2
2
3
1
1
2
3
290
902
1523
2120
2701
3257
3785
4095
4095
4095
4095
4095
4095
4095
4095
4095
4095
4095
4095
4095
4095
4095
4095
4095
4095
4095
4095
4095
4095
4095
4095
4095
4095
4095
4095
4095
4095
4095
4095
4095
4095
4095
4095
4095
4095
4095
4095
4095
4095
4095
4095
4095
4095
4095
4095
4095
4001
3372
2766
2167
1571
1017
489
1
4
2
3
4
3
3
3
2
3
2
1
1
3
1
3
3
4
2
0
