2101
2108
2080
2090
2098
2107
2099
2080
2083
2087
2089
2083
2090
2100
2098
2104
2088
2093
2102
2090
2088
2086
2082
2078
2079
2083
2091
2098
2105
2094
2088
2064
2063
2073
2076
2071
2082
2072
2073
2084
2073
2102
2117
2114
2079
2087
2081
2096
2089
2084
2098
2096
2079
2086
2086
2092
2102
2084
2097
2085
2096
2108
2096
2074
2084
2086
2101
2083
2080
2081
2076
2080
2087
2100
2083
2105
2115
2103
2100
2099
2093
2075
2072
2077
2102
2085
2097
2103
2098
2094
2090
2099
2099
2072
2102
2081
2082
2082
2091
2105
2090
2074
2090
2082
2085
2092
2083
2086
2092
2091
2090
2090
2088
2094
2086
2072
2081
2085
2085
2099
2089
2099
2101
2094
2088
2087
2102
2100
2093
2106
2122
2104
2112
2122
2133
2104
2099
2146
2125
2120
2117
2109
2110
2112
2115
2113
2107
2100
2107
2107
2114
2102
2106
2100
2093
2088
2115
2110
2112
2105
2104
2095
2101
2101
2089
2108
2108
2090
2089
2101
2098
2100
2111
2111
2103
2092
2099
2098
2104
2085
2086
2104
2104
2086
2107
2088
2094
2089
2093
2090
2085
2089
2125
2101
2093
2100
2081
2082
2104
2112
2097
2090
2091
2090
2111
2102
2093
2076
2104
2097
2094
2093
2100
2091
2089
2074
2104
2096
2095
2097
2105
2088
2090
2074
2121
2124
2100
2079
2099
2094
2112
2101
2082
2098
2099
2096
2077
2110
2085
2082
2085
2084
2089
2094
2104
2093
2080
2083
2091
2086
2066
2097
2094
2081
2072
2075
1975
1961
1960
1957
1957
1953
1961
1954
1960
1959
1971
1978
1983
1987
2003
2008
2015
2028
2037
2044
2050
2063
2072
2081
2084
2094
2094
2102
2104
2106
2109
2112
2114
2115
2106
2101
2100
2104
2104
2098
2091
2100
2090
2087
2100
2088
2095
2089
2087
2088
2102
2103
2112
2118
2126
2127
2144
2149
2153
2158
2174
2178
2192
2184
2188
2194
2208
2210
2216
2216
2220
2217
2215
2204
2205
2196
2188
2181
2165
2152
2139
2134
2113
2096
2086
2082
2060
2051
2039
2027
2016
2008
2005
1992
1992
1990
1992
1991
1992
1988
1998
2010
2013
2022
2028
2036
2046
2056
2062
2070
2080
2084
2083
2095
2093
2097
2099
2091
2090
2094
2090
2088
2087
2088
2098
2092
2092
2084
1970
1953
1934
1944
1975
2021
2087
2147
2202
2240
2248
2234
2196
2127
2063
1998
1950
1914
1917
1922
1965
2019
2088
2156
2204
2249
2269
2254
2224
2169
2110
2075
2049
2043
2082
2124
2187
2257
2323
2358
2370
2349
2299
2211
2118
2003
1913
1837
1799
1797
1829
1910
2003
2100
2191
2270
2322
2321
2307
2246
2173
2092
2016
1950
1912
1898
1919
1955
2004
2068
2113
2150
2170
2158
2144
2117
2080
2040
2017
2016
2032
2054
2098
2149
2187
2216
2240
2224
2194
2149
2089
2039
1986
1951
1943
1942
1972
2021
2080
2130
2184
2227
2262
2272
2251
2207
2148
2085
2026
1987
1966
1969
2008
2064
2116
2171
2231
2274
2310
2306
2287
2241
2179
2110
2043
1986
1946
1935
2230
2162
2155
2206
2160
2055
1998
2072
2131
2087
2048
2106
2210
2263
2278
2226
2108
2010
1962
2042
2182
2308
2373
2416
2433
2370
2281
2174
2056
1962
1974
2101
2143
2048
1959
1919
1949
1889
1827
1868
2032
2177
2305
2356
2364
2329
2200
2142
2151
2134
2050
2004
2100
2199
2203
2147
2222
2205
2047
1940
2002
2024
1944
1943
2070
2124
2105
2141
2200
2164
2127
2169
2212
2188
2120
2005
1899
1819
1886
2032
2160
2241
2327
2377
2322
2176
2039
1968
1896
1826
1835
1937
2057
2178
2235
2184
2112
2080
2084
2045
2029
2084
2145
2148
2184
2258
2273
2162
2058
2056
2013
1984
1949
1981
2053
2074
2089
2107
2164
2162
2170
2122
2068
2020
1975
2014
2094
2161
2076
2065
2152
2190
2150
2111
2110
2097
2041
2004
2044
2120
2138
2072
1989
1992
2048
2095
2103
2117
2148
2210
2269
2275
2162
2058
2047
2079
2003
1878
1857
1996
2168
2186
2080
2068
2173
2237
2140
2032
2028
2057
2037
2074
2213
2288
2196
2123
2195
2251
2154
2030
2090
2252
2308
2203
2079
1968
1891
1865
1945
1999
2002
2095
2236
2279
2157
2098
2235
2383
2386
2361
2324
2216
2080
2011
1922
1736
1716
2044
2364
2337
2147
2120
2160
2065
1922
1976
2179
2323
2345
2263
2136
1999
1888
1764
1785
2087
2427
2456
2308
2280
2293
2080
1769
1725
1966
2239
2373
2315
2084
1840
1736
1798
1890
2009
2219
2375
2288
2082
1936
1833
1722
1738
1997
2294
2410
2421
2134
2352
2441
2270
1954
1732
1681
1833
2104
2334
2346
2210
2011
1933
2013
2170
2225
2237
2158
2112
2058
2027
1999
2039
2121
2193
2228
2198
2045
1978
1968
2021
2083
2100
2047
1955
1910
1945
2043
2128
2145
2105
2050
2060
2060
2036
1989
1972
1981
2019
2180
2285
2276
2142
2040
1988
2018
2060
2026
1942
1914
1943
1987
2024
2127
2277
2430
2478
2410
2194
1935
1819
1871
2089
2302
2365
2248
2047
1914
1884
2030
2205
2355
2389
2292
2104
1986
2018
2118
2128
1955
1699
1646
1843
2149
2322
2287
2157
2050
1964
1912
1913
2024
2203
2343
2320
2142
1970
1942
2126
2288
2328
2197
1983
1890
1997
2188
2293
2231
2108
2049
1994
1928
1849
1948
2208
2495
2599
1884
2039
2264
2355
2210
1944
1840
2000
2252
2370
2259
2022
1889
1894
1998
2130
2212
2177
2091
1990
1985
2099
2203
2192
2049
1908
1884
2064
2318
2368
2192
1955
1886
2035
2197
2288
2269
2176
2034
1917
1913
2033
2223
2319
2279
2130
1991
1972
2027
2052
2007
1976
2041
2138
2184
2189
2168
2188
2242
2230
2146
2041
1951
1944
2068
2203
2177
2004
1871
1868
2018
2162
2178
2032
1884
1889
2062
2284
2437
2379
2142
1890
1763
1835
2012
2180
2237
2222
2147
2084
2112
2200
2271
2262
2191
2112
2062
2042
2081
2183
2240
2228
2170
2116
2049
2034
2073
2188
2229
2217
2155
2090
2074
2108
2186
2246
2259
2223
2154
2072
2018
2024
2127
2289
2315
2267
2165
2043
2014
1860
1916
2073
2159
2081
1951
1947
2052
2163
2209
2281
2234
2013
1973
2109
2159
2088
1963
1834
1936
2139
2320
2407
2364
2115
1797
1618
1688
1901
2233
2442
2353
2104
1806
1580
1639
1985
2338
2500
2448
2141
1828
1774
1983
2156
2233
2254
2170
2072
2105
2190
2123
1923
1840
1982
2033
1945
2017
2166
2112
1940
1888
2052
2276
2371
2424
2289
1990
1874
1883
1947
2174
2462
2388
2048
1824
1733
1731
1888
2246
2524
2456
2222
2104
2060
1969
1954
2130
2214
2065
1995
2093
2121
2051
2128
2306
2321
2215
2257
2279
2106
1939
1966
2138
2182
2130
2142
2206
2196
2180
2203
2194
2257
2260
2152
1992
1910
1879
1964
2162
2304
2284
2231
2235
2139
1886
1722
2163
2446
2592
2470
2342
2499
2612
2373
2166
2144
2039
1993
2056
2019
2023
2272
2423
2364
2265
2151
1956
1857
1877
1935
2028
2065
2016
1940
1897
1957
2195
2357
2193
1898
1787
1837
1970
2220
2400
2280
2052
1840
1724
1760
2003
2191
2212
2137
2014
1799
1763
2038
2285
2326
2255
1962
1722
1766
1882
1991
2106
2126
2129
2136
2174
2166
2127
2058
1968
1882
1866
1873
1970
2208
2320
2210
2048
1810
1664
1910
2275
2441
2605
2472
1967
1743
1904
2160
2401
2466
2208
1883
1645
1702
2051
2247
2375
2478
2176
1802
1843
2015
2255
2520
2314
1845
1548
1591
1888
2298
2634
2588
2197
1824
1804
2046
2408
2751
2817
2447
1975
1720
1832
1995
2141
2301
2176
1933
3232
2468
1346
832
1080
1780
2628
3330
3320
2478
1579
1261
1425
1672
2017
2702
3255
3056
2326
1768
1556
1300
1137
1644
2662
3214
2932
2234
1469
857
884
1727
2678
2894
2512
2079
1654
1255
1157
1610
2340
2770
2794
2508
2006
1362
1088
1568
2364
2829
2621
1985
1299
1109
1905
3036
3472
3020
2219
1570
1220
1167
1517
1870
1913
2026
2699
3188
2751
1857
1563
1862
2342
2831
3081
2570
1564
1077
1460
1994
2268
2493
2778
2825
2663
2394
1818
1160
1152
2014
3030
3135
2179
1148
975
1790
2867
3397
3127
2474
2098
1722
1057
488
664
1539
2556
3036
2722
1879
1292
1431
1906
2358
2948
3457
3344
2706
2063
1441
929
1342
2507
2950
2354
1877
1721
1673
1864
712
242
816
2079
3208
3565
3076
2195
1449
1190
1568
2316
2854
2713
1986
1246
1052
1572
2548
3416
3538
2723
1458
548
502
1307
2650
3825
4095
3396
2008
820
517
1235
2450
3356
3400
2606
1599
1014
1161
1899
2774
3224
2948
2242
1652
1497
1798
2352
2732
2578
2041
1640
1782
2352
2965
3201
2803
1852
817
407
937
2048
3004
3274
2776
1887
1231
1283
1956
2696
2959
2485
1518
681
494
1040
1973
2852
3219
2907
2304
1943
1976
2243
2445
2373
1990
1537
1290
1438
1987
2698
3192
3150
2650
2072
1732
1677
1802
1952
1978
1771
1464
1349
1618
2040
2271
2258
2174
2173
2431
2950
3348
3247
2648
1840
1147
796
955
1643
2538
3168
3190
2569
1529
1276
2744
3459
3344
2612
1637
987
1284
2640
4095
4095
4095
2742
1
0
3
2
852
4095
4095
4095
4095
3515
405
2
1
1
1117
4016
4095
4095
3780
1490
3
3
51
1838
3808
4095
4094
2400
275
1
2
2
1824
4095
4095
4095
4023
2004
1
0
3
968
3048
4095
4095
3976
2400
853
1
2
737
2117
3430
4095
3981
3204
2260
1491
1071
1008
1227
1576
1948
2366
2791
3171
3231
2737
1824
872
383
571
1287
2177
2978
3374
3118
2360
1552
1269
1676
2430
3034
3225
2972
2370
1832
1836
2544
3484
3805
3068
1614
174
2
0
1315
3639
4095
4095
3442
492
3
3
3
1601
4095
4095
4095
3858
807
2
2
2
2088
4095
4095
4095
4095
4095
3542
2321
1257
498
99
111
561
1381
2481
3685
4095
4095
4095
4095
4095
4095
3644
2153
544
1
2
1
2
1
1
648
2812
4095
4095
4095
4095
4095
4095
2482
2
3
0
2
1
0
3
0
3
1293
4095
4095
4095
4095
4095
4095
4095
4095
4095
1866
2
2
1
3
1
0
2
421
4030
4095
4095
4095
4095
4095
4095
4095
2496
3
1
2
3
2
2
2
1279
3688
4095
4095
4095
4095
4089
1946
2
1
3
3
1
1
0
1569
4095
4095
4095
4095
4095
4095
4095
3976
524
1
2
2
2
1
0
1
1617
4095
4095
4095
4095
4095
4095
4095
4095
2987
1
0
2
1
3
1
1
1
2
0
1
1
2
1
0
2
0
1
629
2856
4095
4095
4095
4095
4095
4095
4095
4095
4095
4095
4095
4095
4095
4095
4095
4095
4095
4095
3801
2201
605
3
3
1
4
2
2
3
3
3
3
3
2
4
3
2
4
2
1
2
3
2
1623
3744
4095
4095
4095
4095
4095
4095
4095
4095
4095
4095
4095
4095
4095
4095
4095
4095
4095
4095
4095
4095
4095
3962
2296
594
2
2
3
3
4
3
5
4
3
6
2
4
3
4
4
2
2
2
2
2
105
1191
2296
3287
4095
4095
4095
4095
4095
4095
4095
4095
4095
4095
4095
4095
4095
4095
4095
4095
4095
3654
3049
