2100
2136
2115
2109
2104
2102
2108
2107
2096
2108
2132
2126
2144
2111
2103
2104
2132
2118
2110
2103
2114
2102
2154
2137
2126
2115
2115
2139
2124
2116
2114
2113
2088
2136
2126
2130
2151
2119
2150
2106
2094
2097
2112
2106
2112
2107
2114
2101
2106
2098
2124
2092
2102
2120
2126
2101
2107
2126
2079
2119
2121
2100
2109
2100
2119
2115
2104
2103
2094
2103
2118
2118
2098
2089
2104
2124
2100
2122
2096
2120
2110
2116
2114
2105
2117
2114
2111
2111
2074
2100
2088
2116
2105
2126
2105
2109
2106
2122
2117
2098
2096
2064
2091
2076
2110
2051
2081
2086
2073
2095
2079
2086
2075
2080
2076
2064
2089
2090
2102
2105
2083
2077
2083
2074
2080
2097
2106
2097
2104
2092
2094
2088
2090
2116
2118
2101
2103
2111
2114
2097
2102
2100
2113
2105
2098
2115
2120
2112
2089
2092
2113
2117
2092
2101
2125
2102
2098
2110
2126
2110
2124
2078
2088
2074
2112
2100
2094
2083
2101
2088
2100
2102
2100
2084
2113
2096
2084
2071
2111
2086
2094
2094
2118
2095
2119
2116
2105
2112
2106
2095
2099
2088
2080
2105
2079
2101
2116
2108
2105
2117
2104
2068
2084
2083
2094
2112
2112
2098
2098
2125
2086
2104
2117
2103
2095
2090
2060
2071
2104
2069
2091
2108
2103
2085
2124
2090
2112
2113
2111
2090
2081
2092
2112
2088
2076
2080
2092
2055
2102
2086
2092
2092
2090
2082
2088
2110
2127
2066
2088
2102
2110
2060
2067
2082
2092
2086
2051
2044
2064
2018
2040
2034
2040
2055
2020
2005
2025
2060
2017
2064
2064
2061
2087
2049
2075
2075
2077
2106
2086
2130
2153
2163
2144
2178
2150
2168
2203
2186
2191
2194
2212
2206
2217
2200
2216
2185
2189
2215
2190
2200
2165
2184
2196
2167
2146
2154
2126
2141
2108
2103
2086
2069
2083
2047
2039
2025
2042
2022
2019
2005
2016
1997
1984
1949
1953
1935
1943
1931
1910
1938
1926
1921
1934
1967
1934
1930
1948
1910
1961
1958
1944
1958
1956
1968
1959
1962
1980
1976
1986
2032
2032
1996
2076
2053
2035
2038
2049
2044
2102
2110
2132
2118
2129
2127
2128
2135
2167
2163
2149
2188
2163
2182
2199
2199
2177
2216
2210
2207
2216
2225
2224
2227
2222
2263
2318
2343
2339
2359
2349
2333
2315
2331
2305
2221
2156
2098
2076
1964
1958
1933
1867
1888
1866
1807
1809
1829
1852
1866
1840
1817
1835
1894
1914
1961
2026
2074
2122
2223
2266
2307
2336
2348
2344
2381
2380
2372
2349
2285
2215
2158
2145
2054
2045
1954
1938
1911
1913
1930
1963
2018
2038
2061
2116
2180
2220
2285
2329
2302
2315
2345
2344
2382
2361
2329
2289
2297
2210
2142
2078
1952
1836
1787
1702
1652
1612
1624
1664
1707
1800
1784
1788
1859
1876
1871
1936
1967
2034
2067
2153
2205
2281
2335
2400
2375
2414
2436
2369
2349
2275
2196
2126
2072
2008
1968
1928
1907
1912
1946
1994
1972
1982
2038
2056
2046
2082
2063
2094
2160
2172
2250
2288
2344
1949
1896
1828
1763
1727
1704
1788
1892
2067
2192
2270
2378
2415
2439
2398
2323
2159
2044
1938
1903
1908
1954
1969
2024
2044
2077
2110
2121
2150
2155
2186
2179
2179
2126
2071
2045
2076
2064
2031
2015
1964
1948
1948
2016
2090
2144
2220
2274
2360
2400
2474
2480
2469
2457
2403
2312
2265
2214
2266
2318
2288
2208
1993
1792
1666
1554
1539
1650
1750
1876
2035
2111
2193
2248
2230
2257
2230
2249
2284
2293
2226
2152
2010
1922
1903
1955
2026
2145
2188
2245
2259
2313
2384
2396
2371
2307
2192
2097
1997
1914
1907
1897
1920
1945
1874
1783
1669
1632
1680
1802
2047
2262
2435
2532
2546
2524
2430
2288
2144
2050
2017
2030
2086
2080
2003
1957
1906
1909
2341
2255
2162
2057
1973
1882
1832
1817
1853
1878
1943
1974
1948
1956
1911
1914
1890
1932
1952
2007
2115
2190
2269
2289
2326
2321
2282
2261
2228
2176
2135
2105
2039
1977
1949
1878
1868
1899
1954
2031
2142
2281
2348
2367
2328
2231
2118
1968
1847
1774
1752
1823
1921
2046
2137
2222
2291
2338
2307
2269
2236
2204
2151
2121
2110
2102
2100
2120
2174
2187
2235
2270
2270
2294
2319
2310
2287
2271
2200
2143
2020
1934
1871
1822
1769
1793
1798
1770
1772
1778
1799
1904
2041
2240
2357
2470
2488
2440
2380
2236
2095
1982
1962
1937
1947
1985
2015
2064
2049
2043
2057
2044
2007
1972
1957
1931
1961
2020
2048
2104
2180
2253
2296
2312
2310
2264
2241
2249
1979
2090
2109
2056
2003
1972
1975
2024
2142
2311
2404
2434
2387
2303
2180
2152
2127
2083
1988
1982
2096
2186
2154
2080
2137
2236
2255
2194
2165
2235
2311
2347
2284
2233
2153
2025
1900
1787
1776
1871
1980
1966
1876
1897
2093
2322
2326
2127
1937
1895
1904
1880
1836
1878
1970
2127
2183
2137
2116
2144
2230
2339
2444
2465
2500
2574
2600
2474
2168
1886
1778
1797
1882
2024
2147
2277
2317
2341
2451
2523
2479
2300
2229
2243
2212
2094
1910
1817
1833
1900
2036
2154
2095
1840
1517
1403
1478
1558
1549
1529
1684
1962
2215
2371
2474
2580
2630
2594
2496
2296
2076
1826
1720
1752
1934
2080
2121
2139
2226
2352
2459
2508
2481
2349
2079
1780
1644
1654
2013
2008
1988
1953
1962
2031
2146
2280
2424
2516
2602
2667
2677
2652
2562
2423
2284
2137
1978
1848
1835
1895
2019
2151
2162
2121
1994
1845
1736
1690
1724
1823
1952
2099
2151
2177
2165
2113
2046
2018
2002
1979
1979
1940
1903
1885
1853
1855
1850
1918
2051
2202
2398
2553
2608
2583
2491
2335
2129
1919
1769
1717
1776
1883
2026
2155
2233
2267
2270
2254
2243
2275
2359
2447
2501
2484
2366
2214
1981
1825
1716
1752
1870
2013
2095
2118
2043
1924
1839
1862
2001
2239
2452
2586
2528
2397
2188
1965
1880
1872
1981
2132
2256
2413
2536
2633
2609
2435
2136
1787
1491
1360
1380
1465
1547
1619
1703
1807
1944
2076
2188
2233
2255
2349
2443
2529
2506
2278
2250
2350
2350
2242
2118
2039
2039
2128
2236
2410
2455
2424
2343
2178
2050
1861
1707
1654
1665
1694
1728
1759
1792
1896
2144
2472
2728
2866
2829
2629
2376
2120
1938
1858
1885
1968
2081
2134
2152
2149
2171
2192
2150
2040
1848
1654
1618
1695
1884
2072
2227
2275
2283
2214
2195
2198
2176
2045
1860
1651
1502
1516
1679
1960
2266
2487
2616
2608
2549
2434
2367
2261
2162
1990
1911
1872
1953
2105
2252
2256
2173
1983
1823
1719
1791
1982
2208
2370
2386
2253
1950
1674
1510
1536
1724
1977
2197
2258
2188
2062
1968
1953
2032
2184
2271
2312
2258
2090
1892
1724
1687
1718
1881
2122
2403
2677
2898
2999
2950
2702
2366
1969
1625
1402
1296
1356
1623
1927
1935
1594
1398
1264
1056
651
400
593
1308
2257
3012
3363
3422
3475
3459
3265
2768
2136
1767
1714
1771
1692
1474
1355
1426
1604
1758
1842
1987
2228
2396
2368
2116
1799
1587
1395
1172
1059
1238
1765
2443
2924
3065
2952
2814
2680
2474
2097
1726
1521
1467
1464
1377
1305
1409
1769
2161
2454
2570
2595
2591
2466
2158
1792
1461
1297
1428
1740
2122
2498
2762
2858
2902
2774
2616
2424
2282
2259
2389
2522
2418
1882
1138
482
312
651
1272
1936
2478
2891
3059
2969
2709
2502
2427
2358
2158
1889
1696
1684
1696
1555
1414
1606
2147
2668
2698
2313
1818
1606
1621
1717
1795
2018
2413
2781
2860
2500
2099
1963
2160
2418
2496
2374
2292
2341
2418
2385
2533
2600
2554
2342
1961
1451
964
621
508
662
1104
1662
2207
2621
2819
2770
2558
2303
2065
1900
1823
1828
1902
2007
2158
2322
2490
2608
2712
2730
2678
2512
2262
1982
1689
1484
1398
1480
1755
2154
2582
2939
3186
3274
3176
2880
2502
2022
1544
1175
963
962
1108
1436
1786
2146
2423
2603
2664
2628
2448
2215
1916
1638
1436
1337
1426
1611
1894
2192
2460
2668
2770
2766
2660
2433
2163
1894
1662
1542
1589
1748
2012
2316
2565
2715
2772
2713
2557
2305
2038
1821
1655
1605
1708
1918
2126
2280
2361
2330
2234
2103
2017
1950
1921
1983
2062
2215
2369
2458
2474
2389
2179
1938
1696
1496
1409
1456
1663
1996
2379
2735
2987
3056
2893
2544
2012
1451
2066
2012
2259
2390
1946
1045
3
2
3
215
1514
2789
3696
4064
4013
3745
3395
3031
2654
2313
2086
2044
2099
2145
2014
1687
1374
1362
1751
2391
2929
3175
3104
2768
2221
1499
681
3
1
3
495
1522
2514
3205
3482
3448
3288
3118
2997
3098
3388
3648
3599
3054
2092
964
70
4
3
1
40
848
1797
2625
3069
3179
3176
3164
3112
2982
2846
2900
3203
3493
3382
2696
1582
430
1
3
299
1202
2138
2863
3292
3460
3254
2669
1859
1222
1015
1424
2051
2616
2848
2827
2815
2894
2800
2397
1866
1550
1660
2025
2282
2105
1593
1075
694
408
206
367
907
1912
2943
3575
3715
3588
3452
3371
3240
2999
2735
2720
3050
3414
3344
2585
947
3168
4095
4095
4095
4095
3984
2016
1
1
1
1
0
776
2797
4095
4095
4095
4095
3177
1368
1
2
1
1
1070
2474
3664
4095
4095
4095
3203
1924
698
17
126
933
2154
3354
4095
4095
4095
3871
2891
1690
540
1
2
2
482
1314
2013
2561
3012
3378
3579
3582
3367
3041
2696
2414
2087
1594
939
326
106
436
1253
2261
3126
3603
3667
3344
2680
1719
574
2
2
3
632
2434
4095
4095
4095
4095
3978
2268
257
1
0
1
1
950
3148
4095
4095
4095
4095
4095
2436
242
2
2
1
2
856
2586
4037
4095
4095
4095
3204
1816
721
207
281
816
1597
2448
3184
3622
3648
3185
2459
1706
1233
1083
1236
409
440
689
1144
1760
2482
3174
3790
4095
4095
4095
4095
4095
4017
3328
2418
1268
27
3
1
1
2
1
2
2
1
1
221
1584
2990
4095
4095
4095
4095
4095
4095
4095
3795
2834
2013
1431
1080
972
1051
1266
1584
2013
2548
3156
3797
4095
4095
4095
4095
4095
4095
3532
2410
1146
1
1
0
2
2
1
1
2
3
300
1955
3537
4095
4095
4095
4095
4095
4095
4095
4095
4095
4095
3728
2744
1730
742
2
3
2
2
4
3
4
118
692
1225
1670
2006
2189
2218
2073
1777
1359
873
406
53
1
2
326
956
1782
2748
3752
4095
4095
4095
4095
4095
4095
4095
4095
4095
4095
4095
3388
2155
930
1
1
3
3
1
2
4
2
1
2
0
4
889
1955
2983
3936
4095
4095
4095
4095
4095
4095
4095
4095
4095
4095
4095
4095
4095
4095
4095
4095
4095
4095
4095
4095
4095
3335
2420
1527
670
0
2
2
1
0
1
4
3
2
2
2
3
4
3
3
3
2
1
1
4
3
535
1263
1954
2603
3217
3758
4095
4095
4095
4095
4095
4095
4095
4095
4095
4095
4095
4095
4095
4095
4095
4095
4095
4095
4095
4025
3594
3151
2716
2296
1872
1468
1108
782
492
258
85
3
2
2
4
2
117
282
488
720
986
1231
1495
1755
1996
2231
2440
2616
2746
2852
2945
2968
2968
2947
2903
2814
2716
2580
2427
2266
2122
1974
