2095
2087
2087
2105
2123
2109
2109
2088
2102
2085
2086
2104
2093
2082
2077
2086
2090
2086
2102
2109
2097
2100
2094
2103
2088
2101
2104
2098
2093
2100
2110
2108
2109
2098
2103
2104
2089
2098
2113
2099
2107
2110
2098
2083
2099
2101
2090
2086
2100
2095
2075
2107
2089
2088
2084
2095
2091
2091
2074
2101
2118
2117
2099
2113
2076
2092
2105
2082
2080
2073
2098
2099
2092
2090
2098
2098
2098
2096
2084
2088
2098
2097
2097
2131
2124
2105
2108
2105
2105
2095
2082
2082
2085
2088
2079
2072
2098
2078
2083
2110
2093
2097
2095
2101
2095
2097
2084
2092
2102
2097
2122
2122
2098
2100
2127
2095
2088
2102
2088
2098
2077
2066
2078
2096
2082
2072
2097
2095
2031
2045
2036
2060
2081
2075
2079
2088
2115
2094
2102
2084
2085
2109
2119
2117
2110
2116
2110
2081
2057
2062
2066
2038
2023
2040
2026
1991
2018
1986
1998
2004
1992
1956
1935
1950
1968
1955
1987
1992
1996
2003
2036
2040
2017
2035
2054
2082
2094
2106
2093
2114
2140
2157
2138
2128
2178
2156
2150
2160
2144
2163
2195
2158
2159
2176
2168
2173
2200
2207
2201
2217
2212
2192
2210
2223
2213
2209
2206
2210
2219
2202
2203
2212
2196
2189
2174
2147
2169
2146
2134
2148
2112
2083
2073
2084
2066
2030
2040
2016
2014
1975
1964
1960
1965
1998
1977
2010
1980
1983
2007
2022
2030
2032
2024
2016
2037
2059
2052
2042
2070
2073
2122
2086
2069
2082
2103
2098
1946
1942
1927
1904
1939
1942
1968
2011
2073
2138
2188
2222
2214
2207
2164
2136
2085
2038
1989
1974
1947
1942
1952
1986
2055
2090
2154
2211
2240
2270
2263
2278
2267
2234
2201
2153
2111
2081
2082
2082
2081
2080
2100
2130
2129
2128
2137
2124
2123
2105
2075
2052
2044
2039
2023
2033
2034
2014
2040
2059
2096
2137
2177
2210
2228
2244
2263
2244
2213
2192
2142
2117
2083
2048
2037
2050
2036
2063
2094
2127
2186
2221
2247
2232
2236
2202
2142
2106
2041
1979
1964
1954
1936
1936
1946
1978
1993
2012
2036
2060
2086
2129
2153
2164
2178
2169
2169
2138
2104
2053
2009
1982
1949
1949
1950
1948
1970
1997
2020
2074
2099
2111
2096
2091
2091
2054
2038
2040
2111
2078
2056
2054
2127
2188
2187
2126
2096
2065
1980
1884
1908
2013
2063
2034
2033
2104
2150
2114
2061
2109
2235
2238
2143
2068
2044
1996
1887
1820
1884
1994
2043
2085
2164
2246
2230
2149
2080
2069
2047
1987
2000
2118
2203
2188
2137
2145
2179
2137
2040
1995
2074
2159
2192
2193
2231
2280
2257
2171
2067
2027
2029
2021
1995
2056
2185
2251
2241
2181
2189
2189
2128
2059
2082
2160
2218
2214
2201
2201
2168
2064
1978
1971
2062
2114
2098
2096
2117
2122
2086
2030
2025
2100
2171
2220
2234
2232
2192
2107
2033
1992
2007
2040
2070
2076
2109
2151
2158
2109
2028
1990
2004
2022
2054
2089
2152
2202
2239
2249
2229
2182
2117
2086
2084
2038
2028
2034
2145
1951
2026
2160
2076
1978
2002
1984
1903
1966
2114
2085
2096
2238
2251
2147
2076
2001
1917
1930
2009
2038
2139
2201
2218
2201
2160
2017
2036
2217
2264
2212
2251
2268
2107
2055
2105
1993
1819
1877
2012
2026
2053
2125
2048
2096
2142
2219
2328
2368
2279
2214
2200
2084
1919
1933
1970
1900
1976
2148
2083
2014
2148
2170
2064
2147
2289
2207
2143
2232
2210
2054
2033
2107
2093
2120
2156
2167
2082
2118
2214
2214
2028
1989
1999
1962
1982
2115
2117
1987
2018
2132
2096
2093
2162
2100
2067
2126
2140
2013
1981
2006
1957
1899
1948
1991
1965
2068
2242
2201
2122
2114
2073
1988
2008
2089
2017
1947
1999
2039
2048
2011
1979
1992
2071
2109
2148
2173
1967
1778
1820
2101
2350
2440
2334
2119
2031
1999
1954
1923
2057
2384
2606
2525
2140
1776
1621
1677
1832
2016
2109
2308
2358
2191
1759
1446
1656
2151
2416
2225
1976
2017
2298
2360
2140
1836
1708
1793
2001
2187
2215
2032
1965
2029
2139
2178
2212
2267
2180
1963
1792
1990
2337
2319
2062
1922
2080
2253
2056
1716
1737
2070
2280
2137
1955
2115
2412
2313
1901
1802
1923
1953
1884
1903
2166
2448
2428
2203
2062
1986
1865
1920
2084
2297
2252
1994
1711
1682
1875
2061
2151
2260
2330
2345
2230
2170
2035
1812
1826
2064
2377
2545
2279
1900
1801
2072
2376
2324
2176
2114
2181
2196
2086
2077
2153
2236
2281
2228
2233
2260
2264
2107
2009
2123
2261
2248
2166
1974
1861
1803
1947
2259
2510
2567
2374
2077
1828
1755
1828
1914
2002
2122
2253
2281
2163
2046
2032
2125
2278
2294
2157
1966
1918
2017
2120
2182
2044
1769
1732
1888
2142
2206
2067
1855
1803
1900
2043
2114
2141
2130
2100
2044
2022
2074
2161
2257
2277
2262
2187
2087
2028
2084
2265
2336
2190
1894
1655
1728
1966
2256
2416
2316
2065
1903
2019
2241
2337
2280
2202
2195
2169
2034
1840
1811
1897
1937
1824
1777
2042
2436
2546
2333
1960
1847
2005
2166
2139
2104
2136
2251
2260
2135
2084
2146
2178
2062
1914
2002
2203
2365
2308
2101
1982
2005
2009
1958
1956
1978
1933
1870
1950
2178
2382
2370
2212
2035
2018
2124
2172
2090
1993
1976
2091
2238
2016
2206
2307
2193
1949
1762
1847
2229
2563
2530
2210
1901
1804
2026
2382
2474
2141
1691
1606
1973
2395
2584
2453
2096
1887
2016
2240
2435
2472
2314
2045
1877
1827
1839
1977
2181
2201
2053
1886
1764
1806
2113
2391
2409
2174
1972
1855
1829
1906
1985
2043
2159
2340
2378
2216
2028
1908
1858
1905
2002
2040
2056
2260
2484
2496
2318
2040
1800
1782
1998
2338
2493
2388
2126
1793
1649
1791
2108
2269
2180
1952
1771
1815
2135
2475
2544
2312
2047
1852
1864
2049
2309
2461
2307
2039
1816
1770
1967
2291
2421
2250
1915
1668
1657
1952
2301
2430
2283
1956
1726
1726
1988
2260
2389
2354
2274
2204
2159
2093
1952
1815
1799
1915
2094
2252
2296
2176
1997
2076
2045
2038
2138
2254
2224
2159
2299
2374
2265
2070
1930
2021
2190
2148
2091
2112
2047
2067
2293
2388
2043
1666
1602
1774
2157
2512
2503
2087
1661
1628
1829
2144
2587
2637
2313
1962
1599
1552
1978
2269
2269
2152
1938
1895
2080
2279
2320
2118
1947
1833
1672
1796
2254
2400
2129
1917
1951
1999
1974
2144
2271
2128
1992
1917
1830
1891
2203
2500
2563
2327
2004
1656
1368
1570
2142
2456
2398
2359
2201
2034
2133
2338
2342
2124
1965
2168
2498
2518
2199
1739
1420
1668
2391
2912
2646
1830
1324
1570
2073
2159
2046
2155
2296
2233
2072
2133
2372
2394
2009
1670
1872
2357
2578
2361
1800
1297
1386
2041
2688
3008
2731
1886
1078
1009
1718
2609
3143
2632
2129
1639
1405
1730
2588
3054
2476
1639
1130
1016
1869
3331
3877
3391
2416
1211
586
956
1737
2545
3251
3323
2795
2096
1438
1139
1650
2640
3155
2808
2212
1727
1390
1680
2533
3052
2856
2264
1688
1457
1463
1641
1978
2133
2173
2404
2397
2114
1944
1678
1510
1942
2390
2451
2466
2274
1801
1624
1929
2335
2468
2283
2054
1765
1561
1821
2357
2545
2382
2199
1936
1420
1255
1858
2498
2695
2782
2558
1936
1639
1772
1941
2061
2156
2159
1843
1504
1600
1773
1869
2254
2389
2007
1962
2121
2064
2222
2358
2052
1698
1644
1832
2118
2263
2377
2424
2341
2510
2721
2312
1715
1458
1383
1646
2494
3313
3313
2479
1639
1268
1400
2184
3134
3382
2693
1654
929
316
870
1806
2634
3165
3056
2377
1719
1844
2528
2673
1898
640
4
19
1024
2560
3887
4095
3718
2697
2139
2139
2155
1818
1258
866
722
1041
1760
2467
2707
2432
2050
1946
2115
2500
2814
2898
2669
2321
1926
1401
725
189
128
813
2145
3501
4090
3566
2520
1753
1701
2101
2467
2230
1347
553
672
1533
2153
1972
1251
824
1385
3166
4095
4095
4095
2372
1092
1002
1504
1732
1445
1062
1174
2238
3472
3655
2393
898
671
2133
4001
4095
3860
2280
1073
764
1303
1877
1796
1422
1668
2756
3841
3876
2760
1494
1018
1466
2468
3482
3620
2491
1064
488
743
953
1016
1651
2709
3236
2966
2472
1949
1496
1843
3154
4095
3630
2269
1428
1427
1506
1186
3650
4095
4095
4095
2767
323
4
2
21
2123
4095
4095
4095
4092
1932
1
1
21
1472
3324
4095
4095
3096
899
3
3
202
2440
4095
4095
4095
4095
2046
1
3
2
0
1561
3512
4095
4095
4095
3274
1530
277
312
1703
3504
4095
4095
3993
2514
519
2
1
3
48
1671
3512
4095
4095
4095
4095
3500
1559
0
2
0
0
44
2414
4095
4095
4095
4095
3616
1870
552
2
2
107
217
432
1108
2524
4095
4095
4095
4095
3614
1165
3
2
4
419
2700
4095
4095
4095
4095
2468
377
2
3
1
1908
4095
4095
4095
4095
2682
2
3
2
1
422
3556
4095
4095
4095
4095
2380
2
4
2
1
800
2762
1074
2300
3482
4095
4095
4095
4095
3164
1939
599
2
2
1
1
2
1160
3329
4095
4095
4095
4095
4095
3940
2305
694
2
3
1
1
2
2
1045
2821
4095
4095
4095
4095
4095
4095
4095
3100
1532
2
2
2
2
2
0
377
2873
4095
4095
4095
4095
4095
4095
3570
126
1
4
3
2
2
2
2
3040
4095
4095
4095
4095
4095
4095
4095
1270
1
2
3
1
2
1
1
1420
4095
4095
4095
4095
4095
4095
4095
3324
2
1
0
1
2
1
2
199
3409
4095
4095
4095
4095
4095
4095
4095
2524
606
2
1
1
0
607
1346
1693
1576
1040
355
1
1
52
936
2209
3670
4095
4095
4095
4095
4095
4095
4095
4095
4095
4095
4095
4095
4095
4095
4095
4095
4095
4095
4095
4095
4095
3816
2608
1441
350
1
3
2
3
1
2
1
1
0
1
3
1
2
1
2
2
3
2
3
2
133
625
1067
1416
1696
1904
2058
2199
2244
2280
2270
2249
2216
2171
2132
2092
2060
2073
2074
2077
2109
2168
2250
2344
2478
2610
2804
3016
3249
3493
3800
4095
4095
4095
4095
4095
4095
4095
4095
4095
4095
4095
4095
4095
4095
4095
4095
4095
4095
4095
4095
4095
4095
4095
4095
4095
4095
3735
2746
1753
781
2
2
0
1
3
2
2
1
1
4
1
4
1
3
3
3
3
2
4
1
3
1
3
3
1
2
4095
4095
4095
4095
4095
4095
4095
4095
4095
4095
4095
4095
4095
4095
4095
4095
4095
4095
4095
4095
4095
4095
4095
4095
4095
4095
4095
4095
4095
4095
4095
4095
4095
4095
4095
4095
4095
4095
4095
4095
4095
4095
4095
4095
4095
4095
4095
4095
4049
3951
3861
3720
3636
3532
3390
3277
3167
3031
2939
2840
2728
2621
2512
2401
2293
2160
2054
1904
1823
1688
1588
1445
1361
1185
1072
916
738
579
478
314
194
61
2
2
3
2
4
4
2
2
2
2
2
5
3
3
3
3
1
1
2
3
1
3
2
3
3
2
1
1
2
0
0
1
2
4
1
2
1
2
1
1
2
1
3
1
2
1
