2086
2072
2105
2100
2090
2101
2114
2108
2115
2112
2111
2109
2087
2091
2112
2098
2088
2090
2096
2090
2104
2112
2096
2112
2105
2123
2106
2089
2107
2068
2086
2127
2090
2104
2085
2086
2064
2081
2087
2102
2116
2096
2108
2074
2108
2089
2077
2082
2102
2080
2090
2075
2091
2099
2081
2065
2089
2118
2104
2088
2104
2101
2092
2119
2100
2078
2070
2090
2131
2076
2096
2079
2100
2126
2119
2104
2120
2096
2083
2103
2120
2089
2082
2093
2093
2073
2064
2086
2090
2114
2085
2111
2094
2107
2072
2126
2088
2096
2100
2095
2083
2077
2097
2083
2066
2099
2088
2080
2078
2079
2073
2088
2088
2089
2080
2081
2095
2108
2103
2097
2076
2083
2057
2089
2085
2068
2107
2125
2092
2123
2104
2116
2092
2114
2121
2095
2096
2121
2102
2093
2083
2143
2116
2122
2108
2089
2097
2139
2159
2142
2106
2107
2112
2099
2108
2118
2087
2134
2123
2115
2126
2126
2126
2102
2110
2102
2137
2102
2110
2090
2116
2099
2105
2109
2099
2090
2120
2128
2086
2080
2117
2109
2097
2075
2060
2083
2102
2080
2080
2069
2064
2072
2068
2057
2041
2059
2036
2044
2041
2054
2022
2092
2061
2068
2065
2069
2062
2077
2070
2078
2092
2080
2063
2058
2015
2052
2049
2063
2046
2046
2008
2001
2014
2035
2000
2052
2069
2021
2043
2026
2033
2042
2062
2065
2054
2070
2072
2066
2073
2074
2121
2137
2122
2105
2112
2103
2070
2101
2118
2134
2137
2113
2149
2137
2138
2173
2151
2144
2136
2171
2167
2139
2146
2156
2176
2165
2154
2164
2154
2171
2155
2124
2140
2130
2128
2114
2153
2142
2144
2126
2122
2096
2101
2113
2097
2091
2105
2118
2092
2070
2067
2084
2060
2068
2074
2104
2085
2067
2100
2071
2040
2098
2058
2048
2018
2021
2067
2058
2065
2027
2025
2022
2019
2045
2014
2049
2041
2048
2046
2055
2049
2069
2066
2044
2023
2038
2060
2035
2036
2025
2016
2027
2030
2036
2014
2011
1998
2007
2008
2044
2019
2010
2033
2054
2042
2068
2098
2114
2114
2150
2152
2178
2224
2241
2267
2272
2275
2292
2298
2330
2349
2363
2380
2365
2355
2367
2386
2370
2373
2355
2328
2302
2304
2258
2273
2256
2247
2215
2186
2160
2183
2098
2068
2066
2143
2188
2206
2223
2244
2255
2297
2273
2194
2108
2041
1947
1925
1908
1883
1897
1923
1957
2022
2045
2064
2092
2092
2112
2114
2129
2129
2140
2198
2168
2183
2218
2208
2232
2192
2187
2209
2193
2143
2068
1990
1986
1955
1986
1987
2047
2158
2216
2224
2217
2154
2130
2109
2108
2130
2185
2269
2388
2488
2544
2509
2447
2420
2323
2225
2137
2060
2043
2067
2027
1992
1924
1870
1770
1745
1745
1810
1932
2094
2346
2545
2646
2725
2699
2660
2604
2477
2371
2295
2118
1948
1905
1776
1632
1530
1542
1610
1657
1723
1803
1885
1948
2010
2092
2172
2181
2253
2323
2413
2439
2458
2397
2279
2226
2157
2035
1935
1903
1833
1808
1853
1871
1930
1963
2037
2151
2216
2271
2194
2245
2188
2149
2115
2138
2205
2305
2322
2337
2226
2109
1984
1846
1786
1650
1651
1582
1575
1595
1629
1719
1831
1987
2160
2321
2465
2556
2504
2417
2330
2180
2132
2029
1982
1945
1812
1777
1770
1905
2082
2312
2421
2485
2464
2432
2357
2279
2256
2187
2142
2026
1982
1952
1952
1976
1978
2012
2118
2195
2293
2325
2321
2272
2234
2172
2059
1966
1812
1721
1662
1614
1652
1718
1846
2079
2303
2505
2623
2667
2634
2527
2271
2024
1782
1611
1511
1497
1546
1673
1873
2132
2330
2504
2669
2749
2785
2730
2646
2519
2377
2257
2110
1914
1730
1666
1633
1700
1808
2055
2272
2474
2624
2665
2591
2434
2262
2016
1815
1692
1550
1488
1500
1566
1664
1796
1968
2128
1810
2009
2206
2327
2354
2344
2357
2422
2481
2504
2439
2314
2155
1996
1850
1784
1752
1739
1720
1676
1599
1584
1719
1959
2207
2369
2347
2207
2017
1967
1995
2112
2217
2292
2365
2479
2556
2549
2411
2270
2082
1960
1940
1897
1859
1859
1950
2094
2204
2232
2192
2134
2122
2159
2203
2206
2238
2237
2247
2143
1885
1594
1394
1350
1499
1734
2024
2286
2480
2557
2471
2307
2164
2153
2193
2222
2168
2085
2045
2042
2039
2008
1950
1979
2134
2310
2413
2419
2302
2210
2174
2129
2055
1936
1909
1932
2020
2024
1924
1820
1835
1936
2031
2038
1960
1923
1965
2140
2324
2460
2456
2402
2316
2201
2081
1983
1925
1905
1894
1930
1952
2001
1988
1972
1928
1983
2110
2212
2512
2431
2174
1959
1705
1569
1473
1539
1657
1860
2098
2272
2420
2453
2400
2335
2294
2251
2183
2127
2001
1800
1694
1686
1792
2056
2330
2539
2656
2594
2383
2106
1855
1747
1781
1944
2156
2410
2520
2532
2365
2172
1947
1722
1588
1562
1615
1694
1812
1928
2035
2081
2110
2127
2229
2321
2369
2448
2522
2482
2420
2367
2366
2321
2272
2251
2194
2072
1923
1782
1675
1614
1605
1664
1748
1871
1970
2075
2188
2219
2235
2245
2177
2070
1984
1859
1807
1740
1787
1851
1928
2024
2064
2072
2066
2044
2016
1966
1941
1956
1998
2117
2263
2394
2472
2545
2547
2504
2373
2159
2010
1888
1843
1838
1952
2037
2194
2286
2280
2269
2216
2109
1989
1870
1809
1728
1754
1870
2840
2582
2395
2184
1927
1618
1419
1384
1423
1576
1688
1794
1879
2081
2352
2472
2426
2304
2337
2472
2431
2121
1827
1692
1622
1478
1416
1559
1970
2441
2814
3008
2929
2601
2173
1905
1801
1840
1889
1987
2176
2288
2213
2190
2334
2504
2440
2090
1762
1636
1607
1591
1784
2090
2358
2450
2261
2036
1962
1981
2004
1986
1926
2024
2188
2309
2329
2303
2358
2541
2840
3109
3191
3004
2503
2117
1931
1955
2027
2144
2143
1994
1653
1352
1323
1655
2044
2194
2177
2234
2403
2515
2500
2275
2116
2009
1881
1744
1757
1919
2058
2034
1935
2076
2462
2721
2680
2345
1973
1699
1620
1716
1822
1936
2182
2460
2528
2241
1794
1522
1448
1473
1594
1794
2049
2124
2092
2058
2371
2380
2386
2374
2334
2272
2166
2128
2085
1985
1894
1799
1775
1865
2054
2265
2477
2608
2648
2598
2428
2221
1984
1806
1757
1862
2048
2250
2407
2472
2468
2356
2180
1982
1793
1729
1793
1964
2194
2410
2566
2584
2509
2328
2070
1831
1703
1694
1785
1950
2095
2134
2071
1891
1716
1587
1538
1582
1741
1990
2287
2531
2676
2696
2558
2239
1840
1494
1332
1407
1747
2234
2743
3081
3225
3086
2704
2168
1642
1214
1040
1125
1492
1982
2408
2737
2814
2630
2274
1849
1540
1406
1543
1917
2394
2805
3083
3114
2863
2483
1977
1531
1235
1158
1280
1565
1894
2190
2396
2464
2419
2292
2190
2174
2222
2307
2335
2305
2190
2064
2006
1987
2073
2217
2352
2456
2480
2388
2318
2290
1852
1438
1386
1562
1639
1732
2106
2744
3183
3157
2734
2312
2090
2091
2152
2183
2014
1734
1446
1234
1093
1167
1587
2225
2721
2910
3000
3123
3064
2617
2017
1690
1736
1905
2015
2092
2069
1866
1607
1619
2049
2598
2867
2747
2388
1937
1601
1436
1319
1153
1090
1348
1900
2399
2527
2335
2210
2419
2760
3012
3005
2696
2246
1893
1724
1534
1242
1018
1156
1692
2386
2975
3370
3582
3526
3221
2766
2292
1845
1419
1116
966
1039
1308
1699
2015
2088
2012
2167
2633
3052
3013
2598
2241
2190
2224
2011
1653
1458
1506
1674
1852
2106
2379
2496
2343
2008
1702
1590
1620
1636
1567
1617
1946
2378
2596
2485
2296
2323
2436
2332
2064
1931
2064
2181
1998
2060
1641
1341
1217
1350
1684
2094
2506
2836
3020
3043
2887
2581
2135
1669
1168
799
692
879
1309
1937
2576
3087
3349
3341
3027
2561
2016
1554
1202
1095
1223
1575
2068
2568
2929
3093
3026
2768
2374
1898
1447
1054
853
930
1281
1852
2478
2935
3082
2926
2505
1992
1555
1285
1285
1511
1968
2522
3068
3420
3457
3163
2565
1876
1198
634
326
316
675
1308
2098
2903
3561
3965
3964
3632
2943
2081
1207
502
150
229
733
1545
2474
3290
3826
3960
3648
3016
2172
1351
757
539
737
1276
1989
2653
3115
3267
3150
2853
2462
2084
1857
1773
1786
1856
1930
1952
1967
1942
1939
1966
2017
2116
2240
2410
2599
2784
2897
2855
2616
2151
1594
1061
683
3895
4095
4095
4002
3267
2513
2044
1871
1757
1459
1020
795
1045
1759
2603
3229
3412
3126
2578
2125
1989
2052
2051
1835
1599
1612
1989
2499
2809
2834
2736
2681
2613
2383
1921
1331
816
546
582
839
1279
1812
2412
3009
3485
3699
3510
2950
2142
1376
767
369
150
45
34
126
385
898
1707
2715
3694
4095
4095
4095
4095
4060
3372
2472
1565
853
418
245
251
436
868
1551
2336
2988
3336
3400
3328
3125
2772
2246
1584
865
225
2
2
1
165
757
1428
2108
2714
3152
3401
3546
3613
3588
3452
3272
3058
2796
2462
2131
1944
1845
1785
1556
1115
596
154
23
240
772
1464
2115
2608
2963
3288
3658
3968
4063
3870
3390
2765
2152
1659
1593
1588
1650
1781
1954
2118
2226
2242
2138
1946
1730
1555
1493
1590
1854
2256
2740
3190
3486
3571
3426
3074
2577
2027
1504
1043
705
520
541
745
1126
1607
2149
2718
3263
3726
4003
3992
3647
2986
2114
1148
233
1
1
3
2
379
1535
2789
3905
4095
4095
4095
4095
3898
2766
1475
150
1
0
1
3
0
1
769
2824
4095
4095
4095
4095
4095
4095
4095
3948
2232
434
2
3
1
3
2
2
86
1686
3326
4095
4095
4095
4095
4095
4095
3603
2760
2066
1596
1397
1448
1666
1927
2199
2422
2544
2570
2474
2200
1687
1001
214
1
1
2
4
2
1
946
2480
4095
4095
4095
4095
4095
4095
4095
4095
3558
2085
4095
4095
4095
4095
4095
4066
3910
3686
3452
3221
2997
2780
2571
2394
2218
2094
1980
1904
1828
1758
1715
1666
1600
1568
1516
1482
1456
1449
1434
1402
1347
1278
1193
1090
940
780
606
411
222
21
0
1
2
2
2
2
2
3
87
460
895
1394
1902
2470
3044
3607
4095
4095
4095
4095
4095
4095
4095
4095
4095
4095
4095
4095
4095
4095
4095
4095
3575
2877
2148
1408
688
2
1
3
2
1
1
2
4
3
3
3
3
4
3
3
166
1001
1879
2724
3520
4095
4095
4095
4095
4095
4095
4095
4095
4095
4095
4095
4095
4095
4095
4095
4095
4095
3774
3117
2468
1804
1163
552
3
1
2
2
2
4
3
0
5
3
3
4
3
1
1
2
1
4
1
1
4
2
2
3
3
3
11
346
755
1174
1603
2017
2453
2864
3274
3674
4068
4095
4095
4095
4095
4095
4095
4095
4095
4095
4095
4095
4095
4095
4095
4095
4095
4095
4095
4095
4095
4095
4095
4095
4095
4034
3558
3079
2608
2147
1678
1225
796
394
14
1
2
3
2
3
3
4
1
2
1
2
3
4
3
4
2
2
2
2
2
3
2
4
3
4
3
3
64
574
1125
1686
2235
2796
3326
3855
4095
4095
4095
4095
4095
4095
4095
4095
4095
4095
4095
4095
4095
4095
4095
4095
4095
4095
4095
4095
4095
4095
4095
4095
4095
4095
4095
4095
4095
4014
