2105
2109
2088
2054
2102
2088
2093
2083
2093
2071
2098
2094
2102
2120
2117
2118
2098
2059
2086
2105
2104
2101
2126
2092
2088
2088
2077
2074
2075
2097
2075
2098
2059
2062
2056
2095
2077
2073
2080
2098
2074
2091
2094
2107
2081
2097
2113
2111
2110
2105
2113
2090
2095
2102
2087
2094
2096
2098
2065
2078
2092
2084
2090
2106
2105
2086
2042
2081
2106
2103
2086
2082
2116
2107
2110
2148
2119
2129
2116
2080
2066
2082
2067
2062
2049
2076
2059
2093
2087
2069
2074
2108
2138
2107
2073
2104
2104
2101
2079
2096
2107
2071
2110
2099
2108
2095
2093
2132
2104
2082
2097
2078
2062
2089
2058
2076
2074
2081
2100
2099
2085
2081
2089
2082
2080
2105
2071
2106
2099
2091
2080
2102
2100
2056
2103
2071
2084
2106
2092
2108
2139
2106
2134
2102
2088
2097
2053
2045
2081
2126
2095
2118
2118
2129
2104
2069
2111
2091
2097
2083
2054
2077
2109
2105
2079
2116
2085
2103
2094
2082
2084
2085
2093
2108
2081
2051
2095
2084
2099
2071
2079
2135
2087
2113
2102
2144
2124
2094
2056
2081
2068
2111
2094
2136
2118
2108
2145
2110
2073
2081
2089
2087
2103
2086
2086
2069
2109
2145
2170
2134
2133
2128
2117
2078
2087
2112
2071
2104
2086
2106
2110
2114
2113
2095
2093
2101
2121
2109
2097
2079
2082
2092
2107
2090
2096
2108
2094
2065
2052
2081
2110
2080
2071
2122
2088
2067
2093
2084
2080
2105
2088
2084
2025
2073
2089
2092
2078
2080
2088
2098
2048
2090
2047
2095
2045
2052
2076
2072
2071
2092
2076
2062
2036
2009
2060
2048
2069
2043
2061
2014
2059
2051
2037
2074
2099
2080
2091
2125
2120
2073
2083
2134
2093
2119
2101
2101
2083
2090
2119
2126
2118
2146
2113
2124
2115
2132
2138
2130
2117
2160
2148
2145
2134
2174
2182
2114
2150
2135
2131
2165
2198
2164
2127
2150
2110
2117
2138
2133
2128
2134
2133
2142
2150
2164
2121
2164
2140
2138
2153
2144
2115
2122
2149
2162
2128
2112
2112
2113
2087
2071
2092
2120
2053
2065
2090
2076
2093
2101
2052
2060
2065
2089
2054
2019
2032
2055
2048
2039
2032
2023
2006
2022
2005
2056
2043
2053
2032
2026
2059
2056
2066
2051
2076
2083
2281
2313
2285
2306
2248
2243
2229
2231
2203
2164
2136
2041
2023
2061
1989
1933
1905
1916
1909
1865
1905
1818
1866
1846
1870
1833
1904
1889
1934
1938
1978
2000
2078
2079
2114
2140
2154
2162
2208
2205
2172
2233
2191
2252
2243
2263
2284
2213
2240
2250
2195
2126
2164
2126
2045
2025
2020
2022
2047
2044
2011
1991
2028
2003
2016
2002
1995
1980
2009
2036
2012
2050
2081
2029
2050
2068
2096
2125
2146
2137
2147
2190
2152
2154
2167
2144
2163
2203
2183
2136
2165
2193
2157
2133
2155
2154
2156
2115
2083
2088
2059
2067
2089
2063
2063
2032
1983
2004
1987
1975
1961
2012
2058
2039
2010
2051
2055
2069
2031
2133
2096
2141
2116
2045
2103
2151
2150
2159
2326
2340
2316
2295
2201
2094
2096
2074
2051
2072
2097
2080
2042
2024
1949
1954
1940
1992
2066
2134
2188
2250
2208
2238
2212
2170
2147
2164
2213
2227
2160
2079
1949
1809
1752
1738
1804
1876
1953
2019
2058
2035
2155
2196
2255
2273
2257
2220
2306
2281
2303
2240
2214
2172
2113
2061
2174
2222
2209
2204
2147
2089
2065
2046
2078
2108
2111
2076
2034
2044
2068
2083
2148
2104
2068
2076
2078
2060
2148
2085
2046
1930
1908
1931
1991
2084
2043
2014
1985
2012
2051
2092
2081
2070
2064
2113
2204
2200
2131
2033
1986
1929
1922
1903
2021
2043
2054
2051
2164
2138
2207
2280
2216
2196
2149
2123
2216
2144
2040
1996
1954
1973
1992
1950
1923
1944
2005
2048
2121
2110
2119
2141
2140
2110
2060
2025
2035
2074
2097
2093
2098
2080
2073
2073
2051
2043
2048
2043
2037
2055
2096
2137
2189
2245
2245
2200
2115
2100
2029
2005
1948
1970
1964
1939
2024
2103
2156
2183
2178
2189
2139
2096
2041
2014
2040
2080
2144
2116
2136
2098
2061
2040
1982
1933
1924
1960
2005
2099
2182
2309
2400
2449
2373
2311
2266
2213
2085
1976
1963
1924
1983
2004
2107
2229
2272
2266
2247
2245
2190
2089
1978
1906
1884
1872
1906
1955
1980
1982
1964
1977
1944
1965
2014
2077
2114
2147
2161
2206
2269
2276
2243
2225
2102
2018
2000
1965
2024
2093
2056
2151
2255
2233
2209
2141
2056
2018
1968
1911
1889
1911
2017
2066
2178
2225
2235
2206
1917
1942
1988
2042
2089
2151
2244
2377
2306
2198
2204
2175
2236
2248
2263
2193
2135
2037
1996
1983
1909
1880
1904
1968
2005
1971
1981
2028
2220
2276
2220
2026
1891
1878
1914
2018
2001
2016
2050
2171
2209
2159
2095
2158
2278
2406
2333
2248
2228
2307
2234
2117
1999
1955
2018
2008
1913
1777
1664
1646
1590
1687
1922
2216
2427
2360
2336
2338
2397
2351
2243
2115
2131
2145
2081
2013
2075
2193
2216
2169
2152
2229
2303
2203
2040
1970
2040
2176
2202
2210
2288
2294
2202
2064
2033
2050
2055
2033
2054
2232
2370
2397
2297
2316
2394
2298
1985
1666
1612
1763
1879
1886
1938
2067
2100
2096
2057
2082
2124
2060
1970
1969
1973
2067
2166
2218
2193
2126
2116
1879
1768
1732
1787
1832
1975
2077
2154
2199
2213
2122
2010
1949
1920
1960
1992
2041
2039
1979
1995
1989
1977
2020
2086
2241
2324
2427
2433
2350
2213
1986
1831
1698
1693
1834
2069
2197
2360
2408
2364
2261
2135
1945
1841
1894
1936
2081
2281
2456
2570
2528
2385
2217
1993
1711
1629
1744
1966
2224
2451
2514
2410
2215
1936
1678
1547
1561
1778
2037
2312
2580
2699
2710
2587
2327
2071
1821
1625
1556
1639
1827
2057
2233
2315
2300
2177
1936
1795
1589
1693
1879
2178
2398
2568
2597
2554
2417
2183
1991
1775
1734
1810
1989
2171
2260
2276
2296
2236
2199
2169
2117
2133
2163
2192
2238
2265
2272
2172
2106
1976
1856
1819
1803
1913
2029
2147
2269
2320
2671
2764
2801
2772
2575
2188
1531
1094
888
1040
1340
1761
2233
2593
2861
2974
2946
2626
2319
2022
1767
1508
1325
1397
1853
2244
2460
2505
2483
2353
2174
1899
1706
1613
1647
1894
2164
2416
2543
2649
2658
2515
2317
2119
1855
1580
1535
1698
2019
2224
2388
2473
2483
2354
2154
1904
1704
1604
1713
1880
1995
2151
2459
2721
2847
2743
2446
2153
1839
1669
1656
1827
1942
2058
2127
2257
2449
2551
2413
2040
1673
1596
1737
1821
1914
2105
2248
2320
2327
2335
2338
2251
2039
1751
1583
1641
1878
2242
2482
2662
2743
2752
2538
2174
1742
1293
1147
1183
1340
1483
1841
2227
2552
2667
2597
2543
2436
2226
2079
1925
1929
2036
2064
1976
1989
2083
2231
1469
1487
1554
1707
1888
2032
2120
2146
2220
2258
2341
2461
2525
2553
2482
2347
2176
2055
1969
2036
2249
2419
2432
2243
1990
1749
1654
1663
1752
1927
2169
2424
2708
2892
2839
2653
2386
2161
2032
1900
1826
1721
1669
1712
1900
2254
2557
2724
2708
2515
2228
1819
1430
1185
1133
1297
1680
2211
2682
3055
3232
3075
2744
2275
1848
1522
1379
1456
1547
1627
1667
1684
1810
2000
2200
2387
2471
2469
2354
2173
1957
1943
2070
2266
2526
2678
2752
2666
2401
2008
1639
1418
1218
1107
1145
1418
1806
2376
2833
3098
3135
2977
2718
2397
2063
1753
1591
1592
1760
1900
2017
2148
2214
2328
2236
2064
1827
1634
1557
1563
1636
1696
1756
1907
2060
2354
2698
2914
2681
2110
1513
1119
1025
1283
1806
2394
2901
3094
3072
2877
2603
2393
2205
2008
1727
1424
1210
1201
1483
1946
2446
2752
2731
2561
2402
2363
2424
2587
2640
2532
2284
1954
1730
1690
1809
1978
2046
1954
1784
1680
1654
1790
2036
2359
2594
2735
2708
2637
2408
2113
1858
1636
1573
1667
1918
2250
2503
2599
2511
2205
1666
1181
839
799
1049
1561
2102
2595
2855
2917
2852
2734
2585
2436
2208
2038
1940
1942
2072
2299
2442
2485
2407
2102
1827
1596
1507
1635
1865
2186
2432
2544
2562
2448
2269
2042
1798
1611
1441
1422
1593
1872
2230
2497
2672
2626
2378
2012
1571
1271
1193
1382
1754
2202
2644
2909
2920
2673
2223
1724
1263
1040
1084
1401
1850
2355
2256
1666
910
358
264
469
856
1484
2490
3592
4095
4095
3780
3090
2572
2217
1964
1745
1692
1763
1707
1401
1049
854
888
1091
1428
1882
2488
3145
3554
3531
3060
2424
2131
2399
2901
3105
2780
2111
1556
1287
1283
1321
1420
1328
1171
1041
1109
1473
2148
2951
3653
4058
4095
3743
3048
2231
1555
1052
764
874
1340
1980
2530
2808
2656
2230
1748
1441
1477
1842
2328
2771
2999
2931
2570
1936
1357
1079
1129
1420
1774
2072
2294
2336
2203
1775
1220
864
1031
1756
2755
3498
3647
3279
2677
2151
1976
2086
2307
2388
2224
1766
1159
392
2
114
999
2178
3166
3590
3489
3162
2887
2647
2447
2349
2230
2075
1836
1523
1182
981
874
876
1081
1570
1452
494
2
1
184
1344
2751
3745
4090
3920
3373
2637
1857
1129
600
507
950
1789
2735
3443
3713
3607
3184
2520
1752
1174
969
1051
1354
1675
1975
2222
2454
2651
2736
2560
2159
1617
1169
954
956
1238
1684
2203
2645
2930
3077
3054
2916
2632
2299
1959
1684
1514
1489
1645
2039
2464
2827
3014
3062
2966
2744
2412
2015
1548
1130
824
793
1086
1646
2271
2806
3178
3302
3215
2930
2449
1890
1349
898
669
724
1040
1584
2233
2832
3249
3402
3304
2944
2439
1907
1464
1260
1325
1517
1779
2081
2378
2644
2793
2775
2592
2256
1730
1201
841
769
1063
1539
2055
2496
2853
3072
3158
3131
2892
2457
1843
1214
702
440
578
1008
1630
2293
2820
6
1
1
1
0
0
0
0
1
0
920
2123
3333
4095
4095
4095
4095
4095
4095
4095
4095
4095
4095
4095
4095
4095
4095
3223
1934
614
1
1
0
2
0
2
2
1
1
0
1
0
0
2
62
1488
3075
4095
4095
4095
4095
4095
4095
4095
4095
4095
4095
4095
4095
4095
4095
4095
3578
2022
406
0
0
0
1
0
3
0
1
0
2
0
0
1
0
330
1984
3566
4095
4095
4095
4095
4095
4095
4095
4095
4095
4095
4095
4095
4095
4095
4095
3457
1935
363
1
1
2
0
1
0
0
0
0
0
0
0
0
0
2
744
2266
3706
4095
4095
4095
4095
4095
4095
4095
4095
4095
4095
4
0
1
2
0
0
1
1
961
2232
3480
4095
4095
4095
4095
4095
4095
4095
4095
4095
4095
4095
4095
4095
4095
4095
4095
4095
4095
4095
4095
4095
4095
4095
4095
3705
2576
1449
343
1
0
1
1
0
0
0
1
1
0
0
0
2
1
0
0
0
0
0
0
0
0
0
0
312
1346
2337
3269
4095
4095
4095
4095
4095
4095
4095
4095
4095
4095
4095
4095
4095
4095
4095
4095
4095
4095
4095
4095
4095
4095
4095
4095
4095
4095
3599
2669
1741
794
1
0
0
0
1
1
0
0
0
0
1
0
1
0
1
0
0
0
1
0
1
2
1
0
0
0
1
0
3
432
1347
