2088
2094
2091
2083
2078
2083
2105
2091
2084
2080
2092
2096
2098
2106
2104
2096
2084
2092
2085
2087
2085
2098
2088
2093
2096
2083
2078
2084
2085
2102
2084
2081
2096
2091
2066
2075
2086
2083
2086
2100
2095
2069
2088
2086
2092
2097
2112
2104
2085
2076
2066
2083
2069
2067
2092
2089
2091
2089
2086
2090
2079
2076
2070
2080
2085
2085
2076
2092
2086
2094
2090
2101
2082
2096
2089
2088
2093
2097
2079
2076
2093
2104
2089
2073
2078
2070
2084
2094
2101
2096
2098
2096
2101
2096
2091
2083
2064
2080
2076
2094
2093
2082
2083
2085
2084
2088
2094
2086
2097
2084
2076
2085
2092
2079
2083
2086
2088
2086
2095
2072
2087
2092
2096
2090
2102
2082
2063
2066
2105
2114
2104
2101
2108
2082
2080
2087
2110
2097
2084
2103
2101
2096
2099
2092
2083
2094
2090
2081
2070
2084
2079
2081
2083
2078
2056
2076
2091
2091
2097
2087
2096
2098
2090
2077
2079
2072
2081
2084
2101
2083
2078
2080
2096
2094
2054
2073
2072
2086
2080
2093
2100
2088
2087
2075
2085
2068
2071
2082
2097
2090
2092
2082
2094
2081
2074
2071
2076
2083
2077
2080
2082
2071
2074
2081
2088
2097
2098
2091
2078
2090
2078
2091
2089
2106
2081
2074
2077
2091
2083
2101
2092
2095
2103
2103
2096
2104
2087
2081
2067
2078
2074
2085
2107
2110
2108
2122
2088
2084
2085
2083
2093
2086
2078
2089
2090
2103
2075
2088
2091
2102
2096
2083
2083
2087
2086
2105
2081
2098
2091
2088
2089
2087
2093
2088
2082
2096
2086
2086
2107
2092
2084
2090
2087
2093
2080
2076
2087
2085
2080
2101
2096
2097
2090
2114
2099
2095
2083
2088
2095
2105
2110
2110
2112
2092
2082
2108
2101
2097
2109
2109
2087
2102
2106
2093
2098
2101
2104
2094
2096
2103
2092
2095
2093
2107
2112
2088
2094
2092
2117
2111
2101
2104
2109
2106
2109
2100
2088
2097
2089
2094
2104
2088
2083
2081
2091
2093
2095
2102
2105
2096
2093
2089
2103
2098
2098
2098
2088
2103
2086
2104
2106
2100
2096
2101
2094
2075
2086
2098
2090
2093
2084
2096
2103
2088
2095
2095
2085
2077
2095
2103
2113
2105
2097
2083
2085
2083
2074
2079
2095
2086
2096
2112
2091
2116
2072
2068
2061
2057
2068
2062
2059
2077
2095
2106
2092
2096
2111
2115
2124
2112
2107
2099
2099
2081
2062
2074
2056
2050
2017
2031
2024
2011
2027
2017
2028
2039
2066
2084
2078
2107
2121
2133
2138
2135
2146
2138
2126
2115
2112
2109
2108
2123
2088
2077
2072
2065
2045
2039
2057
2042
2043
2056
2058
2076
2083
2097
2114
2120
2148
2139
2178
2158
2178
2164
2154
2180
2171
2171
2177
2167
2162
2148
2166
2148
2130
2146
2116
2087
2080
2077
2053
2032
2028
2012
1993
1960
1948
1938
1939
1904
1901
1913
1913
1924
1956
2000
2021
2034
2041
2097
2137
2158
2163
2214
2207
2216
2233
2245
2247
2244
2247
2242
2243
2200
2186
2204
2170
2157
2127
2129
2114
2084
2074
2022
1978
1988
1993
2010
2073
2102
2131
2152
2168
2131
2084
2022
1937
1882
1874
1896
1955
2056
2139
2237
2257
2226
2173
2100
2012
1931
1908
1910
1921
1986
2041
2090
2131
2153
2154
2156
2172
2156
2120
2080
2058
2021
1989
1952
1973
2002
2057
2125
2165
2182
2188
2198
2190
2147
2112
2096
2061
2048
2048
2069
2061
2118
2140
2121
2144
2131
2135
2115
2115
2111
2112
2110
2100
2084
2064
2056
2061
2081
2112
2125
2149
2163
2167
2177
2161
2131
2110
2050
1981
1936
1933
1948
1974
2052
2144
2213
2263
2271
2225
2175
2129
2085
2044
2053
2105
2147
2186
2203
2178
2140
2104
2087
2036
2013
1967
1945
1947
1968
2002
2079
2117
2146
2165
2155
2114
2069
2013
2072
2100
2128
2142
2105
2096
2110
2105
2077
2036
2063
2047
2024
2037
2104
2110
2106
2089
2103
2141
2148
2127
2117
2156
2156
2095
2048
2026
2043
2084
2148
2214
2284
2291
2216
2089
1971
1945
1996
2117
2214
2268
2271
2236
2151
2020
1944
1953
2012
2072
2119
2152
2143
2099
2071
2040
2003
1978
2079
2157
2163
2114
2072
2071
2078
2086
2121
2166
2175
2224
2217
2112
2043
1998
2040
2064
2054
2045
2092
2128
2108
2071
2088
2141
2211
2248
2188
2095
2019
1976
2024
2071
2097
2073
2034
2038
2042
2035
2071
2089
2146
2185
2175
2142
2027
1915
1816
1827
1898
2023
2124
2174
2197
2162
2120
2090
2075
2072
2096
2153
2179
2228
2229
2194
2127
2059
1992
1995
2050
2070
2064
2128
2150
2135
2110
2039
1979
2034
2093
2100
2152
2170
2078
1981
1973
2007
2078
2134
2157
2095
2009
2000
1977
1997
2098
2152
2118
2070
2061
2078
2060
2081
2108
2028
1948
1974
2019
2040
2126
2159
2066
1998
2015
1955
1990
2130
2130
2075
2107
2106
2032
2061
2180
2187
2191
2154
2076
1927
1915
2012
2014
2056
2183
2224
2184
2141
2081
2015
2009
2072
2147
2157
2097
2043
2022
2008
1976
2080
2191
2250
2256
2149
1948
1841
1891
2023
2208
2325
2264
2066
1844
1753
1891
2109
2250
2283
2228
2132
2041
2064
2117
2169
2176
2154
2107
2068
2044
2104
2154
2151
2112
2037
1976
2002
2061
2125
2154
2176
2169
2090
1983
1924
1928
1998
2042
2258
2287
2293
2144
1892
1817
1851
1928
2083
2205
2212
2185
2082
1938
1993
2254
2465
2404
2108
1807
1719
1800
2019
2143
2196
2201
2112
2046
1988
1958
2014
2124
2197
2171
2186
2197
2074
1947
1977
2070
2159
2232
2168
2023
2013
2104
2101
2190
2331
2237
2015
1960
1915
1892
1930
2010
2156
2316
2211
1993
1815
1871
2104
2268
2275
2212
2160
2057
1960
1953
1961
1984
2048
2068
2070
2089
2103
2174
2212
2310
2331
2232
2049
1893
1739
1774
2016
2181
2248
2218
2076
1971
2026
2124
2107
2039
2080
2224
2173
2017
2021
2070
2055
2145
2207
2120
2037
2043
1944
1936
2079
2184
2177
2155
1993
1858
2033
2206
2236
2249
2151
1898
1808
1852
1976
2205
2390
2276
2203
2316
2319
2122
1918
1882
1976
2147
2190
2144
2078
2024
2039
2114
2192
2211
2077
1939
1945
2006
2004
2001
2101
2245
2247
2109
1969
1952
2014
2084
2193
2316
2331
2169
1977
1887
1845
1895
2081
2294
2396
2277
2079
1922
1860
1921
2020
2096
2223
2276
2175
2066
2035
2062
2056
2010
2073
2189
2201
2064
1843
1803
1916
2091
2245
2253
2111
1959
1863
1841
1872
2103
2361
2325
1985
1803
1962
2189
2152
2012
1979
2039
2017
2000
2098
2160
2178
2136
2005
1858
1832
2007
2204
2275
2212
2167
2098
1856
1722
1946
2345
2448
2148
1872
1830
1902
2026
2122
2153
2158
2157
2114
2089
2207
2369
2346
2176
2080
2100
2028
1996
2122
2189
2079
2016
2150
2233
2150
1854
2075
2301
2400
2303
2029
1861
1928
2144
2321
2286
2036
1796
1795
2099
2472
2602
2405
1990
1656
1599
1811
2152
2380
2343
2151
1942
1867
1968
2180
2237
2174
2010
1950
2018
2192
2335
2286
2133
1990
2006
2213
2415
2426
2192
1904
1796
1864
2053
2209
2250
2162
2024
1962
1969
2065
2179
2189
2087
1950
1915
2029
2274
2417
2332
2098
1846
1802
1857
2063
2300
2454
2393
2163
1915
1892
2086
2308
2345
2214
1945
1796
1866
2055
2183
2183
2095
1989
1973
2119
2276
2301
2141
1941
1854
1982
2214
2326
2222
2007
1826
1872
2102
2364
2430
2307
2124
1960
1896
1995
2165
2236
2243
2208
2116
1956
1880
1924
1991
2037
2022
2062
2155
2301
2378
2333
2158
1928
2199
2127
2112
2079
1990
1938
1876
1867
1949
2005
1966
1927
2061
2332
2471
2346
2055
1815
1746
1808
1958
2151
2311
2396
2351
2132
1888
1868
2043
2147
2168
2102
2096
2097
2183
2246
2270
2207
2033
1845
1772
1868
1958
1998
2003
2061
2144
2216
2181
2086
1937
1846
1857
2048
2258
2403
2396
2230
1978
1859
1989
2173
2214
2006
1755
1657
1761
1966
2133
2222
2225
2145
2074
2036
2056
2031
2016
2063
2207
2294
2235
2036
1782
1648
1811
2166
2472
2467
2214
1917
1836
2034
2272
2405
2256
2006
1882
2060
2353
2571
2416
2107
1790
1759
1959
2239
2420
2363
2147
1919
1935
2107
2225
2142
1956
1777
1789
1991
2240
2364
2281
2085
1924
1922
2092
2213
2149
1925
2016
1876
1925
2171
2462
2678
2721
2413
1968
1795
1930
2113
2287
2379
2293
2144
2203
2384
2431
2360
2194
1912
1679
1655
1875
2130
2249
2286
2232
2003
1832
1832
1787
1900
2386
2725
2508
2118
1787
1468
1498
2078
2698
2880
2616
2011
1302
1028
1621
2792
3567
3437
2720
1791
753
425
1239
2439
3121
3212
2836
1991
1167
927
1405
2208
2934
3291
3023
2296
1574
1306
1471
1855
2302
2629
2597
2241
1841
1860
2154
2374
2428
2361
2031
1584
1471
1743
2040
2309
2581
2529
2100
1668
1444
1457
1905
2553
3013
2988
2516
1807
1346
1353
1745
2252
2640
2778
2579
2072
1688
1671
1849
2146
2544
2736
2433
1965
1603
1387
1545
2064
2512
2712
2615
2197
1659
1360
2168
1907
1900
2155
2415
2490
2278
1826
1308
1006
1159
1712
2410
2926
3163
3143
2901
2512
2072
1670
1371
1296
1471
1900
2344
2532
2352
1885
1375
1240
1576
2190
2828
3237
3324
3188
2891
2490
2120
1889
1651
1465
1373
1557
2049
2637
2928
2764
2342
1733
1083
667
725
1308
2232
3110
3530
3447
3067
2660
2326
1920
1389
883
770
1116
1813
2623
3253
3527
3389
2973
2570
2261
1950
1554
1216
1094
1251
1568
1856
2052
2175
2178
1879
1360
1040
1298
1933
2526
2962
3251
3397
3230
2717
2175
1933
1939
1944
1700
1323
1078
1186
1531
1946
2326
2594
2673
2532
2188
1845
1658
1697
1873
2008
2024
1926
1964
2201
2589
3005
3197
3095
2770
2357
2015
1704
1411
2196
2632
3071
3298
3233
2918
2453
1928
1508
1238
1232
1536
2087
2731
3225
3354
3137
2599
1834
1086
629
626
1112
1928
2838
3550
3890
3753
3153
2266
1365
707
514
793
1418
2079
2560
2712
2563
2166
1688
1276
1082
1228
1792
2510
3210
3633
3659
3381
2866
2153
1415
845
576
755
1351
2080
2726
3091
3155
2946
2506
1947
1361
959
797
934
1376
2020
2696
3213
3381
3183
2689
2123
1576
1189
1040
1111
1376
1770
2256
2602
2722
2620
2365
2040
1785
1656
1601
1604
1670
1768
1890
1982
2029
2020
1974
1986
2095
2292
2612
2905
3109
3086
2826
2350
1793
1364
1192
1281
1710
2256
2785
3151
3246
3027
2522
1923
1377
1032
991
1204
1551
2007
2429
2668
1318
1535
1743
1961
2180
2393
2597
2774
2955
3160
3373
3541
3690
3798
3857
3842
3801
3718
3549
3364
3136
2850
2524
2137
1756
1389
992
649
358
149
41
59
185
397
719
1130
1617
2182
2779
3411
3978
4095
4095
4095
4095
4095
4095
4095
4095
4095
4095
4095
4095
4036
3236
2309
1316
288
1
0
0
0
0
0
0
0
0
0
0
0
0
0
539
1900
3230
4095
4095
4095
4095
4095
4095
4095
4095
4095
4095
4095
4095
4095
4095
4095
3498
1884
278
1
0
1
1
0
0
0
1
1
0
1
0
1
0
980
2502
3925
4095
4095
4095
4095
4095
4095
4095
4095
4095
4095
4095
4095
3600
2230
846
0
0
0
