2102
2100
2092
2105
2096
2105
2103
2104
2104
2098
2109
2101
2098
2095
2096
2095
2096
2100
2102
2100
2112
2104
2103
2100
2096
2092
2101
2099
2100
2103
2101
2098
2098
2097
2095
2097
2099
2107
2101
2093
2094
2094
2098
2088
2095
2097
2097
2094
2094
2101
2103
2095
2105
2105
2097
2105
2102
2098
2098
2098
2101
2105
2105
2096
2109
2106
2099
2096
2105
2099
2106
2108
2088
2088
2090
2088
2090
2101
2099
2105
2102
2090
2100
2107
2106
2096
2091
2100
2092
2088
2101
2103
2096
2099
2088
2096
2093
2094
2094
2108
2094
2100
2095
2107
2084
2099
2088
2095
2087
2096
2101
2092
2098
2090
2104
2102
2092
2088
2095
2097
2096
2104
2094
2096
2094
2092
2088
2107
2112
2114
2112
2120
2123
2119
2117
2115
2114
2106
2100
2096
2095
2076
2065
2067
2065
2062
2059
2050
2051
2046
2043
2044
2045
2053
2047
2052
2048
2050
2055
2063
2062
2061
2071
2076
2079
2079
2084
2077
2084
2088
2097
2092
2091
2092
2095
2090
2092
2091
2095
2090
2090
2094
2098
2104
2106
2104
2106
2109
2114
2116
2113
2120
2128
2130
2131
2129
2131
2132
2140
2141
2145
2144
2146
2146
2148
2151
2144
2149
2144
2150
2148
2146
2152
2151
2150
2148
2145
2149
2158
2156
2158
2162
2162
2164
2165
2164
2162
2162
2163
2157
2158
2153
2160
2146
2147
2138
2132
2115
2103
2084
2076
2064
2045
2030
2020
1992
1976
1966
1951
1936
1928
1920
1912
1902
1905
1899
2251
2188
2116
2051
1998
1968
1968
1996
2036
2096
2154
2204
2232
2245
2216
2177
2124
2060
2007
1962
1941
1934
1961
1984
2030
2075
2121
2151
2164
2160
2139
2111
2083
2056
2034
2022
2012
2018
2018
2021
2025
2029
2030
2020
2014
2008
2007
2018
2050
2086
2142
2186
2224
2242
2240
2211
2165
2102
2039
1970
1919
1883
1880
1915
1973
2049
2136
2214
2261
2282
2279
2247
2186
2120
2040
1978
1939
1929
1950
1997
2064
2144
2210
2270
2292
2271
2239
2179
2122
2055
2006
1978
1974
1987
2014
2058
2101
2141
2164
2163
2136
2106
2075
2047
2040
2056
2083
2126
2184
2240
2306
2354
2396
2392
2362
2307
2225
2139
2058
1993
1948
1930
1928
1952
1990
2031
2082
2114
1826
1871
1967
2044
2111
2167
2195
2168
2133
2126
2140
2174
2200
2221
2206
2166
2136
2079
2000
1943
1959
2012
2052
2089
2156
2226
2233
2190
2179
2191
2176
2116
2076
2046
2017
2007
2028
2049
2048
2035
2043
2045
2022
2010
2058
2118
2146
2196
2244
2218
2102
1990
1934
1893
1844
1864
1980
2116
2184
2186
2166
2124
2065
2028
2039
2060
2054
2056
2120
2172
2129
2033
2007
2030
2018
2000
2059
2186
2253
2238
2197
2150
2072
1943
1846
1855
1953
2094
2208
2269
2273
2207
2075
1930
1858
1876
1967
2096
2252
2378
2401
2318
2185
2055
1962
1959
2019
2120
2241
2348
2400
2385
2312
2207
2102
2028
2010
2034
2071
2109
2144
2153
2142
2140
2146
2123
2102
2105
2106
2199
2242
2143
2056
2140
2225
2166
2027
1990
2053
2042
2004
2038
2147
2153
2076
1992
2074
2238
2336
2277
2204
2127
2064
2076
2125
2052
1923
1980
2129
2080
1956
1939
2021
2067
2038
2070
2047
2004
2041
2139
2135
2115
2138
2172
2125
1970
1945
2068
2163
2173
2186
2214
2160
2091
2056
2015
1992
2079
2240
2297
2176
2016
1990
2046
2016
1980
2033
2072
2082
2172
2262
2114
1968
2000
2116
2155
2275
2349
2257
2186
2196
2064
1965
2078
2205
2157
2128
2195
2177
2120
2103
2096
2086
2117
2237
2284
2096
1900
1815
1776
1824
2048
2318
2422
2502
2515
2280
1977
1910
1988
2060
2174
2296
2302
2186
2042
1935
1836
1848
2025
2226
2304
2273
2196
2010
1840
2096
1757
1794
2080
2226
2228
2238
2210
1997
1759
1747
1964
2192
2320
2350
2322
2233
2136
2038
1976
1985
2065
2131
2153
2258
2366
2248
2040
2026
2060
1911
1740
1860
2109
2219
2098
1877
1809
2044
2328
2322
2084
1956
1898
1838
1884
1998
2072
2154
2275
2259
2075
1943
1958
2016
2056
2103
2137
2056
1916
1786
1826
2078
2321
2324
2173
2058
2010
1975
1907
1860
1965
2179
2178
2000
1998
2211
2296
2126
1889
1823
1998
2211
2198
2040
2018
2114
2058
1943
2081
2361
2340
2108
2030
2138
2148
1983
1811
1825
2064
2296
2269
2111
2060
2097
2078
2096
2211
2301
2214
1971
1742
1734
1877
2036
2225
2388
2429
2344
2180
2044
1995
2053
2079
1993
1925
1969
2022
1844
1964
2227
2404
2387
2188
1948
1825
1885
2044
2155
2131
1973
1898
1993
2138
2221
2253
2182
2016
1873
1864
2011
2192
2234
2097
1880
1710
1729
1890
2112
2286
2320
2201
1949
1683
1560
1647
1842
2027
2156
2226
2206
2087
1968
1877
1795
1792
2003
2324
2463
2339
2077
1904
1903
1974
2096
2266
2324
2167
1948
1864
2002
2232
2381
2376
2290
2155
1999
1978
2141
2257
2185
2039
1959
2000
2108
2232
2313
2296
2192
2128
2090
1977
1832
1856
2084
2278
2277
2109
2033
2095
2168
2158
2162
2227
2268
2151
1883
1694
1832
2247
2511
2424
2248
2138
2035
1966
2093
2389
2578
2400
2018
1740
1741
1961
2157
2170
2090
2094
2125
2088
2078
2248
2394
2264
1964
1841
2212
2171
2077
2024
2057
2178
2287
2261
2096
1896
1854
2082
2440
2632
2485
2156
1972
2044
2230
2343
2312
2166
1978
1859
1890
2078
2304
2411
2323
2082
1889
1917
2128
2354
2394
2203
1944
1888
2114
2383
2406
2151
1921
1870
1955
2098
2173
2098
1944
1835
1910
2160
2384
2366
2050
1566
1265
1403
1902
2435
2651
2411
1890
1546
1648
2015
2350
2409
2137
1703
1374
1340
1592
1990
2329
2368
2115
1900
1998
2308
2511
2407
2065
1752
1719
2026
2351
2464
2372
2248
2136
2007
1872
1880
2100
2393
2481
2351
2122
1898
1793
1884
2091
2298
2414
2384
2231
2068
1936
1846
1904
2156
2459
2503
2181
1838
1893
2223
2325
2065
1888
2067
2386
2416
2175
2085
2286
2444
2200
2346
2252
2015
1849
1882
2194
2532
2533
2123
1688
1636
1933
2442
2825
2722
2204
1737
1614
1815
2160
2408
2370
2040
1780
1789
1914
2128
2305
2290
2069
1921
1958
2105
2119
2132
2062
2012
2101
2208
2242
2219
2158
2067
2039
2042
2123
2228
2149
1896
1706
1859
2339
2630
2558
2227
1812
1632
1865
2316
2508
2372
2050
1812
1826
1971
2166
2271
2239
2189
2126
2067
2028
1978
2072
2241
2310
2210
2125
2131
2080
1960
1915
1911
1935
2104
2404
2578
2492
2215
1927
1692
1720
1992
2219
2280
2157
1978
1898
2041
2183
2134
1994
1867
1840
1907
1942
1875
1761
1827
2142
2505
2690
2586
2268
1856
1530
1550
1947
2446
2796
2781
2413
1934
1656
1880
2395
2713
2114
1812
1657
1760
2027
2290
2452
2488
2389
2107
1890
1912
2078
2239
2331
2289
2200
2179
2227
2248
2260
2252
2094
1821
1694
1796
2052
2223
2207
1954
1679
1684
1984
2318
2604
2637
2155
1431
1080
1309
1900
2555
2790
2408
1655
1189
1318
1900
2577
2880
2527
1689
1026
1144
1896
2717
3004
2661
2015
1530
1465
1928
2520
2772
2561
2144
1778
1607
1816
2135
2289
2188
2040
1909
1774
1801
2013
2114
1949
1798
1836
2067
2404
2612
2430
2030
1846
2118
2582
2900
2778
2193
1499
1214
1513
2123
2627
2725
2319
1725
1317
1339
1826
2441
2736
2552
2102
1670
1530
1787
2242
2592
2592
2341
2058
2042
2268
2518
2546
2373
2099
1931
2056
2221
2298
2188
2044
1892
952
842
1238
1914
2548
2924
2902
2619
2160
1663
1361
1432
1776
2152
2371
2442
2403
2320
2192
2103
2026
1839
1561
1288
1212
1549
2209
2922
3206
2847
2090
1325
923
1184
2074
3141
3562
3003
1763
656
186
604
1768
3065
3700
3314
2212
1102
552
874
1993
3253
3946
3668
2575
1209
233
267
1327
2771
3771
3839
2983
1625
556
413
1309
2599
3490
3555
2781
1632
814
864
1827
3078
3834
3463
2202
799
2
143
1324
3046
4095
4095
3613
2144
767
1
216
1315
2599
3329
3304
2704
1883
1242
1256
1958
2933
3514
3315
2390
1210
317
203
955
2204
3378
3934
3567
2496
1415
825
948
1694
2544
2925
2672
2044
1500
1286
1557
2253
2928
3138
2778
1700
1707
1701
1696
1687
1667
1558
1296
905
541
413
704
1499
2679
3987
4095
4095
4095
4095
3526
1778
144
3
0
2
656
2286
3635
4095
4012
3068
1764
553
2
35
989
2603
4095
4095
4095
4095
3865
1904
3
1
2
2
160
1829
3436
4095
4095
4095
3186
1886
760
263
602
1653
3008
4095
4095
4095
3289
1820
208
2
1
3
129
2019
4095
4095
4095
4095
4095
2935
704
1
2
1
1
679
2861
4095
4095
4095
4095
3979
2428
851
2
3
4
0
585
1359
1929
2310
2620
3000
3491
4011
4095
4095
4095
3725
2760
1462
63
2
3
2
4
1290
3278
4095
4095
4095
4095
3241
1070
2
1
2
1
534
2610
3527
2377
1136
3
4
3
4
2
3
1
1
2
7
1273
2784
4089
4095
4095
4095
4095
4095
4095
4095
3302
2329
1429
644
29
1
1
3
283
1030
1929
2874
3691
4095
4095
4095
4095
4064
3377
2512
1567
598
2
3
2
2
4
2
1
3
455
1253
2040
2805
3510
4079
4095
4095
4095
4095
4095
3776
3185
2599
2047
1598
1202
900
705
616
702
976
1474
2125
2857
3511
4028
4095
4095
3776
3077
2150
1097
1
2
2
2
4
3
4
2
2
682
2721
4095
4095
4095
4095
4095
4095
4095
4095
3639
1955
332
5
3
3
3
2
3
163
1543
2956
4095
4095
4095
4095
4095
4095
3382
2538
1783
1254
1012
1
2
1
0
2
2
2
1
0
2
9
902
1997
3193
4095
4095
4095
4095
4095
4095
4095
4095
4095
4095
4095
4095
4095
4095
4095
4095
4095
4095
4054
2941
1739
674
3
3
1
2
1
2
4
2
1
1
2
1
1
3
2
3
656
1715
2732
3686
4095
4095
4095
4095
4095
4095
4095
4095
4095
4095
4095
4095
4095
4095
4095
3593
2475
1353
273
2
1
2
1
2
2
2
2
2
1
1
1
2
2
2
2
3
2
224
1395
2652
3917
4095
4095
4095
4095
4095
4095
4095
4095
4095
4095
4095
4095
4095
4095
4095
4095
4095
4095
4095
4095
4095
4095
3874
2714
1574
531
2
1
2
2
0
1655
1971
2311
2615
2908
3238
3559
3864
4095
4095
4095
4095
4095
4095
4095
4095
4095
4095
4095
4095
4095
4095
4095
4095
4095
4095
4095
4095
4095
4095
4095
4095
4095
4095
4095
4095
4095
4095
4095
4095
4095
4095
4095
4095
4095
4095
4095
4095
4095
4095
3912
3568
3264
2961
2666
2390
2123
1843
1590
1327
1080
829
598
366
144
2
2
1
2
1
2
1
3
3
2
2
2
3
2
1
3
2
2
1
4
1
5
3
2
4
2
4
2
4
2
4
4
3
2
2
4
2
3
4
4
3
3
2
2
3
1
3
299
753
1197
1637
2068
2502
2936
3354
3776
4095
4095
4095
4095
4095
4095
4095
