2107
2087
2084
2090
2093
2079
2082
2087
2108
2099
2108
2096
2091
2097
2096
2100
2072
2086
2120
2083
2096
2101
2101
2095
2119
2111
2093
2097
2099
2070
2085
2086
2085
2089
2083
2098
2088
2077
2100
2075
2108
2090
2090
2079
2094
2072
2073
2064
2089
2089
2096
2098
2076
2100
2096
2091
2097
2127
2114
2101
2090
2096
2097
2087
2116
2114
2116
2105
2107
2090
2081
2088
2083
2086
2122
2104
2086
2080
2075
2087
2088
2087
2121
2094
2109
2116
2097
2107
2099
2108
2085
2084
2113
2090
2097
2072
2087
2096
2098
2106
2101
2081
2104
2113
2094
2105
2116
2094
2103
2107
2105
2111
2104
2091
2076
2093
2070
2082
2083
2088
2082
2104
2093
2081
2093
2091
2079
2080
2115
2107
2095
2100
2096
2090
2091
2106
2082
2086
2081
2090
2088
2070
2096
2076
2082
2088
2087
2094
2097
2076
2071
2089
2089
2067
2080
2101
2068
2079
2086
2080
2104
2080
2050
2064
2076
2077
2081
2081
2089
2088
2044
2069
2078
2074
2061
2096
2074
2096
2060
2083
2080
2105
2062
2072
2064
2069
2098
2072
2094
2084
2096
2105
2102
2084
2073
2082
2088
2074
2082
2088
2072
2085
2083
2096
2075
2086
2064
2080
2104
2092
2079
2099
2087
2082
2076
2077
2110
2081
2081
2088
2080
2087
2097
2099
2103
2079
2087
2080
2089
2101
2101
2088
2088
2090
2077
2068
2067
2084
2102
2132
2108
2104
2097
2108
2113
2122
2109
2114
2124
2117
2099
2088
2112
2133
2149
2145
2137
2157
2132
2104
2097
2107
2062
2077
2067
2005
2027
2042
1993
1999
1975
1966
1941
1963
1940
1916
1891
1908
1861
1876
1892
1897
1898
1876
1898
1907
1915
1935
1944
1970
1979
2001
2014
2045
2068
2090
2135
2140
2153
2195
2216
2209
2247
2258
2277
2294
2327
2323
2346
2348
2349
2347
2336
2342
2347
2325
2315
2280
2265
2250
2232
2196
2142
2129
2107
2063
2042
2002
1986
1964
1949
1942
1910
1881
1888
1890
1917
1880
1887
1903
1926
1951
1983
1990
2039
2017
2035
2075
2113
2125
2140
2146
2185
2195
2220
2234
2232
2222
2251
2217
2214
2197
2204
2204
2195
2190
2201
2194
2180
2154
2156
2143
2120
2125
2108
2113
2110
2082
2092
2086
2090
2081
2062
2050
2012
2037
2031
2012
2012
2006
1992
2017
2012
2008
2027
2053
2064
2081
2124
2140
2184
2207
2249
2267
2297
2275
2285
2267
2274
2260
2225
2231
2201
2183
2149
2134
2124
2127
2099
2119
2096
2067
2077
2060
2087
2112
2137
2146
2164
2175
2177
2178
2176
2132
2102
2070
2036
2040
2022
1980
1963
1958
1944
1943
1913
1920
1922
1923
1947
1936
1980
1991
1992
2016
2038
2033
2056
2067
2067
2071
2082
2122
2113
2141
2160
2179
2194
2220
2219
2256
2259
2248
2260
2279
2269
2259
2268
2238
2236
2224
2210
2201
2195
2168
2157
2140
2146
2153
2127
2121
2093
2052
2031
2021
1970
1958
1959
1953
1985
1981
1979
1969
1964
1962
1952
1921
1894
1876
1884
1915
1942
1987
2230
2198
2139
2145
2124
2077
2049
2012
1999
1992
1965
1951
1938
1957
1944
1938
1979
1990
1996
2017
2030
2045
2081
2105
2117
2136
2146
2180
2200
2197
2210
2221
2214
2202
2184
2177
2140
2126
2094
2069
2062
2026
1997
1984
1959
1956
1943
1951
1951
1957
1993
2020
2061
2099
2134
2166
2209
2238
2286
2300
2339
2354
2369
2352
2336
2314
2283
2260
2209
2156
2096
2061
2033
1989
1925
1888
1842
1820
1798
1768
1759
1785
1779
1802
1841
1882
1940
1983
2040
2113
2190
2265
2331
2364
2388
2420
2411
2390
2398
2347
2315
2272
2206
2145
2096
2039
2000
1955
1926
1883
1913
1909
1947
1948
2008
2051
2088
2144
2195
2239
2296
2339
2364
2385
2385
2395
2389
2347
2085
2049
2013
1998
2000
2015
2063
2109
2138
2189
2213
2205
2186
2146
2114
2041
1985
1939
1887
1845
1829
1802
1813
1822
1838
1865
1915
1949
1986
2049
2102
2192
2271
2326
2391
2444
2451
2425
2389
2320
2215
2118
1992
1894
1799
1735
1723
1723
1747
1786
1840
1884
1925
1964
2018
2068
2110
2162
2214
2256
2289
2314
2336
2346
2326
2277
2239
2193
2149
2131
2127
2148
2121
2158
2147
2168
2153
2144
2128
2120
2104
2073
2064
2113
2139
2170
2247
2299
2344
2365
2361
2336
2300
2269
2196
2106
2038
1983
1907
1878
1837
1791
1760
1730
1720
1707
1710
1722
1803
1886
2033
2154
2309
2434
2543
2631
2649
2644
2604
2500
2399
2283
2178
2088
1990
1974
1952
1931
1949
1980
1990
2058
2131
2240
2360
2476
2561
2575
2564
2524
2462
2384
2333
2235
2118
2007
1889
1824
1720
1672
1645
1627
1624
1635
1665
1680
1766
1900
2078
2268
2430
2547
2611
2635
2613
2537
2474
2348
2236
2147
2053
1957
1916
1903
1867
1834
1823
1796
1756
1751
1756
1782
1869
1962
2107
2206
2328
2380
2428
2433
2433
2420
2395
2368
2299
2215
2114
1975
1847
1758
1692
1644
1642
1662
1669
1660
1684
1720
1796
1916
2040
2188
2340
2488
2624
2707
2719
2697
2629
2528
2409
2291
2155
2036
1957
1862
1780
1713
1707
1672
1702
1754
1829
1896
2014
2092
2177
2243
2323
2386
2409
2435
2444
2423
2375
2337
2265
2174
2135
2077
2011
1963
1922
1872
1896
1858
2156
2080
2009
1892
1799
1746
1678
1627
1603
1596
1623
1683
1799
1932
2092
2251
2395
2496
2526
2538
2504
2438
2348
2255
2198
2094
2032
1974
1905
1822
1766
1697
1619
1615
1596
1624
1705
1797
1908
2029
2127
2195
2275
2310
2368
2386
2415
2433
2434
2425
2409
2359
2318
2234
2150
2055
1921
1795
1684
1595
1534
1530
1571
1655
1724
1837
1934
2047
2187
2337
2443
2557
2646
2690
2712
2688
2615
2527
2436
2344
2240
2159
2102
2101
2102
2158
2209
2242
2255
2198
2153
2104
2036
1936
1882
1816
1770
1788
1786
1800
1819
1873
1905
1968
2003
2048
2040
2077
2088
2073
2093
2099
2075
2081
2106
2133
2156
2167
2208
2203
2197
2161
2098
2064
2003
1960
1921
1942
2238
2240
2257
2271
2298
2326
2311
2250
2150
2018
1900
1811
1810
1853
1927
1993
2029
2058
2034
2013
1989
2013
2073
2123
2197
2250
2275
2259
2199
2136
2147
2150
2162
2213
2239
2287
2322
2344
2322
2333
2288
2247
2167
2102
2019
1949
1952
1967
2058
2149
2262
2349
2390
2362
2281
2118
1999
1916
1874
1865
1909
1999
2044
2117
2094
2067
1988
1915
1859
1884
1889
1988
2068
2161
2238
2284
2285
2317
2338
2338
2329
2320
2303
2173
2048
1942
1850
1825
1824
1845
1904
1932
1975
2006
2040
2098
2136
2167
2189
2205
2219
2214
2172
2129
2105
2045
1987
1944
1899
1861
1846
1857
1857
1925
1928
1964
1985
2010
2088
2203
2314
2457
2593
2664
2729
2678
2580
2425
1789
1730
1711
1703
1744
1777
1792
1825
1861
1892
1941
1994
2052
2155
2220
2275
2283
2303
2315
2252
2182
2126
2059
1995
2006
2041
2136
2227
2318
2376
2410
2416
2313
2225
2099
1951
1865
1793
1772
1798
1851
1952
2035
2102
2152
2209
2255
2294
2333
2342
2316
2315
2259
2187
2082
1934
1782
1643
1567
1535
1590
1680
1840
2001
2161
2289
2336
2347
2293
2183
2026
1900
1813
1756
1794
1852
1944
2069
2199
2290
2336
2338
2304
2206
2114
2001
1860
1743
1649
1598
1600
1684
1809
1991
2195
2392
2567
2681
2726
2712
2660
2558
2445
2316
2209
2102
2061
2015
1992
2022
2070
2096
2124
2116
2103
2068
2027
1967
1927
1886
1873
1910
1977
2028
2127
2196
2265
2331
1809
1832
1900
1981
2080
2136
2170
2198
2172
2145
2088
2042
2048
2096
2147
2185
2195
2184
2121
2044
1974
1961
1943
1936
1875
1805
1708
1638
1614
1660
1770
1949
2135
2328
2487
2652
2749
2802
2736
2594
2403
2216
2100
2072
2126
2153
2194
2176
2131
2065
1995
1999
1965
1990
1965
1975
2002
2044
2131
2211
2262
2286
2229
2146
2083
2034
2058
2116
2206
2250
2251
2205
2100
2020
1927
1860
1796
1736
1612
1562
1570
1612
1723
1834
1936
1965
1993
1983
2024
2111
2282
2480
2673
2810
2856
2819
2717
2594
2488
2409
2327
2237
2110
1984
1789
1635
1470
1371
1295
1305
1349
1432
1556
1672
1814
1942
2030
2154
2308
2449
2633
2824
2961
3020
2977
2873
2705
2523
1739
1872
1989
2088
2165
2204
2242
2263
2266
2299
2324
2316
2290
2241
2177
2069
1975
1925
1896
1894
1943
2028
2141
2274
2387
2459
2470
2393
2260
2078
1895
1720
1621
1565
1559
1616
1690
1760
1841
1905
1890
1812
1736
1611
1542
1521
1540
1653
1813
1996
2225
2424
2599
2722
2796
2810
2731
2618
2505
2336
2187
2077
1972
1894
1829
1733
1625
1487
1369
1280
1270
1309
1475
1720
2013
2337
2662
2911
3102
3198
3198
3138
2987
2808
2547
2245
1933
1632
1340
1093
952
872
933
1074
1319
1674
2064
2453
2761
3006
3158
3194
3172
3117
2973
2838
2687
2555
2418
2267
2102
1907
1671
1428
1226
1066
962
932
963
1080
1238
1493
1815
2184
2589
3000
3403
3765
845
927
1125
1341
1600
1914
2231
2581
2899
3177
3430
3592
3690
3693
3636
3488
3220
2890
2450
1983
1462
910
427
53
1
1
2
296
761
1267
1796
2250
2656
2994
3252
3430
3555
3604
3573
3509
3350
3110
2817
2495
2111
1706
1296
914
568
289
151
174
365
681
1110
1622
2118
2562
2944
3273
3466
3580
3598
3503
3283
3035
2714
2355
2028
1703
1419
1204
1042
936
925
948
1018
1191
1403
1660
1948
2238
2484
2693
2823
2866
2867
2822
2751
2674
2562
2418
2222
2010
1742
1470
1257
1099
1025
1052
1191
1364
1640
1929
2248
2568
2833
3064
3203
3251
3237
3104
2876
2595
2305
1990
1716
1512
1368
1316
1291
1360
1467
1576
1718
1903
2087
2283
272
750
1328
1929
2517
2984
3342
3542
3608
3547
3376
3112
2825
2500
2193
1878
1581
1316
1095
952
906
975
1155
1400
1666
1888
2072
2147
2124
2058
1929
1819
1712
1696
1741
1906
2155
2438
2764
3043
3252
3357
3415
3314
3120
2843
2512
2143
1781
1453
1170
928
753
684
732
912
1192
1554
1959
2371
2779
3157
3456
3641
3698
3606
3385
3086
2733
2418
2132
1904
1735
1629
1590
1656
1772
1906
2031
2117
2160
2143
1996
1776
1449
1051
664
345
199
204
423
824
1406
2143
2898
3670
4095
4095
4095
4095
4095
4095
3460
2613
1703
762
2
2
0
2
1
1
1
1
701
1611
2523
3349
4037
4095
4095
4095
4095
4095
4062
3650
3206
2793
3222
3555
3819
3950
3949
3832
3604
3304
2889
2457
1974
1458
978
574
280
138
170
372
676
1033
1343
1597
1699
1641
1440
1167
853
611
504
600
851
1250
1656
2050
2342
2513
2594
2629
2672
2799
3000
3210
3466
3660
3762
3787
3711
3649
3558
3565
3682
3850
4041
4095
4095
4095
3826
3377
2835
2252
1736
1268
908
655
446
249
84
0
1
1
106
333
592
841
1055
1200
1322
1393
1480
1620
1835
2144
2526
2944
3385
3776
4089
4095
4095
4095
4095
3984
3781
3605
3416
3273
3171
3056
2959
2883
2797
2669
2541
2401
2262
2121
1939
1769
1593
1438
1303
1160
1006
844
700
556
425
355
277
239
234
217
194
171
161
155
178
249
