2079
2080
2083
2076
2073
2064
2080
2086
2094
2078
2087
2104
2097
2088
2088
2083
2088
2103
2096
2081
2081
2080
2070
2072
2066
2080
2073
2065
2063
2069
2087
2080
2089
2063
2072
2069
2077
2102
2109
2088
2085
2062
2079
2070
2060
2078
2104
2089
2083
2093
2101
2080
2093
2076
2082
2085
2098
2088
2072
2092
2091
2083
2071
2067
2068
2078
2088
2083
2077
2070
2098
2099
2089
2108
2119
2123
2106
2097
2102
2083
2103
2110
2102
2109
2101
2108
2099
2090
2090
2092
2099
2095
2115
2126
2118
2099
2094
2114
2121
2106
2108
2110
2115
2091
2095
2112
2116
2105
2105
2124
2124
2097
2114
2122
2116
2111
2093
2102
2115
2130
2113
2100
2098
2097
2094
2098
2117
2118
2156
2148
2156
2138
2156
2147
2121
2128
2132
2145
2133
2131
2130
2128
2137
2112
2106
2110
2118
2124
2118
2113
2093
2118
2130
2105
2097
2102
2094
2088
2102
2088
2090
2094
2080
2094
2104
2091
2082
2086
2080
2100
2104
2098
2080
2101
2102
2100
2105
2106
2091
2107
2097
2105
2115
2119
2117
2097
2096
2114
2132
2124
2142
2125
2133
2127
2145
2116
2141
2134
2137
2139
2147
2148
2148
2138
2135
2140
2140
2150
2137
2157
2155
2139
2147
2155
2156
2134
2148
2149
2155
2148
2143
2145
2159
2156
2133
2120
2111
2126
2122
2137
2132
2128
2119
2134
2122
2106
2103
2096
2074
2084
2077
2077
2070
2066
2064
2072
2071
2063
2046
2065
2077
2057
2046
2044
2038
2026
2234
2251
2275
2258
2262
2246
2229
2233
2237
2246
2239
2232
2223
2214
2205
2194
2192
2187
2169
2160
2154
2159
2148
2124
2125
2117
2105
2110
2112
2100
2098
2090
2083
2088
2074
2082
2077
2090
2083
2094
2082
2079
2091
2096
2072
2058
2029
2044
2049
2028
2008
2001
1980
1971
1970
1964
1944
1927
1954
1928
1916
1937
1936
1942
1937
1935
1944
1958
1955
1948
1970
1969
1967
1987
1981
1974
2004
2005
2020
2019
2018
2020
2023
2040
2031
2038
2044
2034
2029
2017
2024
2037
2026
2008
2038
2036
2042
2056
2059
2041
2053
2061
2081
2079
2107
2144
2134
2135
2155
2164
2172
2184
2181
2191
2211
2209
2183
2199
2196
2204
2193
2146
2144
2145
2148
2133
2126
2126
2306
2288
2289
2297
2288
2273
2266
2251
2248
2207
2178
2176
2134
2081
2064
2028
1994
1949
1925
1919
1868
1849
1834
1802
1782
1755
1730
1715
1693
1713
1734
1740
1792
1861
1942
2018
2084
2143
2207
2267
2280
2273
2266
2283
2258
2279
2283
2315
2339
2342
2319
2306
2279
2231
2170
2094
2029
1993
1950
1915
1900
1909
1941
1992
2041
2067
2097
2149
2164
2147
2138
2109
2080
2036
1974
1954
1925
1890
1909
1919
1956
2011
2008
2039
2081
2074
2071
2032
1992
1936
1900
1879
1872
1859
1876
1889
1900
1935
1947
1997
2019
2035
2057
2069
2109
2141
2201
2232
2290
2350
2408
2445
2473
2466
2457
2422
2407
2357
2291
2255
2211
2157
2120
2128
2127
2105
2097
2093
1820
1798
1788
1781
1786
1827
1877
1934
2004
2071
2144
2220
2258
2319
2346
2353
2343
2320
2288
2240
2168
2102
2020
1945
1863
1805
1736
1696
1699
1700
1730
1795
1887
1966
2068
2194
2274
2383
2465
2515
2548
2565
2561
2515
2457
2366
2305
2184
2061
1948
1863
1764
1654
1607
1577
1525
1546
1580
1635
1693
1760
1867
1955
2038
2122
2198
2261
2312
2346
2350
2364
2350
2320
2254
2209
2146
2088
2036
1969
1926
1889
1858
1852
1862
1881
1952
1991
2044
2098
2198
2246
2327
2355
2395
2410
2428
2426
2392
2371
2333
2317
2270
2211
2176
2115
2082
2020
2008
1987
1973
1973
1975
1993
1999
2023
2060
2072
2068
2071
2051
2069
2070
2072
2045
2051
2068
2048
2089
1998
2026
2070
2167
2259
2371
2486
2584
2616
2625
2566
2493
2384
2273
2198
2104
2005
1908
1818
1759
1712
1714
1739
1771
1804
1826
1867
1909
1932
2006
2063
2128
2159
2216
2264
2278
2326
2345
2322
2265
2193
2064
1999
1973
1940
1936
1909
1902
1898
1940
2029
2184
2338
2457
2536
2527
2460
2376
2262
2200
2166
2146
2140
2152
2100
2045
1968
1886
1773
1669
1560
1490
1452
1449
1479
1547
1640
1764
1893
1995
2116
2272
2421
2546
2647
2701
2712
2703
2655
2600
2557
2522
2457
2358
2255
2121
1991
1807
1672
1587
1557
1553
1574
1652
1734
1843
1948
2032
2111
2133
2172
2187
2185
2177
2163
2099
2038
1955
1917
1939
1997
2071
2104
2123
2117
2107
2132
2169
2206
2167
2139
2099
2096
2114
2145
2116
2106
2080
2047
2035
2041
2054
2100
2110
2104
2087
2089
2075
2039
2086
2080
2086
2077
2128
2203
2256
2317
2346
2274
2208
2108
2019
1952
1927
1918
1928
1948
1937
1931
1900
1893
1965
2019
2123
2227
2302
2345
2372
2366
2333
2277
2217
2154
2114
2092
2066
2079
2065
2026
2000
1986
1982
2016
2020
2040
2082
2107
2130
2165
2183
2173
2147
2073
2003
1965
1925
1897
1930
1957
1981
2044
2067
2056
2046
2021
2027
2073
2107
2177
2202
2242
2263
2235
2206
2150
2100
2023
1990
1987
1996
2020
2051
2081
2086
2100
2104
2086
2056
2022
1996
1973
1975
2025
2094
2182
2239
2319
2359
2367
2373
2348
2322
2310
2267
2266
2268
1972
2001
2046
2079
2095
2111
2122
2145
2153
2128
2126
2137
2136
2122
2114
2140
2156
2136
2133
2146
2139
2132
2137
2114
2096
2060
2038
1998
1970
1970
1988
2005
2066
2086
2123
2144
2187
2227
2241
2247
2262
2294
2297
2299
2299
2247
2190
2081
1993
1886
1810
1752
1744
1801
1871
1970
2080
2191
2320
2402
2472
2500
2510
2459
2405
2323
2224
2080
1953
1811
1720
1664
1658
1704
1773
1869
1994
2093
2195
2283
2322
2346
2346
2336
2257
2164
2088
1979
1872
1768
1761
1743
1822
1932
2089
2263
2454
2607
2700
2741
2750
2688
2547
2403
2238
2077
1914
1788
1682
1631
1618
1637
1653
1760
1858
1957
2047
2143
2209
2254
2276
2304
2306
2301
2320
2297
2246
2196
1951
1993
1992
1999
1939
1864
1804
1740
1686
1678
1726
1816
1928
2024
2110
2205
2257
2331
2420
2479
2472
2422
2393
2335
2276
2221
2171
2122
2082
2047
1998
1955
1904
1857
1816
1828
1839
1855
1912
1955
1971
2019
2061
2070
2058
2021
2047
2103
2208
2348
2469
2474
2391
2251
2120
2044
1994
1953
1910
1800
1671
1584
1592
1704
1832
1945
1976
2011
2032
2152
2309
2484
2615
2672
2687
2676
2669
2604
2522
2424
2325
2162
2044
1924
1829
1723
1644
1565
1540
1597
1699
1823
1943
2066
2163
2269
2372
2509
2636
2706
2718
2642
2530
2407
2280
2172
2058
1968
1846
1672
1524
1442
1420
1460
1489
1511
1541
1637
1724
1925
2138
2309
2414
2458
2520
2588
2693
2765
1985
2040
2088
2159
2250
2310
2372
2453
2483
2461
2420
2374
2283
2214
2112
2035
1958
1883
1840
1767
1749
1760
1793
1856
1979
2109
2246
2375
2460
2511
2540
2534
2475
2399
2240
2080
1890
1673
1539
1458
1420
1503
1658
1843
2042
2275
2492
2642
2763
2863
2856
2814
2680
2521
2279
2043
1796
1585
1440
1362
1351
1419
1551
1741
1918
2118
2325
2492
2567
2632
2661
2621
2527
2375
2184
1982
1764
1581
1450
1381
1373
1463
1607
1817
2005
2236
2408
2564
2654
2698
2676
2629
2527
2397
2249
2093
1945
1842
1764
1729
1723
1731
1787
1883
2016
2148
2268
2386
2458
2502
2515
2520
2472
2416
2355
2290
2213
2140
2047
1972
1884
1802
1757
1695
1635
1592
1548
1530
1422
1514
1692
1874
2081
2253
2493
2691
2796
2792
2698
2578
2442
2360
2274
2142
1953
1772
1650
1629
1689
1800
1862
1900
1943
1979
1995
2036
2073
2044
1934
1860
1799
1780
1795
1842
1886
1906
1994
2071
2181
2279
2383
2432
2474
2436
2305
2121
1890
1705
1600
1642
1736
1885
1981
2024
2097
2220
2346
2416
2354
2173
1972
1817
1762
1797
1896
1971
2038
2114
2241
2421
2629
2804
2882
2825
2672
2452
2190
1881
1604
1362
1193
1103
1097
1209
1382
1629
1889
2171
2350
2473
2490
2441
2362
2357
2358
2407
2417
2381
2334
2323
2342
2432
2518
2551
2452
2299
2105
1920
1777
1647
1517
1400
1316
1317
1385
1506
1656
1825
2028
2277
2502
2722
2816
2862
2870
2836
1439
1680
2007
2385
2757
3084
3286
3339
3231
2986
2616
2168
1661
1204
837
595
533
667
1018
1477
2044
2644
3196
3649
3942
4024
3902
3534
3011
2348
1657
1022
477
155
98
279
663
1193
1811
2429
2975
3434
3706
3783
3712
3412
2953
2414
1801
1246
779
468
400
482
768
1200
1688
2188
2674
3067
3352
3446
3430
3273
2993
2672
2307
1996
1712
1531
1437
1429
1497
1644
1798
1917
1991
2034
2024
1968
1872
1789
1752
1766
1886
2046
2289
2535
2761
2936
3021
3029
2912
2703
2426
2066
1722
1373
1111
982
1026
1231
1549
1942
2380
2773
3032
3158
3171
3018
2746
2369
1957
1544
1162
847
663
649
799
1083
1427
1878
2323
2720
3030
3231
3277
3223
881
583
387
241
194
262
475
810
1214
1581
1894
2119
2294
2446
2634
2897
3169
3435
3651
3855
3995
4095
4095
4093
3923
3588
3141
2558
1876
1125
408
1
1
1
1
1
176
587
974
1343
1764
2281
2845
3389
3781
4019
4056
3952
3768
3600
3502
3390
3241
3054
2838
2549
2188
1770
1280
734
271
0
1
1
1
0
1
426
1220
2056
2910
3722
4095
4095
4095
4095
4095
4095
4095
3683
2951
2246
1650
1180
846
669
623
637
621
616
576
520
492
593
749
964
1176
1466
1787
2235
2756
3364
3902
4095
4095
4095
4095
4095
3704
3095
2455
1795
1167
586
80
0
0
1
29
589
1292
2008
2591
3014
3349
3564
3626
3548
1628
1737
1904
2075
2275
2471
2670
2792
2891
2951
2908
2785
2588
2344
2031
1667
1324
1007
756
570
516
523
683
925
1249
1655
2066
2514
2925
3315
3620
3884
4039
4095
4089
3960
3712
3382
2954
2490
1976
1493
1048
673
418
269
226
286
472
715
1027
1369
1702
2035
2350
2618
2806
2953
3013
3009
2911
2753
2568
2309
2005
1761
1501
1301
1131
1056
1091
1181
1320
1555
1823
2136
2459
2742
3044
3259
3429
3582
3608
3532
3387
3167
2864
2556
2218
1818
1459
1099
820
565
421
345
296
385
568
778
1086
1443
1848
2270
2658
3052
3342
3532
3663
3677
3575
3403
3169
2849
2520
2173
1859
1583
1352
1177
1071
1035
1043
1117
1282
1467
1715
2004
7
0
0
481
1169
1891
2568
3209
3780
4095
4095
4095
4095
4095
4095
4095
4095
4095
4095
4095
3498
2764
1973
1169
393
2
2
1
1
1
0
1
2
1
290
841
1368
1840
2229
2575
2853
3115
3352
3513
3676
3788
3890
3921
3872
3776
3644
3354
3044
2676
2271
1840
1443
1066
782
547
367
235
165
188
224
325
495
725
1020
1338
1692
2059
2411
2708
2930
3116
3218
3241
3247
3162
3041
2932
2791
2690
2536
2388
2263
2120
1999
1882
1792
1697
1622
1612
1606
1644
1705
1781
1827
1881
1967
2071
2165
2288
2426
2551
2686
2790
2922
3027
3093
3137
3080
2987
2823
2539
2197
1806
1341
901
441
91
2
1
1
0
2
205
