2102
2133
2098
2072
2068
2106
2067
2070
2080
2106
2132
2090
2095
2132
2099
2081
2063
2123
2118
2095
2082
2090
2060
2115
2098
2148
2116
2089
2100
2105
2078
2062
2106
2062
2113
2075
2108
2137
2095
2100
2106
2109
2089
2102
2106
2104
2124
2135
2077
2100
2110
2086
2076
2127
2101
2081
2061
2058
2076
2120
2145
2130
2122
2106
2090
2096
2127
2137
2104
2107
2104
2088
2067
2110
2106
2114
2088
2065
2100
2052
2084
2104
2114
2094
2091
2108
2150
2138
2097
2114
2105
2118
2082
2093
2096
2109
2121
2110
2082
2077
2056
2104
2099
2127
2121
2106
2102
2080
2116
2097
2096
2127
2120
2134
2102
2088
2045
2090
2060
2080
2087
2072
2101
2114
2101
2107
2081
2109
2117
2098
2103
2126
2083
2086
2107
2114
2106
2124
2083
2094
2097
2081
2085
2086
2072
2090
2068
2104
2101
2107
2095
2094
2106
2101
2110
2103
2044
2075
2060
2088
2064
2030
2056
2090
2081
2067
2070
2096
2094
2104
2104
2083
2073
2093
2088
2106
2115
2074
2078
2112
2119
2082
2094
2094
2076
2104
2079
2062
2052
2091
2128
2104
2102
2107
2108
2095
2127
2096
2104
2096
2120
2122
2094
2095
2106
2113
2094
2102
2102
2081
2095
2079
2067
2110
2081
2080
2066
2063
2115
2098
2111
2087
2087
2087
2088
2133
2116
2092
2106
2080
2092
2066
2064
2063
2086
2093
2066
2085
2114
2069
2078
2083
2114
2143
2091
2067
2080
2113
2112
2140
2081
2089
2107
2085
2083
2092
1955
1932
1923
1945
1952
1957
1914
1938
1917
1959
1960
1974
1964
1948
1990
1992
1995
1963
2025
2048
2045
2052
2052
2058
2050
2079
2131
2112
2076
2094
2121
2115
2104
2115
2143
2160
2122
2170
2188
2181
2196
2157
2180
2199
2165
2193
2180
2178
2135
2174
2164
2188
2186
2151
2158
2158
2168
2190
2165
2178
2131
2103
2103
2110
2105
2106
2126
2140
2132
2146
2136
2142
2116
2151
2166
2178
2145
2134
2120
2148
2152
2158
2155
2188
2200
2217
2215
2230
2228
2225
2260
2294
2274
2296
2287
2299
2315
2341
2309
2308
2301
2291
2328
2320
2328
2337
2333
2329
2282
2340
2311
2340
2344
2341
2362
2316
2299
2322
2326
2325
2330
2295
2263
2261
2251
2237
2244
2219
2105
2127
2120
2118
2106
2108
2133
2130
2127
2122
2116
2141
2110
2105
2084
2045
2012
2012
2004
1977
1968
1992
1984
2006
2024
2038
2064
2085
2093
2068
2070
2067
2046
2014
1928
1884
1860
1828
1767
1738
1756
1780
1811
1822
1887
1969
2008
2083
2168
2240
2329
2389
2407
2401
2384
2377
2342
2315
2280
2232
2224
2156
2118
2113
2065
2014
1983
1964
2000
1998
1969
2007
2026
2086
2116
2148
2221
2231
2243
2264
2254
2225
2258
2221
2226
2185
2151
2124
2100
2104
2097
2126
2086
2112
2133
2120
2130
2095
2066
2055
2038
2024
1978
1940
1887
1881
1870
1808
1787
1749
1750
1746
1730
1764
1766
1884
1870
1924
1981
2024
2107
2151
2176
2186
2215
2242
2276
2272
1932
2077
2158
2236
2314
2362
2356
2400
2389
2335
2265
2241
2166
2121
2076
2018
2009
2035
1996
2056
2055
2093
2190
2241
2260
2300
2316
2303
2283
2253
2139
2062
1984
1900
1847
1767
1733
1748
1791
1819
1912
1963
2049
2118
2207
2294
2360
2421
2435
2443
2439
2404
2336
2262
2168
2084
1965
1944
1926
1860
1843
1810
1810
1839
1846
1890
1947
1974
2029
2061
2094
2124
2143
2118
2159
2170
2171
2156
2156
2166
2198
2159
2133
2128
2096
2110
2123
2149
2149
2168
2167
2163
2179
2172
2176
2188
2183
2137
2111
2108
2088
2023
1996
2000
1972
1970
1954
1984
1992
1992
2043
2046
2060
2109
2138
2161
2138
2171
2152
2148
2123
2088
2070
1984
1941
1918
1876
1865
2148
2250
2214
2186
2063
2006
1917
1852
1833
1802
1774
1757
1823
2041
2279
2432
2476
2359
2242
2169
2109
2008
1870
1801
1829
1946
2122
2144
2027
1895
1830
1871
2051
2156
2334
2462
2540
2627
2623
2533
2414
2301
2214
2172
2112
2118
2152
2174
2118
2040
1970
1908
1941
2019
2041
2102
2133
2201
2267
2231
2195
2129
2081
2131
2188
2290
2351
2440
2467
2528
2534
2431
2310
2169
2020
1879
1681
1452
1421
1532
1660
1725
1762
1759
1869
2111
2272
2343
2265
2244
2282
2330
2214
2130
1888
1823
1892
2005
2130
2153
2133
2088
2078
2120
2110
1986
1985
1950
1981
2136
2179
2182
2093
2094
2111
2216
2219
2171
2056
1978
1969
1942
1871
1802
1725
1714
1712
1832
2136
2156
2079
2027
2010
1952
1984
1986
2062
2134
2262
2285
2327
2303
2218
2110
1986
1827
1780
1647
1688
1755
1913
2067
2239
2372
2469
2473
2472
2341
2208
2062
1840
1693
1678
1715
1834
2032
2224
2438
2559
2606
2615
2544
2403
2282
2158
2026
1896
1820
1780
1734
1806
1935
1982
2036
2098
2080
2046
2039
2003
1974
1989
2003
2082
2149
2202
2304
2341
2413
2420
2438
2245
2137
2038
1854
1667
1501
1405
1414
1483
1617
1849
2133
2392
2600
2773
2844
2794
2661
2399
2102
1859
1615
1521
1576
1752
1984
2312
2531
2656
2755
2658
2541
2303
2077
1759
1535
1312
1194
1289
1374
1525
1726
1986
2229
2384
2527
2612
2576
2508
2330
2168
2053
1946
1903
1939
2056
1750
2041
2304
2632
2838
2917
3024
3020
2788
2497
2202
1926
1674
1441
1260
1296
1475
1739
1998
2241
2386
2410
2352
2205
2074
2033
1979
1945
1879
1929
1948
1985
1908
1814
1789
1858
1965
1986
2050
2026
2066
2126
2120
2116
2090
2107
2138
2104
2019
1934
1893
1982
2068
2099
2060
2000
2041
2064
2024
1956
1895
1870
2046
2214
2282
2310
2272
2236
2100
2131
2190
2180
2227
2158
2106
1966
1896
1866
1913
1979
2072
2098
2129
2219
2339
2391
2289
2216
2206
2410
2570
2586
2453
2299
2286
2342
2346
2125
1959
1781
1698
1822
1833
1838
1784
1726
1792
1958
2187
2346
2466
2537
2658
2660
2526
2261
2002
1934
1956
1872
1704
1494
1549
1842
2084
2058
2084
2155
2659
2275
1839
1373
1037
833
841
1015
1377
1799
2175
2524
2680
2709
2704
2612
2535
2415
2340
2235
2185
2133
2081
2119
2121
2164
2170
2111
2096
1997
1954
1928
1921
1950
1947
1925
1977
2014
2046
2028
1909
1799
1696
1746
1904
2095
2268
2447
2479
2441
2328
2174
1988
1805
1651
1526
1472
1452
1417
1469
1582
1731
1904
2057
2237
2409
2579
2746
2853
2894
2855
2766
2697
2604
2448
2244
1971
1636
1282
1023
958
1060
1403
1816
2265
2641
2834
2838
2733
2565
2403
2324
2270
2263
2187
2074
1934
1764
1669
1601
1681
1826
1986
2184
2346
2372
2348
2242
2118
1913
1702
1602
1589
1739
1919
2111
2193
2127
1985
1836
1651
1470
1438
1550
1813
2178
2566
2875
2636
3125
3369
3394
3354
3193
2832
2336
1900
1634
1457
1324
1153
1079
1155
1398
1741
2079
2341
2574
2879
3128
3147
2730
1986
1300
972
1128
1533
1871
1944
1921
1923
2056
2442
2809
3038
2839
2389
1819
1436
1270
1307
1486
1692
1918
2107
2358
2654
2960
3167
3126
2732
2271
1826
1447
1148
927
795
885
1243
1765
2353
2840
3138
3242
3272
3237
3116
2737
2181
1609
1258
1068
1004
968
1080
1346
1700
2088
2347
2507
2560
2507
2329
2116
1966
1874
1824
1817
1874
1984
2169
2309
2343
2311
2282
2210
2074
1877
1762
1800
1891
1997
2068
2127
2213
2264
2279
2357
2452
2587
2624
2482
2232
2024
1886
1875
1898
1992
2140
2307
2417
2362
2218
2099
2078
2099
1188
1147
1265
1488
1756
2118
2504
2828
3019
3111
3092
2916
2727
2491
2335
2263
2216
2213
2223
2101
1846
1560
1385
1408
1747
2272
2772
3120
3138
2903
2433
1896
1507
1336
1378
1526
1668
1745
1823
1999
2206
2341
2304
2090
1759
1601
1648
1936
2316
2542
2536
2312
2076
2024
2233
2593
2926
3056
2951
2717
2391
2038
1648
1264
977
800
898
1300
1884
2523
2992
3196
3120
2822
2335
1904
1467
1193
1125
1297
1594
1960
2258
2415
2472
2348
2180
1919
1723
1692
1908
2214
2596
2776
2754
2588
2312
2034
1845
1801
1803
1862
1928
1962
1968
1916
1699
1474
1446
1570
1852
2219
2487
2668
2706
2628
2378
2105
1856
1666
1551
1536
1634
1822
1976
2195
2274
2319
2
27
599
1414
2187
2745
3025
3016
2827
2481
2079
1620
1246
983
916
1138
1596
2234
2995
3707
4095
4095
4095
4095
3464
2616
1599
642
2
3
3
2
1
151
1017
1879
2653
3388
3895
4095
4095
4095
4057
3544
2834
2111
1413
930
661
619
720
990
1398
1817
2293
2640
2920
3056
3014
2812
2537
2265
1994
1891
1850
1896
2046
2190
2373
2524
2675
2705
2629
2457
2214
1920
1671
1521
1506
1610
1807
2044
2230
2353
2422
2373
2243
2034
1857
1681
1595
1640
1834
2136
2469
2774
2990
3036
2974
2801
2488
2142
1803
1427
1143
963
932
1070
1353
1723
2055
2329
2439
2424
2263
2094
1930
1876
1897
2101
2392
2775
3102
3412
3509
3415
3088
2547
1646
2897
3955
4095
4095
4095
3758
2593
1231
15
3
3
56
892
1773
2465
3040
3552
3987
4095
3998
3432
2520
1456
516
28
115
703
1491
2110
2535
2849
3216
3706
4095
4095
4095
3966
3207
2314
1455
700
60
3
2
2
356
1246
2201
3046
3647
4010
4095
3989
3558
2818
1862
882
107
3
97
700
1429
2052
2474
2687
2737
2684
2525
2309
2100
1913
1889
2091
2502
2994
3247
3074
2547
1735
814
15
2
2
3
452
1646
2955
4095
4095
4095
4095
3336
2213
1248
633
409
549
1005
1632
2361
3052
3562
3798
3663
3191
2538
1816
1216
819
768
948
1349
1799
2019
1920
1567
1050
519
212
392
1062
2157
3496
4095
4095
4095
4095
608
573
934
1656
2629
3644
4095
4095
4095
4095
4095
3449
2312
1051
3
3
1
3
3
171
1666
3357
4095
4095
4095
4095
4095
4095
3172
1631
172
3
2
4
3
8
1161
2563
3768
4095
4095
4095
4095
4095
3309
2275
1224
337
1
2
1
146
693
1276
1778
2202
2536
2767
2883
2840
2653
2363
2070
1922
1983
2278
2726
3164
3507
3631
3506
3176
2713
2195
1634
1085
573
166
2
69
518
1233
2078
2886
3536
3953
4095
4095
3948
3557
2953
2128
1193
316
0
0
0
157
878
1633
2315
2901
3413
3890
4095
4095
4095
3832
3010
1981
1024
315
0
13
261
626
996
1355
1692
2030
2355
2630
2791
2830
2781
2695
2625
2606
0
212
1555
2993
4095
4095
4095
4095
4095
4095
4095
4095
4095
4095
4095
4095
3970
2572
1070
1
1
2
2
2
1
0
1
1
2
0
492
1864
3089
4078
4095
4095
4095
4095
4095
4095
4095
4095
3976
3336
2675
2016
1388
818
329
2
0
1
1
1
2
1
2
274
712
1186
1678
2193
2688
3166
3550
3852
4020
4095
4095
4095
4095
4031
3994
3967
3954
3942
3920
3864
3694
3361
2873
2241
1442
564
2
2
1
3
1
2
2
3
4
294
1292
2322
3297
4095
4095
4095
4095
4095
4095
4095
4095
4095
3996
2763
1386
30
2
1
1
2
1
3
1
0
0
1
2
1
288
1441
2746
4095
4095
4095
