2086
2091
2087
2092
2100
2094
2094
2092
2093
2100
2102
2098
2090
2088
2098
2104
2101
2104
2100
2097
2099
2095
2095
2106
2100
2105
2095
2088
2108
2102
2100
2096
2099
2092
2085
2095
2104
2098
2091
2095
2090
2076
2086
2102
2092
2084
2088
2098
2102
2099
2110
2093
2089
2092
2101
2096
2085
2098
2098
2086
2093
2090
2097
2099
2102
2100
2098
2104
2098
2086
2096
2085
2097
2097
2096
2096
2108
2098
2097
2104
2100
2104
2098
2090
2097
2083
2082
2093
2093
2111
2119
2104
2107
2110
2102
2106
2100
2096
2092
2102
2100
2094
2096
2098
2087
2107
2094
2102
2094
2093
2095
2104
2101
2110
2110
2103
2097
2091
2104
2104
2100
2106
2108
2101
2098
2111
2112
2100
2095
2107
2098
2101
2088
2111
2118
2121
2118
2106
2105
2097
2102
2112
2110
2099
2088
2102
2094
2089
2110
2120
2109
2111
2102
2119
2100
2108
2108
2114
2114
2089
2096
2095
2096
2108
2109
2107
2116
2095
2096
2110
2096
2107
2104
2096
2094
2097
2106
2085
2096
2100
2111
2108
2119
2101
2095
2090
2108
2099
2100
2098
2114
2114
2104
2109
2108
2112
2117
2118
2101
2107
2114
2119
2106
2088
2097
2112
2109
2099
2090
2088
2117
2110
2102
2111
2095
2091
2108
2098
2096
2091
2105
2109
2100
2102
2087
2101
2101
2114
2107
2107
2089
2086
2088
2091
2106
2094
2106
2101
2104
2105
2096
2102
2089
2085
2095
2109
2111
2111
2104
2083
2098
2114
2104
2097
2105
2094
2192
2232
2251
2254
2277
2288
2308
2318
2328
2334
2348
2338
2330
2328
2318
2312
2302
2273
2258
2251
2208
2173
2154
2133
2094
2076
2056
2026
2017
1991
1984
1966
1954
1933
1940
1921
1901
1900
1892
1904
1900
1904
1905
1919
1925
1945
1938
1952
1960
1976
1972
1978
2002
2001
1998
2001
2005
2004
1999
2004
1996
1990
1994
2010
2026
2025
2041
2028
2064
2052
2062
2086
2106
2138
2160
2197
2207
2226
2257
2295
2318
2309
2339
2364
2377
2386
2402
2395
2389
2400
2392
2381
2366
2350
2322
2299
2266
2238
2193
2174
2150
2109
2092
2049
2021
2005
1974
1959
1955
1935
1941
1947
1957
1960
1968
1992
2019
2038
2052
2084
2114
2134
2165
2172
2186
2224
2237
2242
2422
2405
2373
2316
2257
2183
2103
2034
1956
1913
1903
1927
2008
2123
2258
2359
2417
2411
2319
2190
2050
1929
1852
1848
1894
1990
2086
2186
2228
2242
2210
2179
2134
2107
2098
2096
2103
2099
2089
2055
2024
1999
1997
2001
2032
2069
2096
2116
2124
2142
2154
2171
2185
2208
2215
2208
2172
2097
2009
1937
1899
1899
1964
2067
2203
2325
2425
2461
2429
2352
2230
2100
1993
1910
1858
1819
1806
1781
1760
1727
1703
1691
1713
1767
1861
1996
2128
2250
2342
2378
2356
2296
2209
2129
2059
2004
2002
2028
2078
2121
2151
2171
2178
2159
2131
2092
2072
2061
2078
2102
2131
2174
2207
2240
2288
2339
2389
2444
2496
2547
2582
2589
2544
2448
2285
2097
1902
1733
2114
2167
2168
2132
2101
2070
2057
2055
2047
2017
1985
1954
1930
1928
1966
2023
2134
2268
2405
2482
2448
2337
2141
1946
1816
1781
1857
1999
2164
2293
2392
2450
2468
2455
2412
2327
2194
2020
1821
1646
1538
1501
1569
1701
1861
2043
2210
2328
2390
2410
2376
2297
2216
2144
2075
2032
1993
1976
1988
2028
2090
2172
2273
2398
2490
2536
2530
2446
2293
2102
1916
1780
1739
1776
1896
2045
2173
2241
2231
2152
2037
1931
1883
1897
1965
2068
2148
2176
2163
2117
2053
2011
2024
2077
2169
2240
2307
2289
2191
2035
1840
1650
1501
1415
1426
1510
1662
1845
2046
2222
2343
2400
2402
2324
2218
2088
1964
1872
1826
1845
1910
2008
2109
2204
2268
2289
2254
2202
1861
1634
1491
1508
1572
1590
1546
1607
1870
2239
2441
2338
2076
1922
1992
2173
2342
2456
2537
2534
2380
2134
1896
1777
1770
1759
1759
1832
1966
2018
1905
1732
1740
1963
2210
2359
2454
2614
2789
2836
2674
2394
2134
1933
1796
1787
1974
2259
2434
2362
2134
1921
1835
1862
1932
1978
2035
2144
2276
2323
2273
2197
2236
2341
2394
2372
2357
2408
2422
2316
2078
1872
1836
1932
2013
2035
2035
2058
2047
2024
2091
2259
2356
2292
2168
2164
2234
2191
1995
1846
1868
1966
2004
1973
1959
1966
1905
1763
1673
1792
2074
2304
2328
2201
2100
2096
2124
2082
2064
2152
2265
2251
2056
1885
1912
2090
2171
2102
2048
2106
2130
2035
1972
2092
2189
2072
1912
1936
2102
1929
1799
1735
1752
1846
1998
2173
2338
2467
2546
2550
2483
2360
2243
2152
2111
2122
2159
2176
2164
2148
2096
2056
2039
2068
2121
2212
2295
2346
2347
2288
2168
1993
1848
1749
1732
1787
1907
2047
2186
2284
2314
2280
2193
2085
1991
1950
1959
2012
2103
2197
2255
2238
2153
2020
1907
1868
1912
2040
2241
2466
2666
2771
2721
2488
2120
1701
1313
1089
1072
1249
1583
1998
2388
2676
2770
2668
2418
2120
1888
1758
1762
1851
1971
2086
2178
2219
2199
2128
2056
2013
2072
2208
2394
2534
2580
2503
2299
2042
1786
1584
1471
1497
1628
1836
2061
2250
2361
2373
2301
2168
2033
1953
1947
2021
2153
2299
2414
2479
2474
2408
2305
2187
2110
2062
2059
2043
1876
1384
1081
1079
1278
1454
1645
2037
2531
2812
2751
2477
2162
1864
1617
1441
1367
1512
1877
2193
2258
2236
2289
2222
1890
1648
1713
1884
1919
1982
2294
2637
2659
2407
2216
2189
2168
2020
1889
1872
1842
1672
1576
1867
2316
2529
2540
2668
2741
2386
1781
1411
1291
1115
970
1196
1762
2363
2813
2986
2887
2644
2444
2190
1686
1187
1158
1559
1935
2097
2297
2624
2887
2928
2735
2370
1960
1676
1648
1873
2206
2456
2539
2587
2657
2535
2142
1779
1749
1864
1748
1475
1409
1647
2014
2266
2292
2125
1950
1944
2030
1992
1844
1868
2168
2567
2859
2963
2844
2569
2278
1956
1581
1327
1480
2006
2608
2940
2884
2648
2550
2468
2103
1568
1281
1328
1427
1511
3169
3275
2972
2380
1698
1193
1130
1516
2167
2768
3072
2975
2560
2010
1504
1209
1265
1676
2267
2728
2878
2656
2153
1603
1232
1204
1550
2116
2640
2880
2778
2424
1958
1554
1379
1534
1991
2605
3086
3220
2925
2332
1605
1011
792
1106
1845
2735
3431
3658
3375
2678
1783
972
515
558
1104
1914
2679
3120
3120
2746
2155
1577
1189
1086
1305
1745
2260
2637
2733
2542
2178
1800
1550
1526
1758
2180
2610
2852
2772
2420
1966
1549
1296
1255
1432
1775
2176
2556
2824
2889
2758
2461
2079
1710
1451
1414
1632
2038
2480
2772
2823
2573
2119
1569
1150
1060
1375
2026
2781
3344
3529
3246
2594
1768
1040
640
685
1150
1872
2607
3151
3344
3153
2654
2027
1473
2548
2268
1844
1562
1471
1423
1461
1842
2439
2857
2914
2897
3094
3322
3148
2624
2242
2262
2214
1779
1136
815
861
1040
1332
1831
2445
2819
2790
2640
2635
2600
2217
1631
1324
1496
1869
2055
2024
2039
2213
2529
2797
2866
2737
2416
2028
1707
1688
1971
2266
2422
2476
2560
2723
2776
2512
2062
1722
1596
1566
1564
1616
1780
1954
2098
2293
2540
2760
2782
2474
1995
1688
1786
2176
2509
2510
2268
2099
2176
2361
2464
2386
2096
1649
1167
912
899
971
1043
1216
1597
2109
2613
2937
3152
3265
3199
2915
2440
2012
1765
1560
1357
1312
1651
2219
2549
2392
1957
1656
1538
1442
1259
1122
1223
1671
2307
2929
3384
3503
3235
2666
2073
1640
1416
1402
1563
1270
1212
1294
1586
2031
2464
2741
2774
2551
2178
1768
1389
1191
1188
1453
1909
2379
2711
2818
2549
1992
1287
672
380
604
1347
2391
3348
3937
3920
3437
2824
2259
1892
1721
1732
1885
1952
1828
1479
1153
1022
1228
1741
2411
3041
3547
3839
3843
3536
2813
1788
677
3
3
2
515
1441
2421
3310
4035
4095
4095
4095
3698
2876
2137
1560
1096
720
399
261
381
757
1202
1696
2227
2858
3695
4095
4095
4095
4095
4095
3259
2146
1034
63
2
2
2
757
1742
2657
3421
3906
4085
3956
3666
3440
3328
3160
2650
1708
473
2
2
2
2
1
803
2051
3238
4095
4095
4095
4095
3674
2508
1375
465
2
3
2
2
447
1739
2912
4095
4095
4095
4095
3614
1969
404
4
2
3
1
1
458
1648
2816
3785
4095
4095
3650
2692
1748
1164
1172
1880
3067
4095
4095
4095
4095
3355
1644
0
0
1
1
2
1
783
3170
4095
4095
4095
4095
4095
4095
1615
1
2
3
1
1
2
1134
4095
4095
4095
4095
4095
4095
3822
637
4
3
1
3
2
351
3244
4095
4095
4095
4095
4095
3226
150
1
3
0
2
2
1728
4095
4095
4095
4095
4095
4095
2457
3
2
1
2
0
0
1813
4095
4095
4095
4095
4095
4095
1286
1
2
1
2
1
234
3552
4095
4095
4095
4095
4095
3803
833
0
1
1
2
1
1694
4095
4095
4095
4095
4095
4095
1091
1799
2550
3263
3927
4095
4095
4095
4095
4095
4095
4095
3609
2826
1965
1045
200
0
0
2
2
1
0
56
1163
2580
4044
4095
4095
4095
4095
4095
4095
4095
4095
4095
4095
3248
1896
671
0
2
2
1
3
1
1
0
2
1
3
379
1141
1842
2402
2776
2935
2906
2722
2450
2175
1975
1932
2055
2358
2816
3439
4095
4095
4095
4095
4095
4095
4095
4095
4095
4095
4095
4095
4095
4095
2974
1186
2
3
2
1
2
1
2
2
2
2
0
2
2
2
1
1863
4095
4095
4095
4095
4095
4095
4095
4095
4095
4095
4095
4095
4095
4095
4095
3542
978
0
1
1
1
2
2
1
1
1
2
2
1
1
2
79
1088
2177
3234
4095
4095
4095
4095
4095
4095
4095
4095
4095
4095
4095
4095
4095
4095
4095
4095
4095
4095
4095
4095
4095
4095
4095
4095
4095
4095
4095
4095
3250
2079
954
2
2
0
3
2
1
0
1
1
0
1
1
0
2
2
1
1
1
1
1
1
0
2
0
0
1
1
2
628
1868
3088
4095
4095
4095
4095
4095
4095
4095
4095
4095
4095
4095
4095
4095
4095
4095
4095
4095
4095
4095
4095
4095
4095
4095
4095
4095
4095
4095
4095
4095
4095
3678
2551
1440
376
2
2
1
1
2
3
1
2
2
2
3
2
2
2
1
2
3
4
2
4
2
3
3
3
3
2
1604
1451
1308
1152
1015
872
744
600
453
332
191
68
1
3
1
2
3
1
3
2
1
2
2
2
2
2
2
0
2
1
1
2
1
2
1
1
5
2
1
3
3
3
2
2
2
2
1
2
1
1
4
5
3
4
1
2
1
2
3
2
2
2
1
5
3
3
2
3
3
4
4
2
163
371
585
797
1004
1204
1403
1606
1804
1996
2187
2378
2572
2748
2939
3116
3293
3457
3628
3798
3968
4095
4095
4095
4095
4095
4095
4095
4095
4095
4095
4095
4095
4095
4095
4095
4095
4095
4095
4095
4095
4095
4095
4095
4095
4095
4095
4095
4095
4095
4095
4095
4095
4095
4095
4095
