2084
2089
2100
2100
2073
2080
2083
2107
2111
2096
2096
2087
2103
2088
2092
2091
2097
2080
2081
2069
2099
2100
2095
2097
2080
2074
2088
2059
2097
2083
2100
2106
2093
2064
2087
2087
2090
2105
2085
2078
2088
2099
2099
2092
2088
2091
2066
2073
2068
2106
2112
2122
2107
2096
2120
2105
2109
2100
2097
2104
2096
2108
2097
2109
2107
2105
2110
2099
2100
2113
2088
2122
2111
2107
2129
2104
2121
2111
2106
2107
2114
2110
2112
2117
2114
2111
2113
2096
2109
2124
2103
2112
2109
2123
2097
2081
2082
2083
2085
2110
2085
2087
2068
2064
2062
2059
2038
2064
2068
2056
2088
2068
2088
2091
2096
2053
2048
2053
2058
2088
2090
2085
2092
2097
2098
2095
2093
2106
2099
2093
2103
2113
2105
2094
2095
2083
2109
2097
2121
2119
2135
2126
2116
2117
2123
2141
2144
2148
2138
2120
2122
2144
2155
2160
2136
2126
2137
2120
2132
2125
2117
2118
2104
2119
2101
2097
2088
2088
2076
2086
2056
2072
2085
2088
2087
2096
2073
2084
2075
2089
2097
2092
2073
2085
2084
2074
2087
2088
2116
2112
2096
2086
2100
2069
2067
2081
2074
2072
2088
2083
2073
2074
2080
2063
2039
2079
2069
2072
2082
2066
2058
2054
2075
2097
2093
2076
2079
2070
2099
2074
2066
2074
2052
2039
2053
2051
2054
2051
2033
2015
2024
2032
2023
2055
2057
2028
2041
2056
2056
2061
2057
2071
2060
2070
2092
2091
2110
2118
2111
2127
2130
2132
2135
2133
2148
2152
1937
1898
1869
1861
1854
1877
1954
1991
2065
2138
2201
2256
2300
2312
2332
2290
2238
2182
2142
2061
1994
1926
1867
1843
1824
1801
1827
1872
1907
1988
2043
2106
2159
2194
2232
2232
2231
2244
2227
2222
2206
2158
2166
2138
2101
2112
2104
2077
2070
2082
2045
2029
2012
2004
1977
2008
1999
2028
2057
2107
2145
2160
2205
2213
2233
2224
2183
2165
2127
2065
2021
1995
1971
1965
1976
2005
2048
2095
2122
2160
2171
2159
2172
2144
2096
2086
2050
2005
1991
1965
1962
1948
1969
1962
2000
2037
2039
2055
2073
2110
2111
2086
2090
2077
2072
2096
2079
2089
2071
2067
2077
2089
2071
2083
2095
2100
2076
2092
2095
2105
2117
2133
2109
2107
2119
2091
2097
2078
2063
2160
2217
2220
2189
2127
2071
2044
2003
1995
2044
2072
2108
2120
2119
2105
2088
2073
2047
2055
2104
2127
2221
2272
2314
2273
2173
2062
1949
1928
1939
1983
2047
2104
2113
2067
2052
2084
2098
2100
2115
2128
2125
2099
2124
2118
2131
2127
2092
2066
2016
1995
1955
1960
2007
2085
2139
2208
2249
2272
2250
2174
2093
2051
2017
2025
2044
2088
2151
2108
2079
2043
2042
2015
2038
2038
2040
2077
2117
2172
2156
2117
2061
2022
2012
2062
2109
2176
2193
2157
2091
2011
1964
1944
1992
2030
2107
2183
2229
2226
2209
2162
2099
2046
2029
1987
1991
2002
2064
2103
2150
2117
2039
2009
2011
2041
2075
2056
2026
1989
1996
2071
2140
2116
2126
2150
2224
2225
2227
2172
2044
1975
1942
1994
2098
2206
2258
2226
2133
2028
1975
1979
2051
2132
2137
2137
2041
1960
1887
1902
1984
2114
2210
2239
2176
2059
1978
1942
1991
2077
2211
2298
2259
2186
2065
1946
1858
1888
1930
2013
2089
2112
2138
2130
2110
2106
2113
2152
2166
2146
2080
1985
1939
1941
2012
2130
2254
2334
2363
2323
2222
2072
1960
1932
1944
1995
2062
2110
2132
2141
2127
2078
2076
2080
2097
2067
2034
2008
2016
2022
2096
2150
2178
2127
2036
1914
1867
1906
2030
2186
2304
2351
2291
2169
2009
1896
1909
2011
2117
2217
2218
2182
2103
2002
1986
2000
2066
2120
2136
2118
2057
2024
2034
2080
2152
2227
2228
2197
2126
2041
2043
2071
2146
2191
2188
2184
1995
2235
2285
2214
2234
2114
1931
1896
2110
2250
2234
2245
2196
2040
1974
2039
2142
2156
2154
2171
2117
2008
2010
2090
2026
2039
2169
2139
2048
2059
2089
2026
2018
2121
2143
2036
1960
2037
2037
2012
2107
2179
2084
1994
1982
1924
1990
2121
2205
2272
2237
2130
2041
1946
1936
2048
2124
2112
2213
2210
2150
2176
2104
2024
2051
2104
2106
2134
2121
2062
2088
2095
2135
2206
2175
2153
2180
2151
2118
2110
2099
2090
2081
2099
2135
2144
2076
2069
2068
1999
2093
2160
2134
2089
2087
2050
1980
1981
2039
2014
1969
1959
1988
1968
2059
2205
2200
2092
2024
1994
1940
1980
2028
2057
2056
2086
2119
2182
2185
2140
2055
1954
1904
1914
2044
2142
2186
2183
1998
1977
2064
2118
2085
2069
2130
2023
1905
1949
2026
2170
2371
2371
2238
2236
2137
2082
2101
2071
2112
2075
2095
2008
1977
2047
2204
2411
2533
2416
2258
2120
1962
1974
2030
1996
2013
2040
2001
1971
2015
2067
2053
2132
2214
2123
2016
2040
2039
2010
1944
2008
2093
2103
2159
2198
2117
2008
1950
2002
2111
2213
2175
2052
2036
2093
2110
2123
2097
2070
1944
1904
1997
2106
2217
2331
2330
2225
1976
1933
2030
2165
2257
2164
2031
1955
1957
2049
2137
2139
2079
2034
2088
2187
2238
2158
2018
1952
1928
1977
2116
2119
2035
1944
1945
1990
2115
2312
2321
2118
1946
1774
1770
1979
2225
2353
2315
2124
1871
1779
1946
2225
2319
2206
2027
1881
1933
2104
2038
2206
2339
2268
2070
1793
1796
2105
2384
2418
2257
2060
1847
1676
1765
2066
2329
2408
2312
1988
1540
1479
1898
2374
2484
2431
2325
2151
1992
1857
1861
2165
2467
2359
1944
1682
1766
1979
2181
2390
2525
2421
2141
1825
1769
1923
2150
2213
2109
1999
2000
1916
1971
2282
2429
2331
2207
2070
1815
1718
1919
2085
2075
2062
2088
2014
1972
2088
2216
2388
2447
2172
1858
1821
1953
1981
1959
1980
2107
2234
2190
2143
2238
2280
2118
2042
2088
2028
1967
2014
2092
2131
2121
2029
1986
2054
2116
2094
2094
2231
2107
1891
1877
1958
2016
2117
2176
2000
1898
1923
1967
2186
2456
2440
2265
2182
1962
1713
1707
1864
2078
2336
2309
1999
1871
1954
1922
1976
2174
1959
1740
1704
1939
2285
2530
2471
2246
1952
1782
1807
1999
2244
2404
2335
2088
1814
1751
1885
2144
2327
2252
2082
1950
1938
2036
2186
2282
2261
2103
1893
1785
1899
2163
2342
2438
2407
2182
1816
1561
1577
1922
2307
2495
2453
2248
2004
1822
1892
2132
2377
2293
1965
1684
1834
2321
2673
2577
2235
1894
1814
1886
2047
2280
2477
2533
2240
1906
1827
2052
2257
2262
2137
2130
2111
1941
1808
1885
2273
2559
2478
2131
1840
1846
2044
2089
2036
1939
1988
2096
2216
2231
2148
2037
2014
2071
2216
2306
2267
2208
2172
2156
2167
2155
2104
2026
2062
2236
2371
2296
2102
1949
1976
2097
2193
2191
2120
2004
1894
1862
1949
2093
2198
2278
2305
2291
2087
2250
2300
2297
2170
2006
1907
1896
2047
2258
2392
2343
2237
2136
2059
1945
1865
1862
1892
1937
2062
2206
2314
2288
2159
1971
1828
1778
1849
1967
2146
2275
2328
2321
2255
2123
1995
1986
2016
2050
2044
2051
2057
2053
2018
1972
1954
1944
2005
2072
2107
2087
2019
1955
2040
2203
2378
2347
2052
1723
1596
1786
2156
2503
2597
2343
1871
1607
1673
2012
2350
2517
2445
2114
1772
1591
1697
1944
2239
2454
2458
2268
2006
1826
1832
2008
2239
2315
2285
2313
2364
2282
2166
2045
1922
1901
2055
2338
2496
2350
2010
1807
1868
2061
2168
2112
1958
1886
1977
2203
2361
2326
2152
1946
1834
1859
1962
2146
2305
2391
2347
2208
2060
2003
2039
2113
2108
2040
1897
1366
1990
2631
2886
2694
2260
1728
1532
1727
2163
2660
2737
2217
1659
1591
1646
1932
2518
2779
2358
1818
1660
1635
1691
2105
2640
2672
2314
1983
1814
1768
1961
2284
2446
2447
2210
1836
1752
1942
2105
2271
2395
2376
2204
2015
1955
2278
2699
2758
2611
2416
1961
1394
1220
1625
2191
2460
2486
2465
2188
1660
1275
1393
1818
2168
2396
2550
2479
2269
1974
1771
1721
1891
2190
2249
2129
2204
2286
2008
1694
1718
2005
2218
2169
2024
1872
1797
1841
1997
2015
2024
2162
2273
2160
2050
2047
2144
2285
2392
2379
2319
2244
2108
1859
1561
1500
1892
2373
2444
2173
1909
1752
1813
2011
2021
1987
2174
2659
2802
2389
1875
1716
1827
1993
2159
2198
2072
1958
2608
2168
1603
1405
1853
2599
3007
2846
2369
1833
1387
1050
981
1278
1893
2474
2850
2950
2952
2926
2821
2603
2120
1370
634
307
623
1388
2134
2608
2944
3176
3133
2812
2300
1807
1349
1054
1097
1551
2189
2774
3120
3133
2818
2395
2038
1852
1719
1628
1860
2492
3104
3206
2868
2517
2350
2246
1932
1415
882
485
215
216
672
1541
2520
3267
3670
3704
3368
2768
2285
2286
2712
3026
2777
2074
1319
758
452
304
481
999
1673
2216
2486
2591
2720
2880
3021
3166
3313
3426
3326
2907
2230
1603
1320
1335
1436
1400
1166
944
824
808
871
1173
1839
2661
3249
3422
3437
3468
3315
2829
2254
1895
1800
1610
1223
985
1204
1666
1974
2100
2212
2426
2186
2394
2585
2780
2889
2851
2625
2216
1713
1248
913
800
911
1322
1938
2610
3141
3373
3268
2905
2310
1596
882
338
186
491
1263
2231
3173
3907
4095
4095
4095
3572
2640
1575
667
149
84
456
1133
1973
2869
3640
4095
4095
3752
2828
1644
463
3
2
1
0
599
1947
3380
4095
4095
4095
4095
3984
2606
1028
1
1
1
0
1
785
2437
3907
4095
4095
4095
4095
4095
2931
1305
0
1
0
0
1
733
2138
3370
4095
4095
4095
4095
3811
2812
1793
889
336
152
216
555
1027
1571
2141
2667
3098
3354
3440
3334
3114
2831
2507
2165
1806
1463
1158
918
779
702
661
644
703
882
1184
1645
2193
2810
3437
4059
4095
194
1843
3489
4095
4095
4095
4095
4095
4095
4095
4095
4095
4095
3944
2440
832
0
0
0
1
0
0
0
0
1
1062
2592
4040
4095
4095
4095
4095
4095
4095
4095
4095
4095
4095
3814
2120
295
1
1
0
1
0
0
0
1
0
0
0
1066
2807
4095
4095
4095
4095
4095
4095
4095
4095
4095
4095
4095
3974
2466
886
1
0
0
3
1
1
0
1
1
89
1384
2752
4061
4095
4095
4095
4095
4095
4095
4095
4095
4095
3704
2248
739
1
0
1
1
1
1
1
1
1
2
1
583
2196
3835
4095
4095
4095
4095
4095
4095
4095
4095
4095
4095
4095
4095
2915
949
0
1
0
1
0
0
0
6
0
0
2
1
0
0
0
0
0
0
0
0
0
49
563
1097
1593
2060
2499
2872
3233
3567
3875
4095
4095
4095
4095
4095
4095
4095
4095
4095
4095
4095
4095
4095
4095
4095
4095
4095
4095
4095
4095
4095
3967
3776
3546
3362
3138
2930
2707
2509
2304
2127
1951
1754
1635
1485
1392
1287
1186
1143
1080
1008
954
939
901
852
867
876
889
903
929
964
989
1007
1033
1040
1046
1077
1097
1109
1121
1139
1141
1169
1189
1181
1189
1204
1177
1160
1164
1164
1184
1214
1262
1295
1352
1378
1435
1448
1488
1511
1521
1525
1576
1597
1595
1645
1676
1750
1824
1899
1956
2049
2087
2140
2184
2263
2290
2356
2432
2539
2667
2810
2941
