2118
2119
2103
2103
2080
2096
2091
2110
2097
2101
2092
2108
2104
2096
2083
2100
2101
2108
2080
2092
2096
2090
2090
2073
2085
2094
2134
2114
2102
2091
2068
2098
2112
2083
2096
2093
2105
2088
2115
2085
2087
2114
2117
2067
2104
2079
2100
2118
2074
2098
2095
2093
2094
2100
2072
2096
2060
2098
2112
2124
2108
2117
2096
2107
2116
2095
2064
2078
2100
2072
2067
2092
2097
2075
2088
2077
2090
2096
2069
2095
2118
2107
2093
2092
2077
2102
2112
2108
2101
2112
2087
2107
2102
2120
2137
2112
2114
2104
2109
2092
2101
2083
2078
2079
2087
2114
2088
2088
2096
2099
2089
2110
2114
2092
2105
2105
2088
2096
2098
2075
2104
2105
2099
2101
2104
2108
2104
2099
2111
2107
2110
2126
2117
2103
2085
2126
2122
2114
2118
2103
2112
2134
2109
2101
2098
2124
2140
2106
2097
2112
2101
2119
2113
2108
2109
2130
2112
2139
2112
2099
2113
2083
2114
2146
2116
2114
2122
2107
2100
2114
2100
2097
2116
2111
2094
2106
2090
2107
2127
2087
2117
2113
2118
2093
2094
2061
2085
2081
2088
2069
2084
2059
2086
2076
2052
2072
2059
2053
2107
2072
2072
2093
2087
2091
2082
2049
2054
2074
2087
2073
2074
2075
2064
2107
2085
2082
2064
2078
2051
2052
2064
2081
2080
2048
2069
2106
2073
2048
2067
2090
2084
2096
2107
2096
2085
2109
2075
2057
2033
2063
2071
2072
2074
2102
2092
2122
2081
2087
2098
2070
2112
2112
2084
2089
2071
2118
2026
2045
2053
2098
2098
2073
2107
2091
2118
2121
2120
2142
2160
2152
2150
2157
2184
2196
2220
2192
2182
2187
2185
2176
2158
2160
2119
2132
2088
2065
2037
2010
1997
1989
1997
1976
1952
1948
1944
1976
2008
2020
2019
2050
2055
2072
2079
2099
2086
2082
2052
2064
2040
2012
1996
2009
1989
1977
1971
2010
2001
2016
2038
2113
2134
2169
2209
2261
2287
2319
2381
2400
2407
2426
2407
2397
2366
2319
2260
2178
2153
2086
2030
2021
1984
1944
1933
1945
1957
1984
1984
2032
2073
2107
2142
2168
2198
2214
2228
2212
2189
2172
2144
2111
2043
2006
1956
1929
1864
1866
1837
1822
1876
1891
1934
1965
2036
2086
2153
2229
2286
2315
2364
2400
2406
2413
2408
2396
2305
2287
2310
2311
2334
2344
2358
2356
2344
2322
2286
2207
2136
2059
1991
1933
1878
1864
1872
1844
1863
1872
1933
1959
2001
2000
2008
2050
2082
2105
2134
2130
2153
2188
2228
2254
2274
2275
2301
2272
2265
2253
2232
2188
2152
2102
2041
1996
1940
1905
1874
1844
1821
1862
1868
1898
1972
2038
2125
2197
2306
2328
2337
2358
2348
2342
2281
2265
2193
2138
2084
2021
1947
1917
1866
1844
1832
1799
1789
1787
1795
1799
1831
1898
1968
2022
2089
2162
2263
2346
2396
2440
2465
2473
2479
2432
2401
2349
2291
2188
2134
2068
1969
1922
1883
1854
1801
1816
1835
1872
1888
1938
1998
2062
2134
2218
2268
2297
2371
2417
2431
2409
2414
2411
2360
2315
2229
2171
2238
2332
2391
2424
2448
2422
2457
2480
2476
2502
2547
2539
2558
2483
2391
2287
2117
2003
1902
1850
1861
1968
2095
2233
2413
2552
2623
2638
2524
2379
2200
2035
1871
1809
1761
1788
1830
1864
1931
1919
1890
1888
1771
1752
1722
1733
1801
1894
1996
2094
2187
2300
2361
2330
2379
2327
2271
2212
2083
1993
1891
1778
1712
1696
1718
1751
1821
1846
1909
1885
1902
1877
1876
1925
1990
2100
2278
2438
2532
2600
2554
2487
2313
2160
1961
1898
1927
1952
2045
2189
2235
2271
2250
2214
2130
2053
2078
2047
2031
2046
2056
2074
2080
2044
2029
2022
1989
1926
1904
1928
2024
2123
2252
2335
2381
2370
2246
2101
1980
1885
1859
1973
2103
2205
2290
2318
2285
2270
1874
1915
1943
2003
2109
2209
2308
2416
2473
2522
2500
2443
2331
2211
2123
2005
1924
1876
1872
1914
1971
2078
2197
2310
2416
2467
2486
2474
2332
2181
2009
1808
1648
1499
1448
1443
1504
1608
1780
1997
2224
2429
2611
2764
2813
2787
2708
2603
2428
2234
2015
1895
1796
1760
1789
1866
1979
2109
2238
2336
2422
2442
2409
2306
2192
2042
1871
1741
1608
1550
1570
1642
1773
1932
2104
2249
2360
2459
2461
2396
2286
2091
1881
1688
1517
1404
1347
1370
1469
1630
1866
2107
2340
2570
2731
2855
2880
2831
2698
2514
2321
2083
1914
1751
1654
1662
1708
1806
1948
2132
2273
2393
2482
2488
2472
2368
2211
2038
1840
1727
1627
1592
1645
1752
1869
2006
2170
2296
1956
1755
1582
1504
1551
1648
1768
1876
1967
2042
2115
2200
2241
2216
2152
2089
2089
2153
2251
2311
2302
2240
2189
2174
2170
2143
2095
2021
2044
2169
2378
2522
2550
2490
2394
2362
2390
2431
2416
2336
2273
2245
2273
2220
2056
1818
1662
1669
1827
2009
2110
2107
2122
2214
2411
2610
2664
2540
2348
2242
2224
2254
2232
2120
1962
1878
1879
1889
1860
1776
1730
1765
1880
1988
2028
2028
2024
2061
2094
2122
2105
2111
2141
2203
2247
2249
2253
2264
2251
2158
1968
1724
1588
1528
1574
1603
1627
1618
1657
1785
1949
2122
2216
2277
2332
2403
2501
2556
2548
2474
2353
2268
2169
2032
1892
1720
1588
1540
1577
1634
1659
1707
1790
1955
2170
2347
2434
2402
2620
2634
2545
2396
2207
2021
1831
1720
1695
1766
1911
2088
2293
2471
2594
2643
2630
2601
2542
2473
2362
2236
2111
2031
1940
1915
1912
1979
2061
2085
2118
2093
2013
1946
1828
1716
1627
1555
1508
1529
1617
1804
2024
2282
2526
2728
2852
2887
2842
2727
2554
2372
2180
1982
1819
1689
1605
1568
1588
1671
1790
1939
2085
2226
2306
2292
2221
2137
2017
1893
1815
1773
1774
1794
1847
1919
2012
2088
2176
2234
2265
2273
2198
2085
1939
1816
1756
1749
1807
1940
2077
2230
2360
2453
2522
2556
2570
2552
2493
2402
2320
2238
2161
2103
2074
2034
2029
2001
1988
1976
1978
2029
2070
2119
2170
2211
2230
2216
2184
2102
2005
1926
1852
1788
1763
1754
1772
1810
2218
1990
1816
1667
1511
1394
1390
1536
1787
2062
2286
2452
2591
2719
2789
2788
2690
2530
2292
2016
1791
1680
1666
1662
1571
1462
1422
1520
1705
1854
1928
2012
2232
2512
2694
2666
2486
2305
2218
2176
2078
1903
1714
1611
1602
1615
1657
1733
1844
1970
2080
2179
2279
2392
2448
2395
2283
2192
2190
2253
2330
2364
2371
2372
2366
2346
2348
2359
2334
2211
2040
1881
1846
1945
2074
2103
2033
1952
1948
2001
2031
2015
1987
2008
2090
2183
2219
2213
2181
2177
2188
2185
2121
2032
1938
1848
1786
1761
1773
1804
1832
1824
1800
1802
1877
1991
2118
2203
2242
2299
2371
2403
2384
2289
2118
1931
1800
1789
1845
1909
1914
1891
1908
2000
2164
2323
2419
2454
1911
1889
1839
1814
1856
1997
2206
2462
2681
2808
2822
2728
2546
2343
2133
1969
1878
1847
1898
1974
2067
2116
2122
2096
2040
1949
1821
1676
1516
1380
1316
1347
1486
1702
1967
2246
2498
2672
2760
2762
2689
2563
2419
2271
2143
2032
1960
1913
1920
1973
2047
2135
2209
2236
2234
2203
2172
2152
2167
2209
2282
2350
2407
2437
2401
2327
2224
2115
2036
1994
2022
2101
2211
2328
2413
2467
2435
2330
2169
1950
1709
1476
1293
1207
1218
1356
1573
1868
2197
2511
2779
2936
2963
2847
2626
2368
2138
1980
1931
1972
2072
2179
2258
2295
2288
2281
2295
2330
2387
2465
2526
2562
2560
2514
2418
2290
2142
1977
1795
1598
1354
1120
914
800
838
1044
1384
1830
1984
2242
2503
2758
2957
3012
2872
2630
2444
2395
2395
2322
2114
1827
1612
1519
1518
1560
1636
1750
1984
2302
2568
2716
2718
2627
2491
2359
2218
2064
1870
1690
1557
1511
1555
1658
1787
1912
2012
2096
2158
2205
2282
2403
2572
2684
2682
2528
2256
1977
1756
1600
1534
1528
1631
1832
2096
2288
2360
2352
2306
2346
2469
2631
2715
2654
2485
2301
2167
2102
2011
1858
1698
1595
1668
1908
2162
2354
2373
2308
2259
2315
2438
2537
2514
2382
2155
1893
1672
1503
1439
1418
1448
1501
1568
1667
1796
1988
2146
2285
2361
2359
2313
2295
2345
2445
2551
2602
2576
2486
2373
2305
2294
2340
2392
2406
2375
2317
2253
2190
2145
2096
2022
1944
1884
1851
1874
1933
2126
2420
2625
2780
2882
2999
3111
3204
3234
3169
2982
2696
2334
1983
1636
1331
1150
994
908
883
929
1037
1275
1627
2098
2612
3089
3446
3638
3638
3463
3108
2652
2189
1768
1507
1443
1579
1860
2223
2569
2852
3014
3071
3044
2907
2746
2500
2225
1905
1582
1244
971
784
733
775
932
1167
1468
1824
2216
2628
3030
3376
3622
3716
3640
3389
3004
2486
1925
1399
985
766
748
915
1160
1422
1620
1756
1855
1954
2142
2429
2802
3194
3520
3732
3740
3560
3195
2714
2166
1675
1251
927
667
516
531
704
1067
1559
2082
2523
2820
2916
2822
2599
2317
2068
1920
1842
1814
1822
1858
1910
1978
2029
2033
1930
1800
1717
1762
1992
2390
2791
3070
3109
2548
1872
1171
509
0
0
0
2
2
404
1091
1874
2682
3407
3996
4095
4095
4095
3525
2691
1743
823
98
3
3
182
912
1816
2743
3550
4095
4095
4095
4095
4095
4095
3920
3509
3080
2664
2244
1930
1717
1699
1814
2036
2306
2555
2720
2770
2673
2437
2102
1671
1225
834
501
275
185
234
396
654
965
1317
1679
2028
2346
2629
2863
3021
3111
3071
2929
2693
2426
2123
1845
1659
1538
1553
1678
1913
2218
2561
2847
3065
3156
3085
2909
2636
2304
2011
1766
1566
1444
1405
1447
1545
1696
1883
2036
2150
2196
2127
1983
1795
1614
1476
1451
1577
1812
2152
2612
3080
3496
3796
3917
3796
3436
2871
2141
1339
547
3
2
1
1
1
795
1062
1410
1812
2270
2764
3232
3660
4000
4095
4095
4095
4095
4095
4095
4095
4095
4090
3367
2316
1035
3
1
4
4
5
3
3
2
2
908
2556
4014
4095
4095
4095
4095
4095
4095
4095
4095
4095
4095
4095
4095
3266
2215
1110
3
3
1
2
4
3
3
3
4
1
4
731
2381
3843
4095
4095
4095
4095
4095
4095
4095
4095
4095
4095
4095
4095
3708
2990
2148
1368
563
4
1
2
2
2
3
4
4
2
2
2
512
1605
2588
3358
3894
4095
4095
4095
4095
4095
4095
4095
4095
4095
4095
3898
3578
3143
2630
2020
1345
572
3
3
2
2
2
3
1
3
3
3
427
1547
2590
3442
4081
4095
3810
4003
4095
4082
3963
3722
3400
2979
2494
1985
1466
1031
707
499
449
564
766
1060
1378
1678
1991
2240
2446
2600
2710
2776
2766
2738
2652
2537
2384
2210
2062
1924
1831
1758
1778
1822
1928
2060
2214
2334
2440
2537
2608
2639
2666
2651
2607
2546
2463
2324
2192
2030
1883
1771
1703
1671
1688
1759
1865
1968
2091
2225
2331
2416
2496
2535
2570
2558
2498
2374
2177
1912
1645
1372
1126
948
855
858
971
1169
1438
1748
2048
2328
2604
2763
2881
2943
2931
2876
2752
2590
2390
2132
1880
1619
1424
1286
1275
1385
1589
1846
2132
2400
2571
2623
2563
2430
2184
1984
1752
1537
1357
1237
1153
1107
1145
1296
1535
1858
2231
2642
3045
3416
3687
3870
