2087
2073
2074
2089
2096
2076
2070
2071
2076
2071
2074
2070
2088
2087
2086
2077
2101
2091
2090
2073
2077
2087
2082
2088
2093
2106
2097
2081
2090
2088
2087
2100
2100
2098
2091
2089
2092
2088
2088
2091
2094
2094
2092
2100
2113
2105
2097
2096
2094
2087
2086
2090
2112
2097
2093
2095
2095
2096
2090
2081
2083
2088
2094
2102
2099
2097
2097
2107
2113
2124
2112
2108
2094
2094
2117
2123
2098
2104
2086
2106
2097
2108
2113
2094
2092
2094
2103
2088
2080
2077
2087
2100
2120
2122
2101
2109
2130
2097
2092
2114
2105
2094
2098
2099
2101
2112
2083
2103
2109
2098
2111
2108
2107
2104
2109
2124
2108
2095
2100
2092
2090
2109
2117
2117
2094
2105
2116
2098
2088
2088
2087
2102
2098
2092
2089
2088
2092
2096
2110
2083
2108
2096
2106
2087
2097
2085
2065
2097
2100
2095
2087
2078
2085
2092
2094
2096
2070
2091
2090
2101
2073
2105
2080
2079
2086
2091
2096
2081
2093
2074
2096
2101
2101
2083
2075
2082
2074
2100
2096
2081
2081
2084
2098
2082
2071
2073
2094
2090
2086
2080
2081
2088
2092
2090
2066
2093
2116
2121
2108
2097
2093
2100
2109
2080
2089
2098
2077
2096
2094
2091
2076
2093
2086
2104
2090
2102
2102
2092
2090
2074
2108
2088
2112
2097
2086
2101
2081
2081
2098
2099
2105
2097
2078
2076
2082
2089
2094
2102
2104
2085
2079
2114
2100
2100
2095
2080
2084
2101
2097
2104
2096
2096
2093
2091
2090
2115
2063
2047
2072
2081
2059
2083
2086
2085
2074
2095
2088
2076
2081
2090
2083
2064
2084
2097
2075
2057
2046
2038
2056
2042
2004
2020
2023
2035
2011
1997
2006
2003
2010
2008
2018
1998
2010
2032
1999
2019
2027
2055
2023
2050
2064
2064
2085
2083
2106
2126
2132
2136
2136
2164
2172
2180
2178
2198
2210
2201
2200
2216
2215
2208
2228
2216
2215
2223
2217
2197
2177
2169
2176
2167
2160
2143
2134
2113
2103
2072
2065
2054
2025
2058
2056
2038
2010
2014
2010
2007
1999
2002
2010
2012
1999
1994
1996
1982
1982
1992
1998
1994
1988
1999
2020
2012
2011
2014
2028
2032
2058
2048
2050
2060
2067
2057
2087
2066
2074
2103
2102
2116
2103
2120
2111
2120
2127
2112
2198
2181
2186
2170
2178
2193
2180
2170
2189
2154
2160
2147
2119
2120
2098
2067
2030
2007
1993
1975
1984
1987
1993
2019
2049
2092
2138
2155
2144
2165
2173
2141
2145
2138
2133
2126
2133
2148
2144
2171
2157
2181
2185
2172
2166
2125
2116
2102
2057
2028
2046
2016
2039
2047
2022
2061
2038
2041
2032
2053
2087
2099
2135
2148
2164
2194
2221
2233
2237
2240
2218
2185
2140
2097
2053
2037
2014
2038
2047
2053
2046
2088
2104
2076
2113
2124
2170
2142
2186
2168
2194
2236
2231
2241
2213
2183
2119
2021
1975
1924
1880
1827
1856
1868
1966
2031
2128
2216
2264
2323
2315
2277
2228
2182
2119
2033
2017
2006
1990
1967
1973
1957
1957
2000
2032
2043
2042
2087
2137
2040
2011
2001
2000
2071
2111
2157
2169
2199
2194
2266
2280
2224
2178
2141
2090
1985
1945
1957
1940
1953
1995
2001
2054
2051
2076
2135
2204
2222
2247
2293
2268
2245
2285
2240
2187
2079
2033
2056
2095
2071
2057
2004
1975
1958
1977
2024
2084
2079
2055
2026
2066
2019
2011
2023
2090
2145
2161
2189
2173
2208
2232
2235
2175
2121
2110
2112
2070
2008
1957
1928
1864
1898
1965
2048
2124
2150
2112
2142
2130
2101
2082
2019
1990
1990
1990
1999
2060
2113
2195
2233
2290
2321
2354
2382
2354
2259
2131
2005
1874
1873
1872
1904
1927
1928
2051
2223
2307
2295
2266
2247
2209
2181
2113
2036
1974
1946
1908
1904
1930
1959
2003
2075
2078
2136
2189
2299
2146
2142
2171
2218
2210
2122
1988
1851
1803
1839
1934
2086
2256
2355
2416
2412
2322
2233
2139
2030
1941
1886
1873
1871
1896
1953
2010
2089
2159
2229
2249
2215
2153
2048
1982
1970
2024
2104
2167
2188
2225
2209
2124
2077
2052
2003
1993
1928
1919
1911
1942
2015
2106
2184
2192
2165
2076
2003
1932
1882
1885
1897
1922
1937
2017
2090
2221
2274
2274
2210
2088
1961
1862
1882
1978
2110
2202
2281
2337
2333
2319
2293
2255
2200
2174
2145
2155
2160
2166
2184
2198
2200
2138
2036
1958
1918
1934
2012
2062
2088
2062
2000
1995
2035
2156
2256
2262
2200
2090
2006
2033
2124
2220
2264
2211
2092
1994
1979
2018
2113
2189
2201
2191
2132
2092
2049
2066
2073
2120
2094
2063
1952
1844
1811
1868
2018
2151
2188
2145
2023
1937
1912
1962
2059
2231
2364
2436
2422
2365
2269
2068
1906
1801
1766
1807
1875
1990
2154
2354
2517
2567
2422
2209
2019
1926
1854
1768
1822
2026
2248
2347
2248
2064
1886
1784
1787
1849
1907
1984
2111
2249
2317
2293
2184
2024
1899
1785
1723
1770
1927
2134
2352
2476
2459
2307
2132
1986
1902
1827
1790
1795
1878
2035
2208
2326
2401
2412
2326
2127
1982
1890
1911
1997
2106
2232
2290
2250
2134
2016
1981
2020
2092
2158
2195
2240
2276
2299
2262
2174
2019
1879
1784
1840
2038
2253
2389
2418
2336
2202
2062
1926
1841
1840
1876
1962
2032
2138
2227
2345
2399
2333
2193
2087
1997
2015
2123
2267
2339
2412
2446
2421
2342
2182
2025
1916
1831
1771
1816
1902
1972
2042
2193
2336
2249
2063
1960
1989
2046
2098
2170
2203
2107
1988
1912
1882
1948
1990
2014
2034
2069
2164
2264
2230
2108
2078
2114
2086
2023
2065
2220
2352
2308
2280
2308
2308
2169
2056
2096
2215
2201
2129
2155
2231
2206
2088
2099
2155
2214
2296
2345
2245
2115
2035
1966
1924
1950
2022
1983
1930
1937
1982
2004
1988
1961
1854
1797
1900
2137
2360
2441
2385
2291
2246
2264
2170
1958
1848
1881
1847
1708
1789
2157
2382
2315
2137
2052
2018
2012
2094
2156
2156
2085
2056
2077
2097
2133
2205
2194
2104
1966
1912
1910
1924
2008
2085
2095
2088
2217
2410
2460
2384
2321
2261
2023
2097
2022
1942
1877
1893
1954
2055
2120
2171
2168
2112
2012
1930
1878
1921
1982
2116
2209
2226
2198
2136
2077
2030
2032
2094
2162
2273
2314
2273
2163
2035
1953
1921
1937
1958
1980
1952
1948
1962
2020
2088
2192
2282
2318
2289
2195
2081
1955
1885
1921
2045
2227
2419
2518
2490
2312
2120
1902
1788
1807
1891
2044
2183
2214
2176
2092
2021
1977
1995
2005
2018
1975
1937
1911
1886
1880
1902
1966
2075
2181
2254
2268
2217
2150
2098
2098
2121
2176
2223
2230
2256
2263
2241
2207
2139
2081
2005
1928
1870
1856
1903
1951
1991
2085
2174
2284
2326
2261
2142
2023
1932
1871
1882
1968
2082
2208
2280
2263
2175
2028
1920
1875
1932
2019
2124
2197
2233
2287
1998
2219
2402
2435
2369
2239
2043
1883
1847
1900
1930
1995
2086
2186
2284
2400
2446
2334
2202
2109
2062
1977
1933
1936
1990
2155
2373
2482
2439
2323
2239
2079
1918
1881
1981
2127
2224
2176
2110
2122
2088
1954
1907
1930
1936
1816
1788
1889
2051
2114
2101
2098
1971
1874
1855
1833
1822
1877
1987
2116
2197
2239
2152
2033
1964
1908
1801
1754
1816
1931
2109
2290
2458
2458
2364
2312
2287
2167
1988
1880
1898
1907
1858
1865
1919
1982
2022
2119
2180
2222
2311
2406
2423
2373
2385
2371
2251
2161
2081
2013
1896
1810
1799
1867
1964
2082
2208
2320
2341
2299
2212
2192
2162
2024
1843
1749
1809
1942
2045
2149
2303
2439
2434
2348
2352
2377
2329
2221
1874
1636
1440
1358
1494
1804
2190
2520
2688
2724
2607
2416
2158
1930
1767
1700
1728
1825
1939
2091
2217
2256
2214
2070
1951
1872
1884
2008
2211
2434
2598
2641
2544
2349
2129
1969
1870
1832
1852
1883
1934
2036
2174
2287
2340
2330
2215
2043
1885
1834
1931
2054
2227
2352
2408
2351
2211
2022
1828
1710
1642
1637
1720
1857
1973
2070
2050
2014
1950
1993
2149
2334
2436
2400
2228
2042
1995
2112
2292
2410
2444
2400
2330
2223
2091
1905
1747
1683
1710
1900
2110
2304
2388
2350
2264
2170
2140
2158
2185
2155
2081
2026
1979
2037
2153
2287
2353
2292
2142
1955
1817
1800
1930
2074
2161
2202
2199
2294
2326
2274
2106
1915
1807
1827
1896
1887
1905
2063
1738
1780
1928
2076
2164
2174
2174
2200
2270
2349
2365
2277
2205
2237
2345
2479
2478
2359
2164
1986
1810
1795
1784
1760
1808
1970
2239
2531
2711
2641
2282
1794
1362
1175
1303
1726
2246
2626
2732
2554
2192
1820
1571
1435
1401
1366
1406
1611
2016
2519
2912
2974
2655
2065
1437
1028
984
1253
1712
2140
2439
2517
2454
2308
2210
2117
2113
2204
2337
2418
2455
2398
2232
1991
1780
1619
1557
1644
1776
1941
2147
2351
2591
2821
2974
2966
2770
2385
1872
1373
1053
1070
1424
1969
2584
3029
3184
3029
2625
2132
1739
1558
1539
1648
1720
1842
2029
2287
2535
2668
2580
2292
1936
1621
1440
1456
1650
1953
2319
2653
2816
2776
2553
2278
1983
1757
1596
1519
2795
3114
3308
3292
2970
2328
1551
860
452
446
798
1373
1935
2392
2584
2482
2189
2057
2240
2685
3110
3229
2950
2443
1909
1469
1166
1001
985
1198
1769
2559
3248
3575
3498
3152
2793
2537
2297
1994
1730
1662
1764
1752
1518
1069
732
670
1081
1827
2588
3093
3275
3119
2720
2127
1461
943
777
1083
1730
2423
2874
2897
2690
2437
2285
2322
2522
2806
3072
3066
2699
2076
1381
828
550
626
974
1567
2296
2956
3335
3252
2822
2317
2077
2189
2507
2656
2570
2275
1936
1616
1315
1023
914
1141
1788
2631
3268
3338
2967
2358
1810
1601
1709
1961
2274
2565
2718
2613
2194
1619
1072
855
1233
2058
2994
3557
3537
2994
2254
1596
1275
1264
1451
1736
3978
2857
1423
23
0
0
0
21
1271
2888
4095
4095
4095
4095
4095
2888
1269
2
0
2
0
255
1606
3024
4095
4095
4095
4095
3234
2105
1045
323
107
437
1155
2043
2888
3486
3697
3473
2889
2153
1493
1081
1028
1333
1852
2453
2964
3266
3237
2834
2189
1522
1016
922
1215
1844
2601
3331
3702
3763
3429
2669
1661
547
0
1
1
611
1815
2999
3910
4095
4095
3923
3006
1736
482
0
1
1
715
1982
3066
3750
3957
3692
3065
2251
1454
811
557
752
1306
2110
2888
3412
3490
3176
2496
1610
916
595
744
1304
2133
3035
3725
4034
3875
3286
2432
1521
741
325
335
833
1593
2552
3375
3844
3830
3273
2412
1426
680
272
8
1
11
535
1310
2071
2528
2719
2634
2510
2479
2717
3163
3682
4095
4095
4095
4095
4045
3799
3592
3352
3019
2584
2108
1644
1287
1067
918
855
714
448
61
0
1
1
1
1
117
604
1132
1632
2113
2618
3174
3744
4095
4095
4095
4095
4095
4095
4095
4095
4095
4095
3604
2844
2031
1187
420
0
0
1
0
0
0
0
2
0
0
1
0
747
1914
3123
4095
4095
4095
4095
4095
4095
4095
4095
4095
4095
4095
4095
4095
4095
3652
2558
1428
264
1
0
2
1
0
1
1
0
1
2
2
77
1007
1891
2734
3465
4095
4095
4095
4095
4095
4095
4095
4095
4095
4095
4095
3383
2540
1702
865
113
0
0
