2072
2081
2083
2085
2077
2088
2073
2089
2087
2090
2099
2089
2105
2086
2094
2101
2097
2094
2080
2080
2070
2094
2092
2102
2090
2083
2083
2088
2095
2092
2089
2082
2113
2096
2096
2100
2095
2107
2084
2078
2092
2080
2092
2103
2096
2081
2079
2083
2092
2086
2081
2077
2084
2085
2063
2102
2113
2105
2103
2088
2077
2094
2106
2106
2097
2104
2105
2103
2080
2095
2109
2090
2077
2073
2094
2092
2093
2101
2092
2079
2098
2077
2085
2099
2101
2094
2089
2073
2065
2080
2074
2091
2100
2087
2093
2099
2109
2093
2101
2098
2082
2079
2077
2093
2084
2089
2094
2106
2080
2096
2092
2074
2075
2073
2088
2084
2109
2101
2082
2095
2089
2084
2081
2082
2075
2114
2108
2095
2092
2088
2081
2086
2093
2109
2110
2101
2086
2082
2099
2086
2095
2115
2088
2092
2090
2107
2101
2092
2088
2075
2094
2093
2102
2096
2094
2105
2101
2097
2089
2086
2075
2089
2096
2097
2074
2100
2095
2092
2103
2078
2085
2095
2098
2107
2117
2099
2083
2084
2079
2088
2087
2093
2088
2116
2089
2093
2093
2091
2067
2085
2083
2107
2094
2101
2099
2116
2095
2100
2091
2093
2088
2100
2095
2098
2072
2080
2108
2102
2096
2108
2089
2091
2097
2106
2102
2094
2103
2090
2099
2080
2083
2086
2093
2089
2066
2063
2096
2088
2070
2076
2073
2103
2076
2074
2097
2074
2100
2112
2102
2093
2108
2105
2104
2091
2092
2096
2105
2080
2093
2091
2089
2089
2092
2086
2111
2088
2157
2148
2145
2151
2158
2148
2152
2120
2138
2145
2141
2137
2127
2126
2118
2117
2140
2136
2134
2139
2136
2131
2114
2119
2119
2111
2102
2102
2091
2096
2086
2107
2095
2080
2086
2101
2100
2090
2083
2066
2064
2073
2066
2078
2070
2048
2032
2053
2057
2056
2074
2081
2052
2049
2048
2064
2057
2065
2068
2080
2087
2095
2093
2098
2096
2090
2101
2095
2095
2120
2114
2132
2103
2115
2121
2121
2132
2132
2116
2133
2146
2155
2157
2151
2152
2144
2152
2170
2172
2162
2160
2145
2157
2160
2168
2174
2175
2175
2178
2181
2160
2158
2159
2151
2142
2171
2182
2159
2167
2154
2145
2161
2154
2123
2132
2132
2132
2133
2114
2111
2110
2096
2082
2072
2075
2086
2081
2073
2295
2290
2289
2249
2207
2171
2138
2103
2072
2034
1988
1958
1943
1917
1868
1867
1864
1875
1867
1864
1883
1884
1932
1953
1976
2002
2040
2053
2094
2092
2109
2129
2119
2128
2131
2147
2144
2135
2143
2161
2168
2156
2168
2176
2198
2205
2200
2204
2201
2194
2165
2162
2134
2142
2128
2107
2099
2104
2114
2107
2104
2106
2127
2126
2130
2096
2085
2061
2015
1973
1958
1913
1873
1832
1830
1825
1816
1852
1889
1908
1946
1974
2023
2044
2087
2095
2084
2101
2091
2104
2108
2100
2120
2140
2158
2165
2179
2219
2258
2284
2322
2351
2346
2345
2329
2332
2289
2267
2236
2213
2202
2187
2183
2176
2208
2229
2243
2239
2267
2295
2313
2276
2296
2285
2254
2221
2181
2122
1970
2000
2060
2092
2120
2165
2207
2233
2236
2279
2276
2278
2287
2263
2245
2216
2177
2148
2095
2024
1980
1917
1859
1828
1790
1772
1776
1777
1816
1846
1906
1961
2031
2114
2175
2250
2295
2351
2370
2430
2462
2468
2487
2477
2446
2407
2374
2331
2280
2200
2127
2100
2052
1943
1893
1855
1786
1755
1751
1745
1761
1788
1846
1892
1942
2026
2081
2150
2203
2256
2339
2368
2416
2442
2427
2415
2388
2351
2292
2248
2156
2079
2004
1943
1870
1819
1752
1716
1696
1721
1737
1755
1805
1853
1926
1995
2049
2133
2193
2268
2333
2391
2422
2449
2478
2461
2464
2403
2383
2293
2238
2176
2083
1988
1931
1898
1850
1816
1773
1775
1793
1834
1867
1927
1966
2024
2072
2130
2536
2475
2424
2374
2310
2253
2221
2193
2168
2135
2128
2101
2066
2017
1954
1886
1818
1775
1757
1760
1829
1928
2046
2152
2229
2283
2289
2261
2214
2155
2090
2047
2013
2012
2003
2039
2065
2086
2072
2086
2069
2069
2037
2028
2050
2075
2120
2185
2241
2291
2334
2338
2307
2251
2173
2104
2051
1983
1922
1880
1836
1780
1756
1747
1733
1740
1791
1841
1854
1919
1937
1977
2011
2057
2058
2064
2080
2115
2135
2169
2217
2278
2300
2323
2345
2332
2294
2233
2151
2081
1978
1928
1878
1914
1915
1930
1964
1988
1984
1967
1959
1936
1954
1952
2005
2031
2047
2051
2033
2032
2019
2020
2043
2096
2180
2253
2318
2373
2366
2338
2246
2147
2027
1911
1837
1821
1864
1978
1596
1619
1704
1845
1999
2102
2181
2208
2281
2318
2332
2377
2408
2376
2370
2344
2310
2267
2233
2176
2094
2017
1940
1896
1877
1888
1897
1917
1982
2040
2087
2104
2114
2092
2102
2117
2175
2242
2288
2316
2271
2264
2241
2202
2154
2150
2153
2144
2131
2111
2073
2044
2020
2013
1993
1959
1910
1867
1800
1744
1715
1720
1788
1879
2032
2162
2251
2338
2408
2488
2582
2635
2654
2627
2586
2547
2481
2436
2376
2274
2166
2006
1885
1789
1724
1681
1708
1736
1725
1751
1823
1905
2057
2149
2241
2325
2382
2377
2402
2394
2379
2344
2294
2190
2076
1930
1828
1765
1757
1775
1816
1884
1952
2029
2078
2136
2207
2293
2380
2415
2411
2405
2337
2249
2151
2034
1907
1807
2637
2712
2744
2692
2606
2482
2339
2182
2024
1893
1748
1623
1546
1485
1488
1528
1629
1776
1952
2158
2341
2461
2554
2576
2527
2437
2319
2173
2025
1882
1827
1838
1904
2031
2171
2332
2467
2566
2566
2533
2424
2283
2155
1992
1832
1730
1677
1654
1693
1800
1937
2065
2207
2343
2420
2416
2386
2286
2140
1983
1819
1708
1620
1610
1646
1754
1891
2080
2282
2436
2570
2639
2659
2594
2456
2320
2152
1973
1838
1771
1775
1831
1924
2050
2146
2203
2245
2234
2197
2109
2014
1908
1810
1731
1703
1689
1728
1838
2005
2203
2393
2573
2700
2778
2789
2717
2616
2443
2237
2024
1841
1703
1623
1614
1665
1777
1915
2060
2202
2288
2321
2364
2332
2304
2268
2230
2222
2225
1921
1909
1878
1879
1860
1923
2003
2136
2272
2388
2394
2319
2222
2150
2148
2204
2230
2158
2010
1872
1762
1767
1839
1916
1945
1933
1868
1866
1960
2141
2339
2479
2528
2531
2480
2449
2470
2463
2432
2338
2182
2005
1833
1645
1515
1452
1467
1546
1646
1762
1838
1907
1987
2136
2314
2526
2632
2662
2581
2502
2469
2491
2522
2499
2377
2196
1947
1737
1587
1512
1517
1545
1601
1693
1769
1892
1981
2066
2128
2198
2240
2291
2342
2349
2295
2228
2128
2080
2083
2136
2107
2042
1948
1850
1768
1704
1683
1679
1712
1806
1914
2036
2174
2278
2376
2453
2521
2561
2585
2634
2629
2596
2506
2358
2209
2063
1902
1750
1625
1557
1573
1651
1749
1844
1889
1940
1950
2013
2285
2468
2600
2732
2819
2880
2862
2795
2650
2522
2312
2099
1873
1677
1489
1346
1260
1276
1356
1525
1709
1949
2170
2382
2574
2694
2761
2752
2724
2656
2514
2381
2203
2041
1888
1740
1613
1535
1493
1498
1543
1631
1749
1904
2113
2305
2478
2624
2758
2848
2832
2777
2653
2479
2231
2001
1768
1594
1475
1407
1449
1597
1815
2051
2287
2538
2715
2824
2848
2818
2706
2563
2390
2193
2038
1921
1805
1761
1757
1813
1894
2024
2139
2268
2389
2488
2529
2495
2391
2238
2033
1817
1608
1438
1329
1252
1286
1415
1554
1770
1982
2228
2426
2585
2709
2786
2775
2726
2619
2461
2269
2011
1785
1613
1448
1395
1409
1508
1636
1791
1951
2080
2205
2302
2366
2352
2320
2268
2053
2383
2690
2935
3126
3210
3212
3092
2885
2659
2451
2252
2019
1733
1413
1120
952
973
1128
1312
1454
1557
1626
1761
1996
2301
2595
2815
2909
2877
2736
2560
2429
2356
2279
2203
2072
1842
1596
1376
1323
1372
1480
1605
1711
1780
1919
2103
2339
2588
2736
2763
2705
2603
2503
2397
2282
2156
1993
1821
1599
1397
1233
1162
1194
1339
1521
1669
1767
1809
1860
2056
2313
2575
2714
2736
2655
2604
2607
2644
2640
2523
2294
2040
1838
1752
1742
1757
1771
1798
1894
2023
2152
2223
2200
2126
2020
1969
1960
1914
1852
1808
1820
1858
1984
2090
2176
2224
2302
2409
2599
2781
2884
2900
2762
2649
2482
2323
2164
1948
1746
1541
1389
1290
1280
1360
1471
1598
2039
1572
1182
874
713
717
904
1225
1667
2153
2621
3041
3378
3594
3657
3581
3351
2976
2504
1964
1412
913
545
384
431
639
1006
1462
1933
2395
2783
3083
3256
3324
3235
3052
2792
2469
2136
1809
1564
1427
1421
1557
1758
2001
2239
2455
2597
2649
2672
2646
2567
2431
2287
2148
2025
1947
1902
1913
1979
2099
2216
2313
2342
2331
2221
2055
1862
1640
1429
1315
1299
1365
1548
1807
2159
2507
2848
3128
3276
3302
3145
2815
2428
1909
1412
917
547
354
336
512
916
1458
2151
2810
3444
3905
4095
4095
4000
3571
2950
2158
1350
552
0
1
0
1
1
463
1359
2314
3217
3976
4095
4095
4095
4095
3912
3216
2458
1676
979
451
129
54
277
104
94
278
600
1084
1609
2108
2492
2664
2755
2757
2710
2720
2736
2804
2823
2761
2645
2486
2417
2414
2512
2658
2750
2708
2494
2107
1690
1285
1016
931
984
1136
1274
1409
1533
1704
1971
2312
2710
3068
3289
3318
3129
2767
2330
1907
1617
1475
1476
1605
1807
2028
2210
2362
2440
2477
2380
2200
1969
1741
1576
1482
1522
1667
1933
2228
2520
2751
2978
3086
3099
3024
2822
2517
2170
1757
1352
971
721
595
623
818
1133
1563
2051
2502
2929
3259
3477
3540
3464
3307
3065
2797
2522
2290
2080
1901
1744
1559
1387
1186
1037
933
911
936
1062
1176
1296
1438
1566
1798
2133
2588
3135
3658
4095
4095
4095
4095
4003
3645
3249
2777
2212
1603
1585
1317
1098
935
822
768
736
772
861
985
1160
1371
1620
1854
2156
2449
2700
2968
3135
3266
3334
3324
3226
3043
2817
2589
2305
2067
1829
1624
1477
1344
1268
1277
1282
1337
1409
1547
1671
1806
1930
2100
2225
2370
2529
2656
2737
2824
2839
2802
2731
2621
2472
2315
2153
1999
1852
1731
1671
1656
1667
1714
1772
1854
1946
2018
2119
2168
2194
2210
2208
2194
2128
2078
2045
2003
1960
1918
1892
1902
1896
1843
1790
1767
1741
1725
1716
1750
1806
1913
2001
2155
2328
2510
2668
2834
2985
3080
3132
3134
3066
2921
2719
2465
2160
1878
1579
1326
1137
964
863
844
868
945
1053
1212
1416
1682
1901
2115
2380
2642
2895
3102
3309
3481
3616
3682
4095
4095
4095
4095
4095
4095
4095
4095
3966
3320
2591
1864
1146
502
0
1
2
1
1
1
0
146
712
1367
1988
2593
3126
3595
3988
4095
4095
4095
4095
4052
3711
3266
2776
2242
1709
1208
771
433
240
152
152
189
289
433
589
792
1049
1335
1669
2033
2415
2831
3216
3561
3824
3996
4077
4093
4040
3915
3734
3508
3199
2857
2500
2134
1721
1308
970
672
440
286
215
189
228
347
617
973
1446
1942
2485
2990
3449
3843
4064
4095
4037
3829
3552
3286
2980
2718
2442
2180
1928
1664
1385
1063
734
452
297
281
416
676
1013
1378
1702
1961
2175
2345
2516
2715
2956
3148
3382
3527
3568
3534
3344
3081
2762
2480
2274
2133
