2073
2090
2070
2071
2091
2099
2081
2087
2078
2079
2075
2093
2096
2068
2090
2066
2112
2095
2076
2092
2094
2098
2096
2110
2096
2079
2088
2099
2100
2115
2107
2096
2089
2083
2102
2076
2096
2103
2096
2089
2097
2114
2101
2096
2085
2092
2092
2077
2100
2102
2088
2101
2100
2082
2092
2108
2092
2083
2075
2092
2099
2093
2090
2104
2121
2106
2076
2090
2112
2100
2088
2090
2072
2094
2091
2105
2092
2087
2081
2084
2093
2099
2092
2084
2107
2085
2086
2079
2092
2083
2106
2106
2088
2097
2100
2120
2096
2094
2096
2100
2096
2087
2096
2102
2100
2098
2096
2089
2088
2090
2118
2096
2079
2076
2076
2091
2107
2112
2118
2132
2102
2101
2098
2089
2106
2122
2108
2102
2085
2091
2085
2083
2091
2090
2088
2082
2086
2088
2084
2078
2084
2083
2086
2086
2087
2091
2092
2095
2098
2088
2085
2081
2092
2088
2087
2095
2096
2097
2091
2087
2091
2090
2086
2089
2091
2096
2094
2097
2094
2093
2094
2107
2101
2099
2099
2090
2098
2093
2098
2095
2096
2091
2092
2095
2095
2093
2093
2091
2098
2087
2093
2097
2098
2096
2099
2097
2088
2095
2090
2087
2102
2092
2094
2093
2096
2097
2102
2097
2096
2098
2104
2103
2091
2096
2094
2096
2096
2091
2094
2091
2091
2098
2095
2097
2099
2090
2093
2092
2098
2105
2099
2096
2101
2102
2100
2088
2099
2100
2102
2101
2106
2101
2096
2100
2099
2099
2103
2096
2096
2093
2096
2104
2105
2100
2103
2104
2047
2048
2048
2048
2037
2047
2046
2052
2054
2058
2045
2040
2044
2048
2036
2041
2036
2041
2046
2037
2034
2042
2036
2046
2030
2031
2036
2045
2034
2044
2031
2038
2033
2028
2032
2043
2040
2032
2038
2040
2049
2040
2050
2050
2032
2042
2032
2046
2048
2059
2053
2053
2057
2043
2048
2060
2058
2066
2071
2064
2062
2069
2067
2066
2068
2074
2071
2078
2089
2081
2072
2079
2097
2088
2090
2089
2098
2093
2098
2094
2094
2094
2114
2112
2115
2116
2110
2112
2107
2097
2111
2099
2105
2104
2117
2104
2118
2107
2134
2107
2112
2115
2108
2107
2096
2118
2099
2118
2117
2112
2124
2119
2129
2130
2119
2129
2118
2123
2119
2118
2128
2122
2119
2131
2127
2126
2124
2116
2043
2019
1984
1956
1927
1908
1887
1868
1861
1838
1859
1862
1879
1888
1926
1967
2012
2067
2118
2162
2202
2250
2284
2314
2342
2370
2376
2384
2388
2399
2383
2381
2372
2356
2328
2300
2272
2232
2200
2169
2134
2099
2065
2039
2006
1992
1958
1946
1954
1958
1963
1986
1991
2015
2032
2058
2078
2084
2111
2114
2122
2123
2120
2112
2105
2089
2073
2053
2032
2030
2020
2002
2008
2009
2020
2031
2056
2074
2083
2092
2088
2095
2097
2074
2049
2028
2008
1966
1918
1882
1855
1824
1795
1793
1778
1772
1773
1795
1825
1836
1883
1931
1971
2006
2039
2072
2105
2129
2151
2177
2189
2212
2223
2250
2272
2284
2288
2301
2309
2309
2312
2301
2307
2288
2274
2232
2213
2186
2057
2095
2147
2190
2238
2307
2360
2408
2452
2480
2500
2496
2472
2420
2347
2248
2161
2052
1945
1860
1771
1696
1653
1626
1622
1624
1663
1715
1772
1828
1924
2022
2117
2208
2288
2352
2397
2412
2418
2397
2334
2269
2196
2120
2047
1979
1919
1868
1841
1817
1805
1796
1800
1805
1839
1878
1946
2025
2121
2206
2301
2399
2459
2518
2549
2550
2532
2509
2459
2385
2321
2243
2156
2084
2012
1941
1885
1830
1789
1761
1746
1763
1784
1818
1890
1954
2027
2114
2186
2251
2309
2355
2387
2387
2365
2330
2266
2208
2152
2081
2035
1994
1956
1936
1926
1932
1940
1941
1957
1997
2024
2046
2076
2107
2126
2128
2114
2092
2057
2027
2008
1994
1991
1998
2033
2065
2087
2109
2103
2194
2272
2375
2456
2516
2539
2466
2357
2200
2065
1961
1944
1872
1803
1797
1805
1872
1985
2094
2199
2220
2238
2157
2089
2076
2091
2095
2085
2008
1913
1810
1765
1745
1741
1825
1872
1915
1926
1938
1938
1978
2055
2140
2254
2336
2417
2541
2615
2653
2616
2515
2374
2224
2109
2061
2002
1942
1897
1827
1776
1768
1836
1904
1932
1923
1872
1887
1970
2056
2188
2280
2274
2229
2185
2176
2208
2249
2226
2139
2058
2012
2013
2068
2092
2026
1934
1810
1810
1897
2075
2190
2176
2077
1960
1917
1932
1952
1967
1920
1872
1844
1930
2096
2281
2431
2463
2396
2316
2260
2301
2382
2400
2386
2330
2279
2208
2163
2113
2044
1923
1804
1717
1725
1769
1862
1897
1910
1845
1912
1978
2072
2163
2262
2377
2441
2480
2464
2382
2246
2069
1848
1654
1538
1451
1448
1522
1654
1825
2026
2234
2412
2570
2677
2724
2720
2640
2501
2324
2105
1877
1678
1514
1425
1410
1479
1605
1782
1973
2170
2354
2516
2638
2688
2687
2624
2505
2370
2229
2108
2047
2023
2037
2088
2150
2213
2264
2289
2274
2245
2192
2105
2013
1900
1796
1690
1635
1617
1657
1724
1837
1941
2032
2101
2125
2128
2121
2093
2048
2014
1991
1972
1972
2011
2081
2181
2294
2394
2460
2492
2484
2443
2398
2348
2294
2238
2184
2127
2067
2003
1974
1915
1894
1865
1855
1844
1828
1830
1848
1894
1972
2080
2197
2328
2458
2571
2642
2674
2649
2550
2425
2260
2079
1917
1781
1682
1772
1752
1784
1869
1983
2076
2149
2207
2229
2233
2214
2220
2271
2315
2298
2192
2086
2031
2028
2009
1908
1776
1717
1798
1990
2199
2326
2340
2313
2295
2278
2240
2138
1998
1898
1868
1870
1835
1769
1692
1678
1714
1769
1794
1810
1877
2058
2274
2455
2501
2416
2305
2227
2179
2098
1944
1760
1623
1567
1573
1641
1736
1866
1993
2118
2196
2247
2301
2355
2431
2504
2566
2600
2566
2434
2264
2118
2057
2057
2075
2062
2052
2080
2180
2281
2309
2248
2135
2034
1964
1871
1741
1663
1701
1845
1998
2064
2032
1988
1997
2083
2168
2183
2116
2048
2039
2121
2242
2336
2362
2265
2098
1916
1799
1755
1730
1691
1663
1713
1839
1991
2109
2163
2215
2318
2416
2464
2405
1808
1976
2097
2245
2329
2356
2316
2225
2112
1958
1883
1834
1876
1956
2059
2181
2276
2340
2378
2359
2292
2183
2020
1886
1837
1863
1944
2146
2401
2695
2936
3088
3125
2997
2744
2412
2053
1727
1418
1267
1205
1283
1500
1779
2081
2350
2523
2634
2623
2523
2381
2205
1918
1698
1538
1434
1467
1655
1904
2211
2478
2643
2646
2484
2196
1869
1505
1291
1180
1283
1489
1808
2201
2566
2851
3028
3046
2920
2681
2352
1988
1668
1398
1210
1181
1269
1461
1713
1992
2242
2413
2516
2487
2392
2246
2129
1955
1881
1873
1902
1987
2096
2196
2299
2362
2355
2298
2168
2011
1892
1756
1691
1677
1735
1868
2073
2300
2509
2693
2803
2762
2608
2387
2144
1900
1755
1726
1756
1861
2082
2403
2708
2846
2787
2610
2469
2420
2419
2372
2236
2047
1888
1796
1765
1739
1713
1702
1719
1749
1792
1788
1732
1673
1699
1821
1946
1999
1998
2044
2208
2401
2509
2520
2513
2520
2530
2500
2427
2333
2209
2038
1863
1772
1807
1934
2083
2219
2367
2522
2623
2598
2500
2392
2259
2040
1780
1606
1590
1642
1609
1512
1470
1601
1826
2009
2128
2221
2363
2529
2664
2717
2624
2387
2085
1814
1653
1567
1495
1409
1402
1566
1887
2210
2376
2385
2399
2550
2788
2922
2816
2513
2188
1995
1930
1848
1683
1496
1437
1593
1886
2148
2276
2328
2445
2609
2731
2702
2548
2370
2232
2071
1889
1747
1691
1722
1796
1872
1963
2092
2229
2329
2372
2338
2222
2038
1889
1349
1559
1818
2100
2368
2593
2760
2861
2896
2872
2777
2640
2462
2234
1966
1672
1367
1118
941
888
954
1139
1416
1779
2191
2623
3026
3339
3533
3554
3402
3090
2644
2148
1667
1276
1021
951
1064
1305
1651
2008
2292
2478
2534
2472
2346
2189
2036
1901
1775
1685
1632
1614
1636
1682
1719
1742
1783
1830
1923
2074
2272
2465
2615
2673
2634
2502
2285
2062
1836
1670
1611
1678
1870
2159
2486
2800
3050
3185
3206
3096
2862
2522
2094
1629
1205
879
714
738
935
1270
1686
2101
2453
2713
2877
2970
3036
3087
3114
3117
3047
2872
2582
2172
1687
1227
875
712
798
1120
1598
2134
2600
2916
3028
2916
2612
2179
1696
1250
924
776
819
1028
1331
1659
2736
2497
2208
1887
1614
1442
1340
1243
1144
1125
1259
1552
1869
2073
2162
2195
2240
2291
2289
2240
2221
2257
2297
2191
1894
1508
1228
1209
1418
1721
1990
2131
2207
2304
2431
2559
2630
2668
2712
2796
2910
2981
2978
2859
2657
2447
2284
2196
2129
2021
1872
1722
1624
1599
1626
1694
1815
2013
2247
2456
2564
2558
2463
2311
2140
1938
1728
1554
1496
1614
1862
2145
2343
2435
2471
2526
2576
2564
2397
2070
1657
1283
1045
980
1024
1116
1213
1317
1498
1778
2114
2386
2512
2475
2373
2330
2385
2511
2616
2596
2450
2242
2070
2026
2126
2326
2544
2694
2719
2631
2479
2320
2180
2035
1872
1654
1414
1208
1109
1149
1300
1512
1709
1864
1952
2024
2074
2108
313
466
836
1321
1846
2358
2827
3195
3439
3552
3543
3426
3251
3080
2931
2849
2804
2750
2608
2294
1798
1171
528
10
1
1
59
626
1400
2242
3041
3688
4095
4095
4095
4040
3603
3010
2326
1675
1120
731
543
529
655
851
1070
1261
1452
1679
1948
2252
2536
2760
2882
2882
2796
2648
2494
2402
2349
2339
2284
2132
1965
1820
1824
1935
2133
2344
2480
2512
2413
2216
2024
1911
1912
2009
2120
2177
2103
1908
1673
1457
1343
1338
1459
1674
1968
2277
2570
2782
2944
3055
3118
3115
3038
2823
2506
2087
1670
1354
1162
1147
1292
1499
1708
1817
1799
1709
1622
1635
1766
1966
2201
2427
2628
2746
2776
2710
2592
2420
2211
2007
1822
1704
1669
1748
3031
2774
2344
1796
1295
950
910
1168
1728
2485
3284
3994
4095
4095
4095
4095
4095
4095
3813
3108
2268
1371
566
3
0
4
2
324
883
1391
1730
1857
1761
1532
1305
1113
992
951
898
852
817
829
953
1251
1699
2347
3090
3818
4095
4095
4095
4095
4095
3522
2796
2092
1506
1076
819
723
776
989
1295
1686
2101
2502
2816
3014
3050
2932
2672
2277
1775
1228
737
396
331
560
1122
1893
2803
3714
4095
4095
4095
4095
4095
4095
4095
3497
2432
1402
538
1
4
2
4
3
154
864
1672
2451
3089
3535
3713
3638
3343
2881
2304
1672
1072
562
227
139
344
839
1577
2478
3428
4095
4095
4095
4095
4095
4095
3457
2512
1598
2
4
2
3
2
0
3
4
241
802
1452
2184
3046
3976
4095
4095
4095
4095
4095
4095
4095
4095
4095
3229
2067
1032
182
2
3
4
2
4
4
2
96
599
1111
1596
2032
2425
2780
3109
3459
3863
4095
4095
4095
4095
4095
4095
4095
4095
4095
4095
3380
1704
94
2
3
4
2
5
4
3
2
3
516
1485
2375
3124
3679
4040
4095
4095
4095
4095
4095
4095
4095
4095
4095
4095
4095
4095
4095
4095
3422
1615
4
3
1
0
2
1
2
1
3
3
2
1097
2428
3487
4095
4095
4095
4095
4095
4095
4095
4095
4095
3920
3772
3631
3488
3287
2980
2524
1847
970
4
2
3
2
4
1
2
1
