2082
2088
2098
2108
2093
2094
2096
2085
2097
2086
2078
2094
2085
2092
2085
2084
2099
2094
2089
2102
2094
2109
2105
2076
2102
2113
2089
2104
2078
2096
2096
2096
2077
2079
2096
2085
2070
2082
2083
2101
2085
2088
2100
2090
2095
2092
2086
2105
2089
2083
2101
2094
2104
2103
2093
2089
2075
2087
2090
2091
2090
2109
2104
2104
2101
2075
2098
2079
2104
2099
2112
2091
2092
2080
2088
2082
2083
2117
2093
2102
2091
2080
2075
2079
2081
2102
2105
2101
2076
2108
2098
2102
2105
2113
2110
2081
2097
2113
2090
2075
2091
2092
2110
2086
2090
2085
2086
2088
2088
2098
2113
2100
2079
2113
2115
2097
2096
2106
2093
2090
2080
2082
2074
2083
2090
2100
2079
2096
2087
2101
2102
2084
2076
2095
2110
2110
2101
2119
2092
2086
2091
2091
2102
2097
2087
2096
2106
2092
2112
2100
2099
2102
2094
2078
2102
2100
2091
2078
2088
2094
2096
2068
2087
2094
2101
2093
2086
2090
2076
2108
2126
2121
2098
2094
2110
2114
2114
2100
2094
2082
2088
2079
2090
2089
2092
2091
2098
2110
2112
2112
2095
2090
2103
2097
2097
2100
2091
2094
2095
2073
2082
2086
2105
2084
2096
2089
2095
2112
2077
2091
2091
2100
2096
2093
2097
2093
2121
2103
2095
2086
2092
2091
2088
2099
2105
2075
2080
2111
2084
2085
2089
2098
2080
2085
2081
2087
2082
2075
2079
2095
2100
2091
2096
2091
2097
2083
2097
2095
2101
2088
2097
2082
2078
2099
2068
2084
2054
2066
2047
2038
2031
2034
2012
1994
1998
2006
1986
1978
1983
1968
1966
1974
1974
1952
1952
1945
1957
1967
1952
1984
1995
1999
2000
2013
2055
2054
2053
2063
2089
2102
2121
2130
2148
2159
2174
2182
2196
2213
2204
2216
2224
2237
2236
2227
2234
2239
2232
2231
2232
2217
2230
2222
2192
2206
2218
2214
2216
2193
2198
2184
2164
2166
2169
2154
2150
2168
2152
2137
2141
2158
2159
2152
2147
2155
2154
2139
2164
2146
2144
2142
2141
2120
2126
2111
2096
2067
2075
2097
2064
2067
2035
2030
2014
1992
2006
1980
1974
1946
1935
1940
1913
1878
1879
1906
1837
1808
1832
1851
1840
1848
1840
1829
1842
1842
1849
1858
1868
1859
1899
1923
1938
1952
2006
2027
1918
1958
2009
2016
2068
2072
2084
2059
2074
2067
2020
2009
2001
2002
1999
1993
2020
2046
2047
2056
2071
2061
2056
2055
2031
2036
2031
1999
1997
1974
1973
1957
1967
1954
1961
1960
2001
2029
2031
2040
2065
2081
2085
2096
2064
2051
2061
2063
2041
2071
2081
2098
2133
2163
2184
2212
2260
2331
2377
2410
2449
2494
2516
2528
2511
2461
2407
2334
2287
2186
2102
2072
2030
1994
1956
1920
1893
1852
1849
1850
1896
1920
1992
2044
2162
2256
2326
2349
2366
2374
2350
2331
2292
2202
2162
2139
2067
2002
1923
1847
1780
1748
1742
1747
1753
1799
1841
1866
1896
1920
1900
1897
1929
1952
2021
2114
2203
2297
2368
2388
2403
2323
2235
2111
1970
1848
1736
1689
2268
2297
2323
2345
2368
2332
2244
2152
2042
1974
1930
1916
1914
1922
1930
1910
1841
1817
1827
1880
1990
2130
2240
2243
2223
2214
2236
2314
2448
2530
2573
2609
2597
2538
2422
2236
2101
2000
1960
1896
1806
1693
1663
1685
1791
1936
2030
2072
2069
2046
2045
2101
2192
2304
2376
2379
2372
2385
2422
2386
2280
2121
1988
1929
1953
1997
2017
2010
1964
1918
1908
1965
2080
2137
2106
2018
1910
1896
2016
2162
2288
2338
2253
2143
1992
1942
1985
2069
2099
2078
2025
1986
1962
1955
1960
1986
2035
2085
2109
2090
2070
2072
2060
2052
2046
2071
2116
2190
2211
2208
2149
2093
2024
1952
1884
1905
1984
2092
2191
2245
2238
2183
2112
2104
2086
2071
2068
2033
1888
1880
1932
2020
2130
2258
2388
2482
2488
2427
2341
2181
2029
1883
1799
1821
1945
2139
2362
2586
2684
2653
2501
2270
1973
1700
1513
1462
1512
1690
1914
2140
2336
2450
2472
2370
2216
2041
1924
1860
1890
1946
2010
2073
2119
2143
2156
2198
2237
2307
2321
2300
2216
2098
1914
1863
1828
1909
2074
2258
2424
2557
2551
2463
2270
2022
1788
1609
1530
1582
1754
1967
2176
2342
2439
2472
2418
2353
2270
2162
2055
1948
1830
1760
1756
1796
1908
2053
2199
2310
2365
2337
2240
2125
2023
1956
1938
1953
2006
2044
2078
2113
2132
2136
2136
2114
2094
2052
2059
2096
2183
2282
2370
2435
2463
2448
2378
2294
2211
2152
2100
2071
2079
2109
2152
2223
2229
2199
2229
2100
2092
2170
2190
2168
2152
2165
2134
2167
2244
2380
2417
2221
2013
1958
1957
1994
1984
1926
1895
1832
1823
1836
1900
1987
2059
2060
2056
2023
2124
2297
2446
2410
2314
2248
2168
2048
1806
1608
1577
1715
1859
1879
1909
2029
2245
2453
2539
2518
2485
2464
2528
2536
2332
2067
1817
1764
1807
1773
1640
1638
1744
1917
2054
2038
2058
1996
2022
2133
2341
2440
2351
2201
2144
2184
2196
2107
2065
2134
2222
2240
2184
2113
2013
1937
1943
2033
2062
1891
1673
1613
1777
1960
2090
2172
2301
2322
2306
2362
2447
2441
2186
1988
1898
1940
1960
1932
1981
2111
2200
2265
2310
2400
2342
2148
1952
1877
2012
2120
2144
2150
2190
2247
2299
2303
2357
2344
2423
2104
1849
1732
1728
1789
1808
1748
1568
1365
1239
1280
1448
1799
2218
2603
2793
2812
2652
2361
2094
1894
1770
1868
2090
2347
2638
2822
2861
2750
2512
2225
1968
1850
1856
1912
1927
1851
1680
1492
1382
1429
1643
2018
2373
2569
2577
2420
2200
2013
1910
1928
2059
2232
2398
2502
2502
2472
2373
2275
2215
2196
2213
2281
2319
2227
2035
1777
1576
1496
1570
1735
1969
2183
2352
2475
2535
2577
2573
2524
2422
2260
2112
1967
1865
1780
1727
1719
1730
1823
1903
2036
2184
2346
2459
2500
2483
2375
2242
2098
1923
1749
1624
1607
1636
1736
1854
2023
2165
2345
2532
2608
2609
2521
2408
2286
2128
1954
1727
1573
1549
1513
1560
1619
1640
1780
1950
2135
2011
1781
1540
1304
1163
1235
1523
1994
2570
3042
3267
3111
2655
2096
1607
1312
1233
1281
1426
1626
1860
2118
2410
2695
2948
3069
3076
2926
2628
2175
1753
1428
1307
1426
1728
2022
2214
2301
2269
2197
2127
2041
1992
1993
2050
2156
2253
2320
2340
2308
2216
2112
1996
1908
1830
1788
1750
1792
1924
2110
2300
2440
2455
2335
2142
1957
1813
1725
1761
1826
1941
2048
2199
2348
2455
2528
2452
2280
2052
1754
1480
1346
1328
1420
1682
1967
2257
2463
2547
2532
2373
2219
2058
1891
1770
1697
1684
1735
1857
1977
2082
2177
2173
2101
1997
1872
1830
1903
2026
2187
2380
2551
2669
2780
2788
2726
2574
2373
2135
1917
1728
1617
1632
1746
1924
2166
2384
2556
2094
1942
1936
1928
1832
1587
1298
1147
1278
1734
2404
3019
3322
3205
2822
2382
2051
1833
1640
1453
1342
1423
1675
2002
2282
2476
2640
2776
2832
2715
2468
2238
2071
2036
2108
2220
2254
2066
1617
1071
791
1048
1798
2644
3183
3241
2956
2548
2176
1899
1754
1762
1909
2110
2322
2518
2680
2694
2474
2090
1756
1667
1749
1781
1652
1554
1644
1852
1853
1528
1168
1093
1416
1927
2388
2771
3044
3063
2755
2306
2051
2182
2506
2672
2608
2527
2532
2414
2023
1499
1244
1357
1576
1625
1573
1624
1730
1605
1206
946
1272
2167
3099
3588
3557
3212
2858
2596
2464
2399
2314
2227
2164
2143
2013
1704
1276
940
910
1199
1603
2046
2522
2942
3063
2724
2134
1704
704
239
154
502
1192
2100
3004
3710
4095
4095
3816
3060
2080
1084
255
2
1
206
932
1784
2550
3102
3428
3393
3098
2630
2124
1716
1587
1730
2170
2697
3185
3431
3380
3059
2536
1933
1368
1001
826
856
1204
1624
2091
2501
2724
2779
2699
2560
2411
2380
2392
2462
2604
2782
2868
2759
2410
1837
1118
428
2
3
2
445
1391
2542
3580
4095
4095
4095
3410
2387
1347
565
133
175
701
1515
2427
3233
3690
3713
3316
2577
1654
865
379
267
540
1073
1718
2401
3019
3502
3795
3884
3806
3652
3378
3064
2633
2135
1619
1065
699
563
771
1234
1795
2332
2786
3004
2982
2718
2284
1797
1376
1163
1226
1641
2224
2794
3168
3239
3014
2471
2568
1940
1159
798
1100
1839
2536
2872
2933
2906
2916
2869
2760
2613
2473
2328
2133
1816
1459
1448
1801
2291
2398
1883
1092
622
974
1986
3074
3606
3374
2681
1992
1718
1829
2167
2566
2949
3247
3285
3021
2533
1930
1232
635
384
550
1007
1530
1938
2102
2051
1909
1817
1882
2083
2476
2921
3151
3019
2701
2449
2384
2320
1985
1337
653
320
596
1351
2231
2830
3024
2776
2285
1875
1770
1979
2290
2582
2796
2896
2915
2835
2696
2456
2254
2199
2315
2484
2546
2401
2046
1448
739
93
0
69
826
1869
2798
3480
4037
4095
4095
4095
4095
3595
2311
1106
235
1
0
30
220
369
538
816
1294
1861
2475
3114
3692
4072
4095
3792
3107
2237
3067
3505
3752
3734
3411
2784
1959
1137
530
250
349
760
1405
2183
2910
3450
3677
3517
3045
2344
1612
1043
752
799
1214
1934
2818
3606
4072
4053
3560
2746
1879
1148
636
452
589
1131
2048
3188
4095
4095
4095
4095
3141
1893
797
39
2
2
347
1340
2601
3802
4095
4095
4095
3597
2562
1569
781
306
186
391
890
1563
2254
2715
2921
2828
2569
2276
2005
1819
1726
1779
1964
2232
2468
2500
2315
1968
1527
1165
1061
1210
1573
1993
2424
2799
3100
3238
3165
2843
2318
1678
1106
631
424
520
936
1630
2484
3336
3998
4095
4095
3825
3152
2332
1546
866
439
297
478
961
1677
2491
3225
3748
3933
3808
3400
2787
2033
1304
718
413
4095
4095
3552
2589
1569
599
3
1
1
1
2
255
1250
2338
3414
4095
4095
4095
4095
4095
4095
4095
4095
4095
3762
2695
1553
375
1
1
1
2
2
0
1
3
1
2
2
786
1984
3058
3937
4095
4095
4095
4095
4095
4095
3997
3300
2502
1700
931
268
3
1
1
3
80
736
1581
2472
3364
4095
4095
4095
4095
4095
4095
4095
4095
4090
3348
2500
1618
789
2
1
1
1
3
1
0
1
1
528
1800
3125
4095
4095
4095
4095
4095
4095
4095
4095
4095
4095
4095
3710
2199
653
1
2
0
0
2
1
1
1
1
3
1
0
2
1
1373
3120
4095
4095
4095
4095
4095
4095
4095
4095
4095
4095
4095
4095
4095
4095
4095
4095
4095
4095
4095
4095
3614
2959
2266
1549
814
95
3
4
1
3
2
5
1
2
2
2
2
3
1
1
1
2
2
79
913
1816
2706
3556
4095
4095
4095
4095
4095
4095
4095
4095
4095
4095
4095
4095
4095
4095
4095
4095
4095
4095
4095
4095
3911
2868
1782
749
1
2
1
2
0
1
1
1
1
2
4
2
2
1
2
1
3
1
0
1
878
2180
3442
4095
4095
4095
4095
4095
4095
4095
4095
4095
4095
4095
4095
4095
4095
4095
4095
4095
4095
4095
4095
3664
2464
1287
155
2
3
2
2
0
2
2
3
1
4
2
2
1
1
0
2
0
1
