2108
2091
2107
2107
2118
2088
2091
2103
2094
2089
2103
2097
2105
2081
2088
2088
2102
2104
2098
2096
2097
2080
2112
2088
2120
2090
2108
2098
2100
2089
2101
2085
2074
2089
2090
2087
2095
2081
2105
2090
2074
2078
2117
2104
2092
2074
2083
2092
2118
2117
2107
2106
2092
2080
2096
2111
2107
2096
2095
2096
2084
2087
2105
2125
2104
2095
2081
2102
2097
2088
2092
2092
2079
2087
2097
2096
2084
2085
2092
2106
2088
2111
2103
2106
2104
2101
2086
2091
2100
2105
2110
2085
2087
2095
2096
2090
2100
2108
2092
2111
2104
2086
2099
2107
2098
2101
2114
2086
2107
2104
2102
2093
2086
2096
2093
2081
2085
2106
2096
2118
2095
2101
2087
2106
2105
2124
2116
2104
2084
2059
2098
2098
2110
2100
2087
2080
2110
2101
2091
2115
2118
2118
2112
2122
2126
2134
2133
2133
2128
2122
2151
2150
2134
2145
2155
2154
2144
2139
2161
2172
2138
2129
2129
2124
2106
2109
2102
2104
2137
2093
2072
2084
2074
2047
2039
2058
2051
2034
2021
2020
2011
2000
1994
1998
2009
1980
1974
1994
1970
1976
1997
1981
1966
1982
1995
1992
1986
2014
2000
2040
2022
2047
2040
2051
2050
2080
2086
2085
2095
2088
2080
2123
2116
2122
2128
2132
2135
2129
2114
2142
2172
2135
2132
2157
2114
2126
2149
2120
2110
2102
2110
2090
2065
2061
2075
2061
2065
2072
2083
2090
2081
2074
2091
2102
2099
2105
2136
2085
2104
2113
2105
2146
2139
2148
2112
2127
2189
2119
2076
2023
1982
1952
1903
1890
1888
1924
1934
1962
2020
2081
2120
2158
2200
2210
2244
2254
2249
2236
2184
2132
2106
2049
2023
1984
1982
1999
2012
2052
2104
2152
2191
2243
2273
2249
2227
2261
2195
2162
2091
2044
1955
1881
1842
1826
1810
1828
1860
1918
1972
2049
2133
2212
2302
2354
2373
2381
2406
2350
2318
2234
2195
2126
2081
2023
2022
2020
2033
2035
2072
2080
2104
2116
2124
2113
2112
2096
2101
2064
2092
2058
2022
2039
2075
2090
2093
2123
2157
2177
2200
2201
2224
2202
2192
2159
2133
2080
2040
1990
1982
1992
1996
1995
2032
2066
2091
2127
2178
2215
2229
2240
2232
2231
2227
2187
2154
2122
2067
2047
2011
1989
1993
1998
1954
2015
2286
2198
2092
2017
2004
2032
2051
2018
2004
2052
2120
2169
2143
2088
2077
2111
2134
2088
2004
1939
1927
1976
2051
2145
2236
2270
2236
2148
2081
2078
2102
2096
2043
2001
2057
2162
2265
2284
2254
2206
2156
2122
2116
2160
2248
2289
2245
2151
2073
2051
2045
2015
1988
2047
2156
2227
2180
2078
2006
2018
2070
2112
2134
2133
2138
2121
2072
2021
1989
2016
2097
2183
2229
2178
2088
2048
2122
2232
2267
2201
2119
2049
1985
1930
1924
2040
2188
2244
2195
2151
2196
2202
2074
1868
1737
1759
1849
1894
1952
2072
2205
2280
2264
2244
2248
2188
2091
2038
2046
2072
2068
2046
2062
2128
2167
2150
2114
2084
2030
1987
2010
2075
2112
2094
2062
2078
2105
2068
1950
1966
2000
2033
2077
2131
2173
2198
2191
2148
2120
2080
2045
2063
2106
2128
2126
2109
2039
1958
1889
1862
1904
2009
2140
2254
2310
2287
2193
2041
1897
1774
1782
1867
2024
2185
2295
2319
2227
2088
1966
1944
2014
2121
2216
2199
2120
2046
2004
1983
2013
2087
2176
2234
2237
2173
2084
2054
2128
2205
2181
2054
1977
2016
2121
2190
2165
2026
1908
1920
2040
2174
2212
2205
2158
2124
2141
2197
2222
2170
2046
1906
1831
1904
2098
2255
2280
2233
2178
2147
2168
2206
2176
2094
2020
2015
2054
2096
2131
2190
2228
2254
2217
2158
2123
2177
2293
2344
2294
2212
2132
2084
2017
1904
1806
1816
1989
2241
2318
2191
2019
1985
2119
2248
2173
1965
1842
1938
2156
1885
1777
1914
2223
2462
2514
2324
2040
1824
1772
1944
2177
2315
2292
2173
2005
1907
1968
2112
2247
2289
2256
2147
2006
1913
1924
2093
2288
2414
2400
2278
2106
1948
1863
1916
2060
2169
2207
2165
2060
1986
2016
2110
2190
2188
2087
1960
1942
2013
2157
2286
2309
2246
2150
2040
1941
1936
2010
2120
2248
2277
2200
2032
1932
2001
2168
2348
2351
2154
1957
1880
1975
2151
2294
2262
2139
2002
1974
2001
2019
2038
2066
2094
2134
2141
2096
2022
1980
2043
2182
2253
2246
2156
2030
1960
1999
2091
2141
2101
2007
1922
1862
1881
1989
2087
2142
2135
2109
2121
2147
2156
2128
2068
1972
1870
1833
1833
1932
2055
2204
2325
2337
2239
2113
2012
1985
2016
2004
1975
2047
2088
2072
2065
2126
2198
2189
2163
2164
2101
2007
2032
2152
2258
2369
2321
2116
2013
2068
2131
2162
2210
2232
2140
2016
2042
2095
2049
2075
2144
2146
2139
2124
2066
1982
1965
2073
2154
2151
2167
2031
1783
1796
1928
2066
2172
2161
2057
2010
2079
2174
2125
1979
1888
1846
1910
2154
2295
2188
1956
1759
1726
1888
2206
2458
2399
2089
1894
1898
2026
2302
2568
2491
2056
1712
1747
1996
2216
2328
2265
2062
1917
1946
2108
2288
2306
2080
1810
1749
1856
1975
2106
2235
2268
2183
2146
2122
1964
1825
1919
2129
2198
2160
2162
2158
2057
2025
2171
2299
2185
2056
2053
2082
2127
2233
2272
2129
1990
1973
1996
1990
1975
1977
1994
1971
1926
1827
2000
2205
2316
2480
2527
2293
2029
1896
1750
1670
1908
2168
2262
2529
2641
2273
2000
1904
1641
1693
2037
2194
2386
2485
2208
1890
1611
1472
1800
2258
2488
2446
2164
1912
1880
2026
2257
2366
2200
1961
1900
2013
2160
2367
2480
2407
2135
1755
1528
1549
1878
2254
2382
2256
1891
1607
1727
2091
2422
2488
2246
1890
1722
1908
2165
2249
2145
1827
1628
1841
2236
2520
2613
2506
2156
1817
1840
1886
1967
2230
2300
2233
2220
2130
2033
2036
2042
1954
1856
1826
1843
2024
2262
2214
2054
1878
1768
1821
1993
2228
2299
2186
2107
2007
2004
2062
1999
1892
1883
1959
2137
2388
2467
2254
1980
1813
1693
1949
2380
2472
2367
2221
1956
1846
2110
2442
2530
1950
1756
1645
1844
2295
2493
2203
1804
1718
1938
2208
2323
2256
2227
2332
2337
2128
2022
2292
2488
2170
1675
1560
1848
2317
2600
2460
2076
1971
2022
1874
1697
1881
2259
2384
2222
2120
2101
2089
2120
2292
2470
2390
1904
1376
1257
1796
2512
2764
2521
2418
2562
2526
2161
1823
1808
2047
2146
1814
1453
1624
2216
2662
2682
2534
2409
2167
1816
1558
1573
1798
2132
2266
2051
1818
1827
2096
2463
2752
2849
2504
1834
1414
1509
1814
2233
2723
2690
2135
1800
1857
1900
2104
2546
2725
2443
2113
1889
1757
1783
2046
2234
2191
2201
2166
1908
1760
1932
2046
2062
2142
2068
1894
1990
2011
1880
1992
2305
2444
2391
2168
1865
1857
2057
2100
2069
2053
1988
2271
1968
1732
1759
1984
2084
1872
1542
1456
1755
2296
2688
2718
2495
2179
1953
1934
2084
2223
2268
2213
2164
2167
2232
2275
2237
2133
1966
1735
1580
1618
1842
2177
2515
2653
2380
1870
1456
1431
1744
2132
2392
2552
2626
2477
2008
1518
1378
1730
2315
2728
2717
2374
2019
1854
1876
2023
2408
2874
2954
2489
1853
1628
2000
2536
2649
2320
1817
1510
1534
1750
1968
2184
2367
2419
2274
2108
2038
2048
2037
2064
2112
2142
2100
2142
2290
2354
2212
2091
2216
2356
2237
1888
1648
1785
2197
2556
2707
2656
2352
1840
1404
1441
1979
2548
2702
2522
2322
2165
1994
1828
1678
1613
1740
1999
2204
2198
2097
2111
2188
2161
2034
1934
1856
1691
1460
1424
1886
483
1264
2445
3246
3284
2625
1638
880
878
1635
2622
3205
3108
2426
1605
1192
1462
2174
2834
3042
2597
1680
856
737
1440
2520
3398
3625
3068
1994
1074
828
1240
1924
2522
2698
2406
2002
1935
2224
2539
2587
2348
1879
1398
1271
1646
2292
2869
3127
2928
2245
1389
875
927
1425
2092
2656
2884
2668
2179
1772
1708
2043
2508
2724
2440
1773
1205
1200
1863
2802
3412
3215
2316
1275
830
1321
2435
3412
3558
2731
1443
567
688
1633
2711
3227
2932
2086
1348
1250
1773
2458
2749
2423
1793
1472
1815
2554
3146
3116
2357
1291
619
817
1658
2539
2952
2722
2076
1505
1434
1850
2370
2690
2730
2478
2116
1865
1820
1873
2046
2333
2640
2757
2459
1793
420
826
1845
2905
3268
2829
2123
1586
1270
1158
1542
2624
3838
4095
3604
2318
1026
154
5
775
2447
4095
4095
4095
2975
1233
23
2
164
1549
3467
4095
4095
3582
1624
1
0
0
186
2147
4095
4095
4095
3886
2275
902
56
2
533
1740
2862
3385
3351
3016
2675
2506
2473
2390
2228
1950
1478
888
559
931
1927
3040
3821
3904
3349
2296
1139
302
168
938
2331
3660
4095
4095
3202
2005
1109
792
1101
1873
2592
2721
2146
1250
628
725
1600
2917
4079
4095
3840
2337
666
3
1
524
2183
3716
4095
3879
2549
1020
18
3
639
1984
3288
3826
3356
2334
1382
1032
1405
2287
3096
3444
2945
1737
405
1
20
1138
2798
4095
993
1039
1003
1000
1166
1610
2212
2882
3562
4095
4095
4095
4095
4095
4095
4095
4095
3870
2768
1604
645
38
1
47
466
988
1434
1754
1864
1770
1617
1511
1567
1817
2281
2845
3390
3760
3845
3561
2960
2090
1089
112
1
2
2
1
805
2319
3966
4095
4095
4095
4095
4095
3906
2167
425
3
1
2
1
3
58
1581
3469
4095
4095
4095
4095
4095
4095
4095
2685
542
1
2
1
1
0
2
260
2600
4095
4095
4095
4095
4095
4095
4095
3586
1506
2
3
2
3
0
1
220
2220
4095
4095
4095
4095
4095
4095
4095
3981
2762
1604
688
99
3
30
507
1199
1916
2437
2608
2333
1637
664
4
2
1
2
912
4
2
402
1533
2643
3655
4095
4095
4095
4095
4095
4095
4095
4095
4095
4095
3666
2373
1065
3
4
3
4
3
3
2
2
3
2
25
904
1928
2880
3785
4095
4095
4095
4095
4095
4095
4095
4095
4095
4095
4095
3462
2464
1526
735
131
1
1
1
1
2
3
1
1
3
260
817
1452
2167
2887
3606
4095
4095
4095
4095
4095
4095
4095
4095
4095
3874
3026
2097
1162
307
3
0
3
1
1
1
2
2
2
3
2
1
79
823
1672
2605
3524
4095
4095
4095
4095
4095
4095
4095
4095
4095
4095
4095
4095
4095
4038
2934
1765
678
3
3
4
3
4
2
2
1
2
3
697
1543
2397
3203
3930
4095
4095
4095
4095
4095
4095
4095
4095
4095
4095
4095
4095
4095
4095
4095
3268
2006
764
4
3
1
0
1
2
1
2
2
2
1
2
3
3
2
4
2
3
3
1
4
3
2
4
3
4
4
3
3
0
1
1
2
2
185
1483
2814
4090
4095
4095
4095
4095
4095
4095
4095
4095
4095
4095
4095
4095
4095
4095
4095
4095
4095
4095
4095
4095
4095
4095
4095
4095
4095
4095
4095
4095
4095
4095
4095
4095
4095
4095
4095
4095
4095
4095
3919
2983
2049
1145
306
1
1
2
1
2
1
2
2
4
4
3
1
2
1
1
3
1
4
2
2
3
3
2
3
2
4
2
3
3
