2097
2104
2111
2096
2095
2095
2095
2111
2109
2111
2113
2126
2118
2119
2109
2110
2123
2138
2125
2116
2112
2131
2127
2115
2108
2123
2107
2109
2121
2118
2130
2112
2107
2099
2082
2079
2068
2088
2061
2057
2045
2068
2081
2068
2096
2083
2081
2065
2055
2058
2060
2079
2070
2066
2090
2081
2075
2079
2083
2093
2091
2081
2090
2094
2114
2071
2076
2080
2089
2091
2084
2089
2095
2094
2094
2095
2113
2106
2106
2106
2099
2109
2107
2104
2091
2113
2111
2105
2116
2107
2116
2119
2101
2120
2087
2109
2097
2079
2074
2063
2089
2078
2072
2087
2066
2073
2078
2067
2071
2073
2088
2069
2068
2065
2066
2069
2060
2081
2056
2078
2075
2072
2070
2066
2069
2069
2081
2083
2088
2077
2085
2087
2081
2082
2083
2107
2085
2088
2099
2095
2107
2116
2104
2097
2109
2088
2082
2093
2093
2101
2111
2081
2077
2097
2099
2095
2099
2102
2076
2096
2068
2090
2075
2083
2077
2080
2086
2065
2072
2075
2075
2082
2074
2082
2094
2090
2099
2103
2110
2107
2094
2092
2082
2080
2075
2090
2091
2094
2101
2088
2090
2088
2099
2120
2104
2088
2097
2098
2111
2102
2124
2127
2127
2126
2124
2127
2108
2091
2081
2088
2109
2112
2102
2105
2088
2096
2110
2090
2101
2097
2104
2121
2099
2079
2112
2100
2096
2087
2062
2054
2079
2083
2081
2072
2070
2056
2064
2060
2068
2073
2084
2082
2083
2083
2072
2092
2094
2093
2084
2087
2073
2076
2089
2097
2089
2072
2195
2197
2199
2216
2213
2223
2227
2233
2230
2242
2238
2233
2244
2223
2216
2242
2228
2232
2213
2211
2214
2203
2174
2179
2155
2126
2128
2114
2116
2082
2077
2057
2052
2049
2026
2033
2016
1987
1993
1980
1974
1989
1987
1973
1972
1997
2010
2001
2029
2041
2038
2059
2052
2075
2096
2132
2132
2147
2150
2169
2166
2177
2180
2173
2199
2184
2192
2209
2184
2185
2179
2194
2179
2171
2151
2154
2132
2104
2115
2113
2087
2087
2076
2076
2071
2034
2052
2029
2029
2037
2044
2020
2028
2044
2045
2058
2073
2087
2064
2073
2079
2079
2097
2092
2098
2104
2102
2111
2102
2100
2109
2102
2129
2142
2116
2101
2115
2110
2095
2095
2092
2099
2092
2088
2071
2095
2080
2063
2166
2156
2156
2162
2143
2119
2097
2082
2069
2063
2070
2067
2086
2104
2106
2129
2151
2134
2154
2153
2100
2077
2054
2021
2005
1973
1934
1917
1912
1945
1972
2004
2056
2092
2162
2213
2232
2257
2253
2236
2184
2138
2099
2021
1973
1962
1960
2007
2023
2094
2132
2180
2192
2217
2199
2160
2149
2120
2090
2085
2096
2099
2123
2130
2152
2148
2144
2139
2120
2071
2012
2006
1998
2020
2039
2081
2138
2179
2204
2193
2185
2134
2101
2055
2021
1998
1961
1969
2009
2029
2106
2151
2145
2167
2161
2111
2048
2000
1961
1924
1906
1917
1979
2035
2115
2192
2250
2285
2290
2296
2268
2188
2123
2048
1986
1923
1872
1869
1897
1942
2002
2068
2124
2200
2255
2299
2289
2284
2152
2154
2128
2094
2068
2013
1991
2042
2064
2086
2125
2166
2168
2151
2121
2025
1976
1958
1947
1946
1985
2067
2114
2141
2208
2274
2281
2237
2171
2073
1990
1947
1906
1958
2086
2194
2214
2159
2075
1969
1866
1850
1949
2064
2182
2243
2214
2116
1979
1912
1916
1971
2050
2146
2197
2126
2014
1948
1929
1953
2047
2165
2219
2228
2233
2177
2075
2052
2064
2110
2163
2162
2175
2189
2128
2038
2006
2024
2034
2035
2071
2051
2036
2010
1998
2016
2030
2070
2113
2166
2170
2171
2150
2121
2068
2057
2046
2066
2120
2155
2185
2177
2131
2056
2039
2016
2041
2109
2174
2181
2179
2192
2147
2084
2045
2016
2047
2059
2088
2078
2052
2087
2118
2129
2152
2119
2056
2021
2157
2166
2126
2118
2089
2051
2030
2125
2177
2248
2317
2297
2192
2077
1998
1963
1949
1993
2036
2115
2110
2093
2120
2151
2158
2136
2137
2088
2056
2069
2083
2104
2135
2181
2149
2052
2024
1991
1993
2054
2108
2142
2156
2154
2092
2000
1962
1998
2079
2159
2154
2062
2020
2070
2026
2042
2026
2034
2131
2213
2171
2095
2017
1990
2144
2293
2283
2207
2072
1945
1982
2096
2184
2209
2195
2104
2095
2148
2179
2197
2169
2073
2040
2082
2106
2229
2220
2085
1985
1927
1908
1992
2120
2160
2214
2154
2032
1919
1891
1925
2118
2261
2248
2148
2060
1991
2049
2194
2278
2281
2222
2097
1982
1961
1980
2068
2153
2142
2092
2093
2079
2088
2178
2241
2176
2064
1970
1910
2291
2194
1976
1726
1797
1990
2246
2512
2474
2221
1999
1871
2022
2301
2458
2437
2210
1900
1892
2071
2267
2328
2196
1964
1854
1883
2117
2365
2482
2445
2209
1902
1747
1843
2102
2321
2441
2355
2162
2029
1850
1842
2079
2273
2327
2264
2052
1867
1862
1875
1956
2128
2249
2450
2449
2242
2093
1981
1926
1984
2056
2133
2203
2200
2162
2092
2076
2096
2189
2156
2005
1901
1894
1873
1955
1968
1961
2045
2057
2081
2141
2035
2064
2069
1911
2012
2177
2194
2172
1956
1767
1820
1926
2120
2231
2201
2091
2008
1917
1957
2071
2220
2186
2052
1901
1867
1996
2198
2371
2298
2097
1972
1992
2154
2269
2301
2157
1962
1934
2032
2142
2212
2193
2120
2050
2058
2101
2209
1992
2226
2231
2020
1938
2017
2122
2175
2092
2017
2072
2032
1980
2161
2252
2153
2055
2047
2045
2115
2160
2184
2256
2266
2145
2049
2154
2206
2038
1888
1974
2160
2158
2124
2093
2159
2227
2141
1857
1775
1932
2040
2050
2174
2310
2276
2179
2064
2011
2120
2139
1958
1877
1955
2063
2107
2139
2216
2255
2180
2073
2018
2020
1978
2010
2122
2248
2313
2241
2115
2138
2192
2152
2179
2200
2178
2157
2012
1901
1964
2102
2201
2360
2333
2167
2044
1956
1990
2147
2247
2251
2214
2073
1974
1957
2002
2076
2061
2077
2060
2028
2141
2145
2042
2123
2240
2213
2212
2113
2024
2032
1992
1895
1772
1855
2114
2243
2243
2331
2270
2109
1965
1870
1908
1968
2006
2012
1983
2077
1994
2034
2180
2230
2191
2141
2068
2056
2100
2171
2248
2231
2127
1999
1985
2062
2182
2177
1984
1869
1973
2060
2037
2096
2154
2068
2085
2165
2113
2052
2116
2150
2073
2000
1934
1838
1924
2238
2350
2200
2082
2037
1982
1972
1946
1960
2164
2380
2243
1949
1932
2153
2331
2366
2158
1928
1989
2087
2012
2052
2293
2437
2334
2100
1957
2062
2186
2109
1998
1987
2013
1951
1967
2032
2142
2204
2068
1841
1962
2344
2418
2184
2001
1785
1726
1904
2145
2277
2422
2324
1978
1853
2032
2246
2392
2286
1947
1680
1704
1774
1951
2195
2223
2187
2210
2073
1946
2135
2290
2210
2171
2163
2077
2070
2222
2308
2244
2113
1948
1839
1953
2176
2237
2097
1957
1904
1913
2170
2217
2217
2074
1811
1695
1935
2263
2354
2263
2127
1916
1784
1907
2189
2237
2172
2324
2565
2378
1902
1704
1923
2184
2246
2200
2072
1826
1743
2072
2403
2316
1980
1911
2067
2150
2152
2196
2355
2378
2167
1847
1661
1749
2184
2661
2727
2279
1791
1791
2042
2048
1909
1935
2126
2264
2195
1953
1758
1929
2468
2702
2246
1608
1484
1770
2064
2339
2512
2504
2383
2298
2142
1931
1968
2310
2489
2278
1934
1851
1950
2067
2246
2322
2233
2027
1720
1495
1656
2185
2630
2599
2221
1832
1657
1823
2125
2225
2145
2062
2022
1973
2018
2173
2341
2360
2229
2038
1845
1932
2272
2474
2468
2320
2139
2079
2106
2108
2097
2207
2239
2069
1840
1898
2184
2412
2439
2161
1694
1890
2200
2385
2225
1897
1681
1730
1951
2192
2440
2678
2696
2375
1816
1320
1182
1502
2069
2592
2990
3081
2719
1953
1171
889
1297
2084
2803
3042
2822
2352
1918
1722
1689
1758
1975
2338
2729
2863
2604
1991
1388
1203
1577
2284
2952
3178
2818
2210
1793
1662
1754
1824
1849
1922
2102
2253
2196
2018
2010
2185
2328
2334
2361
2459
2482
2234
1920
1750
1801
1947
2130
2404
2669
2647
2233
1761
1554
1627
1902
2232
2547
2676
2433
1941
1646
1773
2104
2408
2657
2841
2730
2173
1419
1200
1574
2079
2391
2497
2519
2421
2047
1491
1097
1210
1636
2240
2840
3082
2707
1803
1050
1087
1827
2606
2944
2741
2155
1518
1250
1479
2026
2548
2816
2815
2603
2142
1966
2482
2948
3142
2926
2439
1821
1334
1153
1487
2066
2601
2851
2621
2145
1683
1476
1629
2041
2579
2958
2906
2419
1655
1078
926
1271
1946
2676
3184
3187
2716
2051
1575
1523
1751
2094
2397
2543
2450
2233
1978
1821
1837
1987
2076
2057
2002
2041
2205
2410
2558
2477
2225
1932
1689
1597
1705
2039
2472
2726
2661
2316
1790
1257
991
1259
1949
2725
3266
3328
2821
1883
1048
753
1148
1926
2575
2768
2528
2134
1805
1654
1806
2144
2505
2628
2488
2250
2036
1881
1797
1673
1577
1640
2034
2577
2969
2992
2605
1969
1426
1336
1715
2246
2544
2528
2348
2072
1821
1722
1803
1881
1854
1838
1907
2058
2177
2217
2108
1913
1601
1388
1447
1910
2620
3168
3291
652
1457
2414
3240
3688
3659
3186
2478
1751
1202
938
1049
1415
1930
2381
2631
2576
2302
1903
1543
1387
1519
1892
2472
3056
3446
3430
2932
2071
1089
237
2
56
860
2092
3320
4095
4095
4095
3542
2448
1226
120
1
1
738
2311
3849
4095
4095
4095
3183
1649
192
2
1
0
333
1940
3573
4095
4095
4095
3011
1400
223
2
487
1489
2582
3454
3960
3920
3328
2294
1127
249
24
577
1633
2804
3679
3948
3623
2824
1818
919
424
435
886
1553
2262
2838
3231
3314
3102
2700
2238
1943
1934
2204
2483
2483
2179
1629
1114
866
988
1480
2144
2834
3374
3614
3516
3033
2228
1264
472
106
359
1198
2318
3356
3960
3883
3234
2206
1196
4095
4095
4095
3671
2846
1984
1161
481
24
1
1
87
534
1144
1838
2542
3212
3838
4095
4095
4095
4095
4095
3884
3159
2288
1376
475
0
0
1
2
1
1
208
1072
1994
2847
3576
4095
4095
4095
4095
4095
3662
3054
2399
1809
1299
927
707
629
712
874
1123
1371
1643
1917
2147
2396
2570
2651
2620
2494
2273
1973
1665
1376
1183
1080
1130
1309
1573
1871
2151
2421
2621
2699
2697
2658
2550
2403
2196
2022
1885
1760
1724
1773
1936
2178
2524
2942
3365
3764
4083
4095
4095
3963
3482
2802
1978
1052
133
1
2
0
1
0
0
45
959
2024
3117
4082
4095
4095
4095
4095
4095
4095
4095
3582
2412
1134
0
0
1
0
1657
512
0
0
0
0
0
1
0
0
1
1
1
1
1
0
0
0
1
17
869
1854
2750
3582
4095
4095
4095
4095
4095
4095
4095
4095
4095
4095
4095
4095
4095
4095
4095
4095
4095
3643
2928
2189
1514
838
229
0
0
0
0
0
0
0
0
0
0
1
0
0
107
530
984
1433
1829
2251
2617
2932
3211
3418
3622
3748
3832
3881
3865
3820
3717
3565
3404
3214
2994
2720
2432
2139
1817
1516
1221
910
617
349
156
1
1
1
0
0
34
248
551
874
1244
1685
2128
2621
3091
3554
3990
4095
4095
4095
4095
4095
4095
4095
4095
4095
4095
4095
4095
4095
4095
4095
4095
4073
3568
2967
2348
1700
