2064
2070
2066
2072
2067
2066
2068
2064
2069
2063
2073
2072
2072
2071
2072
2071
2073
2071
2077
2074
2071
2076
2076
2073
2069
2073
2072
2068
2076
2066
2073
2072
2080
2078
2073
2069
2080
2076
2070
2080
2076
2083
2085
2082
2082
2081
2082
2082
2074
2078
2080
2080
2080
2077
2087
2082
2080
2088
2083
2085
2085
2092
2089
2088
2090
2090
2090
2088
2083
2083
2092
2089
2088
2094
2091
2095
2094
2097
2085
2086
2089
2087
2091
2096
2092
2093
2097
2096
2086
2086
2095
2090
2090
2101
2092
2089
2100
2088
2083
2089
2093
2090
2098
2108
2101
2109
2094
2098
2104
2101
2094
2100
2094
2088
2093
2090
2094
2104
2100
2117
2114
2113
2104
2107
2113
2114
2112
2116
2083
2084
2090
2100
2102
2068
2085
2085
2100
2084
2077
2090
2068
2070
2072
2073
2077
2102
2088
2097
2100
2096
2086
2098
2087
2085
2087
2096
2087
2094
2076
2091
2096
2082
2083
2088
2100
2088
2080
2084
2103
2095
2085
2096
2087
2102
2095
2087
2100
2113
2099
2092
2090
2089
2092
2085
2094
2096
2083
2083
2075
2085
2087
2065
2081
2078
2089
2100
2079
2084
2080
2075
2084
2081
2086
2096
2079
2080
2098
2088
2104
2096
2088
2089
2086
2098
2112
2106
2087
2072
2090
2083
2093
2097
2089
2108
2106
2113
2098
2096
2088
2079
2104
2104
2097
2101
2091
2100
2094
2092
2102
2094
2094
2096
2103
2093
2103
2108
2103
2090
2099
2096
2110
2102
2105
2095
2108
2094
1890
1891
1904
1898
1908
1919
1925
1910
1913
1936
1947
1940
1928
1933
1936
1923
1920
1936
1926
1946
1937
1950
1972
1986
1994
2023
2057
2070
2107
2147
2178
2222
2259
2295
2346
2372
2400
2441
2486
2504
2515
2535
2524
2529
2522
2514
2482
2462
2434
2390
2331
2304
2229
2180
2129
2054
1998
1930
1880
1829
1780
1734
1695
1669
1650
1626
1630
1621
1632
1656
1672
1711
1737
1763
1798
1828
1877
1892
1922
1957
1988
2004
2002
2007
2024
2053
2059
2071
2086
2086
2119
2138
2150
2171
2204
2227
2252
2263
2286
2321
2364
2380
2404
2419
2443
2465
2476
2465
2483
2472
2457
2446
2414
2383
2364
2321
2296
2261
2224
2182
2142
2078
2055
2016
1970
1940
1922
1892
2037
2019
1996
1957
1914
1891
1884
1902
1940
1992
2034
2071
2090
2089
2091
2114
2144
2176
2221
2251
2275
2292
2302
2306
2321
2328
2320
2314
2304
2296
2282
2266
2247
2210
2151
2084
2008
1938
1884
1851
1838
1830
1836
1853
1871
1906
1956
2007
2042
2056
2043
2016
1990
1993
2023
2073
2132
2173
2189
2179
2153
2141
2136
2152
2167
2172
2151
2110
2067
2009
1976
1950
1946
1944
1944
1957
2001
2050
2104
2136
2173
2206
2228
2262
2305
2320
2319
2283
2235
2178
2143
2133
2132
2133
2106
2052
1999
1956
1953
1986
2046
2090
2103
2071
2007
1960
1942
1953
1968
1975
1985
1972
1944
1941
1948
1989
2023
2065
2098
2115
2128
2122
2124
2116
2142
2171
2189
2214
2178
2183
2178
2168
2157
2144
2120
2100
2075
2052
2040
2034
2031
2038
2050
2057
2051
2032
2013
1969
1916
1880
1840
1820
1810
1823
1844
1872
1916
1960
2021
2072
2140
2199
2269
2315
2369
2378
2382
2369
2346
2325
2301
2280
2269
2256
2241
2220
2192
2158
2120
2070
2031
1990
1959
1931
1914
1896
1876
1862
1858
1852
1876
1908
1956
2016
2086
2146
2211
2255
2280
2292
2292
2280
2258
2249
2238
2225
2214
2179
2139
2116
2078
2049
2047
2055
2076
2108
2136
2162
2166
2160
2122
2096
2062
2024
2001
1978
1970
1965
1965
1971
1984
2006
2043
2082
2144
2205
2271
2337
2382
2430
2433
2415
2371
2308
2237
2158
2085
2024
1986
1958
1952
1941
1935
1933
1937
1951
1542
1570
1665
1808
1951
2070
2155
2216
2264
2298
2326
2335
2315
2260
2161
2051
1974
1925
1919
1946
1985
2018
2045
2084
2141
2204
2283
2348
2395
2420
2420
2404
2392
2397
2433
2468
2482
2447
2346
2187
1993
1798
1663
1587
1572
1610
1697
1791
1871
1928
1956
1994
2002
2005
1998
1958
1909
1845
1801
1800
1855
1947
2063
2175
2242
2255
2238
2222
2224
2246
2256
2248
2227
2197
2203
2242
2314
2368
2390
2361
2296
2213
2132
2068
1987
1917
1841
1794
1791
1858
2003
2191
2371
2494
2531
2503
2438
2367
2306
2238
2148
2016
1872
1753
1734
1810
1959
2110
2189
2164
2093
2024
1996
2020
2090
2139
2181
2222
2303
2443
2603
2714
2741
2660
2487
2271
2051
1851
1538
1485
1505
1582
1699
1826
1948
2066
2200
2327
2456
2570
2674
2726
2720
2656
2529
2344
2124
1895
1689
1512
1402
1360
1392
1520
1721
1975
2226
2450
2631
2738
2758
2701
2573
2379
2158
1932
1712
1556
1432
1352
1341
1363
1437
1576
1760
2005
2298
2598
2898
3153
3325
3391
3316
3092
2726
2266
1760
1289
919
716
699
871
1202
1594
2002
2337
2582
2699
2691
2601
2452
2290
2146
2044
1988
1960
1933
1898
1820
1731
1642
1616
1652
1785
2009
2278
2573
2800
2958
2989
2915
2736
2477
2175
1876
1634
1462
1396
1423
1542
1733
1965
2206
2429
2595
2688
2702
2643
2538
2384
2215
2033
1856
1719
1603
1532
1521
1552
1640
1773
1922
2097
2296
2486
2629
2752
2562
2834
3010
3086
3060
2972
2828
2642
2430
2222
2003
1807
1631
1512
1452
1461
1537
1667
1833
2023
2195
2344
2423
2424
2364
2214
2018
1804
1597
1438
1391
1445
1599
1847
2150
2481
2768
3011
3134
3191
3143
3014
2803
2555
2278
2028
1834
1719
1681
1729
1826
1954
2082
2180
2249
2260
2217
2138
2017
1883
1746
1613
1482
1378
1314
1299
1335
1424
1572
1760
1998
2245
2520
2763
2977
3120
3144
3055
2867
2574
2286
1980
1679
1432
1236
1098
1080
1167
1376
1650
1994
2355
2657
2897
3053
3123
3147
3144
3094
2972
2778
2508
2198
1923
1722
1666
1753
1947
2156
2314
2355
2277
2117
1943
1804
1737
1733
1763
1816
1839
1854
1880
1960
2103
2285
2489
2640
2708
1592
1592
1599
1658
1847
2139
2440
2608
2647
2641
2673
2785
2890
2891
2755
2527
2301
2105
1946
1792
1634
1512
1441
1473
1573
1772
2019
2296
2600
2858
3040
3101
3046
2881
2654
2392
2138
1880
1614
1339
1104
956
911
953
1034
1128
1255
1444
1759
2179
2618
2980
3222
3309
3298
3221
3086
2883
2630
2330
2006
1699
1493
1408
1460
1597
1725
1779
1728
1668
1698
1854
2140
2456
2707
2821
2758
2523
2205
1897
1713
1696
1803
1923
1982
1964
1920
1876
1900
1974
2075
2171
2208
2185
2102
1974
1842
1738
1696
1708
1744
1748
1723
1712
1756
1901
2120
2376
2610
2805
2948
3030
3025
2920
2728
2477
2209
1940
1670
1410
1162
968
868
863
954
1136
1378
1669
2011
2169
2299
2367
2396
2368
2323
2266
2218
2184
2156
2126
2082
2033
1989
1965
1985
2016
2072
2142
2236
2314
2379
2431
2456
2448
2386
2265
2084
1872
1663
1488
1388
1361
1400
1508
1671
1830
2009
2174
2322
2425
2490
2488
2413
2283
2125
1981
1902
1908
2013
2203
2454
2711
2928
3077
3146
3124
3008
2798
2500
2159
1795
1479
1244
1141
1172
1304
1522
1776
2076
2358
2586
2765
2848
2825
2672
2427
2101
1768
1479
1295
1252
1330
1513
1744
2016
2262
2466
2656
2786
2840
2791
2682
2504
2296
2080
1884
1744
1665
1655
1736
1902
2128
2434
2750
3008
3181
3214
3089
2812
2416
1953
1492
1090
792
619
620
768
1056
1442
1892
2367
2805
3153
3365
3420
3287
134
1373
2778
4032
4095
4095
4095
4095
4095
4095
4095
4095
4095
3595
2839
2095
1401
775
201
4
1
3
3
3
3
3
3
548
1683
2781
3805
4095
4095
4095
4095
4095
4095
3924
2987
2122
1505
1135
921
772
600
399
263
280
485
801
1062
1171
1154
1170
1461
2085
2923
3727
4095
4095
4095
4095
4022
3672
3120
2277
1199
52
2
3
3
2
2
2
152
1104
2191
3299
4095
4095
4095
4095
4095
4095
4095
4095
3457
2440
1385
348
3
4
2
3
1
3
3
3
1
466
1426
2432
3420
4095
4095
4095
4095
4095
4095
4095
4095
3780
2759
1661
562
2
3
1
1
3
1
2
4
711
1780
3016
4095
4095
2265
3016
3632
4050
4095
4048
3663
3090
2428
1817
1316
1029
942
1081
1376
1763
2179
2575
2908
3122
3192
3125
2893
2502
2027
1490
1062
783
710
867
1244
1797
2441
3038
3576
3947
4095
4058
3800
3307
2649
1857
1029
268
1
3
2
2
97
902
1879
2840
3624
4095
4095
4095
3900
3339
2684
2021
1426
958
674
586
713
991
1448
2047
2697
3288
3722
3958
3882
3500
2897
2152
1377
679
156
0
1
50
446
1006
1684
2430
3166
3859
4095
4095
4095
4088
3441
2610
1778
1020
413
119
107
312
726
1252
1835
2402
2914
3307
3547
3602
3437
3092
2588
2075
1606
1270
1109
1152
1356
1652
1968
2244
2446
2535
2532
2415
2238
2007
1775
1554
2909
3735
4095
4095
4095
4095
4095
4095
4095
4095
4095
3916
3574
3231
2932
2635
2338
2062
1749
1384
963
437
2
2
1
2
2
2
2
2
448
1346
2247
3064
3752
4095
4095
4095
4095
4095
4004
3855
3754
3723
3656
3558
3434
3242
3018
2734
2374
1894
1265
604
2
3
1
2
0
2
1
220
894
1604
2256
2782
3173
3442
3614
3695
3703
3645
3544
3435
3386
3375
3406
3432
3372
3222
2925
2513
2015
1476
888
308
3
3
2
3
2
2
406
1201
2040
2857
3566
4086
4095
4095
3777
3102
2275
1431
663
63
3
3
3
3
232
904
1690
2533
3344
4044
4095
4095
4095
4095
4095
3912
3400
2844
2262
1680
1101
535
1334
1882
2405
2850
3224
3486
3682
3750
3719
3628
3443
3216
2941
2610
2230
1821
1404
987
602
215
1
1
2
0
0
1
303
835
1463
2124
2791
3440
4038
4095
4095
4095
4095
4095
4095
4095
4095
4095
4095
3754
3175
2589
1960
1313
648
21
0
2
2
1
2
2
1
1
0
2
0
176
977
1858
2754
3656
4095
4095
4095
4095
4095
4095
4095
4095
4095
4095
4095
4095
3914
2924
1877
932
17
4
2
4
4
2
2
3
2
1
3
1
0
514
1533
2592
3634
4095
4095
4095
4095
4095
4095
4095
4095
4095
4095
4095
4007
3205
2410
1706
1101
617
233
3
1
3
3
8
201
457
779
1139
1510
1887
2092
4095
4095
4095
4095
4095
4095
4095
4095
4095
4095
4095
4095
4095
4095
4095
4095
4095
1723
2
0
1
1
1
2
1
0
1
3
1
1
4
0
1
1
584
2552
4095
4095
4095
4095
4095
4095
4095
4095
4095
4095
4095
4095
4095
4095
4095
4095
3888
2756
1687
771
3
1
1
0
2
1
1
1
4
1
2
3
2
1
3
2
0
2
1
1
1
1
0
673
1703
2872
4095
4095
4095
4095
4095
4095
4095
4095
4095
4095
4095
4095
4095
4095
4095
4095
4095
4095
4095
2670
547
4
3
2
1
5
0
2
2
2
3
3
2
2
2
2
2
1
2168
4095
4095
4095
4095
4095
4095
