2090
2095
2088
2084
2084
2097
2115
2086
2100
2109
2109
2124
2110
2101
2104
2111
2106
2092
2119
2077
2088
2109
2093
2097
2103
2082
2099
2106
2099
2086
2073
2121
2107
2094
2076
2080
2096
2106
2118
2105
2087
2090
2088
2076
2085
2073
2096
2090
2104
2087
2079
2101
2083
2096
2104
2085
2099
2060
2086
2079
2078
2090
2069
2067
2100
2084
2086
2084
2101
2081
2085
2098
2080
2068
2085
2099
2107
2092
2064
2104
2082
2088
2090
2088
2089
2105
2118
2122
2114
2095
2100
2105
2095
2091
2070
2079
2079
2083
2091
2081
2092
2088
2078
2087
2105
2099
2086
2074
2073
2075
2084
2090
2094
2079
2108
2088
2084
2079
2095
2085
2080
2100
2093
2097
2100
2114
2102
2106
2108
2096
2086
2099
2088
2083
2110
2125
2111
2077
2063
2088
2071
2068
2081
2072
2092
2102
2087
2100
2104
2084
2090
2115
2101
2112
2092
2098
2095
2092
2075
2105
2111
2103
2097
2090
2084
2096
2097
2088
2095
2088
2082
2082
2083
2087
2094
2086
2091
2088
2097
2061
2087
2096
2104
2088
2097
2092
2091
2099
2081
2091
2089
2080
2088
2098
2085
2098
2091
2076
2068
2090
2085
2089
2070
2080
2110
2108
2092
2073
2084
2094
2107
2088
2084
2095
2099
2087
2112
2099
2106
2097
2064
2084
2066
2104
2103
2102
2094
2075
2085
2108
2101
2081
2078
2106
2087
2094
2112
2112
2093
2081
2081
2109
2088
2105
2099
2089
2104
2077
2078
2077
2086
2085
2087
2084
2109
2086
2175
2183
2165
2170
2137
2121
2132
2131
2130
2106
2099
2093
2104
2078
2055
2036
2071
2080
2084
2036
2018
2009
2010
2021
2019
2018
1996
1989
1971
1977
1981
1960
1970
1964
1966
1942
1936
1939
1946
1959
1972
1939
1950
1944
1920
1932
1920
1951
1968
1966
1956
1953
1980
1956
1968
1979
1975
1976
2007
1997
1992
1990
2003
2011
2018
2036
2043
2053
2052
2054
2048
2080
2057
2049
2053
2087
2099
2096
2071
2094
2100
2097
2126
2127
2120
2109
2131
2164
2151
2146
2137
2160
2132
2170
2165
2176
2179
2166
2178
2202
2185
2179
2167
2178
2193
2162
2192
2185
2179
2185
2193
2182
2189
2204
2168
2194
2179
2177
2185
2177
2186
2179
2172
2181
2171
2160
2200
2181
2041
2060
2042
2100
2192
2286
2297
2360
2385
2384
2363
2322
2256
2217
2163
2141
2134
2130
2121
2148
2178
2176
2155
2132
2096
2099
2064
2043
2032
2060
2062
2063
2048
2030
1982
1924
1917
1893
1837
1817
1819
1791
1794
1819
1839
1855
1904
1960
2005
2064
2112
2139
2187
2182
2146
2148
2108
2097
2058
2042
2045
2026
2026
2024
2009
2074
2076
2083
2125
2141
2136
2134
2140
2118
2068
2059
2051
2033
2019
2048
2082
2111
2144
2199
2221
2251
2256
2292
2307
2310
2303
2306
2289
2246
2219
2166
2111
2053
2014
2010
1973
1991
1989
1975
1983
2004
2012
2032
2054
2066
2079
2088
2099
2086
2102
2095
2076
2088
2100
2100
2124
2155
2171
2154
2138
2117
2091
2047
2258
2271
2266
2292
2258
2239
2185
2115
2031
1969
1896
1858
1871
1855
1927
1982
2077
2165
2259
2330
2336
2368
2321
2240
2153
1996
1833
1739
1650
1634
1628
1739
1805
1964
2118
2289
2439
2542
2633
2676
2640
2568
2429
2302
2163
2034
1957
1877
1876
1858
1869
1952
2037
2139
2201
2223
2234
2244
2176
2116
2005
1858
1755
1698
1677
1719
1766
1817
1866
1968
2037
2138
2181
2233
2224
2217
2197
2151
2066
2040
2021
1992
2022
2032
2122
2137
2133
2154
2167
2130
2077
2072
2053
2034
2029
2054
2081
2089
2119
2177
2225
2215
2227
2273
2266
2204
2264
2256
2276
2233
2202
2218
2139
2128
2076
1998
1988
1953
1906
1900
1979
2047
2089
2176
2251
2320
2395
2434
2192
2182
2169
2104
1978
1876
1860
1828
1856
1846
1801
1778
1862
1954
2089
2132
2140
2150
2219
2310
2370
2348
2302
2303
2315
2294
2209
2124
2050
2013
2039
2032
2003
1974
1942
1864
1836
1872
1878
1857
1853
1850
1889
1950
2020
2086
2070
2093
2081
2084
2103
2087
2138
2186
2237
2212
2152
2164
2179
2140
2147
2153
2120
2127
2128
2140
2136
2143
2109
2124
2132
2094
2040
2006
1961
2027
2066
2068
2035
2038
2085
2221
2349
2450
2465
2446
2415
2392
2267
2113
1943
1818
1730
1766
1821
1874
1970
2029
2141
2246
2267
2237
2181
2162
2203
2259
2311
2260
2170
2022
1985
1973
1947
1889
1850
1915
1990
2078
2150
2218
2253
2306
2261
2214
2205
2196
2253
2327
1995
1950
2014
2043
2120
2198
2204
2227
2227
2184
2165
2177
2178
2175
2153
2094
2036
1934
1886
1823
1818
1850
1956
2051
2240
2375
2541
2618
2563
2436
2231
1998
1788
1658
1614
1644
1753
1943
2177
2396
2543
2612
2640
2511
2347
2192
1980
1839
1764
1751
1839
1935
1998
2078
2130
2140
2099
2043
1973
1922
1928
1938
1963
2024
2093
2152
2220
2242
2282
2253
2210
2152
2139
2138
2136
2138
2166
2141
2120
2071
2011
1953
1882
1832
1849
1915
2021
2142
2218
2255
2234
2123
1994
1904
1861
1934
2031
2137
2321
2403
2475
2471
2394
2301
2151
2007
1869
1747
1713
1757
1891
2102
2298
2429
2440
2367
2214
2068
1967
1898
1882
1896
1950
1981
2082
2189
2243
2273
2326
2284
2188
2161
2168
2167
2040
1872
1776
1732
1762
1811
1891
2009
2085
2163
2200
2174
2107
2001
1949
2021
2109
2171
2088
1960
1905
1952
2092
2216
2274
2279
2364
2469
2613
2629
2426
2085
1848
1819
2020
2204
2272
2167
2013
1920
1940
2092
2250
2371
2378
2267
2097
1944
1800
1782
1872
1939
1944
1935
1944
2048
2140
2170
2154
2127
2150
2168
2102
1956
1771
1650
1631
1688
1743
1838
1920
2035
2207
2424
2607
2631
2563
2449
2285
2216
2138
2025
1910
1844
1873
1988
2140
2260
2331
2353
2373
2371
2328
2291
2164
2074
1997
1960
1922
1908
1978
2126
2322
2461
2516
2484
2410
2233
1992
1751
1624
1612
1634
1721
1861
2076
2344
2595
2694
2605
2474
2287
2594
2500
2418
2385
2411
2462
2500
2458
2350
2269
2143
2049
1957
1865
1821
1754
1752
1776
1808
1895
1974
2121
2278
2379
2458
2427
2284
2124
1954
1837
1781
1772
1774
1764
1740
1733
1788
1862
2057
2295
2483
2586
2571
2506
2394
2316
2291
2306
2330
2278
2183
2101
1994
1893
1866
1867
1906
1946
1974
2018
2041
2092
2152
2248
2422
2575
2697
2768
2752
2577
2281
1943
1643
1437
1409
1436
1571
1666
1759
1837
1901
1968
1990
1960
2015
2034
2106
2177
2277
2333
2322
2272
2201
2068
1891
1734
1584
1455
1451
1582
1754
1904
2002
2062
2106
2192
2296
2347
2362
2262
2139
1992
1892
1826
1762
1708
1701
1725
1890
2186
2367
2468
2447
2263
2050
1921
1876
1919
1889
1890
1962
2040
2061
2118
2161
2270
2407
2463
2450
2400
2280
2160
2064
2027
2028
2017
1998
1989
1985
2039
2119
2131
2150
2114
2011
1883
1808
1769
1810
1901
2042
2220
2328
2405
2397
2352
2286
2191
2097
1990
1926
1845
1765
1698
1683
1750
1900
2070
2252
2360
2377
2342
2217
2103
2023
1979
1985
2034
2067
2110
2144
2152
2156
2219
2310
2397
2437
2453
2349
2211
2021
1779
1619
1536
1539
1668
1850
2088
2298
2425
2473
2390
2233
2045
1864
1721
1688
1722
1866
2045
2264
2437
2566
2622
2559
2423
2204
1952
1695
1495
1398
1379
1502
1733
1980
2250
2486
2622
2673
2613
2446
2262
2044
1874
1750
1694
1723
1800
1923
2086
2242
2364
2464
2479
2420
2291
2067
2085
2216
2464
2746
2938
2947
2835
2738
2739
2756
2721
2536
2232
1946
1705
1501
1323
1153
1203
1373
1730
2197
2762
3318
3739
3989
3965
3656
3054
2356
1695
1281
1133
1146
1235
1332
1491
1627
1756
1871
1985
2182
2504
2938
3283
3467
3415
3165
2713
2175
1657
1232
995
956
1224
1651
2118
2445
2562
2525
2367
2232
2143
2052
1946
1871
1809
1755
1694
1608
1440
1377
1421
1694
2074
2493
2758
2781
2629
2357
1964
1504
1035
630
506
656
996
1432
1810
2106
2243
2295
2360
2490
2578
2659
2700
2709
2627
2484
2337
2082
1742
1415
1245
1335
1641
2077
2448
2638
2657
2636
2570
2454
2303
2117
1994
2001
2168
2352
2419
2374
2272
2142
2086
2169
2347
2883
2738
2420
2023
1647
1337
1227
1320
1570
1922
2299
2637
2883
3042
3040
2874
2589
2171
1759
1421
1262
1295
1534
1924
2363
2748
3098
3243
3263
3116
2765
2250
1673
1117
658
409
418
748
1231
1882
2616
3274
3756
3974
3898
3488
2823
1982
1088
355
0
0
0
460
1261
2136
3006
3704
4095
4095
3875
3277
2473
1661
964
517
392
600
1096
1808
2566
3232
3697
3823
3564
2960
2184
1385
684
291
198
452
1002
1714
2500
3153
3599
3735
3494
2980
2278
1570
1031
706
690
940
1403
1977
2565
3051
3325
3354
3138
2704
2131
1592
1208
1026
1118
1413
1857
2317
2748
3025
3135
3052
2778
2359
1907
1469
1142
1047
1162
1471
1843
2219
2536
2726
1493
2298
2952
3300
3234
2928
2554
2316
2242
2306
2416
2473
2455
2393
2307
2183
1956
1593
1144
719
449
409
656
1160
1858
2650
3343
3810
4031
3944
3652
3211
2731
2266
1842
1418
977
579
340
305
457
716
1011
1305
1629
1974
2389
2931
3584
4095
4095
4095
4095
4090
3337
2433
1518
737
141
2
1
62
473
995
1555
2104
2614
3029
3292
3352
3193
2834
2476
2331
2424
2610
2729
2628
2363
2034
1783
1686
1692
1768
1861
2032
2289
2648
2939
3089
3058
2893
2716
2504
2171
1640
931
210
0
0
0
292
869
1448
2060
2647
3265
3801
4095
4095
4095
4095
3676
3087
2458
1821
1253
843
632
648
772
1028
1299
1602
1951
2296
2587
2747
2885
3613
4095
4095
4095
4095
3523
2641
1689
848
252
34
171
672
1355
2101
2813
3404
3818
3972
3872
3437
2730
1930
1211
710
462
530
872
1327
1848
2296
2650
2950
3126
3184
3118
2889
2478
2000
1498
1070
731
483
377
441
720
1191
1835
2565
3236
3811
4095
4095
3970
3509
2898
2164
1353
598
2
0
0
0
110
880
1761
2671
3456
4004
4095
4095
4095
3786
3145
2350
1516
902
535
567
925
1445
2088
2693
3199
3590
3835
3930
3800
3464
2962
2248
1442
745
253
48
182
590
1213
1916
2600
3190
3682
3968
4022
3808
3260
2427
1444
477
1
0
1
1
16
751
1714
2741
3694
4095
4095
4095
4095
4095
3654
2589
1405
227
3568
4095
4095
4095
4095
4095
4095
4095
4095
4095
3397
2462
1456
460
0
0
1
0
0
1
1
0
18
778
1759
2707
3585
4095
4095
4095
4095
4095
4095
4095
4095
4095
4095
4095
3600
2820
2062
1377
757
196
2
2
1
2
1
2
100
593
1185
1746
2292
2767
3111
3356
3420
3308
3043
2654
2085
1463
798
157
0
0
1
1
0
107
851
1674
2532
3419
4095
4095
4095
4095
4095
4095
4095
4095
4095
4095
4095
3762
2642
1449
246
0
0
1
0
1
1
0
0
2
282
1549
2805
3974
4095
4095
4095
4095
4095
4095
4095
4095
4095
4095
3310
2033
727
0
0
1
1
0
0
0
1
0
2
0
