2098
2099
2096
2098
2091
2098
2098
2100
2102
2103
2096
2102
2104
2101
2098
2096
2096
2099
2105
2096
2103
2096
2092
2099
2098
2100
2096
2094
2093
2094
2095
2094
2091
2089
2090
2089
2088
2084
2082
2084
2081
2084
2074
2089
2081
2087
2080
2081
2081
2082
2089
2082
2085
2088
2087
2087
2094
2097
2093
2096
2097
2097
2096
2098
2102
2102
2106
2104
2110
2110
2111
2108
2105
2105
2108
2104
2099
2104
2100
2103
2100
2088
2091
2089
2090
2087
2085
2094
2090
2087
2078
2075
2090
2082
2080
2081
2076
2083
2078
2079
2080
2081
2084
2079
2082
2083
2083
2091
2091
2092
2096
2097
2095
2096
2093
2102
2102
2098
2101
2099
2096
2102
2096
2098
2091
2089
2096
2090
2096
2088
2078
2069
2078
2066
2064
2070
2072
2070
2075
2082
2094
2109
2130
2148
2161
2192
2203
2214
2219
2224
2234
2221
2200
2186
2150
2119
2084
2040
2006
1960
1921
1896
1866
1845
1820
1829
1828
1841
1865
1889
1922
1958
2006
2036
2078
2113
2144
2174
2199
2215
2231
2250
2242
2243
2246
2236
2230
2220
2219
2202
2195
2191
2193
2174
2158
2140
2130
2096
2084
2062
2036
2018
1999
1994
1972
1976
1977
1980
1996
2024
2036
2056
2072
2088
2099
2114
2121
2120
2126
2137
2136
2148
2147
2152
2162
2180
2194
2208
2218
2239
2252
2266
2256
2268
2253
2239
2207
2192
2165
2144
2118
2096
2070
2059
2053
2045
2034
2034
2034
2034
2019
2022
2005
1990
1966
1946
2162
2152
2135
2122
2080
2064
2068
2081
2109
2147
2180
2208
2236
2252
2258
2271
2260
2230
2185
2149
2088
2039
1986
1932
1892
1879
1888
1900
1953
2016
2091
2162
2231
2278
2296
2313
2275
2201
2120
2050
1962
1884
1835
1813
1816
1840
1904
1997
2086
2197
2294
2362
2409
2404
2352
2298
2194
2092
1990
1896
1830
1808
1802
1858
1928
2020
2116
2229
2313
2411
2483
2482
2433
2380
2265
2170
2042
1942
1864
1821
1814
1838
1888
1952
2027
2086
2144
2167
2183
2147
2114
2044
1957
1897
1837
1796
1809
1842
1905
2007
2098
2195
2292
2350
2380
2363
2332
2256
2162
2094
2002
1943
1909
1925
1944
2009
2054
2113
2143
2159
2163
2186
2194
2206
2221
2243
2219
2180
1913
1832
1875
2046
2181
2190
2128
2083
2130
2168
2169
2113
2036
1928
1844
1831
1886
2041
2277
2470
2460
2337
2199
2114
2074
2087
2035
1896
1723
1670
1805
1982
2165
2280
2293
2222
2104
2007
1960
1990
2032
1975
1908
1964
2142
2211
2105
1998
2025
2212
2386
2426
2332
2167
2018
1976
2049
2168
2277
2269
2240
2277
2364
2339
2155
1971
1933
2071
2216
2237
2158
2108
2095
2169
2222
2166
2016
1907
1830
1804
1761
1736
1798
1923
2001
1985
1953
2056
2231
2364
2408
2360
2303
2160
1987
1833
1828
1912
2010
2032
2021
2002
2001
2062
2144
2195
2198
2155
2094
1992
1924
1945
2045
2126
2123
2100
2112
2179
2275
2324
2300
2261
2210
2209
2215
2245
2198
2140
2279
2226
2098
1968
1896
1901
1966
2089
2190
2174
2068
1954
1934
2046
2191
2266
2242
2168
2059
1948
1843
1784
1792
1845
1906
2037
2268
2455
2442
2280
2144
2080
2014
1914
1893
1997
2121
2187
2304
2517
2660
2511
2214
2093
2236
2380
2270
2064
1980
1968
1882
1829
1982
2292
2485
2422
2243
2127
1997
1776
1624
1739
2030
2200
2202
2190
2217
2190
2112
2092
2144
2177
2086
1946
1868
1839
1835
1888
1968
1992
1919
1846
1872
1951
1972
1919
1890
1938
1956
1941
2020
2272
2550
2672
2566
2290
1978
1781
1798
2032
2337
2479
2418
2298
2248
2270
2335
2408
2453
2394
2196
1958
1879
2060
2334
2456
2397
2272
2201
2178
2069
1873
1688
1599
1585
1613
1709
1905
1839
1912
2068
2228
2316
2290
2151
1944
1742
1615
1591
1642
1789
1996
2228
2448
2560
2488
2254
1984
1797
1832
2072
2366
2572
2577
2420
2182
1977
1876
1897
1992
2133
2249
2310
2279
2155
1972
1792
1696
1739
1912
2149
2356
2472
2477
2377
2215
2026
1872
1793
1821
1944
2125
2301
2383
2326
2152
1902
1715
1668
1804
2056
2327
2521
2569
2455
2203
1863
1581
1458
1564
1877
2242
2531
2632
2504
2209
1874
1649
1641
1840
2104
2308
2376
2317
2194
2074
1992
1979
2045
2162
2280
2353
2354
2274
2134
1966
1804
1708
1741
1882
2075
2229
2290
2278
2229
2176
2117
2057
1992
1924
1851
1823
1862
1984
2170
2347
2443
2417
2272
2066
1873
1762
1776
1889
2066
2256
2117
1952
2139
2356
2489
2459
2090
1539
1339
1559
1848
2051
2178
2098
1809
1608
1667
1846
2050
2332
2570
2544
2330
2284
2385
2347
2220
2223
2190
1898
1547
1511
1725
1891
1956
1978
1960
2096
2393
2557
2448
2260
2188
2247
2308
2215
2109
2090
2015
1767
1652
1838
2058
2154
2339
2542
2493
2385
2456
2446
2271
2223
2325
2272
2029
1883
1858
1809
1721
1707
1770
1800
1759
1807
1952
2052
2155
2439
2688
2594
2334
2209
2074
1747
1480
1471
1584
1748
2090
2553
2845
2796
2514
2078
1543
1117
1075
1373
1792
2151
2360
2412
2347
2223
2091
2026
2008
2013
2002
2006
2070
2152
2206
2189
2124
2007
1882
1825
1948
2163
2336
2410
2421
2431
2441
2416
2371
2264
2033
1843
1754
1816
1971
2096
2128
2078
1972
1878
1818
1781
1788
1862
2008
2156
2250
2274
2248
2229
2238
2264
2313
2365
2400
2343
2195
2000
1825
1712
1691
1788
1972
2165
2250
2185
1998
1796
1671
1681
1840
2120
2414
2599
2634
2517
2290
2025
1789
1676
1726
1868
2017
2093
2096
2070
2070
2121
2243
2368
2447
2406
2243
2052
1891
1812
1840
1969
2152
2292
2305
2187
1946
1724
1601
1619
1774
1978
2142
2231
2225
2154
2042
1937
1866
1839
1844
1866
1904
1966
2098
2277
2460
2583
2604
2510
2336
2135
1922
1770
1717
1774
1886
1990
2060
2114
2203
2323
2437
2463
2350
2128
1864
1640
1548
1599
1766
1992
2199
2351
2410
2356
2228
2064
1954
1960
2053
2216
1560
1679
1715
1861
2174
2548
2852
2889
2552
2126
1779
1462
1296
1563
2014
2262
2371
2428
2253
1960
1814
1784
1809
1861
1841
1738
1772
1879
1862
1883
2046
2044
1867
1921
2172
2264
2228
2199
2059
1937
1960
1886
1665
1758
2220
2450
2376
2454
2662
2566
2202
1932
1842
1778
1797
1969
2080
1965
1912
2213
2553
2456
2000
1629
1553
1558
1507
1573
1886
2239
2397
2457
2476
2297
1949
1800
1883
1847
1797
2089
2544
2646
2354
2030
1838
1779
1790
1827
1978
2279
2420
2242
2183
2513
2692
2310
1866
1794
1779
1668
1746
2068
2197
2053
1974
2203
2586
2779
2565
2288
2361
2506
2371
2346
2720
2968
2668
2363
2410
2436
2236
1964
1710
1545
1673
2014
2286
2576
2106
2075
2022
1919
1862
1968
2229
2479
2558
2485
2365
2299
2242
2193
2135
2026
1824
1556
1264
1081
1170
1600
2234
2788
3002
2813
2373
1929
1565
1240
993
962
1304
1973
2665
3043
3036
2837
2693
2724
2750
2553
2108
1608
1240
990
845
932
1379
2144
2765
2883
2448
1839
1428
1286
1335
1591
2118
2831
3408
3680
3617
3293
2809
2226
1689
1314
1251
1528
1946
2263
2374
2305
2138
1968
1927
1993
1958
1675
1278
1157
1639
2610
3610
4095
4095
4065
3333
2261
1125
361
257
822
1747
2561
2856
2642
2148
1677
1324
1156
1187
1461
1780
1975
2030
2221
2627
3058
3317
3445
3451
3198
2569
1732
1162
1095
1432
1774
1896
1827
1705
1579
1512
1642
1838
1814
1514
2041
2693
3006
2801
2221
1666
1441
1631
1844
1814
1742
2011
2634
3223
3319
2781
1764
758
228
343
1051
1973
2682
3023
3111
3102
3094
3108
2937
2380
1507
680
427
838
1609
2417
2996
3198
2992
2661
2368
2201
2216
2206
1912
1389
971
956
1347
1752
1921
1785
1541
1435
1635
2013
2374
2555
2525
2356
2187
2064
2014
1989
1846
1679
1557
1605
1808
2088
2320
2452
2486
2441
2280
2044
1834
1652
1477
1382
1414
1591
1778
1989
2268
2665
3106
3401
3306
2748
1955
1304
1070
1352
2065
2922
3532
3607
3136
2276
1411
910
1026
1724
2568
3109
3063
2504
1804
1381
1384
1718
2099
2348
2440
2450
2448
2434
2420
2412
2329
2058
1611
1232
1151
1468
2035
3160
2210
1104
37
0
2
1
1
3
719
1832
2792
3455
3633
3320
2559
1587
475
0
2
1
1
3
3
1
1
629
1079
1197
1107
870
563
263
50
51
371
1071
2142
3477
4095
4095
4095
4095
4095
4095
4095
4095
4095
4095
3701
3343
3175
3158
3175
3104
2804
2244
1467
718
281
260
588
1114
1665
2143
2589
3052
3598
4095
4095
4095
4095
4095
4095
4095
3672
2800
1902
1072
212
3
3
3
2
2
2
1
3
3
2
1009
2303
3155
3484
3343
3024
2640
2333
1968
1514
900
254
1
3
2
2
1
2
1
3
1
739
2516
4095
4095
4095
4095
4095
4095
4095
4095
4095
4095
4095
4095
2790
1165
94
2979
2955
2907
2837
2726
2571
2373
2120
1830
1460
1072
649
203
0
2
1
2
1
2
3
3
2
1
4
3
1
1
2
57
777
1600
2389
3120
3788
4095
4095
4095
4095
4095
4095
4095
4095
4095
4095
4095
4095
4089
3638
3183
2747
2364
2018
1726
1493
1356
1248
1194
1185
1208
1242
1298
1366
1405
1433
1425
1382
1329
1235
1104
974
785
615
447
292
172
59
11
25
90
234
454
728
1059
1456
1886
2356
2848
3318
3775
4095
4095
4095
4095
4095
4095
4095
4095
4095
4095
4095
4095
4095
3841
3350
2851
2332
1835
1338
883
483
136
2
1
2
3
2
3
4
1
1
2
3
199
464
726
999
1255
1496
4095
3640
3140
2654
2185
1726
1273
847
408
3
2
2
4
4
3
2
2
5
4
3
4
5
3
3
4
3
4
3
4
3
3
4
3
3
4
2
3
3
1
3
3
3
2
2
3
2
3
3
4
2
1
451
1001
1561
2094
2594
3082
3560
4022
4095
4095
4095
4095
4095
4095
4095
4095
4095
4095
4095
4095
4095
4095
4095
4095
4095
4095
4095
4095
4095
4095
4095
4095
4095
4095
4095
4095
4095
4095
4095
4095
4095
4095
4095
4095
4095
4095
4095
4095
4095
4073
3558
3035
2528
2016
1530
1062
605
186
2
1
1
1
3
3
2
2
2
2
2
3
3
2
2
1
2
1
1
2924
2853
2772
2692
2616
2549
2476
2402
2335
2262
2188
2118
2053
1980
1913
1850
1787
1728
1656
1588
1536
1476
1416
1371
1310
1240
1200
1141
1087
1033
988
931
877
817
759
725
675
628
588
536
487
450
396
361
315
283
231
210
178
118
110
75
35
6
0
1
1
3
2
2
1
2
1
2
4
3
0
1
3
2
3
2
3
1
3
1
3
3
2
2
3
1
2
4
2
2
2
3
3
2
1
2
2
3
3
2
2
2
3
2
1
2
2
2
1
4
1
3
4
1
4
2
2
20
63
99
144
196
239
268
301
345
382
441
506
555
598
653
