2118
2080
2099
2138
2101
2073
2120
2066
2111
2098
2140
2096
2088
2072
2122
2078
2122
2062
2076
2066
2072
2096
2059
2079
2090
2060
2086
2091
2108
2116
2066
2087
2072
2081
2096
2084
2071
2101
2091
2106
2118
2024
2099
2061
2076
2114
2114
2136
2111
2056
2086
2113
2123
2097
2084
2120
2113
2123
2111
2088
2088
2135
2127
2124
2113
2093
2098
2072
2100
2062
2092
2069
2081
2091
2074
2064
2036
2064
2093
2094
2076
2102
2097
2078
2074
2072
2085
2080
2051
2092
2110
2113
2122
2090
2039
2054
2077
2136
2080
2084
2110
2114
2101
2094
2080
2101
2094
2074
2092
2119
2095
2075
2012
2047
2062
2091
2089
2073
2107
2123
2105
2084
2093
2101
2138
2144
2100
2086
2114
2097
2064
2114
2120
2098
2088
2067
2086
2114
2071
2112
2065
2082
2118
2096
2054
2059
2073
2069
2092
2076
2082
2060
2099
2140
2099
2094
2136
2126
2090
2094
2042
2062
2113
2099
2085
2079
2109
2088
2092
2108
2109
2075
2099
2075
2096
2081
2097
2080
2072
2086
2066
2101
2096
2088
2094
2102
2095
2096
2132
2102
2107
2080
2135
2078
2092
2106
2088
2079
2057
2060
2104
2119
2080
2084
2082
2112
2093
2113
2099
2061
2083
2083
2080
2091
2118
2120
2106
2086
2082
2040
2070
2086
2116
2138
2055
2092
2086
2098
2129
2086
2080
2114
2120
2100
2088
2089
2100
2122
2136
2104
2065
2095
2127
2109
2121
2104
2102
2082
2115
2094
2072
2089
2064
2084
2063
2094
2110
2108
2102
2111
2149
2132
2134
2109
2135
2134
2124
2126
2125
2124
2069
2115
2111
2111
2131
2137
2127
2110
2122
2110
2128
2121
2126
2118
2119
2095
2134
2116
2089
2067
2130
2098
2124
2059
2073
2052
2060
2090
2066
2075
2055
2050
2050
2005
1993
2039
2039
2000
2001
2031
1968
1970
2048
2017
2026
2029
1962
2035
2069
2028
1994
1990
2055
2008
2026
2044
2075
2015
2049
2051
1997
2016
2041
2030
2044
2037
2063
2072
2031
2021
2046
2111
2054
2030
2089
2090
2080
2094
2106
2106
2113
2102
2140
2096
2122
2123
2134
2138
2153
2140
2141
2164
2164
2143
2116
2178
2176
2173
2176
2185
2170
2222
2161
2233
2262
2173
2162
2234
2194
2212
2209
2140
2166
2132
2138
2183
2171
2252
2232
2254
2265
2262
2160
2113
2127
2074
1959
1974
1898
1889
1867
1853
1878
1880
1927
1976
2049
2092
2139
2173
2235
2304
2325
2336
2385
2452
2385
2371
2311
2248
2224
2208
2169
2088
2077
2038
2010
1999
2004
1992
2012
2001
2043
2085
2046
2036
2051
2056
2071
2052
2088
2098
2139
2114
2102
2135
2109
2096
2117
2088
2053
2021
2060
2005
1972
1901
1927
1949
1939
1958
1974
1962
1948
1974
1980
2016
2034
2000
2051
2066
2128
2108
2122
2099
2111
2117
2084
2081
2074
2010
1972
1976
1967
1975
1935
1943
1945
2012
2005
2010
2065
2136
2159
2200
2290
2298
2323
2352
2438
2401
2402
2354
2318
2279
2282
2145
2105
2103
2063
2035
2031
2021
2130
2157
2152
2155
2139
2058
2017
1929
1929
1919
1974
2044
2192
2247
2304
2259
2163
2089
2035
1938
1911
1932
1936
2069
2081
2171
2258
2300
2258
2181
2087
1962
1932
1917
1889
1964
2050
2146
2241
2249
2290
2225
2205
2184
2100
2062
2057
2079
2108
2095
2068
2094
2032
2001
2003
1978
1992
1998
1989
2023
2032
2053
2041
2093
2078
2019
2045
2043
2008
2060
2112
2120
2234
2233
2226
2191
2157
2160
2087
2068
2025
2012
2040
2065
2084
2169
2179
2183
2156
2112
2095
2063
2047
1976
2005
1976
1975
2050
2096
2191
2215
2271
2247
2174
2138
2075
2051
2008
2044
2061
2168
2277
2250
2233
2210
2167
2102
2040
2013
2044
2068
2056
2046
2085
2118
2098
2060
2046
2046
2145
2137
2111
2101
2093
2125
2177
2213
2130
1960
1886
1941
2006
2116
2212
2311
2271
2148
2079
1991
1924
1891
1949
2057
2089
2190
2255
2265
2199
2143
2122
2147
2102
2133
2184
2212
2084
2076
2083
2063
1951
1970
1973
1981
1976
2044
2099
2171
2190
2206
2201
2198
2145
2082
2017
1960
1940
1982
2079
2158
2154
2108
2140
2174
2186
2274
2293
2203
2141
2088
2045
1959
1966
1946
1963
2024
2154
2221
2187
2202
2156
2152
2069
2050
2078
2136
2224
2311
2338
2171
1940
1792
1815
1984
2117
2258
2315
2148
1996
1903
1847
1831
1928
2069
2236
2253
2242
2158
2033
1890
1973
1999
2038
2096
2117
2128
2116
2127
2195
2157
2116
2066
1994
1936
1859
1832
1886
2115
2173
2135
2037
1968
2023
2072
2133
2109
2228
2231
2179
2044
1996
2062
2107
2175
2209
2115
2026
1957
1944
1903
2002
2186
2329
2324
2242
2148
1998
1916
1953
2102
2217
2286
2224
2104
1969
1940
1975
2015
2049
2090
2165
2147
2086
2085
2075
2096
2197
2275
2184
2113
2051
2067
2094
2126
2161
2186
2194
2168
2108
2035
1998
2104
2144
2098
2036
2017
2016
1942
1949
2063
2104
2131
2163
2065
2062
2032
1981
2029
2080
2090
2067
2028
1972
2028
2071
2010
1955
2017
2080
2159
2178
2198
2123
2081
2027
1911
1880
1966
2028
2099
2114
1964
1931
2084
2208
2252
2146
2054
2010
2106
2228
2282
2222
2154
2142
2006
1912
1922
1986
2064
2114
2108
2066
2144
2209
2361
2158
2002
1900
1858
1921
2047
2256
2320
2272
2136
2049
2095
2095
2051
1972
2014
2125
2150
1999
1924
1961
2065
2072
2018
2017
2077
2110
2018
1985
2058
2177
2135
1948
1939
2207
2489
2451
2215
1922
1901
1985
2069
2194
2288
2254
2171
2094
2108
2120
2090
2081
2064
2035
2018
1965
1970
1972
2105
2138
2105
2123
2180
2199
2162
2109
2085
2137
2190
2138
2089
1960
1984
2082
2101
2126
2106
2066
2030
2055
2061
2054
2058
2109
2236
2270
2156
2056
2015
2011
2033
2028
2040
2019
2016
2060
2089
2091
2012
1919
1890
2033
2188
2105
2005
2029
2263
2283
2102
1959
2000
2113
2083
1931
1861
1924
2170
2269
2241
2181
2158
2128
2034
1985
2068
2101
2039
1942
2343
2124
1996
1934
2043
2146
2184
2184
2156
2136
2125
2143
2115
2164
2203
2111
1974
1846
1972
2224
2344
2240
2141
2151
2268
2184
1982
1981
2243
2419
2324
2023
1872
1959
2147
2223
2173
2120
2058
1874
1735
1889
2190
2295
2104
1960
1961
1987
1998
1880
1969
2176
2268
2116
1986
2056
2170
2195
2053
1818
1785
1950
2178
2307
2222
2020
1884
1875
2034
2128
2097
2056
2133
2244
2235
2030
1867
1886
2116
2308
2357
2243
1995
1885
1998
2155
2106
1865
1802
1894
2066
2285
2328
2161
1963
1820
1952
2181
2325
2228
2032
1816
1879
2027
2206
2276
2213
2147
2041
2009
2093
2211
2174
2054
2004
2097
2197
2152
2246
2315
2225
2014
1828
1839
2065
2419
2572
2312
2285
1742
1533
1784
2257
2569
2595
2262
1888
1717
1899
2211
2457
2468
2189
1829
1688
1878
2249
2498
2301
1901
1608
1685
2120
2555
2615
2224
1610
1357
1651
2349
2932
2894
2335
1633
1317
1536
2122
2547
2608
2216
1673
1444
1813
2435
2780
2587
2137
1688
1628
2004
2454
2627
2439
1941
1604
1702
2080
2384
2388
2149
1858
1782
1939
2238
2558
2619
2319
1878
1671
1918
2297
2358
2078
1804
1898
2175
2358
2302
2190
2194
2115
1937
1931
2104
2248
2195
2025
1886
1977
2056
2043
2059
2071
2064
2103
2172
2118
2031
1981
2081
2117
2032
2040
2149
2230
2160
2090
2105
2109
1959
1850
2047
2385
2507
2282
2002
1904
1911
2053
2221
2248
2210
2158
2163
2122
2145
2357
2290
2109
1972
1920
2033
2212
2364
2220
1908
1649
1705
1987
2312
2427
2335
2083
1860
1819
1971
2179
2288
2379
2385
2170
1872
1759
1904
2159
2264
2261
2080
1855
1855
2067
2195
2132
2066
2023
1964
1899
1880
2029
2165
2174
2027
1896
2024
2288
2507
2396
1916
1559
1729
2237
2588
2647
2414
1890
1527
1511
1797
2180
2559
2546
2169
1790
1634
1795
2309
2848
3046
2673
1986
1430
1308
1655
2299
2583
2440
1961
1490
1314
1737
2424
2875
2744
2161
1636
1511
1877
2330
2625
2430
1957
1541
1535
1980
2578
2812
2420
1785
1454
1648
2114
2443
2510
2367
2194
2175
2132
2014
1979
2036
2172
2215
2091
1996
2117
2319
2283
2119
1984
1898
1913
2006
2057
2086
1294
1175
1579
2345
2930
2856
2195
1550
1319
1511
1941
2376
2612
2425
2126
2008
2138
2369
2423
2222
1875
1649
1598
1866
2218
2457
2391
2299
2098
1912
1899
2051
2109
2052
2034
2089
2139
2193
2297
2331
2321
2226
2147
2017
1893
1881
2109
2303
2323
2186
1969
1837
1881
2150
2354
2275
1965
1662
1544
1833
2317
2526
2170
1701
1492
1677
2144
2692
2854
2450
1751
1351
1524
2138
2737
2882
2438
1854
1474
1626
2172
2626
2705
2357
1693
1164
1176
1664
2297
2832
3011
2680
1894
1212
1132
1553
2303
2990
3074
2479
1528
947
1169
2062
2956
3125
2562
1728
1191
1408
2083
2572
2567
2067
1544
1505
2076
2781
3142
2825
2196
1658
1523
1674
1843
1995
2032
2280
1132
1146
1365
1724
2245
2727
3066
3095
2759
2278
1870
1557
1426
1470
1622
1758
1901
1973
2039
2071
2239
2536
2942
3296
3480
3412
2936
2027
906
0
0
139
1139
2376
3435
4022
3930
3156
2041
1027
633
1025
1929
2855
3339
3232
2676
1911
1182
770
872
1534
2448
3154
3326
2937
2245
1602
1296
1528
2155
2824
3176
3108
2570
1625
632
164
502
1589
2886
3769
3958
3467
2534
1334
361
1
498
1685
3063
4095
4095
3787
2622
1294
308
13
532
1640
2941
3809
3926
3247
2169
1142
580
656
1365
2332
3088
3176
2618
1683
907
721
1297
2374
3401
3775
3316
2257
1199
744
1132
2190
3361
4016
3650
2259
402
1
0
530
2707
4095
4095
4095
1653
2801
3574
3888
3759
3246
2501
1736
1111
768
842
1288
2039
2996
3984
4095
4095
4095
4095
4095
4095
3031
1669
399
0
1
1
0
0
5
820
1833
2715
3314
3595
3679
3600
3427
3281
3196
3191
3251
3312
3398
3388
3281
2985
2497
1821
1010
161
1
1
1
2
0
364
1304
2280
3210
3981
4095
4095
4095
4095
3596
2747
1886
1109
494
177
10
67
346
700
1102
1587
2045
2480
2898
3237
3518
3723
3884
3865
3722
3461
3085
2662
2231
1789
1372
1042
817
736
803
1077
1402
1763
2076
2275
2324
2249
2024
1750
1415
1100
965
1057
1432
2029
2794
3602
4095
4095
4095
3923
3125
2134
1156
280
0
1
0
0
83
949
2062
4095
4095
4095
4095
4095
4095
4095
4095
4095
3726
2634
1471
261
0
0
1
1
0
0
1
0
0
1
0
0
1
1
1
1
1
0
1128
2664
4095
4095
4095
4095
4095
4095
4095
4095
4095
4095
4095
4095
4095
4095
4095
4095
4095
4095
4095
2985
1348
0
2
0
2
1
0
3
1
0
2
1
1
1
0
1
0
0
1
758
2190
3563
4095
4095
4095
4095
4095
4095
4095
4095
4095
4095
4095
4095
4095
4095
4095
4095
4095
4095
4074
2739
1198
0
0
0
0
0
0
0
2
0
0
0
1
0
1
0
1
0
1
0
782
2234
3624
4095
4095
4095
4095
4095
4095
4095
4095
4095
4095
