2104
2105
2128
2099
2091
2095
2093
2095
2104
2082
2096
2085
2076
2099
2095
2091
2094
2115
2095
2110
2118
2122
2098
2082
2102
2112
2091
2102
2088
2079
2096
2102
2111
2103
2113
2124
2102
2110
2094
2084
2099
2072
2089
2098
2102
2101
2082
2098
2101
2084
2093
2077
2095
2100
2075
2078
2081
2068
2082
2086
2102
2096
2101
2104
2099
2102
2074
2101
2111
2100
2106
2087
2115
2129
2095
2092
2092
2096
2124
2121
2111
2097
2083
2080
2099
2102
2099
2097
2103
2096
2082
2081
2082
2084
2099
2110
2089
2088
2094
2105
2104
2110
2116
2107
2099
2091
2096
2096
2088
2099
2116
2117
2078
2085
2085
2092
2083
2094
2107
2082
2078
2096
2091
2092
2091
2085
2095
2087
2097
2095
2112
2108
2098
2115
2114
2110
2094
2106
2104
2087
2092
2113
2112
2124
2108
2096
2088
2097
2102
2100
2103
2115
2098
2112
2108
2102
2093
2094
2089
2095
2102
2099
2095
2104
2103
2096
2102
2097
2098
2096
2095
2110
2102
2101
2125
2116
2105
2088
2099
2107
2101
2102
2104
2090
2095
2101
2109
2095
2096
2110
2100
2096
2099
2104
2100
2105
2113
2118
2114
2118
2114
2096
2110
2097
2115
2103
2092
2084
2100
2104
2120
2105
2096
2097
2105
2114
2110
2094
2101
2096
2121
2080
2100
2100
2101
2104
2100
2085
2109
2096
2101
2101
2095
2102
2104
2113
2110
2111
2088
2080
2078
2098
2120
2097
2100
2100
2096
2088
2123
2080
2080
2088
2108
2102
2092
2086
2101
2090
2078
2083
2106
2078
2069
2061
2054
2064
2055
2056
2042
2037
2037
2024
2031
2018
1994
2009
1995
1997
1987
2006
1996
2025
2035
2018
2008
2020
2042
2078
2069
2068
2096
2093
2094
2100
2131
2131
2153
2165
2184
2185
2204
2177
2191
2224
2243
2258
2243
2250
2261
2239
2236
2213
2209
2234
2223
2201
2210
2193
2172
2149
2133
2126
2103
2084
2071
2046
2017
2008
1992
1987
1979
1958
1952
1954
1945
1935
1939
1935
1931
1921
1930
1962
1955
1978
1987
2008
2014
2026
2048
2050
2063
2092
2114
2115
2129
2157
2176
2186
2197
2187
2189
2199
2182
2174
2147
2182
2179
2187
2175
2147
2117
2108
2106
2088
2067
2052
2028
2011
2012
2012
2011
2006
1973
1984
2058
2044
2039
2059
2056
2053
2068
2082
2089
2083
2133
2161
2168
2180
2200
2226
2256
2256
2240
2244
2237
2228
2174
2157
2121
2091
2080
2061
2017
2014
2026
2039
2064
2062
2071
2107
2107
2163
2181
2191
2196
2177
2166
2128
2073
2030
1980
1926
1900
1895
1892
1879
1895
1927
1984
2038
2101
2163
2189
2214
2237
2251
2259
2206
2195
2123
2072
2010
1957
1945
1925
1919
1925
1972
2015
2080
2142
2201
2248
2304
2327
2328
2319
2295
2247
2168
2112
2050
1993
1939
1899
1861
1895
1915
1937
2009
2067
2157
2198
2231
2249
2268
2281
2269
2230
2197
2148
2069
2008
1983
1988
1943
1948
1960
1989
1959
1981
2030
2065
2072
2096
2108
2093
2086
2087
2065
2076
2078
2047
2061
2083
2121
2116
2131
2136
2106
2100
2098
2136
2147
2106
2009
1998
2016
2046
2088
2006
2041
2067
2110
2121
2091
2062
2119
2036
2033
2053
2106
2128
2152
2156
2186
2191
2196
2192
2156
2104
2132
2171
2158
2090
1979
1934
1830
1841
1890
1896
1952
2054
2056
2120
2129
2094
2131
2126
2085
2083
2055
2116
2163
2132
2099
2104
2168
2182
2269
2161
2168
2194
2187
2184
2123
2068
2039
2032
1996
1928
1911
1974
2066
2160
2133
2153
2141
2128
2156
2147
2155
2156
2161
2148
2109
2081
2056
2025
2008
2000
2034
2086
2117
2111
2106
2039
2024
2001
2024
2059
1993
1999
2040
2009
2050
2065
2116
2100
2197
2306
2324
2350
2296
2322
2253
2201
2108
2022
2005
2123
2127
2203
2187
2160
2078
2043
1953
1935
1909
1832
1967
2075
2158
2308
2340
2304
2259
2172
2092
2044
2121
2101
2182
2242
2267
2234
2131
2121
2060
1992
1947
1914
2039
2145
2225
2205
2194
2085
1961
1899
1883
1963
2003
2134
2299
2312
2354
2237
2093
2021
1951
1910
1982
2034
2079
2104
2173
2228
2250
2308
2304
2263
2160
2153
2064
2029
1974
1999
2058
2134
2186
2190
2136
2104
1984
1752
1709
1691
1799
1885
2042
2130
2140
2087
2082
2027
1976
2061
2112
2167
2243
2269
2292
2303
2261
2197
2080
2042
1987
1894
1896
1926
1974
2045
2144
2141
2246
2317
2346
2328
2143
1997
1877
1780
1856
1941
2054
2092
2140
2163
2110
2208
2172
2230
2197
2096
2029
2109
1993
2016
2126
2092
2004
2008
2017
2213
2341
2384
2373
2334
2260
2128
1881
1727
1767
1860
1834
1876
1965
2095
2252
2362
2322
2281
2254
2121
2011
1911
1924
2032
2169
2246
2149
2098
2085
2116
1968
1859
1821
1890
2060
2152
2189
2308
2373
2391
2263
2138
2034
1910
1772
1639
1580
1733
2062
2378
2469
2385
2453
2419
2311
2198
2008
1768
1681
1815
2057
2301
2304
2208
2048
1986
2012
1943
1883
1864
2019
2193
2286
2308
2313
2287
2211
2058
1930
1823
1768
1831
1918
2058
2150
2298
2382
2379
2319
2270
2171
2050
1951
1974
2073
2152
2198
2197
2175
2178
2145
2050
1959
1863
1779
1790
1763
1818
1860
1943
2137
2357
2513
2448
2250
2135
2067
1970
1966
2206
2218
2216
2208
2200
2199
2133
2017
1918
1911
1995
2059
2035
2010
2074
2131
2192
2208
2164
2096
2104
2092
1974
1845
1763
1824
2009
2063
2041
1976
2102
2172
2207
2193
2050
1937
1959
2106
2285
2402
2361
2342
2366
2284
2163
1922
1758
1773
1922
2016
2079
2116
2254
2388
2330
2158
2077
2058
2127
2193
2152
2039
1894
1848
1884
2053
2168
2261
2264
2258
2164
1974
1850
1752
1813
1928
2068
2248
2367
2489
2452
2387
2343
2196
2015
1905
1936
2019
2070
2127
2129
2104
1943
1814
1849
1900
1926
1995
2147
2341
2344
2203
2065
2106
2264
2284
2147
2020
1963
1988
2018
2044
2118
2162
2258
2136
1912
1776
1800
1888
2013
2004
2003
2080
2091
2004
1927
1998
1946
1871
1913
1998
2093
2160
2147
2084
2048
1958
1973
2008
2071
2050
2061
2065
1990
1931
1926
1947
1961
2015
2078
2077
2036
1977
1958
1927
1981
2058
2156
2252
2325
2361
2316
2199
2094
1942
1861
1813
1889
1995
2096
2162
2224
2258
2273
2300
2351
2318
2237
2172
2100
2036
1965
1907
1936
2008
2110
2237
2320
2335
2232
2114
1927
1777
1701
1732
1831
1956
2131
2287
2380
2419
2304
2136
1984
1838
1811
1758
1835
1964
2049
2197
2300
2335
2296
2258
2192
2139
2107
2057
2109
2105
2033
2030
1947
1850
1856
1882
1983
2077
2191
2233
2170
2045
1963
1887
1882
1911
2037
2145
2199
2277
2252
2254
2188
2143
2110
2174
2211
2224
2206
2061
1989
1929
1941
1983
1952
2264
2539
2683
2498
2177
2010
1830
1797
1844
1909
1958
1951
1830
1848
1945
1965
1997
2041
2075
2007
1947
1877
1865
2103
2228
2132
2108
2235
2298
2176
2153
2139
2108
1855
1792
2104
2353
2397
2349
2373
2228
1941
1659
1610
1780
1817
1886
2101
2399
2536
2616
2772
2807
2638
2197
1710
1371
1163
1138
1325
1835
2360
2636
2610
2576
2484
2377
2204
1998
1964
1887
1782
1876
2025
2189
2359
2442
2440
2353
2112
1923
1932
1979
2028
1975
2011
2166
2152
2024
1979
2170
2143
1988
1871
1911
2000
2040
2064
2182
2351
2380
2148
2073
2074
2121
1970
1854
1888
1865
1814
1976
2238
2487
2507
2521
2488
2311
2025
1801
1732
1653
1676
1726
1912
2074
2137
2126
2074
2333
2535
2527
2325
2021
1710
1492
1536
1840
2309
2755
3058
3048
2728
2139
1608
1201
1159
1354
1783
2286
2660
2825
2788
2512
2131
1742
1465
1343
1357
1568
1842
2116
2411
2610
2682
2627
2456
2261
2008
1886
1807
1848
1928
2031
2141
2173
2096
2020
1927
1944
2034
2188
2331
2415
2391
2203
1982
1771
1672
1710
1841
2015
2112
2096
2039
2011
2026
2094
2289
2395
2493
2489
2363
2176
1952
1732
1664
1721
1901
2134
2355
2462
2462
2322
2156
1964
1909
1967
2061
2117
2204
2210
2149
2108
2113
2163
2256
2409
2388
2342
2162
1920
1680
1562
1610
1816
2088
2370
2492
2491
2409
2246
2087
1952
1850
1840
1869
1949
2059
2125
2190
2229
2247
2271
2240
2175
1812
1722
1626
1651
1884
2172
2230
2095
1945
1887
1924
1958
1965
1969
1989
2028
2205
2440
2700
2784
2672
2393
2077
1882
1882
1814
1670
1559
1675
2003
2275
2312
2224
2198
2279
2343
2317
2318
2398
2441
2278
1993
1732
1656
1762
1872
1836
1842
1852
1835
1767
1649
1784
2151
2394
2225
1832
1601
1694
1930
2074
2157
2205
2218
2162
2027
1858
1695
1530
1502
1573
1834
2304
2715
2979
2963
2777
2618
2500
2342
2187
1990
1764
1581
1616
1873
2213
2444
2520
2557
2572
2573
2424
2053
1656
1479
1594
1866
2165
2358
2421
2260
2060
2002
2088
2185
2116
1963
1815
1880
2173
2457
2675
2718
2653
2452
2202
1908
1643
1505
1546
1627
1720
1851
2038
2273
2437
2473
2234
2303
2327
2247
2123
2066
2096
2249
2413
2611
2747
2804
2762
2667
2510
2400
2329
2388
2453
2423
2155
1636
1111
775
782
1122
1644
2145
2466
2548
2475
2385
2325
2279
2186
2065
1871
1803
2016
2504
3078
3506
3647
3413
2839
2058
1307
750
407
326
611
963
1260
1537
1791
1971
2062
2099
2145
2403
2739
3103
3435
3562
3332
2736
1940
1247
937
1085
1646
2442
3176
3629
3633
3174
2369
1329
421
0
0
267
1041
1963
2930
3743
4095
4095
3756
2834
1800
1022
639
772
1239
1850
2408
2770
2897
2797
2516
2125
1780
1699
1965
2581
3085
3107
2475
1415
467
130
472
1166
1831
2256
2482
2622
2776
2959
2950
2622
1977
1379
1165
1381
1766
2089
3265
2970
2708
2559
2569
2737
3060
3370
3670
3898
4017
3999
3817
3497
3000
2399
1720
998
349
2
0
0
0
301
919
1565
2164
2634
2921
2956
2756
2385
1884
1383
936
674
620
832
1243
1805
2441
3053
3600
4011
4095
4095
3983
3532
2940
2315
1713
1287
1064
1074
1328
1729
2084
2403
2551
2518
2287
1950
1529
1086
691
462
396
590
965
1513
2118
2731
3312
3708
3936
3948
3776
3451
3041
2642
2260
1966
1791
1738
1848
2061
2322
2535
2598
2496
2159
1608
879
123
1
1
2
0
1
170
1052
2014
2904
3648
4095
4095
4095
4095
4023
3688
3337
3049
2841
2765
2725
2695
2611
2396
2074
1611
1048
446
0
0
0
1
0
503
5
0
0
0
0
0
0
0
0
0
0
39
1408
2953
4095
4095
4095
4095
4095
4095
4095
4095
4095
4095
4095
4095
3845
2746
1656
710
0
0
0
0
0
1
0
0
0
1
0
0
86
614
1218
1842
2438
2986
3494
3895
4095
4095
4095
4095
4095
4095
4095
4095
4095
4095
3810
3123
2435
1825
1277
773
338
1
0
0
2
1
0
1
102
691
1395
2041
2578
3042
3401
3702
3959
4095
4095
4095
4095
4095
4095
3878
3412
2884
2401
1991
1718
1532
1350
1180
944
643
332
12
1
1
1
56
352
711
1077
1469
1822
2243
2648
3062
3494
3929
4095
4095
4095
4095
4095
4095
4095
3934
3586
3243
2915
2617
