2099
2091
2083
2072
2081
2096
2092
2082
2086
2097
2099
2087
2081
2118
2110
2084
2084
2100
2095
2084
2089
2088
2087
2074
2084
2101
2097
2103
2087
2102
2105
2105
2096
2122
2095
2102
2068
2082
2093
2100
2096
2091
2098
2103
2076
2116
2106
2118
2094
2095
2090
2098
2090
2070
2101
2128
2085
2097
2079
2103
2105
2095
2098
2091
2083
2086
2087
2084
2128
2125
2109
2103
2106
2093
2099
2108
2112
2092
2094
2093
2074
2095
2078
2092
2111
2110
2094
2117
2121
2102
2117
2113
2118
2108
2099
2076
2106
2096
2083
2101
2098
2096
2104
2113
2101
2096
2102
2107
2099
2090
2105
2088
2097
2114
2104
2088
2082
2066
2098
2080
2086
2089
2090
2082
2087
2088
2098
2089
2134
2130
2143
2131
2114
2132
2131
2120
2091
2091
2092
2080
2086
2073
2083
2085
2064
2075
2092
2077
2074
2061
2081
2074
2063
2055
2061
2032
2038
2040
2025
2008
2037
2006
1988
1967
1956
1970
1968
1957
1954
1960
1953
1952
1958
1949
1961
1956
1960
1957
1986
1977
1968
2000
2000
2039
2053
2029
2046
2069
2064
2103
2097
2121
2134
2132
2157
2144
2170
2182
2175
2180
2188
2194
2182
2184
2172
2164
2192
2196
2163
2195
2169
2144
2143
2146
2135
2146
2128
2114
2120
2104
2102
2114
2122
2106
2137
2134
2111
2101
2122
2134
2161
2185
2184
2198
2213
2239
2217
2212
2199
2214
2199
2200
2207
2217
2229
2217
2177
2188
2197
2189
2167
2158
2171
2153
2177
2149
2179
2171
2142
2113
2099
2109
2091
2083
2043
2036
2020
1999
1995
1967
1990
2044
2076
2107
2117
2178
2153
2180
2183
2168
2162
2135
2118
2099
2067
2023
2025
1983
1935
1921
1908
1906
1936
1978
1987
2000
2036
2118
2155
2181
2215
2246
2241
2252
2237
2221
2168
2095
2044
1984
1963
1916
1930
1950
2015
2074
2130
2134
2180
2251
2259
2258
2218
2202
2155
2104
2036
2003
1955
1906
1907
1880
1941
1996
2018
2068
2132
2156
2163
2186
2218
2172
2143
2092
2052
1993
1978
1940
1934
1910
1951
1981
2030
2080
2153
2212
2234
2247
2221
2231
2175
2152
2085
2071
2031
2000
2013
2034
2028
2048
2123
2128
2181
2214
2208
2219
2226
2225
2180
2190
2173
2098
2101
2088
1976
2047
2089
2103
2144
2181
2233
2294
2280
2290
2263
2169
2078
1983
1917
1839
1796
1859
1942
2030
2126
2222
2261
2284
2265
2229
2156
2112
2040
1932
1910
1932
1996
2013
2005
2072
2164
2234
2294
2315
2309
2306
2259
2173
2099
2059
2028
1994
1981
2052
2123
2163
2177
2220
2274
2314
2244
2180
2060
1984
1938
1913
1894
1931
1959
1973
2025
2141
2251
2290
2294
2299
2337
2265
2122
2013
2035
2077
2067
2014
1998
2014
2016
2044
2065
2115
2151
2147
2122
2029
1978
1992
2027
2049
2045
2029
2069
2123
2137
2158
2154
2153
2192
2155
2069
1993
1992
2056
2097
2028
1962
1945
2000
2038
2111
2167
2189
2197
2087
1948
1827
1808
1913
1997
2087
2125
2157
2208
2018
2077
2122
2152
2163
2216
2200
2195
2131
2078
2041
2034
2032
2074
2095
2135
2154
2122
2111
2107
2103
2066
2046
2075
2112
2118
2155
2140
2152
2113
2121
2142
2121
2091
2096
2068
2053
2050
2054
2094
2136
2158
2124
2116
2083
2072
2116
2121
2173
2180
2131
2069
2010
1943
1935
1972
2058
2197
2278
2324
2300
2246
2150
2043
1933
1806
1718
1684
1726
1838
2007
2143
2264
2342
2344
2253
2164
2087
2054
1996
1997
2048
2106
2125
2153
2159
2145
2130
2081
2056
2018
2009
2017
2015
2044
2075
2099
2165
2172
2192
2136
2104
2018
1999
2016
2024
2069
2137
2171
2182
2180
2131
2109
2095
2102
2104
2054
2013
2010
2080
2134
2169
2217
2246
2191
2192
2120
2108
2289
2354
2385
2292
2080
1952
1916
1956
2005
2032
2063
2094
2074
1935
1915
1946
1968
1967
2106
2250
2297
2236
2190
2129
2084
2081
2110
2095
2034
1978
2041
2095
2066
2062
2120
2164
2074
1975
2018
2112
2119
2146
2214
2160
2026
1994
2053
2061
2004
2018
2109
2190
2207
2139
2070
2031
2078
2132
2228
2298
2236
2119
2143
2219
2184
2120
2128
2196
2177
2147
2113
2088
2131
2194
2043
1871
1923
2020
2062
2082
2116
2169
2224
2220
2156
1974
1792
1781
1905
2099
2172
2133
2014
1996
2126
2201
2196
2081
2067
2052
2118
2158
2152
2130
2140
2169
2086
1907
1896
2023
2206
2312
2388
2448
2416
2232
1992
1859
1834
1906
1880
1892
2056
2318
2469
2346
2043
1848
1900
1856
1931
2176
2394
2465
2405
2342
2182
1997
1953
1966
1981
2083
2257
2378
2414
2446
2416
2306
2151
2051
1962
1906
1936
2097
2231
2316
2399
2412
2211
1915
1752
1736
1797
1974
2206
2304
2193
2128
2127
2027
1871
1824
1786
1718
1761
1972
2112
2181
2277
2379
2413
2302
2171
1926
1712
1769
2026
2255
2365
2382
2248
1942
1701
1703
1912
2047
2065
2093
2155
2193
2197
2252
2312
2261
2079
1785
1597
1637
1921
2285
2514
2506
2330
2057
1789
1729
1922
2136
2174
2080
2096
2232
2376
2346
2138
1890
1614
1493
1552
1866
2185
2288
2331
2394
2335
2219
2183
2178
2099
2004
1963
1935
1900
1954
2090
2242
2227
2168
1977
1852
1931
2085
2329
2557
2545
2355
2133
2322
2435
2344
2148
1849
1661
1628
1753
2040
2394
2673
2729
2554
2166
1788
1541
1515
1773
2144
2499
2720
2657
2387
2058
1744
1643
1715
1907
2161
2333
2358
2190
1965
1792
1738
1783
1984
2264
2404
2343
2097
1835
1640
1655
1859
2188
2442
2491
2358
2021
1785
1712
1905
2206
2497
2636
2544
2278
1928
1656
1580
1736
2047
2425
2649
2637
2434
2137
1904
1870
1992
2250
2430
2467
2250
1899
1569
1460
1639
1982
2319
2499
2447
2223
1903
1669
1645
1775
2000
2229
2260
2145
1969
1859
1879
1992
2195
2382
2468
2343
2085
1795
1575
1608
1879
2224
2438
2457
2281
2012
1846
1803
1972
2234
2470
2548
2415
2118
1833
1658
1682
1817
2020
2179
2221
2216
2170
2584
2537
2270
1896
1728
1825
2038
2224
2287
2286
2144
1821
1563
1553
1486
1351
1540
1927
2228
2529
2881
3040
2873
2488
2069
1833
1758
1639
1635
1969
2392
2702
3025
3090
2514
1528
976
1023
1283
1646
2222
2601
2496
2344
2386
2334
2009
1907
2029
1916
1774
2086
2327
1904
1586
1811
2057
2171
2616
2955
2589
1985
1777
1845
1960
1957
1956
2022
2028
1989
2174
2383
2257
2071
2129
2159
2205
2557
2887
2760
2457
2346
2205
1875
1635
1649
1707
1612
1562
1892
2218
2352
2452
2494
2344
2188
2119
1927
1827
2037
2280
2256
2058
1981
1953
1902
1854
1811
1711
1830
2274
2565
2491
2461
2455
2117
1627
1604
1948
2149
2164
2290
2463
2484
2427
2303
2038
1665
2077
1913
1701
1561
1562
1726
1988
2207
2343
2354
2251
2078
1884
1776
1803
1949
2152
2320
2386
2357
2211
2076
2023
2098
2265
2434
2494
2425
2218
1943
1659
1483
1420
1543
1800
2123
2408
2567
2465
2199
1809
1463
1291
1380
1681
2045
2333
2444
2428
2259
2081
1973
1969
2098
2238
2319
2330
2276
2139
2017
1922
1847
1910
2045
2231
2325
2350
2227
2034
1841
1774
1879
2106
2315
2388
2343
2194
2106
2145
2264
2483
2674
2795
2781
2609
2240
1782
1396
1147
1158
1438
1847
2189
2390
2395
2269
2070
1934
1901
1982
2114
2235
2321
2281
2158
1966
1779
1641
1599
1678
1901
2194
2440
2576
2546
2406
2204
1949
1720
1552
1457
1483
1630
1921
2303
2664
2880
2877
2353
1614
1058
749
627
815
1395
2192
2892
3316
3589
3532
3049
2360
1827
1536
1374
1342
1534
1827
2005
2052
2120
2238
2317
2362
2460
2544
2597
2541
2392
2186
1940
1637
1399
1235
1233
1457
1844
2320
2693
2787
2672
2444
2248
2063
1904
1935
2184
2536
2751
2788
2634
2332
2051
1797
1570
1401
1559
2026
2577
2873
2797
2436
2033
1647
1369
1273
1348
1506
1867
2379
2893
3309
3481
3293
2713
1909
1174
591
200
158
547
1268
2056
2783
3384
3749
3641
2992
2096
1367
1011
992
1196
1482
1860
2400
2858
3041
2801
2178
1588
1342
1488
1848
2218
2438
2594
2690
2645
2355
1897
1450
1292
1398
1644
1860
2080
2290
2379
2174
1721
1126
570
302
577
1360
4095
4095
4095
4095
3483
2728
2036
1516
1171
1028
1066
1187
1462
1815
2181
2539
2837
3016
3113
3139
3108
3011
2905
2778
2628
2450
2187
1875
1585
1316
1125
871
621
304
0
1
0
0
2
0
478
1228
2021
2712
3248
3537
3613
3449
3024
2368
1499
474
2
1
1
1
0
87
1129
2222
3145
3827
4095
4095
4095
3699
3176
2594
2080
1781
1712
1960
2384
2921
3369
3640
3636
3361
2886
2251
1613
964
412
33
14
339
1023
1935
2917
3808
4095
4095
4095
4095
4095
4095
3744
2907
2028
1207
543
143
16
186
606
1280
2126
3054
3960
4095
4095
4095
4095
4039
3084
2123
1322
846
762
1003
1474
1982
2446
2795
2948
2827
2382
1731
728
195
2
1
2
2
2
4
0
1
2
211
742
1327
1918
2530
3127
3677
4095
4095
4095
4095
4095
4095
4095
4095
4095
4095
4095
3740
3057
2317
1568
813
156
0
0
1
1
0
1
0
1
0
0
1
0
234
917
1568
2226
2839
3411
3935
4095
4095
4095
4095
4095
4095
4095
4095
4095
4095
4095
3795
3235
2595
1958
1367
778
256
1
0
2
0
1
1
1
0
0
175
634
1158
1663
2167
2656
3083
3462
3744
3962
4092
4095
4095
4053
3894
3695
3392
3103
2777
2446
2113
1826
1554
1325
1142
1035
970
972
1039
1148
1304
1483
1721
1984
2246
2523
2770
3025
3216
3384
3510
3592
3626
3580
3449
3281
3008
4095
4095
4095
4095
4095
4095
4095
4095
4095
4095
4095
4095
4095
4095
3788
3360
2940
2502
2042
1600
1155
717
242
1
0
0
0
0
0
1
0
0
3
0
1
0
0
2
0
1
2
1
0
0
0
0
0
0
0
0
1
0
211
877
1527
2170
2799
3357
3952
4095
4095
4095
4095
4095
4095
4095
4095
4095
4095
4095
4095
4095
4095
4095
4095
4095
4095
4095
4095
4095
4095
4095
4095
4095
4095
4095
4095
4095
4095
3892
3311
2755
2215
1681
1161
679
194
0
1
0
0
1
1
1
0
1
0
1
1
1
0
1
0
0
2
0
2
0
0
1
0
1
0
1
1
0
0
17
1848
1744
1650
1561
1470
1386
1324
1246
1196
1122
1074
1006
944
881
839
803
765
709
667
640
596
568
552
517
483
473
444
421
399
366
367
353
346
333
334
335
310
318
318
306
328
326
320
328
327
324
319
326
342
356
371
390
404
421
422
444
466
509
516
520
557
574
592
620
641
657
705
724
732
766
822
859
899
906
949
980
1013
1047
1102
1127
1171
1217
1282
1341
1370
1410
1472
1517
1577
1640
1681
1740
1809
1850
1917
1998
2065
2111
2162
2232
2311
2368
2399
2461
2538
2596
2643
2714
2780
2864
2893
2983
3014
3096
3152
3191
3256
3311
3358
3415
3485
3519
3553
3606
3643
3661
3695
3741
