2097
2052
2048
2045
2065
2047
2073
2048
2089
2052
2096
2106
2106
2104
2070
2051
2109
2096
2082
2089
2067
2077
2088
2075
2089
2096
2069
2088
2063
2049
2077
2067
2065
2077
2071
2090
2092
2080
2054
2047
2069
2083
2053
2104
2088
2069
2087
2094
2085
2065
2088
2072
2091
2093
2095
2093
2108
2076
2071
2035
2074
2096
2080
2063
2079
2079
2100
2081
2069
2068
2077
2066
2110
2077
2090
2080
2112
2096
2062
2064
2073
2075
2086
2085
2068
2068
2078
2110
2083
2088
2094
2083
2098
2060
2090
2092
2086
2067
2080
2068
2069
2093
2094
2072
2093
2099
2087
2118
2093
2092
2072
2078
2088
2110
2102
2080
2093
2096
2100
2101
2092
2103
2106
2072
2074
2072
2080
2097
2089
2073
2097
2093
2107
2106
2099
2112
2066
2108
2126
2133
2132
2148
2128
2119
2106
2116
2098
2118
2098
2099
2126
2115
2062
2076
2100
2100
2072
2064
2109
2079
2079
2079
2079
2063
2063
2064
2037
2038
2034
2078
2059
2068
2061
2041
2020
2033
2049
2050
2077
2063
2076
2044
2049
2062
2050
2057
2066
2062
2105
2069
2074
2109
2108
2079
2051
2099
2100
2090
2088
2128
2137
2105
2104
2131
2113
2096
2118
2103
2118
2118
2118
2106
2089
2094
2085
2070
2084
2082
2053
2067
2044
2053
2023
2020
2020
2023
2015
1992
1977
2011
1988
1979
1997
2004
1996
2035
2018
2049
2056
2067
2080
2064
2112
2129
2142
2142
2145
2162
2132
2163
2150
2172
2181
2164
2184
2174
1853
1894
1972
2048
2099
2144
2255
2246
2320
2373
2340
2376
2386
2311
2262
2207
2157
2091
2017
1986
1991
1979
2007
2028
2088
2064
2081
2077
2058
2062
2054
2056
2026
2010
2020
2005
1994
2009
2060
2069
2082
2120
2158
2159
2194
2182
2199
2150
2126
2138
2111
2054
2038
2009
2027
2031
2040
2067
2112
2211
2276
2338
2392
2380
2414
2410
2384
2299
2275
2256
2172
2122
2024
1990
1957
1911
1870
1840
1899
1899
1948
1966
2017
2068
2125
2117
2166
2163
2165
2080
2008
1981
1922
1850
1800
1780
1793
1798
1866
1947
2001
2046
2141
2185
2196
2264
2302
2319
2299
2282
2276
2267
2246
2194
2187
2139
2082
2043
2004
2007
1994
1999
2042
2082
2116
2148
2189
2240
2411
2368
2204
1937
1770
1832
2081
2296
2325
2176
1956
1739
1628
1665
1839
2040
2154
2198
2256
2342
2352
2239
2078
1978
1989
2110
2289
2496
2651
2605
2375
2131
2053
2146
2226
2220
2218
2230
2185
2067
2020
2096
2144
2064
1926
1817
1754
1748
1857
2037
2164
2189
2158
2120
2071
2038
2007
1946
1864
1753
1720
1787
1904
2030
2130
2177
2190
2201
2213
2220
2217
2247
2281
2279
2204
2166
2182
2166
2098
2092
2190
2233
2167
2052
2044
2117
2114
2054
2050
2159
2221
2148
2039
1990
1970
1941
1940
1983
2056
2034
1910
1795
1833
1970
2052
2056
2045
2072
2104
2086
2054
2022
2002
1956
1948
2034
2150
2157
2040
1936
1983
2160
2348
2420
2361
2176
1990
1922
2574
2512
2313
2040
1804
1664
1688
1872
2075
2287
2360
2305
2193
2023
1908
1924
2057
2232
2405
2481
2444
2339
2182
2059
2056
2101
2213
2284
2281
2180
2049
1898
1850
1854
1961
2113
2224
2240
2148
2009
1894
1870
1900
2050
2214
2355
2367
2255
2057
1819
1714
1663
1760
1931
2186
2391
2490
2464
2365
2182
2032
1902
1861
1880
2001
2083
2104
2078
2059
2054
2099
2133
2203
2280
2311
2249
2178
2058
2009
1993
2012
2098
2184
2301
2331
2275
2187
2040
1941
1888
1870
1919
2049
2163
2278
2326
2284
2144
2006
1899
1802
1816
1876
1947
2020
2028
2072
2070
2104
2090
2081
2080
2092
2056
2033
2002
1996
2064
2146
2234
2280
2269
2209
2095
1973
1897
1908
1994
1904
2095
2173
2276
2434
2370
2198
2071
1910
1874
2039
2148
2140
2108
2100
2088
2114
2076
1963
1793
1734
1843
1860
1904
2203
2373
2270
2201
2184
1981
1861
1924
2029
2133
2144
2025
2010
2072
2045
1955
1946
2104
2333
2495
2595
2596
2294
1860
1776
1787
1658
1683
2022
2274
2318
2416
2518
2416
2221
2117
2080
2002
1950
1953
1922
1956
2076
2052
1819
1748
1990
2241
2388
2524
2558
2357
2105
1900
1746
1779
1946
2075
2172
2288
2398
2459
2369
2195
2148
2272
2368
2351
2206
2041
1896
1765
1696
1796
1996
2097
2210
2324
2419
2537
2544
2249
1872
1824
1948
1863
1678
1692
1885
2104
2266
2368
2319
2043
1696
1608
1736
1901
2026
2176
2369
2528
2440
2066
2321
2369
2339
2158
1836
1716
1872
2025
2028
2105
2348
2482
2418
2320
2206
1998
1803
1785
1862
1906
1958
2040
2118
2219
2322
2253
1983
1813
1839
1995
2178
2379
2440
2279
2073
1963
1928
2068
2390
2465
2148
1890
1948
2138
2282
2333
2248
2141
2185
2253
2256
2274
2239
1983
1679
1514
1592
2028
2660
2832
2338
1759
1575
1692
2049
2394
2308
1981
1879
2033
2152
2240
2232
2018
1816
1817
1992
2292
2599
2623
2303
1848
1660
1920
2422
2846
2886
2611
2452
2376
2040
1629
1397
1209
1158
1590
2097
2084
1982
2123
2145
2036
1974
1787
1572
1660
1988
2363
2608
2475
2166
1935
1804
1908
2132
1990
1691
1660
1802
2021
2269
2185
1870
1802
1923
2090
2149
2063
1779
1888
2066
2233
2268
2210
2091
2026
2036
2064
2009
1808
1607
1665
2031
2534
2809
2717
2324
1921
1716
1878
2216
2455
2366
1968
1581
1534
1922
2563
3038
3004
2425
1580
954
884
1455
2296
2916
2960
2454
1750
1332
1482
2065
2689
2913
2596
1951
1462
1523
2101
2742
3050
2787
2118
1417
1156
1509
2245
2885
3077
2752
2196
1666
1451
1564
1865
2134
2221
2179
2102
2060
2142
2295
2327
2188
1966
1799
1760
1800
1891
2051
2233
2361
2369
2312
2179
2039
1967
1940
1885
1827
1838
1914
2002
2109
2141
2115
2011
1910
1904
2034
2226
2360
2293
2097
1967
1977
2172
2432
2643
2681
2485
2156
1816
1600
1680
1983
2277
2384
2311
2127
1928
1793
1795
1925
2043
624
1056
1688
2000
2212
2266
2034
1874
2015
2275
2541
2608
2472
2263
2056
1904
1785
1576
1218
1025
1325
2151
3153
3599
3382
3075
2682
2038
1600
1591
1381
1075
1374
1926
2145
2296
2304
1806
1299
1393
1813
2198
2539
2765
2606
2143
1795
1601
1394
1356
1571
1910
2281
2673
2984
2908
2446
1884
1354
909
938
1501
2078
2506
2948
3186
2866
2345
1827
1404
1350
1724
2054
2291
2615
2596
2102
1802
1789
1698
1892
2426
2668
2747
2981
2873
2297
1876
1666
1410
1349
1813
2347
2482
2363
2082
1624
1371
1552
1853
2129
2360
2263
1845
1657
1869
1943
1936
2144
2247
2056
1997
2071
2046
2040
2057
2060
2220
2381
2272
2320
2619
2516
2114
2104
2391
2457
2373
3240
3596
3457
2854
2084
1442
1110
1253
1690
2234
2604
2660
2464
2172
1994
1937
1858
1662
1456
1352
1468
1885
2402
2805
2776
2280
1485
864
740
1147
1852
2495
2749
2587
2258
2088
2224
2474
2621
2541
2328
2051
1857
1775
1846
1996
2247
2508
2629
2658
2552
2378
2198
2017
1896
1865
1981
2138
2234
2112
1773
1424
1295
1365
1595
1893
2276
2770
3165
3303
3054
2618
2304
2200
2126
1903
1378
913
704
812
1118
1433
1848
2390
2837
2930
2610
2128
1724
1564
1583
1834
2360
3077
3624
3592
3015
2350
1896
1591
1319
1187
1324
1526
1624
1555
1560
1814
2216
2394
2308
2161
2265
2534
2696
2743
2920
3319
3522
3385
3026
2791
2604
2120
1220
379
270
876
1070
1700
2522
3322
3845
3934
3463
2531
1310
145
1
2
1
825
1912
2824
3539
4041
4095
3980
3317
2536
2111
2085
2247
2261
2084
1736
1351
880
575
461
617
1132
1914
2921
3955
4095
4095
4095
3134
1683
427
2
1
3
539
1524
2305
2641
2550
2152
1554
970
641
854
1751
3100
4095
4095
4095
4095
3208
1453
0
0
1
1
308
1943
3518
4095
4095
3511
2422
1522
1226
1588
2504
3703
4095
4095
4095
2969
934
0
2
1
1
857
2571
4030
4095
4095
3822
2742
1794
1396
1543
2215
3214
4087
4095
3524
1982
86
3
2
0
1
1716
3924
4095
4095
4095
4051
2661
1328
484
317
700
1279
1704
1807
1648
1319
931
716
3580
3975
4095
4095
4095
4095
4095
4095
3614
2684
1744
860
178
4
2
1
2
76
622
1238
1750
1975
1898
1558
1125
765
616
676
905
1301
1918
2644
3328
3749
3836
3535
2950
2224
1536
960
480
17
3
4
3
4
1
3
1
3
349
1142
1936
2659
3298
3888
4095
4095
4095
4095
4095
4095
4095
4095
4095
4095
4095
4095
4095
4036
3598
2963
2184
1375
658
224
166
544
1320
2313
3284
4004
4095
4035
3391
2513
1453
274
3
2
2
1
2
2
1
2
940
2544
3949
4095
4095
4095
4095
4095
4095
3067
1753
338
1
2
2
3
4
3
2
309
1912
3412
4095
4095
4095
4095
4095
4095
3573
2616
1839
1409
1939
878
2
2
4
2
2
2
3
0
3
1
1
1
2
62
1618
3339
4095
4095
4095
4095
4095
4095
4095
4095
4095
4095
4095
3769
2709
1768
1039
515
204
101
148
347
649
1005
1385
1754
2072
2294
2409
2403
2254
1985
1640
1241
850
508
272
207
340
658
1163
1799
2561
3360
4095
4095
4095
4095
4095
4095
4095
4095
4095
4095
4095
4095
3572
2330
1037
2
3
2
3
2
4
3
2
3
3
2
57
1559
3327
4095
4095
4095
4095
4095
4095
4095
4095
4095
4095
4095
4095
2786
670
3
0
3
1
3
2
2
1
2
1
1
1
2
0
1658
4095
4095
4095
4095
4095
4095
4095
4095
4095
4095
4095
4095
4095
4095
4095
4095
4095
4095
4095
4095
4095
4095
4095
4095
4095
4095
4095
4095
4095
4095
4095
4095
4095
4095
3845
3544
3243
2961
2675
2400
2110
1848
1580
1307
1052
802
546
310
86
3
2
2
3
3
1
3
4
3
3
3
3
2
4
1
1
3
3
2
1
2
4
1
3
4
2
2
2
2
1
1
3
2
3
2
4
3
1
2
1
20
432
867
1314
1763
2196
2635
3058
3466
3872
4095
4095
4095
4095
4095
4095
4095
4095
4095
4095
4095
4095
4095
4095
4095
4095
4095
4095
4095
4095
4095
4095
4095
4095
4095
4095
4095
4095
4095
4095
4095
4095
4095
4095
4095
4095
4095
4095
4095
2272
2305
2370
2433
2472
2532
2586
2644
2680
2741
2790
2838
2896
2934
2975
3017
3058
3106
3152
3183
3222
3264
3304
3339
3374
3405
3436
3464
3494
3527
3563
3590
3610
3626
3650
3674
3694
3712
3733
3748
3772
3779
3798
3814
3825
3832
3839
3846
3856
3862
3866
3876
3890
3884
3887
3888
3887
3885
3883
3884
3876
3865
3860
3857
3853
3841
3831
3814
3806
3798
3794
3774
3769
3754
3740
3728
3716
3689
3680
3662
3653
3633
3618
3598
3572
3545
3532
3512
3488
3474
3443
3423
3404
3380
3350
3332
3310
3280
3254
3243
3215
3180
3156
3126
3103
3079
3050
3014
2994
2968
2935
2890
2868
2852
2814
2790
2768
2727
2701
2672
2640
2612
2591
2560
2536
2504
2473
2441
