2110
2104
2112
2107
2104
2098
2099
2105
2101
2108
2088
2096
2102
2118
2119
2115
2111
2115
2109
2108
2103
2099
2114
2104
2092
2107
2117
2100
2102
2099
2104
2112
2108
2114
2114
2112
2113
2109
2117
2097
2115
2094
2090
2097
2098
2094
2095
2087
2100
2095
2096
2101
2104
2080
2076
2073
2082
2080
2079
2090
2095
2075
2076
2068
2070
2077
2072
2066
2053
2072
2063
2049
2065
2055
2048
2058
2041
2065
2065
2070
2052
2047
2059
2047
2045
2044
2046
2044
2042
2054
2056
2045
2057
2044
2036
2044
2040
2040
2037
2027
2022
2030
2041
2027
2044
2034
2035
2037
2027
2035
2035
2028
2042
2040
2043
2058
2047
2044
2068
2056
2046
2054
2067
2044
2056
2073
2067
2064
2081
2101
2103
2092
2091
2098
2082
2088
2092
2095
2094
2117
2102
2098
2100
2106
2116
2097
2092
2098
2088
2085
2098
2096
2104
2091
2073
2093
2097
2084
2096
2091
2084
2099
2114
2097
2120
2112
2101
2108
2122
2097
2088
2101
2101
2099
2107
2094
2080
2087
2100
2091
2112
2111
2102
2100
2100
2099
2103
2090
2107
2093
2096
2086
2083
2082
2105
2110
2092
2098
2100
2107
2084
2099
2121
2098
2104
2093
2096
2086
2105
2093
2093
2097
2109
2094
2099
2102
2094
2106
2107
2098
2098
2097
2100
2079
2083
2093
2093
2089
2093
2101
2098
2097
2095
2110
2115
2091
2102
2103
2102
2109
2100
2114
2109
2101
2100
2116
2111
2105
2100
2107
2092
2076
2092
2095
2092
2100
2222
2208
2183
2164
2150
2124
2110
2114
2110
2088
2064
2052
2034
2020
2001
1995
2000
1975
1970
1944
1925
1919
1906
1907
1903
1888
1880
1868
1871
1871
1875
1854
1841
1832
1853
1862
1842
1852
1866
1853
1861
1837
1840
1872
1866
1872
1874
1894
1867
1879
1902
1907
1930
1902
1902
1927
1923
1931
1939
1940
1935
1954
1978
1985
2010
2032
2053
2059
2065
2097
2108
2143
2185
2192
2207
2212
2253
2267
2299
2316
2343
2359
2363
2369
2403
2418
2420
2440
2462
2438
2461
2463
2467
2467
2477
2464
2454
2442
2440
2417
2408
2400
2377
2336
2354
2332
2314
2298
2248
2223
2175
2163
2126
2098
2057
2020
1997
1974
1955
1923
1914
1876
1833
1812
1797
1783
1776
1742
2303
2325
2316
2297
2269
2225
2176
2152
2125
2104
2120
2141
2173
2203
2238
2280
2306
2322
2314
2283
2246
2186
2128
2085
2019
1988
1974
1954
1957
1984
2018
2033
2066
2069
2079
2080
2073
2024
1978
1929
1869
1851
1830
1832
1856
1911
1983
2075
2166
2238
2324
2371
2396
2391
2349
2305
2270
2212
2132
2067
2066
2066
2090
2120
2146
2176
2231
2272
2295
2280
2278
2258
2262
2249
2239
2210
2209
2187
2154
2126
2109
2049
1977
1920
1885
1846
1814
1788
1771
1753
1763
1760
1774
1824
1856
1882
1906
1921
1950
1966
1972
1999
2025
2087
2114
2172
2250
2290
2326
2339
2352
2330
2329
2290
2284
2292
2323
2338
2386
2436
2424
2413
2385
2293
2226
2143
2094
2084
1996
1921
1907
1913
1970
2014
2051
2073
2043
2024
1954
1887
1808
1788
1782
1843
1930
2073
2166
2312
2421
2504
2570
2601
2646
2665
2715
2708
2727
2672
2616
2494
2377
2192
2011
1816
1704
1566
1461
1405
1389
1371
1355
1355
1337
1387
1477
1631
1813
2015
2253
2480
2704
2917
3030
3075
3084
2989
2884
2733
2542
2364
2187
2046
1936
1780
1688
1609
1493
1436
1447
1456
1518
1618
1737
1909
2096
2241
2365
2482
2556
2588
2572
2564
2496
2420
2315
2209
2119
2030
1900
1792
1716
1671
1646
1688
1770
1880
2015
2200
2357
2516
2627
2693
2714
2637
2505
2387
2190
2032
1889
1768
1694
1680
1658
1713
1762
1843
1920
1959
1951
1956
1955
1942
1978
2017
2090
2192
2083
2208
2261
2349
2438
2480
2511
2496
2496
2436
2330
2261
2119
2002
1858
1762
1648
1620
1654
1716
1766
1944
2117
2269
2404
2533
2574
2567
2529
2389
2319
2204
2087
1993
1893
1753
1658
1635
1586
1605
1698
1827
1982
2159
2341
2507
2592
2664
2711
2688
2660
2608
2562
2463
2366
2268
2128
1951
1805
1664
1572
1484
1414
1481
1535
1657
1880
2125
2322
2548
2710
2822
2858
2814
2727
2540
2296
2071
1845
1670
1536
1507
1500
1555
1662
1780
1926
2087
2168
2264
2293
2360
2362
2315
2300
2225
2171
2110
2061
2053
2069
2125
2198
2245
2343
2390
2408
2438
2338
2270
2158
2063
1974
1928
1878
1840
1849
1840
1862
1824
1862
1896
1937
1972
2002
2088
2128
2168
1468
1605
1819
1947
2039
2213
2400
2598
2730
2734
2672
2619
2644
2757
2804
2802
2611
2314
2087
1935
1869
1769
1614
1394
1181
1081
1144
1316
1492
1606
1677
1710
1779
1993
2264
2516
2647
2608
2476
2356
2410
2510
2591
2520
2348
2122
2013
2005
1990
1999
1907
1768
1652
1638
1678
1826
2007
2198
2346
2480
2532
2580
2562
2549
2540
2455
2412
2334
2270
2214
2147
2045
2011
1999
1979
1944
1835
1713
1588
1549
1539
1555
1591
1713
1910
2139
2329
2469
2480
2477
2492
2550
2656
2704
2698
2618
2531
2405
2304
2232
2160
2100
2023
1928
1806
1707
1639
1686
1709
1744
1791
1840
1956
2078
2139
2191
2190
2190
2203
2219
2265
2203
2172
2192
2203
2190
2237
2250
1636
1492
1445
1495
1609
1795
1995
2210
2368
2457
2504
2485
2381
2244
2050
1863
1724
1622
1614
1690
1881
2061
2282
2464
2552
2528
2462
2318
2155
1973
1823
1695
1605
1601
1718
1900
2189
2524
2803
3026
3119
3096
2900
2587
2214
1780
1421
1154
1025
1026
1143
1392
1747
2169
2604
2986
3237
3289
3156
2864
2449
1964
1516
1174
997
957
1074
1324
1714
2154
2605
2978
3242
3291
3210
2940
2570
2108
1698
1367
1136
1107
1237
1513
1873
2290
2692
3025
3212
3238
3047
2699
2251
1731
1209
808
589
559
706
1051
1462
1944
2415
2828
3098
3190
3138
2930
2616
2232
1848
1540
1348
1286
1355
1563
1876
2253
2635
2954
3190
3277
3246
3054
2754
2402
2078
1741
626
725
952
1257
1574
1881
2210
2570
2948
3269
3487
3550
3480
3328
3162
2995
2838
2672
2505
2371
2296
2294
2312
2267
2141
1965
1815
1720
1683
1660
1618
1538
1467
1491
1663
1923
2184
2304
2252
2083
1868
1725
1688
1692
1734
1752
1767
1859
2050
2346
2614
2741
2696
2558
2400
2276
2195
2130
2036
1878
1711
1618
1571
1553
1498
1403
1342
1376
1556
1888
2305
2728
3082
3354
3544
3593
3441
3078
2580
2042
1620
1343
1215
1149
1116
1113
1197
1385
1642
1895
2045
2086
2074
2084
2172
2331
2484
2550
2498
2389
2268
2144
2003
1864
1742
1601
1562
1627
1826
2106
2382
2584
2642
2584
2490
2402
2332
2314
2254
2183
2112
2136
2230
2328
2325
2202
1990
1749
838
866
997
1240
1583
1992
2460
2923
3320
3569
3649
3546
3193
2715
2132
1512
947
572
381
442
725
1200
1765
2359
2914
3346
3600
3659
3545
3238
2798
2285
1720
1213
815
597
562
754
1152
1698
2310
2905
3381
3671
3740
3587
3279
2830
2357
1844
1366
974
654
430
371
418
649
1034
1532
2108
2664
3121
3426
3514
3404
3136
2766
2376
1999
1738
1564
1506
1518
1605
1708
1790
1890
1941
1984
2016
2028
2043
2055
2078
2126
2198
2297
2374
2438
2454
2415
2312
2140
2004
1880
1818
1837
1944
2111
2305
2500
2667
2772
2800
2736
2626
2443
2244
1978
1713
1460
1224
1049
919
911
1007
1196
1491
1830
2181
2512
2809
3010
3090
3089
2981
2778
2499
2681
3327
3834
4095
4095
4095
3846
3327
2686
1976
1247
564
73
3
2
2
252
839
1568
2313
3040
3668
4095
4095
4095
4095
3629
2942
2120
1290
536
3
2
1
1
438
1127
1895
2679
3384
3980
4095
4095
4095
4095
3636
2954
2185
1439
797
372
208
337
664
1169
1773
2399
2977
3448
3766
3885
3787
3442
2924
2251
1539
899
352
1
2
22
367
909
1544
2207
2790
3288
3628
3838
3871
3791
3575
3268
2878
2418
1957
1549
1243
1071
1052
1138
1284
1415
1505
1515
1493
1437
1408
1450
1581
1811
2096
2373
2660
2843
2929
2897
2775
2561
2278
2011
1799
1717
1778
1985
2334
2759
3183
3522
3686
3659
3416
2936
2317
1612
916
282
1
1107
957
970
1050
1170
1336
1609
1976
2419
2864
3241
3494
3588
3535
3360
3122
2864
2646
2500
2400
2272
2064
1744
1366
1056
934
1044
1287
1544
1688
1715
1695
1790
2070
2464
2815
2990
2914
2686
2484
2432
2542
2710
2758
2587
2223
1766
1363
1084
899
796
718
695
784
1005
1366
1789
2248
2684
3073
3380
3577
3616
3490
3250
2984
2759
2608
2463
2238
1853
1359
827
412
193
151
254
435
697
1056
1552
2151
2819
3433
3885
4084
4037
3794
3412
3006
2623
2319
2051
1800
1468
1063
642
319
180
289
600
1030
1483
1886
2260
2656
3121
3631
4091
4095
4095
4095
3697
3102
2462
1784
1100
456
1
1
1
86
489
872
1167
1402
1704
2181
387
191
193
410
836
1388
2061
2741
3363
3857
4095
4095
4095
3702
3144
2414
1637
902
287
2
1
3
106
664
1392
2161
2898
3510
3899
4054
3967
3664
3192
2617
2021
1463
1002
690
573
649
873
1276
1790
2367
2918
3377
3668
3738
3609
3276
2761
2149
1508
909
454
190
150
343
710
1222
1766
2293
2720
3022
3178
3189
3095
2892
2632
2326
1994
1689
1426
1234
1127
1180
1365
1696
2131
2584
2972
3205
3238
3062
2733
2316
1944
1646
1517
1569
1761
2052
2382
2659
2866
2980
3000
2915
2748
2499
2114
1655
1111
571
101
2
1
28
580
1409
2366
3288
4062
4095
4095
4095
4095
3714
2944
2069
1162
328
2
2
3
4
3
193
4095
3768
2219
672
3
4
3
3
3
2
2
3
30
1420
2969
4095
4095
4095
4095
4095
4095
4095
3596
2746
1888
1105
492
125
104
456
1205
2264
3498
4095
4095
4095
4095
4095
4095
4095
4095
3229
1534
3
2
4
2
2
4
3
4
3
2
474
1923
3320
4095
4095
4095
4095
4095
4095
4095
3341
2276
1384
715
331
218
351
698
1237
1929
2713
3530
4095
4095
4095
4095
4095
4095
4095
3973
2874
1740
694
4
4
2
3
5
1
3
4
3
3
4
3
891
1977
2924
3712
4095
4095
4095
4095
4095
4095
4095
4095
4095
4095
4095
4095
3942
2821
1687
609
2
4
3
4
4
4
2
2
1
3
2
3
1537
3656
4095
4095
4095
4095
4095
4095
4095
4095
4095
4095
4095
4015
2291
506
3
2
2
3
2
1
3
4
2
3
752
2239
3619
4095
4095
4095
4095
4095
4095
4095
4095
4095
3910
2636
1292
2
2
0
3
2
2
3
2
2
10
1155
2506
3744
4095
4095
4095
4095
4095
4095
4095
4095
4095
4095
3052
1871
712
1
2
0
1
1
2
3
1
0
192
1253
2301
3225
3984
4095
4095
4095
4095
4095
4095
4095
3981
3342
2618
1814
1012
253
1
1
1
0
0
1
0
343
1017
1678
2306
2856
3318
3710
4032
4095
4095
4095
4095
4095
4095
3684
2918
2015
1095
242
0
1
1
2
1
0
