2107
2092
2096
2084
2095
2086
2113
2077
2073
2074
2074
2084
2085
2080
2065
2095
2096
2087
2085
2085
2091
2081
2091
2091
2088
2083
2088
2079
2083
2081
2097
2079
2082
2103
2099
2091
2098
2093
2080
2094
2095
2093
2090
2084
2105
2097
2104
2095
2087
2096
2073
2087
2096
2106
2078
2086
2085
2089
2108
2100
2089
2091
2097
2107
2096
2112
2104
2099
2083
2076
2114
2112
2094
2103
2084
2116
2096
2093
2073
2087
2095
2089
2085
2075
2080
2099
2082
2079
2086
2106
2076
2080
2091
2111
2116
2103
2097
2113
2110
2106
2095
2115
2089
2099
2082
2111
2099
2116
2096
2108
2086
2106
2105
2078
2097
2089
2101
2098
2082
2117
2098
2102
2090
2103
2095
2092
2101
2107
2097
2092
2096
2097
2101
2107
2095
2112
2105
2118
2114
2108
2109
2095
2085
2098
2113
2114
2080
2107
2094
2100
2101
2102
2096
2096
2090
2086
2101
2093
2104
2100
2089
2095
2101
2092
2113
2096
2102
2092
2119
2099
2086
2108
2076
2096
2105
2089
2091
2083
2095
2108
2098
2076
2096
2093
2100
2098
2093
2094
2099
2076
2114
2111
2109
2105
2103
2103
2100
2086
2119
2111
2104
2107
2081
2105
2109
2103
2108
2119
2103
2126
2106
2128
2102
2096
2104
2111
2105
2111
2088
2106
2111
2108
2099
2099
2100
2104
2096
2094
2123
2127
2115
2110
2120
2119
2106
2104
2110
2118
2097
2088
2086
2109
2097
2099
2096
2110
2119
2090
2081
2075
2106
2119
2104
2090
2100
2120
2069
2079
2083
2106
2106
2109
2105
2144
2119
2147
2129
2147
2175
2180
2202
2196
2202
2212
2212
2231
2213
2220
2219
2206
2231
2227
2244
2266
2250
2249
2264
2249
2260
2243
2262
2261
2265
2259
2257
2260
2239
2244
2261
2259
2266
2244
2212
2252
2239
2211
2206
2202
2200
2202
2199
2202
2183
2166
2169
2157
2144
2158
2136
2106
2111
2117
2081
2085
2071
2086
2080
2048
2019
2028
2000
2005
2021
2024
2014
2000
2006
1989
1980
1984
1961
1978
1980
1982
1977
1960
1965
1958
1968
1975
1947
1961
1980
1996
1991
2004
1993
2033
2043
2040
2034
2081
2067
2085
2099
2116
2119
2128
2095
2099
2113
2144
2153
2144
2146
2161
2194
2201
2179
2186
2175
2192
2145
2163
2222
2208
2200
2226
2239
2251
2261
2248
2243
2213
2231
2216
2197
2144
2139
2122
2078
2042
2030
1991
1956
1911
1910
1879
1866
1848
1824
1817
1820
1806
1817
1808
1809
1813
1843
1856
1851
1888
1894
1925
1944
1950
1956
1957
1976
1992
2031
2076
2075
2105
2144
2160
2198
2240
2241
2252
2263
2286
2300
2323
2328
2328
2367
2346
2354
2377
2356
2352
2341
2321
2296
2274
2237
2216
2192
2157
2130
2108
2106
2075
2064
2043
2013
1960
1935
1929
1897
1869
1837
1823
1824
1831
1840
1860
1901
1939
1926
1934
1935
1946
1973
2002
2015
2053
2080
2098
2162
2185
2234
2280
2301
2313
2334
2345
2373
2409
2399
2434
2428
2394
2400
2362
2372
2319
2302
2274
2253
2253
2144
2147
2159
2164
2153
2178
2170
2157
2134
2101
2085
2061
2026
1993
1979
1958
1951
1941
1960
1981
2011
2076
2137
2196
2240
2300
2296
2342
2373
2380
2374
2344
2308
2245
2191
2143
2076
1998
1940
1897
1832
1795
1781
1767
1780
1802
1831
1888
1976
2040
2124
2180
2249
2274
2280
2323
2317
2277
2233
2187
2097
2056
2005
1915
1858
1814
1796
1770
1755
1791
1829
1882
1943
2035
2136
2214
2297
2370
2430
2476
2498
2513
2495
2452
2392
2327
2275
2190
2105
2023
1948
1891
1851
1852
1839
1880
1903
1968
2012
2084
2163
2239
2280
2324
2371
2368
2355
2325
2259
2201
2118
2050
1967
1906
1845
1813
1794
1789
1812
1842
1892
1996
2050
2151
2241
2322
2394
2426
1935
1995
2032
2071
2108
2152
2175
2203
2221
2240
2263
2224
2189
2130
2081
1986
1902
1864
1813
1784
1790
1783
1812
1872
1916
1995
2024
2118
2158
2148
2121
2091
2017
1977
1925
1881
1895
1909
1976
2039
2119
2203
2288
2356
2394
2402
2380
2359
2305
2201
2136
2078
2022
2016
2004
2043
2053
2087
2114
2146
2144
2158
2159
2103
2086
2072
2061
2008
1958
1922
1896
1861
1894
1946
2012
2080
2147
2171
2181
2144
2082
2105
2085
2124
2197
2299
2386
2458
2486
2479
2432
2396
2343
2301
2277
2255
2220
2205
2156
2092
2020
1973
1915
1838
1735
1690
1629
1560
1562
1643
1731
1840
2003
2149
2270
2345
2388
2401
2406
2446
2438
2447
2424
2370
2322
2234
2162
2097
1935
1928
2001
2080
2198
2308
2363
2363
2354
2308
2257
2222
2161
2143
2113
2105
2078
2065
2064
2078
2026
1996
1926
1853
1848
1855
1918
1986
2018
2030
2012
2000
2014
2026
2060
2095
2146
2202
2233
2256
2235
2232
2212
2180
2169
2185
2164
2123
2072
2048
1981
1962
1945
1964
1974
2026
2061
2096
2107
2128
2151
2197
2254
2281
2279
2284
2240
2165
2093
2036
1963
1861
1775
1692
1637
1616
1650
1742
1865
2019
2173
2308
2468
2562
2654
2748
2769
2740
2699
2557
2408
2234
2076
1920
1780
1639
1531
1454
1410
1411
1453
1539
1670
1818
1968
2138
2301
2437
2552
2655
2707
2712
2667
2600
2491
2373
2184
2036
1827
1639
1498
1396
1373
1406
1540
1705
1915
2134
1902
1904
1934
1988
2027
2088
2116
2141
2129
2130
2114
2054
2030
2016
2001
2014
2057
2153
2270
2391
2484
2567
2607
2592
2515
2400
2256
2049
1861
1647
1536
1458
1469
1541
1713
1906
2163
2366
2550
2615
2651
2581
2447
2276
2111
1983
1837
1771
1767
1809
1879
1973
2065
2112
2138
2092
2075
2024
1960
1906
1841
1804
1752
1744
1761
1746
1780
1856
1902
1958
2042
2118
2242
2342
2430
2541
2609
2656
2661
2681
2629
2545
2439
2280
2119
1970
1826
1694
1639
1632
1691
1743
1856
1944
1980
2016
2025
2029
2038
2029
2031
2057
2108
2162
2225
2265
2265
2274
2234
2212
2171
2118
2131
2152
2184
2211
2250
2260
2235
2171
2060
1915
1760
1632
1534
1499
1556
1654
2196
2136
2066
2011
1960
1954
1970
2000
2037
2063
2045
2025
2025
2030
2076
2102
2102
2072
2018
1942
1928
1953
1995
2021
2060
2086
2125
2165
2216
2243
2233
2226
2191
2124
2099
2098
2115
2142
2177
2220
2216
2203
2141
2100
2069
2065
2072
2049
2080
2100
2112
2116
2090
2049
2034
2050
2104
2177
2225
2282
2308
2323
2327
2328
2276
2187
2062
1915
1822
1701
1607
1570
1569
1592
1685
1801
1902
2015
2121
2240
2323
2379
2466
2491
2476
2444
2416
2357
2250
2150
2033
1936
1815
1713
1657
1605
1581
1638
1712
1862
1988
2122
2250
2340
2419
2498
2545
2543
2504
2459
2396
2294
2179
2072
1949
1895
1820
1805
1804
1806
1860
1914
1980
2062
2159
2245
2324
2400
1788
1718
1684
1707
1763
1873
1981
2106
2237
2376
2478
2500
2527
2506
2440
2369
2265
2145
2055
1977
1906
1881
1862
1911
2000
2104
2229
2344
2438
2478
2504
2485
2423
2320
2204
2074
1927
1830
1749
1695
1684
1692
1737
1830
1933
2026
2173
2286
2395
2472
2511
2537
2532
2473
2416
2316
2204
2066
1923
1807
1664
1555
1470
1431
1421
1509
1638
1811
1991
2204
2418
2591
2717
2791
2811
2749
2631
2486
2307
2128
1957
1813
1732
1701
1706
1755
1817
1926
2025
2139
2240
2301
2365
2407
2374
2349
2264
2199
2089
1982
1881
1773
1732
1698
1668
1670
1706
1769
1866
1932
2003
2094
2153
2190
2235
2234
2211
2179
2133
2068
2002
1990
1979
1994
2057
2133
2209
2264
2604
2443
2261
2118
1992
1983
1963
1933
1880
1807
1757
1696
1635
1568
1513
1461
1459
1499
1564
1703
1863
2040
2219
2426
2587
2713
2794
2862
2889
2932
2895
2781
2597
2355
2116
1970
1893
1856
1845
1805
1754
1765
1803
1887
2039
2189
2329
2415
2467
2461
2428
2357
2294
2192
2086
1952
1781
1614
1468
1341
1308
1334
1407
1485
1595
1719
1921
2108
2368
2612
2716
2762
2709
2673
2607
2595
2610
2633
2615
2522
2375
2210
2102
1995
1942
1875
1816
1767
1720
1718
1740
1764
1840
1881
1905
1878
1903
1947
2006
2057
2138
2181
2196
2239
2288
2364
2447
2500
2501
2431
2332
2192
2045
1896
1806
1717
1621
1592
1576
1588
1638
1692
1771
1887
1983
2065
2195
2282
2115
1977
1856
1760
1704
1694
1726
1746
1832
1928
2032
2180
2284
2360
2432
2502
2525
2524
2464
2374
2244
2068
1883
1720
1591
1510
1527
1573
1685
1855
2063
2259
2440
2638
2815
2954
3030
3059
3045
2945
2783
2572
2293
2002
1725
1474
1267
1157
1102
1161
1280
1420
1625
1922
2163
2383
2626
2821
2930
2959
2874
2706
2456
2107
1784
1486
1254
1044
980
976
1062
1228
1463
1762
2066
2393
2705
3013
3236
3356
3383
3329
3131
2827
2493
2114
1758
1425
1176
1018
940
970
1095
1322
1575
1850
2099
2347
2561
2689
2785
2807
2727
2640
2497
2340
2188
2064
1950
1942
1998
2102
2216
2370
2451
2527
2525
2492
2396
2254
2086
1874
1657
1415
1245
1105
1043
1031
1086
815
673
656
815
1025
1260
1467
1634
1819
2016
2274
2523
2731
2840
2846
2714
2521
2282
2099
2017
1992
2063
2109
2137
2123
2212
2320
2486
2705
2857
2916
2897
2792
2629
2500
2361
2261
2204
2188
2169
2141
2018
1863
1658
1492
1324
1248
1237
1254
1280
1261
1272
1317
1426
1640
1914
2255
2622
2880
3052
3152
3129
3046
2923
2746
2553
2332
2121
1927
1755
1657
1635
1702
1846
2054
2248
2422
2516
2541
2570
2568
2554
2562
2553
2497
2361
2226
2004
1785
1562
1367
1209
1117
1057
1075
1160
1333
1547
1757
1933
2107
2250
2361
2465
2560
2592
2542
2421
2239
2048
1933
1923
1989
2122
2273
2435
2619
2813
2976
3092
3147
3122
2988
2802
2494
2140
1711
2824
2202
1529
900
351
1
0
89
523
1176
1941
2743
3503
4095
4095
4095
4095
4095
4095
3458
2569
1576
590
0
0
1
0
0
0
170
1159
2211
3186
3950
4095
4095
4095
4095
3971
3266
2456
1625
871
314
0
6
243
769
1513
2349
3228
3977
4095
4095
4095
4095
3954
3135
2170
1177
238
0
1
1
0
2
52
913
1924
2951
3883
4095
4095
4095
4095
4095
4095
3503
2525
1494
538
0
1
1
0
1
75
824
1769
2719
3601
4095
4095
4095
4095
4095
4095
3425
2608
1743
928
265
1
1
0
1
342
1027
1805
2627
3374
4005
4095
4095
4095
4095
3754
3113
2340
1576
856
284
3
1
0
55
509
1155
816
1059
1307
1592
1911
2262
2699
3137
3601
4012
4095
4095
4095
4095
4095
3788
3210
2559
1893
1272
702
205
0
0
1
0
0
61
467
1004
1579
2206
2772
3356
3814
4095
4095
4095
4095
4095
3942
3576
3148
2707
2205
1677
1150
641
222
1
0
0
1
1
0
49
487
1080
1710
2345
2935
3443
3902
4095
4095
4095
4095
4095
4095
4095
3970
3553
3053
2500
1920
1352
805
366
44
1
0
1
207
578
1025
1490
1981
2481
2929
3308
3627
3864
3966
3998
3911
3763
3513
3142
2748
2278
1759
1238
716
249
0
1
1
1
1
0
1
13
415
964
1618
2283
2987
3670
4095
4095
4095
4095
4095
4095
4095
4095
4095
4095
