2084
2097
2096
2103
2102
2096
2089
2104
2099
2114
2095
2091
2088
2101
2098
2097
2088
2099
2102
2101
2097
2098
2107
2096
2088
2094
2092
2098
2096
2098
2092
2088
2083
2100
2094
2095
2093
2099
2082
2087
2090
2091
2080
2084
2102
2097
2096
2097
2089
2101
2098
2089
2095
2095
2094
2086
2101
2102
2104
2102
2102
2104
2086
2096
2093
2102
2102
2085
2092
2100
2084
2091
2074
2102
2101
2105
2104
2108
2106
2108
2111
2099
2097
2085
2085
2086
2082
2097
2082
2088
2101
2086
2087
2090
2092
2098
2100
2090
2093
2096
2090
2093
2087
2085
2091
2093
2083
2090
2088
2090
2086
2088
2083
2094
2084
2090
2090
2085
2081
2088
2096
2084
2088
2096
2100
2093
2080
2093
2080
2090
2085
2097
2098
2099
2088
2100
2084
2090
2092
2088
2092
2081
2091
2080
2090
2088
2098
2093
2101
2092
2081
2082
2095
2091
2091
2086
2111
2095
2090
2101
2098
2097
2097
2104
2112
2114
2098
2102
2104
2108
2108
2102
2095
2102
2105
2109
2097
2099
2097
2103
2105
2109
2107
2112
2114
2126
2096
2117
2110
2108
2110
2122
2113
2119
2124
2127
2124
2119
2116
2121
2117
2125
2108
2109
2120
2121
2114
2116
2116
2111
2121
2112
2097
2111
2118
2108
2116
2100
2099
2104
2110
2110
2103
2096
2114
2121
2105
2116
2100
2090
2103
2094
2093
2096
2097
2098
2097
2090
2086
2098
2092
2100
2102
2099
2102
2103
2110
2102
2102
2108
2099
2097
2092
2093
2099
2093
2171
2195
2216
2227
2244
2254
2242
2256
2250
2234
2224
2199
2166
2143
2111
2092
2050
2028
1998
1976
1977
1936
1936
1932
1937
1941
1948
1950
1960
1989
1990
2025
2045
2046
2059
2066
2068
2081
2090
2095
2088
2078
2072
2051
2031
2024
2013
1989
1977
1958
1938
1912
1918
1911
1928
1928
1943
1960
1951
1949
1976
1997
2005
2028
2056
2076
2100
2103
2125
2106
2126
2115
2108
2114
2127
2141
2135
2142
2155
2162
2166
2184
2200
2211
2236
2248
2257
2276
2286
2299
2294
2298
2312
2295
2288
2292
2282
2283
2256
2248
2240
2222
2188
2194
2166
2147
2136
2118
2108
2098
2086
2090
2090
2087
2074
2074
2043
2046
2038
2044
2044
2036
2046
2039
2041
2038
2027
2032
2221
2245
2264
2270
2269
2261
2248
2227
2213
2182
2165
2160
2163
2163
2181
2192
2180
2162
2120
2052
1980
1906
1836
1783
1754
1744
1746
1772
1802
1841
1896
1962
2026
2095
2152
2189
2206
2204
2192
2166
2147
2125
2118
2122
2146
2184
2217
2257
2295
2308
2300
2282
2232
2163
2104
2055
2022
2006
2018
2034
2054
2050
2024
1960
1882
1800
1746
1725
1766
1850
1952
2090
2202
2294
2353
2368
2365
2356
2346
2346
2360
2379
2401
2410
2404
2371
2327
2254
2183
2107
2050
2000
1975
1971
1975
1974
1972
1960
1946
1931
1920
1919
1937
1971
2025
2077
2131
2164
2184
2187
2174
2162
2159
2154
2166
2194
2226
2246
2271
2271
2258
2235
2207
2183
2179
2183
2210
2246
1879
1950
2021
2092
2161
2213
2264
2290
2297
2293
2278
2240
2201
2145
2084
2029
1972
1916
1884
1860
1860
1863
1880
1910
1944
1984
2020
2065
2096
2125
2141
2152
2173
2201
2233
2275
2312
2342
2356
2362
2355
2329
2288
2239
2177
2131
2106
2105
2128
2158
2201
2241
2275
2289
2305
2305
2300
2279
2262
2230
2175
2111
2028
1954
1887
1852
1832
1850
1883
1940
1993
2028
2063
2101
2131
2173
2214
2255
2281
2293
2283
2246
2203
2164
2135
2109
2080
2039
1989
1923
1857
1790
1738
1710
1700
1724
1767
1828
1894
1942
1973
1991
2008
2019
2041
2065
2106
2151
2194
2219
2233
2226
2207
2176
2139
2098
2069
2053
2058
2082
2120
2153
2182
2196
2207
2206
2222
2249
2011
2045
2038
1983
1918
1879
1880
1905
1971
2060
2152
2234
2291
2338
2370
2348
2270
2149
2048
1999
2029
2080
2115
2129
2130
2135
2143
2152
2192
2248
2274
2232
2123
2024
2000
2066
2189
2266
2265
2207
2120
2048
1988
1985
2023
2081
2142
2169
2155
2138
2181
2250
2308
2299
2235
2135
2034
1958
1895
1840
1818
1828
1863
1928
2015
2137
2257
2370
2436
2450
2411
2336
2249
2125
1968
1827
1730
1724
1745
1749
1722
1692
1719
1816
1965
2135
2279
2400
2480
2529
2525
2493
2408
2292
2139
1924
1706
1522
1445
1491
1643
1825
2006
2151
2259
2333
2372
2380
2393
2411
2422
2404
2331
2202
2022
1854
1725
1647
1637
1686
1802
1976
2163
2322
2406
2416
2380
2323
2014
2131
2244
2342
2396
2408
2400
2376
2351
2300
2247
2180
2085
1966
1858
1785
1768
1843
1999
2223
2450
2618
2691
2634
2487
2283
2105
1980
1996
2085
2203
2361
2443
2499
2493
2447
2388
2320
2198
2059
1917
1746
1559
1416
1380
1442
1574
1757
1932
2052
2123
2152
2182
2242
2347
2465
2545
2552
2448
2263
1984
1769
1598
1572
1696
1899
2158
2386
2534
2569
2495
2358
2160
1961
1805
1663
1558
1496
1500
1569
1689
1846
2005
2128
2173
2140
2032
1906
1827
1834
1932
2135
2363
2595
2724
2740
2633
2448
2204
2032
1942
1976
2043
2145
2242
2240
2170
2036
1879
1757
1724
1790
1959
2128
2300
2376
2352
2236
2120
2026
1981
1952
1914
1842
1757
1748
1837
2048
1986
2028
2063
2042
2005
1986
2034
2128
2244
2332
2361
2323
2216
2096
1950
1782
1616
1481
1415
1442
1535
1680
1850
2044
2264
2516
2752
2913
2952
2852
2652
2397
2124
1900
1725
1622
1579
1606
1697
1852
2067
2314
2540
2706
2770
2728
2614
2427
2229
2038
1932
1890
1915
2003
2104
2150
2150
2076
1972
1890
1860
1885
1944
2008
2054
2060
2032
1974
1907
1853
1838
1875
1968
2100
2234
2342
2394
2390
2338
2257
2198
2157
2133
2121
2101
2066
2014
1934
1856
1781
1748
1788
1886
2017
2133
2223
2270
2273
2263
2236
2195
2137
2088
2028
1991
1991
2022
2080
2157
2210
2245
2253
2242
2203
2144
2068
1996
1920
1889
1907
1993
2137
2298
2442
2527
2529
2446
2310
1591
1748
1972
2193
2344
2406
2388
2303
2196
2051
1924
1829
1841
1976
2189
2359
2386
2294
2191
2208
2334
2496
2589
2555
2447
2380
2386
2400
2312
2114
1885
1689
1574
1562
1608
1671
1743
1858
2018
2180
2300
2325
2305
2245
2179
2104
2079
2098
2178
2290
2362
2338
2178
1967
1819
1783
1790
1786
1760
1766
1842
2011
2166
2215
2132
2013
1942
2018
2198
2376
2442
2366
2178
1955
1782
1699
1722
1812
1909
1983
2064
2173
2280
2313
2200
1964
1720
1636
1748
1968
2117
2120
2040
2014
2116
2270
2368
2321
2196
2160
2246
2361
2375
2248
2051
1872
1806
1819
1874
1920
2007
2201
2438
2622
2643
2536
2357
2226
2164
2104
2018
1982
2056
2161
2203
2148
2040
1987
2288
2630
2838
2876
2751
2483
2146
1818
1571
1439
1440
1550
1722
1949
2156
2360
2512
2607
2623
2562
2432
2269
2120
2013
1964
1947
1960
1972
1961
1969
1988
2031
2095
2169
2238
2277
2300
2292
2286
2246
2234
2231
2263
2294
2350
2378
2383
2319
2198
2021
1828
1656
1552
1551
1676
1894
2192
2504
2780
2956
3014
2890
2616
2216
1782
1381
1101
996
1072
1324
1696
2148
2608
3000
3259
3331
3229
2980
2625
2244
1890
1622
1445
1379
1417
1533
1696
1903
2099
2267
2401
2489
2566
2590
2565
2470
2308
2091
1858
1635
1448
1327
1271
1276
1358
1506
1701
1942
2195
2438
2640
2770
2838
2806
2704
2530
2299
2041
1785
1581
1461
1468
1596
1782
2028
2247
2413
2481
2291
2096
1920
1823
1780
1736
1652
1632
1753
1992
2245
2435
2550
2595
2601
2517
2312
2018
1731
1610
1639
1721
1732
1684
1670
1800
2009
2159
2150
1984
1763
1655
1693
1827
1916
1974
2105
2359
2648
2822
2801
2667
2554
2576
2662
2683
2578
2336
2088
1884
1721
1551
1338
1102
952
952
1146
1448
1804
2186
2603
3007
3294
3391
3292
3062
2767
2422
1971
1542
1274
1208
1282
1338
1270
1190
1258
1533
1889
2154
2288
2410
2654
2985
3231
3251
3028
2718
2459
2276
2095
1838
1494
1158
950
934
1102
1359
1600
1825
2086
2443
2868
3191
3295
3155
2908
2693
2554
2400
2168
1874
1653
1592
1706
1876
1975
1972
1908
1891
1999
2185
2349
2398
2305
2175
2129
2239
1961
2377
2764
3086
3303
3394
3348
3146
2848
2462
2091
1787
1601
1562
1603
1744
1883
1986
2007
1997
1980
2026
2159
2356
2585
2768
2902
2946
2890
2752
2519
2247
1923
1680
1450
1350
1298
1337
1422
1528
1629
1750
1885
2066
2275
2539
2826
3068
3237
3311
3235
3004
2618
2116
1599
1112
796
689
817
1117
1523
1926
2288
2566
2701
2712
2588
2380
2156
1932
1734
1566
1464
1410
1474
1625
1868
2122
2287
2342
2277
2152
2020
1922
1899
1933
1993
2075
2126
2156
2184
2154
2138
2079
2007
1918
1830
1738
1687
1728
1824
1986
2160
2300
2365
2377
2329
2209
2052
1879
1722
1614
1551
1537
1598
1720
1919
2170
2468
2767
2990
3120
3151
3048
2882
2647
2312
2015
218
756
1247
1637
2029
2539
3200
3887
4095
4095
4095
3956
3412
2866
2341
1815
1326
906
664
643
853
1187
1603
2069
2579
3112
3598
3897
3962
3801
3508
3156
2731
2164
1416
587
1
1
3
1
2
298
765
1364
2154
3052
3852
4095
4095
4095
3884
3497
3080
2540
1811
953
128
1
0
3
407
1108
1757
2321
2799
3292
3783
4095
4095
4069
3424
2490
1564
852
451
281
205
107
89
287
856
1774
2834
3755
4095
4095
4095
4095
3859
3304
2595
1846
1106
510
60
2
2
1
187
800
1664
2676
3655
4095
4095
4095
4095
4095
4095
3642
2968
2143
1290
568
129
0
155
506
1003
1625
2328
3054
3660
3996
3966
3560
2896
2167
2911
2325
1744
1226
817
565
503
603
836
1175
1558
1996
2486
2996
3501
3902
4095
4078
3745
3166
2408
1640
964
418
18
2
1
2
1
338
1004
1833
2720
3539
4095
4095
4095
4095
3940
3226
2411
1568
851
344
76
94
308
704
1199
1696
2165
2535
2769
2884
2860
2762
2645
2525
2436
2385
2397
2444
2546
2662
2722
2727
2581
2288
1908
1456
1058
750
585
599
800
1192
1752
2456
3257
4041
4095
4095
4095
4095
4095
3255
2101
873
3
2
1
2
1
2
31
1237
2740
4095
4095
4095
4095
4095
4095
4095
3285
2136
1098
251
2
3
3
0
262
965
1762
2562
3243
3753
4019
4013
3771
3355
2856
2362
1976
1731
1659
1693
514
1
1
1
2
1
1
1
2
2
2
616
1874
3114
4095
4095
4095
4095
4095
4095
4095
4095
4095
4095
3608
2631
1592
586
2
0
2
3
1
3
3
38
708
1422
2058
2612
3050
3401
3598
3629
3424
3002
2388
1666
930
221
1
3
4
2
3
3
358
1220
2189
3231
4095
4095
4095
4095
4095
4095
4095
4095
4095
4095
4017
2898
1738
632
4
2
4
3
3
2
3
0
3
793
2205
3520
4095
4095
4095
4095
4095
4095
4095
3510
2443
1351
306
4
3
3
2
2
2
1
174
1557
3202
4095
4095
4095
4095
4095
4095
4095
4095
4095
4095
4095
4095
2946
1272
1
2
2
3
0
1
3
