2096
2096
2095
2097
2078
2091
2111
2116
2088
2094
2090
2080
2083
2090
2080
2080
2091
2099
2079
2090
2090
2077
2077
2076
2063
2069
2096
2092
2086
2069
2109
2107
2103
2095
2088
2088
2102
2098
2084
2098
2090
2083
2112
2115
2090
2083
2094
2076
2104
2104
2099
2080
2073
2099
2099
2096
2085
2096
2080
2070
2090
2092
2109
2096
2090
2088
2099
2098
2100
2094
2099
2103
2096
2087
2086
2084
2075
2101
2102
2086
2071
2070
2073
2087
2093
2099
2100
2084
2078
2080
2073
2065
2086
2081
2094
2107
2089
2085
2097
2092
2088
2070
2086
2099
2101
2076
2082
2100
2093
2090
2085
2076
2089
2093
2091
2075
2083
2088
2089
2085
2086
2103
2055
2070
2067
2095
2092
2088
2111
2074
2086
2098
2091
2093
2087
2088
2082
2095
2083
2087
2093
2108
2102
2074
2075
2089
2102
2087
2094
2090
2075
2097
2077
2088
2088
2093
2084
2084
2098
2085
2081
2089
2087
2099
2112
2096
2082
2077
2089
2094
2113
2098
2084
2092
2081
2061
2062
2076
2078
2071
2103
2100
2081
2096
2088
2100
2099
2100
2098
2095
2097
2091
2067
2059
2075
2064
2067
2092
2097
2089
2078
2105
2104
2086
2084
2083
2083
2083
2094
2074
2078
2091
2091
2100
2097
2089
2092
2080
2106
2103
2117
2087
2082
2102
2082
2074
2089
2097
2102
2093
2076
2075
2076
2081
2085
2076
2076
2097
2086
2104
2088
2095
2081
2089
2094
2095
2100
2098
2094
2099
2103
2101
2101
2109
2097
2083
2077
2056
2047
2053
2054
2037
2030
2037
2038
2039
2025
2022
2017
2030
2008
2006
2018
2004
2008
2006
2013
2021
2012
2020
2008
2016
2041
2036
2025
2023
2019
2032
2036
2006
2000
1995
2009
2014
2032
2037
2021
2033
2029
2040
2038
2046
2053
2086
2070
2072
2066
2070
2081
2078
2091
2086
2089
2094
2098
2114
2099
2103
2088
2121
2111
2102
2098
2083
2080
2079
2080
2104
2107
2094
2118
2120
2110
2090
2102
2103
2103
2116
2105
2093
2100
2104
2096
2099
2104
2095
2107
2117
2121
2102
2110
2116
2140
2136
2133
2147
2117
2163
2149
2162
2154
2161
2167
2161
2164
2183
2148
2189
2180
2176
2168
2196
2196
2187
2196
2195
2215
2212
2200
2216
2199
2201
2196
2202
1981
1959
1947
1964
1962
1954
1927
1934
1955
1932
1922
1960
1971
1998
1994
2017
2051
2076
2107
2121
2147
2167
2169
2190
2214
2206
2205
2217
2192
2188
2191
2142
2135
2104
2093
2077
2049
2053
2013
1997
1995
1991
1976
1981
1970
1944
1962
1961
1959
1956
1953
1974
1968
1968
1945
1946
1961
1985
1992
2037
2070
2081
2122
2174
2220
2218
2252
2266
2311
2315
2337
2367
2346
2357
2332
2340
2315
2287
2248
2253
2238
2196
2161
2141
2152
2106
2097
2073
2049
2032
2014
1999
1967
1952
1955
1920
1913
1914
1896
1883
1890
1883
1892
1894
1919
1956
1984
2010
2049
2091
2116
2156
2207
2220
2265
2300
2297
2292
2288
2268
2250
2225
2193
2156
2099
2036
2022
1970
2184
2204
2193
2185
2181
2159
2102
2104
2058
2002
1979
1954
1969
1947
1965
1974
1969
1994
2048
2093
2110
2144
2205
2280
2326
2364
2381
2391
2394
2365
2333
2292
2203
2136
2055
1965
1920
1837
1804
1795
1792
1829
1855
1907
1946
1959
2042
2106
2143
2212
2279
2320
2350
2374
2393
2401
2393
2373
2326
2256
2201
2144
2064
1978
1919
1897
1909
1855
1855
1869
1863
1915
1928
1956
2009
2035
2044
2092
2103
2118
2149
2208
2163
2189
2216
2199
2181
2192
2179
2178
2161
2104
2126
2090
2062
2012
1981
1980
1928
1926
1937
1948
1970
1981
2033
2058
2056
2136
2151
2208
2243
2266
2302
2322
2353
2357
2331
2305
2264
2220
2150
2113
2052
1975
1930
1896
1868
1868
2259
2301
2415
2515
2571
2584
2532
2416
2345
2301
2274
2255
2219
2135
2020
1929
1898
1874
1933
1988
2028
2043
2046
2047
2058
2108
2172
2216
2233
2268
2260
2288
2322
2325
2341
2303
2272
2223
2180
2150
2127
2117
2135
2141
2142
2166
2142
2124
2079
2025
2016
2031
2060
2068
2056
2070
2072
2101
2105
2087
2048
2020
1951
1958
1981
2072
2117
2119
2062
2004
1974
1996
2036
2053
2057
2052
2034
2044
2097
2138
2153
2104
2026
1937
1893
1924
1984
2054
2088
2057
2060
2079
2072
2088
2113
2089
2071
2028
2068
2087
2088
2073
2035
2013
1999
1995
2003
1983
1971
1975
1992
2041
2087
2094
2095
2125
2117
2132
2093
2073
2056
2042
2061
2118
2125
2160
2168
2147
1865
1905
1956
2012
2082
2154
2229
2318
2347
2326
2341
2318
2260
2177
2072
1987
1874
1777
1703
1663
1661
1694
1798
1909
2038
2200
2330
2433
2520
2552
2537
2485
2386
2282
2160
2033
1926
1845
1826
1834
1875
1953
2036
2148
2234
2293
2346
2356
2331
2293
2216
2134
2031
1984
1940
1933
1944
2000
2010
2040
2038
2029
1999
1978
1973
1993
2002
2022
2033
2061
2104
2159
2260
2333
2398
2423
2440
2405
2348
2282
2195
2094
2023
1968
1911
1867
1834
1816
1823
1875
1936
2033
2104
2166
2217
2305
2341
2370
2352
2346
2299
2206
2100
1993
1896
1834
1813
1822
1890
2007
2121
2220
2300
2354
2408
2418
2366
2321
2274
2217
2144
2045
1985
1927
1898
1893
1920
1959
1984
1988
2032
2112
2190
2235
2247
2251
2206
2245
2186
2156
2091
2088
2146
2211
2223
2239
2235
2249
2235
2222
2160
2084
1990
1944
1938
2022
2146
2188
2183
2136
2070
2035
2058
2108
2097
2089
2084
2127
2190
2264
2236
2146
2042
1999
2018
2052
2024
1998
1991
2063
2173
2240
2220
2116
1991
1894
1845
1816
1821
1819
1807
1816
1839
1925
2071
2204
2282
2310
2274
2248
2218
2182
2123
2055
2025
2018
2054
2058
2039
2024
2059
2095
2149
2153
2104
2073
2121
2172
2207
2213
2209
2191
2158
2133
2071
2038
2035
2017
2030
2008
2018
2092
2208
2205
2137
2066
1987
1998
2011
2006
1946
1916
1960
2072
2222
2351
2432
2463
2499
2484
2446
2350
2210
2025
1882
1791
2213
2174
2077
2042
2011
1975
1985
1982
1987
2056
2135
2165
2230
2279
2292
2268
2230
2166
2075
2015
1947
1912
1878
1865
1865
1881
1919
1985
2122
2256
2369
2427
2420
2314
2186
2087
1966
1914
1940
2071
2250
2407
2528
2591
2558
2481
2360
2232
2113
1975
1855
1737
1629
1572
1568
1647
1804
2030
2262
2475
2631
2650
2596
2459
2278
2083
1920
1802
1721
1682
1685
1730
1754
1813
1854
1915
1988
2041
2144
2217
2265
2284
2240
2178
2101
2017
1978
1957
1957
1980
2026
2062
2117
2140
2158
2172
2168
2184
2232
2250
2257
2252
2206
2149
2095
2000
1933
1890
1870
1899
1968
2056
2142
2188
2198
2207
2223
2277
2305
2373
2431
2412
2340
2254
2125
2009
1881
1834
1874
1853
1892
1988
2091
2199
2258
2271
2257
2248
2240
2252
2244
2188
2121
2075
2072
2056
2014
1989
2021
2055
2149
2257
2372
2420
2420
2342
2227
2115
2029
1929
1774
1596
1498
1500
1571
1675
1850
2010
2125
2245
2328
2407
2456
2405
2250
2076
1943
1894
1885
1831
1786
1773
1757
1752
1847
2017
2163
2290
2368
2445
2562
2603
2439
2219
1988
1900
1847
1764
1696
1677
1767
1873
1989
2097
2255
2416
2461
2395
2272
2222
2220
2161
2091
2004
1944
1879
1828
1754
1747
1842
1979
2063
2069
2114
2247
2421
2564
2559
2493
2381
2297
2195
2065
1882
1704
1613
1629
1817
2005
2131
2189
2245
2347
2417
2382
2268
2101
1939
1837
1688
1577
1516
1530
1592
1684
1792
2187
2049
1892
1746
1623
1557
1553
1614
1717
1927
2109
2328
2528
2711
2795
2823
2806
2643
2442
2165
1937
1730
1636
1616
1707
1842
1956
2038
2100
2085
2014
1928
1881
1889
1941
2042
2183
2277
2391
2453
2441
2350
2204
2021
1868
1752
1730
1776
1854
1982
2133
2216
2265
2252
2208
2160
2102
2103
2123
2176
2270
2295
2338
2390
2385
2344
2276
2209
2108
2067
2045
2053
2080
2114
2111
2130
2137
2101
2079
1992
1898
1822
1748
1753
1829
1943
2156
2343
2479
2520
2496
2343
2120
1911
1732
1634
1643
1743
1912
2119
2282
2422
2444
2377
2219
2073
1904
1777
1728
1709
1760
1858
1933
2012
2075
2090
2108
2097
2068
2047
2037
2062
2091
2100
2191
2289
2379
2500
2066
1833
1692
1640
1681
1731
1756
1719
1728
1806
1978
2150
2305
2409
2439
2396
2296
2179
2058
1892
1661
1479
1414
1486
1678
1921
2184
2350
2418
2450
2420
2353
2242
2082
1893
1782
1679
1674
1677
1720
1787
1930
2075
2231
2391
2571
2694
2716
2649
2539
2351
2183
2003
1886
1784
1715
1709
1759
1886
2102
2345
2587
2772
2808
2767
2650
2494
2328
2172
2028
1912
1798
1685
1664
1764
1910
2091
2193
2274
2279
2193
2124
2008
1937
1876
1808
1779
1749
1742
1778
1890
1997
2136
2288
2456
2583
2641
2641
2564
2419
2276
2134
2069
2038
2062
2151
2291
2453
2597
2700
2741
2707
2588
2408
2209
1970
1791
1581
1487
1425
1432
1464
1557
1676
1762
1850
1892
1931
1644
1689
1824
2056
2235
2333
2261
2063
1830
1624
1512
1520
1638
1846
2043
2206
2237
2142
2028
1899
1884
1980
2105
2235
2295
2306
2306
2306
2404
2472
2538
2513
2377
2138
1861
1672
1620
1731
1933
2142
2273
2280
2111
1936
1713
1625
1650
1779
1936
2142
2370
2630
2850
2998
3039
2904
2554
2119
1670
1323
1160
1181
1340
1556
1745
1850
1906
1904
1869
1876
1892
1990
2126
2337
2586
2861
3080
3194
3165
2966
2635
2223
1843
1553
1370
1288
1248
1230
1175
1157
1257
1453
1752
1988
2188
2285
2312
2383
2536
2809
3128
3400
3516
3426
3077
2483
1787
1128
634
399
423
654
1100
1651
2168
2643
2927
2963
2767
2429
2074
1871
1929
2205
2578
2918
3041
2886
1020
1493
2090
2633
3132
3520
3794
3920
3858
3666
3274
2769
2196
1671
1209
938
893
1084
1417
1848
2363
2816
3188
3414
3446
3295
2967
2461
1924
1392
970
738
743
915
1282
1762
2272
2702
3062
3270
3265
3123
2803
2377
1922
1482
1131
924
920
1054
1336
1748
2216
2667
3001
3243
3297
3204
2916
2542
2098
1714
1371
1148
1003
914
914
1014
1218
1458
1776
2109
2445
2771
3042
3206
3261
3216
3058
2785
2411
1960
1539
1196
957
895
963
1191
1560
1999
2476
2922
3248
3466
3477
3266
2860
2332
1767
1243
923
825
1011
1359
1900
2451
2951
3288
3415
3279
2854
2224
1486
813
313
50
134
527
1167
1910
2674
3326
3772
3940
3822
3397
2771
1992
2056
2356
2639
2822
2959
3052
3059
3024
2932
2839
2736
2689
2705
2839
3020
3198
3320
3340
3172
2879
2400
1854
1287
742
276
1
1
0
1
0
1
308
915
1592
2274
2914
3440
3811
4025
4011
3835
3531
3169
2743
2366
2092
1914
1828
1805
1812
1863
1944
2061
2170
2292
2362
2378
2318
2136
1791
1380
962
590
378
373
556
959
1448
1961
2419
2864
3196
3422
3456
3357
3070
2637
2114
1543
1004
570
277
223
403
744
1274
1877
2488
3105
3672
4085
4095
4095
4075
3713
3189
2559
1905
1226
608
134
1
0
120
598
1162
1712
2187
2503
2662
2680
2593
2433
2281
2161
2062
1969
1869
1787
1776
1900
2195
2634
3121
3575
3910
4068
4006
