2069
2102
2089
2086
2094
2102
2096
2083
2089
2091
2096
2102
2106
2095
2098
2102
2103
2118
2107
2105
2090
2076
2089
2106
2102
2096
2094
2089
2083
2093
2088
2116
2096
2085
2075
2072
2072
2104
2074
2068
2077
2079
2092
2085
2089
2084
2085
2095
2095
2076
2087
2112
2100
2090
2083
2115
2104
2093
2125
2109
2097
2100
2103
2078
2087
2052
2075
2091
2094
2087
2088
2095
2109
2099
2089
2090
2109
2107
2088
2076
2085
2093
2080
2094
2070
2077
2089
2117
2099
2074
2077
2083
2095
2102
2088
2077
2097
2073
2062
2076
2068
2090
2091
2084
2100
2097
2093
2094
2083
2092
2104
2106
2113
2107
2085
2078
2103
2073
2092
2101
2085
2080
2081
2100
2107
2110
2096
2086
2111
2116
2084
2099
2095
2078
2078
2078
2080
2098
2092
2093
2080
2077
2097
2089
2069
2094
2072
2080
2071
2076
2061
2077
2096
2091
2059
2071
2060
2078
2059
2064
2069
2070
2080
2092
2084
2096
2074
2074
2052
2070
2059
2080
2092
2085
2068
2063
2080
2079
2066
2086
2088
2099
2092
2067
2074
2072
2081
2075
2079
2094
2078
2083
2059
2095
2089
2057
2073
2088
2094
2101
2127
2107
2120
2118
2102
2110
2125
2103
2116
2120
2134
2131
2110
2126
2135
2131
2146
2143
2156
2155
2134
2139
2159
2147
2173
2165
2166
2168
2168
2180
2173
2150
2145
2158
2148
2163
2168
2160
2165
2149
2161
2140
2135
2154
2152
2141
2130
2131
2140
2161
2133
2137
2108
2101
2096
2097
1984
1972
2008
2009
2011
2028
2039
2071
2077
2121
2137
2153
2138
2178
2192
2190
2228
2245
2235
2239
2255
2229
2223
2201
2196
2194
2173
2160
2151
2101
2084
2055
2009
2000
1955
1933
1926
1928
1886
1859
1880
1854
1871
1877
1887
1904
1903
1924
1950
1985
1996
2036
2065
2100
2120
2165
2193
2181
2223
2255
2225
2261
2291
2306
2299
2270
2266
2263
2271
2262
2261
2264
2248
2240
2203
2168
2153
2131
2113
2089
2086
2095
2054
2037
2018
2001
1998
1994
2001
2005
2003
2028
2053
2052
2077
2078
2089
2092
2151
2215
2185
2213
2214
2227
2252
2238
2218
2217
2232
2247
2228
2200
2156
2170
2143
2097
2053
2054
2039
2041
2032
1984
1979
1954
1928
1924
1901
1924
1928
1928
1902
1944
1945
1961
1992
1982
1966
1964
1978
2038
2078
2112
2158
2161
2190
2185
2173
2166
2202
2214
2223
2238
2246
2211
2209
2173
2161
2141
2136
2120
2098
2094
2054
2039
2005
2008
1979
2010
2019
2016
2029
2052
2078
2118
2143
2188
2216
2216
2165
2121
2093
2049
1968
1974
1978
1964
1985
1973
1957
1931
1917
1923
1977
1991
2024
2072
2083
2083
2106
2133
2163
2186
2208
2225
2226
2214
2227
2242
2202
2208
2147
2104
2048
2034
2014
2023
2021
1999
2039
2030
2012
1983
1990
2001
1998
2010
2022
2032
2027
2028
2016
2014
2015
2018
2032
2056
2103
2144
2156
2196
2175
2164
2176
2165
2218
2238
2233
2216
2166
2118
2103
2050
2035
1999
1982
1985
2024
2095
2196
2244
2333
2385
2396
2395
2327
2274
2190
2111
2022
1936
1869
1875
1903
1970
2031
2099
2211
2246
2283
2312
2264
2231
2167
2104
2062
2024
1980
2004
2037
2089
2104
2138
2167
2176
2185
2190
2144
2111
2079
2002
2004
1964
2000
2023
2060
2080
2094
2153
2168
2198
2180
2177
2170
2149
2089
2048
2035
2050
2083
2130
2136
2174
2210
2222
2229
2197
2135
2091
2038
2024
1981
1962
1948
1972
2056
2107
2182
2238
2285
2280
2242
2219
2144
2049
1986
1911
1843
1832
1807
1822
1869
1921
1998
2086
2171
2243
2289
2328
2353
2312
2282
2197
2168
2116
2051
2032
2038
2066
2063
2104
2161
2185
2184
2185
2165
2115
2073
2002
1973
1942
1924
1953
1972
2029
2113
2092
2112
2183
2241
2205
2144
2169
2262
2312
2301
2211
2117
2153
2206
2217
2186
2091
2044
2034
1985
1918
1899
1935
2031
2088
2049
2016
2012
2010
1980
1970
2019
2054
2080
2078
2060
2056
2058
2096
2125
2193
2250
2280
2261
2232
2190
2156
2208
2233
2185
2084
2013
2002
1929
1833
1819
1950
2090
2095
2047
1988
2005
1983
1900
1842
1821
1880
2053
2182
2238
2314
2372
2426
2425
2356
2309
2294
2216
2080
1896
1765
1654
1597
1609
1706
1875
2009
2075
2189
2293
2304
2285
2224
2256
2296
2228
2141
2057
2054
2000
1921
1873
1970
2126
2225
2188
2172
2251
2336
2353
2261
2144
2128
2145
2063
1893
1776
1878
2041
2134
2114
2118
2238
2363
2282
2120
2031
2240
2261
2293
2258
2213
2155
2029
1935
1858
1824
1872
1973
2108
2236
2295
2334
2312
2238
2147
2051
1968
1887
1871
1909
2009
2106
2225
2283
2271
2205
2107
1976
1876
1843
1857
1916
2018
2146
2254
2300
2275
2196
2122
2001
1875
1810
1811
1892
2026
2146
2270
2342
2372
2319
2210
2116
2029
1963
1944
1973
2007
2051
2065
2052
1973
1930
1918
1928
1982
2079
2167
2260
2300
2334
2305
2243
2155
2031
1963
1944
1953
2027
2149
2239
2320
2377
2390
2380
2347
2282
2202
2111
2007
1904
1835
1826
1838
1848
1899
1950
1995
2000
2007
1968
1948
1954
2022
2112
2215
2260
2274
2216
2130
2055
2010
1978
1949
1950
1969
2021
2102
2199
2250
2239
2186
2119
2042
1968
2668
2585
2441
2275
2196
2123
1946
1741
1674
1728
1804
1879
1957
2040
2125
2250
2442
2633
2720
2674
2530
2310
2144
1986
1800
1635
1561
1648
1855
2112
2312
2380
2328
2239
2099
1931
1812
1786
1800
1777
1820
2079
2390
2596
2681
2736
2681
2529
2380
2194
1918
1607
1463
1629
1879
1975
1949
1986
2077
2133
2184
2294
2404
2435
2263
1980
1705
1553
1619
1767
1854
1921
2069
2249
2325
2273
2308
2435
2484
2435
2300
2140
1957
1770
1696
1794
1985
2129
2196
2174
2084
2047
2124
2166
2027
1778
1649
1642
1744
1902
2131
2347
2406
2363
2298
2217
2110
1950
1824
1795
1854
1989
2099
2144
2169
2164
2123
2050
1978
1864
1799
1771
1850
2013
2136
2248
2299
2350
1312
1327
1466
1705
2001
2292
2485
2551
2441
2228
1984
1804
1728
1799
1945
2138
2280
2367
2388
2316
2269
2198
2158
2198
2294
2370
2392
2365
2300
2197
2063
1911
1726
1593
1567
1679
1885
2177
2430
2587
2619
2533
2408
2263
2155
2040
1893
1744
1575
1489
1486
1552
1731
1954
2201
2478
2689
2768
2720
2561
2225
1878
1638
1539
1623
1869
2190
2490
2705
2750
2628
2362
2082
1812
1688
1708
1902
2182
2451
2597
2594
2485
2335
2184
2059
1938
1765
1605
1495
1496
1605
1817
2054
2188
2267
2256
2176
2102
2080
2051
2006
2030
2044
2167
2347
2446
2485
2404
2280
2083
1902
1745
1613
1433
1307
1301
1441
1724
2094
2410
2588
2622
2505
2409
2304
2259
2207
2170
2872
2767
2634
2531
2380
2178
1969
1796
1735
1736
1733
1788
1860
2042
2257
2331
2202
1941
1830
1739
1739
1824
1937
1973
1975
1868
1812
1866
2012
2118
2234
2416
2611
2742
2833
2856
2851
2650
2274
1843
1495
1287
1068
958
1136
1586
2231
2794
3056
3119
3168
3134
2821
2322
1768
1359
1106
994
1074
1305
1768
2291
2755
3029
2979
2805
2525
2280
2046
1811
1551
1465
1553
1808
2083
2239
2252
2172
2064
2073
2070
2077
2142
2255
2300
2253
2109
1878
1647
1502
1427
1363
1350
1409
1682
2076
2464
2708
2838
2936
2982
2984
2708
2312
1884
1569
1467
1495
1584
1604
1610
1664
1816
1992
2238
2399
2488
2432
2321
2212
2199
2226
2238
2168
2038
1923
1894
1983
2023
1656
1322
994
793
766
999
1446
1987
2447
2819
3024
2999
2725
2179
1592
1220
1237
1609
2022
2192
2069
1820
1726
1781
1855
1966
2196
2642
3060
3179
2810
2141
1408
911
754
884
1247
1813
2483
3109
3372
3068
2376
1665
1340
1396
1620
1808
1981
2276
2550
2611
2296
1748
1305
1299
1861
2588
3162
3472
3543
3289
2616
1623
709
267
494
1229
1955
2338
2315
2021
1769
1726
1944
2234
2636
3056
3315
3288
2931
2373
1838
1607
1782
2216
2536
2552
2221
1696
1227
1006
1099
1472
2033
2541
2808
2807
2675
2526
2469
2561
2757
2914
2958
2747
2345
1748
963
264
21
439
1365
2327
3054
3447
3540
3267
2649
1969
1607
1742
2209
2700
2866
2513
1851
1395
1558
1752
2008
2272
2454
2560
2499
2272
1978
1753
1662
1744
1982
2306
2573
2760
2848
2784
2612
2278
1764
1222
874
866
1210
1883
2637
3372
3941
4095
3948
3339
2384
1289
309
1
1
268
1140
2203
3222
3867
3948
3347
2153
678
1
1
2
452
2032
3602
4095
4095
4095
4013
2493
718
1
1
0
3
785
2577
4095
4095
4095
4095
3966
3003
2056
1370
994
898
993
1173
1315
1397
1517
1760
2139
2573
2926
3154
3166
2935
2375
1590
847
488
684
1398
2369
3293
3928
4095
3734
2757
1417
163
1
1
47
1060
2384
3639
4095
4095
4038
2935
1689
705
269
325
782
1426
2144
2721
3006
2956
2666
2341
2146
2044
1987
2008
2118
3832
3254
2484
1550
515
1
1
1
0
0
0
0
577
2134
3789
4095
4095
4095
4095
4095
4095
4095
4095
4095
2906
1179
0
1
1
0
0
1
0
1
145
1317
2314
3002
3435
3706
3934
4095
4095
4095
4095
4095
4095
4095
4095
3570
2517
1535
721
1
0
1
1
0
0
2
1
170
1673
3263
4095
4095
4095
4095
4095
4095
4095
4076
3300
2357
1326
288
2
1
2
0
2
0
2
132
1136
2104
2883
3404
3649
3682
3610
3530
3411
3335
3240
3182
3105
3020
2953
2889
2724
2481
2122
1674
1214
762
396
126
22
140
475
968
1496
1940
2257
2458
2595
2752
2864
2918
2827
2673
2412
2086
1688
1182
734
360
4095
4095
4095
4095
4095
4095
4095
2441
7
0
0
0
0
0
0
0
0
0
0
0
1096
3480
4095
4095
4095
4095
4095
4095
4095
4095
4095
4095
4095
4095
2558
118
0
1
0
0
0
0
0
0
0
0
0
741
2985
4095
4095
4095
4095
4095
4095
4095
4095
4095
4095
4095
4095
2728
539
0
0
0
0
0
0
0
0
1
1
1
17
1650
3514
4095
4095
4095
4095
4095
4095
4095
4095
4095
4095
4095
4095
3021
1274
1
1
0
0
0
0
0
0
0
1
0
3
1339
2998
4095
4095
4095
4095
4095
4095
4095
4095
4095
4095
4095
4095
2749
1239
0
0
1
0
0
0
1
1
0
8
0
0
0
0
0
1
0
0
0
1
0
1
0
0
1
0
0
0
1
109
377
629
892
1144
1399
1646
1858
2097
2320
2515
2718
2924
3083
3222
3319
3426
3520
3579
3636
3694
3724
3727
3726
3699
3693
3628
3578
3527
3467
3390
3287
3185
3124
2992
2910
2821
2727
2623
2515
2393
2320
2185
2069
1976
1866
1748
1660
1534
1439
1359
1268
1177
1099
1005
952
856
785
744
722
664
642
625
617
629
616
651
680
734
799
848
912
987
1094
1197
1299
1409
1544
1668
1773
1912
2044
2160
2283
2400
2513
2648
2750
2866
2958
3071
3154
3259
3345
3439
3477
3550
3597
3655
3690
3717
3728
3772
3778
3801
3783
3765
3762
