2139
2121
2083
2104
2087
2072
2106
2097
2105
2080
2072
2092
2104
2090
2121
2100
2123
2133
2108
2084
2105
2111
2099
2113
2118
2138
2132
2133
2144
2120
2113
2143
2136
2122
2121
2129
2119
2097
2111
2082
2093
2113
2075
2087
2146
2143
2116
2104
2088
2105
2103
2118
2122
2096
2112
2106
2109
2103
2126
2090
2120
2108
2089
2100
2140
2146
2144
2160
2104
2076
2064
2077
2079
2084
2079
2087
2104
2141
2110
2089
2088
2107
2097
2054
2070
2084
2103
2097
2080
2062
2098
2099
2079
2088
2108
2120
2075
2088
2100
2080
2106
2101
2124
2121
2109
2142
2119
2134
2090
2122
2100
2074
2100
2100
2110
2099
2091
2096
2108
2118
2078
2108
2077
2088
2091
2067
2107
2098
2055
2080
2063
2095
2098
2102
2094
2077
2088
2080
2069
2060
2064
2114
2090
2092
2112
2115
2121
2115
2116
2118
2076
2107
2074
2082
2110
2121
2106
2088
2108
2084
2080
2112
2112
2090
2090
2093
2100
2094
2054
2083
2120
2098
2134
2120
2093
2097
2142
2094
2100
2086
2095
2081
2083
2094
2066
2140
2085
2105
2141
2091
2078
2106
2132
2116
2076
2096
2113
2119
2111
2119
2098
2111
2129
2095
2099
2109
2101
2124
2095
2089
2129
2104
2105
2133
2096
2085
2104
2117
2107
2094
2096
2116
2108
2122
2136
2115
2102
2132
2134
2128
2073
2108
2129
2097
2120
2133
2169
2133
2121
2114
2138
2092
2091
2076
2094
2095
2078
2109
2078
2119
2075
2075
2086
2059
2089
2115
1894
1916
1940
1945
1937
1943
1958
2002
1942
1932
1952
1972
1949
1947
1957
1984
1928
1945
1974
1974
2010
2028
2034
1992
1991
1978
2026
2079
2083
2097
2089
2108
2107
2129
2170
2154
2175
2201
2207
2221
2215
2239
2232
2228
2241
2261
2302
2271
2265
2243
2277
2291
2242
2247
2235
2240
2228
2246
2246
2166
2219
2164
2170
2139
2147
2130
2094
2085
2068
2040
2044
2064
2053
2066
2029
1993
1990
1973
1970
1965
1996
1984
1972
1956
1989
2018
2040
2005
2016
2062
2053
2087
2089
2098
2120
2137
2175
2231
2185
2233
2278
2233
2227
2274
2274
2253
2252
2244
2264
2261
2224
2168
2168
2140
2094
2065
2089
2065
1984
1982
1938
1946
1912
1881
1856
1861
1843
1842
1878
1922
1920
1911
1939
2010
2109
2126
2188
2256
2363
2428
2432
2422
2434
2426
2372
2340
2307
2225
2214
2114
2076
2029
2013
1970
1925
1903
1978
1918
1968
1992
2034
2068
2046
2037
2078
2056
2042
1992
1967
1992
1946
1934
2000
1977
2030
2030
2020
2072
2058
2125
2136
2180
2088
2068
2128
2115
2124
2168
2093
2108
2101
2096
2115
2107
2100
2137
2192
2197
2144
2136
2114
2101
2055
2055
2023
2000
1989
1965
1969
2029
2084
2082
2094
2089
2101
2109
2149
2122
2124
2115
2116
2112
2101
2102
2150
2142
2186
2217
2233
2233
2289
2264
2214
2211
2168
2126
2080
2018
1985
1968
1929
1898
1845
1877
1880
1889
1872
1911
1921
1945
1992
2079
2160
2191
2276
2312
1632
1585
1616
1672
1745
1775
1892
1962
2062
2129
2227
2288
2286
2344
2379
2425
2452
2432
2384
2349
2270
2115
2047
1951
1794
1694
1706
1672
1676
1663
1708
1691
1704
1782
1830
1960
1952
2085
2178
2277
2411
2495
2621
2692
2761
2787
2825
2814
2800
2743
2626
2493
2379
2241
2074
1954
1849
1721
1667
1648
1602
1594
1581
1555
1604
1631
1641
1678
1774
1791
1843
1895
1972
2039
2141
2223
2294
2384
2437
2482
2509
2513
2486
2450
2390
2349
2273
2214
2150
2094
2032
1994
1973
1937
1915
1891
1822
1815
1798
1772
1838
1858
1916
1976
2098
2184
2342
2385
2446
2551
2622
2658
2676
2684
2632
2507
2408
2246
2102
1920
1756
1617
1515
1463
1387
1404
1448
1505
2148
2136
2091
2004
1985
1956
1949
1980
1981
2010
2067
2079
2109
2128
2143
2154
2176
2227
2215
2208
2228
2224
2237
2193
2149
2087
2056
2024
1946
1928
1916
1954
1992
2036
2118
2209
2273
2288
2286
2264
2201
2118
2038
1934
1879
1819
1850
1895
1977
2115
2199
2327
2409
2466
2486
2446
2351
2286
2209
2112
2019
1958
1948
1946
1924
1960
1966
1974
1928
1921
1886
1868
1795
1776
1743
1743
1751
1711
1754
1701
1709
1743
1719
1806
1889
2066
2222
2379
2524
2611
2675
2617
2566
2535
2470
2373
2287
2184
2124
2066
1987
1962
1928
1904
1946
2000
2058
2134
2255
2424
2516
2624
2707
2712
2706
2589
2480
2313
2145
1996
1885
1863
1815
1805
1838
1851
1804
1769
2185
2050
1894
1722
1629
1577
1583
1630
1703
1823
1903
1964
2056
2122
2201
2270
2315
2392
2457
2488
2440
2358
2236
2081
2000
1935
1875
1904
1925
1874
1765
1639
1552
1592
1670
1830
1947
2046
2058
2025
1999
2058
2134
2312
2472
2542
2541
2483
2434
2369
2237
2165
2099
1985
1955
1887
1926
1930
1923
1947
1911
1917
1930
1982
2029
2063
2069
2080
2130
2183
2162
2165
2179
2124
2107
2167
2208
2243
2163
2102
1914
1790
1737
1719
1793
1919
2095
2270
2480
2602
2683
2722
2707
2612
2512
2432
2378
2311
2325
2265
2211
2134
2040
1935
1892
1881
1871
1857
1912
1965
2029
2152
2253
2372
2496
2531
2580
2525
2385
2233
2129
2020
1905
1855
1812
1753
1655
1502
1725
1429
1196
989
848
776
820
963
1153
1423
1707
2049
2330
2595
2824
2968
3056
3108
3065
3004
2910
2787
2637
2454
2281
2074
1918
1780
1694
1666
1676
1708
1757
1834
1896
1988
2072
2169
2249
2333
2384
2413
2436
2382
2307
2265
2181
2120
2040
1981
1966
1916
1891
1876
1858
1846
1852
1857
1854
1790
1698
1604
1544
1473
1456
1510
1614
1819
2040
2283
2549
2766
2955
3052
3069
2982
2833
2631
2389
2081
1822
1645
1501
1422
1387
1412
1458
1535
1586
1714
1809
1913
2005
2098
2180
2256
2315
2360
2389
2404
2457
2454
2414
2377
2336
2280
2255
2204
2211
2194
2204
2263
2273
2308
2392
2400
2393
2393
2340
2241
2125
2001
1861
1728
1677
1637
1678
1756
2242
2329
2400
2435
2454
2438
2363
2308
2212
2154
2131
2128
2177
2252
2320
2451
2561
2616
2646
2556
2400
2291
2138
1998
1939
1928
1950
1986
2007
2010
2015
1977
1956
1905
1857
1829
1858
1911
1976
2024
2101
2132
2160
2173
2150
2113
2101
2170
2160
2202
2195
2181
2193
2134
2095
2018
1978
1925
1947
1936
1939
1916
1871
1824
1836
1839
1895
1976
2094
2183
2238
2241
2273
2196
2160
2167
2131
2098
2115
2172
2220
2296
2386
2443
2454
2409
2320
2223
2120
2019
1952
1973
1976
2014
2040
2080
2041
2012
1952
1887
1805
1758
1760
1779
1873
1944
2060
2133
2213
2237
2293
2366
2402
2440
2474
2489
2493
2471
2416
2305
2218
2059
1946
1826
1792
1802
1874
1902
1245
1270
1390
1521
1723
1936
2151
2327
2480
2584
2637
2634
2605
2524
2437
2347
2280
2187
2077
1953
1848
1763
1702
1674
1656
1692
1712
1814
1842
1945
2026
2090
2163
2242
2308
2373
2422
2474
2517
2496
2438
2410
2336
2248
2138
2048
1917
1761
1648
1480
1352
1247
1173
1160
1208
1309
1492
1720
2017
2297
2611
2891
3125
3274
3335
3298
3219
3033
2798
2552
2276
1968
1725
1511
1290
1160
1054
1020
1053
1139
1283
1490
1739
1991
2242
2495
2720
2867
2979
2978
2913
2791
2617
2452
2290
2119
1989
1929
1944
1997
2051
2108
2183
2208
2210
2169
2116
2038
1989
1935
1930
1931
1994
2034
2118
2192
2259
2331
2392
2453
2506
2533
2536
2552
2530
2502
2440
2384
1847
1608
1499
1511
1593
1732
1879
1982
2059
2179
2326
2504
2672
2784
2833
2780
2678
2500
2315
2147
1916
1714
1547
1481
1472
1516
1564
1524
1458
1417
1440
1473
1578
1661
1695
1719
1773
1879
2064
2268
2433
2534
2556
2521
2493
2444
2368
2233
2068
1877
1691
1622
1548
1544
1487
1357
1333
1342
1528
1796
2106
2350
2510
2576
2555
2566
2576
2624
2704
2755
2806
2802
2772
2707
2594
2392
2242
2072
1998
2026
2104
2223
2298
2327
2285
2244
2205
2249
2362
2526
2624
2648
2616
2464
2278
2078
1938
1748
1637
1519
1404
1329
1276
1297
1308
1364
1423
1461
1534
1647
1810
2032
2266
2472
2626
2730
2741
2760
2754
2729
2695
2601
2447
2209
1926
1656
1433
1267
2637
2520
2390
2284
2178
2057
1914
1740
1556
1360
1223
1104
1080
1143
1249
1442
1712
1986
2277
2513
2705
2790
2814
2752
2683
2576
2478
2388
2296
2211
2138
2101
2036
1983
1962
1983
2047
2166
2346
2522
2738
2860
2956
2934
2824
2626
2411
2188
1969
1808
1668
1508
1365
1279
1162
1080
1059
1093
1250
1457
1780
2166
2655
3110
3516
3805
3914
3863
3604
3202
2645
2077
1496
975
577
320
259
329
533
850
1217
1613
2005
2397
2739
2990
3178
3313
3378
3344
3226
3033
2825
2543
2184
1846
1552
1264
1091
980
932
990
1068
1236
1450
1741
2074
2376
2685
2923
3085
3178
3273
3240
3225
3151
3052
2902
2710
2480
2263
2046
1837
1634
1384
1132
893
641
1539
1251
924
646
429
346
413
628
1010
1484
2020
2532
2912
3199
3375
3452
3466
3403
3268
3048
2795
2508
2242
1989
1818
1680
1548
1421
1316
1256
1209
1229
1306
1463
1639
1816
1944
2077
2230
2442
2668
2913
3086
3144
3055
2785
2464
2134
1850
1648
1557
1568
1580
1592
1594
1574
1512
1470
1515
1648
1872
2118
2433
2745
3040
3235
3388
3478
3427
3266
2996
2595
2145
1643
1188
855
642
476
378
326
312
354
460
671
976
1376
1800
2156
2452
2707
2904
3080
3263
3500
3661
3781
3840
3750
3546
3235
2821
2349
1884
1454
1070
753
541
379
397
506
740
1069
1430
1832
2220
2584
2858
3056
3162
3233
3254
3212
3160
3123
3043
2910
2768
2561
1065
1111
1255
1466
1739
2072
2369
2629
2784
2817
2796
2710
2611
2508
2418
2343
2296
2283
2247
2224
2192
2124
1995
1844
1670
1519
1409
1341
1391
1460
1560
1712
1870
2025
2196
2367
2491
2588
2646
2645
2694
2715
2747
2761
2760
2717
2648
2504
2333
2160
2028
1934
1898
1881
1892
1849
1848
1811
1773
1736
1740
1735
1714
1758
1812
1939
2122
2336
2589
2827
3008
3096
3104
3083
3000
2814
2632
2399
2168
1966
1784
1653
1555
1465
1357
1244
1124
1003
971
957
1068
1220
1464
1706
1979
2247
2564
2812
3043
3217
3347
3402
3396
3372
3353
3332
3300
3250
3120
2863
2510
2058
1553
998
466
0
2
2
3
0
56
608
1280
1982
2640
3198
3664
4006
1
4
71
555
1048
1562
2149
2837
3597
4095
4095
4095
4095
4095
4095
4095
4095
4095
4095
3848
3036
2146
1269
467
3
1
2
1
3
2
0
1
3
1
2
328
806
1255
1655
2012
2348
2675
2960
3241
3450
3582
3592
3471
3263
2984
2698
2436
2209
1997
1797
1579
1356
1154
976
854
820
853
970
1138
1346
1590
1828
2081
2319
2561
2775
2978
3145
3304
3386
3422
3394
3312
3183
3063
2928
2784
2635
2470
2258
2034
1735
1472
1271
1153
1157
1256
1413
1603
1789
1934
2042
2129
2243
2368
2541
2728
2908
3043
3122
3121
3073
2952
2819
2685
2558
2430
2329
2221
2118
2054
2013
2010
2014
2020
2012
2000
1977
1975
2007
2074
2195
2316
