2104
2121
2114
2115
2065
2077
2098
2118
2124
2105
2097
2114
2096
2092
2094
2108
2101
2104
2134
2108
2118
2119
2108
2104
2112
2134
2103
2143
2122
2129
2104
2090
2091
2102
2117
2129
2112
2093
2103
2094
2096
2089
2107
2098
2119
2109
2101
2096
2078
2098
2067
2084
2097
2081
2109
2090
2082
2100
2104
2068
2068
2080
2074
2097
2091
2091
2109
2100
2070
2080
2080
2055
2086
2087
2051
2102
2070
2094
2090
2061
2080
2073
2072
2055
2061
2056
2053
2065
2058
2070
2047
2080
2073
2069
2079
2074
2086
2074
2053
2051
2080
2094
2078
2092
2073
2091
2074
2048
2057
2094
2084
2063
2071
2091
2082
2075
2083
2092
2091
2080
2093
2080
2077
2091
2092
2079
2087
2100
2122
2128
2108
2083
2091
2110
2078
2109
2110
2092
2101
2104
2104
2092
2134
2120
2091
2102
2107
2104
2107
2119
2084
2089
2103
2115
2096
2101
2112
2116
2112
2098
2108
2095
2079
2093
2112
2148
2120
2118
2084
2112
2104
2125
2116
2108
2100
2102
2110
2108
2134
2125
2120
2115
2096
2104
2122
2137
2135
2115
2136
2135
2115
2105
2094
2118
2143
2149
2130
2106
2106
2122
2119
2104
2117
2122
2124
2094
2108
2109
2107
2128
2111
2116
2131
2122
2104
2114
2123
2109
2133
2138
2108
2087
2104
2141
2142
2105
2119
2134
2114
2087
2095
2105
2118
2114
2098
2099
2114
2109
2120
2125
2145
2119
2104
2111
2108
2115
2101
2089
2091
2088
2075
2100
2122
2111
2108
2088
1992
2000
2015
2033
2033
2012
2035
2074
2074
2088
2071
2141
2120
2172
2171
2184
2204
2241
2250
2261
2274
2262
2276
2278
2270
2264
2280
2267
2249
2248
2246
2240
2198
2170
2163
2141
2144
2105
2064
2052
2041
2043
2002
1993
1985
1970
1941
1940
1934
1911
1927
1920
1923
1930
1908
1932
1955
1960
1995
1991
2002
1999
2041
2071
2088
2120
2120
2123
2148
2155
2164
2170
2173
2187
2221
2162
2144
2188
2184
2168
2179
2148
2123
2093
2085
2061
2006
2032
1975
1968
1965
1945
1937
1922
1938
1935
1944
1912
1902
1941
1924
1927
1959
2004
2037
2017
2049
2109
2137
2149
2194
2247
2230
2264
2278
2328
2345
2344
2333
2356
2349
2348
2367
2348
2331
2336
2299
2272
1884
1812
1807
1827
1816
1837
1867
1905
1922
1967
1974
2005
2012
2008
2045
2031
2034
2018
1985
1967
1953
1934
1917
1951
1991
2051
2043
2065
2098
2103
2155
2158
2162
2202
2218
2304
2335
2339
2367
2356
2354
2288
2279
2282
2253
2235
2162
2103
2085
2031
1987
1967
1902
1853
1833
1787
1760
1771
1784
1840
1872
1953
1970
2020
2052
2069
2087
2092
2113
2122
2149
2115
2132
2144
2135
2137
2119
2116
2074
2120
2165
2252
2309
2345
2421
2494
2514
2535
2505
2464
2413
2303
2235
2182
2105
2003
1969
1941
1945
1931
1902
1924
1887
1877
1900
1904
1920
1973
2001
2042
2085
2102
2118
2109
2102
2080
2072
2035
2034
2062
2068
2093
2096
2092
2089
2088
2062
2037
2294
2340
2391
2419
2435
2414
2400
2329
2260
2195
2097
2010
1926
1877
1841
1822
1809
1838
1872
1896
1943
1967
2036
2067
2098
2128
2171
2200
2236
2211
2187
2191
2182
2176
2182
2171
2172
2158
2152
2171
2180
2190
2208
2197
2208
2218
2197
2198
2216
2168
2132
2118
2097
2069
2049
2022
1988
1957
1975
1930
1912
1922
1901
1889
1879
1862
1880
1855
1864
1870
1923
1945
2015
2024
2084
2146
2174
2210
2261
2278
2276
2269
2272
2257
2214
2204
2193
2168
2136
2068
2036
1981
1969
1952
1918
1942
1959
1997
2018
2042
2014
2057
2096
2104
2111
2108
2107
2112
2124
2103
2085
2097
2097
2092
2112
2110
2131
2132
2135
2121
2123
2126
2137
2143
2120
2086
2099
2068
1809
1812
1854
1869
1972
2064
2142
2198
2238
2294
2286
2273
2220
2130
2045
1977
1928
1894
1873
1912
1926
1928
1985
1989
2035
2070
2128
2175
2227
2290
2328
2348
2384
2392
2384
2348
2266
2204
2122
2081
2042
2054
2073
2112
2162
2241
2328
2359
2377
2336
2275
2183
2092
1997
1917
1852
1835
1791
1783
1788
1838
1812
1826
1831
1873
1896
1921
1986
2018
2079
2176
2249
2323
2361
2420
2424
2406
2352
2282
2235
2193
2164
2127
2109
2049
1998
1976
1939
1905
1905
1930
1948
1978
2020
2076
2139
2181
2196
2219
2214
2254
2235
2224
2212
2206
2205
2190
2146
2126
2120
2096
2032
1961
1970
1911
1906
1927
1966
2007
2096
2137
2184
2243
2297
2294
2267
2234
2216
2183
2101
2009
1942
1908
1923
1959
2032
2102
2164
2200
2229
2240
2226
2184
2161
2128
2186
2243
2304
2368
2396
2343
2284
2136
2037
1928
1879
1851
1845
1872
1896
1930
1983
2032
2076
2078
2038
1993
1945
1911
1888
1888
1902
1948
1963
1990
2007
2014
2012
2022
2051
2102
2119
2128
2201
2224
2287
2297
2296
2309
2278
2248
2261
2245
2176
2110
2057
1959
1824
1773
1734
1745
1776
1834
1868
1908
1958
2015
2108
2199
2307
2380
2459
2486
2506
2496
2455
2386
2317
2242
2142
2048
1964
1919
1888
1847
1817
1825
1855
1921
1999
2067
2162
2256
2303
2312
2310
2305
2291
2278
2293
2262
2234
2205
2167
2095
1994
1931
1864
1838
1838
1844
1867
1923
1941
1967
2031
2120
2075
2078
2031
2002
1974
1942
1910
1873
1848
1834
1855
1879
1938
2024
2106
2216
2315
2405
2497
2537
2565
2547
2528
2431
2341
2280
2229
2192
2182
2115
2064
1992
1886
1817
1743
1664
1682
1740
1864
2037
2153
2338
2482
2561
2593
2600
2583
2503
2392
2243
2027
1823
1551
1293
1024
870
805
844
1003
1243
1618
2020
2447
2866
3183
3392
3478
3468
3287
3038
2676
2284
1898
1555
1308
1063
1020
1090
1241
1496
1818
2157
2479
2710
2800
2827
2755
2583
2354
2080
1816
1571
1396
1298
1269
1415
1608
1895
2255
2638
2928
3116
3198
3117
2906
2631
2257
1848
1483
1214
1025
969
967
1141
1385
1697
2019
2358
2716
3028
3234
3357
3337
3207
2975
2594
2169
2043
1871
1677
1467
1298
1162
1064
996
1020
1111
1197
1339
1560
1833
2040
2327
2586
2791
2965
3100
3193
3192
3089
2945
2753
2511
2253
1993
1736
1579
1443
1362
1342
1387
1418
1543
1653
1791
1874
2014
2125
2230
2326
2439
2532
2584
2586
2554
2448
2323
2149
1997
1801
1690
1572
1529
1537
1594
1741
1867
2049
2152
2282
2367
2443
2526
2591
2641
2650
2606
2565
2416
2259
2058
1865
1688
1520
1406
1386
1401
1472
1581
1709
1875
2004
2149
2285
2429
2485
2575
2609
2619
2560
2529
2409
2283
2143
1999
1836
1726
1652
1592
1569
1600
1648
1728
1828
1942
2034
2168
2274
2389
2456
2514
2564
2555
2537
2503
2418
2336
2209
2093
1968
1899
1842
1761
1749
1724
2333
2162
1969
1849
1696
1581
1495
1431
1405
1419
1407
1468
1575
1713
1876
2049
2243
2438
2608
2758
2850
2928
2952
2970
2936
2859
2746
2610
2456
2242
2020
1755
1469
1174
922
740
639
634
755
918
1220
1540
1932
2308
2709
3055
3341
3560
3673
3708
3687
3568
3383
3150
2868
2536
2216
1871
1517
1262
990
797
672
611
636
711
874
1040
1254
1512
1777
2056
2360
2670
2919
3147
3349
3509
3620
3700
3678
3618
3458
3184
2854
2484
2035
1604
1194
849
608
460
432
494
647
914
1161
1455
1711
1930
2140
2317
2421
2549
2677
2798
2908
2993
3030
3028
3037
3022
2972
2895
2798
2605
2395
2145
1920
1701
1480
1316
1170
1049
981
971
1012
1126
1361
1230
1141
1165
1298
1487
1738
2016
2291
2523
2717
2868
2966
3012
3017
2962
2851
2692
2445
2217
1919
1665
1440
1250
1160
1098
1152
1228
1378
1566
1771
1956
2123
2269
2428
2584
2686
2755
2808
2805
2769
2672
2601
2455
2278
2118
1928
1713
1568
1464
1369
1348
1393
1453
1588
1788
1980
2166
2316
2438
2535
2593
2617
2590
2537
2447
2335
2272
2198
2106
2055
2015
1979
1963
1970
1971
1952
1977
1964
2024
2035
2095
2171
2230
2288
2321
2353
2365
2304
2230
2096
1963
1831
1683
1568
1515
1488
1516
1620
1769
1955
2148
2301
2484
2653
2792
2881
2953
2983
2946
2882
2742
2603
2383
2187
1986
1749
1557
1353
1244
1157
1191
1250
1375
1553
1757
2005
2250
3025
3132
3216
3203
3158
3028
2849
2626
2316
1993
1680
1410
1189
1022
928
925
984
1068
1229
1389
1558
1728
1914
2121
2286
2485
2651
2766
2871
2943
2991
3002
3038
3012
2989
2955
2882
2771
2591
2404
2147
1854
1529
1197
888
640
482
415
485
588
838
1099
1443
1797
2135
2455
2765
3044
3289
3501
3621
3699
3727
3669
3505
3262
2942
2561
2153
1773
1453
1232
1058
981
987
1067
1171
1315
1455
1612
1795
2003
2204
2421
2636
2786
2910
2982
2979
2951
2876
2805
2709
2634
2512
2365
2195
2023
1799
1617
1485
1405
1375
1396
1499
1625
1785
1955
2120
2280
2383
2441
2499
2487
2456
2393
2287
2123
1954
1730
1542
1322
1146
1022
973
1028
1200
1452
2190
1896
1588
1313
1033
737
527
364
345
410
598
914
1321
1749
2174
2622
3016
3368
3648
3857
4000
4088
4095
4032
3904
3653
3320
2916
2464
1967
1504
1055
706
417
248
195
223
374
528
796
1040
1339
1658
2006
2373
2747
3099
3429
3690
3863
3920
3862
3707
3486
3159
2808
2435
2072
1728
1430
1213
1079
995
977
1002
1075
1188
1349
1528
1717
1944
2173
2419
2600
2745
2860
2896
2867
2769
2608
2406
2194
1979
1767
1589
1468
1393
1384
1427
1536
1707
1896
2137
2360
2582
2780
2917
3034
3043
3023
2908
2747
2591
2367
2119
1870
1596
1341
1099
901
722
598
567
628
753
975
1261
1626
2049
2485
2914
3284
3640
3882
4069
4095
4061
3933
951
1765
2555
3242
3848
4095
4095
4095
4095
4095
4095
4095
4095
3909
3456
2976
2503
1958
1442
921
454
21
3
2
1
2
2
2
0
1
1
167
562
1023
1505
1998
2480
2933
3366
3752
4095
4095
4095
4095
4095
4095
4095
4095
4095
4083
3598
2993
2324
1658
1024
439
2
0
1
1
1
1
1
1
358
875
1409
1959
2502
3037
3514
3928
4095
4095
4095
4095
4095
4095
4095
4095
3822
3344
2826
2258
1727
1208
751
349
36
0
1
0
1
3
33
240
515
776
1074
1360
1653
1955
2266
2589
2893
3156
3399
3632
3842
3968
4095
4095
4095
4095
4095
4072
3789
3487
3086
2619
2096
1569
1029
527
76
0
2
1
3788
4095
4095
4095
4095
4095
3776
3263
2709
2156
1705
1356
1152
1065
1138
1287
1534
1796
2084
2310
2446
2491
2389
2162
1824
1378
890
368
0
2
0
1
1
1
307
927
1609
2297
2963
3522
3975
4095
4095
4095
4095
4095
3772
3375
2972
2617
2316
2126
2015
1985
2039
2123
2235
2283
2298
2247
2120
1943
1752
1540
1378
1230
1160
1134
1233
1369
1525
1699
1902
2072
2268
2424
2537
2608
2593
2543
2441
2271
2078
1878
1680
1490
1373
1320
1308
1365
1452
1663
1870
2081
2293
2487
2662
2759
2784
2791
2738
2680
2556
2458
2361
2245
2165
2076
1989
1879
1731
1586
1476
1313
1171
1055
939
867
855
942
1129
1369
1683
2049
2421
2804
3156
3478
