2127
2094
2121
2122
2092
2059
2101
2091
2114
2098
2101
2065
2067
2085
2098
2090
2113
2103
2088
2084
2080
2079
2085
2054
2097
2092
2107
2064
2080
2090
2117
2104
2103
2092
2097
2100
2091
2081
2064
2080
2105
2098
2108
2073
2083
2092
2096
2071
2099
2088
2086
2065
2075
2092
2077
2113
2090
2082
2103
2087
2076
2121
2124
2098
2110
2099
2109
2110
2123
2091
2115
2096
2083
2058
2087
2103
2074
2063
2098
2094
2108
2082
2095
2070
2079
2083
2075
2091
2074
2084
2062
2103
2114
2113
2108
2107
2128
2128
2096
2076
2088
2080
2081
2080
2097
2075
2077
2117
2112
2095
2087
2082
2091
2101
2132
2123
2092
2074
2060
2107
2096
2081
2111
2093
2087
2097
2105
2100
2100
2099
2070
2073
2085
2080
2082
2077
2077
2083
2058
2094
2082
2071
2064
2074
2105
2097
2097
2088
2061
2089
2075
2086
2105
2067
2096
2086
2079
2122
2087
2100
2094
2090
2074
2080
2077
2094
2079
2112
2094
2096
2106
2095
2113
2115
2096
2104
2104
2089
2101
2069
2083
2071
2109
2109
2120
2131
2118
2084
2094
2076
2077
2090
2083
2103
2100
2083
2060
2085
2097
2096
2088
2095
2088
2095
2076
2098
2107
2069
2100
2129
2091
2096
2076
2096
2069
2073
2091
2109
2085
2062
2061
2057
2081
2060
2084
2117
2070
2088
2093
2108
2084
2072
2074
2088
2089
2087
2112
2114
2106
2111
2090
2074
2094
2073
2063
2083
2098
2098
2107
2094
2095
2115
2102
2116
2097
2107
2136
2099
2100
2106
2101
2134
2100
2100
2093
2095
2082
2067
2043
2047
2026
2022
2041
1982
1999
2010
2007
1991
1937
1954
1972
1920
1934
1962
1946
1941
1933
1905
1926
1931
1934
1927
1912
1922
1934
1964
1959
1936
1938
1942
1960
1972
1966
1997
2009
2036
2028
2054
2077
2076
2100
2080
2138
2127
2190
2183
2152
2149
2187
2200
2220
2225
2229
2239
2210
2264
2253
2257
2275
2256
2254
2227
2227
2260
2270
2234
2250
2197
2213
2216
2229
2189
2226
2182
2182
2199
2163
2154
2173
2153
2138
2137
2115
2096
2096
2074
2044
2021
2034
2038
2026
2000
2004
1999
1995
2007
1988
1956
1959
1991
1964
1969
1988
2015
1976
1979
1987
2001
2000
2022
2005
1988
2028
2032
2088
2063
2064
2023
2010
2018
1973
1976
1976
2004
1994
2012
2003
2014
2025
2050
2043
2091
2122
2146
2183
2179
2221
2230
2204
2225
2223
2202
2176
2148
2147
2124
2080
2065
2026
2006
1984
1955
1974
1984
1962
2009
2000
2061
2070
2081
2145
2218
2202
2213
2216
2203
2210
2202
2187
2103
2096
2081
2019
2001
1958
1907
1904
1945
1988
1981
2013
2108
2168
2227
2240
2238
2283
2323
2374
2331
2328
2272
2236
2178
2088
2099
2025
2001
1978
1981
1956
1965
2006
1979
1995
2036
2055
2038
2038
2039
2041
2055
2048
1998
2093
2115
2105
2166
2172
2209
2242
2231
2247
2219
2193
2179
2147
2145
2084
2036
2009
1998
1961
2001
1984
1999
2023
2073
2148
2207
2253
2304
2064
2016
1950
1900
1882
1915
1932
1951
1965
1988
2069
2135
2128
2119
2143
2155
2161
2193
2191
2198
2205
2213
2189
2195
2181
2130
2063
2080
2062
2049
2073
2077
2048
2056
2062
2103
2138
2137
2178
2160
2187
2197
2207
2181
2147
2099
2091
2112
2156
2115
2081
2005
2031
2053
2049
2012
1938
1951
2062
2114
2089
2071
2086
2096
2119
2115
2166
2172
2195
2167
2137
2074
2051
2031
2057
2030
2049
2013
1976
1957
1959
1959
2000
1997
1997
1997
1978
2059
2098
2120
2146
2179
2180
2145
2166
2131
2070
2058
2023
2021
2035
2022
2016
2009
2016
2019
2002
2000
2034
2066
2138
2170
2169
2168
2164
2167
2125
2104
2037
1986
1959
1975
2013
2006
1967
2003
2062
2144
2096
2075
2042
2012
1991
1971
1988
1978
1999
1971
1946
1930
1901
1897
1934
2040
2148
2206
2245
2257
2242
2195
2169
2134
2138
2136
2173
2182
2176
2154
2115
2039
2020
2049
2140
2197
2181
2153
2149
2109
2085
2069
2069
2074
2090
2102
2072
2002
1977
1968
1915
1956
1979
2010
2086
2155
2169
2194
2233
2197
2161
2095
2014
1926
1930
1969
1957
1992
2028
2126
2238
2335
2456
2531
2531
2467
2365
2170
2045
1898
1807
1776
1807
1904
2012
2130
2259
2306
2252
2173
2054
1969
1933
1904
1944
2007
2060
2114
2161
2205
2245
2313
2343
2321
2246
2107
1980
1874
1898
1971
2107
2251
2331
2342
2252
2149
2007
1933
1917
1936
2004
2069
2170
2251
2358
2416
2379
2318
1986
1933
1870
1833
1933
2055
2110
2123
2106
2112
2127
2062
1996
1968
2042
2119
2162
2138
2099
2128
2163
2156
2066
1918
1848
1833
1880
1891
1912
2013
2160
2281
2310
2248
2169
2094
2073
2097
2073
2016
1969
2055
2190
2257
2296
2316
2323
2272
2139
2030
2029
2123
2150
2130
2082
2047
2048
2080
2152
2144
2068
1985
1992
2052
2138
2212
2256
2241
2156
2147
2177
2107
1966
1812
1806
1881
1970
2034
2075
2070
2112
2174
2208
2178
2073
2009
1983
2007
2012
1992
2051
2138
2265
2305
2286
2224
2115
2012
1915
1840
1870
1914
2034
2134
2193
2237
2237
2276
2253
2196
2088
2049
2112
2193
2189
2115
2036
1993
2013
2072
2127
2185
2225
2232
2193
2190
2177
2140
1985
1885
1768
1724
1773
1941
2144
2259
2238
2124
2061
2064
2135
2192
2172
2080
1980
1936
2006
2125
2205
2208
2085
2021
2052
2167
2236
2187
2069
1949
1894
1879
1857
1811
1871
2019
2162
2245
2331
2471
2580
2523
2311
2067
1908
1864
1871
1901
1952
2087
2206
2238
2168
2077
2069
2056
2061
2095
2152
2159
2053
1877
1762
1786
1911
2109
2267
2386
2394
2226
2036
1919
1999
2106
2194
2300
2403
2367
2129
1803
1587
1605
1806
2068
2267
2421
2441
2336
2200
2080
2027
1990
1939
1931
1951
2003
2087
2165
2207
2147
2090
2110
2200
2288
2330
2375
2408
2341
2179
2048
2024
2022
1965
1936
2008
2091
2024
1872
1757
1773
1904
2085
2242
2358
2409
2329
2185
2130
1935
1989
2070
2143
2144
2138
2105
2064
2023
1993
2033
2105
2182
2234
2241
2212
2144
2041
1974
1963
1982
2038
2076
2106
2128
2117
2131
2142
2126
2109
2091
2051
2051
2038
2005
1988
2002
2057
2100
2189
2217
2200
2132
2078
2043
2009
1983
1975
2007
2062
2075
2090
2077
2048
2063
2074
2157
2246
2327
2373
2371
2286
2165
2022
1898
1868
1923
2000
2136
2276
2314
2294
2200
2077
1907
1821
1836
1933
2102
2222
2311
2306
2233
2113
1955
1847
1802
1857
2026
2209
2328
2340
2268
2161
2086
2066
2107
2154
2243
2332
2370
2361
2233
2071
1899
1813
1807
1863
1984
2108
2237
2285
2252
2176
2092
1999
1930
1877
1873
1844
1865
1920
2038
2185
2352
2491
2541
2509
2005
2161
2268
2224
2160
2207
2152
1897
1736
1843
2095
2270
2371
2464
2449
2260
1980
1845
1862
1976
2026
1960
1960
2096
2241
2339
2388
2502
2548
2416
2254
2233
2163
1975
1822
1887
2039
2045
2024
2112
2237
2221
2148
2073
2026
1911
1843
1871
1963
2085
2222
2275
2217
2114
1975
1855
1826
1927
2145
2248
2261
2320
2376
2341
2278
2219
2136
1922
1672
1555
1694
1940
2123
2212
2285
2386
2350
2132
1899
1726
1657
1630
1718
1882
2029
2145
2334
2520
2612
2643
2536
2298
2013
1814
1676
1525
1506
1698
2008
2296
2502
2622
2616
2487
2281
2044
1794
1659
1629
1667
1819
2116
2398
2517
2532
2566
2566
2429
2231
2066
1895
1825
1738
1743
1879
2122
2320
2348
1916
2165
2439
2609
2655
2515
2224
1868
1597
1502
1559
1750
2012
2331
2570
2680
2670
2450
2125
1830
1611
1552
1591
1739
1884
2019
2209
2345
2466
2445
2316
2125
1965
1929
1975
2043
2079
2070
2078
2073
2120
2204
2267
2244
2158
2036
1911
1768
1714
1763
1903
2110
2334
2522
2587
2454
2162
1807
1482
1378
1524
1857
2193
2495
2625
2538
2375
2154
1987
1873
1871
1965
2116
2297
2425
2483
2393
2237
2064
1928
1894
1928
2020
2107
2129
2118
2024
1927
1850
1845
1916
2084
2238
2382
2457
2473
2359
2190
2018
1878
1808
1814
1857
1975
2089
2226
2331
2388
2389
2341
2249
2205
2140
2108
2105
2112
2159
2218
2257
2188
2029
1805
1569
1436
1491
1690
2006
2335
1942
1960
1952
1900
1990
2291
2636
2708
2459
2106
1825
1555
1220
998
1019
1339
1780
2209
2637
3053
3257
3156
2817
2379
2004
1752
1665
1751
1915
2105
2250
2276
2208
2038
1814
1629
1576
1613
1690
1730
1895
2247
2690
2987
3046
2832
2544
2257
1854
1415
1107
1098
1398
1840
2236
2565
2832
2938
2882
2685
2420
2127
1944
1843
1819
1825
1823
1853
1889
1889
1936
1964
2020
2107
2183
2309
2417
2551
2659
2771
2814
2698
2459
2153
1960
1873
1767
1712
1608
1558
1664
1828
2037
2246
2397
2450
2482
2484
2464
2419
2346
2279
2185
2070
1949
1823
1753
1752
1719
1757
1858
2037
2226
2330
2365
2389
2385
2287
1989
1700
1470
1521
1739
1980
2094
2172
2317
2568
3236
2976
2805
2647
2459
2216
1940
1697
1474
1233
1012
820
718
934
1538
2387
3164
3560
3470
2987
2300
1660
1228
1030
1087
1349
1684
2021
2295
2449
2526
2489
2371
2150
1989
2025
2319
2758
3075
3011
2555
1893
1312
1019
1012
1156
1379
1622
1951
2222
2343
2190
1803
1427
1293
1442
1699
1840
1789
1713
1810
2238
2803
3152
3143
2830
2498
2271
2190
2069
1786
1337
990
1098
1671
2445
3094
3381
3323
3036
2648
2197
1644
1022
552
545
1054
1935
2717
2994
2749
2334
2159
2281
2543
2728
2671
2398
2132
1986
1925
1775
1585
1444
1608
2143
2816
3223
3177
2798
2341
2037
1939
1888
1767
1688
1789
2104
2400
2458
2236
1943
1848
2040
2397
2686
2734
2543
1550
1834
2133
2416
2681
2910
3061
3141
3131
2985
2746
2354
1904
1426
1059
876
822
942
1201
1651
2161
2743
3248
3543
3562
3227
2679
2014
1422
983
794
837
1141
1642
2240
2849
3297
3497
3374
2932
2280
1571
967
591
518
820
1362
2103
2849
3408
3696
3592
3136
2437
1603
828
273
37
226
752
1515
2362
3160
3735
4043
4013
3671
3035
2279
1540
920
585
593
962
1506
2097
2565
2832
2904
2802
2606
2323
2040
1790
1637
1583
1636
1840
2145
2463
2723
2834
2787
2614
2330
2048
1813
1627
1558
1587
1742
1995
2267
2510
2658
2651
2469
2209
1910
1678
1570
1566
1635
1800
2008
2275
2441
2507
2431
2230
1964
1776
1677
1672
1699
1769
1879
2042
5
0
1
251
1350
2462
3518
4095
4095
4095
4095
4095
4095
4095
4095
4095
4095
3921
3082
2201
1370
623
6
2
1
0
1
0
0
1
490
1314
2147
2936
3589
4095
4095
4095
4095
4046
3638
3128
2632
2140
1673
1224
791
421
160
93
174
448
814
1242
1724
2181
2576
2888
3120
3276
3376
3335
3154
2914
2580
2197
1834
1502
1322
1241
1305
1497
1774
2120
2409
2628
2811
2924
2954
2956
2886
2754
2550
2246
1883
1482
1047
698
419
321
371
583
949
1397
1854
2272
2655
2937
3176
3381
3563
3696
3775
3687
3470
3122
2673
2146
1588
1107
702
475
364
453
616
904
1254
1695
2125
2655
3224
3775
4095
4095
4095
4095
4095
4095
