2093
2082
2081
2084
2067
2086
2104
2100
2097
2083
2092
2090
2088
2096
2112
2096
2073
2085
2096
2088
2090
2088
2107
2095
2087
2090
2088
2097
2098
2129
2096
2076
2096
2079
2107
2112
2103
2103
2092
2090
2071
2088
2100
2084
2100
2097
2081
2087
2098
2090
2092
2082
2096
2077
2089
2086
2098
2087
2086
2088
2091
2082
2077
2080
2083
2090
2103
2087
2100
2086
2085
2079
2091
2091
2098
2107
2088
2085
2073
2083
2096
2081
2092
2107
2102
2088
2084
2107
2106
2093
2081
2084
2092
2101
2110
2117
2119
2119
2107
2094
2084
2105
2111
2111
2093
2094
2093
2085
2093
2080
2093
2094
2091
2098
2108
2098
2114
2093
2087
2100
2120
2106
2087
2078
2095
2084
2069
2083
2094
2102
2096
2079
2087
2079
2092
2104
2100
2088
2090
2091
2098
2072
2094
2089
2079
2103
2102
2095
2088
2093
2089
2096
2086
2091
2099
2087
2089
2087
2078
2076
2099
2101
2094
2101
2095
2092
2097
2109
2101
2113
2081
2093
2128
2098
2092
2078
2081
2115
2096
2098
2094
2081
2096
2092
2079
2084
2106
2094
2090
2098
2075
2092
2098
2094
2107
2087
2076
2091
2086
2080
2089
2098
2110
2092
2085
2098
2115
2108
2095
2096
2095
2088
2109
2119
2094
2068
2086
2092
2092
2094
2089
2098
2090
2099
2087
2087
2096
2088
2089
2077
2111
2085
2096
2088
2077
2104
2104
2093
2088
2098
2098
2076
2092
2090
2089
2106
2100
2097
2098
2088
2097
2106
2091
2102
2078
2086
2072
2046
2054
2051
2058
2024
2034
2052
2029
2011
2016
2035
2027
2006
2030
2028
2045
2037
2033
2035
2044
2065
2058
2027
2059
2066
2068
2070
2060
2096
2082
2078
2069
2069
2087
2083
2097
2086
2082
2077
2060
2085
2119
2105
2075
2080
2082
2081
2060
2074
2038
2072
2045
2049
2045
2034
2033
2020
2036
2054
2064
2076
2052
2040
2045
2072
2069
2088
2080
2088
2078
2047
2064
2078
2090
2081
2082
2117
2101
2128
2117
2095
2092
2104
2116
2119
2108
2101
2116
2124
2138
2142
2115
2130
2116
2137
2147
2150
2117
2144
2150
2152
2163
2146
2138
2154
2137
2131
2148
2156
2143
2150
2147
2142
2121
2112
2118
2137
2127
2124
2116
2120
2113
2095
2096
2074
2076
2045
2089
2069
2056
2058
2060
2061
2066
2073
2081
2093
2131
2114
2116
2111
2137
2117
2093
2070
2052
2003
1999
1976
1982
1994
1991
2017
2027
2078
2114
2126
2166
2194
2202
2219
2230
2219
2192
2185
2165
2137
2126
2084
2056
2049
2048
2062
2076
2110
2115
2150
2171
2190
2216
2229
2243
2211
2206
2169
2131
2111
2066
2024
2006
2000
1988
1964
1982
1989
1975
1987
1981
1992
1998
1977
1979
1963
1959
1958
1971
1962
2008
2060
2080
2148
2164
2198
2211
2205
2197
2194
2170
2135
2090
2084
2064
2021
2014
2012
1999
1999
2020
2052
2065
2070
2091
2098
2114
2127
2151
2158
2175
2165
2168
2197
2193
2183
2187
2202
2218
2244
2253
2260
2247
2215
2225
2179
2131
2136
2242
2230
2191
2184
2149
2109
2073
2036
2032
2050
2075
2063
2021
1953
1971
2005
2011
2037
2042
2080
2111
2117
2093
2115
2096
2110
2132
2115
2147
2139
2087
2073
2067
2056
2053
2006
1960
1956
1972
1967
1993
2024
2063
2098
2100
2112
2108
2124
2165
2178
2174
2176
2155
2125
2085
2044
1998
1991
2051
2137
2183
2162
2143
2147
2097
2040
2034
2069
2189
2243
2214
2203
2210
2247
2217
2136
2041
2013
2025
1995
2002
1968
1978
2014
2019
2001
1992
2008
2132
2179
2169
2171
2164
2153
2134
2096
2103
2125
2135
2122
2093
2073
2036
2025
2040
2052
2058
2055
2094
2117
2120
2077
2102
2142
2159
2116
2094
2115
2136
2123
2088
2064
2039
2025
2038
2049
2059
2038
2193
2087
2004
1965
1952
1994
2053
2111
2141
2189
2221
2257
2259
2245
2245
2167
2100
2053
1977
1971
1997
2041
2126
2172
2186
2094
1996
1885
1834
1866
1928
1991
2060
2054
2086
2096
2095
2098
2176
2250
2304
2290
2251
2196
2145
2109
2087
2092
2055
2001
1978
1927
1933
1926
1965
1968
1953
1976
2008
2057
2096
2127
2132
2125
2077
2029
2014
2025
2061
2093
2080
2091
2074
2055
2053
2053
2072
2096
2034
2044
2020
2044
2086
2163
2230
2219
2205
2155
2133
2122
2127
2090
2062
2028
2044
2112
2208
2306
2346
2311
2218
2128
2035
2000
1955
1935
1892
1826
1751
1732
1792
1855
1972
2120
2238
2325
2365
2389
2293
2202
2116
2016
1949
1961
1975
2002
2026
2026
2180
2124
2067
2005
1917
1870
1896
2035
2171
2249
2248
2220
2226
2280
2281
2249
2246
2232
2185
2142
2099
2032
1920
1819
1809
1878
2001
2092
2070
1965
1972
2115
2264
2291
2224
2208
2100
1912
1734
1665
1746
1882
2022
2095
2183
2184
2218
2226
2192
2152
2114
2076
2023
1938
1992
2100
2237
2312
2350
2287
2192
2099
2013
1936
1887
1892
2022
2115
2162
2247
2257
2203
2058
1950
1904
1918
2004
2064
2089
2046
2044
2158
2256
2216
2142
2128
2136
2173
2215
2240
2197
2155
2155
2203
2231
2143
1987
1883
1886
1979
2061
2104
2075
2018
2006
2126
2272
2341
2309
2250
2246
2185
2105
2052
1998
1941
1960
1941
1946
1965
2008
2050
2082
2123
2178
2223
2252
2197
2197
2062
1933
1905
1971
2053
2055
1977
1943
1985
2081
2103
2100
2104
2144
2247
2262
2191
2075
2001
2050
2160
2174
2077
1955
1928
2009
2112
2252
2341
2501
2612
2611
2433
2226
2042
1842
1706
1676
1802
1967
2068
2127
2136
2237
2288
2265
2189
2154
2134
2076
2002
1904
1850
1910
2015
2078
2092
2068
2032
2007
1937
1904
1963
2120
2272
2272
2160
1960
1789
1745
1868
2098
2327
2453
2433
2400
2306
2216
2139
2068
2007
2006
1927
1838
1789
1840
1915
2005
2044
2178
2389
2492
2380
2159
1961
1878
1845
1890
1999
2124
2106
2050
2020
2105
2180
2213
2218
2210
2141
2034
2006
2098
2217
2189
2042
1919
1880
1964
2168
2385
2447
2343
2133
1914
1864
1983
2146
1877
2000
2149
2283
2357
2336
2264
2149
2031
1984
2008
2124
2235
2310
2288
2216
2114
1994
1914
1917
1957
2075
2170
2288
2304
2208
2037
1836
1702
1629
1659
1820
2029
2233
2391
2418
2342
2177
1959
1778
1679
1736
1878
2030
2161
2259
2316
2308
2225
2168
2089
2050
2040
2069
2111
2112
2103
2106
2103
2122
2173
2207
2224
2188
2156
2097
2033
1981
1984
2050
2108
2197
2215
2171
2132
2066
1997
1947
1966
2016
2064
2087
2084
2067
2077
2067
2096
2171
2246
2306
2329
2249
2148
2025
1952
1919
1978
2043
2121
2198
2197
2120
2008
1911
1880
1937
2040
2191
2271
2270
2210
2102
1962
1908
1929
2031
2180
2290
2328
2276
2107
1918
1827
1815
1893
2005
2128
2174
1844
1902
1956
1942
1927
2017
2088
2115
2151
2239
2280
2225
2092
1982
1898
1944
2032
2107
2157
2170
2129
2077
2064
2149
2192
2232
2272
2244
2106
2018
2038
2100
2203
2256
2227
2084
1875
1666
1560
1624
1847
2056
2149
2267
2370
2392
2288
2193
2169
2157
2096
2061
2104
2243
2396
2387
2275
2247
2264
2160
1942
1847
1915
2024
2032
2055
2160
2275
2360
2377
2337
2287
2161
1994
1889
1905
1907
1902
1944
2077
2201
2236
2273
2270
2186
1977
1765
1725
1809
1920
2012
2179
2409
2500
2443
2292
2081
1804
1582
1548
1667
1796
1946
2145
2351
2446
2369
2151
1948
1862
1836
1854
1908
2041
2216
2347
2420
2486
2353
2100
1899
1867
1926
1930
1925
2049
2179
2299
1995
1984
1971
1966
1973
2020
2091
2191
2262
2231
2098
1956
1846
1819
1874
2008
2208
2379
2479
2434
2284
2099
1960
1892
1931
2037
2237
2396
2489
2458
2359
2258
2174
2168
2160
2156
2144
2095
2031
1964
1944
1970
2030
2058
2077
2087
2127
2152
2139
2107
2051
1965
1858
1830
1885
2034
2205
2348
2387
2299
2170
2029
1980
1981
2001
1992
1923
1859
1829
1910
2070
2263
2410
2488
2481
2449
2414
2355
2226
1999
1782
1628
1650
1805
2022
2190
2288
2355
2404
2424
2427
2371
2258
2169
2069
2011
2029
2078
2189
2276
2320
2333
2293
2172
2017
1837
1760
1766
1786
1744
1713
1812
1975
2164
2256
2254
2224
2175
2131
2065
1975
1903
1829
1768
1745
1713
1754
1816
1492
1831
2167
2456
2671
2726
2648
2425
2126
1812
1552
1426
1476
1725
2109
2564
2872
2936
2743
2261
1650
1151
868
905
1247
1729
2183
2506
2703
2764
2686
2510
2259
1963
1710
1621
1732
2017
2356
2643
2808
2795
2669
2444
2207
2085
2039
2049
2079
2148
2162
2150
2080
1953
1800
1715
1768
1918
2145
2384
2519
2458
2303
2153
2060
2089
2175
2341
2415
2387
2230
2017
1861
1795
1907
2172
2460
2640
2647
2455
2140
1835
1641
1532
1481
1499
1558
1721
1944
2235
2495
2645
2635
2469
2214
1949
1776
1734
1846
2035
2216
2287
2239
2070
1845
1630
1468
1358
1406
1588
1917
2311
2644
2862
2894
2715
2370
1969
1564
1319
1300
1538
1944
2442
2897
3132
3085
2814
2091
1960
1714
1587
1738
2091
2473
2712
2679
2390
1869
1311
931
836
1027
1405
1835
2307
2659
2875
2758
2403
2025
1823
1864
2101
2405
2586
2532
2246
1925
1698
1649
1725
1946
2214
2478
2594
2377
1906
1454
1251
1347
1580
1902
2195
2430
2544
2543
2497
2530
2735
3100
3425
3509
3222
2649
1936
1329
877
693
851
1344
2009
2566
2786
2645
2321
1954
1711
1724
1966
2323
2563
2530
2176
1781
1582
1688
1956
2408
2847
3149
3084
2625
1906
1284
1193
1611
2274
2771
2972
2914
2706
2315
1696
1014
607
793
1496
2178
2350
2008
1544
1586
2167
2901
3255
3048
2570
2165
1906
1652
1265
966
1025
1646
2473
3008
2987
2406
1728
1422
1622
2131
2663
3022
3198
2623
2544
2528
2452
2253
1833
1299
810
544
621
1008
1626
2313
2948
3402
3582
3457
2969
2255
1532
989
813
1034
1535
2223
2910
3397
3574
3427
2932
2244
1564
1066
959
1254
1851
2558
3151
3440
3334
2902
2299
1649
1126
861
912
1285
1886
2504
2936
3027
2814
2364
1848
1442
1249
1309
1566
1959
2440
2882
3191
3231
2998
2526
1956
1482
1227
1215
1388
1694
2069
2472
2801
2952
2854
2543
2069
1620
1296
1190
1281
1509
1786
2074
2307
2524
2649
2675
2553
2334
2070
1840
1767
1826
2044
2285
2443
2479
2404
2232
2031
1790
1583
1376
1297
1332
1588
1974
2436
2874
3164
3216
3056
2739
2307
1872
1469
1170
968
914
1067
1380
1858
2356
2787
3041
3090
2066
1734
1454
1239
1106
990
875
827
831
898
966
1101
1262
1344
1440
1517
1577
1615
1667
1720
1793
1859
1981
2169
2349
2543
2752
3005
3217
3455
3620
3739
3826
3884
3872
3789
3681
3447
3142
2723
2173
1570
902
310
1
0
1
1
0
2
0
1
7
497
1162
1940
2710
3489
4095
4095
4095
4095
4095
4095
4095
4095
4095
4095
3752
2806
1847
947
129
0
0
2
1
0
2
0
0
2
1
408
1482
2448
3355
4095
4095
4095
4095
4095
4095
4095
4095
4095
4035
3383
2648
1868
1104
409
1
0
2
0
0
0
0
1
428
1050
1742
2426
3098
3734
4095
4095
4095
4095
4095
4095
4095
4095
3748
3153
2514
1852
