2082
2128
2028
2073
2072
2138
2103
2048
2130
2117
2099
2116
2100
2062
2069
2066
2105
2187
2100
2090
2104
2075
2091
2146
2128
2092
2072
2133
2147
2153
2049
2089
2127
2096
2076
2085
2105
2098
2098
2152
2106
2105
2171
2066
2160
2180
2119
2108
2115
2109
2076
2084
2072
2051
2028
2057
2042
2030
2053
2140
2066
2152
2180
2105
2160
2102
2138
2104
2133
2090
2115
2135
2108
2122
2131
2131
2111
2068
2128
2074
2098
2131
2133
2084
2132
2137
2144
2094
2066
2110
2111
2131
2136
2119
2090
2077
2066
2138
2054
2069
2108
2092
2062
2082
2066
2100
2064
2096
2079
2092
2136
2070
2142
2115
2134
2127
2098
2120
2091
2101
2068
2080
2065
2105
2146
2097
2077
2089
2022
2068
2053
2056
2087
2151
2108
2123
2059
2031
2089
2040
2053
2059
2036
2074
2067
2008
2051
2031
2136
2123
2058
2069
2068
2046
2083
2088
2073
2091
2064
2061
2058
2086
2041
2020
2077
2082
2101
2081
2074
2075
2041
2070
2060
2072
2112
2148
2104
2112
2077
2113
2111
2136
2142
2183
2181
2214
2168
2122
2158
2136
2206
2163
2171
2122
2156
2163
2148
2130
2114
2164
2146
2150
2136
2134
2149
2202
2174
2194
2127
2186
2139
2125
2154
2142
2117
2064
2058
2160
2132
2124
2122
2095
2090
2090
2142
2146
2098
2093
2072
2079
2086
2024
2022
2012
2058
2084
2059
2027
2064
2112
2085
2046
2064
2079
2080
2054
2056
2014
2026
2055
2011
2083
2127
2056
2072
2065
2142
2159
2171
2211
2264
2228
2254
2199
2160
2102
2048
2038
1954
1887
1876
1761
1806
1814
1842
1904
1937
2026
2140
2245
2323
2412
2488
2502
2527
2474
2431
2370
2297
2224
2132
2009
1907
1831
1776
1717
1729
1780
1773
1827
1902
1974
2095
2163
2219
2234
2247
2282
2300
2243
2186
2135
2124
1996
1954
1977
1957
1942
1973
1969
2024
2122
2222
2264
2302
2334
2402
2354
2364
2273
2230
2121
2085
1989
1923
1896
1828
1783
1816
1824
1824
1926
1978
2062
2120
2195
2174
2263
2274
2237
2206
2204
2072
2039
2052
1974
1986
1980
2018
2000
2044
2084
2113
2095
2184
2184
2181
2284
2283
2227
2233
2207
2177
2160
2189
2124
2084
2108
2084
2064
2044
2043
2085
2032
1796
1808
1876
1995
2139
2234
2242
2176
2080
2013
1950
1893
1868
1901
1969
2088
2195
2303
2392
2397
2295
2113
1971
1928
1923
1908
1902
1974
2137
2291
2331
2256
2194
2173
2142
2079
2039
2031
2043
2019
1946
1904
1981
2095
2147
2116
2097
2152
2225
2220
2141
2042
1994
1981
1981
2014
2105
2208
2257
2204
2121
2087
2146
2217
2224
2135
2046
2016
2079
2169
2230
2211
2156
2096
2071
2106
2158
2176
2136
2070
2044
2076
2112
2135
2125
2132
2125
2098
2060
2067
2115
2150
2135
2084
2043
1993
1903
1805
1791
1891
2064
2161
2200
2205
2208
2198
2157
2090
2058
2084
2129
2170
2193
2149
2100
2033
1960
1938
1996
2049
2010
1903
1821
1860
1943
2024
2050
2166
2019
2085
2130
2140
2094
1968
1891
1953
2150
2352
2423
2314
2107
1956
1935
1981
2062
2111
2136
2129
2055
1920
1878
1942
1982
2032
2066
2159
2299
2405
2295
2056
1870
1841
1929
2023
2120
2172
2244
2282
2280
2249
2212
2164
2055
1974
1928
2008
2157
2270
2271
2230
2192
2174
2146
2130
2062
2018
1977
1982
2017
2110
2193
2208
2089
1925
1916
2024
2145
2137
2005
1922
2045
2216
2266
2171
2051
2060
2192
2281
2236
2144
2135
2197
2193
2130
2113
2118
2136
2072
2050
2096
2153
2105
1941
1904
2043
2227
2238
2049
1910
1939
2125
2226
2167
2056
2076
2220
2339
2298
2123
2049
2097
2174
2166
2008
1866
1853
1960
2084
2118
1985
1880
1918
2085
2248
2228
2130
1988
1808
1773
1896
2096
2264
2256
2141
1998
1942
2019
2180
2298
2228
2036
1862
1869
2063
2344
2527
2493
2227
1905
1772
1883
2075
2191
2176
2081
1979
1970
2052
2171
2198
2110
1978
1886
1865
1918
2071
2242
2342
2312
2174
1990
1869
1878
1982
2094
2147
2139
2142
2187
2226
2224
2162
2074
2035
2064
2133
2158
2127
2044
2009
2042
2113
2162
2158
2090
1999
1940
1955
2047
2170
2292
2331
2303
2266
2260
2287
2301
2216
2065
1943
1924
1978
2055
2124
2174
2176
2132
2072
2033
2043
2107
2174
2204
2156
2068
2015
2086
2227
2304
2251
2088
1922
1832
1871
2011
2174
2268
2216
2065
1885
1806
1862
2039
2237
2373
2363
2212
1989
1808
1735
1790
1920
2080
2205
1926
1810
1904
2033
2114
2206
2204
2165
2138
2111
2128
2076
2019
2080
2208
2275
2253
2241
2099
1926
1934
2107
2299
2292
2119
1965
2026
2219
2312
2169
1948
1832
1845
2015
2207
2385
2257
1956
1753
1766
1991
2195
2271
2251
2140
2008
1926
2053
2256
2214
2015
1906
1938
2086
2253
2343
2234
1991
1849
1902
2045
2102
2156
2162
2066
1952
2001
2187
2202
1994
1828
1895
2077
2187
2169
2158
2176
2147
2092
2120
2228
2225
2099
1976
2021
2191
2268
2231
2193
2131
2078
2114
2138
2186
2175
2108
1974
1986
2208
2403
2355
2014
1733
1788
2132
2445
2426
2174
1997
2053
2215
2382
2431
2253
2008
1784
1764
1978
2157
2221
2167
2055
1933
1966
2141
2286
2359
2272
2149
2173
2005
1982
1990
1952
2100
2266
2307
2192
2108
2032
1960
2034
2158
2192
2227
2166
1944
1895
1986
2106
2249
2250
2143
1972
1830
1919
2241
2468
2384
2173
1992
1833
1900
2196
2416
2440
2253
1894
1697
1792
2020
2278
2349
2149
1976
1940
2010
2144
2284
2361
2298
2202
2139
1968
2009
2016
1884
1942
2096
2114
2106
2074
2030
2032
2164
2344
2411
2470
2390
2106
1927
1869
1942
2164
2230
2174
2010
1890
1953
2117
2204
2265
2224
2132
2042
1901
1829
1788
1764
1910
2094
2190
2235
2080
1885
1935
2036
2169
2343
2238
2027
1916
1890
1983
2106
2134
2086
2111
2225
2221
2174
2233
2114
1908
1985
2021
2044
2136
2170
2102
2069
2136
2068
1960
1949
1909
1790
1762
1758
1747
1623
1559
1670
1908
2090
2220
2300
2410
2454
2373
2252
2077
1930
2001
2154
2046
1819
1723
1665
1727
2126
2482
2548
2516
2451
2133
1826
1875
2005
2008
2028
2104
2119
2086
2156
2296
2286
2216
2192
2006
1910
2251
2477
2245
1947
1712
1587
1779
2221
2473
2399
2250
1992
1670
1622
1844
2089
2268
2378
2158
1750
1681
1930
2170
2443
2508
2125
1797
1810
1900
2115
2444
2504
2155
1799
1689
1832
2261
2616
2523
2222
2009
1858
1808
2091
2312
2284
2069
1680
1416
1531
1834
2236
2568
2512
2136
1712
1595
1895
2096
2077
1949
1692
1621
1976
2415
2847
2985
2591
2042
1646
1452
1710
2300
2833
2932
2567
2118
1894
1927
2197
2466
2521
2331
1881
2491
2714
2544
2221
1980
1879
1924
2078
2219
2216
2194
2244
2352
2371
2267
2210
2269
2280
2156
1985
1784
1563
1503
1830
2498
3155
3205
2558
1734
1276
1408
1962
2506
2707
2493
2110
1884
1831
1744
1553
1499
1868
2495
2860
2764
2429
2009
1649
1634
2119
2693
2775
2431
2086
1966
2000
2112
2345
2618
2720
2633
2387
1939
1315
998
1386
2206
2883
3068
2786
2219
1657
1426
1612
1886
2042
2108
2243
2235
2112
2083
2061
1863
1779
2144
2751
2978
2793
2428
1975
1507
1449
1862
2260
2152
1845
1746
2002
2366
2681
2734
2505
2339
2414
2320
1756
1151
1114
1648
2272
2494
2256
1906
1845
2122
2328
2319
2241
2095
1894
1961
2216
1986
1425
1612
2797
3748
1642
2123
2432
2450
2211
1892
1777
1866
2074
2232
2206
2014
1759
1578
1622
1902
2285
2475
2347
2032
1741
1672
1898
2338
2703
2750
2469
2148
1960
1913
1982
2159
2326
2363
2279
2255
2408
2562
2455
2079
1674
1461
1591
2077
2724
3187
3178
2603
1746
1073
894
1148
1697
2440
3125
3316
2822
1908
1189
1127
1741
2610
3120
2916
2158
1355
1097
1602
2532
3253
3371
2921
2187
1427
919
981
1490
2018
2312
2305
1930
1411
1190
1453
2019
2621
3008
2967
2567
2168
1981
1942
1896
1824
1788
1774
1751
1800
1985
2208
2328
2267
2098
1902
1817
1950
2243
2472
2476
2236
1926
1779
1843
2054
2325
2566
2592
2471
2266
1909
1466
1262
1550
2061
2406
2471
2370
2236
3131
2682
1942
1326
1223
1728
2587
3275
3352
2754
1761
816
328
648
1904
3543
4095
4095
3087
1156
3
4
100
1708
3444
4095
4095
3462
2152
1180
931
1260
1696
1760
1446
1056
1052
1724
3058
4095
4095
4095
2908
68
4
4
3
1584
4095
4095
4095
4095
1703
3
2
3
1601
4095
4095
4095
3096
350
1
2
371
3373
4095
4095
4095
2312
2
2
3
975
3784
4095
4095
3526
904
1
4
421
2859
4095
4095
4095
2172
2
4
1
1794
4086
4095
4027
2096
12
2
1
1840
4095
4095
4095
3103
864
5
2
125
2085
3898
4095
3619
2241
1048
583
1010
1991
2799
2861
2346
1808
1588
1628
1786
1905
1932
1770
1730
2100
4095
4095
3066
1226
3
4
1
1
3
1220
3461
4095
4095
4095
4095
4095
2887
878
1
3
3
3
83
1677
3411
4095
4095
4095
4095
3810
2157
431
3
3
1
1
584
2104
3505
4095
4095
4095
4095
3644
2784
2052
1609
1444
1423
1357
1092
618
4
1
3
3
114
1300
2927
4095
4095
4095
4095
4095
4095
2920
264
3
3
3
2
1
1128
3693
4095
4095
4095
4095
4095
2795
955
2
2
3
970
2629
4095
4095
4095
4095
3569
1636
2
1
1
2
3
728
3622
4095
4095
4095
4095
4095
3692
984
0
1
2
1
0
926
3458
4095
4095
4095
4095
3862
1986
223
3
1
2
1
451
1476
2373
3090
2
2
1
2
2463
4095
4095
4095
4095
4095
4095
4095
4095
4095
4095
4095
4095
3568
1726
2
3
0
1
1
2
3
2
2
1
2
625
1490
2445
3542
4095
4095
4095
4095
4095
4095
4095
4095
4095
4095
4095
2041
2
3
4
5
5
3
7
2
4
4
2
3
2
4
4
813
4008
4095
4095
4095
4095
4095
4095
4095
4095
4095
4095
4095
4095
4095
2825
796
4
3
4
3
3
2
4
2
2
3
4
3
3
830
2177
3348
4095
4095
4095
4095
4095
4095
4095
4095
4095
4095
4095
4095
3921
2958
2036
1255
669
346
205
220
331
478
554
529
400
193
3
4
3
4
3
4
158
708
4095
4095
4095
4095
4095
4095
4095
4095
4095
4095
4095
4095
4095
4095
4095
3706
2860
2094
1360
667
91
3
4
4
4
3
4
2
2
2
2
4
4
4
3
56
563
1088
1662
2200
2772
3225
3686
4068
4095
4095
4095
4095
4095
4095
4095
3972
3602
3154
2652
2123
1609
1096
601
141
0
3
2
1
1
2
3
3
2
1
2
0
1
2
3
0
2
1
0
1
2
3
0
0
1
84
267
500
852
1262
1794
2387
3047
3788
4095
4095
4095
4095
4095
4095
4095
4095
4095
4095
4095
4095
4095
4095
4095
4095
4095
4095
4095
4095
4095
4095
4095
4095
4095
4095
4095
4095
4095
4095
4095
4095
4095
4095
