2055
2073
2057
2093
2107
2103
2088
2077
2103
2120
2091
2089
2086
2045
2095
2101
2060
2072
2093
2084
2084
2073
2079
2034
2088
2086
2125
2119
2160
2089
2061
2112
2117
2111
2075
2076
2105
2084
2090
2104
2056
2111
2121
2132
2064
2118
2082
2107
2108
2114
2099
2137
2098
2079
2091
2067
2063
2081
2070
2050
2081
2102
2108
2088
2104
2117
2165
2115
2116
2080
2094
2104
2153
2094
2055
2127
2083
2120
2100
2100
2041
2085
2102
2108
2084
2077
2060
2080
2086
2071
2049
2131
2117
2111
2129
2113
2145
2095
2080
2097
2075
2091
2115
2087
2076
2093
2102
2114
2080
2127
2103
2082
2070
2079
2055
2040
2066
2087
2073
2115
2040
2053
2074
2082
2056
2077
2086
2111
2099
2088
2104
2126
2058
2082
2105
2049
2066
2080
2095
2084
2148
2105
2099
2087
2124
2133
2069
2081
2062
2053
2063
2091
2151
2108
2101
2092
2086
2099
2087
2073
2063
2070
2078
2079
2074
2041
2086
2091
2149
2157
2090
2095
2072
2135
2043
2100
2128
2092
2092
2065
2091
2056
2083
2116
2070
2132
2132
2105
2125
2099
2086
2108
2082
2058
2116
2080
2072
2060
2104
2088
2103
2100
2101
2102
2090
2044
2088
2110
2075
2058
2088
2089
2128
2134
2104
2108
2074
2107
2101
2128
2121
2099
2085
2079
2041
2085
2060
2090
2138
2123
2091
2093
2050
2067
2123
2089
2076
2081
2093
2088
2126
2070
2100
2070
2073
2104
2096
2092
2068
2089
2102
2084
2078
2079
2090
2136
2014
2024
2050
2089
2048
2092
2071
2058
2080
2082
2082
2104
2104
2100
2160
2142
2159
2173
2169
2171
2189
2179
2193
2162
2165
2136
2142
2156
2142
2109
2106
2123
2051
2066
2042
2029
2024
2042
2034
1995
1985
1956
1967
2001
1975
1940
1993
1986
1975
2051
2021
1971
1976
2007
2058
2062
2031
2028
2078
2046
2081
2092
2084
2010
2068
2052
2080
2064
2064
2044
2068
2105
2148
2095
2101
2094
2108
2087
2099
2121
2087
2126
2150
2199
2179
2183
2151
2156
2139
2176
2161
2229
2200
2246
2252
2224
2202
2236
2247
2232
2220
2176
2215
2184
2158
2141
2139
2155
2129
2135
2112
2129
2092
2092
2083
2098
2090
2057
2040
2038
2016
2066
2076
2046
2029
2021
2042
2042
1901
1838
1892
1876
1917
1979
2029
2104
2112
2160
2180
2240
2234
2251
2184
2248
2180
2133
2128
2072
1994
1995
1989
1965
1973
1932
1954
1973
1964
1951
1991
2069
2111
2144
2128
2122
2208
2225
2224
2256
2272
2251
2253
2226
2218
2214
2179
2156
2158
2136
2127
2083
2045
2037
1991
2012
1971
1961
1968
1957
1972
2004
2031
2043
2064
2066
2152
2138
2117
2137
2151
2076
2048
2029
2000
1998
1984
1992
1969
1983
2022
2040
2053
2049
2096
2127
2141
2155
2167
2159
2186
2194
2181
2163
2116
2110
2093
2093
2090
2045
2035
2070
2024
2047
2077
2054
2042
2085
2093
2135
2133
2117
2107
2166
2167
2160
2099
2105
2064
2023
2013
2042
2013
2038
2091
2091
2163
2232
2157
2109
2132
2124
2157
2157
2162
2123
2068
2124
2043
1976
1900
1864
1868
1901
1955
1964
2040
2103
2193
2185
2143
2146
2204
2247
2194
2190
2198
2155
2095
2025
2012
1998
1998
2004
2007
2060
2040
2027
2070
2070
2024
2013
2002
2032
2062
2129
2153
2179
2225
2223
2230
2189
2196
2266
2252
2296
2303
2265
2250
2180
2128
2060
1985
1947
1943
1916
1922
1929
1936
2001
2050
2068
2083
2092
2100
2202
2216
2212
2137
2143
2135
2087
2052
2060
2034
2072
2134
2132
2107
2079
2046
1994
2004
2051
2085
2145
2143
2111
2055
2067
2042
2041
2068
2083
2046
2049
2073
2109
2118
2071
2022
2004
2046
2096
2130
2045
1969
1933
1956
2016
2002
2036
2089
2173
2270
2317
2032
2073
2109
2187
2240
2225
2187
2114
2058
2016
1978
1985
2027
2080
2113
2162
2224
2239
2220
2199
2147
2097
2059
2095
2119
2199
2257
2299
2281
2210
2130
2035
1973
1931
1925
1927
1943
1972
2031
2080
2137
2171
2126
2106
2070
2055
2026
2005
1975
1977
1961
1962
1969
2017
2107
2199
2276
2343
2383
2336
2282
2205
2123
2040
2005
2021
2038
2119
2169
2229
2270
2341
2364
2322
2219
2070
1943
1859
1855
1839
1912
2010
2091
2148
2183
2217
2219
2240
2250
2232
2197
2147
2077
2039
1977
1992
2021
2035
2084
2101
2135
2118
2128
2117
2099
2074
2056
2014
2006
1977
1949
1967
2039
2060
2106
2102
2073
2017
1950
1896
1887
1972
2056
2168
2228
2232
2214
2182
2644
2638
2530
2340
2149
1966
1799
1625
1593
1720
1894
2043
2219
2406
2520
2494
2362
2222
2208
2227
2204
2085
1994
1939
1901
1854
1854
1973
2134
2215
2157
2113
2093
2089
2142
2215
2199
2135
2013
1877
1806
1827
1922
2036
2163
2190
2175
2136
2104
2110
2137
2155
2092
2016
1962
1975
2081
2183
2263
2274
2251
2281
2302
2281
2246
2144
2099
2020
2011
2086
2068
1970
1925
1981
2078
2187
2190
2145
2109
2043
2046
2134
2116
2053
2045
2067
2110
2069
2043
2012
2026
2038
2128
2196
2156
2104
2048
2015
1929
1901
1873
1881
1920
2021
2125
2173
2205
2207
2202
2175
2111
2041
1993
1979
2030
2093
2178
2274
2322
2292
2299
2290
2249
2184
2081
1921
1812
1816
1809
1972
2175
2231
2170
1992
1861
1892
2047
2162
2189
2071
1938
1871
1897
1996
2110
2209
2180
2085
1941
1861
1876
1949
2061
2061
2065
2072
2116
2151
2074
1976
1990
2061
2131
2064
1898
1813
1972
2198
2358
2333
2338
2433
2543
2455
2287
2117
2008
1828
1654
1710
1975
2339
2548
2474
2389
2408
2432
2353
2174
2032
1986
2058
2047
2017
1910
1846
1893
1953
2015
2054
2061
2093
2098
2003
1887
1895
2094
2318
2387
2353
2335
2312
2200
2066
2007
2028
2156
2256
2328
2354
2302
2170
2053
1963
1870
1781
1657
1623
1616
1646
1795
2052
2295
2411
2412
2300
2172
2093
2010
2027
2120
2261
2271
2165
2010
1997
2038
2096
2159
2209
2208
2053
1867
1791
1832
1860
2301
2185
2052
1968
1966
2024
2132
2218
2275
2318
2273
2161
2064
1967
1933
1975
2013
2087
2149
2147
2067
1966
1882
1809
1843
1948
2077
2193
2318
2451
2430
2345
2203
2091
1965
1892
1879
1925
1947
2019
2061
2089
2104
2116
2135
2138
2136
2109
2104
2093
2101
2146
2195
2246
2263
2236
2183
2142
2042
1919
1835
1776
1841
1996
2160
2337
2424
2414
2342
2221
2090
1964
1893
1928
2038
2158
2235
2272
2254
2175
2070
1981
1893
1869
1921
2009
2150
2229
2264
2228
2137
2062
2027
2046
2115
2163
2193
2198
2134
2043
1985
1964
1974
2034
2154
2227
2272
2229
2118
1981
1861
1793
1833
1978
2148
2280
2325
2278
2148
1929
1794
1776
1822
1958
2163
2325
2386
2344
2079
2179
2323
2320
2211
2188
2218
2275
2241
2205
2157
2079
1999
2080
2204
2265
2303
2307
2236
2116
1994
2068
2170
2158
2114
2209
2289
2130
1924
1874
1938
1938
1927
1974
2026
2068
2107
2201
2364
2512
2455
2223
1969
1793
1667
1590
1640
1872
2117
2282
2353
2316
2207
2076
1919
1749
1602
1494
1630
1861
2103
2379
2581
2573
2423
2296
2176
1892
1530
1392
1537
1723
1866
2039
2230
2406
2480
2501
2524
2331
1974
1681
1530
1561
1553
1641
1889
2170
2341
2406
2406
2336
2243
2164
2126
2164
2177
2239
2302
2326
2279
2164
2093
2092
2108
2128
2055
1992
2104
2219
2222
2226
2265
2291
2165
2006
1887
1791
1845
1886
1967
2212
2504
2549
2496
2384
2260
1975
1589
1612
1712
1864
2003
2124
2199
2242
2256
2240
2247
2246
2180
2071
1981
1910
1952
1947
1949
1972
2050
2017
2048
2034
2012
1952
1903
1910
2028
2237
2371
2478
2487
2390
2260
2094
2003
1957
2000
2078
2225
2287
2294
2312
2311
2375
2370
2339
2249
2145
2034
1968
1909
1899
1927
2020
2148
2308
2399
2378
2307
2116
1894
1699
1582
1544
1608
1787
2018
2231
2373
2435
2372
2228
2077
2006
1947
1926
1912
1923
1972
2057
2206
2264
2262
2199
2155
2116
2129
2104
2147
2207
2316
2418
2523
2603
2600
2443
2209
1956
1756
1715
1808
1924
2040
2134
2102
2046
1966
1907
1969
2056
2256
2421
2529
2567
2503
2314
2034
1731
1515
1380
1362
1437
1621
1893
2168
2422
1942
1785
1694
1614
1585
1681
1906
2133
2328
2496
2637
2679
2612
2400
2059
1658
1383
1392
1633
1841
1962
2053
2296
2540
2650
2658
2581
2507
2367
2097
1828
1660
1630
1640
1680
1772
1974
2176
2324
2351
2285
2084
1823
1582
1402
1377
1492
1668
1881
2145
2465
2685
2718
2597
2414
2257
2092
1910
1809
1817
1933
2085
2261
2361
2397
2382
2344
2299
2158
1950
1768
1744
1841
1933
1951
1965
2109
2302
2420
2407
2212
1980
1853
1804
1808
1844
1936
2157
2367
2476
2376
2239
2200
2279
2287
2110
1824
1640
1658
1809
2017
2284
2563
2813
2925
2827
2601
2230
1733
1285
992
1016
1325
1760
2158
2585
2899
3105
3041
2690
2197
1713
1344
1190
1192
1392
1770
2190
1403
1387
1509
1731
2084
2411
2601
2544
2289
2003
1776
1689
1680
1690
1747
1937
2230
2571
2789
2715
2358
1884
1533
1487
1747
2111
2400
2490
2474
2475
2538
2563
2385
1966
1508
1308
1479
1940
2311
2331
1944
1500
1388
1772
2467
3099
3393
3369
3152
3038
3023
2986
2840
2485
2068
1725
1565
1585
1699
1816
1936
2060
2189
2282
2218
2103
1970
1922
1997
2158
2298
2343
2115
1751
1498
1441
1647
2074
2549
2974
3141
3049
2730
2258
1834
1463
1194
1055
1104
1340
1763
2324
2763
2949
2819
2427
1976
1682
1621
1689
1729
1657
1532
1468
1464
1508
1591
1700
1967
2356
2805
3117
3133
2821
2320
1875
1546
1245
1046
978
1266
1864
2592
3044
2999
2519
2029
1817
7
1
241
777
1468
2153
2721
3090
3191
3088
2843
2519
2228
2058
2047
2219
2485
2854
3185
3447
3506
3369
3041
2545
1935
1269
666
199
3
1
0
175
721
1405
2170
2904
3547
4005
4095
4095
3895
3392
2760
2095
1447
927
623
578
755
1126
1616
2101
2501
2784
2902
2859
2682
2405
2130
1861
1696
1693
1817
2098
2445
2761
2976
3017
2816
2424
1871
1299
775
440
333
499
920
1493
2213
2927
3580
4093
4095
4095
4018
3477
2688
1802
959
309
1
53
491
1154
1879
2546
3038
3291
3260
3001
2550
2045
1502
1016
664
536
668
1041
1573
2195
2782
3232
3452
3419
3207
2790
2321
1806
1416
1193
1204
1466
1920
2541
3093
3550
3750
3665
5
194
531
1010
1533
2031
2371
2487
2514
2571
2771
3130
3504
3630
3445
2999
2419
1993
1809
1801
1847
1849
1744
1552
1375
1360
1633
2088
2549
2794
2821
2778
2824
2963
3075
3004
2755
2288
1779
1407
1367
1634
2034
2366
2420
2208
1851
1580
1570
1767
2064
2286
2318
2038
1631
1226
950
874
982
1240
1473
1588
1591
1606
1747
1976
2331
2695
3064
3341
3568
3696
3748
3712
3544
3184
2605
1912
1230
728
447
421
509
650
733
747
794
999
1456
2174
3076
3875
4095
4095
4095
4068
3529
2984
2512
2088
1680
1262
886
564
432
479
712
969
1163
1257
1270
1300
1485
1888
2456
3086
3615
3923
4002
3871
3657
3461
3428
3510
3556
3445
3062
2468
