2126
2080
2080
2095
2089
2091
2075
2094
2106
2122
2119
2112
2102
2077
2097
2091
2118
2115
2085
2084
2111
2098
2104
2117
2099
2110
2098
2094
2087
2063
2084
2080
2092
2091
2083
2101
2085
2112
2128
2098
2082
2121
2083
2087
2070
2108
2103
2095
2080
2117
2098
2094
2066
2070
2118
2090
2084
2096
2065
2093
2090
2038
2100
2092
2101
2074
2059
2096
2106
2103
2118
2083
2083
2098
2081
2076
2090
2084
2059
2114
2080
2070
2103
2076
2137
2083
2087
2068
2071
2084
2085
2085
2066
2073
2074
2109
2097
2099
2101
2104
2090
2117
2104
2109
2092
2088
2083
2095
2096
2106
2120
2101
2068
2094
2083
2064
2075
2066
2116
2097
2102
2096
2108
2099
2097
2104
2067
2085
2076
2072
2074
2086
2079
2093
2093
2090
2099
2083
2102
2087
2076
2092
2104
2060
2105
2102
2075
2099
2081
2087
2075
2072
2081
2129
2087
2120
2087
2066
2091
2124
2107
2098
2093
2100
2093
2131
2123
2120
2100
2098
2096
2087
2090
2070
2071
2073
2093
2133
2113
2061
2099
2092
2084
2101
2074
2120
2086
2084
2103
2095
2076
2090
2084
2099
2134
2079
2101
2094
2110
2112
2101
2092
2116
2102
2092
2092
2086
2090
2067
2051
2074
2099
2105
2097
2100
2109
2076
2101
2091
2095
2067
2059
2088
2064
2092
2117
2088
2076
2075
2075
2095
2104
2077
2078
2075
2075
2100
2075
2066
2083
2072
2092
2112
2100
2096
2091
2104
2099
2120
2119
2101
2115
2094
2102
2087
2071
2125
2077
2056
2060
2072
2057
2031
2018
2013
2015
2045
2036
2068
2050
2075
2052
2075
2033
2056
2094
2084
2088
2068
2066
2041
2053
2059
2064
2072
2047
2075
2093
2102
2069
2054
2046
2067
2073
2071
2081
2068
2076
2089
2074
2091
2093
2064
2088
2099
2091
2107
2104
2126
2128
2113
2124
2107
2113
2128
2120
2112
2135
2158
2147
2157
2156
2133
2135
2135
2151
2145
2153
2127
2139
2129
2163
2178
2158
2170
2142
2176
2179
2161
2143
2163
2168
2140
2174
2154
2149
2171
2192
2155
2160
2156
2174
2183
2162
2171
2157
2172
2157
2178
2186
2170
2173
2178
2189
2145
2145
2148
2154
2157
2189
2197
2160
2166
2165
2192
2148
2144
2135
2144
2163
2171
2146
2148
2169
1933
1970
1991
2030
2058
2104
2129
2128
2158
2147
2146
2149
2104
2135
2078
2062
2073
2055
2045
2056
2041
2046
2061
2085
2092
2125
2103
2123
2134
2166
2170
2138
2170
2164
2139
2136
2134
2120
2111
2065
2066
2074
2040
2031
2053
2058
2028
2041
2061
2090
2084
2090
2110
2086
2096
2079
2088
2093
2081
2098
2060
2054
2057
2063
2048
2048
2065
2074
2080
2112
2050
2076
2062
2040
2045
2054
2044
2056
2063
2062
2028
2059
2094
2086
2069
2043
2074
2056
2038
2049
2033
2010
2006
2025
2039
2040
2037
2056
2061
2085
2126
2118
2165
2153
2164
2192
2162
2168
2179
2167
2157
2126
2093
2077
2073
2079
2064
2056
2061
2068
2057
2133
2104
2093
2101
2110
2110
2127
2311
2329
2383
2431
2409
2375
2341
2293
2217
2145
2087
2003
1958
1862
1836
1757
1704
1708
1745
1788
1837
1920
1951
2053
2144
2228
2301
2341
2392
2441
2414
2446
2402
2367
2321
2245
2227
2133
2069
1990
1970
1925
1880
1848
1862
1858
1892
1945
1915
2011
2035
2081
2128
2184
2202
2221
2243
2305
2322
2313
2297
2250
2205
2174
2132
2106
2037
2023
1981
1957
1937
1979
1961
1979
2015
2032
2084
2078
2100
2140
2165
2175
2190
2186
2222
2228
2256
2246
2260
2239
2149
2123
2097
2068
2013
1976
1933
1926
1896
1888
1920
1953
1946
2014
2053
2104
2143
2189
2228
2263
2298
2321
2305
2290
2275
2270
2223
2134
2096
2036
2002
1942
1858
1859
1875
1853
1836
1853
2532
2514
2515
2523
2508
2493
2487
2438
2348
2313
2227
2128
2040
1977
1896
1856
1841
1907
1989
2068
2121
2152
2109
2061
2073
2084
2132
2168
2189
2144
2065
2011
1915
1881
1829
1766
1714
1655
1639
1668
1755
1852
1972
2115
2204
2273
2274
2324
2310
2355
2344
2299
2272
2232
2184
2174
2118
2114
2080
2054
2053
2046
1992
1969
1899
1882
1853
1823
1843
1884
1928
1979
2003
2024
2083
2198
2191
2245
2259
2254
2236
2210
2197
2166
2187
2156
2060
2021
2010
2033
2052
2115
2116
2129
2115
2097
2081
2100
2087
2017
1953
1926
1960
2030
2140
2202
2250
2218
2208
2199
2232
2209
2173
2153
2141
2108
2159
2152
2173
2101
1960
1834
1755
1698
1719
1785
1859
1927
2198
2181
2112
2046
1980
1949
1908
1869
1875
1881
1902
1921
2024
2066
2132
2227
2264
2323
2364
2380
2358
2354
2306
2221
2187
2104
2014
1956
1881
1861
1877
1872
1871
1888
1906
1959
2016
2080
2154
2241
2288
2311
2346
2304
2277
2263
2233
2202
2168
2218
2227
2201
2186
2156
2168
2144
2116
2064
2063
2028
1969
1891
1882
1867
1866
1889
1949
2042
2133
2203
2299
2355
2347
2318
2290
2252
2226
2080
2006
1951
1915
1855
1820
1834
1889
1970
2054
2099
2129
2115
2157
2182
2162
2144
2094
2111
2088
2033
1972
1968
1987
2062
2114
2176
2279
2356
2412
2437
2385
2298
2226
2061
1928
1766
1657
1556
1515
1563
1648
1816
1967
2129
2316
2440
2514
2527
2483
2410
1982
1992
2066
2136
2152
2141
2118
2117
2082
2036
2020
2006
2004
1996
1956
1972
2033
2090
2145
2173
2127
2124
2096
2082
2129
2179
2204
2147
2068
2011
1910
1900
1969
2023
2043
2035
2050
2046
2064
2166
2225
2285
2194
2158
2149
2227
2349
2485
2513
2398
2227
2081
1973
1943
1942
1908
1833
1829
1870
1982
2125
2188
2198
2122
2048
2059
2154
2298
2325
2331
2245
2155
2060
1988
1951
1916
1892
1892
1948
2045
2179
2246
2307
2307
2209
2102
2081
2016
2077
2076
2068
2030
1973
2003
1977
1995
1996
1899
1828
1866
1942
2118
2292
2378
2317
2213
2163
2128
2116
2054
1947
1860
1805
1904
1972
2084
2128
2108
2055
2070
2181
2245
2304
2324
2347
2364
2385
2312
2307
2239
2154
2104
2038
1937
1868
1901
1932
2053
2185
2310
2439
2527
2494
2413
2266
2096
1959
1810
1757
1766
1789
1885
2053
2177
2279
2395
2440
2497
2472
2343
2219
2080
1938
1825
1809
1822
1934
1994
2101
2185
2266
2267
2243
2230
2180
2115
1979
1885
1751
1695
1678
1726
1846
1980
2129
2233
2286
2307
2253
2146
2065
1966
1908
1887
1877
1899
2016
2071
2204
2348
2393
2382
2351
2265
2160
2061
1957
1912
1842
1863
1944
1995
2049
2161
2256
2232
2275
2224
2163
2095
2014
1947
1956
1993
2024
2038
2115
2155
2189
2252
2273
2269
2289
2264
2219
2136
2065
2030
2005
1988
1978
1989
2062
2138
2213
2302
2293
2287
2262
2132
1959
1795
1664
1604
1589
1682
2185
1963
1782
1642
1601
1658
1705
1788
1824
1936
1973
2010
2129
2263
2417
2586
2659
2633
2540
2444
2310
2147
1900
1658
1488
1447
1457
1486
1510
1643
1786
1967
2156
2211
2165
2182
2205
2227
2166
2051
1977
1965
2000
2077
2076
2017
2032
2130
2245
2290
2260
2285
2367
2381
2276
2181
2081
2079
2098
2080
1914
1677
1583
1723
1933
2087
2116
2074
2053
2181
2281
2258
2136
2026
2060
2183
2243
2180
2052
2017
2136
2275
2360
2361
2339
2338
2372
2296
2125
2072
2062
2054
1997
1930
1897
2006
2231
2355
2296
2133
1999
2052
2164
2256
2298
2176
2095
2046
1974
1828
1658
1525
1461
1616
1879
2083
2296
2384
2437
2475
2479
2534
2530
2463
2276
2035
1725
1551
2245
1880
1523
1258
1085
1092
1218
1468
1869
2270
2689
2987
3156
3157
2897
2576
2091
1664
1310
1195
1230
1424
1834
2229
2569
2808
2868
2744
2473
2185
1860
1625
1513
1516
1669
1857
2093
2330
2523
2639
2662
2648
2537
2361
2120
1877
1660
1497
1384
1366
1498
1688
1904
2124
2280
2371
2421
2440
2404
2278
2100
2028
1973
2027
2088
2176
2245
2262
2276
2191
2026
1888
1751
1736
1729
1871
1978
2142
2320
2462
2525
2575
2568
2476
2331
2165
1985
1781
1612
1503
1435
1539
1734
2005
2297
2538
2615
2615
2549
2385
2190
1989
1839
1687
1564
1531
1579
1679
1848
2073
2229
2447
2554
2598
2581
2479
2334
2164
1980
1808
1703
1665
1688
1730
1870
2020
2193
2382
2282
2339
2330
2235
2138
2057
2019
2048
2075
2001
1920
1875
1852
1826
1786
1779
1884
2072
2224
2288
2289
2312
2344
2326
2323
2231
2076
1956
1805
1624
1558
1592
1708
1859
1853
1818
1847
1905
1967
1974
1945
1890
1968
2083
2310
2460
2544
2491
2392
2250
2128
2104
2077
1994
1779
1631
1657
1851
2155
2382
2523
2536
2555
2674
2785
2801
2603
2357
2104
1969
1932
1889
1800
1661
1538
1533
1635
1747
1872
2010
2126
2227
2290
2291
2257
2142
2054
2060
2233
2447
2569
2493
2343
2262
2310
2430
2348
2111
1810
1597
1585
1711
1812
1882
1946
2046
2191
2307
2428
2475
2466
2464
2408
2326
2232
2177
2172
2226
2231
2119
1914
1788
1755
1761
1822
1854
1927
2087
1896
1974
2139
2319
2435
2446
2346
2146
1903
1656
1480
1404
1458
1562
1756
2002
2190
2361
2471
2490
2415
2305
2099
1874
1655
1506
1477
1563
1763
2004
2240
2408
2530
2470
2391
2212
2031
1887
1824
1953
2173
2503
2827
3062
3126
2979
2629
2169
1657
1206
853
667
709
931
1308
1795
2301
2717
2950
2949
2780
2496
2154
1880
1765
1827
1978
2238
2535
2791
2930
2873
2562
2139
1605
1128
814
805
1048
1456
1964
2471
2832
3027
3073
2929
2689
2368
2076
1872
1809
1898
2099
2331
2522
2557
2474
2262
2009
1750
1560
1471
1514
1695
1902
2185
2426
2581
2616
2544
2376
2153
1935
1754
1616
1540
1548
1597
1683
1862
2094
2331
2533
2592
2556
2423
2264
2125
1901
2192
2433
2622
2721
2681
2481
2138
1746
1390
1156
1083
1161
1295
1546
1857
2190
2508
2772
2958
3031
3034
2978
2750
2387
1956
1493
1143
888
839
937
1179
1486
1795
2053
2267
2451
2589
2673
2682
2632
2473
2232
1964
1693
1495
1473
1668
2027
2564
3057
3431
3612
3575
3367
3108
2808
2561
2315
2078
1776
1454
1161
894
743
723
856
1155
1538
1863
2127
2299
2347
2280
2153
2054
1944
1938
1962
2074
2291
2528
2804
3045
3256
3378
3422
3354
3162
2840
2388
1864
1323
858
563
374
378
523
826
1217
1671
2111
2377
2499
2492
2398
2299
2265
2297
2392
2546
2746
2971
3149
3326
3426
3479
3434
3270
3013
2698
2248
1689
1042
345
0
1
1
6
1
0
320
1078
1824
2510
3086
3513
3753
3912
3989
4056
4095
4095
4095
4095
4095
4095
3657
3004
2217
1333
431
0
0
0
0
0
0
0
716
1773
2715
3409
3820
3894
3758
3442
3116
2860
2717
2700
2792
2928
3090
3106
3042
2851
2463
2018
1516
971
437
0
1
0
0
0
0
2
564
1475
2463
3387
4095
4095
4095
4095
4095
4095
4013
3525
3000
2503
2076
1724
1452
1245
1073
840
613
352
72
0
1
1
1
1
282
1249
2468
3744
4095
4095
4095
4095
4095
4095
4095
4095
3028
1861
794
1
2
2
1
0
1
2
396
1108
1746
2226
2566
2771
2940
3069
3260
3529
3875
4095
4095
4095
4095
4095
4095
