2106
2096
2088
2101
2102
2100
2095
2095
2084
2087
2093
2088
2094
2086
2085
2082
2093
2094
2091
2088
2093
2094
2093
2096
2094
2104
2097
2101
2094
2086
2091
2100
2098
2100
2092
2097
2092
2093
2084
2091
2092
2085
2095
2106
2102
2102
2089
2101
2098
2095
2097
2107
2106
2098
2094
2098
2105
2100
2094
2097
2096
2096
2095
2098
2095
2102
2090
2098
2088
2092
2089
2097
2094
2093
2099
2106
2098
2089
2100
2091
2082
2088
2094
2093
2090
2087
2091
2096
2102
2096
2096
2099
2092
2091
2094
2097
2082
2097
2092
2093
2099
2096
2092
2098
2092
2096
2096
2080
2092
2088
2080
2095
2098
2088
2100
2102
2094
2088
2089
2094
2086
2086
2086
2078
2088
2094
2101
2095
1928
1934
1937
1940
1928
1931
1932
1928
1936
1953
1961
1967
1979
1984
1989
1999
2020
2017
2041
2041
2048
2077
2099
2104
2112
2132
2152
2172
2172
2182
2192
2196
2212
2206
2230
2230
2246
2251
2248
2257
2240
2258
2290
2266
2290
2275
2290
2269
2269
2268
2283
2268
2267
2272
2254
2250
2247
2252
2226
2236
2251
2253
2248
2252
2250
2235
2221
2198
2212
2194
2190
2192
2196
2197
2192
2177
2158
2169
2160
2164
2137
2131
2134
2132
2106
2081
2097
2090
2103
2083
2059
2061
2058
2036
2030
2019
2014
2006
2000
1997
1994
2003
1985
1966
1974
1994
1982
1967
1987
1970
1959
1965
1968
1954
1967
1964
1970
1960
1959
1957
1953
1957
1949
1944
1942
1948
1956
1945
1894
1871
1848
1850
1858
1874
1876
1915
1979
2023
2071
2116
2180
2235
2230
2257
2254
2231
2208
2169
2120
2074
2017
1960
1914
1885
1860
1844
1836
1886
1903
1950
2016
2084
2164
2242
2300
2376
2401
2437
2445
2427
2376
2326
2242
2140
2029
1918
1834
1756
1705
1672
1676
1711
1766
1856
1937
2035
2128
2199
2274
2320
2361
2398
2376
2375
2326
2276
2226
2154
2096
2037
1987
1950
1916
1903
1894
1912
1942
1968
1993
2034
2066
2110
2119
2154
2169
2161
2152
2144
2101
2065
2043
2018
2003
1978
1973
1968
1962
1978
2004
2043
2080
2132
2186
2228
2271
2290
2308
2311
2308
2283
2254
2227
2184
2136
2094
2069
2026
1991
1991
1982
1979
2010
2057
2091
2156
2221
1832
1880
1925
1946
1945
1986
2091
2201
2256
2239
2180
2152
2152
2159
2116
2052
2021
2045
2104
2141
2156
2165
2214
2261
2264
2227
2203
2233
2312
2367
2331
2248
2161
2094
2052
1984
1916
1874
1878
1927
1983
2012
2022
2033
2062
2117
2150
2147
2141
2158
2230
2293
2317
2304
2262
2208
2130
2008
1907
1858
1863
1900
1909
1905
1931
2014
2102
2148
2137
2126
2144
2201
2239
2243
2229
2214
2215
2196
2140
2068
1998
1963
1951
1950
1971
1994
2033
2054
2052
2041
2020
1992
1958
1930
1923
1969
2049
2117
2159
2187
2233
2283
2323
2324
2292
2280
2308
2362
2375
2316
2222
2162
2145
2131
2055
1940
1873
1886
1939
1965
1960
1971
2010
2065
2097
2132
2206
2292
1878
1875
1931
2025
2106
2139
2126
2085
2013
1969
1955
1993
2050
2086
2111
2118
2141
2186
2260
2358
2436
2461
2414
2296
2116
1928
1789
1749
1836
2008
2185
2300
2323
2244
2106
1980
1913
1904
1942
2002
2059
2112
2146
2185
2208
2219
2194
2142
2084
2003
1950
1934
1991
2097
2224
2306
2326
2286
2214
2162
2130
2118
2096
2077
2052
2040
2056
2083
2112
2120
2105
2046
1974
1910
1880
1911
1980
2059
2127
2157
2147
2123
2085
2066
2071
2112
2194
2259
2302
2310
2273
2204
2119
2030
1956
1908
1889
1898
1920
1956
1993
2019
2034
2044
2065
2101
2129
2126
2092
2022
1948
1876
1835
1845
1881
1937
1964
1963
1942
1925
1941
2016
2098
2172
2207
2199
2153
2092
1902
1782
1796
1861
1862
1817
1857
2016
2117
2099
2094
2168
2192
2160
2163
2243
2329
2309
2193
2121
2142
2189
2126
1963
1896
1979
2067
2037
1990
2121
2375
2490
2394
2230
2135
2117
2090
2069
2118
2228
2259
2188
2106
2117
2218
2332
2343
2181
1940
1838
1964
2179
2354
2453
2477
2393
2251
2119
2007
1941
1907
1882
1851
1899
2105
2368
2458
2323
2122
1995
1936
1890
1832
1742
1678
1732
1935
2133
2182
2055
1939
1985
2153
2304
2326
2260
2206
2264
2328
2258
2088
1910
1795
1761
1800
1907
2085
2292
2458
2502
2424
2312
2213
2100
1957
1833
1793
1820
1888
1966
2059
2144
2214
2264
2302
2292
2235
2140
2016
1876
1818
1913
2113
2260
2248
2108
1942
1858
2392
2296
2254
2152
1963
1814
1776
1832
1827
1760
1760
1884
2038
2058
1993
2024
2216
2375
2348
2203
2131
2192
2300
2306
2214
2094
1958
1807
1724
1816
1993
2066
1960
1908
2068
2344
2450
2376
2336
2360
2267
1983
1744
1738
1873
1976
2061
2282
2552
2629
2427
2123
1990
2083
2264
2426
2490
2352
2068
1816
1752
1840
1988
2151
2267
2325
2355
2332
2243
2130
2112
2184
2218
2220
2256
2295
2290
2280
2299
2298
2235
2181
2170
2098
2014
1988
2040
1989
1815
1619
1511
1464
1411
1456
1665
1910
2036
2109
2250
2392
2408
2313
2264
2258
2126
1863
1736
1848
2022
2060
2002
1968
1895
1717
1634
1826
2134
2288
2262
2155
2008
1928
2036
2371
2688
2785
2601
2268
2227
2384
2495
2516
2349
2079
1767
1518
1402
1522
1790
2113
2376
2482
2456
2318
2075
1850
1675
1651
1706
1866
2054
2205
2290
2278
2204
2076
1957
1882
1837
1885
2006
2172
2338
2425
2399
2295
2152
2034
1939
1905
1954
2036
2083
2081
2008
1954
1929
1936
2011
2160
2325
2514
2593
2540
2327
2061
1838
1655
1631
1755
1992
2202
2356
2402
2376
2305
2217
2097
2004
1899
1824
1786
1847
1940
2029
2163
2280
2317
2264
2166
2058
1986
1992
2086
2172
2288
2372
2421
2324
2173
1987
1878
1916
2078
2233
2362
2354
2285
2141
1958
1793
1691
1695
1834
2083
2312
2441
2412
2250
1999
1736
1581
1543
1628
1869
2174
2418
2569
2546
2350
2129
1899
1764
1739
1837
1968
2207
2277
2298
2252
2282
2452
2640
2675
2502
2272
2003
1807
1735
1789
1899
2004
2104
2187
2236
2263
2337
2468
2558
2540
2357
2138
1965
1832
1756
1811
2024
2251
2435
2606
2640
2636
2596
2547
2369
2160
2007
1854
1648
1510
1586
1707
1759
1854
2039
2263
2390
2488
2621
2696
2509
2194
1861
1491
1150
951
1018
1404
1968
2380
2656
2832
2813
2478
2010
1629
1262
999
1104
1381
1653
1970
2312
2640
2698
2602
2432
2232
1948
1673
1494
1483
1684
2052
2434
2832
3110
3097
2841
2487
2176
1760
1436
1404
1510
1608
1698
1953
2391
2667
2693
2619
2709
2720
2385
1846
1588
1686
1810
1852
1940
2178
2315
2220
2128
2190
2299
2292
2168
2170
2258
2241
2045
2030
2088
2008
1871
1764
1649
1653
1776
1966
2210
2396
2564
2616
2520
2327
2123
1997
1975
2024
2065
2087
1974
1871
1791
1764
1775
1866
1990
2197
2416
2592
2626
2562
2426
2209
2010
1833
1749
1729
1790
1945
2193
2394
2552
2540
2420
2200
1946
1715
1566
1491
1449
1536
1772
2103
2443
2712
2764
2619
2282
1952
1669
1530
1582
1798
2092
2320
2443
2424
2347
2276
2188
2115
2031
1922
1825
1773
1819
1942
2138
2302
2387
2351
2174
1887
1579
1337
1327
1552
1949
2427
2762
2946
2817
2450
1972
1508
1097
938
1096
1541
2104
2681
3110
3302
3227
2919
2541
2182
1939
1770
1684
1640
1687
1796
1964
2177
2357
2462
2472
2435
2315
2244
2268
2324
2347
2299
2157
1933
2432
2568
2623
2678
2755
2824
2897
2935
2704
2083
1348
939
1033
1294
1365
1315
1458
1952
2598
3096
3316
3322
3125
2683
2046
1420
1085
1154
1474
1839
2171
2630
3162
3515
3436
2971
2402
1993
1768
1601
1357
1034
834
917
1246
1634
2021
2419
2799
2989
2803
2430
2219
2273
2369
2340
2297
2426
2589
2463
1914
1216
750
689
952
1388
1958
2623
3215
3609
3736
3628
3259
2633
1874
1194
769
685
912
1343
1796
2161
2382
2481
2477
2413
2318
2197
2036
1862
1745
1756
1904
2120
2328
2447
2453
2385
2291
2228
2193
2236
2348
2460
2510
2478
2377
2183
1912
1658
1536
1549
1631
1711
1872
2250
2798
3254
3356
3032
2497
1971
1503
1008
528
299
533
1188
4095
4095
2945
1419
339
5
194
740
1186
1280
1112
968
1105
1511
1967
2292
2441
2563
2787
3105
3389
3533
3499
3375
3204
3031
2845
2572
2144
1605
1052
668
543
670
1006
1502
2090
2621
2895
2764
2237
1503
912
856
1508
2703
4059
4095
4095
4095
3656
2439
1496
1023
933
968
986
1051
1259
1584
1857
1908
1758
1616
1716
2181
2900
3584
3932
3764
3153
2338
1576
1009
700
800
1340
2123
2804
3116
3001
2587
2194
2100
2258
2461
2544
2583
2646
2706
2611
2263
1684
1168
1033
1426
2159
2768
2803
2146
1053
3
2
2
2
427
1427
2749
4095
4095
4095
3952
2775
1904
1717
2056
2335
2211
1681
1085
679
500
372
255
379
1057
2268
3558
2091
2226
2428
2616
2710
2652
2387
1957
1446
974
652
595
874
1441
2192
2983
3642
4065
4095
3974
3509
2870
2137
1440
862
480
380
576
1036
1670
2402
3088
3601
3862
3802
3428
2797
2017
1224
549
55
1
1
222
741
1406
2141
2871
3513
3985
4095
4095
3928
3452
2839
2189
1597
1136
852
740
732
783
826
890
950
1066
1288
1621
2058
2568
3077
3496
3796
3974
4005
3863
3524
2987
2252
1393
556
2
1
0
3
176
1019
2002
2961
3788
4095
4095
4095
4095
3787
3031
2233
1542
1022
766
754
968
1338
1768
2183
2466
2566
2445
2127
1717
1338
1053
998
1214
1625
2200
2822
3387
3766
3876
3636
3101
2315
1417
616
113
6
354
3323
2978
2559
2047
1435
929
637
643
907
1380
1828
2144
2228
2120
1884
1601
1350
1150
985
798
552
232
3
3
3
331
1012
1850
2696
3462
4030
4095
4095
4095
4095
4095
4095
4080
3745
3328
2830
2296
1711
1135
557
34
3
3
2
1
3
2
0
3
1
274
708
1298
2079
2988
3900
4095
4095
4095
4095
4095
4095
4095
4095
4034
3770
3359
2789
2056
1292
633
230
182
449
1013
1744
2521
3214
3798
4095
4095
4095
4091
3784
3357
2836
2285
1730
1194
662
132
1
0
1
2
1
1
2
1
308
1258
2264
3212
4036
4095
4095
4095
4095
4095
4095
4095
4095
4095
3904
3424
2928
2466
2025
1656
1405
1194
1016
833
1995
2524
3008
3470
3861
4095
4095
4095
4095
4095
4095
3778
3384
2920
2397
1848
1267
678
129
2
2
1
3
1
0
1
2
2
279
1002
1773
2571
3353
4095
4095
4095
4095
4095
4095
4095
4095
4095
4095
4095
4095
3581
2712
1841
961
162
1
2
2
2
3
1
1
2
1
2
48
783
1634
2473
3260
3987
4095
4095
4095
4095
4095
4095
4095
4095
4095
4095
4095
4095
3788
2953
2097
1278
527
4
3
2
1
3
3
3
3
2
4
35
657
1357
2040
2668
3213
3684
4051
4095
4095
4095
4095
4095
4095
3976
3639
3235
2795
2306
1798
1279
757
286
3
1
2
2
1
3
288
864
1508
2168
2778
3329
