2129
2120
2122
2118
2133
2100
2115
2109
2151
2109
2124
2090
2105
2102
2124
2093
2075
2064
2052
2089
2110
2120
2087
2150
2131
2118
2112
2110
2108
2116
2089
2095
2081
2102
2105
2120
2126
2138
2094
2077
2058
2103
2137
2087
2075
2103
2102
2109
2084
2072
2078
2060
2139
2092
2124
2141
2140
2097
2098
2113
2144
2112
2107
2106
2112
2136
2128
2130
2098
2069
2139
2134
2114
2130
2145
2140
2126
2119
2103
2128
2144
2142
2087
2120
2131
2112
2102
2110
2135
2120
2109
2127
2115
2151
2094
2106
2117
2130
2113
2113
2096
2111
2139
2107
2102
2142
2136
2113
2120
2143
2154
2109
2102
2122
2143
2108
2090
2085
2100
2060
2064
2052
2096
2125
2145
2097
2098
2096
2029
2065
2046
2038
2060
2088
2066
2038
2043
2058
2050
2014
2053
2054
2030
1997
2051
2005
2040
2066
2014
2022
2072
2035
2031
2011
1992
2029
1992
2002
2023
2023
2026
1997
1988
1994
1974
1996
2039
2027
2023
2020
2016
1999
2039
2035
2053
2000
2045
2087
2083
2114
2101
2062
2089
2068
2090
2142
2161
2092
2107
2128
2113
2131
2112
2151
2100
2136
2112
2096
2139
2103
2060
2089
2109
2068
2098
2060
2088
2093
2077
2113
2133
2146
2144
2120
2158
2140
2134
2168
2158
2119
2151
2172
2147
2155
2175
2185
2188
2150
2163
2158
2160
2203
2128
2110
2130
2207
2151
2108
2127
2062
2060
2064
2075
2020
2078
2068
2040
2079
2006
1989
2050
2038
2000
1978
2056
2027
1989
2004
2001
2024
2037
2052
2059
2067
2075
2082
2036
2031
2021
1974
1965
1956
2005
2011
2021
2039
2055
2080
2099
2126
2175
2226
2254
2245
2263
2244
2276
2246
2249
2264
2217
2162
2149
2107
2077
2043
2006
1992
2018
1988
2006
2068
2061
2064
2073
2100
2157
2176
2206
2201
2222
2229
2229
2235
2176
2172
2146
2134
2070
2024
1999
1976
1952
1996
1966
1942
1976
1986
2027
2030
2043
2072
2036
2077
2118
2148
2140
2226
2244
2217
2241
2286
2304
2255
2247
2212
2193
2144
2097
2036
1962
1890
1880
1826
1853
1848
1832
1931
1940
2029
2098
2183
2186
2228
2268
2313
2342
2314
2287
2274
2234
2172
2165
2125
2026
2016
2012
2004
1954
1940
1944
1970
2010
1994
2000
2172
2330
2461
2508
2434
2304
2097
1968
1845
1798
1831
1962
2146
2291
2393
2371
2332
2223
2068
1972
1916
1877
1902
1992
2098
2192
2257
2283
2211
2168
2077
2004
1926
1894
1874
1929
2024
2101
2152
2240
2276
2296
2288
2189
2100
1976
1879
1793
1767
1812
1919
2032
2185
2284
2337
2310
2237
2096
2041
1963
1950
1988
2032
2110
2219
2319
2340
2300
2206
2020
1910
1807
1796
1935
2080
2219
2334
2348
2308
2223
2164
2156
2178
2204
2224
2195
2175
2118
2080
2025
2002
1973
1949
1925
1927
1939
2040
2163
2266
2289
2257
2216
2204
2128
2089
2096
2037
1971
1952
1981
2090
2193
2291
2345
2264
2095
1893
1782
1785
1951
2164
2275
2266
2190
2047
1949
1949
2130
2231
2260
2290
2269
2201
2105
2067
2126
2119
2120
2053
2104
2095
2075
2084
2076
2166
2236
2324
2220
2046
1847
1779
1991
2207
2351
2295
2122
1959
1887
1985
2066
2124
2166
2080
1934
1856
2010
2258
2438
2392
2198
2072
2024
1948
2008
2188
2341
2274
2147
2136
2276
2286
2073
1931
1868
1958
2082
2222
2276
2245
2086
1821
1723
1886
1952
1978
2088
2159
2203
2164
1999
1955
1993
2080
2062
2088
2202
2232
2177
2161
2140
2168
2030
1940
2046
2271
2465
2429
2238
2095
2050
2201
2352
2443
2401
2215
2071
1918
1954
2004
2094
2260
2287
2366
2289
2153
1991
1860
1906
2065
2274
2458
2532
2430
2198
1935
1756
1793
1978
2315
2443
2413
2194
1980
1816
1813
1915
1885
1938
2019
2216
2285
2146
2092
2094
2022
1935
2039
2204
2312
2357
2248
2170
2145
2242
2106
2067
2250
2252
2188
2078
1947
1905
1980
2081
2031
1907
1781
1779
1867
2016
2183
2118
1968
2054
2007
1904
1966
2011
2132
2205
2211
2056
1968
1933
1880
1882
2006
2059
2293
2404
2263
2141
2160
2024
1857
2004
2028
1990
2152
2236
2029
1893
2123
2099
1999
2136
2240
2172
2210
2289
2242
2266
2332
2170
1944
1726
1813
1962
2068
2158
2191
2154
2226
2172
2115
2115
2205
2187
2104
2118
2084
2016
2002
1976
1958
2079
2394
2300
2088
2138
2084
1937
2098
2150
2055
2217
2382
2211
2184
2338
2257
2179
2283
2102
1976
2060
1968
1921
2069
2202
2274
2462
2448
1789
1728
1942
2342
2542
2396
2183
2148
2045
1888
1822
1998
2372
2495
2283
2030
1940
1932
2068
2170
2245
2172
1963
1863
1813
1885
1985
2264
2353
2180
1933
1891
2107
2204
2095
1872
1749
2005
2351
2454
2185
1957
1928
2095
2156
2063
1946
2145
2359
2272
1949
1766
2069
2397
2469
2194
1909
1831
1964
2141
2347
2580
2610
2224
1827
1691
1951
2405
2480
2267
2038
1985
1990
2054
1958
2033
2303
2620
2484
2066
1640
1824
1996
2340
2491
2403
2079
1753
1626
1740
2190
2413
2298
2061
1986
2035
2012
2086
2254
2445
2442
2212
1993
1801
1911
2120
2354
2511
2345
1888
1703
1873
2164
2200
2149
2191
2303
2251
2027
1766
1749
2001
2309
2354
2347
2250
2058
1923
2045
2151
2200
2155
2019
1910
1846
1872
1938
2004
2046
2058
2038
2006
1995
2065
2076
2166
2197
2156
2041
2020
2091
2175
2233
2273
2142
2005
1899
1942
1944
2033
2026
2026
1998
1991
2117
2135
2012
1870
1886
2001
2184
2206
2083
1958
1987
2125
2259
2325
2214
1988
1900
1919
2076
2203
2387
2512
2519
2410
2301
2093
2037
2192
2286
2387
2291
2117
1985
1927
2058
2251
2369
2353
2216
2120
2121
2143
2078
1943
1923
2070
2214
2417
2479
2400
2177
1987
1911
1940
2128
2240
2273
2060
1949
2069
2258
2409
2485
2367
2052
1848
1791
2038
2347
2631
2592
2355
2091
1962
1983
2023
2192
2302
2423
2240
2004
1876
1909
2142
2335
2380
2341
2224
2083
1864
1739
1763
2282
1956
1738
1998
2390
2416
2223
1988
1793
1704
1782
2066
2331
2397
2144
1776
1894
2335
2557
2454
2345
2387
2318
2213
1984
1845
1825
1952
2151
2395
2549
2345
1845
1523
1615
1956
2368
2576
2499
2111
1829
1863
2122
2253
2196
2246
2456
2295
1728
1496
1820
2295
2477
2332
2078
1922
1852
1945
2036
2028
2027
2283
2557
2454
1940
1440
1455
1954
2514
2540
2162
1810
1731
1859
2001
2154
2189
2018
1948
2078
2296
2425
2364
1974
1576
1494
1821
2248
2400
2355
2149
1954
2008
2197
2300
2298
2363
2284
2191
2049
1996
2124
2250
2170
2050
2030
2018
2067
2196
2202
2102
2023
2048
2109
2086
2090
2110
2092
2063
2075
2024
2019
2056
2136
2158
2128
2166
2342
2415
2689
2436
2010
1907
1948
2232
2821
2924
2231
1480
1103
1366
2256
2944
2920
2417
1663
1251
1251
2061
2985
2977
2268
1584
1147
1241
1921
2414
2388
2082
1703
1795
2222
2606
2740
2407
1795
1336
1515
2074
2505
2543
2183
1698
1620
2080
2529
2594
2412
1886
1398
1492
2026
2644
2760
2342
1771
1561
1726
2165
2475
2430
2208
1993
1848
1888
2390
2651
2239
1678
1493
1735
2117
2542
2826
2575
1810
1282
1340
1548
2026
2525
2491
1977
1576
1355
1696
2328
2783
2260
1445
1355
1852
2330
2719
2601
2035
1642
1651
1817
2230
2527
2622
2348
2186
2325
2366
2018
1760
1733
1943
2165
2180
2080
2129
2318
2487
2433
2244
2169
2150
1988
1734
1667
2061
2517
2548
1337
2455
3048
2654
2308
2024
1887
2272
2691
2487
2425
2905
2574
1271
730
1402
2360
2981
3132
2977
2960
2896
2046
753
80
490
1622
2766
3321
3086
2782
2419
1741
1133
1288
2015
2649
2532
1838
1482
1926
2273
2062
1918
2048
2612
3118
2880
1974
1354
1104
626
505
1171
2242
3304
3956
3485
2089
1256
1178
1293
1524
1886
2388
3104
3364
2684
1886
1608
1352
1264
1605
2213
2786
3416
3653
2872
1468
706
1128
1862
2238
2273
2064
1796
1976
2349
2397
2183
2002
1606
1020
900
1503
2657
3720
3971
3088
1685
784
876
1563
2419
3218
3300
2786
2177
1640
1324
1453
1895
2333
2556
2421
2296
2506
2942
3267
3084
2264
1437
964
1105
1699
2224
2690
3368
3295
2932
2223
1410
950
1147
1908
2693
3013
2996
2526
1920
1408
1190
1265
1548
1818
1838
1558
1190
1132
1572
2423
3164
3628
3846
3824
3523
2910
2131
1403
855
725
1075
1875
2899
3618
3507
2685
1823
1618
2105
2647
2691
2254
1624
1316
1642
2324
3019
3398
3137
2237
1392
1347
2202
3157
3321
2530
1060
2
3
0
1305
3677
4095
4095
4095
2841
1369
137
2
2
18
1208
2608
3802
4095
4095
4095
2769
1314
862
1182
1378
872
63
2
84
1101
2509
3713
4095
3494
2217
1227
1184
1960
2568
2264
1536
1189
1466
1924
2306
2292
1921
1372
1059
1412
2429
3571
4030
3513
2413
1556
1570
2089
2314
1971
1448
1008
770
824
1145
1529
1942
2373
116
1276
2478
3274
3548
3336
2838
2265
1841
1669
1696
1861
2040
2132
2069
1717
1051
377
171
683
1784
2943
3756
4095
4094
3802
3114
2039
872
22
2
289
1099
1861
2521
3151
3627
3834
3787
3574
3244
2694
1832
748
1
2
1
1
834
2289
4016
4095
4095
4095
4095
3021
1392
108
1
1
1
933
2501
3536
3762
3427
3056
2932
2995
2945
2726
2444
2199
1941
1580
1058
566
439
898
1890
3115
4095
4095
3990
2810
1323
42
1
2
228
1284
2491
3654
4095
4095
4095
2788
1109
0
2
90
1387
2955
4095
4095
4095
4095
3172
1515
0
3
0
1
1
531
1964
3415
4095
4095
4095
4095
4095
3376
1261
0
3
2
2
254
340
412
451
443
433
403
374
349
321
326
360
448
581
789
1056
1428
1901
2455
3109
3893
4095
4095
4095
4095
4095
4095
4095
4095
4095
4095
4095
4095
4095
4095
4095
4095
4095
3710
1856
1
3
2
2
3
0
4
2
2
3
1
2
1
2
2
2
2
706
2767
4095
4095
4095
4095
4095
4095
4095
4095
4095
4095
4095
4095
4095
4095
4095
4095
4095
4095
2871
1422
152
1
4
3
2
2
3
4
2
3
4
697
1683
2616
3478
4095
4095
4095
4095
4095
4095
4095
4095
3534
2594
1540
448
3
2
1
1
3
3
2
1
1
3
1
1
2
3
1317
2951
4095
4095
4095
4095
4095
4095
4095
4095
4095
4095
4095
4095
4095
4095
4095
4095
4095
4095
4095
4095
4095
4095
4095
4095
4095
4095
4095
4095
4095
4095
4095
4095
4095
4095
4095
4095
4095
4095
4095
4095
4095
4095
3172
2211
1266
337
3
1
4
3
4
2
4
3
1
2
2
2
3
3
3
1
1
2
0
0
3
2
0
1
1
1
1
2
0
0
1
1
1
618
1793
2940
4031
4095
4095
4095
4095
4095
4095
4095
4095
4095
4095
4095
4095
4095
4095
4095
4095
4095
4095
4095
4095
4095
4095
4095
4095
4095
4095
4095
4095
4095
4095
4095
4095
4095
4095
4095
4095
3514
2419
1372
407
5
1
1
1
2
1
3
2
1
3
1
