2105
2081
2091
2084
2102
2072
2077
2099
2109
2103
2089
2099
2103
2101
2096
2068
2095
2096
2084
2101
2101
2094
2084
2097
2087
2099
2076
2111
2089
2071
2085
2089
2097
2097
2099
2081
2094
2113
2097
2098
2081
2075
2121
2113
2117
2090
2091
2118
2113
2090
2088
2095
2105
2067
2070
2068
2100
2089
2079
2089
2068
2101
2079
2085
2109
2102
2100
2092
2106
2102
2087
2077
2092
2102
2087
2097
2100
2063
2079
2082
2077
2106
2106
2110
2088
2082
2088
2090
2107
2109
2092
2087
2089
2077
2081
2080
2087
2105
2103
2087
2085
2107
2100
2094
2089
2092
2094
2106
2102
2107
2120
2101
2094
2080
2097
2094
2064
2083
2061
2085
2111
2100
2101
2101
2106
2088
2100
2115
2074
2084
2107
2105
2093
2079
2083
2088
2096
2067
2085
2070
2122
2104
2108
2102
2109
2106
2101
2083
2104
2126
2110
2118
2086
2093
2081
2107
2101
2074
2057
2060
2093
2111
2096
2085
2102
2092
2089
2107
2114
2093
2097
2099
2097
2058
2103
2101
2089
2071
2077
2074
2114
2107
2107
2100
2111
2098
2081
2118
2096
2106
2078
2103
2110
2098
2103
2106
2077
2068
2092
2107
2101
2063
2095
2089
2060
2058
2075
2100
2096
2093
2067
2078
2081
2067
2095
2087
2080
2090
2099
2103
2121
2096
2099
2072
2077
2077
2079
2096
2120
2101
2084
2093
2119
2105
2094
2080
2102
2093
2106
2070
2100
2080
2086
2103
2083
2086
2096
2093
2086
2093
2088
2094
2095
2108
2104
2089
2010
2007
1968
1987
1984
1992
2021
2026
2004
2028
2022
2006
2033
2052
2084
2067
2088
2082
2088
2088
2089
2090
2095
2113
2109
2126
2120
2126
2125
2118
2123
2117
2131
2154
2132
2151
2134
2144
2116
2147
2129
2132
2107
2135
2130
2137
2145
2149
2123
2129
2141
2164
2155
2158
2133
2158
2149
2169
2162
2155
2165
2156
2146
2161
2136
2141
2157
2165
2172
2156
2159
2148
2153
2146
2141
2146
2155
2132
2110
2109
2092
2058
2060
2051
2039
2022
2010
2016
2000
2019
1982
2002
2000
2000
1992
1989
2009
1995
1996
2008
2034
2026
2033
2063
2070
2082
2070
2081
2128
2156
2158
2186
2171
2182
2204
2198
2236
2201
2193
2198
2212
2188
2176
2145
2114
2091
2082
2058
2069
2078
2123
2194
2197
2198
2205
2176
2145
2088
2052
2036
1998
1999
1993
1990
2024
2040
2055
2061
2065
2050
2050
2036
2034
2039
2068
2078
2100
2122
2163
2183
2186
2203
2157
2124
2058
2009
1949
1914
1918
1935
1953
2003
2091
2165
2227
2264
2287
2310
2281
2208
2170
2126
2060
2030
2036
2019
2032
2050
2094
2096
2100
2105
2106
2051
2008
2008
1993
2007
2058
2104
2157
2236
2270
2276
2268
2244
2197
2130
2049
1992
1965
1967
1971
2004
2089
2109
2153
2176
2167
2135
2091
2022
1975
1939
1927
1957
2017
2098
2160
2234
2309
2342
2323
2275
2210
2182
2119
2021
2008
1966
1994
2006
2032
2063
2079
2063
2086
2074
2054
2009
2028
1975
1991
2003
2047
2083
1979
1903
1823
1732
1705
1782
1927
2063
2092
2113
2166
2200
2222
2194
2223
2246
2156
2075
2062
2113
2082
2043
2044
2053
1982
1868
1841
1903
2025
2171
2279
2339
2360
2280
2144
1988
1842
1876
1951
2050
2086
2134
2181
2196
2191
2154
2094
1949
1913
1950
2011
1983
1985
2072
2147
2127
2098
2068
2049
2031
2086
2187
2255
2224
2152
2104
2015
1973
1973
2018
2080
2098
2122
2163
2207
2190
2119
2028
2031
2058
2084
2119
2161
2178
2139
2179
2205
2213
2128
2079
2087
2074
2041
2040
2064
2098
2114
2187
2228
2244
2206
2173
2157
2129
2099
2165
2216
2153
2045
2017
2005
1969
1958
2064
2154
2216
2250
2280
2184
2023
1887
1842
1789
1856
2034
2163
2218
2196
2051
2026
2034
2072
2128
2131
2073
1984
1954
1987
2080
2138
2134
2057
2003
1976
1996
2018
2072
2118
2126
2124
2102
2022
1945
1937
2048
2185
2254
2193
2140
2110
2133
2152
2200
2173
2056
1924
1931
2029
2131
2122
2086
2082
2090
2064
2028
2061
2089
2116
2193
2229
2209
2141
2100
2107
2048
1916
1877
2052
2209
2175
2096
2067
2045
2019
2008
2036
2066
2037
2073
2138
2157
2117
2120
2110
2064
1982
2020
2100
2120
2043
2033
2072
2044
1941
1893
1961
2083
2194
2212
2163
2150
2096
1982
1895
1969
2118
2192
2157
2075
2008
1953
1973
2066
2178
2257
2324
2284
2137
1966
1911
1956
1999
2080
2245
2357
2290
2142
2049
2053
1972
1919
1965
2084
2160
2157
2036
1910
2014
2142
2235
2248
2173
1977
1807
1856
2016
2280
2389
2263
1980
1756
1807
2012
2236
2296
2180
2025
1964
2007
2124
2242
2237
2214
2138
2054
1932
1968
2116
2311
2380
2300
2091
1923
1895
2048
2200
2246
2196
2139
2123
2136
2167
2169
2161
2115
2112
2115
2070
2014
1962
1962
2062
2210
2274
2222
2099
2061
2030
2051
2035
2121
2158
2167
2133
2213
2236
2200
2002
1833
1844
2094
2342
2405
2189
1912
1803
1889
2080
2223
2266
2177
2038
1917
1894
1963
2107
2130
2151
2193
2115
2062
1983
2000
2069
2128
2121
2070
2028
1984
1989
2079
2205
2270
2121
1873
1737
1895
2158
2359
2412
2310
2129
1905
1782
1843
2029
2156
2271
2319
2250
2096
1945
1881
1945
2155
2075
1996
1971
2056
2200
2325
2280
2135
1930
1894
1986
2105
2147
2129
2098
2078
2149
2213
2273
2166
2017
1932
1937
2026
2147
2227
2189
2085
1997
1965
1974
2068
2162
2214
2174
2086
1962
1873
1943
2047
2098
2151
2159
2145
2073
2041
2034
2051
2074
2063
2044
2025
1984
1990
2040
2123
2183
2210
2174
2146
2054
1994
1962
2036
2241
2341
2259
2030
1815
1841
2081
2269
2328
2207
2026
1918
1952
2073
2190
2319
2280
2120
1926
1796
1815
1975
2169
2174
2055
1981
2048
2139
2119
2051
1908
1890
2027
2161
2228
2166
2098
2101
2165
2186
2112
2120
2113
2067
2070
2052
2055
2024
2002
2032
2137
2303
2399
2232
1937
1805
1913
2109
2239
2238
2063
1918
1867
1866
1938
2128
2295
2277
2098
1869
1840
2041
2322
2388
2256
2062
1901
1880
2071
2249
2311
2306
2189
2066
1977
1966
2051
2068
2119
2138
2166
2121
2044
2064
2078
2009
2007
2016
2009
1963
1958
2047
2113
2202
2275
2218
2068
1982
1948
1969
2111
2254
2282
2195
2098
1974
1860
1904
2065
2150
2225
2247
2245
2191
2108
2046
1992
2035
2172
2284
2291
2123
1919
1789
1844
2076
2282
2334
2210
2077
1951
1929
1952
1987
2018
2071
2172
2231
2206
2057
1962
1921
1922
2016
2181
2258
2241
2039
1864
1840
1948
2164
2357
2379
2261
2162
2024
1942
2014
2157
2294
2312
2231
2085
1960
1995
2088
2133
2117
2102
2145
2168
2206
2130
1979
1904
1986
2206
2379
2370
2213
2232
2282
2264
2081
1913
1949
2106
2164
2226
2247
2105
1977
1979
2056
2175
2181
2185
2154
2091
2137
2219
2199
2052
1962
1970
2077
2181
2211
2200
2210
2145
1966
1824
1831
1931
2111
2244
2286
2196
2002
1832
1821
1960
2232
2431
2339
2030
1724
1676
1869
2222
2494
2458
2225
1996
1927
2037
2170
2175
2016
1749
1675
1850
2172
2405
2338
2077
1865
1818
2044
2334
2440
2279
2068
1949
2003
2133
2129
1952
1860
1961
2223
2390
2368
2144
1846
1688
1809
2037
2237
2295
2136
1833
1667
1763
2059
2358
2504
2387
1988
1674
1744
2133
2424
2460
2233
1909
1806
1964
2389
2599
2401
1976
1688
1698
1979
2338
2470
2322
1945
1748
1898
2152
2425
2408
2166
1851
1737
2027
1955
1843
1821
1971
2026
1903
1958
2212
2340
2179
1863
1592
1480
1619
1906
2259
2615
2774
2528
1950
1575
1736
2124
2385
2512
2345
2133
2073
2139
2080
2017
2028
1987
1913
1879
2032
2168
2129
1940
1795
1782
2001
2434
2674
2419
1964
1736
1795
1991
2283
2393
2267
1901
1511
1550
1908
2362
2613
2449
2098
1721
1762
2241
2773
2775
2338
1984
1819
1788
1894
2119
2152
2026
1809
1762
1957
2378
2633
2636
2253
1878
1799
1997
2233
2290
2152
1829
1559
1655
2020
2369
2376
2223
2095
2028
1986
1914
2039
2471
2589
2233
1874
1825
1986
2073
2100
2153
2145
2019
1904
1925
2049
2326
2498
2468
2208
1964
1831
1855
2007
2107
2233
2338
2282
2217
2190
2382
2070
1725
1594
1831
2320
2731
2808
2502
1969
1521
1247
1440
2025
2584
2799
2722
2553
2315
1999
1558
1238
1218
1625
2250
2754
3072
3094
2719
2008
1344
1176
1410
1815
2233
2626
2826
2555
1989
1607
1615
2027
2557
2958
2956
2453
1594
889
762
1380
2406
3242
3451
2910
1870
808
272
575
1501
2682
3522
3665
3014
1950
1169
1122
1709
2405
2826
2875
2484
1924
1589
1634
2014
2462
2703
2538
2074
1615
1383
1398
1601
1912
2261
2345
2170
1899
1890
2141
2463
2657
2654
2472
2221
2072
2106
2194
2210
2065
1900
1836
1879
2115
2343
2528
2600
2487
2154
1633
1200
1127
1493
2149
2660
2827
2630
2240
1835
1649
1694
1952
2328
2717
2827
2504
1916
1465
1397
1000
850
915
1202
1749
2486
3283
3840
3998
3696
3036
2308
1646
1109
755
637
914
1595
2416
3013
3281
3174
2877
2459
2011
1595
1369
1421
1793
2394
2961
3299
3328
3084
2591
1964
1363
956
815
920
1185
1625
2229
2791
3157
3106
2660
2080
1606
1426
1545
1912
2434
3011
3428
3589
3327
2668
1740
739
1
0
0
3
835
2086
3266
4095
4095
4095
4095
3898
2992
1969
986
388
278
629
1275
2016
2540
2758
2602
2264
1873
1514
1150
906
869
1113
1611
2184
2639
2900
2943
2863
2722
2619
2562
2504
2462
2379
2241
1928
1447
801
166
0
1
0
254
1140
2241
3455
4095
4095
4095
4095
3531
2511
1663
1125
935
1032
1323
1685
2024
2409
2624
3049
3368
3598
3728
3676
3517
3197
2734
2164
1504
816
157
0
0
1
0
2
1
0
1
1
418
1047
1685
2293
2796
3223
3575
3774
3929
3980
3919
3816
3656
3467
3273
3072
2866
2707
2594
2488
2380
2329
2301
2274
2276
2284
2261
2265
2226
2189
2113
2023
1933
1803
1679
1556
1448
1364
1308
1287
1250
1270
1309
1358
1365
1377
1372
1338
1275
1176
1050
912
785
646
508
441
435
482
586
757
1053
1385
1766
2220
2702
3182
3686
4095
4095
4095
4095
4095
4095
4095
4095
4095
4095
4095
4095
4095
4054
3414
2722
2041
1384
780
280
1
0
1
2
1
0
0
1
1
19
309
695
1069
1461
1844
2210
2571
2840
3081
127
1
0
2
1
0
1
0
0
0
0
2
0
0
3
1
1
0
0
54
641
1356
2039
2688
3339
3934
4095
4095
4095
4095
4095
4095
4095
4095
4095
4095
4095
4095
4095
4095
4095
4095
4095
4095
3589
3009
2388
1813
1256
724
231
0
1
0
0
0
0
0
0
0
0
0
0
0
0
1
0
3
433
983
1510
2067
2594
3132
3605
4095
4095
4095
4095
4095
4095
4095
4095
4095
4095
4095
4095
4095
4095
4095
4095
4095
4095
4095
4095
3654
2956
2271
1568
885
226
0
0
0
0
1
2
0
3
0
0
0
1
0
0
1
0
1
0
0
0
0
0
0
267
1047
1843
2612
