2083
2089
2100
2096
2146
2149
2078
2095
2121
2128
2104
2105
2113
2102
2112
2065
2050
2074
2068
2101
2096
2107
2101
2094
2095
2113
2115
2108
2120
2075
2095
2086
2100
2094
2093
2123
2124
2113
2107
2089
2112
2118
2125
2133
2142
2097
2122
2105
2089
2099
2091
2110
2120
2130
2120
2116
2134
2110
2111
2123
2153
2118
2095
2089
2115
2149
2147
2141
2117
2105
2081
2103
2128
2093
2109
2117
2087
2067
2072
2085
2104
2120
2116
2095
2110
2103
2081
2072
2099
2093
2100
2080
2088
2101
2119
2105
2105
2112
2099
2102
2073
2114
2144
2119
2098
2109
2119
2115
2100
2112
2109
2125
2098
2126
2106
2096
2092
2123
2109
2066
2092
2076
2096
2099
2068
2106
2088
2096
2088
2076
2082
2091
2083
2089
2088
2087
2097
2090
2104
2097
2101
2106
2085
2087
2094
2094
2094
2100
2083
2082
2090
2090
2078
2084
2087
2096
2070
2092
2080
2089
2100
2091
2091
2088
2091
2086
2084
2087
2085
2092
2091
2074
2068
2084
2089
2087
2097
2098
2089
2110
2085
2084
2088
2084
2086
2104
2093
2094
2081
2066
2080
2080
2073
2064
2070
2073
2071
2077
2076
2068
2072
2080
2079
2076
2091
2078
2084
2088
2076
2084
2074
2082
2070
2058
2078
2089
2088
2088
2097
2081
2085
2104
2076
2082
2085
2087
2101
2100
2093
2095
2095
2109
2121
2111
2092
2088
2094
2094
2090
2074
2101
2097
2098
2104
2119
2094
2104
2115
2099
2112
2103
2095
2112
2096
2104
2121
2122
2102
2099
2093
2087
2098
2095
2108
2106
2105
2103
2116
2099
2105
2098
2104
2100
2110
2096
2107
2120
2131
2117
2111
2096
2112
2109
2133
2125
2124
2117
2131
2116
2121
2115
2151
2129
2118
2127
2145
2139
2130
2128
2120
2147
2131
2117
2125
2144
2124
2149
2130
2120
2117
2110
2113
2118
2115
2108
2122
2123
2107
2101
2101
2110
2100
2087
2085
2081
2087
2077
2057
2049
2049
2049
2040
2014
2017
2015
2027
1998
1997
2001
1999
1999
1995
1975
1973
1969
1971
1962
1971
1991
1987
1960
1954
1970
1993
1986
1983
1998
1997
2000
2010
2012
2028
2024
2033
2045
2053
2049
2064
2071
2083
2100
2102
2131
2132
2126
2146
2148
2154
2134
2124
2132
2149
2119
2150
1965
1944
1970
1979
1985
1991
2038
2058
2080
2078
2128
2134
2156
2153
2154
2158
2125
2116
2122
2135
2127
2127
2135
2145
2146
2168
2196
2185
2188
2181
2180
2155
2121
2066
2029
2018
1987
1967
1937
1928
1950
1961
2003
2051
2098
2139
2151
2176
2179
2177
2178
2164
2142
2107
2089
2092
2089
2088
2092
2075
2071
2082
2092
2099
2076
2092
2088
2084
2078
2081
2093
2114
2125
2139
2136
2137
2130
2134
2112
2088
2060
2032
2023
2004
1977
1976
1986
2009
2024
2036
2064
2073
2091
2123
2130
2135
2143
2140
2132
2141
2111
2138
2139
2144
2163
2172
2200
2210
2206
2205
2208
2190
2174
2169
2156
2122
2090
2045
2039
2033
2006
2020
1998
1974
1982
1979
1994
2002
2077
2091
2151
2189
2254
2293
2289
2255
2185
2114
2096
2060
2105
2129
2154
2124
2072
2016
2009
2049
2069
2089
2086
2060
2024
2054
2085
2095
2088
2066
2036
2053
2092
2179
2229
2239
2202
2126
2100
2127
2187
2175
2067
1958
1921
1960
2011
2062
2065
2091
2202
2312
2348
2287
2188
2075
1996
1958
1947
1986
2085
2243
2342
2395
2268
2042
1821
1709
1750
1823
1864
1940
2080
2246
2379
2370
2246
2124
2067
2090
2029
1936
1926
1992
2112
2268
2360
2371
2268
2102
1940
1875
1866
1862
1842
1903
2037
2222
2353
2361
2277
2164
2104
2077
2041
1999
1925
1899
1918
2054
2189
2225
2131
2023
1936
1912
1994
2042
2014
1986
1986
2041
2090
2085
2037
2047
2184
2296
1990
2011
2052
2068
2098
2100
2096
2099
2095
2119
2139
2154
2138
2104
2060
2087
2133
2126
2136
2162
2144
2150
2137
2055
1931
1865
1921
1999
2106
2110
2078
2012
2000
2072
2136
2153
2160
2136
2106
2080
2035
1979
1965
1954
1987
2026
2074
2112
2127
2085
2031
1949
1959
2031
2134
2207
2201
2151
2081
2027
1999
2035
2098
2185
2275
2283
2221
2116
2010
1957
1937
1935
1975
1988
2019
2074
2130
2176
2189
2178
2091
2040
1999
2022
2060
2160
2209
2231
2203
2184
2125
2092
2099
2092
2095
2106
2128
2179
2248
2253
2175
2044
2008
2022
2087
2138
2128
2115
2116
2087
2043
2009
1983
1982
1993
2067
2128
2120
2037
1955
1942
2026
2141
2192
2219
2193
2119
2010
2091
2036
2031
2083
2179
2232
2239
2213
2188
2181
2169
2141
2095
2076
2094
2119
2175
2191
2148
2088
2024
1969
2007
2038
2120
2148
2131
2056
2018
2032
2052
2039
2051
2018
2015
2006
2051
2066
2063
2083
2080
2080
2087
2123
2152
2165
2148
2160
2135
2076
1999
2052
2136
2215
2170
2047
1929
1873
2018
2222
2330
2281
2112
1972
1979
2097
2208
2235
2184
2141
2169
2301
2384
2332
2169
2077
2046
2139
2234
2230
2119
1982
1895
1904
2015
2093
2098
2037
1994
2050
2149
2246
2262
2183
2069
1985
2023
2170
2345
2409
2298
2077
1861
1746
1851
2057
2227
2274
2183
2042
1997
2069
2140
2124
2062
2053
2066
2103
2092
2051
2021
2031
2114
2184
2237
2164
2035
1961
2220
2121
2046
2040
2116
2234
2304
2238
2082
1891
1841
1950
2100
2166
2133
2039
1974
1942
2066
2213
2270
2197
2032
1866
1829
1904
2057
2194
2238
2150
2037
1973
2013
2084
2154
2142
2107
2066
2098
2124
2162
2188
2180
2188
2149
2056
1951
1930
1991
2128
2200
2191
2072
1926
1888
1977
2135
2205
2206
2105
2015
1953
2007
2073
2063
2038
2100
2145
2181
2139
2008
1904
1914
2080
2282
2406
2411
2285
2094
1982
1989
2109
2259
2315
2259
2090
1941
1898
2007
2187
2279
2222
2047
1910
1912
2056
2207
2216
2134
2051
2007
2007
2036
2075
2074
2149
2201
2234
2192
2081
1993
1997
2077
2125
2105
2057
2088
2181
2250
2264
2192
2073
2016
2009
2068
2086
2064
2017
2489
2367
2029
1776
1782
2016
2257
2321
2239
2135
1999
1909
1982
2172
2334
2397
2258
2015
1856
1834
2037
2264
2347
2263
2159
2061
2021
1957
1874
1853
1908
2038
2173
2224
2158
2104
2100
2119
2144
2203
2246
2206
2077
2001
2013
2088
2165
2198
2216
2176
2110
2018
1977
1978
2079
2193
2237
2193
2015
1864
1745
1796
1932
2131
2222
2245
2187
2049
1920
1883
1932
2088
2237
2255
2186
2041
1887
1865
1938
2095
2211
2242
2204
2109
2047
1953
1904
1888
1912
2006
2137
2159
2131
2068
2020
2044
2177
2254
2240
2088
1939
1834
1801
1904
2138
2319
2335
2226
2071
1934
1909
2018
2199
2304
2304
2215
2122
2061
2036
2005
2003
2050
2168
2243
2198
2062
1893
1842
2092
2061
2153
2190
2103
2125
2223
2213
2056
2019
2120
2213
2146
2044
1945
1785
1692
1906
2296
2401
2157
1813
1688
1915
2290
2453
2323
1957
1629
1587
1864
2206
2486
2651
2581
2179
1772
1736
2039
2296
2300
2098
1916
1887
2068
2292
2347
2125
1840
1726
1803
2020
2283
2462
2306
1940
1721
1725
1929
2255
2418
2293
2042
1936
2007
2108
2130
2171
2200
2148
2051
2053
2111
2057
1999
2003
2012
2013
2029
2098
2173
2191
2142
2008
1917
1923
1940
2035
2109
2151
2108
2028
2000
2021
2098
2223
2228
2104
2059
2064
2177
2228
2244
2159
2006
1909
1985
2064
2160
2256
2228
2061
1870
1833
1997
2379
2564
2345
1885
1651
1821
2272
2681
2700
2308
1790
1469
1519
1894
1827
2011
2096
2052
2096
2109
2142
2325
2400
2420
2460
2374
2130
1938
1884
1900
1898
1820
1819
2038
2153
2154
2154
2048
1892
1976
2083
2136
2333
2565
2506
2147
1812
1639
1690
1853
2185
2539
2536
2237
2019
1947
1957
2278
2623
2609
2255
1926
1700
1657
1870
2260
2531
2515
2314
2063
1970
2027
2063
2161
2361
2358
2231
2230
2225
2118
1982
1941
1970
2068
2274
2456
2426
2063
1548
1324
1700
2203
2521
2818
2781
2109
1387
1338
1856
2354
2596
2484
2034
1615
1549
1848
2366
2686
2519
2149
1922
1836
1719
1743
1921
2180
2387
2235
1979
2004
2225
2249
2093
1973
1848
1821
2121
2594
2805
2545
2076
1647
1474
1747
2288
2553
2490
2247
1889
1405
1247
1091
1313
1664
2046
2638
3243
3347
2820
2076
1398
1061
1321
2083
2776
2915
2515
1976
1673
1834
2157
2427
2591
2469
1999
1564
1530
1687
1975
2423
2758
2552
2077
1836
1919
1987
2071
2340
2495
2358
2091
1899
1868
1833
1771
1744
1739
1824
2068
2423
2798
2911
2801
2379
1756
1397
1445
1719
2209
2807
3198
2973
2428
1924
1587
1460
1567
1825
2167
2261
2033
1744
1642
1598
1716
2234
2671
2707
2513
2342
1980
1635
1772
2262
2596
2530
2378
2304
2091
1764
1809
2151
2302
2198
2094
1915
1615
1583
1994
2456
2732
2817
2601
2136
1583
1181
1207
1621
2045
2305
2370
2127
1775
1727
1917
2173
2441
2681
2578
2194
1905
1869
1909
2089
2343
2492
2260
1896
1732
1816
1840
2069
2332
2239
1645
969
660
774
1082
1549
2391
3509
4095
4095
4095
3307
2099
923
31
1
229
1188
2109
2608
2903
3130
3219
2953
2396
1976
1910
2008
1915
1574
1426
1782
2416
2752
2559
2093
1802
1642
1359
938
855
1550
2701
3633
3819
3492
2934
2282
1503
745
367
749
1787
2815
3297
3158
2778
2424
2124
1750
1426
1376
1758
2239
2433
2132
1579
1201
1264
1600
2008
2537
3114
3535
3550
3131
2445
1839
1528
1470
1622
1989
2524
2895
2928
2450
1656
923
394
253
658
1631
2872
4023
4095
4095
4070
3303
2210
945
0
2
131
948
1783
2272
2646
2967
3091
2907
2537
2288
2383
2697
2914
2805
2471
1984
1553
1061
567
293
502
28
0
1
0
0
0
938
2175
3308
4095
4095
4095
4095
4095
4095
3697
2648
1464
339
2
0
1
0
1
302
1427
2686
3920
4095
4095
4095
4095
4095
3704
2240
720
0
1
0
1
1
1
445
1747
3034
4086
4095
4095
4095
4095
4095
4095
3268
2272
1287
394
3
1
0
1
45
633
1360
2075
2695
3206
3561
3768
3820
3763
3562
3209
2750
2166
1548
932
438
90
2
56
408
1017
1836
2725
3589
4095
4095
4095
4095
4095
3759
2769
1542
304
0
0
2
0
0
1
305
1852
3484
4095
4095
4095
4095
4095
4095
4095
4095
3615
1775
0
1
0
1
2
0
0
1
1
361
2542
4095
4095
4095
4095
7
0
3
416
959
1524
2108
2713
3263
3779
4095
4095
4095
4095
4095
4095
4095
4095
4095
4095
4095
4049
3439
2736
1998
1226
451
0
1
2
1
0
1
1
0
1
1
0
1
1
0
27
729
1583
2379
3173
3895
4095
4095
4095
4095
4095
4095
4095
4095
4095
4095
4095
4095
4095
4095
4095
3920
3224
2471
1746
1023
341
2
2
2
2
0
1
0
0
1
2
1
1
2
101
715
1400
2031
2648
3239
3764
4095
4095
4095
4095
4095
4095
4095
4095
4095
4095
4095
4095
3670
3122
2503
1903
1314
716
147
1
3
2
0
3
1
2
0
2
0
1
1
217
770
1289
1805
2323
2809
3250
3656
4003
