2104
2100
2098
2096
2098
2095
2099
2100
2096
2098
2097
2096
2099
2108
2103
2101
2109
2097
2102
2106
2107
2109
2097
2097
2094
2088
2098
2099
2096
2090
2102
2095
2096
2090
2088
2102
2098
2100
2101
2096
2093
2096
2096
2099
2101
2100
2102
2100
2097
2097
2100
2097
2100
2097
2100
2100
2100
2096
2102
2091
2094
2098
2094
2096
2098
2103
2104
2098
2098
2100
2098
2096
2095
2090
2092
2098
2098
2096
2096
2096
2092
2102
2105
2108
2104
2096
2092
2092
2096
2091
2091
2100
2102
2104
2103
2089
2095
2099
2101
2102
2100
2107
2099
2099
2104
2104
2102
2101
2099
2101
2104
2097
2088
2091
2098
2092
2096
2097
2103
2104
2102
2098
2102
2104
2101
2104
2104
2104
2104
2100
2112
2111
2110
2103
2109
2094
2106
2100
2096
2095
2102
2097
2098
2103
2096
2105
2109
2102
2104
2098
2108
2104
2101
2089
2097
2093
2099
2102
2109
2107
2114
2108
2100
2103
2105
2099
2107
2114
2111
2098
2101
2100
2108
2105
2114
2105
2112
2102
2102
2101
2115
2115
2100
2112
2102
2093
2098
2098
2104
2106
2111
2108
2112
2101
2108
2115
2107
2104
2094
2110
2090
2102
2100
2098
2103
2102
2104
2109
2112
2105
2127
2106
2110
2110
2112
2108
2106
2102
2107
2114
2110
2109
2116
2114
2118
2101
2096
2105
2111
2092
2091
2092
2106
2096
2104
2100
2112
2111
2105
2100
2099
2107
2112
2113
2116
2118
2118
2107
2111
2117
2120
2114
2101
2116
2104
2117
2028
2027
2026
2022
2027
2027
2026
2024
2016
2017
2020
2019
2026
2024
2024
2012
2020
2015
2015
2010
2012
2011
2010
2005
2008
2010
2008
2008
2010
2013
2014
2014
2010
2014
2022
2012
2023
2024
2030
2031
2035
2039
2037
2043
2042
2048
2043
2044
2054
2060
2061
2059
2068
2062
2080
2078
2086
2083
2095
2092
2093
2100
2108
2118
2122
2120
2132
2122
2131
2130
2145
2148
2143
2154
2160
2159
2165
2168
2168
2169
2175
2164
2177
2174
2182
2187
2182
2187
2188
2193
2190
2191
2182
2192
2188
2187
2189
2186
2195
2191
2189
2190
2182
2185
2184
2168
2169
2174
2173
2165
2164
2166
2174
2171
2168
2163
2168
2162
2156
2158
2152
2152
2150
2148
2149
2142
2152
2146
2326
2310
2291
2266
2249
2216
2180
2144
2096
2046
1995
1935
1876
1821
1772
1712
1670
1638
1612
1596
1599
1608
1623
1656
1697
1737
1798
1851
1910
1970
2028
2075
2126
2169
2206
2230
2251
2268
2280
2283
2289
2290
2295
2293
2286
2292
2299
2299
2291
2285
2272
2268
2237
2212
2184
2139
2102
2053
2015
1978
1955
1926
1910
1903
1905
1931
1944
1971
2007
2040
2079
2120
2161
2200
2220
2248
2271
2284
2298
2312
2303
2312
2307
2302
2296
2293
2281
2273
2256
2240
2224
2198
2176
2142
2101
2069
2038
2008
1980
1948
1926
1912
1907
1911
1921
1937
1959
1983
2014
2048
2077
2107
2138
2163
2176
2197
2205
2208
2205
2196
2195
2174
2149
2134
2125
2110
2104
2094
2423
2426
2438
2432
2429
2430
2436
2427
2410
2397
2387
2361
2327
2285
2238
2165
2096
2015
1918
1827
1729
1631
1542
1469
1401
1351
1320
1312
1318
1349
1398
1467
1546
1647
1745
1856
1952
2058
2153
2247
2334
2401
2452
2490
2519
2531
2537
2502
2492
2453
2412
2374
2330
2291
2256
2217
2191
2183
2178
2177
2190
2184
2209
2204
2212
2196
2205
2199
2183
2156
2129
2088
2076
2056
2037
2008
1986
1983
1994
1998
1994
2004
2037
2072
2122
2144
2166
2201
2215
2217
2234
2231
2198
2184
2157
2109
2055
2013
1968
1930
1887
1862
1841
1832
1827
1841
1868
1909
1960
2019
2082
2164
2227
2296
2361
2417
2466
2505
2522
2528
2525
2506
2473
2422
2359
2291
2212
2136
2442
2392
2328
2260
2189
2112
2051
1999
1960
1926
1905
1899
1903
1911
1923
1948
1970
1997
2025
2056
2070
2120
2152
2182
2190
2207
2203
2183
2162
2120
2067
2008
1955
1910
1871
1842
1832
1844
1880
1921
1986
2069
2154
2224
2296
2349
2382
2383
2375
2342
2301
2255
2203
2160
2118
2090
2056
2026
1996
1964
1931
1896
1851
1807
1765
1729
1701
1675
1662
1672
1699
1746
1810
1894
1990
2090
2205
2299
2387
2464
2513
2543
2549
2518
2463
2386
2296
2191
2089
1992
1917
1861
1830
1815
1844
1881
1949
2017
2097
2179
2245
2304
2360
2401
2420
2426
2428
2393
2372
2317
2262
2181
2104
2006
1922
1838
1770
1720
1701
1716
1765
1847
1944
2055
2152
2245
2316
2362
2712
2701
2650
2575
2496
2419
2357
2290
2224
2122
2021
1949
1923
1904
1911
1895
1867
1847
1854
1881
1925
1968
2008
2042
2053
2044
2015
1978
1936
1917
1919
1919
1906
1863
1824
1821
1880
1989
2122
2219
2260
2235
2200
2194
2224
2262
2276
2241
2142
2054
2008
2012
2052
2086
2085
2060
2051
2063
2100
2138
2168
2194
2234
2302
2376
2447
2476
2454
2421
2417
2481
2575
2657
2670
2576
2398
2224
2098
2017
1987
1923
1804
1648
1478
1350
1283
1288
1310
1337
1391
1467
1563
1676
1794
1919
2072
2241
2433
2607
2719
2761
2744
2699
2660
2657
2651
2621
2541
2435
2316
2215
2125
2039
1948
1830
1712
1612
1551
1528
1539
1550
1557
1570
1583
1619
1708
1840
2012
2105
1988
1888
1792
1716
1661
1635
1636
1672
1739
1813
1927
2040
2154
2252
2323
2378
2404
2396
2355
2296
2211
2112
2014
1923
1830
1758
1705
1677
1675
1699
1745
1826
1928
2036
2153
2266
2368
2452
2509
2526
2532
2512
2471
2414
2355
2283
2207
2141
2077
2010
1960
1913
1891
1873
1872
1872
1895
1910
1948
1968
1983
1983
1977
1962
1940
1922
1914
1917
1929
1939
1962
1985
2001
2016
2032
2038
2046
2041
2036
2035
2020
2004
1980
1947
1911
1881
1860
1850
1868
1909
1984
2092
2212
2340
2483
2632
2745
2848
2917
2938
2929
2882
2787
2649
2475
2284
2088
1891
1705
1552
1435
1375
1365
1404
1493
1626
1764
1926
2084
2234
2361
2455
2525
2562
2549
2526
2451
2307
2359
2415
2435
2402
2307
2155
1951
1732
1527
1363
1282
1279
1358
1490
1644
1805
1929
2016
2056
2054
2012
1977
1940
1918
1928
1963
2028
2122
2224
2337
2404
2427
2372
2283
2157
2044
1963
1938
1967
2046
2158
2260
2327
2354
2333
2272
2211
2148
2096
2052
2013
1981
1972
1995
2048
2140
2248
2357
2419
2448
2424
2364
2252
2120
1969
1829
1699
1599
1536
1534
1603
1739
1935
2168
2380
2561
2662
2676
2630
2533
2412
2308
2244
2214
2217
2242
2267
2272
2256
2223
2179
2081
1934
1729
1490
1251
1064
988
1055
1244
1536
1833
2101
2292
2386
2402
2368
2368
2356
2356
2342
2313
2279
2269
2281
2348
2463
2604
2748
2830
2827
2722
2536
2318
2105
1946
1830
2149
2291
2443
2589
2720
2804
2840
2826
2770
2678
2581
2471
2368
2274
2202
2124
2068
2000
1948
1908
1854
1792
1734
1674
1614
1562
1530
1522
1525
1553
1583
1626
1668
1715
1796
1898
2021
2174
2328
2469
2590
2664
2707
2706
2666
2593
2515
2402
2289
2132
1996
1850
1704
1596
1518
1480
1479
1532
1612
1724
1868
2016
2184
2349
2519
2678
2835
2947
3030
3064
3033
2947
2809
2636
2418
2187
1955
1736
1543
1378
1267
1222
1239
1316
1438
1629
1845
2079
2311
2511
2675
2796
2848
2833
2764
2652
2507
2356
2196
2056
1937
1850
1769
1710
1664
1637
1629
1658
1705
1779
1875
2004
2152
2295
2419
2520
2572
2578
2547
2473
2366
2236
2122
2001
1891
1793
1704
1625
4095
3592
2873
2140
1465
882
424
108
2
2
110
350
646
980
1314
1615
1890
2140
2370
2577
2792
3016
3229
3403
3533
3586
3556
3424
3205
2900
2529
2109
1662
1232
843
536
325
248
317
519
834
1227
1624
2000
2304
2542
2701
2783
2801
2778
2733
2694
2672
2688
2753
2840
2946
3025
3056
3004
2869
2631
2316
1938
1532
1135
798
566
458
511
724
1078
1535
2053
2579
3048
3409
3632
3680
3578
3351
3027
2656
2313
2029
1832
1728
1718
1786
1893
2011
2112
2175
2180
2116
2010
1869
1717
1599
1543
1562
1666
1855
2090
2334
2552
2712
2788
2776
2688
2518
2302
2074
1840
1638
1480
1391
1384
1478
1651
1884
2154
2410
2617
2762
2813
2764
2625
1619
1620
1658
1714
1802
1897
1999
2100
2177
2230
2254
2255
2230
2195
2172
2161
2197
2276
2373
2460
2516
2511
2452
2362
2248
2128
2016
1910
1836
1792
1787
1821
1898
1990
2075
2104
2079
1988
1865
1728
1615
1581
1631
1776
1984
2211
2437
2622
2752
2836
2844
2816
2756
2699
2628
2556
2465
2337
2181
1997
1794
1599
1424
1289
1174
1076
998
949
935
994
1141
1378
1701
2083
2473
2810
3060
3227
3322
3363
3389
3407
3406
3355
3218
2949
2587
2148
1694
1297
1010
855
827
874
973
1092
1210
1334
1494
1698
1962
2263
2588
2898
3155
3322
3403
3381
3272
3102
2872
2622
2362
2101
1850
1624
1423
1263
1156
1115
1143
1248
1402
1598
1814
2021
2208
2357
2391
2313
2248
2204
2165
2155
2161
2192
2219
2248
2265
2270
2263
2229
2199
2149
2099
2045
2000
1944
1897
1858
1807
1767
1729
1722
1727
1757
1816
1870
1948
2038
2140
2257
2392
2524
2660
2760
2840
2868
2840
2750
2620
2444
2266
2086
1917
1789
1688
1625
1584
1564
1559
1560
1590
1640
1716
1809
1942
2080
2214
2340
2436
2488
2500
2467
2397
2304
2205
2084
1960
1844
1762
1696
1691
1722
1792
1898
2018
2154
2268
2342
2391
2396
2357
2296
2248
2185
2141
2117
2104
2098
2102
2104
2118
2120
2121
2128
2132
2129
2124
2116
2105
2079
2051
2007
1976
1934
1897
1852
1830
1804
1796
1801
1854
1914
2012
2146
2267
2379
2471
2502
2473
2379
2235
2055
1866
1701
4095
4095
4095
3896
3289
2471
1632
968
596
481
495
530
618
877
1380
2025
2582
2842
2830
2666
2520
2484
2453
2348
2192
2082
2131
2341
2660
3001
3297
3494
3536
3332
2832
2113
1321
688
307
109
0
1
2
65
588
1322
2065
2634
2973
3203
3428
3688
3886
3830
3504
3024
2636
2560
2804
3167
3383
3289
2907
2398
1889
1432
1015
549
78
0
4
1
164
713
1299
1851
2428
3063
3720
4095
4095
4095
3996
3396
2758
2208
1810
1558
1423
1378
1442
1603
1815
2027
2196
2301
2309
2264
2156
2003
1803
1586
1361
1200
1170
1308
1596
1954
2314
2617
2862
3030
3166
3250
3246
3104
2838
2461
2063
1709
1479
1365
1302
1237
1172
1156
1272
1545
2654
3015
3352
3634
3801
3863
3790
3597
3264
2828
2294
1699
1106
577
185
1
4
229
698
1316
2041
2795
3534
4095
4095
4095
4095
4095
3953
3204
2348
1465
629
2
1
2
2
1
1
1
640
1593
2594
3527
4095
4095
4095
4095
4095
3668
2823
1917
1083
380
2
3
1
1
129
681
1335
2014
2674
3238
3691
3994
4095
4095
3981
3712
3359
2955
2554
2176
1874
1645
1502
1412
1384
1348
1289
1210
1082
918
749
590
478
448
529
716
1033
1472
2021
2632
3262
3860
4095
4095
4095
4095
4095
3834
3102
2305
1459
655
3
1
3
2
2
2
3
366
1324
2354
3410
4095
4095
4095
4095
4095
4095
4095
4093
3230
2320
1443
