2096
2093
2105
2105
2090
2099
2092
2084
2085
2092
2103
2100
2104
2104
2112
2107
2108
2115
2120
2104
2104
2093
2087
2098
2094
2080
2092
2098
2086
2100
2108
2096
2097
2059
2110
2105
2097
2099
2106
2100
2116
2110
2120
2105
2101
2106
2092
2089
2100
2083
2095
2098
2105
2099
2107
2102
2106
2106
2106
2109
2102
2085
2100
2086
2085
2098
2103
2105
2113
2117
2100
2107
2084
2101
2096
2098
2100
2108
2074
2074
2096
2094
2099
2099
2102
2091
2078
2098
2095
2097
2091
2074
2075
2095
2102
2090
2091
2106
2124
2093
2101
2108
2114
2102
2110
2112
2117
2110
2104
2086
2084
2096
2102
2115
2095
2100
2107
2110
2101
2109
2093
2088
2094
2093
2106
2087
2084
2083
2023
2001
2020
2020
2034
2025
2030
2024
2047
2051
2033
2008
2024
2024
2030
2015
2025
2014
1990
1986
1978
1988
1995
1994
1995
1955
1982
1966
1980
1973
1972
1960
1972
1981
1977
1984
1988
1980
1989
1996
1998
2008
1984
1990
2015
2012
1999
2040
2040
2054
2081
2082
2104
2110
2124
2122
2143
2168
2182
2196
2187
2206
2226
2237
2274
2301
2277
2294
2289
2327
2327
2321
2346
2321
2338
2336
2340
2357
2348
2344
2329
2320
2338
2329
2312
2313
2316
2305
2316
2270
2274
2263
2257
2246
2232
2219
2215
2197
2189
2184
2176
2137
2130
2134
2115
2097
2090
2099
2077
2072
2056
2055
2024
2011
1997
1996
1996
1979
1987
1967
1968
1940
1976
1948
1938
1938
1940
1939
2106
2122
2135
2134
2131
2144
2138
2139
2135
2153
2137
2126
2110
2088
2063
2057
2030
2001
1966
1925
1916
1888
1852
1848
1828
1796
1789
1802
1814
1821
1818
1830
1864
1880
1914
1952
1966
2009
2060
2099
2139
2157
2212
2215
2268
2303
2326
2334
2348
2352
2355
2340
2337
2300
2269
2256
2222
2210
2175
2140
2113
2097
2085
2064
2046
2045
2044
2027
2005
1990
2019
2039
2011
2053
2027
2050
2051
2064
2068
2088
2073
2063
2084
2078
2084
2084
2075
2086
2111
2132
2128
2128
2168
2182
2187
2190
2206
2235
2232
2251
2256
2270
2275
2278
2253
2235
2234
2222
2196
2126
2092
2035
1996
1962
1919
1891
1846
1824
1804
1804
1805
1811
1853
1907
1950
1985
2018
2059
2379
2304
2232
2178
2150
2138
2173
2202
2213
2224
2189
2126
2068
2020
1971
1942
1924
1882
1867
1871
1888
1956
2040
2145
2206
2240
2226
2172
2137
2138
2186
2254
2331
2372
2389
2345
2296
2208
2148
2104
2052
1978
1899
1805
1722
1688
1696
1751
1808
1866
1903
1935
1989
2040
2110
2172
2205
2198
2163
2100
2051
1977
1950
1930
1884
1872
1866
1898
1925
1967
2045
2128
2196
2277
2351
2435
2500
2550
2564
2556
2500
2422
2364
2274
2198
2119
2009
1958
1876
1818
1787
1712
1672
1644
1657
1710
1801
1920
2091
2224
2374
2494
2588
2632
2616
2542
2441
2346
2260
2222
2199
2196
2174
2098
1984
1906
1808
1812
1837
1840
1872
1900
1953
2031
2105
2139
2136
2121
1734
1693
1704
1772
1905
2089
2294
2483
2632
2716
2712
2623
2464
2270
2063
1877
1743
1662
1649
1697
1794
1933
2085
2215
2304
2341
2331
2266
2193
2128
2085
2087
2107
2143
2164
2157
2112
2030
1925
1803
1712
1656
1654
1724
1870
2075
2312
2558
2766
2894
2924
2824
2629
2348
2035
1729
1486
1346
1321
1422
1628
1874
2141
2377
2553
2660
2677
2620
2496
2333
2156
2009
1901
1832
1782
1743
1711
1677
1663
1668
1705
1777
1886
2022
2174
2334
2497
2607
2657
2628
2522
2357
2166
1979
1831
1731
1708
1756
1876
2036
2197
2336
2399
2400
2332
2215
2068
1925
1807
1741
1728
1786
1926
2104
2303
2492
2632
2680
2643
2510
2312
2074
1848
1666
1576
1590
1707
1901
1933
1924
1916
1852
1670
1492
1482
1676
1985
2278
2472
2563
2535
2422
2248
2046
1925
1929
2016
2082
2114
2135
2142
2110
2143
2241
2408
2362
2005
1527
1304
1417
1619
1663
1661
1849
2124
2204
2056
1968
2189
2534
2686
2484
2165
1980
1994
2060
2090
2085
2043
1994
1950
1878
1790
1712
1712
1830
2068
2308
2415
2344
2205
2091
2018
1982
1941
1944
2006
2063
2076
2092
2224
2415
2538
2480
2328
2243
2202
2151
2060
2008
1973
1890
1797
1756
1796
1851
1895
1996
2162
2320
2427
2507
2594
2593
2461
2300
2220
2102
1866
1596
1507
1620
1787
1936
2153
2444
2680
2722
2621
2562
2518
2344
2083
1858
1809
1774
1669
1505
1469
1652
1962
2286
2548
2685
2744
2679
2283
2361
2405
2372
2312
2160
2028
1882
1774
1734
1784
1912
2078
2249
2376
2446
2446
2355
2220
2060
1890
1787
1780
1858
1992
2160
2315
2454
2526
2566
2531
2412
2247
2059
1934
1886
1888
1949
2006
2110
2196
2262
2292
2264
2138
1995
1828
1713
1689
1736
1818
1892
2024
2168
2326
2414
2463
2440
2331
2222
2147
2112
2062
2054
2018
2015
2040
2078
2120
2128
2110
2057
2030
1987
1985
2001
2024
2042
2071
2136
2226
2262
2262
2217
2141
2071
2049
2069
2126
2204
2286
2366
2407
2409
2366
2259
2091
1904
1759
1678
1656
1727
1851
2002
2147
2218
2241
2174
2068
1953
1841
1761
1718
1770
1933
2145
2416
2649
2799
2790
2713
2555
2390
2250
2156
2087
2080
2041
1629
1869
2072
2115
2222
2450
2605
2492
2208
1992
1861
1759
1618
1506
1518
1683
1972
2226
2430
2596
2739
2719
2527
2290
2096
1884
1653
1528
1512
1649
1872
2168
2479
2744
2937
3024
2885
2468
1977
1656
1456
1270
1101
1227
1618
2122
2520
2743
2828
2736
2528
2271
2010
1728
1494
1362
1345
1447
1711
2060
2382
2590
2739
2815
2772
2649
2476
2244
1901
1602
1550
1743
1914
2028
2114
2368
2636
2824
2808
2529
2066
1631
1479
1341
1130
950
1104
1480
1903
2253
2536
2650
2536
2328
2152
2082
2018
1986
2009
2084
2211
2443
2728
2982
3046
2936
2677
2320
2028
1811
1613
1419
1393
1505
1700
1974
2320
2594
2749
2756
2670
2581
2456
2281
2000
1686
1449
1481
2370
2216
2084
2030
1993
1964
1968
1992
2088
2224
2376
2488
2513
2448
2332
2184
2026
1885
1750
1708
1752
1879
2065
2273
2449
2557
2585
2530
2411
2229
2054
1851
1717
1600
1574
1627
1773
2004
2224
2379
2421
2374
2245
2106
2008
1991
2063
2196
2337
2417
2406
2253
2021
1735
1507
1357
1344
1415
1620
1899
2220
2501
2715
2822
2813
2704
2510
2275
2016
1796
1587
1425
1386
1483
1701
1992
2260
2442
2476
2378
2210
2037
1944
1968
2071
2212
2341
2379
2353
2298
2222
2098
1906
1731
1587
1516
1504
1511
1575
1702
1874
2042
2138
2184
2182
2175
2133
2138
2140
2097
2068
2035
1988
2019
2087
2176
2278
2334
2321
2288
2226
2217
2220
2265
2304
2304
2254
2126
2834
2727
2562
2290
1995
1781
1640
1456
1288
1276
1522
1889
2132
2256
2451
2784
3146
3233
2954
2540
2217
2007
1829
1722
1739
1811
1856
1868
2010
2284
2501
2439
2147
1923
1924
2106
2250
2288
2367
2532
2706
2768
2638
2450
2284
2196
2143
2096
2072
1986
1788
1475
1293
1400
1728
1981
1985
1835
1696
1576
1469
1354
1393
1552
1735
1888
2108
2396
2557
2489
2357
2431
2725
2900
2717
2229
1800
1566
1421
1305
1304
1548
1961
2337
2554
2608
2577
2489
2440
2425
2407
2209
1802
1377
1164
1237
1499
1802
2142
2482
2778
2982
3052
3001
2834
2572
2228
1896
1592
1278
1052
999
1181
1547
1963
2293
2442
2412
2284
2116
1937
1759
1592
1501
1548
1728
1916
1976
2638
2986
3263
3423
3419
3212
2835
2322
1743
1230
836
668
752
998
1375
1804
2144
2402
2510
2508
2470
2504
2656
2921
3138
3208
3068
2667
2098
1481
905
518
346
498
913
1480
2122
2689
3088
3297
3341
3236
3066
2854
2674
2454
2212
1979
1776
1634
1541
1430
1257
956
590
331
260
424
859
1475
2145
2812
3420
3855
4060
4030
3805
3548
3369
3270
3179
3004
2663
2186
1666
1037
485
27
1
0
263
914
1695
2449
3028
3353
3409
3332
3100
2931
2740
2532
2356
2116
1915
1793
1756
1799
2006
2217
2341
2304
2070
1691
1287
998
779
715
793
1035
1426
1934
2472
2896
3116
3128
3042
2878
2702
2620
2574
2431
2151
1623
1036
492
140
12
1819
1438
1158
900
660
468
421
561
857
1210
1594
2003
2478
2947
3350
3588
3603
3339
2980
2695
2585
2591
2519
2252
1823
1385
1056
884
920
1148
1472
1781
1994
2108
2183
2303
2516
2837
3224
3590
3788
3690
3338
2748
2119
1555
1170
1015
947
977
998
960
825
739
841
1136
1620
2138
2604
2933
3160
3309
3377
3376
3293
3150
2962
2675
2285
1843
1461
1178
1062
1118
1373
1797
2290
2772
3120
3311
3309
3110
2692
2216
1791
1508
1384
1362
1476
1687
2024
2453
2844
3105
3101
2884
2553
2140
1673
1164
706
406
379
535
824
1179
1637
2209
2838
3416
3872
4095
4095
4095
3901
3316
2563
1760
1004
311
2
3
2
2
133
816
1518
2146
1340
1984
2721
3469
4095
4095
4095
4095
4095
4095
4095
4095
4095
4095
3020
1388
1
3
0
3
1
1
1
2
928
2727
4095
4095
4095
4095
4095
4095
4095
4095
4095
3776
2513
1252
190
2
2
2
1
1
390
1393
2373
3167
3596
3582
3114
2294
1321
450
2
2
3
240
1008
1979
3069
4095
4095
4095
4095
4095
4095
4095
3492
2273
1176
339
1
3
2
2
2
1
8
869
2001
3070
3950
4095
4095
4095
4059
3304
2352
1344
412
2
2
3
2
212
1118
2140
3114
3985
4095
4095
4095
4095
4095
4095
3584
3019
2574
2336
2347
2587
2974
3424
3833
4095
4095
4056
3704
3078
2167
988
1
2
1
3
5
2
2
3
1
93
597
1104
1627
2163
2645
3113
3527
3900
4095
4095
4095
4095
4095
4095
4095
4095
4095
4095
4095
4095
4095
4095
4095
4033
3822
3598
3376
3126
2842
2570
2279
1972
1655
1334
985
654
331
17
3
4
3
2
4
3
5
2
3
3
2
2
1
2
1
2
1
1
3
84
653
1275
1937
2612
3295
3973
4095
4095
4095
4095
4095
4095
4095
4095
4095
4095
4095
4095
4095
4095
4095
4095
4095
4095
4095
4095
4095
3440
2313
1201
176
2
3
3
4
3
2
1
2
3
2
3
3
4
2
3
2
2
2
2
5
358
1577
2819
4014
4095
4095
4095
4095
4095
4095
4095
4095
4095
4095
4095
4095
4095
4095
4095
4095
4095
4095
4095
4095
4095
4095
4095
4095
4095
4095
4095
4095
4095
4095
4095
4095
4095
4095
4095
4095
4095
4095
4010
3666
3318
2984
2657
2334
2010
1716
1425
1127
857
625
399
186
9
3
1
3
2
1
1
3
3
1
2
4
2
3
2
2
0
3
2
1
3
55
247
434
612
812
997
1186
1374
1554
1745
1930
2108
2284
2452
2622
2786
2950
3120
3263
3408
3547
3670
3786
3889
3992
4080
4095
4095
4095
4095
4095
4095
4095
4095
4095
4095
4095
4018
3916
3808
3687
3551
3410
3249
3096
2934
2766
2587
2410
2236
2057
1880
1709
1535
1372
1210
1059
914
783
651
550
448
372
310
247
218
