2104
2099
2084
2105
2089
2096
2094
2096
2100
2082
2084
2085
2094
2091
2088
2094
2086
2071
2075
2099
2111
2092
2096
2090
2088
2072
2083
2080
2112
2082
2083
2058
2072
2089
2084
2084
2088
2105
2105
2080
2093
2074
2071
2077
2082
2077
2092
2095
2079
2085
2078
2078
2084
2093
2088
2082
2084
2094
2092
2095
2112
2097
2076
2089
2102
2116
2110
2123
2097
2074
2078
2074
2098
2093
2097
2094
2085
2096
2075
2086
2087
2104
2110
2091
2094
2106
2098
2083
2097
2093
2066
2100
2106
2095
2108
2109
2105
2117
2108
2106
2110
2075
2099
2126
2117
2092
2092
2102
2085
2097
2123
2095
2092
2091
2086
2103
2110
2113
2105
2115
2102
2082
2084
2103
2119
2117
2115
2115
1886
1891
1877
1898
1900
1909
1909
1959
1976
2005
2033
2036
2061
2096
2128
2167
2191
2196
2247
2244
2266
2253
2273
2293
2287
2274
2276
2267
2224
2209
2187
2162
2107
2089
2048
2030
1988
1950
1930
1904
1873
1874
1854
1832
1848
1859
1863
1894
1915
1921
1949
1969
1988
2006
2030
2071
2081
2110
2133
2143
2168
2180
2180
2203
2219
2229
2252
2252
2256
2258
2252
2259
2256
2240
2223
2214
2219
2194
2198
2185
2187
2171
2151
2152
2146
2165
2144
2165
2158
2153
2150
2153
2141
2124
2128
2103
2095
2071
2079
2057
2053
2028
2018
1996
1969
1947
1910
1901
1892
1887
1863
1867
1868
1838
1803
1842
1867
1911
1956
1980
2027
2063
2113
2146
2162
2203
2219
2245
2155
2093
2032
2014
1994
1987
1966
1942
1897
1857
1867
1899
1976
2061
2117
2140
2137
2070
2061
2028
2025
2027
2023
1985
1940
1904
1893
1946
2049
2153
2253
2293
2313
2292
2254
2192
2168
2153
2156
2169
2148
2159
2183
2207
2266
2255
2256
2199
2129
2082
2003
1979
1976
1996
2016
2042
2052
2056
2064
2059
2078
2053
2012
1950
1887
1885
1920
2007
2117
2209
2239
2257
2201
2179
2164
2170
2184
2146
2092
2020
1953
1911
1893
1931
1988
1987
1998
1996
1999
2010
2039
2084
2113
2119
2099
2043
2025
2014
2039
2062
2059
2100
2142
2156
2189
2204
2198
2155
2124
2062
1989
1936
1919
1891
1904
1924
1995
2064
2181
2246
2284
2292
2259
2240
2213
2204
2181
2161
2352
2291
2218
2128
1999
1922
1847
1828
1847
1893
1955
2028
2105
2191
2227
2231
2249
2218
2167
2088
2032
1995
1957
1977
1999
2052
2104
2162
2206
2234
2250
2246
2192
2162
2113
2077
2037
2000
1984
1987
2022
2038
2066
2110
2143
2159
2133
2097
2076
2043
2003
1996
2015
2050
2079
2103
2126
2134
2152
2162
2175
2134
2129
2124
2114
2102
2103
2080
2106
2109
2131
2117
2108
2065
2052
2034
2014
1985
1988
1996
2014
2039
2051
2067
2108
2161
2191
2224
2252
2236
2218
2189
2144
2117
2083
2020
2016
2028
2051
2108
2162
2236
2266
2306
2325
2320
2268
2181
2073
1972
1896
1812
1808
1829
1880
1966
2068
2153
2180
2214
2194
2126
2028
1948
1830
1768
1726
1735
2180
2209
2228
2294
2345
2365
2315
2238
2255
2287
2279
2146
2051
1990
1946
1826
1721
1755
1942
2092
2113
2121
2197
2307
2332
2258
2217
2229
2266
2171
2023
1910
1888
1874
1882
1908
1959
2019
2032
2104
2228
2379
2459
2413
2283
2150
2016
1842
1780
1846
2009
2133
2156
2103
2089
2117
2123
2066
2042
2057
2077
2013
1942
1971
2086
2180
2191
2149
2159
2164
2106
2064
2128
2262
2243
2014
1740
1658
1682
1672
1662
1760
1924
2044
2132
2259
2415
2542
2473
2319
2123
1959
1877
1888
1953
2013
2026
2050
2140
2218
2242
2260
2330
2400
2404
2334
2206
2176
2226
2236
2115
1980
1955
1955
1939
1864
1924
2090
2213
2208
2088
2013
2044
2089
2087
2075
2090
2100
2097
2105
2138
2149
2151
2147
2128
2100
2097
2097
2118
2137
2153
2136
2178
2192
2209
2207
2177
2150
2101
2069
2014
1948
1930
1849
1771
1737
1675
1662
1730
1830
1985
2165
2344
2463
2535
2494
2414
2266
2080
1909
1799
1792
1863
2024
2192
2343
2400
2389
2340
2222
2104
1972
1873
1821
1828
1889
1962
1994
2026
2035
2070
2121
2127
2159
2189
2183
2154
2119
2086
2068
2059
2083
2136
2172
2171
2140
2072
1995
1916
1849
1808
1820
1880
2049
2228
2385
2478
2448
2326
2144
1967
1812
1737
1788
1954
2145
2287
2420
2438
2345
2197
2032
1919
1861
1905
2018
2125
2170
2169
2094
1962
1781
1668
1629
1685
1836
2073
2331
2529
2615
2580
2480
2326
2198
2104
2056
2468
2360
2279
2249
2304
2293
2057
1804
1697
1758
1832
1937
2052
2132
2222
2330
2480
2557
2420
2152
1941
1825
1737
1620
1466
1406
1564
1827
2090
2277
2459
2668
2755
2707
2580
2405
2070
1721
1531
1595
1841
2156
2282
2268
2227
2219
2221
2088
1896
1803
1817
1842
1811
1790
1833
1895
2007
2141
2233
2245
2257
2304
2276
2213
2172
2108
1987
1775
1649
1691
1847
2010
2077
2109
2178
2333
2489
2416
2224
2056
2006
1988
2011
2206
2465
2568
2475
2308
2112
1895
1732
1674
1639
1586
1705
2050
2390
2570
2580
2532
2460
2337
2191
2076
1930
1762
1753
1954
2093
2071
2046
2099
2080
1856
1700
1816
2019
2131
2160
2284
2371
2366
2313
2218
2077
1957
1924
1969
2720
2699
2544
2214
1879
1595
1512
1658
1917
2240
2527
2671
2629
2439
2179
1816
1480
1235
1151
1292
1650
2078
2473
2741
2864
2770
2516
2179
1838
1608
1534
1638
1881
2111
2302
2416
2436
2327
2126
1869
1614
1444
1470
1621
1915
2263
2598
2862
2956
2856
2605
2258
1838
1451
1215
1195
1366
1680
2054
2396
2660
2777
2774
2618
2378
2104
1790
1509
1340
1384
1662
2063
2523
2865
2994
2944
2677
2244
1809
1493
1384
1496
1826
2192
2479
2696
2793
2810
2640
2344
2058
1912
1880
1956
2113
2235
2274
2253
2191
2190
2194
2229
2210
2140
2024
1890
1844
1826
1944
2220
2533
2797
2941
2934
2625
2168
1728
1336
1188
1267
1552
1889
2169
2291
2305
2233
2119
2005
1194
949
855
1110
1529
2064
2482
2840
3088
3203
3120
2801
2357
1898
1470
1146
1055
1187
1517
1871
2184
2493
2824
3003
3041
2973
2867
2656
2387
2056
1664
1391
1287
1355
1568
1827
2056
2239
2379
2509
2530
2423
2285
2215
2169
2088
1897
1719
1646
1665
1654
1692
1781
1932
2173
2413
2587
2660
2574
2380
2123
1992
1913
1912
1816
1782
1829
2019
2240
2266
2231
2290
2482
2739
2838
2667
2356
1975
1695
1552
1430
1360
1355
1406
1626
2013
2412
2632
2685
2700
2654
2554
2371
2177
1989
1881
1874
2016
2200
2377
2424
2286
2001
1655
1341
1176
1066
964
1031
1264
1632
2131
2578
2918
3024
3022
2864
2639
2482
2381
2310
2250
2103
1932
1739
1607
1511
1474
2508
3116
3519
3429
2837
1868
857
115
24
564
1647
2837
3765
4095
3786
2974
1935
1021
484
467
788
1195
1556
1730
1822
1940
2227
2793
3487
4082
4095
3623
2541
1256
68
1
1
121
1026
1966
2559
2784
2745
2571
2497
2680
3024
3284
3277
2846
2091
1283
739
612
905
1394
1743
1750
1412
904
518
576
1245
2378
3608
4095
4095
4095
3686
2631
1559
757
500
787
1249
1598
1751
1886
2115
2376
2523
2490
2326
2261
2413
2652
2657
2345
1993
1781
1786
1864
1976
2126
2295
2369
2304
2121
1944
1905
1928
2025
2107
2145
2091
2110
2342
2762
3080
3085
2684
2029
1396
1123
1455
2105
2591
2685
2436
2048
1578
1180
1076
1413
2200
3156
3707
3602
1497
2988
4095
4095
4095
4095
3941
2683
1430
587
279
564
1268
2150
2888
3242
3089
2516
1798
1229
922
950
1373
2016
2783
3408
3595
3275
2461
1469
681
317
481
1207
2367
3565
4095
4095
3284
1968
714
1
2
1
392
1966
3650
4095
4095
4095
3343
2128
949
37
0
534
1834
3150
3949
4095
3938
3420
2627
1719
1044
886
1179
1540
1732
1765
1841
2052
2214
2238
2344
2611
3016
3103
2632
1783
1012
658
791
1201
1865
2767
3744
4095
4095
3196
1730
248
1
1
0
524
2275
3933
4095
4095
4095
2928
1425
185
1
1
346
1676
3202
4095
4095
4095
3444
2269
1039
61
2
1
350
1367
2431
3267
3684
3593
2987
2091
1262
823
1415
1550
1715
1922
2174
2439
2736
3060
3387
3727
4046
4095
4095
4095
4095
4095
4095
3957
3576
3136
2663
2125
1619
1093
568
120
0
0
0
2
0
0
0
0
1
0
0
0
1
0
0
115
377
729
1131
1595
2126
2714
3320
3904
4095
4095
4095
4095
4095
4095
4095
4095
4095
4095
4095
4095
4095
3890
3260
2608
1979
1377
803
357
4
0
1
0
0
3
0
0
103
466
922
1424
1918
2473
2975
3446
3846
4095
4095
4095
4095
4095
4095
4076
3769
3436
3056
2642
2213
1776
1311
909
521
209
22
0
0
89
326
635
1020
1444
1904
2338
2747
3141
3538
3829
4095
4095
4095
4095
4095
4095
4095
4095
4081
3739
1948
2494
3041
3579
4063
4095
4095
4095
4095
4095
4095
4095
4095
4095
4095
4095
4095
4095
4095
4095
4095
4095
4095
4095
4095
4095
4095
4095
4095
4095
3793
3217
2696
2163
1636
1150
708
279
1
0
0
1
2
1
1
0
1
1
1
1
2
2
0
2
0
2
0
1
2
64
400
784
1158
1532
1867
2233
2570
2888
3213
3483
3754
3986
4095
4095
4095
4095
4095
4095
4095
4095
4095
4095
4095
4095
4095
4095
4095
4070
3816
3569
3304
3027
2733
2447
2136
1844
1574
1274
1008
742
485
264
51
0
1
1
0
1
0
1
1
0
0
0
1
0
123
400
719
1066
1420
1778
2136
2509
2845
3170
3506
3818
4095
4095
4095
4095
4095
4095
4095
4095
4095
4095
4095
4095
4095
4095
4095
4095
4095
4095
4095
4095
4095
4095
4095
3816
3381
2967
2526
2128
1730
1333
936
568
187
1
2
1
1
2
1
0
0
1
0
1
0
2
0
1
1
0
1
2
0
0
3
3
2
0
2
0
0
1
0
3
1
1
0
1
0
0
0
0
1
0
0
0
0
0
0
0
0
1
123
603
1064
1547
1969
2416
2818
3200
3580
3923
4095
4095
4095
4095
4095
4095
4095
4095
4095
4095
4095
4095
4095
4095
4095
4095
4095
4095
4095
4095
4095
4095
4095
4095
4095
4095
4095
4095
4095
4095
4095
4095
4095
4095
4095
4095
2250
2252
2251
2249
2239
2235
2244
2238
2232
2235
2239
2243
2228
2226
2223
2222
2212
2230
2228
2201
2210
2200
2212
2234
2198
2202
2195
2199
2207
2184
2193
2200
2187
2201
2188
2198
2186
2179
2170
2173
2185
2193
2184
2175
2167
2174
2175
2161
2162
2167
2149
2180
2168
2161
2145
2170
2181
2179
2183
2140
2151
2148
2144
2182
2155
2144
2144
2159
2137
2159
2148
2163
2152
2121
2127
2156
2150
2132
2146
2158
2139
2148
2150
2135
2129
2134
2142
2147
2136
2131
2161
2143
2129
2121
2108
2139
2126
2123
2138
2145
2118
2125
2129
2144
2151
2145
2137
2138
2132
2116
2131
2123
2118
2121
2128
2131
2127
2123
2123
2112
2112
2105
2112
2119
2106
2109
2112
2092
