2090
2101
2099
2100
2105
2097
2101
2104
2104
2097
2098
2102
2102
2109
2102
2106
2100
2098
2097
2103
2108
2104
2098
2099
2100
2095
2093
2102
2102
2099
2102
2098
2093
2092
2090
2096
2090
2097
2097
2091
2092
2092
2092
2088
2088
2084
2084
2081
2084
2084
2081
2082
2089
2082
2082
2085
2085
2086
2092
2090
2090
2089
2090
2093
2090
2092
2095
2093
2093
2094
2094
2090
2090
2095
2093
2091
2098
2096
2096
2100
2100
2103
2096
2103
2102
2099
2102
2102
2108
2104
2104
2103
2101
2102
2104
2102
2102
2103
2098
2107
2102
2098
2100
2096
2099
2098
2100
2091
2097
2094
2093
2091
2089
2089
2089
2091
2091
2095
2093
2090
2091
2088
2096
2091
2091
2093
2085
2088
2101
2099
2086
2108
2107
2091
2094
2083
2110
2096
2083
2085
2090
2087
2087
2088
2089
2103
2091
2095
2103
2092
2095
2098
2090
2093
2096
2092
2102
2098
2087
2095
2097
2090
2088
2093
2092
2096
2088
2095
2088
2089
2100
2091
2093
2101
2108
2081
2107
2101
2091
2091
2090
2085
2093
2102
2097
2098
2090
2088
2102
2084
2096
2079
2093
2094
2085
2088
2097
2089
2084
2092
2099
2096
2092
2095
2101
2094
2090
2104
2095
2091
2100
2093
2101
2093
2090
2090
2099
2106
2105
2104
2104
2092
2098
2092
2092
2098
2106
2093
2102
2112
2105
2115
2099
2104
2113
2092
2102
2114
2090
2090
2090
2089
2097
2099
2105
2096
2088
2099
2105
2115
2097
2110
2115
2112
2102
2088
2176
2152
2163
2144
2130
2129
2124
2116
2082
2085
2082
2076
2087
2075
2072
2063
2086
2080
2085
2088
2100
2109
2101
2109
2137
2136
2128
2134
2124
2140
2138
2144
2146
2135
2121
2117
2112
2116
2109
2115
2099
2078
2070
2085
2088
2073
2057
2071
2064
2047
2042
2040
2028
2041
2041
2044
2050
2048
2051
2059
2056
2045
2039
2063
2069
2055
2043
2056
2060
2044
2032
2030
2040
2048
2031
2032
2037
2039
2048
2066
2068
2093
2110
2104
2124
2151
2151
2182
2213
2228
2264
2269
2299
2326
2344
2318
2318
2322
2317
2316
2299
2269
2271
2244
2213
2195
2177
2151
2122
2093
2083
2084
2033
2013
2002
1996
1977
1974
1969
1961
1960
1978
1976
1986
1985
1976
1977
1989
2155
2163
2169
2156
2146
2136
2135
2125
2130
2123
2118
2122
2137
2162
2178
2192
2188
2168
2119
2075
2053
2039
2047
2086
2125
2174
2205
2228
2218
2172
2098
2002
1919
1854
1841
1880
1960
2068
2203
2312
2398
2419
2374
2271
2142
1995
1868
1812
1831
1911
2053
2193
2320
2405
2415
2360
2254
2130
2002
1910
1873
1888
1957
2050
2139
2204
2252
2260
2245
2210
2155
2091
2048
2005
1992
1988
2015
2052
2081
2110
2151
2174
2204
2202
2174
2143
2095
2036
1984
1955
1961
1996
2065
2136
2192
2228
2232
2180
2112
2024
1945
1893
1866
1851
1884
1933
2001
2071
2131
2166
2199
2188
2180
2136
2080
2024
1970
1937
1934
1954
2019
2118
2220
2287
2315
2323
2268
2193
2020
2058
2080
2039
2053
2133
2182
2142
2117
2160
2152
2084
2049
2049
2004
1944
1984
2128
2204
2222
2250
2248
2147
2015
1953
1937
1962
2012
2093
2136
2120
2081
2040
2039
2080
2139
2161
2151
2114
2051
1966
1875
1854
1900
1973
2040
2091
2109
2111
2080
2054
2040
2010
1977
2008
2092
2152
2164
2153
2147
2115
2089
2098
2144
2191
2217
2216
2164
2100
2059
2040
2048
2088
2144
2171
2152
2094
2033
1998
2011
2049
2088
2118
2152
2161
2131
2096
2080
2051
1993
1987
2052
2132
2169
2166
2161
2139
2086
2040
2005
1963
1944
1972
2032
2101
2160
2211
2240
2194
2096
2000
1955
1968
2024
2122
2233
2312
2329
2272
2152
2013
1882
1822
1875
2040
2205
2293
2245
2101
2092
2011
1980
2038
2094
2099
2111
2056
1963
1968
2065
2186
2249
2205
2074
1950
1895
1942
2060
2167
2201
2192
2203
2120
2031
2033
2001
1998
2162
2290
2265
2197
2128
2105
2135
2122
2014
1970
2032
2153
2220
2207
2191
2080
2010
2091
2158
2145
2140
2130
2117
2135
2203
2238
2260
2229
2154
2111
2021
1903
1835
1866
2000
2240
2355
2191
1952
1731
1615
1777
2181
2478
2603
2514
2230
1973
1844
1863
2007
2185
2256
2155
2006
1924
1868
1936
2182
2371
2397
2369
2193
1909
1736
1802
2011
2264
2469
2493
2257
1918
1760
1759
1963
2276
2447
2407
2214
1938
1770
1817
2016
2240
2336
2378
2342
2166
2044
2099
2154
2222
2284
2238
2181
2151
2093
2078
2125
2120
2224
2202
2084
1969
1942
2183
2368
2383
2221
2178
2304
2272
1890
1667
1874
2239
2301
2189
2192
2294
2288
2138
2049
2104
2193
2152
2106
2174
2134
2039
2063
2131
2293
2138
2001
1986
2163
2264
2204
2134
2251
2256
2090
1983
2044
2034
2032
2157
2332
2299
2099
2010
2068
2180
2162
2106
2002
2038
2030
1944
1928
2108
2140
2003
1993
2163
2198
2112
2058
2118
2145
2129
2060
2002
1941
1934
2020
2115
2139
2079
2053
2147
2197
2164
2258
2290
2098
1936
1959
2038
2113
2198
2184
2177
2273
2188
2027
1963
2094
2147
2039
1927
1931
1955
2126
2213
2308
2315
2232
2151
2080
2101
1985
1860
1838
2092
2298
2286
2174
2094
2014
2071
2135
1970
1815
1793
1874
2164
2032
1824
1797
2180
2609
2634
2258
1894
1678
1687
1792
1874
2000
2117
2163
2054
1886
1921
2134
2318
2396
2318
2195
2084
2030
2008
2081
2175
2253
2163
1952
1884
1993
2160
2216
2232
2158
2153
2136
2157
2233
2289
2266
2068
1948
1938
2108
2355
2501
2336
1955
1718
1810
2000
2144
2141
2055
2107
2180
2167
1984
1971
2128
2274
2217
1931
1756
1862
2138
2316
2359
2326
2287
2137
1906
1840
1946
2133
2205
2264
2212
2161
2127
2214
2371
2296
1932
1632
1654
1963
2246
2385
2423
2374
2174
1897
1746
1898
2040
2102
2133
2280
2256
2006
1830
1890
2070
2130
2104
2052
2048
2137
2137
2111
2040
2024
1973
1965
2038
2191
2190
2134
2199
2330
2250
2015
1916
2373
2472
2303
2019
1800
1772
1936
2103
2100
1904
1782
1885
2133
2371
2485
2387
2139
1937
1921
2035
2195
2344
2439
2326
2150
2070
2056
2050
2032
2036
2126
2286
2387
2280
1984
1698
1616
1806
2182
2520
2547
2254
1833
1549
1528
1791
2257
2660
2737
2468
2022
1686
1649
1865
2096
2177
2181
2232
2363
2456
2383
2084
1749
1598
1710
2024
2382
2597
2547
2254
1910
1728
1823
2091
2277
2238
2034
1848
1916
2240
2497
2450
2170
1902
1840
1948
2084
2125
2052
1931
1887
2006
2249
2452
2477
2333
2109
1909
1825
1834
1841
1844
1946
2094
2178
2179
2222
2281
2235
2059
1852
1751
1850
2190
2544
2634
2388
2064
1888
1891
2015
2169
2241
2190
1983
1685
1512
1657
2067
1948
1916
2162
2504
2607
2282
1635
1137
1158
1685
2421
2881
2840
2455
1983
1564
1560
2094
2541
2365
1910
1736
1870
2162
2485
2581
2272
1763
1510
1786
2328
2728
2772
2468
1926
1454
1485
2002
2485
2490
2177
1924
1773
1688
1878
2306
2528
2298
1841
1596
1671
1969
2333
2593
2557
2255
1961
1952
2155
2368
2384
2219
2035
2026
2113
2129
2036
1848
1655
1629
1901
2329
2536
2391
2090
1856
1857
2085
2377
2558
2527
2280
1884
1651
1770
2177
2577
2641
2291
1760
1416
1440
1736
2096
2423
2609
2510
2195
1896
1800
1910
2123
2246
2247
2222
2233
2238
2224
2207
2232
2246
2126
1811
1486
1450
1820
2303
2483
2263
1956
1828
1877
1987
2112
2172
2086
1904
1440
2658
3473
3260
2735
2118
1188
933
1722
2435
2732
2851
2610
2094
1764
1741
1890
2121
2208
2189
2233
2240
2149
2025
1892
1765
1730
2023
2605
2988
2982
2673
2045
1320
1047
1258
1690
2364
3028
3174
2718
2021
1528
1405
1530
1890
2442
2663
2319
1874
1540
1180
1165
1784
2383
2407
2143
1999
1910
1864
2193
2739
2838
2404
1840
1335
1081
1411
2238
2978
3069
2464
1736
1364
1433
2019
2878
3127
2566
1864
1371
1281
1771
2490
2850
2573
1891
1407
1612
2114
2456
2595
2274
1540
1151
1355
1850
2580
3230
3115
2187
1125
700
1228
2276
3087
3325
3006
2261
1544
1263
1464
1916
2350
2503
2307
1977
1987
2458
2776
2529
2027
1535
1116
1127
1799
2649
3001
3097
3431
3215
2721
1907
811
58
360
1639
2868
3425
3694
3926
3738
2765
1442
517
98
52
533
1556
2663
3216
3034
2467
1776
1062
680
1197
2486
3616
3814
3311
2694
2348
2253
2234
2232
2076
1702
1279
1096
1231
1380
1605
2051
2532
2766
2728
2522
2217
1782
1279
1137
1823
2871
3440
3177
2249
1061
300
473
1278
2052
2406
2428
2505
2727
2867
2928
3085
3199
2858
2125
1759
2206
2867
3016
2629
1849
706
3
2
788
2473
3536
3588
3013
2351
1916
1799
1885
1804
1351
841
940
1806
2880
3545
3467
2379
699
2
29
1408
2940
3768
3789
3298
2708
2321
2125
2121
2127
1856
1470
1528
2224
2965
3004
2238
1143
389
451
1637
3469
4095
4095
2548
3074
3359
2828
1443
1
1
1
52
1668
3682
4095
4095
4095
3072
892
3
1
1
706
2037
3362
4095
4095
3565
2163
742
1
3
582
1606
2686
3698
4095
4095
4044
3047
1935
1173
738
472
160
1
2
433
1732
3539
4095
4095
4095
4095
3850
908
2
3
3
2
1308
4010
4095
4095
4095
3580
1637
367
213
964
2068
2908
3160
2808
2064
1319
895
889
1288
1959
2671
3162
3285
3071
2732
2322
1961
1733
1711
1895
2196
2528
2769
2798
2580
2196
1774
1503
1533
2012
2962
3992
4095
4095
2944
1025
2
2
1
1
255
3362
4095
4095
4095
4095
4095
1652
1
1
1
1
2
728
4095
4095
4095
4095
4095
4095
3383
4095
4095
4095
3486
1028
1
1
0
1
1
2
945
2796
4095
4095
4095
4095
4095
3309
2026
938
201
2
2
283
836
1492
2182
2870
3488
3872
3944
3638
2887
1767
422
2
2
1
1
1
1
1114
3436
4095
4095
4095
4095
4095
4095
4095
4005
1965
1
1
3
4
2
0
2
1289
3247
4095
4095
4095
4095
4095
4095
4095
3046
1518
90
2
2
1
1
2
0
545
2118
3508
4095
4095
4095
3729
2628
1420
393
2
2
3
487
1425
2486
3613
4095
4095
4095
4095
4095
4095
4095
4095
3797
1775
2
2
3
4
2
3
2
3
2
2000
4095
4095
4095
4095
4095
4095
4095
4095
4062
2633
1323
290
3
2884
1206
2
1
1
2
3
3
4
3
3
4
3
2
2
4
2
2
2
1
1
2
1
2
1
0
3
0
1
1
2
3
3
477
2226
3925
4095
4095
4095
4095
4095
4095
4095
4095
4095
4095
4095
4095
4095
4095
4095
4095
4095
4095
4095
4095
4095
3408
2229
1139
142
3
5
1
2
0
2
3
3
1
3
1
1
3
3
1
235
1053
1904
2727
3488
4095
4095
4095
4095
4095
4095
4095
4095
4095
4095
4095
4095
4095
4004
3150
2182
1148
126
0
2
1
2
1
3
1
1
1
1
1
0
1
1
1
1
1
2
1
188
2102
4095
4095
4095
4095
4095
4095
4095
4095
