2086
2091
2073
2080
2071
2090
2101
2084
2085
2087
2079
2094
2093
2089
2100
2091
2100
2112
2087
2090
2084
2095
2092
2066
2087
2088
2094
2093
2092
2086
2084
2080
2077
2103
2091
2083
2060
2098
2091
2104
2081
2105
2095
2096
2087
2092
2085
2092
2056
2094
2101
2086
2114
2105
2095
2081
2096
2093
2087
2102
2095
2104
2094
2099
2076
2082
2080
2090
2087
2085
2090
2081
2092
2095
2093
2091
2084
2088
2077
2072
2085
2077
2077
2071
2083
2077
2073
2081
2112
2097
2099
2081
2094
2105
2104
2099
2100
2085
2101
2100
2094
2075
2095
2107
2089
2092
2089
2092
2075
2072
2078
2089
2080
2084
2097
2096
2086
2088
2085
2083
2083
2092
2070
2089
2088
2103
2098
2117
2110
2082
2092
2078
2055
2071
2086
2089
2105
2099
2091
2096
2092
2083
2068
2092
2090
2095
2091
2078
2071
2061
2077
2092
2061
2103
2100
2087
2093
2085
2078
2054
2072
2078
2084
2077
2071
2098
2088
2090
2119
2077
2068
2080
2096
2089
2086
2086
2070
2065
2080
2079
2083
2082
2065
2086
2082
2084
2104
2093
2096
2077
2078
2086
2099
2087
2087
2089
2087
2063
2078
2077
2086
2083
2107
2093
2084
2107
2103
2097
2080
2076
2081
2086
2091
2118
2103
2103
2099
2102
2077
2082
2104
2099
2091
2091
2100
2094
2104
2085
2101
2079
2074
2088
2092
2087
2088
2105
2096
2095
2091
2104
2096
2094
2082
2091
2106
2099
2088
2088
2100
2092
2091
2087
2106
2113
2090
2109
2224
2222
2219
2203
2161
2160
2143
2132
2127
2085
2062
2045
2013
2027
2023
1969
1947
1920
1914
1917
1889
1865
1857
1816
1808
1817
1794
1799
1777
1796
1770
1787
1790
1803
1791
1829
1840
1823
1854
1877
1890
1893
1912
1930
1971
2006
2027
2011
2053
2095
2105
2146
2161
2168
2180
2207
2195
2224
2239
2276
2273
2292
2311
2310
2319
2298
2314
2333
2340
2327
2317
2329
2327
2323
2312
2323
2328
2304
2289
2289
2282
2304
2298
2263
2259
2211
2219
2216
2207
2199
2167
2152
2158
2139
2096
2089
2070
2032
2024
2008
1988
1992
1962
1911
1918
1912
1906
1866
1853
1855
1846
1817
1828
1814
1802
1820
1818
1790
1800
1801
1795
1800
1817
1822
1823
1833
1877
1867
1963
1960
1929
1916
1875
1863
1838
1831
1831
1849
1898
1933
1984
2045
2081
2103
2096
2070
2043
2028
1986
1971
1977
1965
2006
2063
2105
2168
2237
2304
2309
2309
2291
2241
2201
2159
2099
2052
2049
2061
2062
2085
2111
2082
2077
2057
2012
1948
1884
1827
1770
1740
1728
1723
1732
1768
1801
1863
1909
1959
2008
2064
2104
2128
2188
2235
2316
2372
2446
2482
2537
2576
2602
2605
2594
2610
2600
2559
2550
2524
2477
2423
2361
2304
2227
2167
2116
2084
2037
2011
1980
1976
1953
1903
1851
1792
1720
1672
1634
1596
1584
1599
1626
1660
1719
1778
1801
1837
1880
1929
1961
2031
2072
2123
2201
2247
2291
2328
2365
2389
2362
2353
2381
2364
2344
2336
2326
2309
1972
2059
2131
2196
2270
2291
2310
2278
2245
2216
2222
2231
2228
2216
2197
2135
2065
1991
1929
1911
1898
1927
1951
1995
1996
2010
2009
2034
2111
2169
2228
2262
2259
2254
2233
2252
2265
2265
2328
2343
2341
2321
2249
2154
2060
1971
1889
1836
1800
1785
1775
1820
1836
1832
1843
1874
1915
1932
1960
2034
2095
2201
2265
2290
2293
2269
2208
2134
2099
2066
2036
2008
1971
1984
1982
1964
1983
1983
2027
2085
2152
2257
2336
2396
2445
2445
2442
2425
2403
2349
2297
2199
2133
2050
1982
1930
1885
1890
1889
1897
1920
1954
2003
2013
2023
2071
2116
2135
2150
2190
2199
2206
2206
2195
2155
2128
2076
2014
1968
1929
1905
1924
1982
2059
2139
2202
2283
2360
1598
1440
1354
1353
1449
1607
1819
2086
2370
2612
2801
2917
2933
2864
2722
2506
2283
2019
1767
1551
1405
1298
1287
1372
1469
1632
1833
2033
2219
2376
2516
2617
2705
2714
2679
2607
2487
2346
2212
2066
1951
1866
1822
1787
1783
1806
1841
1870
1948
2012
2094
2164
2216
2258
2315
2305
2277
2235
2169
2075
2016
1974
1949
1951
1956
1981
2009
2034
2083
2111
2139
2157
2173
2188
2189
2187
2169
2160
2142
2112
2056
2005
1954
1940
1945
1992
2072
2146
2231
2297
2332
2315
2233
2131
1974
1840
1731
1655
1615
1629
1667
1734
1811
1897
2013
2110
2218
2301
2387
2457
2493
2482
2472
2406
2346
2239
2113
1967
1819
1687
1580
1522
1516
1546
1678
1831
1993
2192
2254
2238
2183
2041
1965
1944
1974
1950
1843
1709
1653
1707
1847
1911
1886
1832
1860
1982
2154
2263
2309
2310
2326
2391
2450
2472
2458
2406
2363
2289
2228
2162
2043
1909
1716
1589
1529
1532
1569
1629
1671
1810
1988
2228
2449
2598
2651
2697
2711
2665
2609
2465
2318
2224
2056
1926
1758
1678
1633
1588
1586
1598
1672
1834
2009
2239
2434
2608
2739
2805
2807
2684
2553
2379
2170
1932
1737
1599
1560
1562
1595
1622
1707
1811
1962
2137
2296
2391
2496
2573
2658
2711
2725
2608
2407
2216
2010
1831
1687
1603
1539
1505
1533
1622
1743
1834
1891
1982
2103
2288
2429
2513
2505
2508
2539
2533
2500
2410
2308
2177
2018
1926
1828
1831
1880
1932
1928
1883
2625
2604
2497
2296
2034
1768
1597
1459
1414
1562
1733
1983
2268
2545
2749
2905
2947
2843
2653
2338
1997
1589
1272
1053
989
1062
1261
1587
1881
2186
2437
2596
2681
2702
2640
2538
2359
2144
1987
1828
1757
1749
1833
1951
2046
2115
2126
2081
2052
2010
2021
2041
2064
2135
2197
2223
2258
2327
2373
2434
2448
2401
2327
2178
2037
1885
1785
1784
1805
1882
1981
2072
2141
2201
2238
2231
2192
2137
2049
1961
1953
1975
1997
2057
2127
2212
2273
2303
2334
2307
2277
2197
2116
1997
1922
1885
1904
1934
1997
2079
2125
2191
2202
2211
2179
2121
2041
1952
1888
1862
1896
1948
2028
2130
2201
2266
2311
2320
2253
2197
2073
1920
1800
1706
1681
1732
1878
2048
2787
2613
2337
2024
1714
1540
1561
1721
1915
2078
2208
2275
2326
2393
2433
2415
2377
2362
2423
2512
2606
2551
2316
2008
1668
1412
1252
1188
1226
1374
1676
2123
2622
3038
3350
3472
3444
3341
3130
2849
2455
1968
1491
1086
844
772
860
1027
1254
1530
1866
2275
2698
2989
3193
3270
3197
3057
2864
2548
2196
1827
1483
1215
1062
1040
1119
1249
1390
1602
1941
2353
2754
2974
2984
2872
2741
2570
2277
1844
1352
931
718
797
1032
1338
1626
1958
2346
2752
3139
3388
3431
3333
3077
2778
2538
2268
1838
1406
989
803
800
1000
1185
1317
1427
1661
2066
2496
2847
3047
3132
3225
3289
3258
3109
2773
2308
1840
1517
1322
1215
1184
1175
1254
1401
1757
1498
1219
1169
1273
1588
1993
2382
2698
2912
2972
2849
2652
2360
2058
1739
1452
1264
1257
1387
1672
2021
2392
2726
2943
2996
2936
2725
2458
2149
1838
1576
1343
1286
1314
1377
1593
1791
2021
2242
2398
2482
2537
2552
2433
2284
2059
1858
1692
1613
1620
1741
1916
2097
2293
2470
2575
2608
2591
2488
2275
2072
1817
1640
1518
1496
1573
1716
1955
2175
2424
2589
2700
2730
2676
2468
2190
1932
1722
1557
1480
1505
1577
1720
1948
2177
2405
2608
2701
2681
2521
2248
1998
1741
1558
1528
1537
1656
1879
2179
2490
2788
2944
2930
2730
2394
2018
1712
1499
1439
1477
1645
1803
2043
2274
2484
2625
2641
2601
2421
2180
1933
1751
1612
1595
1636
1779
1981
2198
2197
3343
4095
4095
4095
4095
4095
4095
3588
3085
2568
1988
1306
638
78
0
1
1
0
224
1049
2030
2984
3740
4095
4095
4089
3664
3010
2216
1505
926
618
603
788
1012
1233
1482
1733
1939
2078
2153
2248
2455
2874
3413
3896
4017
3824
3360
2723
2039
1352
731
201
2
1
425
1259
2094
2710
3065
3229
3313
3304
3291
3174
2922
2553
2229
2020
1911
1732
1434
939
363
0
0
198
730
1358
2111
2903
3601
4095
4095
4095
4095
3880
3341
2784
2287
1926
1755
1659
1507
1266
920
596
388
471
813
1238
1676
2154
2660
3127
3486
3659
3512
3079
2456
1912
1539
1372
1464
1735
2060
2373
2644
2806
2784
2603
2219
1793
1470
1289
1197
1914
2515
3039
3378
3500
3365
2997
2480
1908
1398
1052
900
944
1221
1629
2098
2598
2993
3250
3360
3285
3037
2659
2205
1751
1362
1067
975
1043
1290
1666
2088
2518
2851
3064
3132
3052
2858
2616
2387
2170
1994
1871
1867
1950
2083
2272
2478
2604
2632
2543
2311
1974
1609
1233
923
738
721
872
1165
1536
2001
2412
2799
3065
3233
3278
3172
2936
2608
2197
1776
1371
1062
846
796
923
1184
1531
1877
2170
2400
2559
2652
2668
2628
2547
2469
2372
2249
2110
2007
1879
1814
1772
1771
1767
1760
1752
1737
1789
1898
2031
2231
2427
2616
2725
2748
2695
2528
2300
2077
1892
1733
1623
1621
1705
1858
2126
2432
2717
2944
3121
3149
3043
2830
2516
2125
1694
1930
2293
2773
3250
3602
3809
3773
3499
3011
2290
1453
493
0
0
1
1
0
0
672
1719
2672
3417
3939
4095
4095
4095
3930
3538
3123
2760
2525
2379
2390
2532
2727
2932
3049
2994
2690
2129
1401
511
1
0
1
1
0
2
3
513
1644
2694
3572
4095
4095
4095
4095
4095
4025
3516
3067
2751
2588
2490
2433
2373
2189
1931
1542
1129
627
75
1
1
1
1
1
2
562
1619
2727
3778
4095
4095
4095
4095
4095
4095
3684
2840
1967
1146
427
2
2
1
1
2
12
494
1163
1899
2579
3160
3617
3964
4095
4095
4095
4095
4095
4072
3638
3080
2465
1830
1235
649
111
2
0
1
1
0
1
186
799
8
1
0
0
1
99
843
1734
2605
3445
4095
4095
4095
4095
4095
4095
4095
4095
3594
2816
1960
1096
235
1
0
2
0
0
0
0
89
876
1769
2643
3472
4095
4095
4095
4095
4095
4095
4095
4095
4095
3727
2738
1648
544
2
1
1
0
0
0
1
0
1
29
664
1420
2144
2884
3603
4095
4095
4095
4095
4095
4095
4095
4095
4095
3746
2545
1320
256
1
2
2
0
1
0
0
0
83
516
1020
1638
2328
3068
3858
4095
4095
4095
4095
4095
4095
4095
3749
2768
1811
987
363
2
1
2
7
199
511
826
1177
1543
1956
2435
2949
3492
3990
4095
4095
4095
4095
4095
3726
2983
2138
1289
489
1
4095
4094
3806
3498
3146
2783
2400
2028
1619
1240
879
567
283
23
0
3
0
1
1
1
1
1
0
1
1
1
0
1
190
653
1169
1774
2441
3157
3937
4095
4095
4095
4095
4095
4095
4095
4095
4095
4095
4095
4095
4095
4095
4095
4095
4095
4095
3361
2239
1137
0
0
0
1
0
1
1
0
1
0
0
0
0
0
0
0
0
0
1
1039
2705
4095
4095
4095
4095
4095
4095
4095
4095
4095
4095
4095
4095
4095
4095
4095
4095
4095
4095
4095
3353
1792
254
1
1
1
1
1
0
0
1
0
0
1
0
0
1
2
1
1
293
1884
3502
4095
4095
4095
4095
4095
4095
4095
4095
4095
