2088
2126
2087
2165
2096
2096
2097
2112
2109
2090
2105
2066
2086
2073
2093
2090
2084
2051
2045
2083
2094
2110
2079
2068
2084
2045
2073
2079
2080
2079
2094
2076
2084
2097
2082
2076
2075
2080
2089
2105
2090
2104
2104
2097
2090
2110
2111
2080
2108
2089
2105
2108
2104
2096
2095
2083
2108
2116
2072
2084
2121
2054
2084
2100
2062
2074
2089
2093
2083
2112
2064
2068
2113
2102
2102
2118
2144
2114
2139
2116
2128
2128
2138
2119
2086
2049
2091
2075
2110
2094
2088
2064
2098
2079
2097
2106
2124
2096
2080
2052
2103
2099
2114
2143
2097
2154
2101
2077
2088
2085
2109
2152
2121
2096
2112
2131
2100
2120
2120
2097
2127
2144
2106
2109
2070
2096
2102
2095
2088
2065
2099
2096
2104
2118
2099
2106
2098
2095
2104
2090
2088
2074
2071
2057
2068
2106
2096
2079
2093
2089
2109
2113
2076
2106
2125
2083
2083
2096
2080
2113
2092
2071
2120
2115
2095
2080
2109
2103
2092
2101
2106
2082
2093
2094
2125
2128
2130
2098
2086
2095
2079
2100
2111
2103
2077
2076
2090
2094
2109
2112
2095
2096
2099
2091
2105
2091
2120
2116
2126
2118
2077
2108
2102
2065
2093
2099
2088
2092
2089
2100
2073
2128
2124
2082
2113
2095
2102
2093
2100
2076
2086
2085
2087
2064
2067
2069
2078
2126
2097
2113
2102
2096
2082
2056
2076
2098
2096
2111
2082
2064
2077
2081
2080
2084
2073
2090
2070
2099
2100
2111
2094
2118
2080
2094
2083
2094
2130
2140
2132
2150
2154
2133
2162
2166
2153
2160
2139
2139
2133
2135
2127
2112
2110
2115
2123
2113
2099
2106
2115
2127
2118
2116
2112
2134
2120
2116
2117
2140
2136
2152
2157
2143
2134
2141
2159
2145
2140
2126
2108
2108
2076
2101
2070
2052
2049
2029
1993
2002
1996
1977
2008
2017
1981
1973
1932
1939
1952
1948
1971
1957
1935
1945
1988
1979
1984
2021
2020
2034
2064
2072
2073
2098
2122
2124
2155
2151
2151
2157
2153
2164
2179
2166
2140
2155
2152
2152
2127
2116
2138
2110
2117
2098
2066
2090
2083
2056
2042
2024
2036
2022
2025
2031
2028
2011
2033
2032
2039
2046
2044
2055
2074
2098
2102
2098
2117
2133
2166
2162
2149
2168
2191
2189
2211
2222
2125
2162
2206
2245
2278
2318
2319
2322
2292
2259
2209
2176
2103
2067
2019
1994
1964
1960
1955
1968
1992
2016
2042
2068
2090
2127
2145
2141
2151
2123
2122
2097
2113
2082
2072
2082
2075
2067
2054
2036
2022
2015
1987
1985
1988
2008
2042
2074
2128
2182
2196
2263
2307
2313
2333
2321
2300
2246
2176
2098
2020
1942
1869
1812
1777
1746
1778
1809
1851
1912
1999
2090
2156
2237
2292
2321
2350
2350
2348
2325
2269
2208
2140
2103
2086
2080
2088
2115
2184
2240
2312
2389
2416
2444
2438
2424
2360
2249
2131
2018
1928
1839
1756
1715
1704
1731
1792
1854
1961
2074
2173
2265
2322
2374
2384
2344
2300
2220
2120
2041
1945
1862
1793
1748
1749
1757
1808
1861
2469
2369
2248
2192
2132
1985
1907
1956
2101
2228
2272
2303
2339
2333
2265
2188
2055
1945
1868
1855
1838
1799
1791
1973
2140
2225
2241
2206
2118
2032
1991
1946
1855
1693
1576
1595
1700
1897
2121
2252
2344
2371
2380
2350
2296
2295
2213
2114
2003
1904
1820
1775
1798
1915
2052
2218
2352
2449
2447
2455
2468
2431
2296
2171
2054
2001
1967
2032
2101
2075
2002
1973
1948
1915
1856
1843
1814
1828
1856
1824
1777
1789
1932
2113
2299
2420
2449
2466
2427
2300
2128
2050
1986
1916
1880
1927
2015
2095
2206
2389
2521
2525
2364
2244
2098
1956
1851
1830
1907
1994
2064
2151
2216
2363
2516
2594
2573
2456
2290
2082
1908
1798
1674
1521
1464
1585
1836
2121
2300
2238
2105
1972
1835
1854
1875
1980
2176
2288
2357
2324
2203
2046
1926
1838
1877
1900
1944
2047
2096
2057
2055
2002
1959
2007
2102
2257
2413
2484
2388
2249
2072
1843
1687
1585
1571
1736
1903
2101
2264
2375
2389
2356
2244
2132
2009
1872
1896
1922
1988
2054
2201
2280
2262
2200
2122
2074
2082
2106
2087
2186
2171
2192
2108
1990
1856
1793
1828
1960
2089
2249
2364
2332
2307
2205
2013
1883
1795
1826
1936
2031
2134
2193
2226
2150
2068
2008
1960
1937
1960
1988
2038
2020
2095
2079
2121
2112
2145
2202
2208
2195
2165
2213
2203
2224
2201
2234
2289
2313
2306
2270
2269
2241
2245
2180
2203
2167
2087
2091
2204
2247
2270
2231
2183
2084
2041
1931
2102
2036
2050
2186
2334
2372
2233
2177
2191
2155
2082
2002
2143
2266
2260
2255
2130
1904
1774
1908
2003
2155
2335
2397
2337
2454
2465
2301
2088
1978
1945
1973
2208
2421
2454
2371
2312
2207
2128
2120
1972
1813
1908
2047
2031
2091
2162
2156
2240
2325
2309
2096
2067
2022
2019
2135
2342
2272
1949
1661
1651
1876
2070
2081
2062
2071
2088
2177
2228
2125
2012
2135
2286
2179
1938
1720
1722
1967
2180
2137
1960
2004
2247
2382
2253
2211
2203
2090
1987
2052
2183
2048
1907
1883
2056
2176
2197
2104
1893
1850
1928
1899
1836
1854
2110
2305
2238
2212
2318
2328
2218
1912
1823
1848
2037
2161
2150
2171
2140
2104
2057
2117
2272
2234
2168
2135
2234
2288
1917
1841
1695
1641
1664
1894
2214
2368
2487
2633
2611
2436
2377
2417
2093
1816
1819
1984
2061
2120
2321
2286
1932
1808
1928
2131
2279
2369
2326
2060
1880
1799
1926
1882
1775
1708
1897
2160
2336
2519
2543
2356
2117
1944
1842
1952
2235
2376
2216
2046
1893
1820
1847
2127
2258
2088
1841
1688
1727
1813
2007
2265
2538
2572
2568
2518
2519
2570
2577
2510
2299
1964
1660
1357
1436
1948
2292
2299
2114
1874
1646
1588
1899
2307
2343
2184
1920
1953
2184
2498
2619
2391
2202
1973
1779
1586
1627
1889
2126
2108
2216
2412
2458
2298
2121
2093
2089
2118
2109
2047
1898
1932
1874
1673
1615
1832
2050
2233
2197
1884
1605
1586
1679
2036
2454
2690
2556
2246
2318
2518
2587
2394
2021
1693
1610
1799
2149
2483
2679
2640
2346
1928
1564
1483
1738
2204
2545
2623
2541
2200
1852
1760
1856
2203
2586
2790
2714
2459
2078
1737
1735
1884
2194
2338
2398
2234
1946
1532
1320
1349
1736
2174
2571
2734
2552
2151
1767
1556
1664
2005
2436
2709
2734
2472
2079
1701
1529
1622
1878
2240
2536
2701
2622
2444
2205
1978
1760
1652
1702
1724
1859
1928
2014
2119
2227
2326
2430
2464
2419
2344
2190
2023
2007
1912
1950
2014
2175
2328
2440
2438
2326
2231
2140
2023
2000
1999
1972
1869
1763
1816
2014
2326
2572
2736
2632
2249
1756
1402
1422
1864
2488
2949
2981
2662
2132
1664
1424
1459
1734
2072
2213
2231
2071
1929
1872
1895
2511
2334
2061
2183
2619
2884
2797
2468
2125
1943
1917
1955
2000
1998
1955
1944
2287
2966
3497
3268
2548
1956
1562
1243
1147
1255
1350
1365
1524
1873
2382
2913
3058
2554
1842
1487
1573
1624
1740
2058
2159
2064
2314
2848
3047
2784
2435
2073
1636
1556
1869
2028
1922
2011
2322
2335
2131
2164
2102
1611
1177
1099
1372
1937
2613
2957
2818
2442
2085
1882
1913
1877
1738
1622
1730
1906
2104
2467
2870
2977
2647
2252
1913
1747
1707
1892
2106
2108
2064
2320
2738
2828
2635
2445
2258
1946
1812
2085
2348
2184
1984
2013
2047
1808
1892
2272
2226
1654
1287
1382
1586
1850
2340
2638
2432
2035
1877
1939
1981
2062
2106
2054
1934
1957
2205
2481
2501
2296
2083
2286
2379
2333
2086
1804
1653
1680
1858
2049
2169
2188
2034
1856
1682
1712
1932
2326
2661
2780
2584
2169
1766
1454
1380
1552
1966
2450
2789
2778
2465
1978
1550
1319
1386
1675
2097
2379
2477
2347
2198
2124
2153
2286
2346
2288
2040
1689
1339
1190
1347
1799
2392
2864
3094
2994
2515
1848
1252
962
1009
1412
2064
2686
3069
3160
2917
2451
1969
1623
1479
1556
1804
2076
2242
2254
2117
1975
1920
1965
2109
2311
2402
2329
2166
2025
1993
2119
2338
2408
2388
2257
2079
1922
1818
1743
1710
1682
1716
1783
1896
1986
2004
1933
1867
1830
1927
2138
2384
2656
2818
2694
2310
1808
1372
1211
1358
1852
2538
3166
3497
3422
2988
2429
1953
1688
1682
1833
2929
2491
1919
1433
1232
1524
2152
2776
3057
3024
2875
2713
2482
2215
1991
1953
1941
1590
919
519
897
1807
2628
3193
3841
4095
4095
3343
1822
787
604
976
1522
2124
2876
3674
3986
3281
1945
968
804
1039
1053
1081
1741
2978
3805
3536
2542
1714
1524
1600
1400
910
693
1127
1888
2451
2656
2880
3262
3392
2829
1885
1255
1227
1495
1671
1634
1764
2477
3453
3884
3288
2060
1179
1102
1401
1513
1576
1975
2535
2712
2428
2034
1808
1653
1468
1438
1735
2305
2974
3626
4019
3813
2891
1658
771
496
508
508
835
1922
3436
4095
4095
3866
2800
1780
800
0
1
13
1148
2596
3569
3800
3455
2850
2159
1366
645
242
407
1144
2190
3174
3769
3
3
3
1
22
1268
2720
3918
4095
4095
4095
3583
2590
1647
974
609
538
745
1184
1850
2671
3575
4095
4095
4095
4095
3765
2559
1217
3
1
2
3
2
3
3
714
2022
3351
4095
4095
4095
4095
4095
4095
4095
4095
3060
1763
571
3
2
3
1
1
12
792
1651
2337
2781
2923
2764
2369
1872
1417
1110
1024
1173
1480
1909
2399
2898
3412
3932
4095
4095
4095
4095
4095
4095
3461
2200
885
2
0
0
1
2
1
83
1077
2169
3149
3881
4095
4095
4068
3589
3016
2435
1888
1435
1082
867
806
992
1405
2045
2840
3677
4095
4095
4095
4095
4095
3384
2127
771
1
2
2
3
1
2
1
822
1841
2787
4095
4095
4095
4095
4095
4095
4095
3246
1994
770
3
3
2
1
2
1
2
2
1
2
1
1
523
1682
2834
3916
4095
4095
4095
4095
4095
4095
4095
4095
4095
4095
4095
3602
2312
1009
2
1
1
1
2
2
3
0
2
0
2
2
669
2103
3506
4095
4095
4095
4095
4095
4095
4095
4095
4095
4095
4095
4095
4095
3813
2168
458
2
1
0
1
2
1
2
1
2
4
2
3
3
158
1933
3847
4095
4095
4095
4095
4095
4095
4095
4095
4095
4095
4095
4095
4095
4095
3264
1144
1
1
2
3
2
1
2
1
2
2
3
0
2
2
1220
3244
4095
4095
4095
4095
4095
4095
4095
4095
4095
4095
4095
4094
3720
3343
2935
2518
2120
1695
1267
852
435
44
2
2
3
1
4
2
1
1
1
2
2
2
2
2
3
2
0
2
2
4
2
3
3
4
2
3
1
2
1
1
4
2
1
2
1
3
1
2
1
3
2
3
3
2
2
2
3
2
3
2
2
2
213
618
1027
1425
1813
2199
2581
2976
3352
3727
4095
4095
4095
4095
4095
4095
4095
4095
4095
4095
4095
4095
4095
4095
4095
4095
4095
4095
4095
4095
4095
4095
4095
4095
4095
4095
4095
4095
4095
4095
4095
4095
4095
4095
4095
4095
4095
4095
4095
4095
4095
4095
4095
4095
4095
4095
4095
4095
3534
2749
1951
1177
441
