2119
2094
2116
2096
2084
2083
2106
2110
2091
2099
2095
2107
2110
2099
2109
2104
2104
2066
2089
2088
2095
2083
2091
2066
2087
2115
2111
2076
2073
2068
2110
2100
2083
2103
2109
2081
2072
2085
2102
2083
2096
2096
2060
2108
2075
2064
2099
2104
2085
2084
2089
2077
2109
2119
2122
2094
2106
2107
2095
2095
2118
2078
2065
2091
2068
2085
2064
2077
2085
2090
2088
2076
2090
2090
2099
2102
2098
2117
2089
2099
2090
2075
2074
2101
2080
2096
2077
2112
2127
2111
2112
2074
2075
2093
2095
2087
2091
2083
2126
2120
2090
2111
2105
2096
2097
2087
2088
2076
2095
2102
2068
2105
2073
2083
2092
2087
2089
2078
2105
2096
2119
2102
2087
2092
2078
2082
2106
2099
2137
2129
2140
2121
2113
2097
2131
2117
2129
2124
2119
2125
2101
2097
2107
2113
2133
2144
2118
2123
2074
2068
2126
2102
2097
2111
2097
2104
2106
2097
2096
2079
2095
2083
2096
2103
2071
2076
2088
2087
2096
2088
2095
2077
2075
2080
2084
2083
2084
2083
2082
2060
2073
2057
2058
2047
2059
2041
2062
2077
2066
2073
2057
2060
2048
2057
2066
2049
2074
2086
2073
2068
2072
2090
2091
2090
2074
2067
2096
2071
2118
2086
2092
2101
2090
2084
2103
2124
2128
2110
2102
2103
2098
2104
2115
2109
2082
2058
2104
2097
2101
2095
2091
2105
2090
2099
2086
2085
2076
2094
2088
2070
2071
2083
2062
2075
2072
2072
2068
2090
2079
2077
2092
2091
2061
2092
2073
2079
1905
1891
1929
1950
1985
2013
2072
2141
2176
2220
2241
2244
2269
2261
2229
2209
2168
2115
2046
1978
1923
1867
1826
1831
1835
1842
1873
1937
2006
2106
2169
2231
2277
2308
2328
2328
2330
2328
2266
2218
2172
2103
2035
1998
1957
1937
1934
1918
1943
1980
2035
2084
2116
2174
2211
2223
2225
2229
2203
2147
2101
2083
2038
1978
1934
1909
1896
1952
1973
2035
2055
2135
2186
2232
2288
2320
2296
2322
2292
2239
2200
2146
2087
2058
1990
1976
1944
1943
1953
1959
2000
2031
2088
2129
2175
2191
2201
2196
2166
2153
2127
2084
2041
2016
1993
1980
1970
1985
1988
2017
2046
2092
2116
2142
2174
2183
2184
2192
2174
2164
2127
2083
2076
2073
2078
2086
2096
2124
2225
2103
2004
1948
1915
1966
2040
2137
2174
2197
2211
2196
2099
1995
1907
1856
1850
1886
1936
2046
2157
2221
2194
2122
2085
2045
2020
1970
1912
1965
2072
2180
2198
2183
2202
2189
2169
2125
2131
2127
2121
2097
2019
2014
2073
2145
2123
2064
2055
2092
2152
2200
2171
2145
2117
2043
2003
2024
2055
2144
2151
2135
2058
2057
2096
2156
2126
2079
1994
1994
2052
2089
2123
2123
2137
2077
2087
2140
2183
2195
2133
2065
2051
2054
2067
2099
2129
2150
2204
2184
2168
2150
2187
2179
2150
2162
2179
2139
2053
1980
1929
1953
1965
2013
2057
2096
2120
2112
2052
1995
1985
2024
2066
2140
2184
2196
2189
2122
2067
2104
2184
2222
2194
2161
2100
2070
2050
1958
2020
2025
2096
2144
2210
2184
2104
2013
1959
1939
1943
2038
2130
2242
2277
2229
2123
2006
1992
2107
2200
2219
2178
2118
2074
2120
2096
2061
1989
2049
2170
2280
2284
2215
2106
2024
2021
2000
1993
1955
1966
2004
2052
2126
2209
2280
2231
2124
2021
1993
2025
2088
2121
2110
2075
2097
2136
2175
2150
2062
1980
1943
1982
2116
2213
2239
2181
2094
2079
2115
2159
2067
1950
1899
1958
2068
2057
1995
1951
1984
2032
2030
2000
2022
2040
2073
2094
2048
2109
2138
2110
2073
2095
2180
2169
2104
1998
1996
2099
2210
2178
2083
2001
2021
2038
2032
1968
1942
2032
2129
2196
2198
2142
2106
2205
2298
2276
2170
2061
2068
2204
2257
2199
2088
1982
1993
2033
2057
2358
2323
2182
2018
1921
1940
2099
2198
2251
2213
2091
2014
1992
2138
2231
2215
2085
1964
1875
1943
2094
2286
2355
2244
2144
2069
2054
2092
2094
2107
2113
2107
2141
2208
2247
2224
2147
2058
2026
1990
1999
2059
2131
2172
2182
2185
2153
2137
2115
2103
2099
2080
2031
2083
2111
2171
2209
2203
2113
2054
2053
2082
2186
2178
2081
1954
1953
2034
2175
2232
2201
2122
2016
1991
1969
1968
1979
1976
2030
2114
2160
2202
2183
2157
2082
2028
1990
1996
2057
2115
2186
2159
2103
2052
2026
2043
2079
2109
2118
2079
2004
1933
1977
2113
2249
2296
2219
2027
1942
1901
1946
2073
2170
2193
2160
2088
1965
1912
1897
2015
2161
2321
2351
2280
2096
1981
1898
1896
2225
2145
2028
2012
2023
2021
2030
2038
2027
2036
2086
2128
2122
2040
2002
2039
2068
2122
2228
2241
2088
1960
1975
2100
2152
2111
1991
1952
2014
2165
2264
2235
2089
1934
1893
2018
2255
2370
2247
2048
1934
1953
2058
2182
2240
2210
2114
1984
2030
2195
2322
2285
2165
2019
1960
2053
2277
2385
2271
2103
1993
1971
2003
2096
2191
2174
2025
1938
2043
2193
2178
2079
2046
2067
2105
2068
2058
2086
2113
2090
2060
2125
2159
2126
2000
1931
1943
1964
1991
2034
2054
2038
2009
1957
2008
2140
2212
2150
2018
1991
2098
2206
2184
2017
1880
1933
2119
2221
2149
2016
1972
2003
2097
2245
2325
2251
2120
2038
2022
2085
2156
2183
2134
2056
1990
2030
2099
2209
2042
2127
2136
2075
2046
2043
1956
1971
2010
2044
2062
2099
2135
2080
2029
2074
2032
2101
2230
2188
2118
2018
1976
2085
2201
2269
2205
2003
1843
1946
2129
2284
2334
2276
2019
1849
1895
2041
2263
2394
2268
2044
1864
1853
2008
2183
2213
2130
2005
1912
1880
1976
2096
2114
2154
2166
2140
2229
2266
2136
2053
2058
2070
2135
2189
2113
1947
1877
1920
2016
2207
2329
2270
2113
1925
1821
1993
2221
2315
2285
2103
1984
1966
2040
2177
2253
2295
2290
2228
2190
2130
2017
1966
2001
2049
2171
2184
2116
2080
1956
1986
2125
2211
2239
2183
2084
2071
2104
2073
2023
2050
2146
2164
2184
2258
2214
2123
2142
2127
2126
2166
2184
2145
2148
2208
2193
2182
2236
2439
2278
2224
2254
2278
2191
2006
1855
1777
1815
1859
1933
2031
2130
2246
2342
2315
2180
2136
2274
2325
2305
2212
2003
1741
1728
1876
2015
2217
2438
2352
2159
2069
2072
2036
2022
2065
2065
1971
1939
2040
2106
2188
2283
2137
1939
2044
2266
2367
2338
2202
1946
1825
1945
2093
2198
2310
2309
2147
1945
1869
1880
2000
2216
2272
2087
1904
1846
1854
2055
2276
2265
2117
2014
1922
1919
2103
2302
2308
2141
1914
1758
1877
2163
2292
2260
2253
2098
1913
2014
2217
2382
2449
2286
1985
1815
1739
1848
2128
2340
2327
2111
1906
1986
2169
2252
2237
1954
1665
1537
1634
2061
2506
2656
2534
2191
1736
1460
1535
1912
2285
2400
2292
2086
1936
1905
2064
2298
1701
1595
1770
2050
2231
2276
2170
2000
1864
1879
1957
2018
2028
2030
2044
2086
2054
2044
2088
2157
2234
2340
2306
2018
1615
1352
1467
1961
2479
2707
2544
2091
1666
1573
1860
2202
2335
2324
2305
2322
2235
1928
1599
1445
1639
1988
2275
2456
2425
2045
1627
1583
1916
2229
2268
2177
2053
1927
1855
1871
2036
2261
2514
2736
2722
2352
1752
1361
1399
1760
2215
2612
2700
2421
2046
1910
1930
1947
1988
2108
2163
2145
2186
2191
1979
1606
1476
1706
2054
2376
2624
2585
2204
1827
1844
2093
2138
2011
1790
1679
1688
1915
2118
2170
2193
2487
2780
2716
2266
1761
1612
1818
2129
2227
2057
1929
1948
2052
2122
2198
2197
2038
1999
2247
2199
1575
1059
1342
1863
1712
1742
1928
2121
2291
2290
2237
2200
2182
2212
2292
2316
2233
2034
1843
1742
1877
2082
2234
2224
2039
1791
1684
1784
2056
2261
2293
2218
2153
2083
1990
1940
1948
1915
1842
1800
1921
2170
2421
2445
2224
1847
1490
1337
1537
2043
2630
2937
2802
2390
1914
1553
1349
1463
1929
2506
2820
2600
2039
1541
1397
1700
2263
2666
2640
2168
1568
1219
1388
1900
2480
2880
2994
2775
2297
1872
1753
1922
2238
2553
2618
2275
1803
1477
1418
1599
1991
2318
2408
2346
2287
2262
2254
2200
2147
2086
1987
1865
1816
1898
1987
2129
2169
2107
1960
1857
1907
2063
2258
2318
2248
2090
1924
1846
1898
2088
2311
2515
2668
2629
2289
1848
1676
1741
1918
2095
2136
1770
2362
2709
2651
2242
1675
1328
1429
1913
2534
3002
3028
2596
1762
838
480
1016
2216
3459
4058
3781
2758
1431
442
218
778
1808
2782
3335
3230
2711
2198
1955
2070
2212
2188
1800
1187
653
627
1396
2839
4095
4095
4095
2795
629
1
1
1
1536
3710
4095
4095
3348
1080
0
0
516
2446
4067
4095
3897
2185
214
2
3
1288
3427
4095
4095
3734
1836
126
0
461
2202
3873
4095
3971
2411
670
0
169
1482
3107
4095
4095
3311
1632
302
210
1278
2817
3863
3954
2949
1351
16
0
836
2467
3824
4095
3925
2697
1230
257
356
1329
2450
3112
3116
2615
1884
1433
1488
1961
2363
2442
2310
2190
2108
2103
2123
2072
1802
1440
2068
3169
4095
4095
4095
4095
3352
1952
474
2
2
0
1
885
2228
3471
4095
4095
4095
4087
3110
1854
715
1
1
1
456
1429
2549
3570
4095
4095
4095
3598
2579
1464
513
1
1
31
567
1353
2117
2769
3161
3373
3325
3221
3126
3153
3229
3225
3119
2796
2165
1382
480
1
0
1
2
113
1342
2897
4095
4095
4095
4095
4095
3510
1651
0
0
0
0
0
832
2336
3595
4095
4095
4061
3151
1977
880
224
104
655
1650
2818
3976
4095
4095
4095
3654
1985
62
0
0
2
0
280
2134
4023
4095
4095
4095
4095
3942
2149
306
2
0
0
5
1225
2762
3998
4095
4095
4095
3609
2611
1619
830
368
200
272
1214
1
1
0
1
0
0
0
0
0
1
513
1803
2947
3976
4095
4095
4095
4095
4095
4095
4095
4095
4095
3966
3096
2272
1601
1034
560
98
1
0
0
1
1
0
0
3
485
2041
3688
4095
4095
4095
4095
4095
4095
4095
4095
4095
4095
4095
4095
4095
3892
2275
405
2
1
2
3
1
0
0
1
1
1
1
150
1672
3134
4095
4095
4095
4095
4095
4095
4095
4095
4095
4095
4095
4095
4095
3062
1744
606
2
2
2
0
1
3
1
1
1
1
3
3
227
863
1520
2218
2841
3388
3812
4094
4095
4095
3979
3711
3422
3185
3019
2896
2898
2959
3020
3031
2996
2860
2621
2236
1815
1349
878
455
7
3
0
153
871
1578
2269
2950
3568
4095
4095
4095
4095
4095
4095
4095
4095
4095
4095
4095
4095
4095
4095
4095
4095
4095
4095
4095
3769
3256
2748
2230
1778
1330
922
548
211
2
3
1
1
1
0
2
20
263
571
937
1329
1707
2161
2543
2932
3327
3612
3928
4095
4095
4095
4095
4095
4095
4095
4095
3978
3809
3564
3344
3136
2929
2745
2559
2391
2229
2099
2007
1888
1759
1625
1520
1372
1176
980
734
475
180
0
1
1
3
1
1
2
0
1
0
0
0
1
0
0
0
0
0
1
1
0
1
1
41
478
869
1105
1283
1386
1428
1424
1441
1461
1500
1630
1823
2108
2452
2910
3419
4018
4095
