2082
2067
2098
2134
2112
2092
2105
2168
2081
2086
2079
2092
2101
2099
2034
2048
2091
2101
2089
2085
2090
2145
2121
2082
2097
2122
2090
2114
2066
2090
2122
2141
2155
2161
2090
2119
2103
2106
2091
2116
2106
2114
2119
2092
2088
2017
2064
2043
2081
2134
2085
2046
2064
2037
2067
2077
2084
2093
2105
2082
2103
2082
2087
2055
2120
2131
2085
2140
2127
2119
2081
2051
2073
2104
2061
2075
2108
2053
2096
2089
2072
2130
2105
2104
2076
2080
2092
2107
2063
2056
2091
2063
2086
2105
2065
2084
2061
2105
2104
2096
2127
2104
2110
2056
2064
2100
2088
2115
2104
2093
2116
2112
2124
2091
2074
2070
2097
2068
2090
2100
2140
2104
2090
2093
2129
2100
2087
2078
2072
2023
2040
2011
2010
1989
1983
1950
1955
1950
1935
1931
1940
1920
1906
1927
1926
1883
1874
1944
1924
1944
1918
1944
1987
1925
1962
2017
2047
2010
2000
1998
2015
2083
2121
2083
2152
2156
2189
2245
2216
2242
2273
2256
2243
2264
2273
2288
2289
2305
2337
2356
2319
2333
2319
2349
2372
2315
2338
2369
2392
2335
2384
2320
2301
2279
2320
2286
2268
2315
2244
2291
2268
2236
2265
2256
2247
2205
2190
2183
2168
2114
2132
2131
2095
2110
2120
2085
2120
2094
2100
2086
2103
2082
2055
2061
2066
2052
2051
2029
2016
2064
2050
2074
2077
2068
2059
2032
2083
2055
2043
2064
2050
2060
2071
2056
2047
2081
2083
2096
2128
2122
2077
2126
2118
2129
2132
2097
2118
2114
2088
2144
2132
2126
2126
2127
2159
2209
2141
2098
2144
2104
2142
2094
2062
2050
2020
2054
2004
2060
2093
2042
2125
2140
2178
2248
2270
2262
2285
2308
2267
2264
2245
2210
2142
2105
1988
1949
1879
1822
1791
1720
1716
1758
1765
1745
1785
1839
1872
1906
1964
1987
2051
2109
2141
2158
2166
2149
2131
2146
2088
2076
2069
2005
1974
1981
1964
2004
2027
2028
2101
2131
2166
2232
2257
2251
2280
2283
2328
2288
2312
2317
2306
2261
2178
2173
2156
2155
2151
2124
2088
2093
2124
2129
2123
2104
2138
2135
2086
2096
2087
2005
2014
2017
1971
1964
1974
1993
1977
1984
2005
2038
2123
2164
2197
2224
2223
2260
2257
2269
2264
2251
2218
2202
2172
2130
1795
1762
1759
1736
1791
1860
1954
1928
1995
2100
2108
2129
2139
2147
2136
2163
2176
2175
2032
2029
1977
1931
1922
1884
1991
2002
2016
2015
2075
2096
2146
2202
2232
2216
2224
2178
2130
2045
1968
1944
1938
1866
1875
1842
1856
1858
1888
1920
2022
2092
2168
2194
2261
2286
2296
2314
2292
2288
2191
2179
2128
2100
2056
2118
2148
2142
2151
2191
2191
2213
2238
2228
2238
2140
2163
2069
2007
1949
1902
1902
1878
1804
1845
1947
1968
2035
2074
2193
2267
2308
2352
2421
2462
2454
2426
2383
2243
2224
2112
2019
1987
1918
1798
1800
1847
1877
1895
1939
2051
2072
2156
2148
2188
2213
2189
2183
2109
2039
2040
2049
2011
1968
1974
1967
1947
2023
1971
1940
1974
2170
2230
2243
2114
1942
1842
1775
1731
1779
1814
1943
2039
2227
2272
2266
2113
1956
1903
1881
1877
1950
1990
2171
2286
2390
2418
2415
2331
2270
2175
2056
1977
1896
1813
1771
1734
1766
1712
1752
1859
2007
2169
2331
2508
2677
2836
2898
2744
2368
2032
1675
1552
1687
1686
1688
1769
1903
2064
2233
2256
2169
2007
1889
1815
1848
1898
1955
1997
2027
2028
1984
1979
1957
1936
1928
1946
2037
2171
2378
2547
2507
2396
2276
2247
2289
2357
2396
2362
2313
2312
2223
2160
2068
1962
1917
1888
1935
2008
2071
2153
2151
2148
2101
2176
2202
2151
2111
2031
2060
2077
2053
1989
1845
1804
1858
1920
1981
2056
2200
2376
2482
2563
2493
2366
2313
2197
2088
2020
1946
1845
1792
1772
1827
1875
1912
1955
2022
1988
2028
2059
2073
2176
2314
2400
2543
2635
2639
2620
2506
2360
2175
1908
1672
1510
1400
1394
1456
1644
1812
2052
2253
2396
2450
2430
2307
2173
2018
1897
1787
1776
1852
1962
2112
2256
2352
2385
2435
2326
2272
2183
2100
1990
2008
1981
2065
2122
2276
2375
2461
2456
2433
2327
2319
2187
2049
1945
1848
1849
1822
1842
1888
1905
1951
1938
1956
1952
1984
1966
2008
2112
2204
2344
2407
2413
2372
2233
2102
1986
1889
1870
1821
1875
1980
2086
2173
2259
2333
2259
2147
2073
1896
1774
1770
1742
1852
1998
2167
2307
2443
2469
2453
2418
2245
2089
1955
1842
1823
1828
1975
2195
2300
2413
2518
2473
2345
2586
2460
2181
1831
1518
1386
1359
1484
1650
1948
2107
2257
2288
2240
2263
2255
2206
2074
1977
2055
2120
2184
2153
2124
2179
2244
2350
2310
2140
1987
1888
1808
1785
1843
1950
2127
2307
2430
2473
2494
2429
2328
2272
2196
2094
1903
1769
1806
1969
2162
2179
2106
2060
2038
2081
2095
1977
1924
2038
2171
2209
2140
1958
1828
1800
1863
1995
2054
2104
2212
2211
2165
2051
1857
1783
1904
2096
2207
2241
2103
1929
1933
2001
2134
2311
2445
2468
2373
2330
2260
2142
1883
1676
1621
1715
1817
1877
1883
1906
2163
2410
2706
2824
2902
2972
2920
2731
2402
2038
1756
1571
1489
1464
1489
1529
1637
1874
2168
2377
2560
2581
2603
2594
2474
2187
1888
1588
1435
1635
1654
1644
1769
1899
2076
2176
2260
2264
2266
2256
2228
2209
2228
2286
2319
2376
2340
2288
2224
2158
2070
2053
2047
2061
2105
2151
2168
2132
2069
1932
1862
1747
1735
1718
1773
1876
2082
2198
2367
2507
2605
2594
2524
2368
2260
2089
1960
1975
1983
2006
2100
2133
2171
2223
2284
2329
2430
2460
2441
2393
2276
2141
2034
1853
1725
1625
1624
1639
1588
1707
1804
1968
2119
2283
2414
2403
2412
2338
2176
2020
1869
1689
1651
1652
1792
1922
2136
2291
2355
2354
2310
2220
2082
2044
2073
2102
2144
2268
2343
2417
2413
2368
2322
2238
2087
2002
1939
1901
1928
1974
2022
2047
2113
2066
2024
2017
2085
2105
2166
2180
2280
2317
2260
2219
2112
2025
1928
2171
2562
3057
3398
3539
3426
3139
2836
2442
1987
1476
1018
800
937
1322
1699
1857
1907
2099
2370
2582
2612
2431
2249
2152
2138
1992
1756
1626
1599
1732
1919
2117
2303
2418
2430
2417
2485
2547
2527
2415
2186
1990
1819
1643
1523
1434
1517
1611
1676
1683
1743
1890
2068
2254
2498
2671
2684
2582
2458
2406
2411
2321
2091
1921
1991
2132
2296
2278
2250
2296
2349
2360
2286
2203
2085
1976
1968
2234
2614
3021
3257
3345
3331
3252
2953
2418
1759
1316
977
907
785
677
684
822
1109
1493
1959
2361
2637
2817
2986
3037
2864
2432
2032
1786
1748
1591
1298
996
972
1254
1707
2118
2469
2780
3103
3305
3313
3105
2712
2335
1950
1634
1321
1190
1163
2547
2062
1408
824
493
513
856
1414
2043
2622
3042
3158
3104
2894
2639
2455
2392
2319
2240
2044
1814
1520
1319
1286
1434
1707
2040
2320
2452
2402
2236
2042
1927
1882
2003
2161
2304
2330
2170
1935
1618
1334
1176
1264
1605
2105
2580
2945
3082
3034
2877
2644
2435
2281
2102
1934
1796
1752
1806
1940
2144
2384
2606
2663
2540
2272
1942
1620
1439
1483
1725
2098
2407
2615
2591
2382
2059
1756
1489
1363
1408
1532
1655
1824
1900
1932
2028
2107
2228
2321
2298
2190
1995
1761
1602
1576
1671
1931
2323
2628
2892
3059
3088
3050
2964
2888
2812
2654
2416
2039
1585
1129
806
775
1037
1509
2045
2421
2564
2517
2492
2445
2498
2491
2481
2381
2022
1520
2684
2392
2084
1649
1184
942
943
1243
1574
1985
2337
2614
2884
3020
2964
2865
2692
2525
2342
2126
1890
1750
1658
1642
1666
1726
1759
1793
1665
1564
1480
1413
1464
1514
1526
1542
1634
1887
2271
2666
3065
3293
3508
3514
3368
3107
2742
2417
2045
1759
1528
1416
1451
1558
1761
1797
1701
1692
1704
1720
1723
1644
1525
1378
1356
1324
1378
1493
1638
1851
2040
2207
2445
2725
3094
3336
3545
3590
3508
3354
3260
3160
3046
2949
2816
2662
2468
2185
1846
1635
1496
1384
1105
720
267
40
39
387
1005
1656
2220
2609
2800
2832
2806
2674
2554
2435
2368
2269
2175
2160
2245
2536
2957
3440
4002
4095
4095
4095
3641
3041
2464
1849
1297
831
512
243
2779
2284
1863
1639
1757
2085
2492
2688
2521
2085
1517
978
676
696
1091
1781
2612
3410
3985
4095
4095
4095
4030
3377
2530
1548
546
1
2
3
0
1
138
1310
2617
3780
4095
4095
4095
4095
4095
4095
3726
2991
1969
900
4
0
2
1
263
695
955
1156
1476
2148
3175
4095
4095
4095
4095
4095
2996
1695
642
0
2
1
1
276
1349
2736
4095
4095
4095
4095
4095
3936
2866
1762
712
2
1
1
1
1
1
770
2074
3482
4095
4095
4095
4095
4095
4095
3496
2399
1599
1148
1084
1171
1133
964
749
562
596
773
1087
1406
1773
2168
2585
3054
3605
4095
4095
4095
4095
3668
2585
1568
822
471
601
1044
1603
2161
2
1
1
469
1864
3168
4095
4095
4095
4095
4095
3988
3128
2160
1229
466
1
1
34
528
1275
2113
2904
3593
4063
4095
4095
4010
3554
2994
2406
1822
1386
1104
1035
1070
1208
1390
1547
1650
1704
1721
1732
1786
1940
2209
2565
2954
3331
3586
3732
3695
3571
3287
2922
2470
1917
1317
760
233
2
1
50
518
1215
2075
2957
3718
4095
4095
4095
4095
3545
2658
1656
761
49
1
0
1
401
1210
2175
3115
3933
4095
4095
4095
4095
3322
2270
1093
0
1
2
2
2
0
60
1185
2514
3789
4095
4095
4095
4095
4095
3342
2328
1413
656
100
0
1
27
467
1088
1813
2536
3149
3546
3709
3652
3381
2963
2477
1965
1498
1134
848
500
33
1
1
2
2
84
1012
2094
3133
4031
4095
4095
4095
3904
2992
2037
1238
688
384
326
457
694
920
1051
986
767
520
428
661
1264
2133
3208
4095
4095
4095
4095
4095
4095
4095
3576
2141
840
2
1
0
1
328
1315
2299
3049
3448
3521
3368
3133
2964
2899
2966
3176
3482
3807
4036
4063
3823
3310
2564
1652
756
3
3
0
1
1
33
745
1492
2127
2501
2546
2280
1793
1223
738
459
467
796
1351
2024
2778
3596
4095
4095
4095
4095
4095
4095
4095
4095
3567
2534
1512
619
0
1
2
1
1
1
1
180
725
1396
2108
2774
3348
3819
4095
4095
4095
4095
4083
3760
3345
2867
2313
1777
1761
3629
4095
4095
4095
4095
4095
4095
4095
4095
4095
4095
4095
4095
4095
4095
3230
1336
0
0
1
1
1
1
1
1
1
2
0
2
1
358
2507
4095
4095
4095
4095
4095
4095
4095
4095
4095
4095
4095
4095
4095
3910
1966
2
2
2
1
3
3
2
2
3
2
3
2
2
1781
4095
4095
4095
4095
4095
4095
4095
4095
4095
4095
4095
4095
4095
3755
1824
3
2
2
1
2
3
2
2
2
1
2
1
3
281
2801
4095
4095
4095
4095
4095
4095
4095
4095
4095
4095
4095
4095
4095
4084
1932
4
2
2
2
3
1
3
3
1
2
3
2
2
2
231
2913
4095
4095
4095
4095
4095
