2078
2084
2067
2080
2082
2098
2090
2087
2101
2095
2113
2074
2068
2081
2084
2094
2090
2067
2091
2086
2081
2088
2092
2056
2061
2072
2079
2073
2078
2085
2089
2096
2094
2063
2100
2095
2082
2097
2096
2096
2116
2106
2082
2092
2067
2082
2093
2112
2079
2055
2074
2082
2095
2101
2097
2080
2060
2096
2098
2109
2118
2121
2090
2094
2097
2073
2089
2083
2070
2103
2098
2078
2069
2079
2082
2119
2110
2089
2091
2068
2107
2096
2085
2100
2096
2084
2060
2088
2068
2081
2096
2088
2092
2090
2102
2082
2112
2091
2097
2078
2100
2071
2087
2090
2101
2092
2077
2093
2096
2067
2085
2103
2079
2094
2081
2093
2088
2091
2097
2099
2103
2124
2104
2117
2103
2105
2093
2077
2144
2113
2138
2156
2194
2175
2174
2181
2180
2199
2214
2195
2177
2172
2159
2134
2120
2090
2089
2085
2039
2061
2009
1998
1982
1972
1941
1961
1900
1932
1931
1923
1936
1947
1960
1980
1994
1991
1992
2014
2039
2077
2039
2060
2091
2081
2104
2101
2089
2131
2112
2141
2140
2128
2133
2131
2124
2159
2108
2117
2146
2132
2135
2122
2116
2162
2128
2114
2094
2112
2117
2121
2114
2109
2117
2133
2138
2134
2091
2102
2107
2102
2074
2075
2064
2023
2032
2015
2016
2002
2021
2010
2000
1988
2024
2048
2019
2000
2066
2077
2066
2093
2104
2138
2165
2177
2140
2196
2205
2192
2252
2242
2226
2222
2218
2216
2246
2210
2228
2229
2250
2211
2187
2207
2197
2188
2136
2102
2120
2105
2103
2079
2085
2072
2087
2088
2107
2139
2144
2114
2109
2134
2153
2197
2290
2276
2321
2321
2350
2260
2188
2122
2103
2064
2016
1976
1968
1961
1936
1980
2032
2077
2144
2161
2169
2198
2250
2240
2239
2264
2271
2247
2129
2037
2016
1965
1927
1948
1966
2015
2019
2061
2071
2090
2111
2174
2217
2211
2202
2249
2225
2193
2184
2170
2133
2101
2083
2052
2043
2024
2071
2091
2080
2101
2101
2119
2057
1984
1932
1930
1893
1981
2043
2104
2138
2088
2073
2098
2042
2059
2084
2074
2041
2022
1964
1949
1942
2006
2055
2096
2190
2224
2270
2259
2207
2132
2106
2036
2033
2008
2024
1985
2057
2084
2159
2239
2284
2366
2424
2423
2391
2334
2237
2125
2080
1994
2265
2193
2197
2206
2211
2146
1974
1851
1760
1837
1950
2076
2209
2248
2246
2264
2269
2285
2273
2189
2115
2004
1957
1967
2037
2172
2200
2179
2072
1978
1980
2050
2111
2128
2068
1963
1895
1899
1933
1968
2031
2071
2177
2248
2296
2297
2252
2214
2123
2103
2032
2006
2056
2061
2029
2001
2073
2122
2173
2212
2182
2134
2136
2149
2126
2138
2103
2076
2050
2036
2051
2106
2143
2163
2123
2064
2038
2040
2056
2090
2182
2211
2247
2214
2207
2096
2013
1925
1897
1940
2013
2100
2150
2170
2172
2198
2193
2192
2124
2053
2008
1975
1987
1993
2002
1990
1974
2009
2039
2098
2151
2193
2181
2114
2058
2006
1979
1991
2072
2098
2127
2113
2113
2091
2134
2217
2264
2235
2020
1983
2063
2093
2029
1872
1782
1790
1943
2066
2255
2357
2367
2286
2125
2064
2040
2050
2071
2052
1984
1959
2047
2108
2197
2237
2190
2187
2141
2198
2223
2243
2145
2055
1955
1956
1968
1967
1991
1973
2027
2061
2114
2181
2196
2136
2113
2127
2134
2159
2168
2167
2080
1998
2044
2128
2183
2224
2154
2065
1993
1933
1924
2011
2053
2128
2120
2106
2184
2234
2227
2267
2221
2125
2083
2004
1942
1924
1986
2142
2186
2205
2168
2063
2025
2012
1993
1951
1996
2049
2033
2014
1909
1863
1865
1988
2126
2331
2411
2378
2239
2123
2079
2069
2092
2023
2057
2113
2112
2105
2034
1964
1970
2068
2084
2080
1990
1935
1887
1890
1905
2047
2181
2277
2246
2196
2162
2163
1961
1956
2089
2203
2222
2188
2118
2062
1902
1856
1838
1886
1975
2092
2236
2324
2322
2227
2103
1960
1828
1797
1838
1960
2223
2392
2503
2557
2456
2287
2066
1910
1842
1890
2004
2145
2279
2344
2349
2213
2010
1885
1804
1778
1895
2026
2096
2170
2160
2093
2016
1945
1905
1896
2023
2171
2237
2312
2258
2129
2025
1936
1860
1869
1885
1878
1997
2076
2145
2144
2212
2254
2292
2254
2177
2106
2029
1969
1949
1968
2014
2065
2107
2124
2133
2041
1976
1952
1975
2016
2137
2152
2233
2216
2163
2099
2001
1947
1934
1989
2054
2109
2155
2128
2073
2037
1958
1928
1918
2001
2136
2211
2307
2266
2151
2004
1859
1790
1735
1763
1944
2094
2227
2340
2302
2202
1989
1810
2080
2065
2084
2037
1922
1799
1780
1820
1906
2061
2169
2275
2253
2161
2110
2069
2088
2138
2195
2187
2132
2136
2110
2019
1983
2007
1998
1973
2042
2102
2151
2123
2219
2183
2095
2014
2087
2084
2007
1942
1932
1897
1847
1837
1987
2169
2286
2297
2271
2197
2095
2014
2022
1959
1937
2009
2144
2216
2275
2272
2296
2195
2083
2028
2020
1986
1996
2118
2206
2288
2327
2281
2140
1993
1897
1820
1794
1868
2093
2279
2380
2350
2300
2262
2108
1980
1911
1880
1876
1866
1917
2025
2087
2208
2296
2254
2173
2119
2122
2141
2123
2063
2059
2098
2075
2081
2155
2185
2131
2055
2115
2198
2174
2161
2153
2157
2125
2154
2211
2211
2193
2089
1987
1897
1924
2013
2078
2110
2368
2435
2286
2046
1833
1744
1763
1806
1838
1875
1921
2003
2102
2166
2221
2220
2239
2324
2442
2465
2402
2243
1997
1826
1778
1839
2005
2106
2152
2176
2214
2230
2250
2232
2127
2071
1957
1960
2047
2122
2241
2218
2189
2092
1947
1867
1782
1708
1728
1770
1858
1984
2048
2171
2160
2216
2194
2217
2303
2243
2297
2214
2144
2148
2085
2052
2028
2004
2094
2241
2326
2401
2291
2238
2096
1955
1931
1979
1994
2094
2235
2407
2480
2426
2290
2084
1887
1790
1770
1883
1937
2089
2201
2237
2341
2324
2323
2236
2177
2184
2216
2168
2139
1953
1921
1891
1980
2113
2302
2343
2289
2202
2128
2061
2152
2123
2049
1904
1787
1880
1994
2117
2198
2158
2099
1999
1931
1994
2491
2593
2629
2460
2134
1769
1513
1508
1652
1859
2097
2308
2414
2380
2315
2248
2023
1808
1678
1775
2023
2320
2459
2462
2440
2407
2216
1972
1786
1795
1906
1904
1962
2078
2292
2383
2469
2548
2521
2469
2322
2192
2140
2161
2107
2000
1888
1864
2006
2202
2217
2130
2037
1958
1918
1855
1878
2025
2202
2318
2255
2122
2082
2061
2032
2008
1976
2011
1995
2091
2167
2173
2054
1911
1906
1949
1989
1936
1889
1992
2144
2253
2326
2431
2504
2442
2315
2012
1706
1474
1447
1738
2172
2688
2884
2859
2605
2176
1623
1197
1083
1279
1672
2019
2216
2179
2104
2049
2164
2325
2335
2179
1960
1856
1893
2042
2139
2037
1975
1950
2015
2059
2041
1999
1992
2099
2129
2248
2612
2410
2076
1813
1837
2161
2540
2593
2267
2004
2024
2250
2360
2148
1804
1724
2001
2402
2690
2720
2486
2183
1985
2078
2364
2721
3007
3088
3006
2693
2230
1741
1522
1552
1739
2013
2397
2714
2639
2143
1514
1204
1474
2099
2588
2661
2511
2225
1950
1771
1760
1992
2339
2537
2455
2112
1729
1561
1595
1879
2197
2257
2052
1775
1710
1853
1947
1790
1726
1906
2240
2304
2114
2057
2363
2696
2699
2268
1786
1680
1918
2121
2069
1820
1634
1709
1848
2070
2305
2505
2539
2384
2310
2389
2430
2223
1923
1793
1910
2042
2057
2037
2034
2063
2182
2384
2442
2241
1913
1646
1589
1545
1614
1912
2526
3027
3090
2774
2470
2233
1987
1651
1508
1642
1781
1704
1537
1546
1587
1889
2266
2504
2587
2514
2439
2295
2116
1884
1755
1788
1988
2194
2329
2382
2368
2261
2050
1823
1586
1504
1570
1839
2145
2408
2644
2750
2719
2550
2315
2147
2152
2223
2260
2281
2197
2021
1861
1703
1533
1467
1579
1852
2183
2406
2509
2439
2276
2108
1953
1888
1982
2144
2357
2503
2447
2224
1972
1702
1492
1457
1615
1887
2210
2468
2624
2598
2430
2231
1963
1749
1687
1729
1914
2113
2301
2397
2476
2437
2304
2150
2003
1942
1925
1877
1839
1782
1841
1932
2010
2093
2139
2201
2192
2173
2122
2105
2111
2093
2049
1959
1970
2074
2234
2301
2272
2168
2090
2102
2176
2253
2350
2488
2567
2500
2309
2069
1875
1774
1713
1695
1774
1998
2304
2504
2472
2273
3913
3009
1919
1036
596
643
1166
1931
2586
2883
2678
2124
1513
1219
1385
1846
2349
2697
2850
2795
2486
1886
1194
792
1004
1825
2824
3522
3640
3293
2729
2141
1645
1123
743
825
1456
2215
2716
2631
2045
1347
1008
1311
2064
2853
3415
3637
3562
3179
2543
1608
603
0
0
467
1493
2376
2799
2864
2720
2470
2305
2348
2641
3129
3541
3605
3162
2337
1290
217
0
1
27
1038
2276
3286
3895
4095
4095
3841
3319
2721
2269
2125
2181
2143
1834
1223
509
1
0
222
1090
2106
3016
3670
4048
4095
3830
3248
2433
1673
1227
1223
1573
1954
2227
2288
2186
1976
1642
1202
826
792
1159
1833
2525
2949
2961
2661
2258
1903
1734
1757
2030
2447
3804
3684
3364
2852
2337
1855
1489
1192
1046
955
1025
1236
1553
1970
2423
2826
3043
3105
2955
2638
2226
1833
1437
1103
891
890
1107
1565
2162
2844
3412
3780
3844
3575
3009
2235
1401
650
73
1
22
504
1337
2303
3204
3852
4095
4095
4085
3504
2649
1682
722
0
0
1
297
1188
2240
3243
4019
4095
4095
4095
3765
2932
1875
761
0
0
0
0
17
977
2136
3246
4095
4095
4095
4095
4095
3752
2752
1708
705
0
1
0
0
342
1064
1913
2705
3386
3881
4095
4095
4095
3904
3470
2960
2372
1796
1200
688
288
93
138
491
1033
1723
2362
2781
3065
3196
3204
3057
2858
2598
2262
1844
1463
1112
908
938
1169
1544
1914
7
1
691
1664
2628
3559
4095
4095
4095
4095
4095
4095
4095
4095
4095
4095
4095
4095
4095
4095
4095
3428
2314
1136
1
1
0
1
0
1
0
0
0
0
0
0
1
0
0
0
960
2355
3677
4095
4095
4095
4095
4095
4095
4095
4095
4095
4095
4095
4095
4095
4095
4095
4095
3272
1753
189
2
0
0
1
0
0
0
0
0
0
1
0
1
556
2140
3668
4095
4095
4095
4095
4095
4095
4095
4095
4095
4095
4095
4095
4095
4095
3820
2466
1062
0
2
1
1
0
0
0
1
0
0
0
1
1
0
0
124
1542
3089
4095
4095
4095
4095
4095
4095
4095
4095
4095
4095
4095
4095
4095
4095
4095
4
2
0
1
0
1
0
1
0
0
1
0
3
450
987
1528
2047
2581
3036
3496
3942
4095
4095
4095
4095
4095
4095
4095
4095
4095
4095
4095
4095
4095
4095
4095
4095
4095
4095
4095
4095
4095
4095
4095
4095
4095
3781
3112
2438
1755
1094
423
1
2
1
1
1
1
1
2
2
0
1
1
1
0
1
0
1
0
0
1
0
2
1
0
0
1
37
628
1264
1889
2505
3094
3666
4095
4095
4095
4095
4095
4095
4095
4095
4095
4095
4095
4095
4095
4095
4095
4095
4095
4095
4095
4095
4095
4095
4095
4095
4095
4095
4095
4095
4095
4095
3656
3021
2396
1790
1171
573
0
1
0
0
0
0
0
