5
0
2
0
0
1
1
1
0
0
0
0
0
1
0
1
0
0
0
20
92
135
194
257
327
377
453
513
578
654
702
737
783
850
925
948
969
1008
1055
1098
1144
1177
1255
1271
1293
1344
1396
1433
1499
1570
1604
1664
1717
1776
1855
1908
1964
2042
2100
2165
2256
2316
2367
2460
2520
2593
2656
2733
2794
2863
2946
3006
3075
3149
3234
3296
3371
3442
3533
3616
3681
3782
3849
3912
3996
4064
4095
4095
4095
4095
4095
4095
4095
4095
4095
4095
4095
4095
4095
4095
4095
4095
4095
4095
4095
4095
4095
4095
4095
4095
4095
4095
4095
4095
4095
4095
4095
4095
4095
4095
4095
4095
4095
4095
4095
4095
4077
3966
4095
4095
4095
4095
4095
4095
4095
4095
4095
4095
4095
4095
4095
4095
4095
4095
4095
4095
4095
4095
4095
4095
4095
4095
4095
4095
4095
4095
4095
4095
4095
4095
4095
4095
4095
4095
4095
4095
4095
4095
4095
4095
4095
4095
4095
4095
4095
4095
4095
4095
4095
4095
3717
3258
2789
2402
2002
1576
1184
822
491
133
1
1
3
2
1
2
1
0
2
2
1
1
0
1
0
1
1
1
1
1
0
1
0
1
0
1
2
1
0
0
0
1
1
2
1
0
0
0
0
1
0
0
1
0
0
1
0
0
0
0
0
1
1
1
1
0
0
0
0
230
633
984
1345
1711
2034
2378
1713
1672
1669
1674
1663
1639
1631
1607
1576
1545
1528
1524
1520
1487
1467
1467
1469
1436
1440
1409
1411
1402
1375
1368
1360
1363
1370
1379
1373
1352
1354
1352
1349
1330
1347
1340
1340
1338
1353
1364
1343
1343
1349
1368
1364
1338
1329
1367
1365
1378
1369
1382
1391
1390
1391
1378
1393
1384
1396
1414
1409
1415
1422
1434
1436
1442
1448
1452
1450
1460
1474
1470
1480
1496
1497
1508
1515
1510
1512
1504
1499
1528
1535
1558
1528
1556
1568
1564
1569
1572
1572
1578
1584
1594
1574
1617
1614
1615
1613
1630
1623
1624
1627
1636
1615
1639
1648
1661
1665
1634
1660
1660
1679
1695
1716
1683
1696
1707
1691
1707
1724
1744
1720
1720
1741
1749
1748
1762
4095
4095
4095
4095
4095
4095
4095
4095
4095
4095
4095
4095
4095
4095
4095
4095
4095
4095
4095
4095
4095
4095
4095
4095
4095
3720
3071
2439
1822
1222
604
13
0
0
0
1
0
0
1
1
0
0
0
0
1
0
0
0
1
0
0
0
0
0
1
0
0
0
0
1
0
0
0
0
0
0
1
350
1163
1945
2694
3382
4051
4095
4095
4095
4095
4095
4095
4095
4095
4095
4095
4095
4095
4095
4095
4095
4095
4095
4095
4095
4095
4095
4095
4095
4095
4095
4095
4095
4095
3562
2997
2482
1922
1413
934
446
23
0
0
1
0
0
0
1
0
1
2
0
0
1
0
0
0
0
1
0
5
0
0
1
0
80
1020
2159
3233
4095
4095
4095
4095
4095
4095
4095
4095
4095
4075
3153
2152
1185
323
2
1
1
1
0
1
0
1
0
421
1389
2403
3361
4095
4095
4095
4095
4095
4095
4095
4095
4095
4095
3295
2342
1418
545
1
2
2
1
0
2
1
2
296
1055
1801
2539
3247
3878
4095
4095
4095
4095
4095
4095
4095
3916
3363
2738
2102
1515
952
471
102
0
2
1
1
22
322
748
1210
1727
2224
2712
3152
3516
3784
3956
4050
4053
3938
3740
3480
3156
2798
2408
2047
1658
1312
1019
753
535
375
267
225
260
443
718
1098
1534
2026
2571
3091
3557
3921
4095
4095
4095
4095
4012
3689
3294
4095
4095
2821
848
1
1
1
1
489
2524
4095
4095
4095
4095
3973
2269
446
2
1
0
173
1730
3366
4095
4095
4095
4095
3358
2108
951
26
1
0
199
1234
2449
3554
4095
4095
4095
3395
2376
1268
351
1
1
56
858
1993
3152
4023
4095
4095
3753
2873
1853
946
353
159
425
1003
1740
2470
2986
3265
3255
3051
2720
2326
1990
1730
1558
1507
1577
1808
2125
2384
2508
2436
2269
2057
1952
1997
2156
2327
2374
2339
2212
2048
1872
1724
1604
1528
1494
1544
1680
1992
2444
2910
3283
3455
3276
2772
2014
1191
531
208
411
1076
2040
3084
3860
4095
4095
3565
2741
1763
902
292
76
259
758
1474
2250
2959
3467
3745
3810
2114
2038
1985
1920
1892
1998
2090
2069
1946
1835
1879
2108
2314
2336
2149
1808
1499
1354
1376
1596
1828
1897
1863
1926
2125
2287
2251
2069
1894
1906
1970
2020
1984
1942
1922
2020
2260
2569
2828
2976
2990
2925
2747
2533
2172
1786
1444
1280
1296
1416
1608
1925
2360
2832
3149
3222
3101
2877
2535
2176
1778
1342
890
657
765
1141
1633
2116
2518
2838
3004
3004
2675
2227
1782
1518
1400
1324
1328
1436
1758
2200
2596
2828
2830
2753
2632
2404
2076
1666
1353
1266
1374
1621
1902
2239
2623
2988
3141
3051
2746
2296
1834
1373
1004
772
820
1207
1782
2482
3024
3382
3547
3520
3273
2842
2274
1656
1168
946
864
968
1244
1661
2183
2668
2979
3040
1305
1855
2440
2848
2996
2923
2684
2364
1993
1673
1422
1336
1404
1641
2010
2372
2685
2844
2800
2596
2311
2007
1743
1615
1628
1780
1997
2263
2476
2563
2567
2489
2372
2201
2035
1878
1768
1727
1757
1907
2117
2288
2413
2481
2458
2427
2416
2352
2207
1921
1561
1280
1246
1488
1924
2293
2550
2591
2506
2384
2290
2164
1962
1673
1398
1349
1568
1983
2347
2601
2703
2679
2597
2482
2319
2014
1678
1373
1337
1528
1930
2427
2845
3041
3029
2809
2473
2134
1800
1494
1260
1193
1360
1767
2255
2744
2984
2950
2737
2403
2033
1671
1387
1221
1181
1378
1816
2337
2703
2870
2805
2649
2410
2127
1787
1439
1225
1282
1584
2096
2583
2919
2989
2838
2574
2302
1981
1641
2135
2262
2382
2400
2311
2186
2060
1896
1778
1670
1684
1854
2207
2526
2746
2783
2615
2378
2080
1757
1429
1176
1090
1232
1569
1996
2436
2769
3005
3080
2955
2671
2261
1845
1490
1312
1383
1575
1865
2160
2447
2643
2733
2645
2434
2132
1817
1606
1547
1638
1825
2099
2384
2537
2559
2421
2214
1996
1802
1665
1639
1689
1816
2058
2271
2475
2556
2487
2249
1979
1751
1635
1686
1856
2106
2303
2397
2416
2342
2167
1934
1656
1505
1462
1571
1840
2237
2633
2892
3030
2954
2697
2298
1850
1446
1195
1151
1305
1675
2144
2596
2912
3076
3000
2730
2283
1858
1485
1333
1359
1578
1899
2231
2511
2656
2659
2501
2285
2056
1894
1818
1813
1911
2029
2145
2181
2188
2092
2221
2024
1827
1695
1652
1715
1895
2118
2350
2558
2698
2672
2456
2153
1784
1603
1605
1692
1858
2030
2216
2318
2372
2415
2435
2446
2357
2101
1812
1618
1589
1709
1854
2009
2171
2267
2283
2209
2161
2149
2146
2084
1990
1918
1886
1888
1959
2017
2070
2108
2105
2112
2082
2084
2089
2065
2054
2041
2087
2181
2203
2266
2293
2257
2212
2208
2224
2196
2208
2185
2154
2152
2193
2176
2166
2140
2133
2154
2160
2115
2050
2060
2105
2214
2241
2250
2178
2137
2093
2105
2051
1961
1886
1843
1855
1875
1940
2020
2051
2056
2018
2008
1985
1989
1986
1992
1982
1931
1928
1921
1940
2014
2109
2132
2081
2019
1969
1975
1999
2061
2131
2193
2256
2299
2316
2324
2364
2424
2194
2110
2088
2066
2068
2033
2014
2004
2023
2018
2024
2048
2066
2095
2115
2113
2048
2063
2038
2003
1968
1965
1982
2013
2064
2114
2170
2208
2185
2137
2107
2038
2002
1976
1945
1945
1952
2009
2070
2154
2220
2280
2258
2202
2084
1992
1913
1861
1877
1956
2084
2227
2376
2429
2369
2294
2117
1931
1801
1740
1782
1942
2119
2328
2420
2413
2314
2149
1896
1724
1632
1695
1858
2086
2326
2514
2607
2543
2363
2089
1837
1636
1608
1702
1920
2149
2405
2498
2500
2370
2192
1986
1812
1770
1844
1998
2174
2327
2383
2348
2228
2048
1915
1829
1834
1877
1950
2048
2153
2185
2237
2280
2298
2253
2161
2096
1999
1927
1877
1885
1975
2098
2192
2276
2255
2163
2064
1953
2044
2068
2142
2202
2240
2236
2272
2328
2325
2225
2157
2135
2082
1994
1967
1992
2042
2055
2069
2099
2154
2175
2221
2239
2244
2199
2127
2067
2026
2018
2011
2042
2028
2031
2118
2254
2361
2360
2316
2244
2180
2095
2008
1927
1867
1827
1829
1842
1841
1882
1929
2061
2158
2264
2228
2101
1943
1925
1993
2077
1986
1864
1849
1992
2201
2339
2362
2302
2202
2111
2056
2035
1992
1900
1850
1898
1978
2092
2221
2305
2340
2355
2268
2147
2062
2028
2001
1950
1951
1980
2053
2142
2261
2382
2479
2497
2415
2239
2071
1932
1873
1860
1792
1771
1861
2032
2228
2374
2457
2484
2430
2362
2218
2065
1911
1831
1779
1778
1756
1835
2004
2165
2281
2378
2420
2446
2372
2219
2175
2158
2110
2105
2082
2040
2021
2008
2003
2030
2060
2126
2169
2162
2160
2122
2066
2024
1995
1993
2016
2092
2182
2256
2287
2285
2232
2141
2079
2011
2006
2016
2042
2052
2067
2096
2098
2106
2091
2084
2081
2087
2093
2111
2122
2132
2146
2160
2164
2160
2126
2096
2043
2017
1980
1944
1968
1994
2030
2083
2118
2138
2143
2149
2152
2118
2072
2029
2045
2067
2079
2091
2147
2161
2156
2132
2128
2150
2194
2238
2258
2207
2121
1991
1869
1787
1759
1810
1954
2136
2310
2463
2477
2427
2272
2188
2077
2016
1968
1906
1900
1896
1993
2087
2207
2253
2270
2257
2166
2124
2079
1989
1934
1884
1884
1928
1992
2099
2209
2290
2395
2415
2295
2127
1940
1771
1728
1769
2066
1976
1930
1913
1955
2040
2082
2104
2124
2099
2021
1997
1997
2001
2012
2059
2072
2144
2133
2144
2121
2171
2184
2205
2211
2238
2271
2278
2255
2198
2140
2129
2128
2152
2109
1980
1942
1937
1965
2012
2009
2082
2159
2171
2122
2114
2126
2179
2202
2161
2096
2064
2061
2071
2095
2095
2080
2064
2038
2035
2061
2098
2085
2043
2029
2055
2102
2100
2088
2090
2175
2187
2164
2101
2033
1990
2041
2064
2120
2163
2170
2164
2127
2096
2067
2008
1980
1945
1916
1903
1990
2034
2074
2086
2127
2165
2215
2224
2203
2124
2108
2129
2150
2106
2033
1971
2001
1978
1982
1963
2036
2160
2266
2271
2257
2231
2196
2152
2034
1925
1875
1895
1927
2024
2102
2203
2302
2388
2124
2050
2012
2023
2003
2006
1988
2022
2022
2043
2047
2089
2107
2118
2160
2176
2163
2159
2176
2160
2138
2112
2083
2058
2059
2050
2055
2084
2104
2104
2138
2146
2159
2142
2134
2121
2125
2136
2161
2189
2198
2220
2248
2226
2219
2212
2187
2186
2154
2111
2079
2050
1993
1966
1985
1957
1955
2016
2044
2070
2142
2192
2213
2232
2242
2254
2267
2229
2188
2133
2072
1993
1889
1830
1843
1821
1831
1894
1928
2019
2078
2154
2193
2242
2226
2270
2295
2270
2256
2214
2172
2107
2061
1991
1971
1901
1892
1893
1902
1899
1919
1990
2041
2119
2168
2219
2239
2254
2248
2202
2166
2122
2121
2112
2095
2097
2041
2035
2013
2004
2006
2008
2024
2024
2056
2049
2076
2111
2119
2192
2209
2230
2236
2237
2202
2184
2132
2098
2078
2075
2056
2089
2072
2089
2074
2074
2073
2072
2085
2104
2099
2117
2136
2164
2157
2155
2123
2081
2062
2048
2071
2057
2049
2033
2066
2060
2037
2029
2051
2054
2078
2085
2090
2110
2118
2107
2113
2067
2041
2048
2048
2111
2112
2134
2131
2140
2132
2116
2112
2129
2121
2126
2174
2199
2191
2182
2175
2141
2108
2092
2074
2087
2066
2102
2104
2063
2023
2017
1992
1939
1924
1899
1880
1894
1916
1912
1981
2007
2010
2017
1999
1989
2035
2084
2092
2140
2195
2247
2290
2295
2310
2295
2243
2217
2146
2130
2125
2107
2102
2092
2107
2114
2136
2126
2100
2086
2086
2056
2088
2088
2110
2131
2125
2124
2107
2088
2114
2114
2064
2065
2076
2061
2079
2091
2092
2094
2099
2135
2125
2132
2137
2105
2113
2088
2103
2124
2119
2122
2136
2113
2113
2129
2128
2140
2130
2155
2135
2132
2110
2120
2130
2139
2128
2110
2112
2127
2117
2121
2122
2134
2098
2106
2100
2115
2116
2088
2099
2108
2102
2087
2083
2093
2101
2104
2096
2080
2082
2099
2121
2133
2135
2124
2147
2127
2116
2162
2151
2119
2117
2098
2104
2128
2109
2110
2110
2120
2128
2091
2128
2104
2098
2118
2079
2118
2117
2092
2081
2068
2051
2075
2067
2064
2051
1991
2007
2036
2051
2013
2015
2005
2012
1997
2029
2017
2024
2001
2021
2028
2014
2037
2040
2037
2044
2055
2048
2033
2021
2056
2043
2029
2064
2042
2070
2053
2041
2060
2056
2054
2064
2083
2131
2095
2131
2143
2157
2162
2189
2191
2172
2201
2220
2224
2210
2208
2216
2246
2258
2223
2224
2212
2212
2228
2219
2197
2199
2194
2182
2161
2128
2118
2135
2108
2088
2101
2059
2021
2004
2002
1975
1958
1923
1918
1907
1915
1907
1913
1907
1929
1922
1914
1944
1969
1943
1984
2005
2008
2006
2005
2036
2014
2028
2018
2010
2005
2037
2042
2046
2042
2052
2095
2138
2131
2120
2129
2138
2167
2165
2184
2172
2211
2208
2210
2212
2219
2190
2172
2175
2162
2157
2132
2163
2140
2153
2148
2121
2123
2107
2079
2087
2036
2033
2033
2025
2002
2010
2018
2000
2007
2009
2022
2038
2056
2030
2030
2053
2081
2061
2042
2056
2092
2096
2106
2178
2214
2188
2177
2160
2157
2124
2075
2034
2024
1973
1969
1932
1915
1900
1892
1870
1850
1900
1934
1927
1953
2027
2026
2081
2101
2117
2138
2178
2196
2170
2190
2172
2192
2189
2143
2136
2121
2103
2080
2059
2070
2062
2088
2105
2082
2123
2143
2151
2190
2204
2181
2165
2194
2168
2168
2130
2130
2114
2080
2025
2000
1971
1930
1904
1877
1866
1858
1882
1880
1903
1934
2007
2041
2082
2138
2221
2232
2236
2232
2262
2278
2278
2298
2288
2264
2260
2221
2226
2207
2167
2154
2143
2131
2138
2112
2105
2096
2078
2119
2061
2054
2044
2013
1982
1973
1944
1941
1930
1911
1906
1888
1900
1901
1925
1939
1975
2013
2047
2088
2110
2159
2205
2216
2261
2286
2295
2291
2084
2044
2053
2088
2124
2136
2139
2112
2089
2128
2075
2048
2063
2107
2117
2125
2118
2110
2129
2077
2036
2027
2024
2048
2042
2006
1966
1946
1927
1947
2017
2068
2105
2189
2282
2298
2309
2231
2151
2128
2135
2173
2170
2178
2163
2107
2071
2066
2053
2015
1957
1961
1997
2063
2088
2082
2046
2074
2106
2186
2189
2146
2110
2051
1994
1953
1922
1953
2008
2109
2162
2186
2229
2235
2234
2193
2187
2216
2245
2269
2240
2258
2217
2165
2058
1983
1902
1918
1887
1920
1983
2007
2025
2021
2049
2097
2112
2164
2193
2295
2341
2399
2364
2287
2156
2077
1994
1915
1837
1808
1840
1954
2007
2024
2024
2050
2094
2176
2192
2220
2255
2312
2367
2351
2275
2152
2036
1941
2159
2113
2072
2053
2021
1998
1984
1986
2061
2092
2162
2192
2185
2189
2178
2152
2083
2064
2059
2068
2096
2126
2196
2199
2222
2169
2131
2072
2012
1946
1904
1898
1908
1952
2025
2121
2169
2201
2213
2150
2109
2039
1999
1971
1981
2030
2105
2179
2240
2268
2278
2234
2129
2032
1998
1952
1922
1942
2050
2123
2180
2247
2252
2229
2160
2060
1990
1909
1919
1960
2028
2092
2173
2250
2256
2222
2149
2068
1980
1949
1921
1963
2029
2149
2240
2319
2342
2300
2221
2107
1993
1905
1880
1900
1937
2009
2114
2162
2202
2190
2159
2108
2056
2024
2038
2038
2093
2118
2138
2115
2105
2053
1996
1979
1979
2041
2141
2192
2295
2346
2280
2190
2083
1953
1839
1783
1800
1864
2068
2089
2058
2008
2007
2043
2012
1967
2013
2092
2104
2101
2069
2043
1994
1939
1969
2057
2109
2098
2117
2150
2175
2136
2110
2120
2199
2261
2239
2202
2241
2265
2283
2256
2251
2287
2254
2133
2029
1995
1992
2023
2053
2133
2253
2311
2320
2262
2210
2184
2123
2025
1992
2009
1989
1951
1915
1956
2015
2115
2188
2225
2261
2242
2150
2013
1873
1850
1915
1948
1989
2083
2208
2269
2261
2272
2345
2283
2129
2043
2025
1958
1858
1825
1899
1992
2026
2061
2116
2183
2194
2169
2094
2016
1989
1954
1925
1971
2046
2092
2123
2137
2141
2115
2054
2027
2030
2059
2056
2073
2070
2121
2151
2157
2140
2141
2140
2088
2030
2042
2121
2186
2172
2141
2129
2128
2122
2131
1930
1992
2072
2104
2129
2085
1995
1951
1896
1920
1936
2014
2101
2137
2127
2136
2095
2094
2117
2156
2171
2176
2121
2096
2051
2044
2049
2069
2110
2181
2223
2248
2188
2103
1979
1848
1803
1870
1996
2168
2328
2396
2335
2229
2099
1968
1908
1943
2024
2121
2202
2293
2275
2244
2152
2018
1979
1988
2042
2125
2175
2214
2204
2190
2176
2168
2156
2125
2085
2058
2027
2007
1979
1960
1949
1954
2045
2158
2278
2315
2274
2141
2013
1910
1883
1917
1943
2005
2038
2111
2171
2217
2219
2210
2159
2101
2088
2123
2139
2120
2083
2035
2008
2021
2070
2138
2200
2167
2105
2028
1961
1961
2018
2087
2172
2237
2289
2291
2219
2131
2013
1981
1961
1998
2109
2180
2243
2289
2169
2117
2084
2056
1964
1876
1888
1976
2106
2181
2225
2263
2318
2273
2165
2013
1871
1798
1761
1805
1937
2097
2278
2421
2502
2473
2341
2276
2188
2065
1933
1813
1748
1771
1822
1937
2143
2349
2433
2381
2275
2147
2024
1906
1842
1884
1972
1994
1958
1975
2094
2230
2243
2175
2059
1944
1893
1913
1938
1987
2048
2096
2174
2236
2267
2235
2100
1978
1924
1919
1913
1899
1908
1970
2192
2457
2604
2496
2279
2071
1995
2002
1918
1850
1787
1841
1979
2194
2377
2492
2468
2370
2196
2070
2010
1975
1937
1891
1857
1898
1968
2080
2146
2134
2148
2226
2254
2224
2146
2122
2139
2187
2169
2087
2041
2092
2117
2116
2098
2089
2057
2028
2062
2104
2130
2176
2177
2175
2456
2446
2446
2451
2403
2231
1920
1681
1680
1902
2120
2202
2206
2205
2239
2247
2116
1896
1777
1804
1939
2030
2053
2115
2170
2190
2051
1889
1817
1895
2070
2168
2121
2100
2192
2341
2354
2304
2221
2222
2268
2201
2054
1909
1793
1708
1669
1772
1994
2282
2440
2449
2414
2233
1958
1660
1468
1490
1707
1960
2153
2268
2324
2324
2249
2148
2055
2056
2066
2086
2036
2034
2044
2071
2116
2183
2306
2365
2249
2020
1848
1810
1835
1976
2255
2547
2733
2673
2443
2232
2051
1901
1727
1635
1724
1937
2118
2189
2237
2368
2486
2494
2375
2204
2073
1945
1804
1751
1855
2098
2307
2353
2295
2176
2012
1838
1808
1982
2270
2487
2468
2386
2242
2024
1818
1730
1843
2049
2342
2147
1912
1702
1591
1631
1790
2045
2298
2500
2611
2555
2355
2080
1754
1566
1514
1653
1925
2274
2565
2708
2651
2389
1993
1628
1368
1284
1435
1797
2203
2606
2852
2844
2632
2261
1852
1478
1288
1372
1705
2140
2554
2864
2926
2762
2374
1907
1525
1346
1361
1638
2029
2422
2725
2793
2605
2266
1902
1609
1501
1591
1871
2219
2546
2691
2667
2475
2129
1802
1554
1464
1548
1785
2088
2422
2685
2766
2711
2530
2223
1846
1552
1357
1328
1480
1756
2099
2474
2713
2772
2684
2385
1973
1595
1389
1394
1632
2006
2403
2646
2701
2568
2294
2049
1873
1841
1964
2188
2424
2582
2568
2370
2030
1714
1504
1533
1708
2021
2296
2499
2536
2402
2198
1998
1860
1832
1904
1675
1691
1800
2030
2221
2322
2364
2425
2493
2505
2488
2387
2241
1951
1575
1299
1286
1512
1879
2320
2766
2994
2906
2528
2108
1855
1722
1611
1608
1783
1979
2094
2072
1983
1992
2196
2424
2590
2604
2378
1983
1656
1478
1445
1573
1852
2266
2560
2580
2300
1998
1853
1837
1920
2068
2161
2176
2016
1819
1736
1808
1943
2180
2437
2684
2632
2235
1691
1298
1191
1302
1651
2243
2921
3257
3075
2582
2122
1769
1582
1503
1651
2016
2416
2528
2464
2290
2124
1978
1910
1918
2025
2069
2032
1952
1959
2097
2256
2426
2616
2734
2671
2354
1933
1646
1518
1561
1792
2174
2586
2791
2804
2701
2441
2102
1825
1741
1752
1792
1890
2028
2122
2076
1957
1916
2085
2413
2627
2869
3141
3030
2603
2011
1458
1119
1104
1432
2001
2572
2901
2910
2570
1999
1436
1145
1234
1663
2341
3040
3469
3452
2965
2114
1156
389
168
531
1439
2560
3548
4095
4076
3401
2249
1018
67
0
132
1114
2389
3612
4095
4095
3622
2429
1108
89
1
89
1015
2314
3523
4095
4095
3794
2690
1361
272
2
1
585
1690
2857
3856
4095
4095
3530
2489
1348
506
146
344
969
1887
2813
3560
3937
3818
3292
2511
1622
915
578
663
1101
1795
2541
3168
3490
3428
3026
2324
1575
1008
778
970
1464
2172
2792
3259
3457
3304
2807
2098
1379
892
750
1001
1485
2046
2537
2834
2947
2787
2418
1997
1642
1515
1650
1957
2260
2464
2533
2450
2288
2085
3681
2967
2108
1243
584
160
35
289
808
1542
2364
3208
3878
4095
4095
4037
3464
2700
1838
1068
421
5
1
66
539
1234
2038
2812
3437
3779
3842
3670
3282
2769
2144
1525
1035
740
649
746
1031
1431
1909
2332
2632
2773
2752
2530
2172
1753
1387
1151
1159
1367
1770
2303
2837
3279
3570
3604
3347
2813
2062
1247
512
1
1
3
344
1182
2249
3352
4095
4095
4095
4095
4095
3617
2304
881
2
1
1
3
2
443
2012
3582
4095
4095
4095
4095
4095
3601
2008
437
1
1
2
1
508
2039
3614
4095
4095
4095
4095
3870
2345
674
3
1
1
0
146
1805
3737
4095
4095
4095
4095
4095
3032
649
0
1
0
0
2553
1906
1283
735
312
1
3
1
31
367
889
1503
2124
2728
3222
3550
3702
3659
3450
3136
2753
2366
2001
1737
1580
1537
1575
1703
1853
2038
2296
2534
2777
2964
3084
3140
3106
2944
2675
2298
1797
1310
823
401
81
0
3
142
487
952
1526
2134
2721
3268
3708
4029
4095
4095
4095
3907
3625
3261
2857
2432
2040
1735
1528
1333
1219
1179
1219
1280
1350
1465
1553
1625
1667
1688
1657
1535
1410
1259
1102
985
947
1041
1241
1591
2031
2571
3137
3692
4095
4095
4095
4095
4095
4095
4095
3772
3073
2317
1481
668
0
0
0
0
1
0
1
0
19
897
1971
3038
3991
4095
4095
4095
4095
4095
4095
4095
4095
3570
2537
1454
