2094
2076
2095
2080
2091
2102
2091
2098
2121
2112
2095
2076
2084
2083
2077
2072
2082
2086
2081
2093
2095
2080
2085
2069
2087
2093
2098
2083
2076
2074
2092
2080
2111
2105
2091
2100
2108
2087
2091
2096
2097
2072
2072
2092
2080
2100
2107
2071
2081
2088
2092
2106
2096
2079
2098
2090
2084
2094
2113
2091
2100
2084
2074
2061
2070
2092
2086
2081
2076
2081
2100
1976
1973
1961
2085
2132
2118
2101
2116
2131
2114
2115
2128
2121
2093
2104
2118
2127
2111
2106
2120
2111
2106
2100
2083
2080
2077
2081
2091
2087
2075
2013
2014
2007
2100
2099
2106
2148
2123
2120
2114
2119
2111
2108
2098
2117
2064
2074
2055
2072
2095
2101
2094
2098
2093
2088
2121
2118
2090
2085
2076
2100
2105
2096
2104
2104
2095
2102
2093
2113
2120
2106
2113
2118
2116
2113
2133
2135
2114
2107
2108
2097
2098
2107
2109
2105
2112
2107
2099
2114
2118
2104
2088
2087
2086
2077
2064
2084
2072
2071
2064
2086
2091
2087
2054
2054
2065
2058
2037
2059
2067
2051
2049
2076
2060
2045
2037
2053
2062
2063
2039
2038
2057
2034
2044
2051
2055
2061
2066
2065
2089
2078
2075
2087
2088
2092
2075
2086
2093
2097
2099
2096
2096
2109
2122
2087
2103
2073
2103
2105
2127
2109
2114
2113
2106
2120
2123
2142
2108
2102
2083
2102
2085
2063
2070
2069
2078
2063
2056
2069
2067
2051
2069
2057
2045
2051
2066
2049
2056
2052
2071
2036
2046
2059
2058
2055
2050
2050
2032
2015
2014
2021
2008
2004
2012
2008
1998
1986
1985
2012
2008
2018
2011
2045
2080
2097
2106
2116
2160
2181
2184
2146
2063
2076
2148
2216
2211
2222
2236
2207
2193
2159
2154
2150
2112
2098
2092
2084
2092
2089
2117
2108
2119
2089
2093
2104
2099
2106
2108
2078
2089
2081
2092
2109
2107
2080
2072
2089
2079
2094
2102
2077
2077
2108
2090
2090
2118
2102
2083
2096
2095
2094
2080
2108
2101
2105
2114
2111
2111
2086
2069
2081
2070
2083
2103
2109
2104
2109
2135
2134
2114
2112
2118
2109
2090
2081
2072
2042
2069
2040
2070
2053
2029
2024
1986
1933
1923
1908
1888
1844
1844
1860
1836
1825
1819
1843
1849
1829
1895
1931
1948
1977
2009
2065
2214
2251
2301
2368
2369
2355
2315
2272
2218
2148
2077
1994
1914
1877
1835
1823
1816
1843
1876
1905
1967
2023
2088
2140
2213
2268
2317
2335
2340
2338
2319
2284
2211
2169
2108
2041
1956
1905
1903
1852
1879
1889
1917
1983
2068
2138
2185
2257
2289
2319
2334
2288
2260
2219
2126
2076
1994
1937
1874
1840
1856
1859
1886
1944
1983
2047
2114
2195
2250
2317
2338
2323
2330
2295
2271
2199
2126
2074
2026
1952
1882
1828
1811
1827
1852
1881
1952
2028
2099
2174
2256
2305
2342
2368
2368
2323
2293
2229
2137
2036
1969
1883
1870
1807
1807
1846
1907
1987
2071
2152
2213
2272
2340
2388
2418
2406
2327
2245
2183
2094
1999
1897
1875
1848
1841
1849
1873
1938
1857
1824
1863
1948
2035
2104
2147
2156
2138
2098
2103
2112
2151
2198
2272
2318
2381
2399
2374
2336
2255
2212
2163
2096
2054
2032
2075
2090
2125
2122
2063
2002
1923
1904
1925
1974
2027
2092
2117
2152
2200
2229
2197
2159
2081
2010
1973
1975
2026
2149
2241
2298
2321
2316
2265
2203
2163
2108
2065
2004
1960
1982
2040
2144
2201
2205
2160
2088
2023
1966
1972
1995
1960
1940
1912
1933
1977
2010
2050
2035
2042
2054
2095
2170
2199
2256
2256
2222
2186
2169
2157
2106
2075
2044
2030
2050
2058
2049
2044
2008
2023
1984
1957
1929
1965
1954
1984
2059
2123
2128
2123
2137
2153
2180
2231
2245
2184
2164
2172
2181
2213
2194
2165
2097
2015
1969
2016
2043
2255
2296
2295
2276
2248
2197
2145
2100
2087
2079
2075
2066
2044
2079
2072
2054
2082
2067
2041
2064
2084
2086
2090
2083
2101
2090
2082
2052
2041
2045
2051
2072
2077
2115
2125
2191
2197
2189
2185
2193
2149
2074
2044
2042
2031
2016
2017
2017
2041
2053
2073
2115
2140
2197
2221
2239
2252
2225
2198
2174
2144
2107
2093
2080
2086
2087
2081
2063
2050
2024
1999
1995
2006
1996
2005
2050
2065
2106
2128
2161
2192
2210
2193
2161
2149
2100
2062
2042
2032
2014
1982
1953
1971
1943
1936
1976
2026
2079
2113
2200
2284
2323
2337
2332
2293
2207
2134
2032
1940
1859
1826
1809
1830
1889
1920
1985
2061
2128
2179
2192
2221
2240
2229
2180
2171
2120
2075
2040
2005
2021
2082
2145
2176
2146
2106
2058
2074
2118
2197
2267
2331
2376
2369
2329
2307
2296
2253
2142
1983
1877
1829
1856
1946
2060
2155
2194
2206
2175
2179
2158
2156
2120
2120
2111
2120
2124
2151
2173
2181
2153
2115
2073
2058
2068
2135
2178
2248
2315
2348
2333
2271
2213
2106
2011
1944
1855
1820
1813
1884
1935
2084
2190
2269
2293
2275
2232
2196
2199
2219
2226
2210
2182
2141
2096
2027
1891
1737
1609
1548
1540
1636
1787
1884
1974
2102
2169
2244
2285
2236
2170
2131
2161
2276
2414
2455
2401
2259
2063
1899
1786
1722
1664
1638
1707
1841
2092
2340
2501
2518
2390
2188
2026
1941
1943
1982
2013
2058
2134
2232
2341
2364
2294
2110
1898
1742
1696
2321
2277
2219
2173
2129
2075
2004
2006
1949
1895
1830
1736
1686
1687
1746
1834
1948
2076
2177
2254
2311
2333
2332
2271
2202
2181
2126
2062
2040
2050
2037
2031
2016
2030
2078
2135
2169
2184
2160
2135
2115
2117
2094
2041
2041
2020
2026
2006
2004
1995
1992
2014
2023
1999
2016
2037
2096
2143
2196
2275
2301
2345
2352
2310
2253
2158
2084
2014
1953
1943
1909
1920
1951
1942
1990
2024
2081
2115
2130
2125
2138
2109
2092
2022
2009
1993
1984
1990
2012
2023
2092
2160
2215
2280
2325
2338
2310
2300
2292
2236
2181
2119
2061
2004
1948
1961
1962
1944
1972
1994
2059
2099
2113
2113
2074
2010
1967
1952
1959
1960
1999
2084
2142
2189
2244
2226
2205
2161
2257
2312
2316
2331
2378
2454
2525
2613
2618
2516
2300
2080
1913
1790
1716
1689
1682
1665
1634
1636
1653
1676
1733
1819
1943
2120
2346
2568
2698
2735
2668
2515
2360
2197
2064
1969
1926
1941
1970
1953
1969
1938
1859
1792
1726
1679
1730
1825
1977
2169
2286
2412
2511
2512
2449
2344
2214
2060
1956
1975
2045
2073
2044
1967
1867
1799
1839
1907
2005
2051
2050
2085
2101
2134
2140
2086
1995
1922
1958
2064
2209
2304
2324
2201
2050
1944
1930
1953
2000
2029
2086
2181
2296
2360
2345
2226
2067
2014
1995
2060
2165
2264
2262
2224
2120
2051
1940
1873
1856
1882
1929
1999
2109
2199
2240
2280
2241
2089
1953
1924
1998
2112
2184
2135
2006
1853
1814
1927
1738
1852
1997
2175
2320
2434
2494
2493
2442
2352
2227
2125
2019
1906
1828
1785
1766
1751
1744
1798
1874
1988
2099
2216
2344
2411
2447
2452
2363
2259
2092
1929
1797
1690
1630
1639
1693
1828
1972
2136
2294
2416
2487
2513
2505
2414
2303
2160
2022
1878
1766
1679
1652
1678
1743
1868
2019
2208
2406
2551
2684
2722
2706
2626
2469
2266
2030
1837
1651
1562
1521
1604
1698
1873
2089
2283
2456
2590
2650
2623
2521
2373
2197
2014
1830
1680
1579
1536
1574
1678
1805
1977
2175
2335
2491
2587
2651
2596
2517
2356
2163
1994
1753
1584
1449
1443
1515
1649
1846
2076
2351
2539
2687
2740
2708
2617
2445
2235
2005
1755
1571
1486
1502
1605
1822
2045
2329
2592
2038
2200
2363
2423
2424
2363
2294
2301
2349
2435
2521
2504
2438
2230
1997
1781
1658
1657
1721
1779
1847
1892
1944
2032
2192
2350
2427
2366
2143
1883
1588
1376
1307
1301
1349
1444
1584
1794
2090
2473
2855
3156
3255
3140
2832
2476
2161
1939
1803
1708
1626
1578
1604
1676
1802
1904
1930
1829
1648
1481
1403
1516
1783
2154
2566
2887
3138
3265
3253
3136
2892
2545
2169
1807
1552
1466
1547
1781
2028
2225
2335
2298
2162
2004
1845
1720
1630
1563
1569
1652
1904
2249
2618
2914
3065
3004
2761
2427
2189
1997
1873
1746
1653
1555
1507
1633
1856
2104
2224
2166
1948
1725
1615
1671
1836
1990
2131
2209
2344
2556
2781
3006
3055
2848
2484
2030
1662
1439
1561
1799
2144
2467
2852
3194
3478
3725
3858
3781
3556
3166
2645
2038
1428
878
453
163
95
206
470
873
1343
1828
2331
2779
3183
3469
3604
3626
3512
3272
2936
2556
2200
1851
1535
1327
1238
1246
1308
1448
1603
1776
1894
2014
2108
2163
2192
2155
2149
2149
2147
2164
2207
2259
2359
2432
2507
2535
2537
2515
2437
2266
2068
1823
1549
1251
1012
874
912
1033
1326
1755
2253
2711
3130
3426
3579
3578
3391
3076
2665
2220
1752
1314
975
736
610
663
882
1239
1674
2180
2688
3130
3452
3667
3718
3593
3306
2900
2366
1782
1208
701
357
236
298
628
1139
1774
2465
3056
3553
3872
3970
3841
3512
2996
2367
1729
1101
634
343
315
493
907
2119
1796
1550
1407
1377
1451
1634
1854
2119
2366
2624
2894
3088
3180
3136
2948
2623
2168
1710
1260
954
776
756
855
1081
1381
1768
2189
2593
2972
3187
3262
3179
2982
2696
2407
2213
2141
2147
2225
2260
2235
2075
1848
1532
1256
1015
844
781
831
1000
1317
1751
2361
2976
3538
3976
4095
4058
3708
3124
2383
1607
953
469
261
286
553
990
1479
2008
2491
2883
3157
3289
3286
3165
2925
2636
2333
2065
1906
1864
1900
1970
2036
2064
2025
2015
1990
1932
1859
1779
1727
1694
1745
1849
2015
2175
2367
2512
2638
2692
2666
2632
2562
2476
2374
2287
2133
1970
1861
1782
1810
1879
1986
2095
2228
2276
2250
2177
2047
1906
1727
1576
1489
1467
1520
2039
2633
3290
3908
4095
4095
4095
4095
4095
4095
4072
3344
2508
1586
701
0
2
0
3
0
1
2
213
1091
2046
2940
3749
4095
4095
4095
4095
4095
4095
3765
2939
2069
1185
370
2
1
1
1
1
1
1
233
920
1680
2397
2999
3539
3938
4095
4095
4095
3990
3675
3281
2831
2441
2100
1843
1667
1613
1663
1768
1903
2044
2135
2182
2165
2092
1955
1755
1541
1259
1044
851
793
886
1093
1455
1926
2447
2982
3487
3844
4044
4091
3894
3540
2985
2365
1676
964
309
1
1
0
2
1
64
766
1640
2527
3407
4095
4095
4095
4095
4095
4095
4095
3365
2421
1420
493
1
1
1
1
0
0
146
1026
1998
2953
3778
176
0
0
0
2
0
1
0
3
363
881
1448
2055
2721
3352
3958
4095
4095
4095
4095
4095
4095
4095
4095
3582
2898
2163
1436
769
139
1
1
1
2
2
0
0
392
1016
1681
2326
2961
3446
3836
4095
4095
4095
4095
4095
4095
4095
4095
3812
3426
2984
2470
1920
1307
702
64
1
1
0
0
0
0
1
0
0
707
1775
2844
3914
4095
4095
4095
4095
4095
4095
4095
4095
4095
4095
3174
1822
431
1
0
0
1
0
0
1
2
1
1
38
1096
2341
3473
4095
4095
4095
4095
4095
4095
4095
4095
4095
4095
4095
3721
2965
2194
1470
743
110
1
0
1
1
0
0
1
1
0
1
56
