2095
2106
2101
2093
2090
2098
2098
2102
2100
2098
2097
2091
2096
2098
2104
2102
2110
2102
2087
2093
2116
2102
2094
2102
2107
2100
2113
2110
2122
2112
2116
2112
2115
2115
2120
2107
2101
2111
2112
2114
2101
2112
2107
2112
2118
2128
2114
2112
2127
2108
2124
2112
2115
2114
2112
2123
2120
2122
2123
2123
2116
2118
2104
2130
2114
2127
2114
2115
2128
2120
2124
2121
2126
2125
2114
2123
2113
2104
2106
2123
2122
2114
2113
2104
2114
2106
2107
2112
2127
2126
2116
2106
2105
2109
2112
2104
2116
2105
2104
2104
2105
2103
2117
2100
2109
2111
2105
2111
2100
2104
2092
2096
2094
2104
2094
2099
2093
2099
2093
2092
2092
2085
2088
2093
2097
2083
2081
2088
2088
2090
2083
2093
2089
2084
2090
2073
2078
2064
2070
2075
2069
2072
2073
2071
2073
2061
2064
2067
2058
2071
2061
2067
2074
2081
2074
2070
2076
2087
2088
2082
2084
2078
2068
2091
2083
2076
2078
2084
2077
2084
2088
2091
2086
2080
2082
2079
2081
2080
2076
2072
2080
2080
2068
2051
2054
2052
2052
2052
2045
2048
2038
2033
2048
2050
2033
2041
2040
2039
2044
2054
2051
2051
2050
2049
2056
2051
2068
2066
2063
2057
2072
2080
2072
2083
2090
2097
2093
2102
2107
2110
2110
2111
2105
2116
2113
2117
2112
2113
2109
2104
2115
2111
2107
2108
2109
2105
2105
2100
2109
2100
2106
2118
2107
2101
2102
2111
2106
2110
2112
2118
2118
2111
2109
2119
2118
2131
2207
2180
2141
2118
2088
2065
2031
2015
1994
1983
1972
1980
1992
2018
2031
2056
2078
2096
2123
2133
2132
2136
2144
2127
2120
2110
2090
2058
2037
2019
1990
1970
1958
1959
1959
1961
1981
1983
2004
2020
2036
2061
2082
2084
2096
2107
2108
2110
2121
2110
2106
2095
2089
2088
2080
2074
2085
2080
2090
2108
2127
2142
2142
2163
2181
2190
2209
2230
2233
2236
2243
2235
2224
2226
2213
2194
2177
2171
2156
2141
2138
2125
2122
2126
2127
2132
2130
2147
2159
2159
2159
2164
2143
2148
2143
2137
2120
2102
2077
2046
2024
2018
2019
1997
1992
1976
1976
1977
1973
1987
1982
1994
1998
2004
2008
2002
2003
1998
1991
2001
1991
1999
1995
1974
1988
1974
1975
1973
2360
2393
2403
2382
2358
2330
2279
2219
2172
2103
2044
1998
1958
1936
1930
1936
1935
1960
1968
1992
2034
2050
2065
2086
2110
2122
2118
2104
2102
2096
2084
2085
2085
2081
2091
2104
2108
2129
2160
2177
2197
2215
2222
2226
2209
2193
2168
2140
2102
2087
2058
2031
2012
1996
2008
2008
2034
2053
2082
2101
2120
2144
2154
2161
2152
2134
2110
2070
2037
2021
1982
1964
1955
1960
1978
1999
2041
2070
2120
2152
2195
2222
2230
2217
2210
2182
2162
2129
2093
2048
2012
1980
1957
1934
1949
1970
1984
2008
2048
2087
2120
2160
2189
2208
2226
2239
2232
2220
2219
2193
2173
2144
2122
2071
2054
2028
2000
1958
1923
1904
1884
1861
1850
1858
1880
1905
1941
1988
1916
1932
1973
2054
2136
2209
2264
2277
2256
2206
2158
2129
2121
2108
2132
2163
2154
2100
2010
1893
1757
1646
1594
1640
1763
1950
2158
2342
2476
2540
2534
2488
2424
2360
2301
2261
2202
2167
2147
2085
2025
1985
1931
1869
1833
1819
1822
1848
1884
1909
1935
1946
1977
2010
2083
2192
2310
2410
2466
2435
2358
2244
2121
2013
1954
1942
1935
1920
1928
1920
1970
2038
2158
2278
2398
2460
2483
2447
2392
2305
2204
2086
1967
1852
1776
1747
1798
1866
1944
1988
1970
1921
1888
1883
1898
1966
2034
2082
2150
2230
2304
2400
2455
2429
2371
2253
2138
2059
2026
2042
2091
2128
2170
2214
2264
2313
2314
2272
2150
1989
1836
1764
1747
1800
1896
1993
2094
2167
2187
2041
1876
1729
1637
1592
1620
1691
1796
1939
2072
2199
2304
2336
2333
2276
2189
2068
1991
1916
1913
1939
1999
2065
2131
2184
2208
2224
2237
2248
2260
2260
2263
2236
2205
2154
2106
2046
1969
1910
1882
1869
1896
1954
2040
2129
2221
2315
2387
2400
2393
2364
2295
2197
2100
2008
1912
1865
1832
1835
1878
1945
2033
2124
2215
2282
2323
2333
2321
2263
2194
2105
2033
1958
1898
1861
1865
1916
1984
2065
2152
2247
2314
2358
2347
2324
2259
2172
2069
1959
1868
1803
1790
1782
1814
1895
2004
2116
2228
2346
2428
2477
2490
2446
2363
2257
2133
1996
1876
1780
1728
1709
1734
1804
1909
2029
2139
2240
2323
2381
2400
2396
2364
2298
2210
2139
2037
1962
1733
1726
1792
1891
1948
2021
2052
2099
2133
2139
2102
2036
2007
2058
2149
2271
2348
2324
2234
2122
2016
1912
1838
1778
1746
1765
1860
1953
2023
2024
1949
1878
1841
1869
1939
1986
1984
1984
1985
2047
2150
2241
2305
2330
2344
2375
2408
2409
2338
2233
2135
2055
2029
2012
2018
2016
1996
1974
1965
1980
2055
2154
2289
2426
2557
2646
2672
2619
2474
2294
2124
1953
1870
1791
1751
1770
1854
1962
2089
2177
2164
2120
2081
2136
2203
2297
2313
2253
2190
2120
2067
2023
1907
1800
1730
1785
1951
2161
2295
2337
2293
2220
2155
2100
2064
2055
2064
2064
2062
2093
2102
2083
2009
1892
1743
1676
1795
2023
2220
2337
2331
2283
2265
2265
2188
2008
1778
1675
2384
2340
2304
2268
2222
2162
2108
2055
2011
1977
1951
1953
1959
1957
1945
1967
1961
1961
1991
2041
2099
2192
2280
2376
2448
2493
2504
2472
2369
2255
2130
1979
1858
1762
1703
1698
1727
1788
1910
2011
2121
2230
2327
2385
2421
2410
2360
2292
2198
2096
1988
1878
1805
1774
1805
1843
1920
2016
2134
2250
2338
2408
2430
2419
2360
2274
2181
2093
2024
1983
1971
1995
2030
2082
2138
2204
2232
2244
2246
2226
2164
2091
2023
1964
1932
1924
1947
1996
2038
2035
2064
2064
2031
1991
1987
1983
2006
2052
2117
2191
2256
2323
2337
2317
2284
2206
2112
1983
1884
1786
1713
1679
1682
1750
1877
2050
2242
2411
2556
2643
2636
2574
2419
2232
2030
1851
1712
1649
2946
2843
2503
2116
1753
1455
1246
1139
1174
1341
1645
1974
2200
2278
2233
2220
2332
2520
2726
2848
2842
2730
2564
2328
2040
1704
1410
1210
1183
1299
1507
1675
1794
1862
1968
2146
2384
2625
2771
2830
2809
2693
2475
2173
1832
1529
1379
1359
1440
1592
1786
1948
2112
2244
2357
2424
2465
2458
2488
2495
2471
2431
2323
2131
1905
1724
1634
1646
1727
1798
1862
1971
2173
2386
2502
2528
2516
2547
2599
2571
2437
2208
1987
1808
1656
1525
1432
1452
1596
1813
1932
1907
1809
1802
1873
1921
1935
1996
2183
2452
2656
2702
2592
2480
2429
2386
2224
1942
1717
1707
1868
2038
2092
2044
2049
2161
2289
2285
2131
1972
1972
2144
2350
2435
2383
2309
2318
2359
1640
2005
2402
2774
3071
3215
3201
3015
2709
2312
1899
1544
1311
1260
1386
1652
2014
2397
2747
2978
3070
2994
2747
2388
1969
1564
1247
1059
1046
1189
1477
1845
2234
2582
2844
2977
2949
2782
2483
2142
1785
1504
1336
1306
1395
1602
1862
2138
2384
2533
2593
2568
2428
2242
2045
1829
1686
1643
1709
1837
2038
2269
2480
2616
2661
2644
2512
2319
2099
1858
1666
1533
1485
1535
1680
1898
2152
2413
2641
2792
2874
2847
2733
2521
2268
1977
1696
1452
1280
1216
1263
1415
1649
1934
2233
2504
2693
2791
2774
2645
2434
2200
1963
1777
1662
1632
1698
1823
1970
2106
2217
2254
2252
2194
2080
1976
1865
1804
1799
1853
1972
2130
2283
2421
2499
2532
2507
2443
1574
1439
1546
1793
2022
2140
2214
2322
2526
2697
2706
2431
1971
1470
1104
948
950
1064
1240
1494
1875
2310
2731
3006
3116
3085
2968
2800
2583
2250
1853
1428
1110
984
1053
1228
1385
1459
1449
1424
1479
1588
1746
1851
1924
2019
2238
2582
3002
3336
3454
3363
3098
2854
2624
2454
2260
2000
1725
1493
1331
1295
1386
1560
1752
1900
1982
1992
1966
1978
2060
2193
2354
2488
2623
2760
2946
3161
3311
3305
3130
2837
2496
2223
2036
1889
1732
1607
1548
1544
1630
1783
1932
2009
2013
1935
1823
1738
1709
1768
1864
1980
2100
2237
2430
2734
3082
3333
3398
3254
2953
2610
2352
2145
1935
1689
1355
1059
885
906
1066
1301
1553
1766
1993
2238
2489
2722
1199
1481
1856
2264
2636
2915
3058
3060
2920
2689
2403
2088
1820
1634
1525
1511
1594
1732
1904
2090
2272
2415
2507
2520
2495
2371
2211
2037
1880
1756
1700
1717
1784
1918
2027
2141
2220
2274
2279
2266
2208
2142
2098
2071
2109
2196
2319
2460
2586
2660
2628
2514
2328
2047
1754
1502
1282
1176
1189
1328
1583
1950
2355
2778
3132
3385
3484
3399
3127
2685
2141
1528
974
570
408
511
846
1375
1971
2542
3012
3317
3419
3307
2963
2501
1924
1359
851
482
366
529
955
1557
2262
2952
3508
3869
3963
3745
3298
2675
1948
1245
704
403
395
688
1238
1912
2605
3171
3543
3652
3488
3074
2503
1840
1202
697
413
427
728
1290
1973
2690
3293
3694
1201
775
469
271
199
292
599
1101
1724
2335
2816
3076
3183
3208
3223
3214
3190
3136
2994
2848
2679
2570
2506
2496
2438
2317
2134
1878
1594
1311
1060
921
877
966
1140
1382
1679
2015
2444
2961
3486
3902
4095
4046
3696
3168
2593
2020
1539
1133
806
630
650
893
1349
1900
2465
2891
3147
3223
3148
2926
2594
2211
1810
1409
1058
787
630
637
835
1184
1622
2078
2464
2744
2918
3017
3060
3068
3034
2951
2792
2594
2400
2301
2268
2254
2247
2123
1890
1537
1134
770
495
280
202
242
430
822
1436
2198
3020
3756
4095
4095
4095
4095
4050
3615
3034
2334
1557
833
198
3
2
1
346
882
1470
2092
2726
3313
3763
3966
3860
3547
1772
1548
1360
1261
1212
1220
1275
1367
1510
1688
1937
2203
2498
2770
2965
3064
3052
2922
2709
2434
2119
1801
1534
1304
1148
1086
1126
1250
1483
1746
2059
2344
2576
2721
2754
2710
2588
2447
2287
2138
1995
1886
1788
1751
1783
1872
2032
2232
2440
2614
2749
2769
2706
2537
2284
1984
1656
1370
1151
1024
996
1123
1374
1736
2178
2650
3088
3426
3652
3714
3600
3295
2868
2366
1809
1306
884
592
482
551
797
1194
1671
2206
2709
3128
3412
3501
3382
3081
2589
1990
1375
825
466
320
441
793
1333
1978
2634
3230
3725
4052
4095
4072
3757
3243
2539
1749
953
238
4
2
2
2
527
1308
2133
2928
3609
4092
4095
4095
4095
3641
2941
2092
1140
1868
2512
3084
3549
3939
4095
4095
4095
4095
4095
4095
4095
3992
3777
3607
3493
3430
3413
3387
3360
3295
3201
3078
2886
2606
2236
1811
1303
802
314
1
1
3
1
4
2
1
3
2
40
513
996
1500
1957
2368
2746
3100
3388
3661
3905
4095
4095
4095
4095
4095
4095
3913
3660
3411
3156
2885
2650
2392
2132
1870
1601
1331
1038
748
486
272
120
8
4
2
3
3
4
5
80
178
337
514
746
1033
1375
1779
2264
2791
3338
3899
4095
4095
4095
4095
4095
4095
4095
4095
4095
4095
4095
4095
4095
3703
2793
1867
963
117
0
1
3
2
2
2
2
3
3
4
4
1
559
1500
2405
3259
3984
4095
