2122
2097
2083
2097
2089
2082
2057
2081
2090
2080
2078
2077
2073
2077
2087
2070
2077
2094
2096
2091
2105
2100
2091
2103
2093
2103
2103
2092
2086
2100
2099
2085
2091
2082
2094
2080
2092
2103
2101
2101
2085
2081
2079
2076
2121
2096
2092
2086
2100
2080
2068
2066
2108
2079
2089
2090
2086
2096
2093
2100
2099
2091
2080
2061
2085
2095
2088
2096
2094
2067
2072
2069
2087
2100
2076
2108
2086
2084
2085
2087
2070
2073
2079
2099
2105
2104
2106
2100
2087
2103
2093
2080
2096
2105
2107
2090
2104
2120
2119
2133
2108
2093
2097
2085
2105
2122
2116
2095
2114
2108
2086
2098
2115
2102
2090
2087
2077
2092
2103
2108
2089
2088
2078
2101
2094
2094
2077
2090
2112
2100
2124
2092
2065
2097
2088
2082
2097
2099
2100
2083
2071
2091
2091
2097
2101
2094
2090
2086
2083
2090
2104
2115
2110
2109
2103
2111
2116
2109
2069
2085
2102
2086
2103
2105
2099
2103
2124
2089
2106
2118
2125
2106
2088
2096
2101
2089
2089
2101
2094
2112
2097
2103
2094
2104
2094
2102
2109
2103
2102
2089
2089
2105
2105
2104
2094
2108
2095
2094
2099
2099
2082
2102
2089
2099
2082
2076
2094
2079
2095
2090
2087
2103
2090
2102
2081
2080
2092
2105
2109
2086
2086
2069
2096
2094
2093
2096
2096
2088
2104
2104
2099
2106
2102
2104
2095
2093
2102
2103
2085
2103
2074
2082
2075
2101
2085
2062
2074
2097
2108
2102
2087
2062
2083
2086
2089
2082
2039
2049
2064
2074
2076
2059
2088
2067
2086
2080
2067
2024
2061
2078
2071
2078
2089
2088
2089
2115
2114
2116
2111
2117
2147
2154
2144
2160
2184
2203
2176
2193
2207
2206
2201
2197
2191
2185
2171
2160
2152
2138
2124
2111
2109
2097
2087
2066
2090
2096
2105
2083
2064
2061
2074
2054
2053
2054
2044
2048
2044
2028
2019
2033
2017
2013
2028
2015
2032
2018
2022
2006
2008
2018
2027
2035
2045
2068
2066
2059
2064
2066
2056
2057
2079
2066
2042
2047
2053
2034
2023
2036
2049
2049
2045
2072
2077
2080
2079
2075
2099
2108
2078
2080
2092
2071
2064
2077
2081
2040
2048
2055
2092
2082
2103
2093
2077
2086
2079
2066
2055
2055
2047
2040
2041
2054
2065
2093
1981
1977
2008
2028
2057
2059
2086
2094
2111
2108
2115
2121
2098
2109
2122
2115
2110
2129
2130
2136
2130
2146
2138
2156
2157
2150
2144
2178
2167
2161
2141
2120
2122
2088
2044
2027
2019
2019
2010
2002
2015
2027
2014
2039
2054
2064
2100
2091
2076
2116
2149
2142
2154
2162
2161
2144
2147
2158
2143
2162
2140
2132
2129
2122
2133
2124
2127
2070
2092
2049
2040
2044
2050
2053
2044
2042
2061
2075
2075
2115
2105
2124
2102
2120
2159
2154
2155
2184
2180
2172
2147
2157
2130
2121
2122
2097
2098
2073
2071
2067
2066
2015
1977
1963
1937
1910
1933
1933
1944
1985
2027
2040
2051
2078
2104
2107
2108
2103
2107
2128
2165
2172
2182
2215
2206
2230
2214
2199
2083
2052
2073
2066
2092
2124
2162
2221
2258
2294
2271
2251
2241
2161
2105
2018
1975
1945
1925
1937
1952
1989
2037
2094
2145
2189
2235
2227
2232
2219
2199
2120
2038
2005
1958
1929
1925
1933
1950
1973
2007
2057
2109
2125
2136
2148
2156
2154
2143
2130
2131
2131
2105
2096
2095
2090
2118
2128
2123
2138
2148
2178
2193
2187
2200
2203
2222
2187
2171
2136
2123
2092
2088
2083
2112
2114
2138
2167
2190
2149
2127
2120
2087
2020
1966
1908
1906
1877
1856
1858
1906
1957
2063
2156
2219
2264
2299
2331
2319
2268
2230
2201
2123
2012
1940
1896
1903
1932
1972
2039
2097
2126
2160
2194
2181
2185
2152
2123
2081
2076
2032
1998
1951
1892
1878
1841
1844
1892
2038
2060
2110
2176
2224
2274
2337
2371
2360
2347
2328
2252
2145
2061
1975
1932
1882
1835
1833
1881
1942
2032
2066
2147
2214
2270
2304
2264
2243
2245
2218
2166
2075
2019
1962
1937
1922
1895
1888
1953
2056
2155
2231
2267
2277
2281
2293
2261
2212
2137
2079
2038
2004
1999
1948
1947
1957
1959
1994
2044
2093
2135
2163
2214
2239
2272
2280
2255
2216
2183
2129
2050
1990
1920
1877
1860
1861
1889
1907
1925
1960
2018
2114
2187
2284
2328
2360
2354
2327
2314
2244
2168
2109
2040
1942
1886
1882
1928
1950
1971
1976
2021
2101
2191
2287
2331
2331
2315
2261
2186
2124
2073
2056
2008
2001
2014
1988
1952
1948
1937
1948
2008
2096
2201
2227
2238
2219
2165
2021
1997
2030
2038
2041
2037
2059
2080
2068
2059
2055
2049
2049
2065
2048
2041
2079
2080
2117
2151
2196
2242
2282
2278
2299
2282
2255
2210
2167
2133
2075
2031
2057
2052
2065
2092
2128
2170
2188
2191
2210
2184
2167
2141
2127
2090
2070
2030
1966
1917
1888
1874
1895
1919
1972
2007
2044
2086
2097
2098
2076
2048
2056
2050
2067
2099
2112
2131
2161
2186
2211
2217
2208
2156
2132
2113
2102
2096
2120
2097
2101
2070
2109
2140
2173
2190
2215
2213
2171
2132
2138
2086
2103
2126
2103
2115
2114
2092
2076
2107
2098
2140
2150
2161
2174
2146
2124
2058
2038
2023
2030
2051
2098
2128
2174
2182
2228
2189
2166
2104
2032
1983
1942
1899
1891
1888
1892
1923
2190
2166
2094
2075
1997
1911
1814
1787
1762
1802
1876
1926
1967
2057
2157
2323
2423
2485
2446
2366
2281
2185
2094
1976
1865
1752
1720
1757
1849
2009
2112
2174
2249
2373
2461
2467
2412
2297
2153
2034
1947
1847
1802
1811
1920
2056
2184
2250
2341
2380
2328
2240
2140
2018
1988
1989
1993
2010
2033
2061
2075
2065
2121
2229
2315
2325
2298
2187
2057
1919
1844
1786
1782
1817
1862
1948
2031
2158
2269
2360
2387
2372
2291
2192
2097
1988
1848
1749
1682
1751
1880
2024
2153
2287
2331
2391
2435
2399
2295
2139
1961
1819
1711
1662
1680
1760
1856
1989
2127
2270
2406
2480
2449
2352
2190
2058
1910
1809
1756
1752
1807
1905
2071
2253
2374
2495
2554
2555
2507
2535
2468
2345
2163
2016
1842
1656
1504
1438
1500
1695
2003
2280
2508
2587
2577
2509
2456
2364
2254
2139
2057
1973
1915
1848
1748
1664
1632
1740
1937
2158
2367
2519
2560
2491
2384
2243
2124
1999
1934
1880
1878
1849
1808
1736
1671
1727
1923
2226
2494
2674
2717
2593
2389
2176
1976
1836
1731
1705
1700
1757
1871
1992
2115
2248
2391
2491
2594
2667
2601
2388
2104
1850
1673
1546
1532
1598
1658
1754
1870
2003
2089
2201
2354
2507
2641
2671
2592
2370
2120
1894
1821
1806
1832
1809
1808
1836
1936
2018
2188
2292
2338
2400
2438
2372
2245
2083
1985
2025
2111
2153
2092
1949
1819
1801
1864
1981
2077
2191
2258
2346
2356
2247
2111
2011
2080
2263
2240
2307
2322
2290
2173
2070
1935
1834
1730
1672
1649
1699
1778
1821
1894
1951
1975
1976
1988
2051
2104
2186
2312
2382
2478
2564
2591
2554
2459
2337
2153
1967
1836
1754
1720
1798
1896
2063
2166
2278
2309
2289
2182
2006
1852
1721
1637
1615
1713
1829
1948
2059
2165
2208
2199
2144
2075
1995
1930
1951
2006
2111
2250
2409
2525
2571
2556
2439
2283
2141
1953
1789
1730
1722
1783
1883
2016
2161
2261
2315
2355
2342
2263
2239
2186
2169
2186
2252
2321
2387
2449
2464
2412
2247
2088
1915
1751
1669
1651
1680
1774
1958
2103
2211
2287
2299
2271
2173
2095
2014
1942
1906
1948
2059
2125
2194
2266
2290
2275
2208
2089
1958
1858
1769
1782
1864
2010
2125
2933
2867
2719
2469
2189
1884
1634
1455
1352
1273
1263
1356
1568
1874
2233
2537
2727
2832
2876
2807
2622
2267
1874
1575
1416
1403
1453
1502
1585
1716
1950
2154
2298
2388
2444
2515
2598
2613
2525
2321
2108
1933
1816
1744
1736
1808
1990
2208
2425
2582
2662
2642
2554
2460
2345
2251
2194
2107
2061
2021
2031
2076
2137
2147
2120
2094
2127
2211
2335
2349
2268
2217
2180
2150
2092
1975
1814
1732
1707
1729
1728
1725
1776
1885
1999
2119
2225
2348
2475
2591
2631
2624
2571
2492
2415
2208
1931
1633
1468
1476
1554
1650
1772
1930
2196
2529
2773
2848
2730
2563
2429
2337
2160
1901
1606
1393
1365
1468
1639
1755
1851
1940
2093
2286
2482
2559
2498
2372
3086
3131
3005
2762
2405
1997
1648
1370
1211
1201
1313
1529
1839
2131
2452
2670
2790
2834
2720
2516
2253
1979
1729
1509
1427
1464
1608
1840
2088
2344
2534
2598
2592
2502
2343
2154
1948
1754
1585
1477
1456
1531
1663
1903
2175
2431
2644
2810
2844
2774
2624
2373
2093
1815
1576
1384
1302
1317
1471
1718
2066
2407
2742
2938
3027
2978
2804
2524
2169
1819
1512
1291
1194
1251
1458
1763
2040
2324
2568
2758
2828
2793
2723
2544
2303
1988
1705
1474
1347
1357
1543
1827
2185
2503
2752
2849
2807
2628
2400
2158
1945
1797
1708
1672
1671
1669
1654
1691
1778
1887
2055
2270
2438
2608
2715
2730
2692
2551
2303
2041
1765
1520
1340
1217
1222
1330
1517
1797
1043
644
368
331
525
912
1436
1932
2310
2612
2863
3135
3301
3319
3149
2882
2567
2306
2076
1840
1571
1340
1241
1299
1496
1777
2010
2178
2266
2357
2443
2503
2497
2405
2228
1962
1679
1416
1258
1297
1513
1827
2117
2413
2671
2895
3092
3203
3198
3078
2890
2612
2276
1889
1527
1270
1175
1290
1530
1832
2085
2236
2315
2383
2414
2358
2256
2024
1765
1515
1346
1247
1148
1025
988
1081
1375
1846
2372
2876
3299
3567
3714
3694
3508
3202
2772
2337
1869
1483
1263
1198
1279
1470
1731
2021
2325
2586
2781
2918
2933
2842
2646
2331
1909
1458
1064
769
560
471
569
798
1175
1677
2218
2716
3078
3266
3318
3207
2994
2701
2356
1995
1617
1320
1128
1033
2827
3461
3950
4095
4095
4095
3829
3337
2740
2077
1415
813
323
9
0
1
3
319
796
1372
2067
2790
3469
4022
4095
4095
4095
4095
4040
3412
2670
1874
1119
457
2
0
1
3
169
619
1198
1772
2319
2856
3352
3737
4010
4095
4095
4095
3992
3660
3198
2606
1932
1213
493
1
0
0
0
1
27
709
1600
2561
3412
4095
4095
4095
4095
4095
4086
3478
2782
2097
1539
1104
849
705
718
813
945
1111
1284
1425
1543
1643
1779
1937
2164
2476
2851
3230
3544
3769
3836
3747
3496
3109
2627
2067
1461
851
334
0
0
0
300
843
1477
2111
2698
3179
3471
3593
3486
3225
2808
2259
1732
1314
1116
1103
1272
1589
1993
2386
1497
1090
732
458
272
181
199
373
635
973
1382
1848
2288
2734
3111
3432
3653
3803
3861
3827
3737
3566
3296
3004
2648
2269
1842
1445
1078
689
408
178
41
14
110
298
565
903
1292
1684
2060
2393
2663
2863
2978
3052
3060
3022
2960
2914
2855
2806
2765
2767
2772
2817
2875
2947
3007
3046
3088
3064
3029
2940
2773
2588
2335
2083
1764
1451
1145
821
530
310
137
38
66
177
423
761
1124
1530
1952
2336
2670
2881
3066
3120
3107
3040
2969
2822
2698
2590
2515
2466
2471
2508
2558
2640
2744
2842
2881
2901
2925
2840
2724
2572
2376
2135
1851
1489
1114
747
411
163
18
15
135
350
720
1149
1624
2116
2656
3169
3631
4006
