2091
2106
2114
2095
2112
2108
2106
2102
2103
2088
2104
2098
2095
2108
2110
2114
2114
2108
2118
2107
2103
2104
2104
2101
2091
2085
2093
2101
2078
2066
2085
2093
2085
2086
2087
2095
2090
2088
2098
2093
2083
2090
2091
2097
2097
2083
2091
2101
2096
2097
2108
2106
2107
2102
2107
2105
2109
2116
2120
2118
2118
2124
2119
2126
2116
2106
2131
2145
2121
2112
2129
2129
2130
2118
2122
2134
2142
2121
2127
2129
2144
2131
2129
2140
2141
2126
2128
2139
2139
2120
2111
2120
2136
2127
2114
2126
2122
2122
2109
2110
2134
2120
2097
2114
2100
2106
2106
2112
2121
2114
2092
2107
2105
2106
2102
2110
2105
2099
2096
2100
2116
2110
2100
2105
2112
2106
2105
2093
2118
2107
2099
2082
2074
2070
2067
2052
2034
2035
2015
1998
1983
1996
1987
1956
1944
1943
1948
1936
1948
1917
1921
1922
1903
1912
1917
1932
1933
1935
1943
1963
1974
1977
1968
1994
2010
2018
2048
2063
2081
2102
2128
2139
2152
2173
2187
2202
2204
2219
2220
2236
2232
2249
2242
2238
2229
2228
2220
2204
2189
2173
2156
2142
2145
2134
2143
2120
2107
2122
2116
2107
2121
2122
2132
2136
2146
2149
2151
2155
2146
2163
2152
2148
2145
2136
2128
2117
2101
2093
2092
2085
2090
2081
2088
2102
2118
2126
2140
2167
2175
2197
2214
2232
2238
2237
2226
2241
2238
2209
2172
2133
2089
2070
2036
2000
1975
1957
1940
1933
1928
1941
1945
1961
1971
2004
2011
2026
2003
2003
2009
2012
2044
2052
2054
2043
2019
1977
1948
1908
1884
1869
1877
1901
1947
2006
2073
2147
2216
2274
2318
2342
2356
2346
2322
2270
2225
2191
2191
2212
2237
2281
2325
2316
2277
2211
2138
2036
1941
1885
1850
1861
1872
1911
1928
1942
1956
1983
2001
2028
2078
2099
2087
2084
2057
2044
2044
2046
2064
2093
2122
2157
2184
2196
2231
2260
2275
2275
2256
2220
2186
2118
2071
2026
2005
1999
2014
2042
2056
2072
2074
2105
2089
2081
2064
2072
2085
2073
2110
2120
2153
2176
2216
2250
2268
2268
2245
2204
2142
2092
2050
1994
1933
1904
1890
1895
1899
1905
1906
1913
1881
1884
1878
1885
1913
1936
1988
2033
2084
2125
2163
2200
2248
2274
2287
2316
2127
2088
2060
2028
2008
2001
2021
2048
2077
2108
2162
2194
2194
2207
2195
2171
2131
2082
2051
2017
1978
1967
1957
1960
1954
1978
2019
2048
2086
2142
2205
2242
2284
2284
2280
2264
2202
2147
2068
2005
1944
1913
1907
1938
1986
2060
2136
2228
2292
2338
2348
2345
2308
2243
2190
2117
2057
1989
1917
1882
1864
1824
1835
1867
1930
1989
2055
2152
2259
2330
2410
2449
2462
2429
2362
2277
2195
2096
1998
1934
1890
1862
1864
1892
1941
2005
2048
2114
2185
2234
2257
2243
2228
2174
2114
2031
1962
1896
1850
1830
1822
1867
1910
1979
2048
2101
2154
2183
2223
2231
2227
2228
2225
2205
2168
2122
2093
2072
2032
2012
2019
2009
1995
2000
2007
2007
2007
2000
2087
2103
2083
2047
2000
1973
1980
2011
2037
2031
2028
2023
2060
2125
2136
2095
1995
1895
1806
1769
1782
1792
1775
1784
1825
1928
2062
2174
2267
2321
2317
2331
2336
2351
2357
2328
2263
2157
2054
1983
1981
2028
2067
2070
2027
1970
1915
1880
1899
1906
1927
1956
1989
2065
2163
2284
2393
2493
2566
2614
2652
2658
2636
2532
2404
2281
2140
2004
1906
1850
1828
1803
1762
1739
1735
1746
1795
1862
1917
1967
2037
2129
2227
2312
2350
2348
2314
2288
2280
2283
2292
2237
2128
2000
1872
1782
1738
1729
1764
1833
1918
2021
2123
2219
2275
2323
2352
2347
2322
2317
2285
2204
2095
1979
1823
1711
1664
1664
1736
1816
1879
1962
2033
2109
2224
2346
2456
2512
2227
2258
2240
2187
2111
2006
1903
1815
1766
1767
1807
1875
1995
2103
2200
2277
2318
2323
2296
2237
2147
2083
2011
1939
1928
1945
1974
2050
2155
2262
2364
2440
2487
2510
2464
2395
2304
2181
2056
1969
1907
1892
1924
1992
2119
2242
2336
2385
2388
2322
2198
2050
1917
1797
1693
1667
1702
1775
1892
2008
2115
2216
2287
2296
2294
2244
2172
2078
1996
1975
1937
1957
2002
2072
2145
2221
2267
2312
2318
2284
2218
2136
2036
1924
1819
1763
1737
1762
1843
1981
2145
2275
2391
2486
2525
2510
2449
2368
2280
2147
2038
1952
1890
1863
1872
1912
1975
2049
2119
2173
2212
2215
2214
2188
2155
2102
2054
2002
1975
1938
1925
1934
1996
2040
2098
2175
2237
2260
1812
1848
1879
1874
1883
1925
1982
2055
2137
2248
2314
2255
2142
2067
2024
2041
2031
1961
1815
1655
1556
1567
1649
1745
1904
2104
2360
2590
2706
2730
2686
2623
2551
2489
2386
2271
2099
1931
1769
1630
1524
1548
1687
1856
2035
2200
2368
2549
2653
2725
2752
2745
2718
2648
2480
2277
2024
1818
1698
1623
1556
1552
1632
1728
1853
1971
2067
2192
2358
2528
2642
2649
2542
2404
2270
2126
1992
1825
1671
1615
1594
1625
1612
1608
1673
1773
1940
2088
2198
2256
2311
2355
2348
2292
2225
2201
2201
2193
2144
2027
1912
1775
1673
1602
1555
1511
1586
1756
1942
2108
2250
2425
2594
2749
2818
2764
2578
2332
2109
1891
1661
1478
1330
1339
1490
1741
1994
2216
2162
2492
2757
2933
2939
2815
2541
2219
1882
1558
1360
1313
1416
1648
1982
2344
2657
2867
2968
2910
2769
2506
2221
1962
1722
1533
1418
1415
1497
1657
1890
2145
2388
2573
2692
2711
2601
2427
2200
1947
1702
1513
1443
1452
1558
1746
1971
2180
2357
2474
2453
2374
2258
2080
1907
1773
1690
1673
1728
1834
1989
2160
2318
2468
2591
2642
2604
2518
2377
2184
1979
1821
1693
1630
1641
1726
1884
2065
2240
2405
2543
2580
2543
2412
2251
2028
1846
1712
1634
1640
1732
1884
2069
2279
2482
2616
2692
2694
2605
2411
2181
1919
1710
1522
1428
1447
1546
1734
1993
2263
2510
2700
2801
2800
2706
2511
2243
1944
1659
1438
1291
1283
1384
1597
1900
2252
2567
2847
2253
2437
2596
2669
2662
2618
2581
2512
2360
2124
1856
1570
1328
1160
1095
1127
1270
1515
1835
2119
2388
2548
2639
2678
2662
2562
2397
2231
2109
2073
2096
2096
2050
1948
1876
1874
1970
2143
2270
2321
2292
2234
2208
2249
2306
2368
2384
2375
2356
2315
2258
2225
2204
2186
2142
2082
1972
1873
1837
1910
2023
2102
2075
1987
1880
1853
1951
2157
2360
2416
2347
2163
2032
1993
1995
2008
1931
1791
1639
1562
1603
1710
1783
1767
1715
1698
1820
2074
2420
2714
2884
2839
2656
2395
2142
1928
1781
1688
1609
1580
1589
1660
1794
1981
2192
2380
2498
2553
2606
2652
2664
2592
2405
2079
1735
1504
1422
1478
1621
1810
1956
2057
2126
2164
2246
2352
2472
2604
1280
1404
1638
1960
2331
2688
2936
3070
3040
2880
2598
2231
1855
1509
1244
1118
1127
1281
1549
1876
2266
2640
2946
3139
3212
3128
2886
2536
2125
1717
1338
1084
957
1010
1201
1496
1905
2331
2706
2974
3079
3012
2788
2423
2008
1570
1193
964
930
1067
1384
1808
2303
2769
3180
3473
3604
3568
3377
3056
2615
2111
1643
1204
891
739
765
982
1351
1837
2373
2846
3195
3381
3360
3172
2808
2319
1811
1312
915
676
613
706
974
1366
1844
2304
2731
3055
3243
3271
3118
2849
2460
2012
1550
1160
890
755
788
1007
1356
1810
2300
2779
3165
3430
3541
3490
3296
2968
2584
2156
1764
1441
1216
1092
1128
1260
1468
1751
2040
2294
2480
2609
2645
2616
2764
3019
3128
3070
2857
2598
2368
2208
2111
2019
1946
1906
1881
1869
1844
1842
1876
1931
2024
2054
1996
1852
1676
1572
1540
1592
1712
1868
2042
2262
2464
2626
2677
2662
2614
2585
2607
2664
2742
2851
2972
3100
3134
2991
2591
1991
1325
769
411
216
107
44
54
212
573
1111
1690
2168
2508
2802
3129
3496
3756
3818
3666
3367
3083
2895
2821
2778
2666
2530
2415
2368
2391
2421
2421
2342
2250
2122
2010
1857
1669
1501
1419
1439
1526
1617
1672
1716
1738
1744
1683
1544
1282
990
754
637
657
761
951
1208
1496
1827
2117
2338
2479
2551
2613
2706
2804
2893
2910
2816
2555
2232
1880
1630
1533
1619
1838
2116
2328
2400
2406
2439
2544
2746
2094
2254
2390
2487
2502
2504
2469
2432
2386
2367
2337
2274
2214
2149
2075
1999
1888
1743
1591
1431
1329
1358
1530
1831
2211
2598
2897
3072
3049
2863
2548
2205
1858
1614
1429
1321
1307
1358
1509
1722
1978
2269
2560
2808
2997
3106
3122
3004
2742
2330
1828
1344
914
681
698
949
1368
1879
2372
2769
3016
3092
3037
2898
2704
2493
2283
2059
1842
1633
1480
1382
1381
1476
1672
1972
2313
2641
2873
3032
3065
2980
2815
2607
2332
2042
1767
1538
1320
1165
1067
1069
1180
1401
1699
2096
2548
2977
3328
3539
3566
3331
2902
2329
1727
1143
693
416
398
592
1025
1616
2300
2974
3548
3927
4040
3850
3387
2710
1898
1059
315
1
3
2
282
1063
2206
1869
1576
1367
1224
1140
1032
873
645
378
134
2
53
342
846
1522
2274
3035
3689
4095
4095
4095
4095
4095
4095
3628
2937
2210
1518
924
465
147
3
26
218
574
1049
1634
2273
2882
3374
3701
3810
3741
3528
3241
2898
2570
2271
2010
1744
1490
1228
1000
871
868
1021
1311
1744
2212
2651
2986
3183
3216
3112
2943
2747
2594
2503
2532
2606
2664
2684
2633
2477
2232
1940
1646
1370
1156
1032
996
1024
1129
1244
1363
1468
1551
1608
1712
1884
2132
2480
2910
3374
3823
4095
4095
4095
4095
3863
3438
2939
2418
1888
1386
920
469
79
0
1
0
1
1
31
682
1533
2435
3299
4059
4095
4095
4095
4095
4095
4095
3932
3235
3405
3407
3291
3091
2809
2456
2084
1749
1463
1247
1136
1162
1302
1527
1844
2240
2642
3034
3356
3595
3688
3606
3366
2978
2481
1927
1370
897
555
404
445
707
1145
1671
2257
2796
3251
3536
3635
3568
3302
2949
2534
2092
1679
1358
1099
936
867
900
999
1164
1433
1752
2109
2510
2921
3258
3551
3721
3777
3653
3406
3045
2596
2049
1477
886
347
1
3
2
2
1
366
1027
1760
2480
3138
3654
4044
4095
4095
4095
3832
3364
2790
2176
1560
986
514
209
60
69
238
516
898
1335
1788
2244
2635
2954
3175
3299
3332
3259
3114
2914
2658
2368
2062
1798
1528
1326
1206
1154
1168
1249
1382
1562
1774
2025
2267
2471
2652
2776
2856
2872
123
605
1103
1566
2037
2468
2868
3219
3531
3794
4015
4095
4095
4095
4095
4095
4095
4095
4095
4095
4095
4095
4095
4095
4095
4095
4095
4095
4095
4095
3770
3364
2943
2512
2069
1628
1208
804
455
159
1
3
2
1
2
1
2
1
93
334
612
915
1218
1526
1805
2089
2356
2593
2795
2981
3096
3196
3254
3234
3202
3133
3026
2889
2732
2567
2380
2167
1968
1755
1536
1318
1104
918
751
610
503
424
378
364
368
420
493
603
726
889
1080
1293
1530
1792
2046
2297
2567
2851
3113
3362
3608
3840
4048
4095
4095
4095
4095
4095
4095
4095
4095
4095
4095
4095
4095
4038
3850
3624
3406
3168
2911
2664
2416
2162
1861
1593
1320
1037
