2094
2109
2095
2106
2092
2089
2100
2119
2101
2105
2104
2117
2102
2104
2112
2105
2100
2096
2105
2096
2098
2091
2102
2107
2096
2087
2110
2100
2108
2090
2102
2094
2105
2091
2086
2100
2098
2094
2096
2106
2096
2086
2089
2104
2098
2097
2103
2111
2109
2101
2098
2088
2098
2097
2095
2105
2114
2092
2094
2099
2088
2092
2095
2095
2104
2096
2093
2096
2086
2101
2092
2090
2097
2096
2106
2093
2094
2087
2099
2097
2091
2088
2095
2100
2091
2096
2100
2103
2094
2104
2080
2091
2092
2090
2103
2094
2100
2076
2076
2082
2088
2077
2068
2074
2087
2096
2077
2089
2092
2081
2071
2082
2085
2083
2073
2088
2086
2089
2086
2091
2089
2084
2080
2088
2071
2071
2064
2075
2084
2083
2084
2072
2067
2072
2074
2064
2079
2084
2080
2089
2091
2094
2096
2096
2110
2119
2112
2115
2114
2118
2103
2120
2118
2121
2118
2107
2107
2103
2109
2115
2114
2127
2116
2120
2112
2117
2116
2098
2119
2096
2111
2112
2102
2102
2111
2099
2084
2083
2090
2092
2084
2106
2111
2093
2080
2101
2112
2106
2101
2112
2125
2112
2106
2112
2112
2103
2102
2104
2100
2089
2082
2102
2094
2083
2092
2098
2096
2083
2097
2111
2104
2112
2107
2120
2118
2109
2117
2104
2092
2085
2082
2080
2079
2076
2064
2064
2055
2063
2061
2059
2076
2076
2079
2085
2073
2078
2068
2094
2064
2074
2067
2069
2061
2067
2049
2065
2068
2072
2060
2072
2073
2076
2077
2072
2092
2086
2083
2091
2094
2070
2070
2068
2057
2068
2064
2055
2058
2050
2063
2063
2043
2049
2056
2052
2050
2050
2056
2040
2046
2044
2039
2057
2042
2042
2057
2052
2058
2070
2060
2064
2072
2069
2061
2057
2064
2077
2064
2077
2077
2067
2079
2080
2081
2073
2083
2079
2094
2085
2101
2098
2083
2092
2094
2109
2105
2103
2093
2119
2128
2126
2119
2125
2128
2104
2108
2112
2127
2113
2126
2139
2126
2123
2129
2109
2122
2130
2134
2115
2115
2113
2114
2113
2116
2125
2116
2119
2109
2101
2100
2112
2117
2110
2102
2095
2107
2108
2097
2089
2096
2106
2089
2085
2095
2099
2086
2088
2088
2086
2086
2090
2089
2105
2087
2088
2087
2080
2073
2106
2105
2098
2092
2107
2110
2111
1903
1856
1830
1820
1804
1807
1806
1818
1836
1852
1867
1879
1911
1959
2014
2065
2104
2147
2156
2182
2196
2182
2184
2192
2217
2222
2245
2266
2279
2273
2247
2236
2203
2165
2129
2087
2064
2039
2021
1999
1992
1982
1950
1944
1932
1944
1944
1958
2002
2022
2013
2025
2026
2036
2066
2089
2102
2123
2131
2120
2112
2103
2083
2066
2061
2080
2105
2105
2128
2124
2118
2119
2106
2111
2097
2088
2072
2080
2067
2051
2045
2021
1977
1967
1971
1979
2003
2052
2117
2170
2198
2227
2251
2248
2232
2236
2231
2223
2224
2238
2237
2218
2214
2172
2149
2146
2140
2149
2180
2184
2176
2193
2185
2163
2136
2101
2076
2050
2039
2003
2001
1999
1984
1944
1928
1948
1978
2028
2206
2196
2182
2169
2155
2138
2116
2087
2033
2018
1980
1946
1926
1901
1921
1940
1970
2012
2060
2102
2127
2158
2187
2194
2208
2214
2217
2196
2186
2164
2152
2135
2096
2069
2045
2012
1985
1960
1966
1965
1969
1990
2046
2086
2143
2208
2258
2292
2296
2295
2255
2178
2078
2023
1934
1868
1804
1790
1806
1854
1950
2044
2143
2256
2332
2397
2413
2404
2342
2266
2152
2023
1913
1824
1762
1729
1738
1786
1868
1979
2100
2227
2345
2447
2473
2488
2484
2437
2359
2258
2155
2055
1964
1878
1803
1769
1747
1744
1800
1855
1906
1994
2080
2130
2179
2215
2237
2231
2222
2209
2184
2158
2148
2145
2140
2138
2120
2108
2088
2079
2057
2010
1985
1952
1948
1955
1962
1970
2082
2011
1908
1868
1890
1923
1964
2017
2103
2200
2277
2325
2332
2282
2239
2146
2080
2002
1949
1903
1870
1829
1815
1868
1957
2079
2213
2312
2386
2449
2501
2544
2530
2492
2424
2372
2286
2204
2120
2034
1960
1907
1843
1800
1790
1810
1874
1952
2017
2101
2219
2334
2410
2428
2399
2348
2311
2258
2155
2050
1962
1891
1845
1838
1830
1831
1868
1925
1940
1943
1956
2003
2044
2066
2056
2016
2009
2021
2060
2147
2204
2233
2224
2227
2274
2336
2379
2356
2265
2167
2126
2126
2112
2054
1941
1819
1728
1705
1756
1836
1943
2044
2095
2142
2231
2332
2411
2423
2409
2389
2352
2303
2203
2088
1982
1910
1887
1877
1839
1827
1856
1919
2016
2108
2157
2147
2095
2109
2060
2068
2117
2192
2244
2288
2293
2270
2199
2135
2076
2027
2033
2061
2060
2093
2106
2116
2116
2118
2133
2159
2162
2146
2128
2079
2035
1968
1921
1932
1955
2012
2090
2165
2184
2163
2122
2050
1964
1914
1890
1913
1955
1996
2040
2102
2154
2213
2282
2344
2363
2336
2263
2150
2029
1908
1801
1772
1789
1833
1919
2024
2124
2224
2292
2364
2398
2418
2384
2344
2260
2164
2034
1938
1865
1857
1882
1931
2010
2083
2140
2175
2156
2118
2078
2039
1996
1960
1941
1954
2012
2105
2203
2280
2317
2310
2256
2148
2042
1961
1896
1879
1906
1982
2070
2146
2220
2241
2217
2187
2123
2064
2002
1992
2008
2074
2139
2237
2308
2326
2287
2217
2111
2007
1903
1879
1902
1937
2279
2103
1958
1910
1896
1846
1749
1680
1695
1822
2043
2231
2397
2546
2641
2640
2571
2440
2308
2203
2067
1943
1798
1670
1592
1555
1551
1572
1670
1904
2194
2432
2568
2618
2628
2606
2556
2453
2304
2108
1975
1874
1824
1730
1677
1652
1689
1714
1798
1930
2120
2331
2506
2592
2598
2531
2486
2444
2352
2232
2065
1948
1889
1854
1826
1770
1754
1784
1809
1892
2008
2160
2314
2410
2421
2324
2170
2021
1935
1899
1862
1826
1770
1713
1688
1794
1976
2158
2248
2189
2064
1959
1912
1964
2067
2133
2081
1975
1854
1788
1856
2060
2300
2494
2515
2404
2298
2232
2316
2462
2572
2530
2330
2088
1845
1752
1787
1925
2055
2148
2177
2182
2218
2324
2412
2460
2435
2350
1933
2103
2299
2469
2592
2648
2620
2524
2392
2214
2018
1844
1713
1611
1585
1592
1676
1800
1957
2147
2337
2505
2623
2672
2608
2471
2289
2067
1833
1657
1521
1450
1456
1528
1682
1872
2104
2314
2500
2636
2713
2674
2565
2374
2128
1880
1646
1455
1377
1403
1526
1737
2001
2271
2502
2668
2713
2682
2556
2362
2126
1920
1750
1644
1611
1634
1741
1871
2016
2152
2270
2320
2321
2283
2190
2104
1980
1893
1790
1712
1697
1727
1814
1935
2090
2243
2369
2456
2471
2433
2322
2144
1957
1745
1603
1536
1524
1592
1753
1957
2152
2329
2443
2511
2488
2435
2334
2249
2154
2105
2089
2109
2139
2175
2188
2173
2129
2065
2006
1948
1930
1944
1985
2057
2132
2214
2309
2364
1544
1804
2062
2244
2337
2396
2454
2568
2596
2523
2281
1994
1753
1667
1709
1833
1938
1967
1969
2022
2160
2394
2617
2735
2728
2608
2461
2359
2316
2315
2232
2030
1752
1482
1405
1529
1807
2091
2257
2268
2204
2152
2143
2173
2240
2365
2489
2546
2508
2344
2142
1994
1933
1923
1946
1952
1952
1956
1967
1950
1941
1947
1989
2043
2090
2144
2186
2232
2275
2262
2177
2106
2023
1978
1922
1856
1785
1766
1782
1798
1819
1854
1997
2163
2332
2470
2554
2588
2587
2539
2446
2291
2110
1925
1751
1621
1604
1655
1745
1836
1892
1972
2120
2262
2376
2440
2461
2482
2499
2450
2345
2203
2104
2039
2002
1983
1996
2052
2151
2248
2278
2248
2222
2221
2184
2122
2047
1975
1569
2026
2472
2862
3120
3208
3137
2896
2568
2179
1782
1444
1205
1099
1151
1351
1651
1971
2297
2549
2712
2773
2731
2616
2465
2280
2108
1950
1821
1730
1730
1825
1974
2154
2350
2490
2561
2555
2490
2399
2274
2172
2065
2004
1959
1942
1936
1918
1908
1900
1885
1871
1858
1890
1921
1979
2049
2118
2175
2223
2271
2332
2384
2414
2431
2399
2326
2210
2036
1859
1684
1552
1501
1533
1678
1868
2118
2383
2629
2807
2918
2896
2781
2575
2266
1918
1595
1344
1202
1216
1347
1620
1940
2308
2643
2890
3023
3014
2888
2632
2333
2018
1732
1496
1335
1281
1339
1488
1687
1924
2169
2406
2578
2684
2707
2670
2574
2434
2278
2125
1978
1858
1744
1661
1591
1542
1525
1558
986
1293
1774
2428
3080
3538
3690
3554
3268
2936
2592
2208
1755
1283
886
612
516
584
827
1276
1833
2466
3047
3451
3586
3457
3156
2788
2488
2320
2258
2209
2016
1649
1153
653
307
248
509
1009
1620
2214
2720
3078
3275
3331
3322
3260
3140
2920
2545
2098
1603
1169
844
602
430
380
561
1019
1687
2392
2911
3168
3234
3234
3279
3344
3314
3133
2874
2628
2421
2232
2008
1794
1602
1550
1641
1811
1972
2024
2015
1952
1853
1803
1826
1936
2051
2141
2192
2301
2502
2776
3006
3067
2940
2732
2582
2521
2461
2288
2019
1733
1487
1339
1268
1280
1413
1643
1926
2172
2295
2316
2304
2328
2356
2314
2170
1986
1851
1781
1753
1724
1697
1770
2009
2385
2354
2474
2536
2565
2527
2425
2260
2001
1717
1432
1181
1013
1022
1191
1508
1917
2374
2786
3104
3285
3321
3206
2942
2576
2147
1726
1369
1180
1173
1354
1684
2074
2435
2674
2759
2683
2515
2324
2158
2052
2027
2088
2158
2210
2176
2062
1842
1621
1453
1387
1455
1656
1952
2296
2606
2840
2941
2884
2677
2369
2041
1726
1468
1291
1192
1183
1281
1477
1762
2105
2452
2782
3044
3244
3328
3284
3089
2776
2352
1894
1472
1115
896
774
846
1129
1588
2185
2798
3318
3632
3681
3476
3024
2456
1819
1259
887
793
1016
1434
1949
2426
2781
2964
2998
2873
2672
2418
2132
1894
1658
1475
1322
1212
1152
1176
1290
1512
1814
2171
2536
2881
3153
3290
3320
3222
3019
2036
1328
714
257
4
2
2
51
361
796
1323
1926
2482
2931
3248
3365
3333
3196
3007
2863
2743
2668
2641
2664
2724
2848
3017
3224
3425
3600
3724
3723
3585
3280
2823
2240
1527
739
5
2
2
1
1
3
3
1
1
657
2270
3894
4095
4095
4095
4095
4095
4095
4095
4095
4095
3458
1900
362
2
4
2
3
2
2
3
1
0
792
2173
3428
4095
4095
4095
4095
4095
4095
4095
3316
2296
1347
574
66
1
2
350
944
1676
2408
3121
3664
4015
4095
3968
3582
3019
2290
1476
657
4
1
2
2
1
3
4
388
1392
2541
3700
4095
4095
4095
4095
4095
4095
4095
4095
4095
3158
1973
878
2
2
2
4095
4095
4095
4091
3366
2598
1870
1176
540
1
2
1
2
2
0
335
1113
2002
2872
3707
4095
4095
4095
4095
4095
4025
3071
1963
842
0
3
2
3
2
122
1047
2079
3025
3809
4095
4095
4095
4095
4095
3788
3256
2710
2157
1590
1006
398
4
2
4
1
0
4
459
1584
2745
3800
4095
4095
4095
4095
4095
4095
3772
3004
2228
1529
960
565
376
336
410
501
506
391
182
2
2
22
524
1404
2588
3918
4095
4095
4095
4095
4095
4095
4095
3905
2181
398
2
3
1
3
2
2
3
1
455
2065
3766
4095
4095
4095
4095
4095
4095
4095
4095
4095
2759
653
5
2
4
3
2
1
3
2
71
