2096
2100
2107
2112
2106
2106
2120
2125
2128
2138
2128
2135
2134
2128
2131
2154
2161
2164
2157
2156
2156
2158
2165
2168
2162
2168
2170
2149
2152
2157
2166
2155
2146
2144
2153
2154
2147
2144
2130
2127
2127
2118
2103
2109
2124
2137
2107
2104
2103
2098
2116
2267
2264
2250
2078
2057
2049
2050
2052
2052
2060
2056
2062
2068
2071
2064
2053
2074
2091
2086
2100
2097
2097
2090
2079
2094
2093
2103
2101
2115
2104
2243
2276
2253
2088
2077
2081
2085
2089
2083
2079
2072
2072
2090
2078
2076
2125
2129
2126
2080
2077
2073
2076
2063
2078
2085
2081
2070
2078
2096
2076
2069
2069
2068
2069
2060
2067
2072
2062
2072
2076
2083
2078
2068
2057
2064
2075
2076
1967
1962
1946
1956
1963
1960
1964
1964
1961
1969
1984
1981
2000
1991
1992
2014
2015
2020
2035
2040
2042
2043
2051
2054
2060
2053
2050
2049
2042
2039
2050
2032
2039
2036
2027
2019
2012
2015
2007
2013
2021
2006
2012
2006
2020
2028
2043
2050
2050
2059
2069
2085
2084
2109
2113
2125
2124
2124
2120
2130
2122
2118
2115
2109
2130
2101
2095
2082
2088
2084
2077
2079
2073
2081
2087
2096
2098
2100
2094
2116
2128
2144
2144
2147
2145
2165
2177
2187
2194
2201
2206
2203
2208
2218
2219
2207
2217
2220
2230
2232
2248
2238
2231
2236
2246
2248
2241
2226
2236
2225
2214
2208
2205
2198
2191
2171
2172
2159
2136
2125
2117
2115
2104
2093
2093
2104
2108
2122
2114
2111
2108
2097
2071
2050
2024
2010
2003
2026
2053
2084
2123
2140
2141
2130
2104
2082
2067
2064
2069
2084
2088
2089
2060
2041
1991
1969
1975
2000
2039
2084
2116
2152
2171
2177
2168
2181
2179
2174
2184
2183
2139
2096
2051
2024
1996
1992
1994
2017
2032
2037
2030
2028
2005
2010
2013
2016
2029
2033
2038
2037
2028
2023
2026
2051
2073
2106
2106
2141
2156
2176
2195
2216
2238
2230
2216
2167
2116
2048
1990
1971
1954
1967
2015
2057
2087
2111
2115
2117
2115
2108
2111
2114
2113
2110
2095
2092
2089
2102
2127
2151
2196
2230
2258
2256
2243
2220
2184
2144
2114
2090
2053
2019
2016
1996
1994
1974
1973
1993
1976
1999
2016
2037
2041
2065
2108
2144
2256
2250
2222
2169
2120
2070
2032
2020
2012
2008
2030
2055
2072
2100
2131
2150
2167
2187
2172
2146
2130
2100
2070
2042
2010
2011
2001
2000
2028
2040
2076
2115
2143
2157
2168
2179
2163
2155
2136
2112
2088
2051
2018
1988
1984
1966
1984
2008
2034
2041
2077
2106
2144
2171
2182
2191
2184
2186
2168
2142
2108
2068
2037
2001
1967
1965
1969
1996
2026
2071
2114
2152
2196
2245
2266
2255
2238
2220
2168
2104
2044
1994
1919
1871
1861
1863
1878
1905
1965
2045
2108
2182
2248
2310
2346
2364
2357
2332
2297
2252
2199
2144
2081
2048
2026
2007
2014
2031
2054
2091
2114
2130
2134
2131
2128
2092
2073
2057
2041
2033
2020
2032
2048
2064
2074
2097
2136
2150
2495
2566
2555
2508
2413
2326
2229
2148
2051
1999
1972
1979
1959
1911
1833
1732
1694
1718
1838
1981
2134
2264
2353
2416
2449
2462
2455
2417
2356
2294
2237
2201
2179
2126
2059
2018
2002
2020
2004
1982
1901
1830
1803
1795
1819
1856
1908
1979
2067
2149
2195
2180
2103
2007
1902
1843
1832
1887
1978
2085
2158
2257
2352
2439
2474
2415
2302
2208
2152
2147
2155
2164
2144
2137
2149
2163
2151
2115
2066
2005
1955
1918
1883
1880
1864
1875
1908
1924
1982
2087
2200
2288
2355
2387
2402
2412
2415
2363
2277
2159
2057
2039
2016
2017
2024
2026
2057
2109
2133
2143
2141
2116
2091
2056
2026
1977
1950
1965
1982
2014
2017
2027
2040
2052
2014
1986
1969
1963
2350
2376
2355
2308
2256
2181
2103
2032
1952
1912
1862
1856
1858
1904
1940
1993
2048
2097
2130
2134
2128
2114
2086
2042
2036
2040
2031
2042
2054
2075
2115
2153
2193
2222
2246
2241
2238
2207
2178
2132
2079
2030
1982
1943
1924
1928
1929
1948
2001
2057
2124
2196
2264
2331
2375
2380
2378
2354
2305
2229
2157
2108
2051
2015
2009
2012
2020
2017
2036
2025
2010
1968
1928
1888
1847
1808
1828
1865
1946
2046
2170
2321
2459
2550
2602
2596
2543
2416
2256
2108
1933
1800
1700
1650
1662
1716
1790
1909
2041
2157
2248
2315
2332
2288
2211
2117
2017
1925
1862
1855
1880
1955
2060
2203
2337
2458
2544
2596
2583
2496
2374
2220
2035
1854
1707
1609
1564
1593
1971
1899
1793
1678
1633
1701
1800
1893
1985
2041
2060
2069
2076
2080
2064
2015
1928
1853
1848
1917
2076
2228
2319
2349
2331
2308
2286
2241
2153
2004
1848
1758
1760
1881
2012
2096
2123
2162
2272
2395
2477
2396
2182
1943
1799
1790
1823
1833
1836
1861
2018
2250
2498
2654
2684
2644
2557
2435
2296
2159
2052
1978
1913
1856
1773
1760
1818
1932
1958
1944
1879
1870
1927
2013
2065
2076
2083
2162
2272
2375
2404
2403
2407
2439
2415
2321
2172
2046
2009
2031
2032
1969
1859
1856
1946
2078
2160
2122
2039
2020
2080
2179
2236
2235
2205
2223
2292
2381
2424
2358
2216
2057
1961
1952
2013
2061
2034
1940
1866
1872
1979
2136
2241
2264
2216
2129
2078
2051
1280
1098
1036
1109
1280
1522
1823
2194
2522
2752
2829
2821
2763
2625
2415
2167
1898
1696
1558
1517
1597
1768
2004
2265
2502
2696
2783
2753
2634
2438
2156
1888
1602
1380
1220
1177
1239
1426
1701
1960
2190
2373
2565
2686
2687
2636
2508
2330
2166
2016
1910
1871
1903
2008
2111
2216
2279
2336
2327
2284
2197
2074
1950
1844
1759
1700
1710
1768
1875
2014
2158
2293
2403
2446
2440
2376
2273
2147
2023
1923
1879
1875
1926
2025
2153
2276
2380
2443
2451
2389
2284
2125
1965
1829
1700
1630
1638
1716
1825
2004
2205
2406
2568
2672
2726
2717
2624
2478
2297
2116
1933
1808
1730
1774
1842
1974
2100
2258
2386
2488
2523
2527
2469
2372
2259
2131
1982
1839
2802
2841
2781
2499
2064
1693
1492
1470
1492
1470
1378
1296
1320
1477
1662
1816
1899
1993
2144
2405
2694
2950
3144
3240
3227
3152
3040
2896
2661
2333
1926
1551
1265
1148
1100
1157
1183
1289
1494
1772
1991
2133
2212
2271
2290
2318
2306
2225
2149
2130
2160
2241
2305
2391
2488
2553
2516
2333
2084
1879
1777
1762
1733
1700
1696
1785
1973
2149
2211
2167
2052
1941
1859
1769
1668
1570
1528
1570
1725
1943
2176
2392
2582
2742
2882
3015
3070
2982
2758
2403
2072
1843
1714
1600
1433
1295
1239
1332
1560
1815
1975
2068
2168
2293
2424
2515
2519
2516
2545
2566
2594
2584
2522
2433
2327
2212
2126
2068
2042
2026
2021
1961
1880
1808
1773
1801
1816
1821
2524
2557
2560
2504
2412
2306
2173
2016
1869
1757
1630
1536
1518
1531
1628
1781
1970
2195
2396
2556
2661
2685
2629
2510
2336
2132
1896
1690
1535
1431
1425
1494
1642
1867
2133
2390
2608
2764
2856
2810
2672
2416
2112
1793
1489
1285
1218
1288
1482
1782
2165
2534
2861
3091
3209
3158
2964
2642
2232
1800
1411
1133
1019
1032
1235
1546
1933
2316
2679
2958
3082
3044
2879
2586
2227
1847
1517
1282
1169
1175
1284
1480
1704
1987
2243
2473
2646
2757
2825
2793
2749
2668
2573
2424
2293
2126
1930
1727
1574
1477
1439
1448
1536
1698
1892
2121
2353
2569
2721
2796
2786
2712
2538
2320
2082
1879
1689
1550
1492
1504
1590
1739
1938
2152
2343
2504
2606
2624
2084
1982
2009
2138
2296
2460
2612
2727
2825
2902
2910
2795
2534
2226
1925
1697
1584
1605
1678
1791
1901
2033
2190
2350
2455
2472
2364
2174
1978
1826
1793
1863
1976
2057
2105
2128
2105
2056
1951
1838
1660
1502
1390
1326
1337
1450
1695
2030
2404
2743
2992
3165
3265
3302
3257
3071
2682
2184
1683
1320
1152
1135
1170
1158
1121
1159
1327
1647
1984
2234
2371
2467
2586
2784
2987
3068
2989
2785
2532
2344
2209
2057
1848
1563
1329
1189
1216
1400
1676
1932
2166
2390
2556
2630
2565
2416
2236
2096
2064
2080
2104
2042
1928
1819
1778
1780
1883
1995
2059
2100
2112
2135
2168
2228
2297
2412
2498
2558
2508
2401
2242
2087
1971
1885
1751
1606
1464
1406
1524
1998
2515
2953
3255
3360
3270
2965
2493
1937
1366
858
511
398
552
916
1455
2104
2776
3329
3706
3860
3752
3408
2861
2232
1574
987
579
383
433
710
1141
1688
2247
2761
3139
3384
3440
3327
3060
2671
2244
1848
1530
1342
1310
1424
1614
1879
2160
2404
2566
2653
2651
2595
2478
2316
2171
2027
1921
1873
1875
1906
1938
1979
2025
2046
2034
2017
1997
1964
1895
1825
1796
1827
1884
1966
2059
2127
2111
1990
1842
1674
1568
1511
1570
1763
2036
2342
2644
2898
3073
3141
3042
2796
2474
2030
1585
1187
863
679
658
817
1135
1610
2174
2757
3310
3715
3900
3862
3590
3111
2504
1887
1359
933
722
751
979
1368
1840
2331
2776
3084
3248
3244
3362
2948
2515
2146
1876
1677
1511
1354
1226
1124
1064
1071
1131
1276
1410
1548
1650
1707
1774
1906
2107
2400
2692
2974
3159
3253
3278
3244
3163
3036
2826
2560
2274
1990
1722
1535
1380
1288
1217
1137
1038
970
952
1001
1134
1323
1522
1685
1834
1970
2101
2233
2393
2584
2794
3013
3207
3334
3404
3420
3346
3234
3042
2750
2394
1981
1588
1227
922
711
582
529
578
727
983
1322
1737
2185
2628
2990
3248
3416
3485
3478
3400
3300
3155
2951
2665
2365
2070
1850
1727
1746
1877
2037
2180
2241
2217
2156
2085
2047
2059
2094
2123
2122
2095
2038
1989
1992
2081
2232
2408
2544
2612
2566
2390
2154
1864
1634
1476
1440
1498
1572
1653
1700
1730
1792
4095
4095
4095
4035
3535
2895
2131
1360
593
3
2
3
1
1
292
1020
1854
2735
3543
4095
4095
4095
4095
4095
4095
3969
3114
2146
1196
353
1
0
2
3
2
67
775
1648
2551
3390
4093
4095
4095
4095
4095
3920
3173
2338
1511
798
237
0
4
4
52
497
1116
1817
2512
3141
3624
3920
4011
3897
3581
3160
2653
2117
1606
1201
900
727
716
837
1103
1468
1868
2265
2611
2840
2939
2888
2744
2529
2308
2139
2013
1947
1960
2022
2118
2232
2363
2479
2611
2717
2769
2761
2646
2451
2130
1768
1403
1034
786
634
633
768
996
1358
1773
2196
2590
2956
3230
3416
3458
3384
3172
2868
2524
2151
1831
1563
1406
1336
1384
1487
3258
2529
1726
894
119
3
3
1
2
3
1
214
1045
1978
2961
3903
4095
4095
4095
4095
4095
4095
4095
4095
4095
4095
4095
3565
2331
1070
3
3
2
2
1
2
3
2
3
1
3
2
3
398
1170
1911
2620
3324
3992
4095
4095
4095
4095
4095
4095
4095
4095
4095
4095
4095
4095
4095
4095
3512
2840
2123
1356
589
4
1
1
3
1
3
2
3
2
2
3
210
1114
1960
2692
3260
3650
3896
3979
3940
3815
3596
3328
3022
2651
2278
1894
1499
1167
888
689
581
570
721
993
1362
1823
2315
2759
3152
3436
3604
3678
3675
3600
3514
3410
3308
3219
3158
3107
3056
2999
2874
2680
2408
2035
1594
1093
565
