2111
2091
2085
2099
2106
2084
2055
2094
2133
2088
2072
2092
2136
2081
2068
2082
2102
2081
2072
2101
2097
2076
2087
2115
2098
2114
2094
2109
2128
2109
2102
2118
2126
2117
2091
2104
2117
2100
2090
2099
2129
2129
2110
2113
2129
2120
2090
2103
2122
2115
2087
2072
2100
2114
2090
2071
2107
2120
2100
2086
2118
2128
2124
2086
2104
2122
2100
2082
2100
2119
2105
2085
2100
2113
2107
2072
2099
2128
2114
2097
2097
2103
2119
2085
2086
2096
2090
2066
2065
2106
2107
2087
2093
2110
2095
2077
2053
2081
2080
2065
2080
2128
2120
2080
2088
2091
2113
2081
2103
2110
2098
2073
2094
2103
2107
2105
2088
2111
2122
2102
2103
2113
2108
2097
2095
2117
2140
2102
2135
2103
2098
2125
2118
2092
2113
2122
2119
2110
2120
2128
2138
2123
2144
2153
2143
2123
2139
2137
2124
2128
2142
2140
2131
2078
2101
2119
2119
2092
2086
2102
2131
2109
2105
2138
2132
2110
2120
2118
2130
2113
2105
2136
2128
2113
2099
2128
2147
2132
2105
2125
2135
2110
2055
2099
2150
2153
2116
2119
2149
2130
2095
2100
2138
2124
2092
2100
2132
2136
2127
2109
2137
2165
2104
2110
2129
2123
2093
2087
2107
2112
2095
2087
2101
2088
2100
2091
2095
2101
2103
2091
2102
2096
2098
2060
2069
2076
2051
2043
2087
2096
2074
2046
2068
2104
2072
2084
2082
2080
2087
2081
2094
2096
2088
2078
2091
2091
2084
2077
2093
2109
2089
2089
2071
2079
2067
2056
2089
2061
2077
2119
2092
2074
2104
2089
2089
2094
2098
2108
2115
2090
2109
2097
2095
2048
2076
2091
2082
2052
2044
2050
2084
2037
2037
2057
2037
2020
2039
2053
2061
2034
2063
2080
2058
2039
2042
2060
2081
2051
2072
2092
2097
2068
2075
2110
2108
2091
2099
2152
2123
2098
2107
2124
2113
2105
2106
2127
2134
2097
2071
2083
2110
2073
2040
2068
2092
2072
2027
2040
2056
2041
2028
2068
2055
2031
2014
2017
2041
2038
2023
2055
2050
2046
2028
2035
2058
2044
2035
2049
2076
2075
2051
2062
2079
2097
2061
2087
2105
2122
2112
2120
2127
2136
2157
2157
2175
2176
2151
2136
2150
2169
2145
2146
2180
2161
2136
2129
2173
2190
2171
2137
2182
2197
2184
2184
2084
2123
2106
2073
2087
2097
2072
2040
2006
2024
2015
2026
2033
2054
2105
2085
2070
2080
2075
2054
2014
2027
2061
2072
2048
2050
2105
2113
2071
2074
2090
2081
2052
2065
2057
2048
2003
1995
2013
2037
2023
1996
2029
2046
2057
2071
2118
2164
2166
2184
2218
2280
2249
2235
2229
2202
2165
2135
2112
2126
2118
2075
2077
2113
2062
2011
2007
2010
1980
1916
1919
1930
1897
1872
1894
1934
1980
1987
2087
2146
2156
2165
2205
2266
2294
2278
2283
2291
2254
2200
2202
2166
2133
2062
2055
2049
2039
2025
2058
2076
2116
2075
2069
2041
2026
1976
1941
1964
1984
1967
1986
2071
2132
2134
2195
2226
2267
2282
2255
2257
2231
2192
2155
2144
2137
2062
2033
1997
2038
2091
2127
2118
2188
2195
2179
2174
2175
2149
2086
2036
2056
2026
2033
2025
2064
2112
2106
2101
2129
2133
2095
2061
2082
2063
2061
2054
2070
2096
2107
2139
2141
2158
2164
2134
2113
2118
2081
2027
2010
2019
2016
1960
1959
1989
2028
2036
2071
2124
2168
2182
2192
2239
2254
2235
2221
2228
2202
2123
2048
2016
1977
1932
1910
1947
1982
1988
2021
2066
2110
2140
2125
2172
2156
2138
2090
2057
2079
2023
2020
2058
2104
2110
2104
2134
2163
2160
2103
2076
2083
2046
2011
1998
2038
2054
2064
2101
2149
2171
2177
2233
2265
2266
2209
2175
2164
2122
2034
2022
2039
2039
2055
2076
2146
2194
2197
2234
2262
2292
2250
2196
2176
2129
2073
1980
1954
1917
2014
2148
2257
2278
2323
2368
2442
2458
2424
2329
2226
2104
1998
1984
1960
1864
1756
1755
1808
1896
1966
2027
2060
2129
2193
2333
2427
2395
2329
2311
2309
2260
2132
1992
1886
1841
1825
1861
1894
1867
1874
1921
2046
2109
2172
2184
2265
2334
2371
2352
2331
2237
2130
2048
2049
2034
1973
1912
1937
2006
2044
2070
2125
2155
2160
2183
2220
2257
2238
2243
2216
2208
2180
2142
2103
2031
1951
1925
1965
1968
1933
1898
1939
1982
2016
2029
2051
2047
2061
2059
2092
2094
2109
2092
2113
2125
2135
2136
2203
2197
2182
2137
2136
2136
2120
2026
2019
2018
2040
2016
1968
1989
2001
1983
1967
1989
2022
2014
2014
2085
2121
2140
2174
2179
2195
2142
2121
2126
1851
1819
1847
1890
1916
1985
2086
2136
2124
2167
2168
2148
2118
2074
2075
2057
2035
2066
2134
2199
2258
2265
2328
2328
2273
2177
2142
2108
2028
1967
1934
1944
1977
1946
1994
2064
2097
2093
2122
2153
2178
2148
2160
2223
2226
2247
2268
2317
2335
2263
2225
2221
2122
1970
1894
1837
1803
1771
1817
1928
2008
2061
2159
2256
2312
2318
2272
2251
2219
2130
2040
2040
2053
2023
2062
2109
2189
2155
2119
2068
2016
1949
1875
1843
1828
1874
1958
2099
2234
2364
2440
2520
2581
2525
2426
2296
2168
2002
1827
1746
1746
1793
1832
1910
2058
2127
2153
2179
2229
2230
2179
2142
2139
2116
2076
2106
2100
2118
2100
2084
2113
2116
2110
2082
2120
2103
2111
2085
2163
2143
2140
2166
2211
2241
2174
2126
2084
2106
2058
2024
1975
1963
1940
1997
2067
2056
2049
2092
2151
2163
2135
2154
2209
2175
2094
2030
2028
2059
2014
2000
2008
2064
2088
2062
2083
2082
2076
2045
2034
2011
1996
2003
2022
2033
1994
2010
2094
2175
2187
2154
2162
2186
2197
2099
2052
2003
1927
1879
1926
2023
2092
2084
2101
2152
2199
2220
2229
2202
2103
1996
1962
1979
2006
1965
1933
2002
2079
2161
2216
2255
2197
2152
2108
2138
2159
2144
2079
2077
2110
2127
2191
2229
2232
2149
2051
2037
2080
2070
2039
2095
2163
2198
2185
2192
2164
2117
2035
2004
2012
2006
2074
2160
2205
2145
2040
1974
1967
1977
1999
2052
2139
2203
2208
2213
2230
2228
2322
2278
2160
2013
1939
1953
1987
2020
2032
2087
2104
2155
2208
2320
2425
2457
2441
2419
2295
2100
1898
1743
1711
1701
1772
1925
2125
2212
2249
2245
2201
2124
2004
1976
2008
2068
2094
2120
2096
2050
1933
1850
1812
1787
1780
1886
2121
2377
2523
2572
2497
2281
2029
1885
1801
1808
1819
1849
1935
2136
2244
2309
2284
2229
2157
2169
2250
2326
2315
2250
2196
2148
2087
2087
2072
2078
2049
2051
2110
2123
2061
1955
1873
1846
1863
1975
2131
2259
2350
2383
2447
2397
2206
2003
1837
1794
1795
1828
1908
2016
2030
1993
2002
1996
2014
2044
2150
2343
2461
2457
2376
2226
2040
1888
1882
1996
2140
2249
2264
2250
2170
2012
1857
1748
1736
1799
1963
2161
2327
2168
2048
1950
1857
1766
1685
1715
1693
1710
1735
1824
1960
2115
2216
2383
2495
2528
2488
2444
2391
2320
2208
2130
2076
2029
1980
2003
2072
2131
2161
2154
2172
2133
2018
1874
1779
1689
1627
1647
1719
1826
1987
2159
2308
2488
2552
2594
2584
2517
2401
2289
2210
2122
2102
2094
2153
2199
2224
2227
2253
2235
2125
2024
1920
1858
1727
1656
1665
1742
1808
1930
2076
2229
2307
2338
2371
2392
2298
2204
2116
2024
1936
1884
1844
1849
1881
1904
1949
2010
2029
2004
2000
1988
1973
1935
1917
1935
1991
2055
2161
2316
2473
2528
2563
2562
2509
2384
2251
2130
2031
1902
1824
1799
1811
1859
1938
2055
2179
2279
2294
2319
2281
2194
2058
1971
1892
1796
2234
2372
2419
2359
2186
1985
1858
1868
2014
2266
2564
2841
2907
2839
2621
2309
1968
1707
1603
1654
1767
1918
2074
2282
2423
2485
2420
2262
2049
1840
1700
1650
1646
1573
1549
1605
1737
1892
2125
2365
2539
2645
2668
2609
2507
2270
2006
1688
1368
1035
830
850
1098
1545
2087
2604
3051
3309
3451
3459
3323
2992
2525
2039
1632
1314
1149
1056
1061
1139
1317
1600
1992
2398
2790
3128
3375
3406
3268
2952
2547
2071
1573
1171
914
808
897
1187
1601
2016
2328
2565
2671
2683
2543
2327
2098
1923
1779
1767
1926
2093
2183
2209
2255
2318
2358
2345
2316
2345
2357
2407
2512
2534
2352
2063
1792
1627
1555
1551
1668
1812
1989
2214
2532
2769
2872
2848
2276
1972
1703
1486
1380
1375
1498
1773
2084
2343
2538
2689
2772
2680
2554
2416
2222
2008
1802
1712
1689
1752
1851
2038
2284
2440
2464
2468
2444
2373
2277
2164
2111
2036
1898
1794
1699
1621
1535
1499
1536
1625
1754
1954
2201
2467
2606
2759
2865
2889
2781
2605
2384
2082
1748
1440
1315
1312
1422
1626
1969
2269
2520
2678
2770
2746
2576
2384
2156
1936
1718
1593
1525
1542
1617
1755
1970
2206
2379
2475
2564
2611
2559
2382
2201
1995
1802
1619
1584
1616
1738
1906
2073
2252
2380
2379
2339
2272
2126
1950
1810
1760
1792
1825
1911
2009
2081
2153
2217
2301
2332
2358
2383
2388
2322
2209
2083
2008
2002
1974
1921
1909
1927
1889
1849
1856
1928
2034
2084
2173
2334
2524
2764
2891
2869
2734
2567
2447
2323
2164
2021
1873
1734
1586
1457
1361
1307
1352
1551
1861
2167
2293
2295
2214
2089
2031
2012
2056
2082
2011
1913
1881
1897
1925
1989
2152
2281
2352
2371
2311
2161
1941
1781
1696
1721
1711
1723
1829
1955
2152
2343
2567
2693
2678
2628
2603
2646
2675
2634
2491
2278
2073
1924
1941
2038
2016
1853
1662
1506
1462
1516
1710
1882
1996
1947
1848
1800
1825
2011
2308
2591
2807
2826
2707
2561
2471
2360
2296
2249
2143
1927
1638
1414
1234
1048
872
914
1113
1402
1792
2248
2699
3009
3143
3147
3013
2718
2314
1923
1575
1322
1157
1133
1224
1400
1672
2070
2554
3015
3403
3699
3812
3745
3428
2978
2419
1793
2570
3269
3856
4095
4095
4095
4095
3834
3214
2512
1827
1202
666
286
141
201
394
641
969
1269
1502
1759
2076
2457
2970
3488
4002
4095
4095
4095
4095
3694
2859
1819
742
3
2
2
1
0
571
1683
2733
3563
4067
4095
3948
3477
2844
2132
1552
1176
973
979
1102
1342
1565
1719
1830
1950
2004
2076
2143
2247
2334
2423
2504
2613
2721
2693
2623
2451
2253
2029
1854
1776
1732
1708
1664
1593
1541
1467
1445
1533
1761
2102
2459
2820
3110
3213
3128
2866
2512
2138
1699
1406
1283
1320
1402
1621
1883
2133
2251
2294
2306
2308
2288
2377
2602
2878
3180
3358
3391
3235
2791
2115
1342
568
2
2
1
43
697
1573
2448
3244
3810
687
475
364
410
537
758
1090
1515
1928
2380
2796
3176
3444
3671
3744
3718
3609
3430
3153
2855
2533
2215
1921
1667
1404
1209
1043
939
883
875
896
991
1136
1318
1518
1780
2017
2276
2485
2668
2833
2887
2934
2934
2900
2808
2749
2631
2498
2358
2220
2079
1934
1832
1756
1701
1715
1767
1888
2012
2097
2202
2252
2226
2158
2039
1892
1702
1531
1402
1330
1321
1413
1592
1871
2189
2529
2878
3192
3445
3650
3777
3769
3740
3635
3379
3024
2588
2048
1440
781
108
1
0
0
0
1
1
0
1
0
596
1582
2571
3514
4095
4095
4095
4095
4095
4095
4095
4095
4095
4095
4095
3311
2400
1458
582
0
0
0
1
0
1
0
1
