2087
2083
2076
2073
2079
2082
2068
2066
2066
2070
2077
2076
2069
2070
2071
2076
2070
2082
2074
2073
2071
2060
2056
2067
2064
2078
2075
2081
2066
2075
2068
2074
2082
2077
2080
2089
2089
2086
2095
2085
2087
2083
2089
2097
2088
2093
2090
2095
2101
2082
2085
2101
2086
2094
2103
2087
2101
2102
2103
2096
2090
2100
2119
2102
2102
2122
2121
2106
2112
2128
2122
2128
2109
2119
2130
2127
2116
2117
2112
2124
2124
2127
2128
2135
2126
2123
2139
2129
2128
2125
2120
2138
2138
2136
2137
2131
2132
2130
2140
2130
2123
2117
2130
2126
2115
2116
2108
2117
2104
2103
2107
2103
2098
2099
2105
2106
2103
2093
2093
2087
2080
2094
2079
2086
2069
2081
2078
2072
2088
2096
2102
2098
2097
2094
2090
2106
2091
2080
2085
2102
2096
2088
2095
2096
2087
2095
2088
2072
2085
2085
2095
2085
2088
2088
2086
2091
2086
2095
2094
2093
2088
2084
2072
2067
2068
2077
2072
2084
2077
2075
2075
2072
2073
2072
2068
2072
2077
2070
2059
2072
2071
2080
2064
2071
2068
2062
2065
2067
2065
2058
2060
2066
2062
2068
2063
2058
2064
2063
2058
2064
2068
2075
2080
2064
2060
2060
2068
2070
2065
2072
2066
2072
2061
2058
2067
2075
2057
2067
2083
2050
2053
2068
2055
2064
2067
2072
2077
2074
2071
2069
2063
2056
2073
2072
2066
2076
2079
2075
2071
2061
2070
2073
2061
2066
2076
2072
2072
2069
2066
2058
2076
2068
2064
2073
2079
2066
2105
2093
2076
2064
2044
2032
2026
2003
1999
1975
1969
1947
1933
1912
1906
1897
1904
1898
1906
1900
1911
1919
1936
1941
1968
1968
1990
2009
2024
2053
2091
2132
2155
2182
2220
2258
2284
2313
2328
2341
2360
2364
2368
2361
2360
2347
2337
2314
2310
2299
2284
2262
2248
2234
2221
2204
2186
2178
2173
2157
2146
2140
2122
2119
2110
2102
2066
2052
2042
2020
2000
2002
2002
1982
1978
1964
1947
1951
1951
1954
1967
1977
1987
1991
2006
2025
2045
2055
2060
2059
2072
2075
2070
2084
2085
2086
2102
2086
2095
2097
2101
2127
2123
2139
2163
2186
2186
2192
2202
2191
2188
2168
2148
2127
2085
2057
2006
1981
1953
1910
1895
1888
1888
1906
1936
1972
2011
2063
2218
2194
2168
2122
2106
2075
2031
2003
1984
1948
1942
1947
1972
1970
1991
2027
2063
2103
2139
2180
2215
2229
2248
2253
2250
2222
2196
2174
2123
2057
2011
1969
1945
1935
1936
1944
1954
1986
2033
2076
2118
2152
2175
2195
2192
2161
2155
2109
2090
2055
1999
1952
1948
1951
1948
1964
2002
2036
2084
2128
2175
2226
2250
2270
2288
2270
2250
2210
2168
2116
2042
1972
1937
1905
1870
1867
1879
1923
1959
2026
2091
2155
2222
2290
2326
2353
2365
2349
2320
2255
2207
2120
2044
1972
1892
1839
1828
1799
1819
1844
1892
1948
2012
2077
2141
2203
2239
2271
2300
2304
2286
2259
2214
2200
2150
2107
2070
2047
2036
2015
2027
2048
2064
2088
2109
2104
2124
2119
2222
2206
2074
1949
1883
1915
2002
2088
2147
2188
2241
2325
2344
2310
2186
2039
1955
1940
1992
2037
2021
1987
1931
1922
1966
2011
2077
2160
2268
2362
2443
2429
2325
2200
2106
2065
2045
2014
1970
1940
1962
1977
2001
1996
2003
2043
2148
2313
2414
2454
2400
2310
2174
2040
1907
1748
1627
1585
1644
1762
1878
1946
1991
2036
2114
2201
2273
2274
2253
2203
2160
2088
2042
2013
2025
2058
2112
2155
2153
2138
2103
2062
2008
1999
2081
2216
2336
2429
2422
2380
2334
2326
2288
2189
2035
1919
1876
1904
1949
1958
1947
1982
2074
2215
2302
2274
2155
2038
1976
2000
2068
2125
2145
2195
2264
2339
2328
2231
2098
1981
1911
1929
1987
2013
1994
1984
1992
2031
2105
2043
1982
1977
1970
1961
1958
1940
1900
1878
1882
1884
1886
1932
2009
2088
2176
2264
2344
2412
2407
2383
2337
2265
2182
2114
2076
2033
2055
2066
2090
2111
2111
2089
2070
2039
1995
1955
1925
1912
1928
1960
2016
2065
2100
2132
2152
2161
2171
2155
2148
2148
2160
2185
2206
2214
2230
2232
2210
2169
2115
2048
2006
1984
1975
1995
2016
2080
2155
2208
2239
2259
2255
2228
2190
2143
2102
2034
2010
1990
1982
1957
1974
1992
2001
2028
2040
2055
2074
2096
2104
2130
2133
2142
2144
2118
2109
2098
2090
2072
2068
2068
2032
2017
2002
1988
1962
1952
1939
1950
1960
1975
2019
2093
2179
2271
2369
2435
2463
2437
2354
2219
2056
1882
1736
1662
1657
1709
2103
2086
2065
2052
2032
2036
2046
2060
2085
2130
2154
2199
2241
2281
2261
2187
2107
2044
1994
1921
1870
1904
1980
2064
2122
2158
2177
2148
2114
2043
1981
1921
1882
1866
1918
1967
1994
2034
2104
2202
2271
2288
2272
2232
2187
2138
2066
2004
1954
1954
1978
2040
2084
2130
2146
2223
2329
2418
2434
2385
2304
2188
2064
1922
1795
1708
1717
1804
1910
2023
2099
2190
2300
2400
2398
2327
2228
2138
2075
1977
1875
1838
1860
1924
2028
2153
2254
2324
2332
2329
2290
2206
2074
1970
1875
1803
1804
1880
2019
2152
2249
2298
2343
2337
2286
2165
2027
1891
1781
1730
1740
1791
1883
2003
2145
2285
2382
2402
2406
2383
2304
2172
2033
1947
1843
1744
1674
1686
2208
2108
2048
2032
2093
2194
2300
2363
2377
2354
2288
2212
2150
2106
2063
2009
1959
1913
1868
1845
1904
2008
2121
2258
2377
2426
2394
2281
2116
1966
1863
1832
1898
1987
2075
2137
2158
2129
2100
2113
2133
2118
2096
2026
1958
1899
1862
1904
1996
2149
2270
2360
2365
2269
2094
1917
1760
1702
1703
1794
1914
2041
2161
2236
2270
2262
2242
2206
2168
2125
2071
1964
1835
1732
1706
1791
1960
2198
2441
2631
2705
2626
2452
2198
1941
1744
1620
1592
1641
1756
1883
2022
2180
2359
2526
2687
2776
2755
2612
2396
2159
1942
1800
1772
1806
1824
1831
1830
1835
1922
2114
2392
2651
2785
2763
2607
2342
2094
1904
1812
1778
1759
1784
1824
1927
2064
2213
2343
2135
1959
1775
1642
1599
1672
1866
2103
2336
2507
2579
2588
2502
2343
2123
1893
1691
1582
1569
1668
1862
2128
2370
2561
2684
2704
2566
2298
1971
1686
1479
1426
1516
1740
2049
2353
2600
2721
2706
2581
2358
2101
1872
1681
1546
1452
1442
1536
1746
2017
2348
2662
2828
2820
2636
2360
2024
1714
1492
1354
1347
1483
1733
2046
2355
2610
2749
2748
2608
2407
2186
1959
1752
1606
1578
1610
1715
1869
2021
2143
2237
2292
2317
2322
2275
2251
2238
2230
2204
2192
2139
2089
2044
2015
1968
1925
1909
1944
2036
2184
2355
2482
2558
2548
2491
2384
2261
2132
2012
1868
1762
1710
1722
1799
1913
2056
2209
2346
2438
2454
2432
2334
2206
2042
1895
1750
1648
1604
1922
2065
2229
2375
2459
2394
2174
1896
1640
1565
1676
1897
2132
2324
2493
2670
2775
2708
2491
2189
1956
1864
1915
1942
1896
1790
1790
1944
2228
2495
2595
2557
2451
2347
2239
2066
1799
1547
1451
1572
1880
2183
2374
2435
2451
2428
2365
2226
2018
1830
1757
1851
1994
2051
2034
1997
2034
2163
2338
2498
2642
2780
2855
2746
2431
1915
1412
1055
934
984
1188
1535
1939
2335
2583
2639
2578
2488
2474
2487
2456
2376
2296
2231
2105
1853
1507
1220
1175
1366
1673
1960
2152
2272
2330
2297
2173
2005
1920
1991
2173
2371
2438
2386
2238
2065
1881
1690
1572
1544
1687
1910
2115
2170
2080
1941
1859
1832
1878
2055
2365
2747
3056
3148
2964
2592
2180
1821
2354
2265
2110
1961
1882
1896
2014
2217
2432
2565
2576
2438
2223
1955
1717
1540
1475
1508
1633
1840
2103
2356
2560
2664
2663
2524
2288
2005
1733
1529
1440
1517
1748
2077
2416
2664
2782
2754
2580
2328
2095
1923
1832
1830
1881
1967
2063
2153
2252
2313
2328
2285
2175
1993
1840
1707
1648
1690
1809
1983
2152
2296
2394
2438
2439
2428
2360
2288
2209
2126
2006
1888
1777
1690
1638
1656
1735
1876
2036
2228
2367
2458
2486
2485
2421
2308
2167
2022
1862
1743
1696
1721
1838
2007
2226
2389
2483
2470
2362
2168
1941
1743
1619
1604
1670
1800
1976
2156
2310
2430
2507
2496
2430
2310
2157
1966
1788
1650
1592
1644
1790
2018
2267
2480
2608
2658
2617
2527
4095
4080
3486
2640
1757
1058
612
383
288
299
482
929
1623
2409
3140
3687
4038
4095
3952
3532
2964
2282
1607
1080
719
606
800
1280
1843
2360
2763
3062
3253
3332
3284
3052
2660
2180
1658
1197
868
672
659
859
1209
1646
2060
2427
2775
3144
3436
3559
3357
2874
2316
1909
1731
1676
1581
1352
1102
1008
1138
1375
1582
1648
1653
1756
2010
2346
2584
2610
2468
2341
2394
2574
2731
2714
2436
2004
1643
1397
1258
1156
1055
1027
1176
1607
2294
2995
3504
3725
3707
3546
3366
3176
2884
2422
1789
1084
483
180
239
623
1223
1904
2601
3248
3784
4095
4095
4048
3547
2844
1995
1123
318
3
1
2
1
83
725
1538
2458
3358
4049
4095
1172
1373
1671
2008
2340
2634
2838
2965
2984
2917
2772
2558
2316
2056
1819
1615
1488
1428
1445
1528
1700
1908
2162
2418
2648
2823
2903
2848
2671
2416
2092
1737
1436
1196
1069
1067
1204
1467
1825
2246
2664
3032
3282
3366
3264
2946
2450
1812
1151
602
258
199
439
955
1632
2377
3062
3612
3948
4063
3951
3632
3140
2562
1922
1328
812
436
247
291
552
1006
1555
2175
2726
3191
3508
3664
3663
3533
3295
2943
2493
1946
1360
836
400
159
186
485
1040
1777
2614
3402
4032
4095
4095
4095
3616
2856
1965
1092
340
1
3
3
1
366
1029
1721
2353
2876
3276
3560
3705
3763
3726
3595
3364
3052
2695
2275
1844
1409
1006
701
479
380
4095
4095
4095
4095
3618
2788
1941
1128
449
2
2
6
3
305
895
1525
2170
2777
3278
3670
3930
4076
4062
3953
3675
3293
2762
2136
1420
671
4
3
3
2
3
3
3
535
1515
2570
3595
4095
4095
4095
4095
4095
4095
4095
4033
3160
2221
1292
474
0
3
3
3
3
3
3
165
934
1768
2606
3400
4090
4095
4095
4095
4095
4095
4095
4086
3391
2602
1822
1072
473
53
1
2
120
523
1049
1610
2160
2643
3048
3340
3507
3567
3496
3336
3050
2686
2228
1683
1137
583
76
2
2
1
1
2
465
1174
1973
2776
3523
4095
4095
4095
4095
4095
4095
4095
3926
3394
2791
2180
1541
951
469
117
2
1
123
2586
2306
1960
1618
1266
914
592
332
135
16
1
17
147
325
596
908
1284
1695
2128
2569
3012
3458
3880
4095
4095
4095
4095
4095
4095
4095
4095
4095
4095
4095
4095
4095
3821
3104
2349
1568
848
157
1
2
1
1
1
3
1
1
2
0
1
2
1
2
26
507
1054
1636
2248
2871
3496
4095
4095
4095
4095
4095
4095
4095
4095
4095
4095
4095
4095
4095
4095
4095
4095
4095
3808
2920
2033
1153
315
1
3
2
2
4
3
1
2
2
1
4
3
1
1
4
2
3
284
1084
1876
2646
3357
4036
4095
4095
4095
4095
4095
4095
4095
4095
4095
4095
4095
4095
4095
4095
4095
4095
4095
4095
3660
2904
