2086
2087
2084
2095
2090
2106
2087
2084
2100
2088
2088
2089
2096
2089
2078
2089
2087
2086
2082
2079
2078
2066
2076
2080
2092
2082
2078
2078
2082
2082
2080
2098
2079
2082
2088
2084
2077
2082
2086
2095
2084
2086
2096
2095
2087
2095
2104
2106
2093
2091
2105
2097
2087
2098
2105
2101
2094
2092
2085
2094
2093
2097
2106
2102
2098
2096
2100
2093
2089
2092
2103
2101
2098
2098
2103
2112
2109
2096
2101
2119
2122
2110
2106
2104
2112
2108
2116
2115
2116
2104
2119
2112
2107
2106
2120
2126
2121
2102
2114
2119
2105
2102
2102
2116
2105
2110
2117
2115
2104
2093
2111
2106
2104
2113
2112
2121
2108
2099
2102
2114
2110
2114
2114
2109
2109
2116
2111
2104
2016
2024
2036
2035
2053
2066
2077
2096
2127
2110
2119
2114
2120
2111
2097
2080
2060
2050
2040
2032
2022
2023
2016
2026
2007
2011
1993
1999
1992
1978
1965
1967
1940
1925
1921
1925
1923
1916
1913
1925
1926
1928
1954
1973
1979
2002
2015
2035
2029
2039
2050
2066
2060
2062
2065
2074
2072
2086
2099
2101
2113
2127
2142
2152
2192
2198
2214
2229
2232
2248
2260
2242
2247
2245
2246
2233
2225
2224
2209
2190
2183
2186
2172
2176
2177
2186
2176
2180
2184
2180
2176
2169
2157
2148
2148
2124
2109
2088
2074
2082
2054
2052
2049
2050
2063
2076
2090
2108
2105
2121
2142
2154
2160
2166
2165
2160
2154
2131
2121
2102
2062
2056
2026
1989
1955
1944
1918
1897
1948
1917
1855
1826
1820
1837
1857
1878
1924
1964
2005
2041
2058
2080
2106
2137
2156
2196
2250
2276
2314
2346
2352
2360
2313
2258
2190
2126
2030
1994
1967
1937
1936
1965
2014
2049
2087
2119
2112
2097
2070
2033
1980
1928
1913
1880
1878
1900
1917
1956
1980
2019
2060
2055
2078
2067
2068
2072
2068
2084
2106
2129
2161
2198
2218
2246
2254
2244
2240
2210
2170
2104
2068
1992
1932
1880
1851
1862
1860
1893
1955
2006
2064
2120
2158
2184
2216
2245
2217
2198
2195
2181
2165
2164
2163
2159
2159
2181
2182
2182
2181
2161
2147
2134
2125
2114
2093
2126
2131
2162
2182
2218
2206
2214
2224
2201
2168
2127
2094
2040
2004
1964
1951
1945
1964
1990
2042
2083
2115
2140
2165
2176
2176
2181
2186
2182
2147
2116
2051
2002
1932
1886
1866
1860
1852
1875
1915
1964
2026
2103
2172
2224
2269
2292
2301
2286
2250
2191
2127
2061
2012
1961
1938
1920
1917
1928
1953
1989
2033
2079
2136
2192
2241
2295
2330
2350
2348
2333
2314
2284
2255
2224
2205
2169
2115
2074
2014
1953
1904
1845
1802
1800
1833
1891
1975
2091
2207
2300
2381
2452
2477
2468
2431
2370
2269
2168
2071
1980
1924
1888
1860
1875
1922
1982
2057
2128
2199
2254
2288
2314
2328
2335
2328
2297
2246
2191
2110
2015
1906
1822
1736
1679
1677
1687
1736
1836
1936
2056
2164
2266
2339
2404
2440
2445
2441
2419
2389
2317
2245
2180
2093
2010
1912
1826
1732
1680
2524
2523
2456
2360
2176
1986
1837
1786
1806
1874
1942
1965
1955
1979
2057
2193
2315
2404
2447
2416
2324
2228
2157
2059
1992
1882
1754
1616
1540
1557
1697
1900
2083
2230
2336
2392
2397
2399
2388
2399
2423
2448
2424
2340
2224
2087
1952
1836
1723
1663
1633
1700
1818
1918
2016
2050
2063
2087
2138
2232
2321
2377
2387
2355
2308
2270
2236
2215
2200
2138
2076
2016
1988
1962
1916
1900
1890
1872
1902
1942
1979
2034
2092
2156
2210
2252
2285
2324
2300
2250
2167
2070
1972
1887
1833
1803
1812
1849
1912
1990
2057
2111
2170
2254
2367
2480
2533
2534
2450
2334
2258
2192
2152
2108
2016
1912
1822
1756
1756
1781
1816
1881
1932
2008
2100
2214
2298
2357
2178
2236
2288
2308
2296
2290
2262
2247
2225
2184
2161
2139
2078
2036
1980
1945
1915
1899
1932
1964
1997
2044
2081
2105
2109
2105
2105
2092
2109
2148
2197
2225
2264
2284
2271
2221
2167
2111
2051
1996
1953
1941
1933
1952
1985
2003
2010
2012
2015
2024
2050
2086
2118
2178
2204
2221
2266
2262
2258
2241
2217
2201
2176
2176
2137
2120
2094
2062
2056
2048
2051
2056
2030
2004
1980
1897
1852
1828
1825
1866
1979
2095
2254
2377
2490
2542
2560
2497
2409
2279
2154
2032
1931
1864
1837
1848
1874
1929
2011
2111
2192
2274
2328
2348
2309
2219
2118
1973
1821
1706
1632
1612
1656
1746
1878
2055
2226
2372
2479
2530
2535
2475
2345
2183
1971
1763
1584
1496
1803
1938
2153
2355
2468
2477
2407
2287
2156
2005
1851
1744
1701
1719
1715
1725
1744
1816
1934
2079
2188
2273
2397
2545
2715
2811
2780
2617
2409
2270
2160
2071
2032
1965
1893
1818
1769
1748
1798
1881
1967
2047
2105
2156
2202
2223
2211
2130
2012
1932
1854
1838
1846
1878
1920
1986
2078
2152
2220
2299
2393
2496
2561
2534
2381
2214
2050
1907
1796
1691
1613
1626
1724
1890
2071
2180
2252
2272
2315
2349
2360
2331
2259
2151
2030
1930
1817
1741
1682
1690
1776
1890
2035
2194
2344
2464
2555
2589
2563
2504
2440
2372
2288
2186
2054
1907
1797
1752
1783
1862
1962
2088
2228
2365
2465
2471
2376
2198
2021
1936
1918
1932
1947
1939
1870
1797
1718
1687
2063
1980
1930
1886
1876
1895
1935
1985
2076
2184
2273
2353
2391
2396
2328
2206
2047
1847
1674
1546
1484
1514
1648
1839
2096
2344
2563
2746
2853
2866
2828
2710
2554
2357
2174
1966
1805
1657
1541
1456
1426
1460
1516
1649
1794
1978
2151
2304
2422
2509
2535
2516
2469
2378
2240
2059
1858
1659
1473
1320
1276
1381
1594
1925
2296
2651
2923
3034
2982
2762
2442
2073
1750
1528
1445
1528
1696
1892
2088
2242
2346
2414
2446
2472
2505
2513
2478
2410
2275
2057
1808
1588
1419
1344
1394
1562
1814
2091
2356
2576
2734
2840
2865
2867
2840
2757
2586
2344
2032
1676
1355
1127
1040
1120
1324
1648
1986
2310
2540
2692
2779
2808
2798
2768
2698
2575
2410
2188
2118
2203
2312
2438
2535
2529
2446
2295
2115
1946
1786
1652
1583
1600
1684
1816
1948
2072
2212
2395
2607
2769
2825
2750
2620
2463
2327
2182
1994
1793
1623
1500
1504
1576
1725
1900
2109
2323
2514
2651
2684
2640
2574
2514
2435
2317
2119
1850
1580
1368
1282
1307
1393
1533
1700
1900
2124
2395
2650
2834
2918
2933
2866
2764
2576
2350
2059
1751
1495
1322
1208
1179
1233
1362
1583
1884
2211
2535
2787
2898
2886
2778
2646
2496
2368
2220
2040
1834
1607
1415
1346
1385
1509
1681
1902
2119
2312
2459
2548
2572
2511
2396
2252
2112
2017
1922
1880
1856
1879
1911
1959
2023
2098
2146
2180
2204
2228
2260
2318
2383
2414
2420
2334
2163
1919
1658
1428
1340
976
1016
1184
1496
1895
2330
2670
2927
3068
3134
3160
3160
3140
3026
2808
2478
2057
1599
1211
971
919
1058
1345
1708
2069
2388
2592
2710
2700
2630
2477
2321
2186
2088
2044
2079
2134
2150
2120
2048
1922
1769
1646
1564
1532
1568
1679
1895
2149
2416
2680
2861
2899
2792
2560
2212
1827
1458
1156
997
961
1073
1280
1587
1985
2434
2863
3178
3324
3305
3132
2895
2675
2536
2463
2447
2436
2364
2217
1990
1732
1480
1285
1176
1185
1329
1624
2034
2519
2996
3376
3598
3599
3342
2866
2299
1756
1296
1000
864
850
942
1144
1398
1663
1871
1969
1985
1949
1921
1961
2098
2340
2635
2893
3019
2955
2692
2255
1718
1168
757
541
577
839
1304
1858
2380
3426
3177
2926
2702
2480
2253
2000
1713
1416
1134
860
685
597
622
751
1008
1306
1635
1957
2281
2539
2736
2885
2952
2959
2911
2801
2652
2464
2272
2085
1882
1716
1592
1508
1493
1522
1609
1742
1927
2128
2365
2579
2769
2909
2937
2884
2765
2571
2339
2107
1909
1801
1766
1814
1896
1982
2055
2052
1990
1876
1737
1591
1484
1432
1418
1459
1532
1643
1761
1888
2061
2228
2425
2627
2782
2874
2867
2751
2536
2266
1955
1702
1511
1443
1523
1715
2009
2344
2674
2940
3098
3128
3038
2834
2561
2223
1911
1616
1395
1224
1149
1155
1234
1395
1604
1848
2091
2307
2468
2550
2559
2504
2357
2170
1984
1844
1765
1769
1864
2045
2274
2536
2764
2921
2968
2879
2664
1608
1761
1891
1987
2028
2075
2115
2185
2256
2339
2396
2374
2299
2276
2324
2453
2652
2836
2918
2845
2600
2216
1729
1214
825
575
542
675
956
1303
1693
2136
2633
3166
3671
4065
4095
4095
3718
3058
2292
1579
1040
750
685
772
928
1099
1258
1426
1615
1817
1974
2082
2120
2113
2111
2212
2372
2650
2964
3227
3370
3368
3211
2945
2662
2366
2090
1838
1518
1140
761
481
405
634
1101
1744
2381
2881
3173
3267
3143
2920
2619
2290
1986
1703
1504
1419
1490
1707
1995
2296
2472
2526
2426
2236
2059
1944
1917
1970
1976
1932
1832
1729
1697
1775
1926
2096
2242
2304
2257
2142
1990
1872
1780
1749
1761
1776
1792
1791
1828
1923
2074
2275
2509
2729
726
1182
1679
2135
2527
2816
3040
3186
3242
3270
3216
3112
2911
2616
2226
1787
1287
789
328
2
3
2
40
421
970
1628
2309
2944
3479
3884
4095
4095
4095
4088
3901
3653
3352
3022
2655
2258
1839
1379
939
511
170
4
3
2
175
580
1120
1714
2327
2868
3327
3634
3781
3746
3606
3343
3011
2631
2267
1919
1622
1388
1223
1134
1129
1202
1347
1559
1836
2141
2452
2719
2917
3025
3006
2866
2638
2352
2040
1761
1560
1444
1435
1539
1718
1942
2162
2364
2506
2609
2694
2734
2800
2858
2938
2999
3020
2960
2832
2617
2290
1928
1507
1140
843
664
615
705
906
1232
1589
1976
2326
2605
2790
2874
2880
2795
2641
2460
2249
2036
1840
1666
1515
967
556
344
340
466
700
1005
1325
1652
1946
2197
2414
2608
2765
2861
2967
3050
3128
3158
3160
3082
2918
2660
2329
1960
1589
1211
907
701
655
750
981
1331
1768
2200
2574
2820
2934
2896
2703
2413
2122
1862
1730
1753
1877
2152
2518
2885
3272
3539
3688
3685
3493
3160
2706
2178
1586
976
406
2
2
3
2
2
250
835
1513
2168
2765
3293
3679
3975
4095
4095
4095
4095
4095
3951
3665
3266
2796
2251
1622
945
288
3
3
3
4
3
2
116
759
1419
1992
2490
2855
3107
3265
3314
3300
3216
3154
3082
3054
3105
3188
3249
3294
3300
3251
3162
3016
2810
2532
2196
1802
1370
902
459
33
2
2
2
1
2
4095
4095
4095
3708
3183
2652
2166
1719
1334
1010
739
522
350
255
251
370
621
1029
1595
2320
3129
4030
4095
4095
4095
4095
4095
4095
4095
4095
4095
3465
2006
534
2
3
1
3
1
0
1
3
3
1
232
1854
3595
4095
4095
4095
4095
4095
4095
4095
4095
4095
4095
4095
3802
2286
807
1
2
2
2
2
3
3
2
1
3
3
1080
2745
4095
4095
4095
4095
4095
4095
4095
4095
4095
4095
4095
4041
2384
570
3
1
2
3
2
4
1
2
2
2
2
0
1218
3152
4095
4095
4095
4095
4095
4095
4095
4095
4095
4095
4095
3782
2132
493
1
1
1
1
5
2
2
2
3
1
3
983
