2066
2045
2067
2074
2080
2078
2084
2097
2088
2068
2079
2101
2100
2088
2120
2117
2095
2120
2135
2128
2107
2128
2141
2143
2128
2128
2146
2180
2169
2155
2173
2176
2186
2183
2188
2200
2191
2197
2197
2202
2186
2186
2168
2208
2215
2198
2196
2182
2182
2140
2149
2137
2147
2123
2094
2091
2080
2057
2066
2034
2024
2016
2016
2025
1998
1998
1996
1999
2017
2016
2013
2033
2014
2027
2040
2036
2032
2033
2057
2056
2053
2034
2056
2078
2092
2087
2079
2089
2103
2096
2108
2107
2083
2067
2058
2052
2047
2069
2052
2052
2031
2056
2033
2022
2057
2060
2070
2058
2077
2108
2111
2121
2135
2138
2141
2169
2164
2161
2155
2170
2150
2164
2153
2146
2130
2120
2117
2107
2067
2064
2060
2060
2064
2043
2067
2060
2091
2098
2117
2099
2120
2140
2112
2144
2178
2183
2199
2204
2228
2268
2282
2278
2319
2305
2303
2290
2263
2233
2210
2200
2206
2199
2163
2158
2133
2110
2093
2062
2034
1999
1984
1988
1973
1970
2002
2004
2020
2038
2048
2053
2023
2002
2044
2024
2062
2059
2078
2120
2153
2183
2179
2177
2175
2173
2145
2141
2136
2143
2152
2144
2137
2141
2106
2091
2088
2090
2063
2054
2063
2055
2046
2029
2012
2022
2024
2032
2034
2039
2039
2030
2021
2031
2033
2043
2061
2066
2074
2062
2095
2112
2160
2173
2179
2166
2158
2187
2200
2205
2212
2218
2190
2177
2153
2108
2088
2091
2087
2083
2086
2074
2082
2091
2066
2083
2047
2041
2247
2257
2268
2267
2258
2234
2170
2141
2068
2001
1937
1888
1861
1846
1866
1914
1970
2045
2134
2211
2241
2286
2309
2333
2320
2291
2241
2153
2097
2053
1987
1958
1941
1935
1925
1958
1978
2006
2034
2075
2118
2165
2191
2228
2231
2234
2242
2211
2182
2132
2082
2041
1989
1957
1900
1896
1901
1939
1972
2039
2096
2149
2206
2246
2251
2247
2235
2196
2147
2101
2044
2012
1974
1968
1990
1979
2023
2065
2090
2124
2158
2205
2226
2235
2213
2216
2202
2181
2140
2118
2110
2068
2040
2016
2013
2011
2025
1995
2019
2075
2081
2083
2112
2118
2127
2112
2105
2095
2097
2081
2079
2060
2083
2069
2064
2073
2105
2114
2141
2175
2163
2165
2194
2199
2201
2196
2185
2167
2072
1984
1956
1951
2006
2021
2043
2096
2153
2219
2298
2302
2305
2262
2182
2152
2150
2161
2187
2182
2173
2168
2154
2114
2117
2062
1990
1886
1800
1766
1755
1799
1897
2006
2119
2192
2252
2277
2325
2335
2341
2329
2298
2288
2241
2194
2185
2176
2091
2020
1929
1826
1751
1717
1729
1760
1838
1905
1998
2048
2160
2217
2256
2282
2266
2266
2261
2271
2329
2370
2418
2391
2358
2282
2162
2018
1869
1707
1603
1550
1565
1598
1674
1805
1944
2077
2192
2237
2270
2294
2336
2387
2396
2379
2383
2384
2408
2431
2417
2335
2221
2068
1964
1930
1878
1839
1795
1751
1812
1914
2032
2115
2149
2163
2167
2179
2236
2237
2247
2213
2205
2232
2227
2211
2157
2140
2124
2066
1976
1993
2036
2051
2085
2138
2152
2128
2128
2087
2078
2071
2078
2065
2055
2058
2061
2036
2055
2079
2088
2115
2167
2194
2249
2267
2299
2292
2295
2274
2222
2218
2173
2170
2156
2142
2144
2144
2131
2106
2078
2029
2018
1992
1968
1943
1912
1931
1944
1943
1946
1990
2010
2056
2083
2125
2147
2190
2212
2226
2225
2263
2210
2200
2171
2129
2089
2066
2035
1982
1960
1936
1950
1929
1947
1991
2056
2088
2133
2206
2244
2269
2292
2271
2224
2159
2093
2052
2040
1976
1966
1960
1985
2012
2035
2058
2071
2098
2122
2099
2109
2103
2070
2060
2060
2064
2060
2088
2116
2130
2160
2191
2189
2212
2204
2200
2217
2173
2140
2100
2077
2018
1979
1918
1904
1889
1903
1932
2215
2160
2071
1960
1798
1672
1644
1675
1777
1928
2143
2345
2506
2624
2695
2713
2639
2506
2323
2195
2070
2018
1962
1900
1816
1748
1688
1671
1682
1730
1775
1776
1865
2008
2212
2391
2553
2625
2636
2570
2445
2316
2183
1995
1770
1554
1384
1315
1370
1531
1736
1989
2188
2386
2516
2642
2640
2587
2464
2277
2107
1940
1867
1852
1880
1892
1888
1859
1824
1834
1864
1959
2080
2194
2310
2475
2598
2687
2700
2617
2493
2315
2125
1914
1738
1584
1537
1560
1652
1814
1968
2109
2215
2313
2426
2508
2532
2485
2403
2280
2204
2233
2248
2199
2052
1860
1711
1666
1687
1732
1791
1840
1891
2051
2263
2502
2663
2658
2582
2451
2346
2293
2201
2088
1960
1847
1822
1855
1976
1979
2038
2098
2144
2152
2146
2136
2088
2064
2079
2071
2075
2113
2135
2180
2153
2124
2081
2011
1945
1860
1852
1852
1885
1952
2070
2175
2288
2380
2450
2490
2531
2536
2532
2476
2380
2276
2152
2041
1952
1862
1808
1806
1864
1937
2004
2084
2150
2208
2201
2182
2145
2081
2018
1972
1957
1907
1917
1963
2001
2062
2102
2146
2160
2183
2169
2159
2146
2131
2117
2096
2069
2068
2045
2024
1990
1977
1980
1984
2026
2067
2095
2144
2218
2250
2259
2237
2184
2160
2076
1966
1880
1786
1709
1668
1678
1732
1798
1901
2046
2198
2324
2413
2475
2486
2464
2393
2302
2150
2035
1909
1787
1714
1680
1690
1752
1822
1991
2142
2295
2410
2452
2479
2469
2370
2233
2072
2470
2607
2641
2606
2552
2495
2404
2271
2064
1782
1536
1357
1281
1392
1599
1799
2015
2195
2364
2577
2733
2865
2913
2809
2607
2364
2162
2022
1922
1807
1663
1500
1361
1320
1374
1505
1707
1900
2128
2355
2640
2906
3106
3121
2961
2608
2230
1914
1687
1563
1494
1443
1411
1472
1617
1858
2076
2204
2223
2171
2135
2190
2323
2436
2456
2372
2240
2105
2037
1979
1921
1790
1625
1520
1580
1753
2001
2222
2399
2523
2506
2463
2402
2278
2132
1950
1810
1764
1766
1816
1923
1968
1961
1971
1963
2006
2076
2183
2277
2400
2472
2553
2529
2473
2360
2182
1993
1863
1756
1692
1696
1752
1788
1839
1925
2046
2206
2289
2296
2299
2330
2344
2383
2419
2419
2375
2341
2308
2578
2584
2474
2316
2126
1922
1700
1540
1424
1433
1516
1639
1836
2081
2300
2525
2661
2763
2777
2709
2584
2420
2231
2014
1823
1646
1512
1411
1366
1433
1539
1728
1948
2198
2468
2663
2764
2776
2714
2587
2386
2151
1955
1771
1623
1545
1531
1576
1632
1745
1870
2027
2185
2337
2484
2537
2571
2505
2394
2216
2013
1817
1644
1531
1484
1533
1667
1832
2059
2269
2411
2515
2539
2472
2327
2104
1892
1700
1528
1414
1412
1486
1639
1841
2064
2344
2598
2835
3025
3126
3144
3049
2851
2547
2209
1838
1452
1122
902
812
909
1109
1411
1815
2189
2573
2884
3097
3141
3091
2922
2677
2374
2052
1786
1568
1453
1420
1507
1713
1952
2209
2470
2668
2804
2846
2811
2687
2043
2086
2136
2227
2268
2256
2223
2196
2155
2094
2098
2129
2138
2095
2041
1994
1959
1902
1899
1882
1839
1755
1681
1724
1822
1984
2122
2176
2134
2048
2002
2055
2203
2304
2388
2333
2264
2179
2158
2134
2098
1999
1846
1717
1707
1820
2028
2212
2335
2372
2312
2204
2057
1912
1783
1694
1693
1776
1957
2169
2376
2523
2595
2625
2546
2503
2400
2242
2021
1769
1496
1247
1110
1131
1290
1531
1878
2203
2520
2749
2886
2981
2984
2877
2761
2607
2415
2253
2108
1958
1804
1592
1410
1285
1263
1311
1434
1593
1689
1798
1969
2240
2500
2737
2921
3019
3018
2986
2874
2717
2472
2158
1847
1577
1342
1148
1061
1047
1157
1436
1825
2283
2712
2983
3177
3232
3159
2949
2425
2589
2694
2776
2720
2518
2249
1937
1638
1423
1284
1286
1380
1559
1781
1982
2145
2277
2362
2398
2432
2461
2412
2342
2228
2084
1892
1721
1599
1574
1622
1758
2039
2378
2711
2985
3207
3278
3229
3025
2728
2354
1952
1634
1342
1175
1107
1159
1294
1491
1703
1948
2146
2334
2496
2634
2702
2692
2557
2332
2036
1730
1407
1179
1037
1100
1320
1653
2049
2467
2852
3126
3259
3261
3125
2840
2477
2119
1806
1564
1451
1466
1524
1653
1833
2009
2116
2204
2227
2209
2154
2062
1924
1779
1655
1563
1487
1476
1568
1732
1974
2256
2541
2788
2930
2998
2905
2701
2427
2134
1844
1625
1503
1451
1530
1700
1916
2109
2344
2500
2597
2576
2531
2414
2233
2081
1930
1850
2701
3155
3544
3822
3919
3833
3538
3099
2617
2133
1728
1360
1071
892
735
597
512
538
750
1111
1667
2369
3081
3743
4095
4095
4095
4095
3732
3009
2202
1408
744
293
27
2
39
205
459
804
1199
1647
2117
2566
2975
3318
3539
3690
3705
3669
3576
3412
3238
3003
2722
2366
1976
1597
1242
915
646
424
250
123
74
171
436
898
1550
2336
3189
3963
4095
4095
4095
4095
4095
3434
2571
1662
904
352
20
3
2
192
493
853
1316
1898
2513
3133
3759
4095
4095
4095
4095
4054
3484
2800
2132
1536
1092
749
469
240
99
50
194
462
918
1472
2053
2585
3062
3437
3722
3923
4075
4095
4042
3792
3360
2774
2144
1504
999
613
987
783
673
686
850
1148
1524
1956
2427
2905
3347
3696
3951
4086
4079
3944
3661
3289
2805
2310
1802
1320
871
516
234
33
2
14
180
496
914
1449
2023
2625
3208
3687
4095
4095
4095
4095
4095
3864
3388
2833
2231
1604
997
441
0
1
1
0
0
150
680
1349
2041
2746
3387
3915
4095
4095
4095
4095
3905
3410
2830
2199
1562
963
502
127
1
1
84
435
902
1474
2102
2676
3200
3609
3881
3955
3898
3687
3350
2933
2474
2004
1558
1185
960
825
781
858
1066
1368
1724
2084
2444
2720
2946
3050
3037
2911
2676
2385
2026
1657
1336
1047
816
698
679
756
960
1270
1717
2241
2828
3391
3925
4095
4095
4095
4095
4095
416
577
756
1009
1306
1616
1970
2354
2714
3094
3432
3751
4064
4095
4095
4095
4095
4095
4095
4095
3958
3611
3204
2796
2368
1937
1551
1235
937
731
610
610
688
861
1098
1420
1802
2215
2703
3212
3717
4095
4095
4095
4095
4095
4095
4095
4095
4095
4095
4095
4095
4072
3430
2696
1990
1313
665
110
3
1
0
2
0
1
1
1
1
0
58
525
1060
1551
1983
2409
2758
2999
3178
3254
3255
3223
3081
2881
2611
2342
1997
1638
1279
944
612
339
146
1
0
3
122
376
688
1101
1526
1976
2392
2776
3153
3444
3650
3799
3843
3828
3770
3649
3389
3087
2733
2297
1812
1273
712
167
2
2
2
0
1
0
0
0
3157
2773
2383
2033
1666
1301
989
680
434
219
27
1
2
1
1
0
2
35
156
282
463
638
855
1067
1272
1495
1711
1943
2142
2359
2594
2786
2992
3197
3428
3605
3806
3976
4095
4095
4095
4095
4095
4095
4095
4095
4095
4095
4095
4095
4040
3740
3413
3073
2703
2315
1903
1479
1074
690
335
3
1
1
0
0
0
1
0
0
1
1
0
0
0
1
1
95
404
729
1076
1380
1697
2011
2329
2642
2920
3184
3436
3664
3867
4047
4095
4095
4095
4095
4095
4095
4095
4095
4095
4095
4095
4012
3814
3596
3332
3060
2791
2452
2153
1879
1572
1285
1015
771
547
376
215
82
4
1
2
0
9
71
180
310
