2092
2120
2104
2089
2077
2107
2096
2081
2099
2080
2097
2096
2094
2097
2100
2063
2074
2084
2084
2073
2099
2119
2092
2092
2104
2106
2091
2080
2115
2102
2096
2090
2117
2130
2105
2085
2081
2108
2103
2078
2090
2099
2082
2077
2095
2101
2085
2082
2112
2105
2088
2080
2110
2110
2092
2086
2139
2106
2085
2083
2103
2103
2086
2092
2094
2086
2062
2081
2101
2093
2091
2083
2116
2087
2077
2099
2117
2107
2093
2070
2090
2100
2082
2094
2118
2103
2064
2092
2124
2096
2072
2133
2133
2096
2079
2092
2108
2115
2096
2081
2085
2087
2072
2089
2131
2088
2070
2085
2121
2092
2081
2106
2104
2084
2084
2090
2086
2084
2057
2074
2093
2076
2055
2058
2072
2057
2066
2068
2096
2070
2058
2092
2093
2096
2078
2079
2072
2072
2070
2061
2083
2079
2055
2064
2092
2066
2069
2066
2077
2069
2072
2081
2081
2053
2072
2077
2064
2032
2036
2068
2069
2056
2051
2095
2098
2040
2052
2072
2075
2034
2055
2095
2080
2057
2056
2071
2082
2091
2066
2092
2103
2087
2071
2088
2084
2084
2070
2071
2096
2078
2077
2091
2089
2075
2086
2106
2104
2086
2091
2097
2088
2077
2081
2127
2123
2116
2115
2125
2115
2097
2105
2106
2103
2092
2110
2109
2109
2107
2110
2135
2133
2103
2131
2125
2127
2122
2146
2136
2144
2120
2132
2170
2152
2118
2149
2148
2122
2099
2140
2166
2125
2116
2125
2136
2134
2133
2133
2141
2114
2120
2140
2123
2110
2114
2136
2128
2090
2086
2094
2089
2072
2056
2082
2112
2106
2102
2130
2130
2124
2104
2099
2118
2095
2057
2051
2082
2042
2030
2054
2047
2044
2027
2061
2105
2118
2096
2129
2174
2160
2184
2196
2197
2200
2177
2200
2206
2166
2140
2136
2117
2108
2079
2075
2066
2058
2012
2045
2063
2045
2024
2055
2068
2065
2056
2059
2080
2080
2072
2099
2112
2119
2107
2130
2123
2125
2118
2128
2130
2119
2118
2152
2170
2165
2155
2183
2199
2142
2144
2163
2129
2112
2082
2083
2064
2040
2056
2037
2008
1990
1981
1971
1977
1953
1981
1996
1999
1997
2013
2043
2039
2033
2031
2065
2048
2046
2058
2081
2076
2064
2065
2070
2075
2081
2071
2069
2088
2055
2074
2092
2098
2070
2103
2115
2111
1991
1943
1916
1894
1907
1891
1881
1896
1913
1952
1965
2024
2062
2108
2123
2143
2230
2263
2283
2307
2326
2338
2294
2283
2262
2219
2147
2103
2072
2020
1969
1938
1916
1914
1904
1923
1938
1966
1957
1993
2047
2073
2117
2171
2225
2250
2274
2334
2374
2341
2304
2311
2285
2244
2188
2151
2093
2023
1963
1934
1889
1850
1789
1784
1774
1768
1816
1886
1953
1991
2053
2149
2226
2270
2304
2358
2401
2380
2387
2368
2334
2287
2258
2215
2143
2074
1991
1953
1902
1851
1820
1820
1829
1783
1803
1883
1963
1994
2060
2147
2225
2237
2284
2350
2370
2338
2340
2332
2255
2181
2170
2103
2084
2013
1971
1928
1884
1837
1843
1843
1821
1833
1898
1932
1994
2032
2113
2181
2143
2155
2184
2174
2133
2149
2139
2118
2113
2150
2172
2191
2177
2202
2215
2165
2107
2120
2095
2037
2003
2023
2020
2022
2020
2083
2120
2161
2185
2219
2224
2200
2150
2111
2084
2016
1966
1969
1977
1933
1953
1975
1996
2012
2050
2128
2166
2215
2224
2256
2255
2221
2218
2215
2149
2069
2035
2052
2007
1982
1986
2059
2077
2111
2148
2204
2209
2185
2152
2126
2074
2032
2004
1987
1979
1957
1987
1997
2056
2059
2090
2104
2101
2078
2104
2144
2116
2119
2138
2143
2111
2060
2032
2046
2019
1989
2031
2088
2099
2153
2185
2195
2173
2163
2161
2160
2145
2110
2134
2138
2121
2060
2035
1996
1944
1920
1916
1949
2000
2068
2145
2187
2191
2188
2184
2150
2102
2097
2269
2242
2222
2228
2279
2238
2131
1995
1924
1879
1889
1926
1991
2017
2004
2016
2103
2201
2256
2286
2255
2179
2105
2110
2153
2144
2078
1993
1922
1854
1854
1920
2036
2136
2160
2126
2114
2162
2178
2185
2216
2246
2228
2262
2303
2302
2271
2189
2066
1928
1831
1769
1795
1865
1896
2009
2135
2225
2273
2259
2231
2177
2107
2117
2152
2198
2167
2119
2046
1931
1843
1846
1954
2044
2079
2128
2167
2189
2197
2205
2226
2204
2176
2190
2156
2101
2026
1975
1939
1907
1883
1914
2021
2065
2131
2200
2190
2136
2123
2150
2148
2137
2104
2078
2015
1957
1887
1856
1902
1912
1935
1959
1979
1997
2031
2164
2240
2274
2300
2326
2286
2236
2202
2191
2156
2094
2070
2079
2009
2037
2078
2132
2133
2151
2112
2119
2146
2161
2194
2208
2175
2092
2003
1970
1977
1958
1988
2027
2055
2058
2044
2032
2017
2035
2026
2077
2128
2123
2134
2172
2201
2169
2127
2103
2076
2037
2021
2039
2094
2128
2170
2197
2221
2174
2164
2163
2110
2017
1921
1855
1814
1821
1858
2006
2093
2175
2246
2311
2338
2337
2374
2374
2356
2279
2225
2182
2173
2136
2097
2067
2004
1946
1903
1950
2010
2027
2057
2096
2092
2121
2201
2296
2389
2408
2392
2337
2266
2205
2180
2145
2073
1991
1941
1955
1963
1981
2030
2079
2096
2081
2070
2081
2079
2086
2098
2096
2128
2131
2130
2143
2091
1970
1945
1973
1991
2046
2147
2229
2287
2270
2311
2274
2189
2061
1931
1799
2232
2254
2268
2288
2268
2296
2304
2263
2217
2166
2079
1999
1987
1990
1997
2017
2018
2075
2081
2125
2150
2200
2203
2130
2077
2048
2023
2000
2017
2014
2028
1989
1969
1923
1895
1898
1955
2025
2092
2141
2192
2215
2208
2178
2152
2136
2086
2038
2015
2050
2038
2051
2102
2160
2165
2133
2120
2123
2079
2036
2039
2013
1981
1997
2034
2078
2115
2120
2167
2205
2184
2127
2078
2033
1989
1947
1961
2003
2023
2077
2158
2193
2204
2162
2177
2158
2133
2118
2137
2176
2190
2167
2197
2221
2211
2207
2198
2192
2125
2082
2046
2001
1941
1944
1978
2038
2099
2153
2238
2275
2260
2246
2196
2100
2018
1949
1907
1872
1860
1913
1978
2025
2079
2193
2245
2302
2272
2238
2436
2416
2353
2367
2375
2330
2191
1973
1722
1573
1614
1797
1953
2019
2024
2038
2124
2247
2319
2365
2389
2391
2428
2446
2370
2143
1885
1683
1589
1610
1681
1802
1794
1826
1918
2068
2228
2313
2349
2347
2326
2348
2335
2260
2067
1779
1567
1533
1618
1763
1891
1960
1952
1978
2114
2278
2418
2350
2281
2232
2260
2242
2161
2031
1837
1761
1819
2000
2141
2141
2105
2120
2140
2170
2206
2206
2202
2283
2400
2437
2418
2305
2174
2109
2053
2001
2048
2086
2070
2107
2119
2087
2024
2006
2071
2170
2204
2184
2156
2133
2095
2056
2054
2005
1984
2057
2152
2259
2292
2258
2216
2176
2079
1964
1906
1828
1794
1823
1919
1964
1955
1910
1995
2096
2181
2301
2339
2333
2055
1992
1946
1907
1957
2002
2071
2187
2325
2437
2504
2506
2476
2413
2326
2219
2139
2042
1921
1835
1813
1830
1885
1977
2099
2207
2245
2263
2249
2207
2110
2064
1991
1920
1847
1811
1846
1896
2001
2135
2237
2336
2317
2325
2266
2198
2073
1962
1885
1778
1743
1846
2001
2163
2340
2489
2599
2604
2511
2387
2172
1944
1703
1492
1371
1320
1368
1567
1882
2179
2480
2745
2894
2898
2811
2615
2364
2079
1789
1594
1496
1457
1563
1761
1990
2194
2359
2483
2477
2367
2218
2071
1871
1731
1680
1713
1841
2007
2217
2434
2584
2600
2550
2418
2226
2002
1834
1735
1704
1716
1842
2029
2194
2356
2460
2522
2507
2398
2248
2089
1912
1749
1680
1698
1779
1889
2077
2259
1817
1766
1690
1699
1795
1989
2136
2234
2317
2426
2491
2562
2563
2419
2244
2136
2058
2005
1928
1832
1754
1740
1800
1985
2135
2216
2237
2276
2376
2470
2476
2409
2252
2123
2050
1996
1967
1879
1804
1810
1846
1913
1984
2088
2203
2287
2333
2385
2375
2353
2288
2195
2128
2015
1937
1893
1861
1825
1797
1869
1975
2068
2167
2289
2403
2435
2374
2257
2146
2058
1986
1928
1832
1672
1647
1729
1832
1889
1900
1929
2018
2166
2318
2380
2345
2274
2171
2113
2062
1977
1966
1979
1973
1963
1945
2005
2077
2081
2055
2008
2011
2012
2044
2084
2059
2059
2094
2189
2223
2216
2220
2285
2319
2293
2280
2231
2163
2075
2011
1912
1824
1813
1916
2039
2127
2184
2242
2300
2228
2126
2030
1952
1922
1934
1943
1934
1952
1968
1957
1978
2024
2099
2156
2172
2215
2182
2122
2087
2032
2029
2024
2115
2207
2310
2383
2373
2311
2178
1952
1752
1597
1553
1580
1724
1898
2103
2298
2440
2522
2552
2522
2464
2438
2408
2315
2195
2104
1965
1786
1659
1564
1548
1605
1679
1848
2056
2243
2390
2549
2608
2636
2583
2531
2414
2255
2034
1837
1635
1454
1392
1432
1544
1682
1862
2059
2200
2269
2322
2368
2364
2382
2390
2403
2404
2378
2338
2259
2103
1909
1758
1633
1609
1649
1779
1969
2188
2384
2528
2617
2560
2392
2224
2023
1822
1679
1696
1788
1953
2133
2282
2453
2547
2578
2592
2506
2384
2215
2013
1785
1588
1456
1377
1413
1460
1551
1720
2158
1952
1887
1950
2077
2226
2493
2776
3088
3355
3517
3595
3524
3284
2906
2485
1919
1317
762
365
147
145
360
721
1169
1575
1973
2318
2598
2723
2703
2543
2186
1694
1184
692
357
155
189
404
781
1239
1819
2499
3080
3587
3998
4095
4095
4012
3715
3348
3010
2707
2477
2312
2202
2203
2329
2497
2723
2952
3181
3264
3155
2880
2478
1939
1356
807
405
140
48
143
413
796
1249
1696
2151
2436
2608
2602
2444
2192
1863
1592
1419
1306
1331
1511
1806
2179
2569
2907
3236
3450
3512
3444
3228
2864
2361
1843
1384
1035
841
838
1074
1455
1939
2438
2944
3298
3537
3592
3458
3142
2669
2149
1578
1078
729
596
649
887
1247
1701
2138
2471
1747
2231
2732
3158
3501
3778
3900
3860
3652
3271
2740
2082
1330
592
2
1
1
1
209
929
1742
2564
3263
3705
3971
4071
3985
3717
3317
2873
2402
1944
1563
1281
1104
1065
1127
1298
1487
1678
1794
1854
1845
1813
1818
1860
1958
2100
2325
2616
2923
3177
3376
3434
3304
3036
2641
2136
1625
1054
570
266
91
144
402
872
1486
2189
2856
3467
3890
4095
4095
3972
3628
3158
2653
2234
1797
1421
1149
940
754
678
685
845
1075
1353
1659
1945
2198
2425
2616
2848
3084
3338
3552
3691
3692
3552
3208
2723
2087
1452
896
453
141
14
94
355
783
1371
2047
2745
3350
3798
4016
3999
3721
3270
2743
2166
1618
1158
838
687
670
822
800
1013
1328
1680
2069
2479
2850
3173
3453
3630
3679
3608
3433
3158
2829
2432
2006
1619
1218
889
613
444
362
429
623
884
1268
1713
2219
2698
3128
3486
3748
3917
3956
3886
3656
3350
2980
2531
2103
1669
1267
974
711
552
500
544
686
940
1224
1590
1988
2373
2706
3043
3246
3405
3423
3279
3068
2787
2440
2042
1689
1398
1163
1039
1017
1075
1223
1424
1680
1957
2245
2531
2793
3011
3183
3265
3259
3125
2872
2565
2221
1862
1551
1299
1176
1092
1082
1143
1295
1477
1654
1844
2006
2190
2388
2512
2618
2679
2664
2607
2468
2294
2078
1874
1736
1628
1596
1666
1810
2039
2270
2535
2788
2986
3107
3104
2996
2802
2526
2144
1715
1289
905
596
