2114
2123
2122
2088
2106
2126
2100
2103
2119
2101
2115
2073
2073
2098
2102
2085
2091
2115
2110
2077
2100
2101
2073
2080
2092
2081
2064
2064
2105
2091
2092
2105
2097
2077
2086
2091
2103
2100
2099
2098
2083
2067
2092
2091
2106
2093
2070
2089
2087
2099
2097
2098
2094
2087
2074
2118
2084
2102
2099
2096
2092
2087
2094
2104
2092
2097
2083
2080
2079
2087
2088
2074
2095
2060
2060
2091
2077
2072
2076
2071
2097
2106
2100
2084
2095
2111
2097
2101
2107
2099
2092
2092
2092
2082
2080
2086
2092
2083
2068
2100
2098
2085
2095
2099
2092
2075
2096
2106
2107
2087
2095
2096
2097
2091
2088
2086
2109
2105
2115
2120
2103
2108
2131
2099
2089
2099
2123
2139
2163
2151
2112
2092
2072
2051
2045
2075
2035
2053
2068
2091
2120
2137
2160
2167
2159
2147
2159
2175
2161
2113
2117
2109
2070
2038
2027
2010
2021
1981
1968
1982
1984
1985
2002
2031
2057
2043
2038
2084
2090
2081
2081
2088
2086
2066
2056
2069
2052
2050
2082
2083
2074
2070
2104
2116
2128
2127
2166
2174
2193
2214
2244
2236
2245
2218
2230
2251
2224
2196
2212
2182
2154
2127
2132
2099
2085
2057
2038
2014
2003
1992
2014
1989
1966
1956
1968
1955
1927
1952
1982
1977
1972
2016
2021
2016
2011
2009
2036
2038
2029
2052
2034
2033
2051
2049
2082
2067
2072
2090
2114
2124
2160
2185
2204
2193
2209
2245
2254
2239
2215
2241
2219
2214
2166
2203
2210
2176
2056
2038
2066
2040
2047
2074
2098
2127
2116
2112
2146
2168
2163
2192
2213
2190
2169
2143
2128
2093
2066
2056
2065
2049
2021
2027
2047
2031
2027
2050
2073
2070
2055
2086
2100
2080
2063
2101
2078
2064
2064
2079
2064
2034
2049
2046
2060
2050
2101
2144
2169
2192
2231
2268
2290
2274
2243
2214
2157
2109
2067
1992
1938
1908
1908
1897
1893
1912
1928
1988
2035
2106
2168
2214
2241
2248
2282
2303
2263
2236
2186
2145
2082
2036
2010
1965
1949
1948
1970
1999
2041
2094
2151
2189
2216
2262
2292
2308
2244
2251
2223
2167
2091
2042
2022
2003
1956
1929
1922
1946
1962
1976
2036
2062
2082
2127
2180
2180
2197
2191
2183
2148
2091
2035
1984
1929
1892
1896
2020
2042
2067
2076
2089
2151
2188
2198
2222
2280
2292
2232
2159
2111
2056
2006
2023
2090
2091
2080
2062
2026
2008
2028
2013
2032
2030
2043
2078
2176
2209
2225
2231
2194
2150
2133
2133
2136
2056
2034
2011
2030
2032
2016
2010
1996
1963
1990
2054
2102
2122
2109
2119
2136
2124
2096
2098
2049
2069
2079
2134
2139
2130
2089
2062
2055
2090
2137
2194
2218
2215
2176
2136
2038
1981
1971
2013
2119
2211
2260
2282
2260
2206
2128
2072
2011
1992
2012
2084
2131
2123
2041
1973
1976
1988
2009
2041
2088
2088
2177
2238
2196
2095
2047
2012
2038
2084
2105
2160
2133
2110
2107
2123
2087
2092
2127
2178
2182
2171
2136
2117
2121
2127
2124
2088
2047
2011
2019
2068
2201
2299
2381
2424
2431
2381
2285
2138
1990
1872
1781
1754
1764
1850
1969
2073
2168
2276
2305
2316
2290
2223
2124
2054
1996
1997
1997
2045
2203
2292
2319
2361
2343
2260
2139
2012
1926
1829
1748
1784
1839
1934
2034
2148
2257
2289
2242
2193
2118
2005
1918
1863
1856
1880
1969
2097
2240
2335
2406
2426
2419
2311
2226
2137
2033
1952
1940
1953
1998
2078
2124
2203
2234
2211
2146
2065
1932
1833
1752
1762
1773
1854
1935
2057
2157
2222
2260
2269
2209
2128
2053
2016
2015
2028
2093
2179
2252
2330
2392
2393
2332
2258
2173
2111
2060
2040
2031
2030
2046
2058
2050
2029
1968
1865
1813
1802
1801
1870
1988
2172
2342
2459
2556
2586
2528
2373
2222
1995
1928
1985
2076
2113
2128
2117
2103
2125
2188
2312
2395
2388
2350
2270
2184
2047
1932
1859
1816
1835
1956
2077
2099
2075
2084
2104
2116
2080
2042
2075
2090
2032
2022
1969
1943
1951
2014
2049
2064
2096
2156
2271
2294
2281
2307
2368
2407
2371
2267
2169
2061
1956
1842
1753
1656
1704
1865
2054
2194
2287
2370
2456
2474
2472
2439
2419
2299
2150
1993
1865
1769
1700
1700
1783
1890
2090
2293
2445
2502
2504
2475
2417
2303
2134
1960
1817
1684
1637
1636
1595
1567
1654
1851
2075
2213
2348
2474
2539
2580
2532
2408
2220
2009
1893
1857
1800
1778
1843
1964
2109
2220
2288
2308
2330
2373
2415
2396
2265
2140
2023
1928
1832
1696
1652
1648
1722
1853
2647
2561
2396
2174
1927
1712
1534
1425
1449
1562
1741
1973
2177
2388
2522
2578
2539
2459
2347
2184
2060
1943
1854
1813
1828
1876
1946
2016
2086
2151
2145
2146
2147
2152
2142
2100
2103
2104
2062
2018
1988
1975
1964
2027
2082
2128
2185
2237
2299
2303
2296
2260
2233
2128
2064
1984
1968
1938
1975
2029
2100
2170
2200
2229
2209
2132
2071
2005
1935
1853
1830
1875
1915
1985
2103
2205
2286
2361
2379
2342
2303
2216
2110
2040
1972
1907
1916
1951
2043
2088
2154
2199
2291
2319
2293
2246
2180
2073
1999
1899
1859
1833
1857
1937
2009
2083
2183
2248
2276
2296
2284
2216
2101
1966
1856
1806
1793
1821
1927
2105
2239
2359
2455
2480
2423
2329
2251
2120
1869
1804
1825
1960
2161
2284
2425
2492
2521
2474
2376
2220
2091
2000
1946
1882
1790
1718
1754
1851
1936
2042
2244
2442
2524
2478
2391
2254
2096
1944
1877
1846
1824
1874
1924
2033
2105
2171
2204
2233
2247
2235
2196
2080
1927
1794
1720
1756
1901
2073
2208
2336
2404
2411
2431
2424
2361
2239
2092
1979
1874
1840
1769
1691
1680
1810
2020
2237
2385
2459
2475
2417
2305
2209
2104
1963
1825
1802
1833
1881
1929
1966
2048
2172
2267
2365
2433
2445
2378
2246
2070
1901
1815
1834
1846
1802
1814
1911
2076
2173
2263
2333
2385
2397
2408
2378
2323
2224
2147
2028
1834
1678
1613
1723
1909
2046
2156
2200
2224
2257
2330
2386
2312
2158
2064
2070
2115
2136
2334
2221
2026
1823
1674
1637
1665
1805
2043
2355
2573
2685
2692
2560
2288
1958
1656
1389
1198
1149
1255
1513
1850
2222
2601
2878
3057
3084
2959
2750
2411
2021
1665
1416
1268
1237
1427
1736
2047
2369
2626
2760
2797
2724
2551
2349
2109
1879
1718
1651
1569
1575
1661
1773
1915
2065
2173
2252
2288
2306
2297
2328
2342
2382
2437
2430
2302
2153
2001
1851
1734
1685
1760
1845
1928
2042
2165
2288
2325
2342
2354
2330
2284
2252
2216
2118
1963
1803
1648
1497
1391
1352
1392
1526
1765
2126
2475
2758
2977
3096
3066
2884
2618
2324
1986
1638
1428
1336
1426
1656
1983
2262
2459
2502
2484
2429
2379
2328
2277
2225
2158
2090
2097
2098
2110
2072
1984
1834
1549
1727
1965
2255
2536
2746
2912
3013
2985
2869
2643
2344
2050
1803
1641
1602
1643
1715
1836
2010
2190
2306
2326
2285
2170
1967
1721
1512
1312
1182
1142
1167
1252
1392
1588
1833
2096
2326
2489
2635
2672
2620
2493
2323
2158
2004
1916
1898
1994
2157
2395
2666
2910
3100
3249
3225
3112
2863
2587
2253
1897
1596
1396
1297
1335
1456
1686
1986
2241
2445
2575
2631
2598
2503
2376
2172
1957
1746
1601
1479
1431
1456
1595
1780
1974
2129
2271
2291
2294
2235
2086
1901
1713
1590
1504
1494
1606
1832
2103
2379
2641
2859
3021
3042
2967
2784
2572
2288
1986
1712
1492
1323
1279
1335
1475
1639
1852
2086
2276
2410
2476
2505
2459
2377
2229
2127
2066
2051
3136
3220
3275
3248
3156
2911
2478
1963
1440
920
528
329
344
486
759
1200
1752
2345
2904
3337
3512
3548
3469
3403
3294
3102
2746
2349
1886
1458
1105
956
921
942
1025
1086
1279
1574
2026
2608
3128
3464
3571
3496
3232
2899
2476
2108
1747
1415
1211
1257
1500
1877
2217
2393
2356
2183
1886
1679
1665
1808
2136
2549
2971
3222
3217
2971
2467
1801
1235
806
673
812
1180
1605
1973
2208
2284
2219
2077
1881
1761
1762
1936
2288
2710
3004
3123
2939
2593
2191
1769
1493
1345
1312
1354
1420
1468
1534
1601
1588
1524
1486
1529
1710
2107
2672
3318
3871
4095
4095
3840
3188
2292
1382
626
111
3
88
532
1098
1723
2333
2802
3166
3301
3334
2818
3451
3885
4047
3930
3542
2950
2239
1528
939
490
299
376
720
1229
1836
2510
3131
3578
3835
3889
3681
3239
2635
1992
1348
832
495
394
530
830
1329
1911
2477
2942
3278
3436
3388
3127
2723
2321
1914
1576
1375
1361
1398
1471
1615
1855
2069
2212
2352
2440
2452
2349
2208
2100
2005
1951
1998
2155
2319
2463
2516
2529
2382
2133
1794
1473
1144
845
731
756
972
1356
1866
2419
2962
3354
3570
3589
3387
2991
2497
1910
1307
827
528
432
519
844
1363
2006
2641
3167
3526
3731
3655
3316
2807
2144
1520
1014
764
790
1058
1552
2193
2782
3275
3591
3697
3588
3267
2782
2213
1597
1042
641
485
587
962
1495
2129
2748
3248
3616
3769
2607
2296
2041
1846
1748
1746
1816
1915
1976
2055
2070
1969
1759
1510
1176
783
382
1
1
2
1
0
0
1
0
501
1359
2289
3255
4095
4095
4095
4095
4095
4095
4095
4095
4095
4095
4095
3803
2807
1808
844
1
0
1
0
0
0
0
0
246
1029
1851
2547
3145
3620
3938
4043
4018
3826
3501
3085
2641
2226
1886
1564
1329
1198
1208
1288
1500
1819
2149
2534
2972
3383
3725
3982
4095
4095
4027
3720
3318
2848
2284
1691
1193
767
435
233
193
305
488
741
1066
1416
1743
2054
2347
2647
2890
3092
3217
3287
3240
3121
2942
2737
2507
2285
2129
2001
1906
1836
1842
1842
1823
1780
1788
1805
1768
1712
1708
1708
1663
1648
1427
1645
1877
2172
2429
2638
2853
3011
3195
3362
3504
3574
3621
3614
3529
3354
3087
2736
2279
1724
1154
639
142
2
0
1
0
1
287
814
1401
1982
2533
3017
3417
3721
3943
4095
4095
4095
4019
3860
3645
3360
3014
2620
2194
1719
1256
819
420
80
2
1
2
5
272
692
1156
1663
2184
2638
3014
3300
3489
3569
3577
3500
3425
3299
3128
2938
2771
2595
2388
2182
1944
1740
1476
1218
1026
851
765
733
797
963
1220
1518
1868
2231
2560
2873
3122
3302
3402
3434
3418
3317
3160
2963
2755
2511
2264
1993
1744
1481
1243
1025
799
633
494
355
292
289
314
439
616
883
1208
1565
1980
2386
2779
3147
3481
3774
3990
4095
1829
1802
1776
1754
1701
1683
1636
1572
1525
1490
1440
1380
1332
1270
1230
1212
1173
1153
1161
1197
1203
1201
1249
1296
1355
1443
1508
1639
1722
1825
1957
2044
2174
2276
2417
2550
2693
2836
2984
3117
3301
3424
3593
3702
3837
3958
4095
4095
4095
4095
4095
4095
4095
4095
4095
4095
4095
4095
4095
4095
4095
4095
4095
4095
4081
3911
3709
3503
3286
3064
2814
2564
2294
2016
1736
1439
1136
842
548
266
0
1
0
3
0
0
0
2
1
0
0
0
1
0
1
0
1
0
1
1
0
1
1
0
3
0
1
1
1
133
518
915
1339
1725
2134
2547
2941
3287
3629
3982
4095
4095
4095
4095
4095
4095
4095
4095
