2087
2078
2095
2095
2049
2056
2098
2098
2066
2063
2090
2100
2076
2088
2079
2084
2081
2076
2089
2111
2094
2097
2095
2095
2096
2075
2114
2105
2096
2076
2081
2085
2093
2086
2112
2088
2090
2079
2107
2086
2081
2074
2095
2106
2097
2066
2099
2105
2087
2065
2083
2080
2061
2072
2110
2096
2065
2055
2089
2083
2079
2084
2111
2088
2092
2080
2124
2094
2074
2078
2109
2095
2076
2056
2089
2057
2067
2052
2067
2076
2080
2093
2094
2088
2056
2068
2089
2083
2080
2067
2084
2070
2064
2077
2094
2103
2099
2075
2096
2088
2085
2070
2078
2100
2059
2053
2083
2096
2060
2080
2106
2095
2080
2072
2110
2091
2086
2082
2094
2076
2083
2087
2115
2101
2075
2081
2101
2111
2062
2080
2088
2096
2056
2083
2114
2106
2086
2096
2090
2057
2071
2100
2104
2096
2082
2099
2119
2117
2087
2089
2112
2106
2072
2112
2122
2114
2099
2133
2148
2136
2098
2113
2123
2114
2106
2147
2133
2124
2091
2118
2111
2125
2106
2120
2134
2095
2097
2111
2119
2105
2094
2135
2153
2139
2111
2137
2127
2115
2104
2135
2131
2116
2100
2098
2089
2086
2087
2128
2137
2121
2096
2136
2122
2127
2111
2135
2136
2125
2102
2128
2142
2107
2072
2106
2130
2097
2084
2105
2118
2102
2102
2082
2116
2107
2078
2073
2114
2097
2080
2115
2103
2073
2063
2099
2107
2092
2081
2098
2108
2088
2072
2096
2099
2069
2056
2089
2105
2062
2069
2108
2089
2065
2055
2086
2093
2072
2036
2006
1992
2000
2002
1974
1945
1952
1988
1969
1957
1976
1999
2001
1988
1969
1984
1982
1979
1980
1993
1984
1987
1983
1976
1995
1980
2002
2051
2027
2005
2036
2067
2066
2040
2065
2088
2098
2096
2085
2113
2125
2094
2118
2115
2106
2080
2078
2116
2104
2094
2092
2103
2080
2080
2085
2110
2088
2079
2072
2112
2105
2131
2120
2111
2115
2082
2116
2130
2128
2121
2113
2153
2128
2102
2123
2160
2136
2113
2113
2151
2138
2128
2145
2170
2144
2147
2143
2184
2167
2155
2186
2179
2173
2145
2126
2159
2128
2105
2147
2162
2147
2144
2150
2158
2148
2156
2184
2177
2140
2125
2151
2147
2136
2104
2121
2115
2054
2041
2077
2068
2034
2054
2054
2085
2044
2057
2070
2270
2237
2199
2176
2148
2104
2058
2070
2033
2000
1967
1979
1967
1955
1918
1935
1918
1927
1966
1985
1991
2008
2043
2110
2138
2143
2146
2229
2230
2239
2246
2270
2282
2228
2200
2180
2184
2146
2109
2067
2030
1962
1909
1906
1885
1878
1877
1895
1948
1956
1970
2016
2038
2052
2065
2137
2188
2169
2199
2249
2243
2234
2233
2220
2201
2174
2161
2210
2188
2140
2162
2156
2135
2108
2075
2078
2021
1966
1907
1897
1849
1821
1834
1883
1893
1911
1954
2015
2077
2085
2128
2199
2217
2240
2269
2308
2295
2239
2215
2179
2128
2091
2045
2036
2018
1989
2052
2096
2111
2116
2123
2171
2146
2132
2111
2130
2106
2085
2089
2110
2115
2084
2112
2139
2153
2158
2162
2186
2148
2122
2108
2081
2060
2010
1956
1959
1955
1943
1957
2019
2055
2072
2119
2189
2208
2251
2242
2278
2265
2240
2167
2164
2132
2058
2035
2019
2014
1996
1972
1989
1971
1980
1989
2028
2048
2064
2080
2099
2081
2055
2047
2058
2044
2027
1987
2028
2032
2047
2076
2144
2226
2233
2248
2283
2290
2259
2209
2175
2104
2047
2006
2006
1995
1984
2018
2070
2101
2147
2198
2272
2319
2318
2270
2260
2185
2128
2028
1974
1925
1899
1899
1925
1955
1971
1998
2067
2112
2103
2124
2112
2106
2059
2045
2069
2055
2029
1983
2014
2006
1959
1942
2051
2087
2130
2164
2234
2241
2268
2210
2186
2131
2053
2006
2018
2035
2071
2128
2218
2255
2269
2257
2253
2191
2112
2057
2009
2123
2162
2227
2292
2345
2359
2308
2269
2245
2157
2086
2025
1960
1883
1844
1829
1848
1874
1916
1998
2098
2152
2160
2207
2234
2238
2211
2162
2132
2059
2019
1981
1955
1903
1927
2005
2131
2170
2188
2265
2324
2366
2354
2310
2278
2234
2166
2153
2097
2028
1953
1917
1940
1919
1936
1951
1986
2012
2008
2042
2068
2061
2037
2053
2097
2146
2120
2094
2078
2067
2063
2074
2064
2053
2032
2075
2135
2153
2178
2180
2234
2241
2202
2213
2228
2184
2160
2161
2153
2095
2019
1984
1987
1993
2011
2008
2028
2050
2061
2084
2151
2134
2128
2081
2072
2084
2096
2084
2085
2054
2025
2047
2046
2045
2030
2027
2074
2108
2106
2156
2227
2274
2274
2232
2261
2195
2149
2107
2138
2195
2191
2189
2239
2256
2242
2210
2205
2167
2073
2006
1950
1923
1909
1910
1929
1993
2069
2138
2206
2280
2291
2285
2262
2232
2121
2026
1969
1902
1809
1808
1848
1884
1902
1947
2050
2148
2182
2251
2286
2329
2298
2257
2231
2168
2133
2079
2065
2045
1989
1985
2043
2068
2046
2064
2096
2128
2119
2114
2105
2070
2011
1943
1894
1898
1873
1921
1996
2080
2192
2296
2360
2411
2438
2441
2419
2353
2243
2144
2078
2009
1975
1975
1975
2059
2093
2105
2133
2142
2093
2033
1996
1986
1933
1904
1912
1968
1987
2013
2069
2175
2224
2234
2242
2267
2221
2201
2188
2173
2114
2059
2060
2043
2048
2050
2103
2115
2096
2124
2129
2121
2086
2078
2089
2073
2024
1995
2004
2062
2131
2142
2173
2200
2264
2233
2156
2077
2064
2028
1989
1965
1981
2022
2053
2128
2186
2193
2125
2067
2089
2103
2084
2073
2099
2101
2117
2160
2168
2130
2101
2103
2140
2157
2147
2140
2217
2232
2213
2184
2169
2129
2042
1972
1942
1909
1861
1874
1928
2035
2060
2120
2240
2311
2330
2272
2224
2157
2106
2090
2106
2050
1979
1940
1985
2009
2008
2007
1995
1990
1991
2008
2098
2134
2085
2073
2135
2206
2236
2177
2099
2016
2019
2077
2151
2148
2113
2098
2134
2141
2137
2103
2055
2002
1966
1954
1946
1951
1906
1901
1958
2053
2142
2200
2185
2096
2046
2077
2134
2122
2107
2066
2128
2126
2104
2102
2057
1932
1811
1821
1909
2055
2200
2321
2441
2471
2310
2334
2368
2319
2218
2105
2021
1974
1982
1998
2084
2107
2093
2037
2012
1997
1956
1970
2053
2110
2150
2118
2147
2145
2114
2050
2005
2004
1990
1952
1959
2036
2120
2200
2305
2368
2341
2207
2083
1925
1794
1712
1773
1882
2020
2230
2426
2515
2442
2335
2237
2134
2025
1990
2063
2108
2084
2094
2120
2092
2035
1988
2045
2093
2112
2150
2214
2241
2264
2248
2190
2087
1918
1758
1731
1741
1866
2051
2291
2415
2426
2353
2296
2221
2088
1952
1884
1793
1758
1820
2002
2163
2224
2207
2190
2168
2141
2203
2319
2350
2263
2123
1979
1876
1801
1789
1868
1945
2026
2147
2312
2487
2526
2404
2185
1951
1770
1745
1895
2110
2258
2331
2353
2306
2189
2045
1936
1780
2135
2196
2245
2301
2308
2269
2241
2172
2078
1919
1781
1720
1699
1758
1930
2119
2271
2347
2402
2375
2321
2195
2108
2050
1952
1832
1766
1789
1842
1929
2073
2200
2336
2403
2462
2463
2353
2123
1897
1694
1550
1537
1707
1944
2189
2443
2621
2687
2646
2509
2337
2074
1808
1575
1413
1319
1311
1424
1610
1828
2128
2410
2729
2948
3049
2987
2829
2575
2259
1912
1625
1442
1353
1405
1612
1898
2165
2384
2572
2671
2605
2427
2263
2050
1833
1704
1720
1813
1982
2171
2383
2562
2666
2617
2501
2283
2027
1768
1547
1443
1437
1539
1722
1949
2179
2352
2525
2571
2549
2454
2293
2125
1913
1754
1662
1676
1702
1783
1906
2024
2156
2237
2300
2294
2286
2258
2264
2266
2313
2138
2026
1995
2022
2096
2157
2161
2156
2153
2076
1948
1801
1765
1818
1976
2107
2300
2357
2272
2107
1900
1734
1694
1750
2004
2327
2586
2772
2793
2622
2318
2004
1787
1664
1602
1680
1823
1951
2046
2077
2014
1857
1688
1666
1852
2133
2495
2752
2897
2854
2727
2580
2405
2214
2027
1891
1780
1694
1617
1516
1459
1422
1490
1676
2002
2376
2699
2923
3023
3012
2925
2783
2689
2574
2377
2131
1882
1608
1360
1232
1181
1231
1361
1610
1976
2340
2642
2847
2894
2771
2650
2542
2464
2400
2299
2177
2019
1841
1586
1417
1335
1367
1528
1791
2097
2294
2384
2381
2322
2207
2088
1987
2008
2059
2114
2215
2244
2155
1952
1820
1782
1870
2024
2172
2245
2225
2162
1634
1930
2212
2467
2596
2672
2659
2632
2584
2435
2220
1952
1712
1554
1521
1691
1953
2232
2495
2650
2676
2580
2418
2258
2088
1928
1767
1620
1493
1448
1522
1777
2140
2484
2746
2872
2804
2580
2300
2016
1753
1584
1460
1472
1517
1624
1863
2192
2444
2599
2591
2468
2207
1902
1656
1508
1540
1628
1782
1964
2124
2219
2326
2462
2547
2489
2400
2259
2116
2016
1974
1994
2009
1940
1848
1792
1705
1708
1797
1985
2214
2430
2640
2802
2850
2810
2656
2434
2095
1734
1449
1334
1356
1547
1885
2307
2636
2830
2854
2736
2496
2200
1915
1690
1542
1537
1647
1895
2230
2551
2745
2793
2573
2183
1728
1308
1083
1057
1275
1685
2125
2542
2868
3034
3021
2829
2525
2149
2088
1982
1949
2046
2320
2628
2862
2839
2584
2217
1820
1448
1137
877
710
619
788
1273
1932
2576
3001
3254
3271
3071
2799
2491
2164
1788
1444
1288
1323
1531
1800
2062
2265
2312
2316
2300
2349
2435
2491
2676
2866
2945
2938
2826
2611
2222
1755
1428
1295
1345
1630
2039
2444
2652
2682
2578
2403
2239
2078
1989
1965
1971
2054
2283
2537
2659
2572
2357
1960
1587
1283
1210
1244
1288
1315
1426
1685
2060
2544
3007
3253
3220
2943
2527
2061
1560
1095
767
604
681
1048
1646
2310
2850
3190
3382
3382
3222
2881
2440
1952
1465
1103
920
901
946
1013
1235
1560
2002
2539
3080
3486
3653
3595
3407
3168
2874
2586
2282
2025
1798
1587
1416
1347
1364
3354
3470
3404
3187
2815
2403
1891
1391
936
632
464
482
681
1072
1635
2232
2790
3279
3656
3852
3787
3566
3176
2627
1951
1277
709
242
1
9
299
896
1590
2441
3256
3850
4095
4095
4095
3659
2974
2180
1359
647
109
1
1
89
564
1263
2051
2805
3400
3876
4095
4087
3829
3415
2840
2210
1600
1107
793
636
655
878
1198
1504
1823
2137
2401
2609
2764
2876
2958
2966
2881
2694
2468
2208
1894
1677
1555
1497
1504
1603
1737
1822
1907
1948
2006
2053
2142
2251
2365
2482
2537
2561
2545
2511
2429
2354
2317
2283
2174
2046
1904
1643
1364
1069
864
709
667
842
1177
1667
2225
2804
3385
3829
4022
4064
3888
3490
2915
2219
1531
882
1274
848
430
79
0
2
1
1
0
0
1
207
598
1052
1544
2060
2597
3090
3582
3992
4095
4095
4095
4095
4095
4095
4095
4095
3938
3480
3018
2514
1983
1463
979
533
164
0
0
0
1
0
109
472
905
1387
1904
2418
2878
3264
3602
3869
4001
4018
3949
3791
3569
3248
2869
2453
1994
1563
1141
748
422
146
3
2
39
220
525
942
1378
1911
2480
3014
3485
3896
4095
4095
4095
4095
4095
4095
3823
3405
2949
2462
1942
1461
1009
580
225
0
1
0
1
0
42
345
763
1252
1809
2369
2957
3479
3986
4095
4095
4095
4095
4095
4095
4095
4095
3593
2964
2288
1622
1014
448
0
1
1
1
1
0
0
