2091
2077
2114
2104
2081
2069
2126
2122
2080
2072
2085
2113
2096
2059
2101
2127
2093
2067
2096
2124
2099
2083
2086
2104
2105
2080
2063
2102
2095
2072
2078
2087
2078
2052
2072
2101
2089
2064
2084
2078
2064
2038
2082
2110
2098
2077
2075
2096
2089
2072
2093
2106
2095
2045
2046
2077
2086
2069
2073
2110
2090
2072
2085
2120
2092
2083
2078
2116
2093
2073
2102
2128
2098
2079
2070
2112
2128
2083
2093
2108
2100
2095
2080
2082
2119
2109
2103
2125
2133
2131
2090
2102
2128
2117
2093
2134
2136
2108
2093
2085
2121
2116
2089
2088
2108
2106
2083
2074
2113
2110
2076
2087
2105
2101
2098
2098
2107
2119
2093
2093
2117
2125
2079
2094
2099
2104
2084
2082
2139
2122
2114
2079
2128
2148
2137
2092
2102
2117
2104
2092
2107
2141
2124
2113
2104
2124
2122
2094
2112
2119
2111
2110
2125
2143
2143
2104
2140
2130
2120
2102
2118
2153
2116
2106
2111
2129
2116
2111
2121
2142
2137
2105
2094
2152
2129
2102
2092
2118
2105
2103
2096
2111
2105
2084
2084
2107
2116
2100
2095
2106
2104
2068
2079
2086
2109
2081
2072
2119
2135
2081
2072
2108
2116
2083
2095
2105
2116
2093
2100
2106
2115
2095
2054
2091
2118
2089
2069
2088
2116
2057
2027
2074
2104
2097
2073
2080
2085
2079
2038
2076
2085
2071
2053
2083
2108
2082
2066
2063
2090
2091
2059
2081
2087
2075
2053
2051
2096
2095
2081
2055
2086
2080
2084
2059
2068
2080
2180
2146
2111
2151
2145
2107
2095
2120
2126
2087
2096
2120
2134
2093
2096
2092
2081
2091
2075
2088
2099
2079
2055
2076
2073
2064
2073
2062
2069
2064
2057
2073
2100
2065
2074
2060
2099
2077
2054
2080
2103
2083
2067
2071
2098
2070
2056
2042
2079
2061
2038
2017
2049
2043
2003
2002
2026
2042
2023
2037
2067
2087
2066
2093
2142
2137
2130
2129
2166
2180
2146
2132
2183
2182
2123
2114
2145
2104
2087
2055
2071
2085
2054
2012
2037
2031
2014
1990
2016
2058
2053
2054
2069
2106
2113
2093
2122
2144
2152
2147
2141
2152
2154
2138
2125
2128
2124
2099
2085
2114
2100
2048
2016
2057
2044
2039
2020
2040
2031
2049
2064
2077
2045
2076
2072
2075
2064
2088
2182
2163
2173
2202
2210
2173
2201
2196
2199
2162
2124
2104
2077
2031
2004
2000
1988
1959
1938
1971
2000
2009
1983
2016
2045
2055
2044
2105
2145
2175
2186
2234
2261
2230
2173
2148
2123
2057
2017
2024
2013
1958
1932
1973
1974
1981
1992
2017
2016
2009
1998
2018
2028
2033
2035
2074
2111
2128
2125
2170
2231
2207
2210
2219
2250
2249
2207
2200
2220
2203
2124
2112
2094
2094
1997
1973
1992
2008
1994
2004
2062
2097
2100
2113
2190
2182
2167
2140
2135
2130
2105
2073
2102
2101
2103
2080
2081
2090
2064
1998
1979
1987
1963
1914
1940
1999
2019
2022
2080
2148
2204
2194
2217
2223
2224
2187
2169
2165
2142
2086
2073
2089
2066
2036
2040
2039
2025
2002
2053
2022
2020
1954
1945
2005
2054
2083
2157
2251
2336
2350
2328
2360
2342
2252
2152
2082
2002
1913
1840
1846
1849
1889
1930
2040
2108
2191
2221
2276
2287
2225
2173
2136
2045
1967
1882
1880
1909
1934
1961
2055
2138
2194
2252
2298
2319
2299
2217
2178
2131
2036
1978
1969
1975
2008
2059
2130
2203
2243
2230
2242
2249
2208
2138
2090
2086
2058
1991
1976
2010
1992
1956
1951
1975
1990
1992
2011
2076
2102
2127
2120
2166
2190
2179
2151
2160
2164
2104
2062
2048
2056
2024
1991
2031
2059
2077
2072
2120
2159
2148
2130
2157
2191
2146
2083
2065
2067
2025
2020
2073
2126
2176
2213
2242
2272
2260
2218
2178
2149
2075
1986
1962
1980
1982
1954
2001
2021
1957
1914
1939
1907
1871
1850
1917
1951
1988
2017
2102
2145
2176
2205
2232
2243
2208
2168
2135
2097
2043
1971
1999
1998
1939
1994
2048
2116
2139
2160
2209
2255
2281
2246
2244
2202
2145
2093
2089
2040
1987
1919
1922
1954
1983
1989
2040
2096
2082
2104
2154
2143
2096
2030
2012
2014
1973
1963
1963
2004
2026
2029
2086
2172
2185
2180
2213
2232
2236
2188
2169
2187
2173
2134
2093
2100
2029
1947
1914
1930
1980
2034
2133
2262
2295
2252
2186
2146
2104
2014
1972
2008
2024
2006
1965
1978
1978
1944
1954
2053
2155
2228
2280
2311
2288
2246
2217
2214
2201
2115
2021
2003
1984
1947
1924
1975
2041
2079
2110
2169
2220
2208
2193
2246
2262
2237
2183
2088
2221
2202
2150
2166
2191
2167
2120
2104
2088
2042
1986
1967
1994
1992
1975
2026
2114
2144
2172
2207
2241
2247
2181
2138
2123
2080
2009
1958
1960
1986
1960
1978
2047
2081
2111
2127
2195
2226
2182
2146
2159
2149
2077
2054
2104
2132
2137
2109
2152
2167
2145
2108
2096
2080
2030
1965
1964
1963
1947
1918
1949
2051
2096
2162
2264
2352
2401
2327
2287
2241
2176
2011
1929
1884
1830
1811
1820
1933
2022
2085
2170
2277
2334
2289
2269
2246
2165
2036
1951
1925
1929
1888
1909
1984
2073
2084
2110
2172
2260
2264
2212
2195
2177
2121
2039
2020
2016
1967
1930
1989
2043
2083
2068
2100
2172
2181
2192
2213
2214
2176
2111
2069
2070
2057
2074
2107
2177
2249
2131
2074
2024
2065
2047
2057
2025
2060
2008
1954
1968
2031
2072
2084
2126
2223
2278
2269
2190
2176
2102
2050
1982
1972
1962
1916
1925
1921
1940
1982
2008
2078
2190
2223
2288
2326
2348
2268
2158
2092
2022
1947
1910
1931
2005
1996
2019
2042
2141
2201
2198
2210
2242
2199
2108
2080
2082
1980
1836
1790
1844
1958
2058
2153
2273
2352
2338
2299
2230
2142
1999
1849
1805
1862
1948
2010
2105
2107
2088
2095
2207
2337
2407
2448
2401
2264
2141
2054
2022
1976
1953
1883
1896
1944
2004
2024
2095
2168
2203
2164
2182
2218
2211
2171
2129
2103
2033
1950
1900
1904
1924
2004
2085
2171
2212
2238
2280
2315
2281
2250
2187
2123
2039
1943
1902
1936
1924
1905
1874
1815
1792
1791
1817
1954
2167
2305
2367
2424
2420
2322
2190
2083
2013
1963
1889
1900
1982
2001
1986
2014
2060
2060
2022
2042
2135
2180
2183
2198
2184
2116
2006
1896
1865
1837
1821
1854
1948
2091
2203
2343
2432
2447
2356
2213
2067
1930
1810
1746
1813
1909
1970
2081
2191
2278
2303
2272
2225
2146
2032
1872
1824
1872
1949
2061
2160
2263
2282
2211
2126
2081
2034
1958
1986
2054
2132
2178
2256
2351
2378
2369
2344
2295
2217
2123
2039
2056
2055
2078
2105
2132
2075
1943
1829
1839
1900
2014
2133
2237
2273
2191
2083
2076
2081
2094
2070
2025
1973
1919
1911
1975
2069
2067
1967
1931
1915
1870
1929
2062
2175
2225
2291
2322
2362
2292
2087
1899
1966
2065
2192
2260
2278
2266
2264
2221
2105
2032
1986
1909
1879
1903
1963
2024
2063
2110
2171
2193
2158
2169
2206
2165
2086
2031
2006
2001
1966
2014
2089
2142
2147
2140
2156
2150
2123
2102
2140
2191
2169
2134
2131
2077
1951
1886
1932
1979
2007
2056
2108
2182
2158
2119
2069
2076
2090
2097
2108
2165
2182
2174
2171
2185
2145
2041
1983
1944
1916
1929
1998
2111
2227
2258
2298
2309
2236
2144
2088
2063
2032
2012
2000
2061
2116
2104
2111
2148
2136
2058
2004
1970
1929
1902
1889
1940
2014
2089
2164
2280
2341
2352
2344
2332
2275
2170
2057
1945
1882
1781
1726
1749
1840
1899
1979
2135
2288
2407
2495
2561
2582
2498
2379
2275
2145
2019
1880
1765
1720
1912
2025
2009
1946
1880
1882
1951
2003
2034
2045
2010
2010
2061
2199
2361
2480
2616
2666
2542
2281
1970
1651
1443
1377
1507
1747
1931
2019
2074
2148
2246
2332
2460
2550
2604
2631
2648
2605
2422
2126
1850
1729
1679
1651
1729
1856
2024
2304
2598
2933
3088
2919
2503
2029
1622
1358
1261
1420
1734
2152
2585
2875
2906
2704
2380
2135
1981
1897
1853
1856
1844
1844
1850
1904
1940
1917
1887
1952
2070
2225
2342
2491
2602
2601
2536
2364
2112
1757
1430
1231
1265
1442
1688
1925
2064
2035
1927
1826
1844
1934
2065
2215
2388
2470
2462
2351
2243
2128
2034
1978
2020
2048
1999
1868
1719
1559
1457
1529
1776
2126
2342
2465
2517
2557
2543
2486
2383
2385
2383
2328
2202
2041
1832
1642
1612
1621
1706
1927
2208
2398
2417
2391
2305
2145
1917
1731
1712
1782
1905
2094
2300
2487
2486
2368
2230
2062
1873
1745
1775
1887
2025
2171
2333
2448
2460
2363
2240
2074
1894
1727
1765
1925
2140
2340
2512
2593
2553
2311
2027
1767
1543
1411
1463
1726
2100
2399
2630
2799
2788
2570
2250
1975
1669
1474
1447
1620
1906
2210
2488
2719
2793
2627
2337
2071
1817
1605
1544
1697
1921
2145
2327
2474
2520
2378
2155
1920
1668
1501
1412
1508
1756
2030
2256
2459
2593
2531
2356
2202
2119
2043
2023
2110
2267
2409
2456
2470
2400
2201
1920
1691
1557
1534
1608
1804
2120
2424
2588
2699
2736
2652
2416
2114
1900
1729
1624
1919
1800
1858
2056
2308
2439
2457
2409
2296
2190
2069
2009
1939
1914
1992
2168
2382
2563
2706
2839
2827
2683
2462
2199
1853
1451
1061
795
636
623
752
1042
1471
1951
2414
2845
3128
3179
3010
2746
2376
1950
1512
1103
806
605
503
592
872
1301
1750
2276
2846
3324
3638
3873
3957
3893
3700
3432
3108
2734
2328
2037
1900
1798
1729
1693
1612
1587
1635
1771
1912
1926
1767
1561
1383
1263
1207
1185
1200
1295
1437
1651
1983
2228
2345
2410
2498
2635
2843
3025
3137
3093
2999
2890
2876
2881
2807
2626
2443
2297
2224
2250
2316
2253
2080
1818
1606
1520
1533
1602
1685
1729
1730
1758
1892
2142
2333
2444
2452
2384
2304
2215
2156
2129
2043
1927
3515
3423
3144
2772
2341
1820
1373
1056
991
977
1072
1292
1690
2056
2385
2705
2998
3119
3052
2889
2685
2423
2051
1730
1465
1309
1176
1139
1317
1624
1882
2165
2492
2784
2944
3030
3067
3069
3011
2796
2548
2248
1891
1481
1158
995
945
972
1138
1424
1684
1938
2149
2411
2577
2657
2711
2812
2832
2742
2613
2531
2394
2206
2002
1888
1771
1680
1535
1441
1384
1336
1285
1392
1587
1792
2072
2379
2675
2904
3027
3059
2965
2764
2504
2226
1966
1761
1588
1526
1558
1618
1703
1821
2015
2132
2175
2211
2228
2160
2012
1851
1717
1664
1641
1704
1862
2070
2236
2388
2539
2613
2674
2680
2715
2656
2566
2415
2260
2041
1801
1544
1422
1321
1311
1363
1552
1821
159
1
1
1
1
0
0
0
255
827
1450
2169
2951
3731
4095
4095
4095
4095
4095
4095
4095
4030
3271
2418
1612
927
375
2
1
0
1
1
53
366
728
1100
1528
1975
2464
2972
3499
4034
4095
4095
4095
4095
4095
4095
4095
3351
2476
1530
623
3
0
1
1
1
2
1
470
1202
1931
2586
3109
3566
3939
4095
4095
4095
4095
4095
3941
3711
3465
3129
2704
2231
1786
1266
735
306
0
2
0
2
32
437
1004
1642
2341
3011
3593
4060
4095
4095
4095
4095
4055
3608
3052
2469
1908
1416
952
611
307
208
153
164
271
456
638
860
1158
1585
1968
2391
2870
3390
3848
4095
4095
4095
4095
4095
4095
3858
