2076
2090
2087
2072
2081
2088
2098
2069
2060
2076
2062
2053
2059
2086
2082
2057
2077
2107
2109
2082
2092
2125
2144
2115
2116
2138
2134
2123
2112
2133
2144
2114
2117
2130
2140
2104
2114
2113
2116
2094
2078
2118
2104
2073
2056
2084
2086
2050
2053
2066
2078
2050
2034
2041
2064
2050
2030
2062
2062
2055
2029
2051
2080
2062
2049
2066
2091
2086
2075
2100
2106
2116
2095
2112
2124
2123
2110
2119
2142
2128
2100
2115
2134
2117
2099
2120
2146
2132
2104
2098
2119
2108
2072
2093
2106
2092
2074
2077
2076
2070
2046
2058
2056
2058
2037
2057
2073
2082
2039
2038
2061
2077
2054
2060
2090
2101
2072
2085
2095
2107
2090
2097
2120
2126
2109
2114
2136
2148
2078
2077
2090
2092
2089
2090
2093
2123
2086
2085
2095
2116
2095
2089
2106
2125
2084
2076
2094
2114
2089
2082
2099
2114
2098
2097
2098
2119
2098
2087
2096
2126
2115
2088
2101
2133
2116
2082
2090
2105
2116
2097
2098
2115
2120
2092
2093
2111
2118
2080
2086
2113
2122
2087
2097
2118
2117
2080
2093
2130
2119
2097
2097
2111
2114
2089
2098
2114
2125
2102
2095
2117
2128
2079
2092
2114
2122
2096
2091
2099
2117
2080
2090
2101
2114
2087
2091
2106
2096
2072
2085
2095
2112
2077
2073
2098
2120
2077
2057
2076
2103
2070
2051
2070
2094
2066
2063
2074
2085
2058
2063
2074
2085
2075
2076
2084
2090
2055
2052
2074
2092
2088
2075
2102
2112
2094
2082
2107
2173
2141
2149
2167
2170
2140
2141
2159
2160
2130
2136
2145
2144
2110
2127
2146
2123
2085
2085
2125
2109
2078
2092
2098
2094
2060
2053
2074
2072
2055
2042
2067
2053
2033
2024
2040
2040
2021
2004
2017
2025
2016
2015
2028
2040
2004
1990
2015
2034
2029
2018
2050
2062
2047
2035
2053
2076
2067
2066
2082
2109
2097
2076
2098
2128
2125
2117
2146
2180
2167
2130
2160
2192
2177
2160
2192
2209
2214
2186
2205
2223
2225
2205
2220
2233
2237
2210
2228
2253
2247
2199
2213
2221
2230
2207
2206
2215
2209
2176
2184
2196
2176
2143
2145
2158
2133
2100
2110
2120
2101
2060
2054
2081
2076
2034
2025
2054
2031
1998
2001
2010
2000
1956
1967
1980
1981
1950
1944
2126
2145
2160
2124
2123
2103
2098
2065
2044
2046
2055
2022
2001
2033
2026
2010
2017
2039
2069
2076
2100
2140
2187
2179
2195
2216
2240
2237
2227
2229
2233
2194
2154
2133
2140
2085
2036
2018
2009
2000
2000
1981
1999
2016
2012
2032
2067
2100
2098
2112
2155
2163
2137
2134
2154
2145
2096
2087
2102
2072
2032
2013
2025
2003
1986
1980
2017
2017
2008
2004
2028
2034
2034
2035
2079
2105
2095
2109
2136
2168
2150
2160
2188
2215
2202
2200
2200
2192
2168
2136
2116
2104
2064
2030
2009
2021
1977
1951
1938
1957
1934
1912
1943
1986
1992
1992
2020
2067
2078
2100
2150
2211
2207
2229
2266
2300
2284
2262
2277
2262
2232
2187
2151
2134
2069
2004
1966
1952
1866
1887
1948
2058
2130
2126
2126
2147
2167
2153
2194
2256
2320
2318
2307
2306
2296
2240
2187
2160
2150
2107
2077
2062
2054
1998
1947
1930
1935
1920
1889
1914
1922
1933
1939
1959
2008
2017
2032
2048
2084
2115
2135
2200
2275
2347
2408
2455
2492
2488
2416
2372
2325
2258
2205
2181
2128
2083
1989
1933
1868
1823
1758
1773
1800
1829
1839
1907
1972
2047
2064
2125
2172
2173
2128
2125
2176
2202
2198
2237
2245
2242
2196
2193
2184
2173
2147
2122
2139
2143
2141
2175
2221
2219
2205
2196
2181
2151
2067
2023
2004
1986
1955
1968
1996
2023
2001
2013
2050
2066
2044
2049
2085
2122
2110
2107
2137
2146
2115
2095
2107
2082
2052
2012
2004
2015
1997
2025
2265
2210
2118
2038
2003
1966
1942
1928
1962
2001
2028
2022
2040
2053
2018
1982
1997
2046
2108
2164
2276
2409
2499
2548
2563
2526
2435
2284
2171
2048
1932
1817
1774
1768
1789
1802
1902
2001
2081
2112
2158
2184
2176
2107
2073
2032
1995
1948
1955
1975
2004
2025
2096
2169
2224
2233
2276
2331
2335
2250
2194
2150
2080
1984
1952
1942
1944
1926
1970
2032
2079
2093
2098
2142
2156
2152
2170
2220
2232
2206
2184
2165
2108
2016
1928
1905
1909
1918
1947
2040
2137
2194
2244
2265
2258
2200
2129
2097
2085
2065
2075
2120
2138
2141
2122
2133
2137
2116
2080
2075
2060
2042
1992
1960
1927
1890
1859
1866
1890
1919
1941
2002
2082
2112
2096
2096
2083
2036
2096
2169
2213
2250
2266
2303
2400
2447
2386
2220
2104
2030
1957
1857
1765
1707
1712
1745
1819
1896
2005
2096
2236
2354
2435
2435
2423
2396
2360
2289
2237
2148
2040
1915
1888
1923
1958
1909
1891
1956
2067
2130
2152
2164
2207
2208
2208
2219
2197
2114
2050
1980
1960
1941
1928
1931
1940
1966
2091
2220
2308
2289
2269
2276
2309
2275
2210
2136
2031
1922
1869
1913
2009
2059
2064
2096
2165
2220
2259
2281
2299
2303
2277
2228
2143
2044
1959
1896
1853
1868
1928
2011
2074
2067
2087
2159
2242
2265
2253
2310
2387
2369
2218
2025
1876
1828
1827
1892
2000
2097
2133
2119
2076
2069
2055
2115
2197
2296
2313
2284
2159
1997
1899
1930
2027
2070
2004
1952
2568
2484
2354
2200
2012
1906
1852
1828
1834
1878
1906
1902
1840
1807
1773
1757
1731
1830
1951
2084
2194
2319
2426
2489
2479
2426
2368
2261
2125
2019
1959
1952
1921
1962
1997
2047
2036
2077
2116
2155
2140
2198
2257
2303
2290
2295
2303
2285
2188
2104
2009
1898
1751
1660
1648
1695
1765
1906
2083
2242
2334
2381
2417
2392
2336
2305
2316
2312
2253
2131
1993
1813
1602
1411
1363
1450
1625
1873
2176
2459
2614
2659
2659
2589
2467
2325
2229
2153
2082
1984
1942
1938
1963
2015
2096
2182
2228
2227
2208
2188
2176
2170
2262
2337
2373
2305
2198
2055
1885
1722
1698
1783
1927
2031
2134
2188
2188
2107
2051
2060
2097
2099
2102
2104
2081
1994
1951
1964
2156
2201
2251
2251
2204
2147
2088
1978
1877
1834
1781
1745
1799
1931
2068
2147
2204
2272
2340
2354
2290
2176
2012
1822
1725
1762
1847
1928
2011
2131
2216
2243
2226
2195
2123
1969
1864
1906
2023
2128
2176
2208
2200
2149
2080
2089
2141
2224
2280
2321
2267
2162
2057
2018
2011
2020
2042
2106
2168
2186
2189
2268
2355
2410
2335
2244
2144
2030
1939
1907
1923
1882
1830
1866
1956
2064
2172
2308
2422
2454
2404
2339
2299
2252
2159
2056
1962
1873
1795
1808
1865
1912
1920
1961
2084
2203
2267
2286
2301
2268
2185
2141
2158
2156
2097
2050
2036
2024
1998
1990
2026
2088
2067
2031
2038
2040
2029
2051
2073
2063
2012
1968
1984
2006
2028
2070
2141
2199
2501
2523
2464
2312
2201
2107
2010
1895
1861
1877
1950
2015
2112
2127
2080
1944
1872
1840
1862
1904
2017
2162
2311
2404
2487
2494
2400
2183
2012
1967
2052
2205
2424
2612
2683
2618
2456
2333
2197
2070
1970
1890
1821
1736
1715
1768
1856
1865
1842
1827
1810
1813
1911
2145
2399
2544
2623
2600
2455
2219
1952
1756
1664
1654
1783
2031
2271
2416
2436
2400
2316
2209
2084
1981
1890
1853
1867
2005
2187
2316
2299
2223
2049
1911
1828
1923
2070
2177
2176
2144
2126
2088
1969
1879
1780
1725
1711
1827
1998
2126
2113
2051
1965
1901
1869
1930
2048
2208
2348
2524
2652
2706
2626
2490
2341
2174
1994
1861
1837
1878
1926
1987
2014
1998
1926
1886
1956
2091
2371
2376
2334
2229
2156
2081
2012
1972
2014
2124
2229
2310
2427
2484
2454
2310
2168
2002
1780
1568
1450
1410
1431
1508
1727
1997
2266
2497
2679
2765
2744
2587
2426
2246
2061
1855
1754
1742
1787
1868
2043
2254
2431
2515
2547
2529
2390
2144
1864
1624
1371
1164
1088
1162
1356
1641
2032
2497
2914
3208
3360
3379
3208
2886
2462
2070
1727
1449
1301
1313
1427
1621
1856
2131
2347
2462
2465
2404
2246
2048
1827
1716
1694
1687
1750
1902
2083
2254
2360
2479
2529
2474
2333
2219
2088
1952
1824
1773
1802
1851
1932
2098
2293
2420
2447
2417
2294
2040
1715
1426
1171
1018
978
1147
1467
1895
2298
2716
3040
3199
3196
3120
2968
2729
2472
2254
2131
2072
2245
2452
2651
2788
2732
2474
2170
1893
1679
1582
1694
1962
2237
2404
2478
2418
2182
1819
1473
1275
1243
1442
1899
2476
2942
3141
3094
2856
2469
2118
1950
2065
2314
2562
2698
2686
2440
2004
1568
1270
1171
1232
1451
1762
2058
2267
2401
2495
2502
2418
2337
2398
2515
2622
2627
2488
2217
1843
1526
1398
1446
1573
1680
1816
1897
1970
2032
2136
2196
2181
2156
2285
2565
2822
2895
2799
2522
2178
1879
1806
1903
1999
1990
1959
1924
1901
1850
1805
1659
1400
1160
1210
1476
1888
2250
2533
2685
2704
2654
2654
2642
2559
2373
2237
2166
2156
2050
1878
1636
1341
1112
1064
1222
1420
1610
1832
2106
2334
2453
2512
2515
2464
2445
2565
2755
2836
2690
2408
1584
1270
1104
1071
1234
1530
1906
2316
2720
2962
3007
2907
2735
2534
2354
2196
2137
2125
2078
2008
1953
1900
1862
1790
1770
1745
1750
1780
1953
2234
2569
2875
3112
3221
3131
2819
2397
1949
1479
1035
736
656
787
1148
1726
2418
3041
3458
3618
3524
3239
2814
2331
1916
1556
1273
1157
1266
1562
1979
2463
2924
3172
3159
2893
2464
1946
1408
944
678
634
764
1095
1572
2102
2561
2872
3034
3004
2830
2538
2232
1916
1614
1406
1346
1404
1557
1726
1922
2070
2150
2224
2353
2552
2780
2979
3083
3029
2780
2395
1997
1650
1384
1217
1136
1177
1307
1540
1913
2366
2776
3060
3156
2991
2596
2064
1547
1119
866
778
907
1200
1629
2116
2622
3085
3375
3046
3344
3601
3784
3743
3453
2919
2221
1468
834
464
385
498
737
1040
1412
1800
2249
2744
3196
3428
3389
3189
2953
2713
2599
2575
2606
2541
2338
2061
1821
1614
1458
1355
1246
1136
1080
1169
1376
1682
1973
2295
2651
2977
3154
3214
3099
2810
2386
1977
1670
1437
1170
981
946
1137
1472
1913
2324
2584
2635
2594
2559
2562
2496
2327
2077
1832
1572
1437
1488
1658
1820
1963
2084
2216
2257
2229
2179
2170
2135
2112
2130
2156
2210
2272
2428
2711
2985
3173
3197
3081
2804
2514
2248
2053
1787
1471
1218
1165
1281
1496
1789
2085
2337
2573
2852
3111
3249
3173
2910
2540
2139
1775
1469
1176
864
594
520
714
1166
1678
2131
2444
2665
2814
2977
1063
976
1058
1256
1642
2147
2634
3062
3363
3501
3392
3091
2680
2304
1958
1720
1627
1702
1878
2070
2269
2492
2607
2552
2381
2099
1724
1298
952
764
723
888
1264
1810
2415
3049
3602
4081
4095
4095
3804
3167
2319
1281
197
1
2
0
1
1
213
1437
2806
4095
4095
4095
4095
4095
4095
3767
2489
1301
353
1
2
2
4
248
858
1509
2087
2543
2848
3074
3217
3300
3325
3398
3500
3532
3503
3402
3178
2741
2122
1412
692
2
3
3
2
40
865
2002
3265
4095
4095
4095
4095
4095
4095
3678
2202
662
1
0
1
1
0
1
594
2111
3560
4095
4095
4095
4095
4095
4095
3341
2031
774
1
1
0
2
1
20
