2064
2099
2116
2097
2084
2093
2122
2111
2064
2089
2104
2098
2079
2105
2104
2074
2069
2103
2099
2074
2046
2088
2105
2065
2052
2069
2085
2051
2034
2048
2083
2073
2043
2068
2091
2100
2095
2082
2125
2118
2109
2129
2153
2128
2105
2113
2160
2144
2138
2122
2159
2165
2142
2117
2136
2144
2119
2107
2161
2168
2133
2126
2167
2162
2128
2110
2155
2171
2143
2105
2116
2140
2119
2101
2119
2151
2115
2074
2120
2140
2121
2093
2121
2093
2105
2089
2086
2092
2079
2068
2106
2126
2095
2108
2096
2101
2075
2058
2078
2110
2097
2076
2049
2085
2096
2074
2050
2100
2085
2062
2066
2093
2079
2070
2045
2110
2099
2084
2045
2085
2091
2080
2056
2108
2105
2089
2088
2110
2151
2107
2111
2148
2135
2114
2095
2121
2113
2104
2102
2130
2127
2072
2084
2127
2101
2084
2057
2090
2103
2060
2068
2108
2109
2066
2034
2102
2113
2088
2084
2108
2118
2104
2108
2140
2143
2123
2110
2138
2134
2133
2128
2161
2178
2132
2129
2150
2171
2141
2134
2149
2169
2125
2120
2149
2160
2111
2080
2103
2137
2120
2070
2063
2096
2077
2065
2054
2110
2121
2069
2087
2114
2117
2092
2083
2103
2089
2074
2070
2106
2080
2071
2044
2075
2061
2055
2048
2077
2035
2015
2014
2039
2047
2000
1990
2016
2035
2023
1996
2038
2048
2020
2013
2075
2074
2043
2047
2092
2086
2060
2044
2084
2104
2094
2105
2108
2114
2110
2116
2120
2143
2132
2118
2151
2179
2157
2129
2108
2083
2083
2071
2085
2078
2061
2063
2070
2027
2039
2074
2087
2056
2056
2089
2117
2082
2057
2077
2106
2099
2109
2114
2157
2131
2145
2151
2165
2158
2143
2145
2178
2151
2142
2157
2189
2155
2098
2105
2114
2071
2039
2034
2054
2014
1999
2017
2039
2003
1981
1988
2001
2009
1973
1985
2017
2045
2008
2020
2071
2119
2089
2094
2137
2163
2125
2133
2164
2147
2143
2139
2162
2180
2126
2092
2116
2130
2082
2033
2061
2072
2058
2010
2036
2027
2012
1982
2004
2034
1992
1966
2001
2041
2019
1994
2015
2068
2032
2024
2044
2067
2057
2037
2112
2165
2144
2157
2190
2195
2208
2197
2213
2212
2193
2163
2146
2139
2098
2080
2081
2077
2030
2035
2040
2053
2020
1973
2012
1988
2010
2050
2016
2000
2020
2102
2104
2121
2171
2177
2160
2140
2141
2162
2102
2054
2071
2069
2024
2012
2055
2109
2115
2116
2151
2225
2265
2266
2248
2245
2223
2172
2138
2111
2031
1956
1935
1947
1950
1945
1986
2084
2129
2142
2195
2288
2292
2255
2217
2187
2136
2057
1955
1919
1884
1822
1830
1888
1948
1987
2042
2160
2214
2252
2249
2300
2296
2227
2168
2132
2088
1994
2006
1996
2057
2033
2063
2135
2217
2235
2214
2232
2227
2183
2107
2088
2042
1961
1930
1933
1978
2002
1999
2054
2111
2104
2124
2122
2153
2139
2115
2098
2078
2035
2000
2022
2055
2081
2095
2141
2194
2207
2196
2190
2196
2122
2092
2054
2063
2007
1973
1972
2024
2050
2038
2082
1979
1993
2079
2109
2102
2128
2150
2165
2229
2312
2320
2228
2153
2151
2174
2157
2088
2046
2051
2021
2018
2041
2033
1982
1964
1929
1968
2015
2054
2106
2173
2173
2172
2178
2192
2187
2073
2058
2071
2063
2000
1940
1961
1993
2061
2111
2181
2176
2165
2214
2284
2298
2274
2252
2251
2214
2156
2101
2090
2059
1976
1914
1934
1966
1992
2061
2122
2162
2140
2173
2207
2215
2152
2071
2056
2061
1992
1959
1932
1945
1917
1917
1968
1996
2015
2040
2107
2197
2224
2248
2323
2313
2282
2237
2200
2190
2133
2049
2009
2025
2018
2002
1977
1989
1971
2014
2055
2085
2087
2055
2091
2160
2160
2121
2123
2125
2094
2052
2034
2031
1985
1914
1902
1958
1997
1998
2037
2110
2110
2140
2111
2066
2008
1997
1988
1954
1961
2043
2108
2151
2210
2271
2325
2293
2274
2254
2177
2080
1983
1937
1906
1883
1880
1909
1978
2028
2050
2133
2181
2227
2230
2226
2202
2157
2088
2032
2025
1996
1964
1965
1988
2007
2030
2101
2182
2238
2281
2308
2321
2258
2201
2118
2034
1976
1900
1867
1888
1926
2007
2089
2186
2216
2208
2234
2253
2212
2136
2076
2087
2057
2016
2026
2100
2128
2129
2159
2201
2207
2149
2090
2073
2049
1986
1950
1975
2003
2026
2049
2131
2131
2119
2110
2159
2129
2086
2052
2067
2102
2051
2075
2123
2171
2148
2136
2168
2140
2106
2050
2061
2088
2078
2102
2130
2195
2194
2177
2162
2162
2095
2021
1970
1951
1869
1833
1837
1939
2218
2212
2134
2074
2075
2120
2089
2074
2068
2030
1962
1958
2021
2059
2057
2074
2097
2143
2163
2159
2136
2104
2041
2034
2054
2039
2013
1969
1973
1986
1973
1996
2049
2087
2092
2074
2088
2099
2070
2039
2011
1999
2002
2012
2040
2104
2139
2147
2208
2254
2239
2207
2151
2117
2036
1961
1954
1940
1909
1873
1920
2018
2074
2138
2171
2280
2279
2309
2313
2305
2220
2149
2120
2099
2046
1962
1927
1944
1972
1976
2064
2152
2231
2246
2293
2342
2359
2277
2200
2145
2084
1998
1908
1851
1817
1843
1960
2126
2233
2270
2318
2388
2400
2346
2287
2201
2072
1915
1792
1771
1822
1815
1810
1887
2034
2139
2236
2339
2416
2398
2362
2338
2264
2128
2010
1919
1900
1834
1975
1725
1578
1477
1488
1606
1816
2091
2311
2511
2710
2767
2634
2470
2274
2017
1718
1512
1447
1482
1515
1655
1936
2154
2334
2452
2543
2557
2495
2374
2299
2190
2036
1909
1883
1842
1842
1856
1961
2087
2130
2182
2230
2247
2184
2100
2084
2041
1980
1962
2073
2162
2252
2350
2461
2459
2369
2266
2156
1967
1804
1648
1599
1600
1654
1781
1990
2219
2380
2509
2626
2674
2640
2536
2396
2235
1965
1685
1502
1357
1299
1317
1475
1704
1926
2168
2369
2559
2611
2613
2545
2457
2307
2175
2090
2081
2040
2022
2045
2096
2124
2122
2151
2212
2225
2225
2157
2144
2074
1941
1812
1795
1811
1823
1952
2163
2328
2433
2489
2525
2446
2298
2128
2026
1908
1805
1758
1770
2003
1996
2039
2068
2114
2161
2282
2398
2456
2400
2328
2208
2128
2025
1978
1957
1921
1878
1888
1940
1976
1979
1991
2104
2178
2243
2290
2303
2328
2295
2289
2264
2154
2011
1894
1865
1852
1884
1933
2006
2076
2047
2105
2204
2340
2409
2417
2327
2155
1945
1771
1618
1540
1468
1508
1676
1920
2175
2453
2705
2857
2826
2694
2545
2335
2108
1940
1825
1752
1691
1658
1619
1549
1483
1506
1700
1938
2196
2502
2731
2829
2771
2638
2432
2246
2063
1931
1864
1802
1710
1648
1665
1738
1798
1936
2130
2356
2480
2509
2503
2446
2295
2168
2057
1960
1919
1887
1927
1931
1889
1891
1958
2106
2188
2265
2354
2431
2485
2445
2380
2314
2196
2093
2037
1966
1867
1826
1812
1878
1804
1777
1816
1815
1811
1892
2022
2158
2274
2416
2550
2570
2503
2455
2340
2197
2023
1899
1843
1816
1763
1784
1856
1910
1926
1983
2066
2137
2149
2194
2249
2253
2198
2170
2162
2120
2081
2100
2125
2160
2128
2123
2060
1965
1829
1751
1687
1669
1671
1751
1884
2017
2134
2274
2414
2518
2531
2532
2542
2493
2373
2270
2152
2043
1902
1835
1808
1819
1816
1839
1922
1997
2013
2030
2065
2125
2143
2172
2257
2332
2370
2407
2403
2416
2344
2262
2198
2123
2046
1972
1931
1956
1970
2039
2112
2185
2229
2200
2156
2129
2024
1914
1848
1831
1782
1817
1952
2127
2272
2467
2620
2724
2657
2498
2348
2235
2058
1918
1854
1773
1656
1584
1580
1630
1744
1866
2011
1885
1792
1767
1817
1864
1997
2132
2243
2268
2347
2386
2445
2436
2405
2370
2271
2107
1988
1894
1851
1795
1780
1801
1832
1872
1923
1993
2033
1996
1976
2018
2054
2080
2137
2129
2118
2040
1991
2040
2114
2194
2239
2317
2320
2252
2161
2159
2173
2134
2088
2074
2052
1988
1971
1987
2022
2007
2012
2039
2059
2057
2064
2097
2154
2165
2164
2190
2182
2135
2050
2019
2037
2037
2083
2204
2301
2368
2345
2295
2260
2196
2094
2027
1985
1923
1840
1772
1743
1693
1638
1725
1852
1960
2005
2148
2295
2416
2466
2500
2511
2466
2345
2273
2183
2081
1940
1849
1843
1821
1807
1858
1952
2022
2085
2180
2234
2251
2221
2201
2217
2227
2189
2194
2213
2180
2132
2114
2116
2589
3008
3345
3579
3697
3617
3377
2992
2447
1787
1130
623
243
92
238
596
1099
1664
2282
2881
3422
3798
4009
4034
3849
3435
2862
2235
1605
1040
684
526
525
633
841
1140
1516
1931
2362
2807
3172
3394
3391
3262
3022
2687
2329
2035
1793
1560
1395
1294
1200
1168
1173
1323
1600
1904
2228
2519
2705
2857
2856
2837
2773
2680
2513
2347
2141
1908
1727
1588
1506
1484
1492
1508
1571
1622
1673
1770
1943
2186
2421
2657
2817
2924
2907
2825
2737
2632
2485
2325
2144
1917
1664
1399
1201
1060
1039
1161
1355
1581
1847
2114
2412
2694
2954
3178
3329
3365
3236
2957
2643
2212
1777
1403
1138
942
808
801
943
1235
1616
2073
2519
2882
3100
3150
3659
3563
3331
2953
2505
2014
1484
975
581
337
196
175
345
628
964
1331
1804
2261
2672
2993
3290
3532
3642
3612
3496
3325
3047
2670
2357
2036
1744
1489
1373
1372
1439
1564
1787
2062
2320
2502
2657
2784
2860
2796
2670
2502
2283
1952
1536
1155
816
473
284
245
349
568
890
1304
1787
2239
2675
3120
3509
3757
3926
4029
4032
3839
3566
3185
2742
2233
1717
1281
985
702
604
629
790
1008
1301
1631
2021
2367
2679
2975
3175
3226
3179
3052
2815
2454
2075
1738
1461
1205
1078
1015
1117
1234
1380
1667
1975
2240
2466
2727
2938
3053
3061
2997
2882
2649
2350
2051
1796
1590
1452
1396
1482
1624
1790
2032
2299
2489
2596
2636
2660
2597
1325
2031
2744
3414
4029
4095
4095
4095
4095
4095
4095
3856
3135
2333
1437
581
1
1
1
0
0
0
11
584
1339
2112
2789
3408
3927
4095
4095
4095
4095
4095
4000
3538
2972
2408
1861
1314
943
673
479
397
381
493
632
781
1006
1328
1647
1987
2308
2632
2904
3111
3238
3375
3385
3280
3157
2990
2746
2519
2274
2053
1813
1608
1459
1363
1290
1220
1265
1340
1468
1617
1843
2065
2275
2450
2624
2699
2683
2613
2524
2376
2224
2070
1996
1953
1895
1887
1887
1930
1987
2073
2148
2274
2424
2508
2577
2583
2514
2387
2240
2061
1865
1691
1573
1520
1533
1578
1733
1884
2068
2257
2449
2677
2824
2878
2905
2827
2660
2447
2188
1935
1672
1378
1437
2422
3384
4095
4095
4095
4095
4095
4095
4095
4095
4095
4095
4002
3214
2410
1613
830
114
3
1
1
0
0
2
2
0
0
440
1200
2014
2824
3555
4095
4095
4095
4095
4095
4095
4095
4095
3983
3354
2641
1941
1269
655
153
1
1
0
1
1
66
466
957
1501
2025
2530
2983
3414
3696
3964
4095
4095
4095
3929
3660
3313
2884
2361
1880
1407
973
568
322
196
200
336
588
985
1445
1935
2470
2994
3408
3785
4052
4095
4095
4095
3953
3657
3239
2733
2163
1596
1058
538
93
1
0
0
0
1
73
519
1067
1630
2194
2753
3267
3738
4095
4095
4095
4095
4095
4095
4095
3781
3334
2782
2198
1612
1073
535
87
