2115
2102
2104
2106
2113
2107
2100
2073
2102
2093
2097
2085
2095
2091
2085
2111
2131
2122
2108
2117
2135
2131
2129
2125
2121
2144
2135
2145
2152
2164
2148
2127
2140
2147
2162
2140
2124
2139
2150
2142
2158
2145
2127
2116
2131
2115
2124
2109
2108
2087
2099
2079
2074
2078
2088
2082
2075
2075
2065
2078
2074
2052
2066
2054
2076
2071
2080
2078
2088
2060
2091
2105
2120
2105
2105
2117
2125
2119
2098
2111
2117
2126
2131
2129
2130
2133
2139
2119
2135
2125
2101
2110
2115
2137
2135
2133
2129
2122
2125
2113
2120
2110
2097
2107
2104
2089
2113
2084
2083
2093
2137
2107
2108
2092
2091
2089
2093
2072
2088
2121
2092
2082
2079
2073
2074
2088
2098
2083
2103
2091
2082
2076
2086
2079
2062
2059
2037
2046
2061
2045
2048
2047
2057
2042
2028
2022
2027
2042
2025
2015
2019
2016
2030
2009
2024
2021
2007
2013
1995
2009
2020
2031
2027
2021
2022
2010
2021
2017
2009
2038
2041
2046
2028
2026
2039
2026
2038
2016
2005
2015
2002
2011
2028
2019
2036
2047
2035
2037
2031
2040
2044
2040
2036
2043
2071
2084
2108
2113
2119
2121
2112
2108
2100
2124
2103
2112
2118
2104
2104
2086
2090
2103
2088
2082
2082
2120
2110
2091
2109
2113
2112
2119
2140
2168
2166
2193
2188
2188
2178
2200
2183
2164
2178
2173
2149
2153
2140
2125
2119
2090
2072
2100
2103
2081
2093
2073
2091
2089
2106
2126
2107
2126
2098
2133
2138
2140
2132
2086
2048
2012
1991
1954
1953
1962
1992
2034
2028
2048
2029
2042
2045
2020
2000
1987
1997
2023
2045
2088
2135
2179
2190
2165
2158
2146
2125
2122
2114
2145
2163
2187
2221
2263
2266
2259
2214
2202
2142
2115
2070
2013
2001
2022
2021
2059
2101
2120
2149
2192
2198
2229
2225
2168
2183
2150
2140
2145
2135
2105
2111
2094
2064
2049
2005
1979
1932
1898
1882
1876
1854
1847
1862
1878
1940
2004
2036
2095
2153
2184
2234
2243
2249
2261
2247
2188
2157
2084
2086
2059
2026
2038
2072
2090
2134
2149
2161
2176
2151
2115
2082
2057
2029
1992
1983
1998
2010
2006
2049
2080
2098
2088
2108
2096
2062
2072
2034
2002
1992
2003
2004
2042
2055
2084
2110
2132
2038
2028
1996
1964
1970
2015
2061
2088
2117
2119
2133
2098
2110
2109
2116
2125
2123
2126
2096
2128
2140
2170
2181
2195
2211
2158
2131
2081
2021
1952
1935
1919
1936
2000
2048
2141
2195
2248
2250
2267
2256
2199
2143
2067
2000
1912
1872
1868
1889
1954
2008
2076
2155
2236
2265
2271
2261
2244
2191
2137
2116
2110
2068
2046
2016
2036
2051
2079
2091
2086
2106
2118
2133
2174
2177
2187
2175
2201
2158
2120
2103
2064
2027
2000
2013
2008
2013
2004
2044
2062
2092
2127
2158
2181
2181
2177
2152
2084
2049
2002
1976
1958
1965
2001
2048
2116
2198
2249
2240
2237
2199
2166
2132
2090
2075
2115
2136
2128
2158
2087
2029
1973
1920
1888
1841
1872
1927
1999
2053
2094
2124
2197
2235
2273
2296
2268
2215
2168
2128
2108
2058
2005
1934
1887
1904
1927
1947
1977
2020
2072
2135
2185
2196
2253
2298
2321
2295
2223
2151
2081
2082
2062
2015
1978
1906
1895
1944
2006
2056
2107
2153
2218
2266
2284
2324
2315
2265
2187
2119
2059
1987
1958
1942
1972
1980
2016
2069
2101
2132
2139
2129
2105
2074
2056
2045
2040
2059
2060
2082
2113
2153
2220
2231
2270
2249
2163
2079
1962
1826
1754
1758
1856
1949
2065
2149
2193
2204
2221
2220
2236
2238
2210
2129
2067
2001
1931
1894
1919
2002
2079
2157
2192
2195
2145
2106
2084
2076
2099
2126
2130
2108
2060
2025
2000
2001
2012
2056
2103
2113
2132
2092
2068
2073
2071
2110
2186
1892
1950
2010
2057
2143
2230
2325
2397
2369
2254
2080
1950
1859
1795
1781
1828
1900
2014
2165
2232
2242
2227
2210
2207
2157
2083
1950
1825
1724
1721
1806
1954
2100
2151
2112
2070
2097
2139
2220
2340
2457
2516
2506
2382
2159
1909
1736
1721
1823
1988
2126
2212
2237
2242
2247
2240
2210
2155
2056
1985
1898
1875
1881
1928
2018
2080
2111
2101
2086
2095
2201
2294
2344
2347
2324
2200
2071
1955
1872
1868
1952
2100
2233
2205
2102
2000
1962
1986
2048
2100
2129
2143
2124
2028
1841
1645
1581
1711
1961
2206
2360
2388
2364
2325
2229
2098
1980
1956
2017
2105
2186
2125
2046
2006
2056
2070
2065
2088
2135
2199
2224
2122
1939
1843
1799
1827
1860
1939
1970
1908
1929
1995
2115
2219
2308
2380
2372
2313
2220
2084
1969
1843
1808
1790
1857
1991
2147
2281
2393
2460
2452
2374
2260
2106
1972
1832
1770
1753
1798
1894
2012
2169
2286
2377
2338
2323
2234
2096
1991
1903
1856
1858
1933
1984
2113
2205
2247
2289
2257
2170
2060
1926
1862
1810
1856
1918
2057
2186
2308
2376
2360
2279
2169
2019
1921
1838
1776
1778
1845
1962
2072
2195
2282
2283
2240
2170
2049
1956
1876
1835
1841
1873
1977
2087
2179
2283
2388
2415
2397
2357
2265
2178
2113
2041
1997
1964
1990
2017
2048
2085
2126
2127
2157
2157
2163
2110
2055
2043
2028
2051
2061
2056
2048
2051
2051
2037
2030
2035
2030
2014
2093
2172
2261
2333
2386
2408
1664
1688
1793
1914
1975
2041
2166
2344
2484
2566
2624
2683
2639
2486
2213
1944
1749
1648
1608
1635
1796
2003
2182
2191
2156
2113
2134
2178
2152
2108
2118
2166
2216
2232
2208
2173
2153
2113
2078
2040
2054
2068
2116
2150
2124
2036
1932
1845
1871
1933
1914
1902
1932
1976
2037
2099
2206
2297
2338
2276
2245
2232
2213
2098
1898
1707
1656
1718
1739
1744
1808
1987
2165
2277
2256
2219
2230
2242
2180
2018
1889
1893
1986
2112
2114
2112
2128
2196
2309
2288
2190
2033
1975
1974
2017
2010
1968
1912
1999
2108
2136
2196
2231
2379
2568
2683
2654
2474
2349
2240
2114
1932
1746
1617
1683
1869
2024
2127
2194
2298
2409
2496
2434
2280
2151
2087
1978
1853
1921
1817
1725
1702
1761
1850
1970
2109
2245
2327
2347
2321
2254
2127
2028
1932
1894
1895
1949
2012
2093
2141
2140
2132
2106
2054
2000
1954
1943
1933
2001
2080
2183
2285
2401
2494
2485
2461
2357
2227
2064
1929
1863
1823
1863
1984
2167
2337
2463
2552
2541
2487
2344
2174
1962
1798
1679
1619
1636
1742
1899
2102
2245
2360
2439
2414
2347
2198
2043
1903
1769
1673
1639
1661
1736
1896
2095
2285
2473
2593
2640
2611
2517
2327
2128
1882
1678
1526
1458
1500
1640
1848
2116
2408
2641
2775
2804
2737
2557
2333
2039
1754
1502
1346
1310
1400
1590
1859
2191
2471
2696
2831
2837
2716
2479
2151
1818
1524
1317
1251
1332
1538
1884
2233
2591
2838
2980
2972
2129
1910
1727
1616
1625
1712
1824
1842
1828
1848
1969
2141
2305
2382
2396
2388
2404
2431
2408
2382
2283
2221
2087
1910
1719
1512
1432
1544
1802
2143
2414
2566
2618
2599
2559
2484
2396
2252
2099
1921
1764
1684
1644
1712
1825
1951
2094
2246
2437
2617
2704
2651
2511
2367
2211
2158
2187
2210
2212
2099
1964
1821
1745
1726
1723
1746
1774
1815
1859
1956
2017
2056
2035
1985
1900
1864
1867
1936
2098
2273
2397
2423
2424
2388
2345
2294
2208
2038
1838
1720
1684
1676
1743
1810
1850
1892
1962
2040
2124
2196
2265
2290
2295
2255
2230
2203
2169
2177
2109
2007
1920
1856
1844
1948
2134
2356
2626
2842
2927
2963
2912
2784
2576
2322
2040
1832
1702
1650
1873
2238
2585
2840
3004
3061
2985
2845
2580
2217
1820
1474
1230
1120
1209
1451
1805
2144
2447
2611
2693
2650
2550
2365
2183
1999
1836
1685
1601
1584
1645
1811
2056
2327
2561
2740
2830
2769
2551
2243
1868
1502
1221
1129
1221
1493
1913
2385
2788
3051
3128
3024
2742
2312
1873
1457
1204
1121
1276
1568
1947
2300
2595
2722
2684
2537
2324
2129
1973
1913
1936
2011
2138
2235
2327
2369
2343
2246
2118
1967
1854
1767
1744
1766
1802
1828
1917
2026
2186
2368
2553
2652
2641
2492
2285
2008
1756
1579
1515
1632
1877
2200
2552
2795
2855
2672
2291
1798
1294
940
822
968
1324
1799
2260
2668
2918
3038
3037
2948
2776
2509
2202
1839
1523
1296
1208
1266
8
114
370
768
1285
1850
2387
2853
3200
3431
3528
3545
3452
3246
2985
2694
2390
2116
1889
1777
1794
1851
1997
2210
2404
2588
2736
2782
2789
2661
2424
2072
1630
1146
657
297
56
1
82
313
660
1134
1720
2309
2909
3425
3848
4095
4095
4095
3973
3666
3265
2851
2439
2108
1828
1641
1542
1527
1557
1631
1713
1797
1832
1825
1758
1663
1560
1429
1320
1224
1161
1174
1311
1578
1928
2343
2761
3095
3434
3670
3797
3790
3691
3413
3024
2520
1888
1255
637
80
1
0
3
1
3
397
1016
1704
2383
2998
3497
3864
4080
4095
4019
3752
3349
2946
2476
2078
1717
1400
1186
1040
992
1090
1290
1606
1975
2367
2700
2982
3150
3147
2998
2741
1975
2585
3232
3854
4095
4095
4095
4095
4095
4095
3851
3238
2539
1808
1082
379
0
1
0
1
0
1
0
301
1114
1936
2653
3222
3628
3924
4086
4095
4095
4095
4095
4054
3845
3581
3187
2720
2160
1549
955
363
3
0
1
1
3
2
2
367
963
1558
2118
2630
3031
3358
3567
3766
3925
4065
4095
4095
4095
4095
3914
3447
2760
2001
1233
502
2
0
1
2
1
1
321
925
1550
2182
2696
3139
3506
3796
3974
4033
3999
3889
3577
3165
2624
1995
1346
708
112
0
1
1
1
161
926
1871
2822
3668
4095
4095
4095
4095
4095
3608
3056
2434
1816
1214
550
1
1
1
0
1
0
139
678
1244
1840
2484
4095
4095
4095
4095
4095
4095
4095
4095
4095
4095
4066
3102
2037
907
3
2
2
1
3
2
2
1
2
1
1
1
2
2
156
1231
2368
3380
4095
4095
4095
4095
4095
4095
4095
4095
4095
4095
4095
4095
4095
4095
4095
3485
2624
1706
874
36
1
2
0
0
2
0
1
2
0
0
1
0
0
245
1140
2059
2968
3764
4095
4095
4095
4095
4095
4095
4095
4095
4095
4095
4095
4095
3832
3073
2321
1580
858
181
1
1
0
0
2
1
1
0
1
0
0
2
330
951
1538
2136
2691
3190
3649
4054
4095
4095
4095
4095
4095
4095
4095
4095
4095
4095
4095
3710
3234
2728
2173
1646
1129
629
181
1
7
1
2
0
1
300
1016
1773
2468
3145
3841
4095
4095
4095
4095
4095
4095
4095
4095
4095
4095
4095
4095
4095
4095
4095
4095
4095
4095
4095
4095
4095
4095
4095
3849
3072
2285
1487
689
0
1
2
2
0
0
0
0
1
1
0
0
0
0
1
0
0
0
0
0
0
0
1
370
1313
2254
3108
3948
4095
4095
4095
4095
4095
4095
4095
4095
4095
4095
4095
4095
4095
4095
4095
4095
4095
4095
4095
4095
4095
3479
2621
1757
915
93
0
1
0
1
0
0
0
0
0
0
0
0
0
0
0
0
0
0
0
0
0
0
336
1225
2070
2908
3686
4095
4095
4095
4095
4095
4095
4095
4095
