2100
2104
2122
2125
2116
2103
2095
2126
2095
2116
2119
2115
2111
2091
2124
2119
2106
2103
2103
2114
2102
2096
2119
2109
2117
2112
2111
2110
2115
2111
2106
2087
2096
2098
2102
2109
2110
2106
2105
2105
2121
2118
2120
2108
2114
2120
2110
2112
2116
2093
2086
2107
2102
2096
2097
2097
2108
2110
2116
2102
2087
2082
2112
2124
2112
2087
2097
2100
2112
2110
2125
2107
2129
2113
2111
2084
2105
2095
2118
2110
2106
2090
2095
2092
2106
2112
2112
2102
2091
2105
2103
2082
2099
2088
2106
2089
2112
2104
2111
2137
2130
2124
2120
2130
2111
2081
2094
2099
2096
2088
2088
2072
2078
2088
2084
2096
2094
2103
2110
2075
2103
2100
2088
2113
2104
2077
2095
2108
2091
2078
2047
2023
2025
2011
2011
2011
1987
1982
1965
1969
1988
1996
1980
1966
1982
2009
1989
1992
1994
2007
2020
2023
2030
2008
2016
2027
2023
2013
2030
2062
2041
2032
2033
2027
2038
2032
2030
2031
2025
2029
2039
2058
2071
2085
2097
2101
2132
2131
2149
2165
2172
2202
2200
2221
2222
2245
2255
2259
2271
2282
2257
2240
2247
2267
2243
2242
2230
2212
2195
2173
2152
2141
2121
2116
2081
2053
2034
2042
2012
2004
2015
1999
2021
1981
1980
1976
1976
1975
2011
2023
2049
2051
2060
2057
2066
2072
2089
2105
2125
2135
2143
2142
2134
2162
2172
2146
2155
2162
2154
2152
2150
2152
2122
2113
2147
2127
2107
2127
2110
2086
2087
2083
2085
2095
2096
2096
1956
1974
2024
2045
2087
2112
2148
2194
2215
2223
2232
2229
2200
2199
2203
2210
2223
2208
2221
2204
2184
2187
2159
2138
2109
2067
2038
1997
1964
1952
1942
1929
1901
1929
1926
1937
1954
1992
2002
2046
2062
2089
2131
2178
2217
2260
2285
2292
2299
2280
2274
2241
2209
2159
2118
2060
2024
1978
1945
1918
1909
1873
1859
1847
1853
1858
1881
1925
1944
1965
2032
2064
2089
2117
2160
2206
2241
2256
2275
2285
2284
2292
2296
2304
2276
2254
2244
2211
2165
2123
2098
2050
2018
1990
1962
1953
1935
1934
1946
1943
1933
1932
1937
1938
1965
1980
2025
2058
2103
2128
2168
2204
2235
2218
2226
2221
2194
2192
2182
2159
2150
2156
2121
2115
2105
2103
2119
2084
2136
2071
2040
2025
1998
2006
2047
2052
2094
2095
2112
2115
2122
2107
2096
2077
2080
2062
2058
2093
2121
2150
2162
2181
2186
2177
2149
2128
2113
2100
2072
2034
2024
2023
2037
2040
2070
2078
2094
2104
2112
2121
2106
2112
2071
2055
2048
2043
2036
2008
2051
2087
2116
2145
2162
2202
2190
2207
2169
2129
2096
2039
2032
1979
1975
1984
2031
2072
2118
2163
2166
2185
2176
2165
2152
2160
2156
2160
2111
2075
2011
1955
1887
1836
1830
1802
1854
1929
2018
2098
2168
2241
2303
2315
2290
2250
2176
2088
2072
2039
2033
2062
2065
2081
2096
2123
2112
2147
2164
2184
2198
2214
2200
2176
2104
2052
1994
2005
2006
2067
2137
2241
2286
2307
2322
2274
2203
2096
2251
2259
2250
2209
2153
2133
2131
2159
2141
2089
1982
1899
1893
1880
1947
2013
2115
2183
2277
2312
2267
2240
2187
2190
2242
2292
2292
2192
2080
2009
1981
1950
1962
1963
1972
1982
2029
2038
2031
2061
2064
2090
2102
2090
2082
2052
2095
2100
2083
2067
2042
2089
2143
2216
2263
2205
2167
2105
2088
2045
2011
1984
1967
1951
1970
2026
2090
2115
2111
2109
2107
2137
2128
2119
2132
2118
2086
2050
2025
1964
1924
1896
1895
1955
1989
2022
2064
2122
2210
2278
2281
2258
2239
2243
2235
2147
2056
1982
1928
1912
1945
1995
2044
2079
2117
2158
2218
2235
2234
2203
2180
2149
2154
2188
2169
2088
2055
1965
1946
1938
1978
2000
2043
2055
2058
2124
2216
2272
2086
2063
2059
2013
1966
1917
1906
1906
1969
2084
2166
2268
2361
2422
2437
2449
2477
2456
2393
2281
2149
1968
1847
1760
1748
1833
1961
2086
2227
2327
2370
2429
2431
2422
2399
2296
2144
2014
1905
1822
1827
1882
1990
2075
2160
2175
2186
2156
2125
2077
2061
2048
2103
2128
2142
2168
2136
2036
1959
1902
1862
1929
2034
2170
2284
2331
2307
2298
2192
2114
2085
2031
1975
1933
1942
1968
1995
2049
2073
2054
2020
1982
2008
2110
2239
2342
2383
2329
2174
1984
1802
1649
1550
1550
1658
1870
2106
2338
2509
2537
2521
2457
2392
2321
2224
2128
2048
2015
2039
2055
2045
2010
1976
1962
1990
2064
2137
2180
2180
2178
2188
2179
2173
2104
2016
1879
1813
1819
2201
2184
2204
2231
2262
2266
2286
2236
2172
2058
1911
1811
1751
1747
1814
1943
2064
2182
2298
2389
2394
2390
2314
2162
1954
1810
1727
1714
1807
1945
2112
2266
2353
2391
2403
2360
2241
2084
1915
1791
1748
1784
1880
2048
2192
2341
2478
2515
2489
2419
2290
2136
1958
1796
1675
1634
1689
1799
1994
2166
2297
2400
2462
2468
2427
2326
2221
2073
1938
1863
1808
1805
1860
1915
2023
2109
2184
2258
2293
2331
2318
2293
2253
2250
2204
2158
2108
2087
2071
2026
1988
1951
1945
1927
1925
1926
1972
2001
2061
2121
2183
2225
2238
2250
2258
2216
2167
2067
1984
1930
1908
1876
1917
1944
2006
2062
2118
2143
2150
2136
2080
2004
1959
1914
1931
1984
2067
2134
2315
2120
1970
1908
1836
1773
1737
1719
1697
1679
1755
1909
2118
2292
2474
2668
2823
2860
2729
2457
2152
1889
1725
1624
1590
1629
1659
1659
1645
1680
1828
2061
2291
2472
2578
2610
2531
2341
2127
1987
1996
2087
2161
2210
2262
2308
2315
2279
2192
2068
2017
2127
2273
2322
2249
2072
1866
1691
1617
1612
1784
2095
2470
2718
2751
2584
2345
2070
1879
1736
1737
1791
1876
1926
1943
1998
2014
2062
2103
2152
2224
2328
2397
2456
2419
2331
2153
1954
1759
1724
1751
1842
1961
2139
2290
2362
2389
2331
2258
2166
1998
1795
1686
1695
1821
1868
1816
1817
1896
2103
2289
2408
2506
2609
2708
2667
2483
2223
2016
1853
1777
1702
1659
1673
1779
1894
2000
2124
2150
2341
2467
2510
2499
2435
2327
2220
2075
1946
1829
1771
1771
1767
1817
1912
2022
2100
2232
2355
2430
2475
2458
2407
2316
2171
2041
1889
1774
1736
1726
1777
1903
2050
2198
2301
2383
2391
2369
2278
2174
2044
1958
1903
1913
1936
2025
2136
2257
2313
2398
2384
2379
2321
2216
2081
1953
1842
1767
1749
1800
1910
2012
2083
2147
2162
2135
2099
2049
1989
1937
1911
1936
1960
2014
2086
2177
2198
2193
2206
2141
2102
2041
1990
1974
2017
2114
2200
2289
2340
2339
2329
2280
2234
2142
2040
1944
1887
1876
1894
1941
2039
2138
2190
2248
2269
2242
2200
2134
2015
1916
1849
1827
1859
1945
2048
2134
2218
2251
2278
2252
2179
2113
2065
1997
1972
1994
2087
2046
2066
2122
2145
2132
2164
2214
2296
2342
2293
2229
2144
2049
1920
1777
1644
1574
1534
1586
1694
1913
2113
2268
2332
2314
2304
2264
2188
2000
1765
1618
1630
1805
2002
2129
2232
2337
2496
2618
2667
2585
2349
2066
1841
1695
1616
1569
1513
1432
1449
1560
1767
1965
2077
2111
2102
2139
2221
2271
2284
2170
2016
1958
1999
2096
2168
2179
2152
2133
2077
2107
2161
2278
2309
2349
2407
2522
2580
2576
2455
2256
2029
1857
1694
1602
1549
1558
1645
1723
1811
1995
2183
2354
2392
2358
2266
2147
2047
1964
1879
1840
1934
2053
2147
2270
2424
2609
2749
2720
2558
2334
2132
2005
1869
1741
1624
1566
1698
1903
2123
2276
2371
2419
2452
2546
2630
2647
2589
1477
1235
1139
1169
1330
1598
1912
2244
2530
2742
2862
2912
2906
2796
2648
2476
2257
2002
1788
1603
1491
1395
1322
1326
1429
1574
1757
2003
2285
2631
2899
3115
3183
3147
2949
2613
2124
1630
1222
934
821
861
1041
1356
1653
1962
2239
2515
2721
2856
2922
2864
2675
2406
2078
1766
1561
1442
1478
1603
1818
2067
2288
2475
2627
2754
2875
2952
3005
2993
2876
2644
2304
1862
1492
1194
1003
1001
1128
1316
1527
1798
2082
2380
2688
2997
3273
3328
3226
2943
2492
2035
1636
1352
1213
1188
1269
1377
1552
1751
1919
2069
2225
2323
2454
2562
2687
2778
2795
2696
2520
2258
1956
1689
1485
1382
1361
1417
1596
1823
2099
2366
2628
2831
2967
2966
2864
2646
1893
1923
1995
2081
2208
2357
2520
2666
2812
2894
2878
2801
2581
2278
1903
1546
1226
991
849
830
948
1135
1372
1640
1901
2205
2532
2794
3012
3136
3180
3108
2944
2667
2387
2101
1875
1718
1612
1594
1637
1764
1932
2128
2352
2504
2628
2673
2619
2475
2295
2087
1879
1652
1496
1345
1206
1085
1027
1004
1078
1260
1524
1845
2229
2598
2891
3084
3189
3165
3070
2892
2649
2392
2160
1960
1895
1892
2047
2261
2543
2812
3031
3125
3136
3063
2880
2568
2194
1734
1277
825
429
152
0
8
154
441
852
1265
1708
2175
2575
2954
3234
3431
3511
3456
3305
3075
2827
2577
2370
2204
2097
2019
2032
2102
2202
2294
2363
2452
2462
2455
2397
2241
2039
1802
8
1
97
577
1198
1838
2410
2869
3187
3327
3274
3054
2734
2298
1829
1353
964
673
538
564
738
1037
1429
1845
2277
2670
3015
3246
3360
3384
3339
3275
3190
3113
3130
3165
3231
3282
3266
3151
2855
2472
1929
1407
864
385
43
0
0
0
218
669
1224
1864
2541
3174
3724
4095
4095
4095
4095
4095
3862
3476
3049
2607
2189
1847
1557
1360
1174
1104
989
840
616
329
1
0
0
0
0
1
104
860
1765
2694
3583
4095
4095
4095
4095
4095
4095
4095
3595
2702
1757
827
18
0
0
0
1
282
1088
2000
2871
3668
4095
4095
4095
4095
4095
4095
3486
2734
1995
1370
881
533
354
320
386
548
783
1049
1316
1591
2534
2307
2104
1884
1661
1489
1356
1273
1260
1296
1407
1562
1730
1919
2154
2410
2655
2912
3144
3344
3494
3578
3564
3455
3255
2985
2655
2237
1793
1350
959
621
326
113
4
21
101
335
631
1009
1445
1914
2413
2824
3197
3529
3761
3860
3854
3767
3528
3208
2807
2370
1926
1519
1167
878
656
559
564
641
790
1050
1363
1741
2124
2515
2857
3192
3444
3619
3692
3678
3539
3323
3037
2712
2324
1988
1688
1431
1282
1193
1203
1238
1318
1441
1589
1737
1883
2036
2170
2292
2410
2471
2562
2635
2691
2708
2697
2646
2595
2488
2378
2257
2147
2063
1970
1933
1948
1979
2042
2116
2219
2264
2317
2329
2324
2271
2167
2066
1956
1825
1734
1621
1571
1553
1959
2059
2187
2296
2402
2512
2605
2704
2780
2843
2923
2991
3040
3066
3121
3132
3152
3154
3146
3169
3143
3098
3058
3002
2967
2907
2841
2787
2685
2623
2545
2487
2408
2306
2237
2176
2130
2094
2055
2021
1979
1961
1963
1951
1925
1929
1920
1942
1946
1940
1967
1959
1975
1989
2010
2033
2072
2097
2146
2170
2209
2252
2255
2276
2306
2274
2287
2285
2261
2196
2122
2073
1988
1920
1833
1724
1620
1509
1416
1348
1276
1210
1142
1122
1092
1077
1094
1120
1160
1214
1296
1397
1470
1560
1673
1798
1898
2009
2143
2241
2355
2478
2584
2677
2753
2831
2932
3001
3080
3144
3211
3257
3307
3354
3377
3404
3427
3427
3435
3430
3411
3417
3398
3324
3274
3212
3111
3020
