2087
2099
2096
2101
2100
2083
2064
2069
2091
2091
2082
2088
2069
2077
2094
2089
2101
2077
2102
2096
2083
2095
2069
2064
2064
2082
2080
2087
2080
2086
2080
2080
2098
2121
2094
2087
2075
2088
2065
2060
2091
2093
2087
2076
2077
2070
2090
2083
2063
2082
2078
2072
2079
2071
2066
2070
2083
2064
2078
2090
2066
2056
2085
2062
2103
2089
2075
2082
2082
2080
2074
2108
2090
2096
2082
2086
2087
2102
2109
2085
2091
2112
2105
2095
2089
2107
2097
2085
2063
2098
2115
2130
2124
2101
2104
2122
2120
2108
2114
2119
2117
2118
2115
2123
2110
2112
2108
2121
2097
2100
2103
2120
2125
2094
2122
2126
2124
2104
2113
2103
2116
2114
2123
2111
2109
2119
2121
2090
2037
2028
2039
2038
2028
2054
2067
2080
2090
2115
2115
2111
2098
2105
2109
2095
2119
2121
2104
2094
2084
2112
2096
2078
2059
2049
2043
2008
1984
2020
2010
1971
1996
1999
2002
2001
2016
2019
2024
2020
2014
2036
2032
2032
2050
2037
2035
2040
2033
2028
2041
2010
2015
2009
2025
2028
2025
2010
2021
2018
2000
2015
2030
2041
2025
2043
2033
2041
2040
2059
2068
2084
2061
2081
2085
2095
2114
2101
2117
2126
2110
2097
2115
2102
2090
2074
2073
2077
2087
2079
2091
2080
2088
2079
2062
2069
2085
2087
2089
2122
2113
2111
2137
2135
2146
2134
2158
2163
2175
2153
2146
2179
2192
2168
2163
2166
2145
2159
2189
2176
2159
2170
2183
2187
2166
2189
2194
2174
2160
2148
2128
2114
2058
2050
2024
1956
1938
1923
1898
1871
1919
1930
1955
1976
2025
2055
2109
2153
2192
2220
2223
2210
2207
2163
2149
2115
2081
2081
2051
2056
2061
2042
2032
2022
2029
2035
2007
2024
2067
2097
2123
2166
2216
2249
2225
2191
2208
2187
2163
2144
2165
2144
2198
2188
2200
2203
2191
2157
2125
2067
2038
1988
1978
1919
1911
1895
1868
1821
1796
1806
1820
1837
1889
1963
2014
2105
2193
2222
2277
2304
2331
2284
2275
2273
2248
2225
2184
2159
2178
2146
2152
2171
2156
2116
2107
2078
2052
2014
1962
1936
1915
1887
1885
1912
1944
1980
2020
2081
2129
2166
2207
2206
2198
2193
2189
2195
2213
2196
2199
2202
2211
2207
2186
2170
2166
2139
1853
1817
1797
1862
1923
1996
2104
2203
2300
2335
2368
2423
2392
2330
2234
2169
2075
1973
1889
1830
1788
1772
1815
1873
1954
2036
2097
2182
2259
2291
2304
2283
2277
2233
2199
2140
2120
2072
2045
2012
1986
1962
1955
1957
1973
1998
2041
2125
2180
2244
2269
2307
2327
2294
2262
2243
2192
2157
2117
2095
2064
2034
1980
1966
1953
1957
1968
1957
2006
2061
2058
2043
2058
2102
2109
2132
2200
2221
2226
2201
2155
2122
2072
2010
1961
1959
1985
2000
2040
2094
2151
2197
2238
2275
2257
2234
2155
2097
2023
1924
1860
1821
1784
1826
1847
1898
1992
2049
2100
2168
2197
2225
2241
2272
2278
2271
2240
2235
2182
2185
2125
2120
2125
2116
2116
2133
2171
2168
2043
2034
2075
2094
2133
2134
2104
2083
2067
2078
2107
2156
2170
2112
2088
2061
2071
2123
2130
2090
2017
1961
1958
1994
2066
2135
2168
2139
2098
2072
2125
2205
2265
2305
2292
2213
2131
2135
2183
2195
2155
2060
1930
1808
1780
1776
1813
1926
1993
2049
2096
2142
2182
2270
2341
2359
2305
2187
1994
1882
1871
1940
2007
2074
2105
2095
2093
2090
2107
2142
2153
2126
2118
2128
2148
2178
2200
2171
2128
2098
2091
2182
2246
2293
2274
2194
2123
2081
2085
2082
2066
2095
2075
2101
2153
2134
2104
2083
2061
2054
1992
1908
1880
1880
1893
1899
1983
2032
2131
2203
2278
2297
2238
2198
2170
2133
2119
2087
2032
1963
1954
1970
2070
2179
2253
2289
2308
2283
2015
1975
1933
1921
1970
1996
2039
2134
2174
2256
2285
2300
2298
2267
2202
2153
2071
2029
1994
1953
1948
1957
1955
2006
2078
2160
2219
2252
2257
2235
2176
2069
1988
1933
1870
1860
1882
1932
2001
2079
2164
2218
2261
2287
2243
2185
2124
2025
1964
1914
1900
1931
1983
2051
2113
2195
2227
2225
2206
2131
2085
1999
1980
1990
1995
2016
2053
2085
2127
2112
2122
2108
2107
2131
2157
2150
2144
2153
2137
2109
2066
2006
1983
1959
1923
1924
1957
2037
2096
2206
2276
2348
2386
2384
2372
2291
2200
2123
2046
1962
1897
1861
1822
1800
1786
1857
1914
2012
2124
2225
2337
2398
2421
2363
2294
2182
2096
1999
1953
1941
1947
1980
2015
2065
2087
2073
2013
2029
2010
1862
1794
1775
1747
1739
1743
1795
1862
1963
2041
2102
2126
2182
2286
2401
2461
2389
2215
1982
1775
1634
1603
1627
1683
1740
1808
1939
2112
2293
2480
2617
2710
2767
2721
2637
2450
2221
1990
1808
1707
1680
1703
1799
1903
2056
2174
2251
2319
2362
2392
2464
2443
2329
2179
1947
1750
1603
1592
1612
1696
1766
1889
2002
2109
2201
2254
2252
2251
2274
2247
2251
2208
2181
2115
1999
1891
1865
1882
1935
2029
2089
2112
2166
2189
2276
2327
2335
2356
2313
2255
2204
2147
2081
1967
1896
1832
1785
1790
1786
1837
1909
1998
2103
2172
2234
2255
2260
2245
2217
2176
2121
2080
1992
1941
1940
1972
1996
2014
2061
2123
2167
2218
2279
2302
2320
2308
2280
2233
2332
2397
2403
2348
2220
2058
1885
1766
1705
1740
1841
2024
2190
2371
2451
2497
2463
2347
2176
2021
1899
1810
1780
1852
1975
2111
2251
2331
2355
2319
2242
2136
2007
1936
1883
1875
1924
2012
2071
2152
2197
2225
2189
2144
2074
2010
1953
1911
1872
1849
1826
1844
1904
1984
2070
2164
2244
2348
2380
2353
2310
2188
2078
2020
1935
1903
1861
1871
1873
1892
1970
2057
2178
2279
2366
2393
2390
2327
2246
2133
2041
1971
1891
1843
1780
1695
1667
1681
1760
1905
2106
2357
2608
2797
2877
2783
2555
2190
1844
1531
1304
1234
1326
1552
1886
2231
2515
2699
2780
2741
2624
2410
2216
2044
1941
1889
1872
1919
1946
1990
1922
1907
1902
1930
1970
2040
2177
2332
2103
1905
1762
1710
1717
1738
1821
1907
2033
2128
2233
2286
2286
2230
2161
2043
1873
1742
1649
1565
1525
1512
1534
1656
1874
2079
2278
2405
2441
2423
2314
2185
2067
1955
1876
1885
1933
2033
2091
2123
2147
2207
2310
2432
2496
2500
2427
2322
2176
2073
2015
1985
1981
2000
2025
2054
2088
2107
2174
2255
2299
2277
2233
2188
2214
2300
2332
2378
2369
2334
2215
2143
2088
2052
2030
2010
1971
1896
1767
1636
1538
1534
1606
1735
1907
2040
2106
2048
1984
1979
2024
2125
2224
2324
2359
2311
2275
2192
2150
2102
2092
2130
2155
2181
2170
2145
2079
1928
1825
1749
1701
1721
1801
1855
1917
2002
2114
2245
2397
2556
2649
2648
2552
2393
2225
2085
1972
2490
2445
2354
2251
2102
1922
1780
1647
1582
1592
1672
1826
2004
2147
2326
2479
2573
2599
2574
2493
2344
2147
1988
1854
1751
1708
1735
1812
1910
1974
2037
2076
2060
2061
2042
2046
2104
2164
2248
2290
2319
2333
2319
2289
2238
2131
1988
1848
1703
1594
1548
1558
1656
1804
1983
2152
2337
2514
2626
2710
2657
2504
2288
2051
1865
1802
1813
1873
1882
1908
1941
2059
2212
2376
2460
2524
2510
2491
2455
2456
2392
2302
2126
1897
1654
1468
1427
1439
1497
1616
1702
1829
2068
2355
2621
2835
2984
3008
2930
2763
2521
2259
2034
1760
1530
1372
1236
1141
1101
1154
1324
1587
1947
2331
2641
2878
3026
3035
2952
2784
2515
2220
1931
1660
1438
1328
1345
1401
2992
2871
2694
2480
2267
2036
1854
1667
1533
1407
1328
1339
1378
1498
1697
1909
2184
2392
2592
2693
2756
2765
2654
2470
2253
2054
1840
1715
1661
1720
1864
2000
2165
2316
2364
2390
2316
2226
2141
1993
1866
1768
1726
1738
1827
1959
2101
2241
2348
2407
2389
2340
2262
2147
2056
1941
1791
1652
1568
1515
1607
1786
2080
2440
2840
3164
3385
3387
3188
2814
2311
1735
1232
826
632
603
766
1049
1433
1819
2232
2603
2930
3163
3310
3370
3295
3125
2850
2461
2003
1555
1113
759
597
574
770
1167
1685
2224
2776
3184
3427
3467
3373
3147
2832
2449
2089
1736
1395
1114
966
919
1014
1238
1564
1953
2409
2787
3110
3282
3327
3208
2973
2598
2172
1785
1694
1586
1508
1451
1387
1315
1298
1304
1473
1702
2066
2468
2867
3208
3373
3374
3194
2857
2424
2019
1609
1338
1160
1119
1154
1246
1395
1543
1724
1934
2159
2375
2568
2745
2863
2926
2903
2763
2535
2199
1814
1446
1077
806
640
611
763
1050
1498
2089
2708
3341
3886
4095
4095
4095
4004
3481
2818
2122
1453
879
441
199
150
290
562
949
1313
1631
1928
2217
2438
2677
2953
3217
3450
3656
3724
3670
3496
3236
2888
2475
2042
1601
1183
840
540
309
237
344
616
1082
1636
2200
2703
3082
3297
3354
3294
3199
3112
3047
3015
2957
2827
2588
2213
1736
1275
869
624
560
637
850
1162
1505
1895
2267
2685
3034
3349
3495
3479
3308
2990
2554
3534
3426
3222
2937
2573
2132
1655
1201
812
446
205
98
106
273
524
905
1331
1814
2307
2781
3196
3490
3743
3830
3841
3773
3589
3303
2949
2535
2114
1678
1261
879
596
436
380
487
715
1004
1407
1851
2248
2660
3006
3242
3357
3374
3285
3094
2823
2513
2176
1818
1545
1312
1140
1069
1126
1222
1435
1713
2017
2365
2673
2921
3104
3145
3092
2949
2694
2354
1981
1616
1303
1052
875
838
887
1061
1317
1667
2062
2433
2826
3138
3380
3516
3572
3505
3329
3024
2643
2177
1670
1176
711
312
8
1
1
42
357
877
1456
2183
2922
3623
4095
4095
4095
4095
4095
4095
4095
3841
3016
2114
1191
357
1
1
0
0
1
1
223
1009
7
1
346
1150
1992
2798
3586
4095
4095
4095
4095
4095
4095
4095
4095
4095
4095
3443
2694
1896
1127
398
1
0
1
1
1
0
0
3
12
520
1187
1805
2382
2862
3211
3444
3527
3508
3398
3221
2966
2659
2330
1981
1645
1318
1018
788
568
436
378
405
540
794
1070
1421
1842
2293
2716
3116
3429
3700
3893
3972
3950
3851
3704
3499
3282
3028
2746
2463
2175
1875
1570
1280
1023
807
630
505
495
619
830
1131
1492
1931
2380
2746
3060
3280
3404
3424
3400
3343
3230
3155
3051
2948
2819
2666
2509
2328
2133
1949
1795
1682
1610
1640
1768
1918
2137
2392
2650
2917
3116
3251
3296
3268
3134
2944
2712
2415
2092
1760
1444
1121
5
0
0
1
2
2
659
1598
2532
3426
4095
4095
4095
4095
4095
4095
4095
4095
4095
4095
4095
4095
4095
4095
4095
4095
4095
4095
4095
4095
3863
2845
1793
734
1
1
0
0
0
0
0
0
0
1
0
1
1
1
0
0
0
1
1
0
31
898
1881
2815
3716
4095
4095
4095
4095
4095
4095
4095
4095
4095
4095
4095
4095
4095
4095
4095
4095
4095
4095
4095
4095
4095
3412
2307
1216
174
0
0
2
1
0
1
1
3
1
0
2
1
2
0
0
1
0
1
1
141
1046
1944
2774
3538
4095
4095
4095
4095
4095
4095
4095
4095
4095
4095
4095
4095
4095
4095
4095
4095
4095
4095
4095
3935
