2222
2212
2218
2214
2221
2207
2204
2212
2209
2204
2199
2199
2189
2194
2190
2188
2190
2198
2186
2172
2179
2168
2162
2161
2165
2158
2157
2142
2151
2134
2135
2129
2129
2116
2112
2121
2120
2116
2102
2102
2086
2080
2062
2062
2066
2058
2062
2053
2043
2041
2043
2017
2008
2006
2011
1999
1990
1973
1972
1967
1961
1964
1952
1951
1946
1933
1924
1920
1918
1923
1922
1925
1918
1914
1911
1911
1906
1909
1914
1904
1904
1908
1914
1905
1904
1910
1919
1921
1925
1924
1933
1940
1937
1950
1944
1950
1950
1959
1952
1966
1967
1965
1977
1981
2004
2007
2008
2010
2012
2018
2026
2029
2024
2032
2029
2041
2036
2068
2071
2062
2070
2081
2086
2083
2085
2094
2094
2100
2118
2118
2128
2125
2136
2136
2134
2125
2122
2129
2134
2130
2135
2137
2135
2143
2143
2143
2158
2142
2151
2160
2159
2165
2158
2155
2157
2155
2164
2167
2168
2161
2157
2168
2162
2170
2163
2152
2162
2148
2156
2150
2137
2139
2139
2141
2147
2153
2140
2134
2138
2135
2132
2123
2133
2110
2098
2109
2103
2098
2086
2086
2089
2089
2082
2085
2080
2076
2066
2053
2057
2048
2041
2039
2048
2040
2040
2040
2031
2040
2036
2033
2019
2028
2018
2019
2018
2007
2014
2017
2034
2019
2024
2013
2016
2006
2010
2013
2016
2018
2022
2018
2016
2025
2018
2021
2034
2025
2034
2042
2046
2037
2039
2048
2059
2061
2066
2063
2061
2061
2054
2059
2073
2076
2080
2088
2084
2091
1862
1872
1895
1905
1921
1940
1954
1972
1996
2012
2032
2063
2097
2128
2184
2234
2277
2321
2371
2412
2464
2496
2518
2536
2556
2546
2543
2523
2496
2473
2442
2399
2369
2335
2314
2275
2255
2248
2233
2231
2223
2228
2212
2187
2183
2173
2156
2110
2096
2051
2007
1964
1924
1873
1838
1808
1783
1765
1742
1739
1733
1740
1755
1769
1783
1805
1821
1844
1859
1878
1896
1917
1948
1950
1982
2008
2026
2040
2061
2079
2087
2105
2123
2138
2140
2156
2154
2162
2177
2180
2201
2206
2225
2247
2274
2282
2316
2335
2359
2387
2415
2422
2438
2449
2460
2464
2474
2467
2465
2456
2445
2427
2397
2368
2340
2313
2288
2256
2228
2211
2180
2156
2111
2100
2076
2059
2022
1997
2086
2065
2054
2054
2056
2072
2084
2096
2112
2134
2136
2144
2144
2164
2149
2148
2138
2127
2127
2118
2108
2094
2086
2089
2090
2087
2081
2072
2071
2064
2044
2033
2019
2023
2019
2014
2028
2043
2051
2057
2060
2070
2062
2057
2052
2051
2032
2019
2019
2012
2019
2021
2022
2040
2037
2056
2058
2051
2058
2038
2017
1995
1978
1959
1928
1902
1903
1908
1917
1924
1942
1955
1965
1973
1978
1994
1997
2012
2012
2020
2028
2055
2067
2081
2100
2121
2147
2168
2183
2194
2209
2210
2222
2234
2232
2230
2229
2221
2212
2217
2203
2191
2183
2167
2152
2151
2139
2140
2127
2106
2103
2108
2086
2087
2088
2089
2096
2108
2116
2119
2139
2147
2163
2166
2168
2171
2172
2184
1977
1946
1910
1888
1869
1852
1853
1859
1873
1903
1927
1968
2017
2052
2101
2151
2184
2220
2248
2269
2282
2287
2275
2261
2244
2208
2174
2147
2095
2053
2025
1996
1980
1969
1974
1995
2011
2030
2079
2117
2161
2202
2252
2295
2344
2376
2407
2428
2452
2449
2459
2431
2415
2386
2365
2318
2270
2235
2179
2136
2087
2035
1999
1970
1942
1922
1920
1896
1900
1910
1917
1933
1964
1982
1990
2012
2026
2036
2044
2047
2033
2033
2043
2029
2021
2011
1990
1974
1959
1949
1926
1904
1880
1875
1858
1853
1836
1832
1826
1836
1854
1883
1907
1953
1998
2036
2082
2134
2184
2235
2290
2326
2354
2393
2406
2415
2436
2426
2406
2394
2371
2340
2301
2260
2208
2159
2098
2053
2110
2099
2084
2056
2017
1968
1925
1895
1860
1831
1821
1848
1873
1927
1994
2068
2139
2220
2290
2356
2399
2407
2418
2425
2395
2382
2352
2330
2307
2301
2284
2270
2270
2252
2223
2210
2193
2161
2135
2099
2057
2005
1931
1862
1776
1694
1622
1558
1521
1500
1504
1538
1587
1644
1721
1805
1906
1998
2104
2203
2309
2407
2502
2562
2619
2634
2657
2652
2638
2622
2633
2654
2659
2678
2694
2687
2679
2631
2557
2449
2357
2240
2144
2038
1969
1890
1808
1732
1642
1547
1436
1342
1260
1200
1184
1183
1223
1290
1387
1502
1628
1748
1842
1910
1977
2022
2078
2124
2167
2242
2308
2394
2480
2570
2640
2683
2720
2728
2716
2690
2654
2627
2601
2589
2568
2553
2517
2456
2209
2207
2204
2179
2151
2130
2117
2097
2078
2054
2030
2013
1999
1974
1959
1946
1941
1933
1939
1955
1968
2001
2022
2055
2079
2120
2170
2204
2252
2280
2306
2332
2352
2346
2335
2328
2313
2272
2224
2195
2150
2106
2056
2008
1985
1938
1910
1882
1862
1854
1838
1833
1832
1844
1850
1846
1865
1867
1886
1905
1939
1960
1984
1996
2024
2040
2069
2092
2132
2155
2198
2227
2263
2284
2320
2325
2341
2344
2369
2346
2340
2321
2309
2274
2243
2201
2171
2131
2098
2065
2032
2004
1974
1966
1968
1963
1962
1965
1974
1994
2029
2051
2072
2097
2118
2140
2171
2183
2192
2195
2211
2202
2195
2177
2176
2151
2114
2088
2057
2024
1988
1966
1909
1870
1852
1838
1806
1794
2296
2343
2371
2399
2413
2395
2384
2360
2334
2304
2284
2272
2252
2242
2235
2247
2265
2276
2271
2248
2235
2222
2180
2137
2065
1998
1918
1833
1746
1665
1591
1527
1480
1440
1424
1437
1460
1511
1560
1640
1740
1854
1962
2099
2232
2359
2483
2609
2699
2785
2862
2914
2936
2937
2901
2839
2751
2648
2523
2391
2232
2068
1956
1838
1734
1634
1560
1524
1508
1509
1529
1586
1651
1725
1807
1908
1982
2058
2136
2210
2269
2334
2382
2420
2437
2470
2494
2515
2513
2523
2528
2528
2527
2512
2489
2433
2411
2352
2289
2226
2170
2087
2012
1943
1882
1834
1818
1810
1801
1802
1805
1826
1852
1878
1922
1955
1998
2040
2076
2107
2127
2149
2168
2181
2183
2195
2189
2193
2348
2290
2216
2149
2088
2041
2012
1986
1965
1938
1909
1865
1808
1753
1693
1643
1619
1592
1607
1631
1687
1747
1827
1889
1950
2021
2093
2158
2203
2249
2287
2319
2360
2404
2440
2490
2513
2546
2572
2585
2568
2539
2502
2432
2374
2309
2255
2206
2158
2113
2093
2035
1984
1930
1845
1754
1676
1615
1558
1539
1538
1558
1609
1657
1718
1783
1841
1911
1973
2040
2125
2211
2287
2384
2467
2544
2602
2648
2688
2710
2734
2732
2699
2672
2617
2550
2480
2391
2300
2212
2131
2052
1971
1900
1830
1759
1667
1607
1537
1474
1433
1411
1414
1440
1473
1524
1608
1678
1747
1822
1900
1971
2059
2136
2224
2310
2396
2476
2552
2621
2669
2686
2702
2705
2691
2678
2660
2622
2210
2167
2130
2094
2042
1992
1940
1889
1828
1773
1726
1703
1653
1634
1625
1636
1637
1679
1722
1787
1852
1934
2004
2096
2181
2271
2345
2407
2464
2513
2542
2558
2570
2566
2549
2538
2503
2464
2418
2365
2320
2255
2196
2120
2046
1976
1904
1818
1751
1694
1628
1587
1551
1523
1528
1537
1565
1608
1685
1772
1850
1952
2052
2154
2265
2356
2435
2504
2557
2606
2639
2652
2642
2628
2590
2538
2488
2414
2331
2240
2141
2057
1958
1862
1773
1705
1633
1594
1565
1544
1571
1610
1664
1736
1841
1937
2062
2186
2322
2451
2574
2669
2762
2826
2873
2901
2896
2866
2811
2736
2640
2516
2388
2246
2083
1942
1788
1629
1511
1394
1302
1243
1202
1199
1239
1288
1381
1501
817
930
1068
1243
1422
1568
1694
1790
1830
1837
1807
1770
1735
1746
1783
1869
1995
2163
2343
2515
2683
2834
2954
3016
3062
3080
3067
3033
2968
2892
2801
2703
2563
2412
2266
2110
1984
1849
1754
1684
1652
1644
1675
1735
1806
1852
1883
1882
1840
1784
1696
1590
1491
1424
1373
1343
1354
1445
1542
1660
1800
1924
2056
2162
2268
2348
2424
2478
2532
2566
2582
2586
2555
2512
2430
2346
2265
2196
2157
2126
2138
2181
2238
2319
2386
2452
2492
2484
2445
2392
2300
2218
2124
2046
1965
1915
1878
1856
1824
1790
1760
1747
1716
1708
1726
1760
1801
1847
1886
1927
1937
1928
1902
1873
1832
1790
1774
1753
1766
1807
1883
1984
2090
2215
2362
2515
2658
2792
2428
2428
2412
2410
2394
2379
2360
2341
2330
2312
2293
2258
2234
2208
2168
2137
2106
2078
2044
2008
1984
1957
1933
1918
1904
1895
1882
1887
1897
1905
1914
1920
1927
1954
1966
1988
1990
1999
2008
2022
2022
2035
2044
2052
2070
2088
2100
2129
2146
2163
2186
2199
2215
2241
2255
2263
2273
2289
2294
2286
2273
2259
2234
2220
2187
2169
2141
2102
2085
2057
2029
2012
1989
1983
1970
1959
1967
1963
1972
1975
1998
2004
2026
2042
2064
2081
2104
2114
2132
2153
2163
2172
2174
2173
2176
2175
2160
2150
2132
2116
2100
2073
2051
2018
1999
1973
1958
1944
1936
1917
1912
1908
1917
1939
1941
1957
1977
2004
2024
2057
2078
2110
2140
2163
2190
2212
2236
2266
2432
2400
2359
2326
2292
2268
2242
2218
2174
2149
2102
2048
1976
1936
1855
1805
1742
1688
1640
1619
1592
1587
1614
1664
1717
1792
1887
1992
2102
2202
2293
2406
2514
2598
2659
2708
2737
2747
2733
2681
2636
2541
2430
2330
2223
2084
1980
1859
1764
1678
1604
1557
1528
1508
1498
1530
1561
1618
1690
1780
1882
1988
2106
2227
2350
2459
2572
2664
2740
2815
2835
2854
2832
2781
2694
2576
2444
2288
2139
1974
1820
1691
1563
1463
1401
1346
1321
1352
1382
1439
1527
1615
1728
1840
1945
2058
2162
2258
2357
2448
2511
2555
2600
2608
2616
2588
2543
2474
2400
2327
2228
2146
2032
1931
1840
1771
1717
1663
1634
1632
1648
1658
1695
1760
1812
1888
1952
2021
2251
2139
2038
1948
1853
1768
1671
1599
1549
1539
1527
1549
1596
1625
1647
1621
1606
1549
1495
1460
1454
1485
1542
1608
1701
1768
1804
1827
1830
1829
1840
1880
1932
2028
2154
2273
2384
2474
2558
2645
2717
2767
2840
2890
2921
2913
2877
2838
2761
2676
2601
2526
2454
2381
2302
2197
2092
1998
1892
1800
1718
1665
1636
1618
1611
1600
1567
1524
1497
1480
1472
1498
1520
1556
1609
1688
1729
1800
1837
1893
1951
2016
2083
2162
2242
2299
2351
2371
2381
2391
2392
2393
2408
2425
2427
2446
2456
2441
2423
2411
2391
2388
2385
2377
2381
2359
2331
2295
2254
2200
2139
2086
2019
1966
1897
1846
1798
1747
1727
1708
1702
1715
1701
1696
1695
1677
1659
1661
1836
1572
1300
1052
842
664
536
459
392
384
421
492
600
730
916
1112
1310
1526
1754
1984
2219
2438
2644
2837
3006
3133
3257
3321
3369
3385
3354
3286
3189
3046
2881
2693
2476
2271
2039
1835
1625
1423
1264
1113
1007
935
897
908
958
1033
1153
1307
1475
1676
1898
2128
2346
2583
2804
3000
3182
3338
3449
3540
3587
3587
3552
3468
3339
3167
2965
2721
2472
2195
1914
1644
1377
1154
952
771
647
574
560
599
698
835
1029
1250
1495
1762
2028
2299
2552
2793
3006
3178
3319
3400
3452
3454
3415
3336
3215
3058
2867
2632
2404
2150
1870
1600
1336
1104
873
678
520
432
384
407
481
601
790
1026
1308
1623
1960
2312
2655
2979
