2080
2107
2118
2120
2136
2144
2152
2156
2141
2150
2148
2147
2138
2123
2111
2119
2116
2097
2084
2083
2069
2066
2054
2054
2043
2048
2047
2050
2048
2041
2050
2048
2043
2061
2062
2063
2075
2076
2068
2072
2078
2090
2083
2100
2092
2092
2108
2109
2115
2100
2108
2099
2099
2098
2112
2117
2118
2110
2105
2099
2100
2111
2113
2113
2114
2102
2111
2106
2110
2106
2109
2114
2106
2114
2109
2120
2115
2125
2123
2108
2134
2129
2128
2127
2137
2132
2127
2144
2131
2130
2136
2136
2126
2128
2127
2132
2132
2134
2135
2128
2120
2120
2120
2119
2121
2116
2118
2105
2107
2108
2113
2119
2098
2104
2107
2100
2101
2099
2093
2095
2096
2092
2093
2089
2091
2091
2100
2094
2098
2109
2115
2110
2116
2114
2119
2136
2137
2146
2146
2152
2142
2148
2156
2152
2146
2140
2137
2135
2143
2136
2134
2133
2135
2116
2120
2118
2117
2101
2100
2111
2120
2113
2125
2119
2126
2120
2121
2119
2124
2145
2147
2138
2154
2162
2152
2163
2153
2169
2170
2168
2166
2159
2168
2173
2162
2164
2178
2172
2173
2170
2164
2168
2162
2161
2173
2164
2166
2183
2160
2159
2160
2149
2152
2150
2153
2142
2134
2140
2110
2101
2095
2074
2073
2062
2058
2044
2033
2028
2017
2001
2009
1994
1986
2000
1994
1994
1993
2008
2000
2001
2002
1996
2003
2008
2024
2033
2027
2034
2031
2019
2019
2004
2010
1984
1964
1958
1951
1933
1924
1895
1898
1906
1920
1935
1948
1961
2152
2144
2136
2122
2094
2061
2023
2013
1973
1948
1932
1929
1904
1892
1896
1884
1889
1890
1884
1892
1872
1860
1849
1829
1813
1814
1794
1795
1805
1813
1839
1867
1896
1917
1929
1943
1951
1960
1968
1972
2000
2003
2039
2074
2109
2145
2197
2242
2277
2324
2338
2341
2346
2350
2352
2368
2351
2366
2375
2381
2390
2400
2397
2386
2387
2372
2352
2318
2296
2276
2260
2252
2230
2216
2208
2208
2202
2196
2180
2158
2139
2138
2119
2112
2094
2096
2096
2080
2079
2062
2070
2043
2037
2011
1996
1980
1960
1950
1952
1958
1939
1932
1944
1938
1929
1911
1899
1884
1875
1878
1870
1866
1888
1903
1910
1923
1936
1947
1961
1985
1996
2028
2043
2066
2080
2087
2112
2121
2213
2207
2194
2185
2165
2155
2146
2127
2123
2114
2116
2108
2104
2096
2090
2092
2093
2082
2069
2072
2052
2052
2040
2018
2010
1995
1989
1978
1974
1965
1955
1954
1944
1938
1947
1942
1958
1968
1979
1988
2010
2024
2053
2071
2096
2102
2132
2146
2175
2180
2195
2204
2220
2212
2226
2223
2218
2200
2186
2170
2146
2119
2108
2069
2047
2021
2001
1986
1956
1942
1912
1902
1876
1874
1874
1874
1889
1887
1901
1905
1919
1946
1978
2012
2049
2082
2112
2142
2186
2221
2260
2287
2327
2366
2392
2409
2421
2437
2438
2431
2419
2408
2382
2354
2308
2273
2232
2188
2138
2104
2067
2005
1955
1910
1887
1854
1830
1812
1800
1799
1793
1785
1794
1816
1832
1853
1869
1890
2072
1987
1916
1838
1762
1701
1627
1579
1535
1494
1471
1464
1444
1463
1483
1499
1526
1558
1596
1632
1673
1722
1769
1820
1874
1942
2014
2085
2156
2227
2288
2341
2390
2426
2461
2472
2493
2479
2475
2463
2444
2411
2387
2372
2369
2369
2367
2365
2382
2395
2405
2420
2420
2394
2366
2310
2261
2188
2085
2009
1912
1826
1740
1677
1639
1595
1581
1569
1594
1628
1664
1724
1795
1876
1953
2028
2110
2185
2254
2306
2355
2404
2432
2438
2437
2436
2400
2372
2327
2272
2212
2152
2090
2055
2018
1996
1990
1993
1993
2032
2061
2080
2115
2112
2127
2117
2124
2116
2066
2042
2012
1993
1954
1944
1943
1935
1949
1988
2038
2085
2140
2197
2239
2287
2325
2335
2320
2300
2600
2584
2557
2493
2426
2344
2251
2179
2099
2044
2019
1958
1951
1932
1906
1892
1866
1832
1815
1791
1777
1779
1772
1780
1779
1785
1791
1791
1797
1821
1846
1860
1913
1941
2004
2044
2088
2129
2172
2216
2247
2275
2302
2334
2352
2368
2389
2411
2426
2417
2429
2424
2397
2365
2320
2267
2212
2166
2116
2085
2067
2056
2048
2046
2020
2011
1975
1937
1896
1850
1833
1813
1814
1832
1864
1882
1870
1888
1884
1884
1883
1888
1915
1954
2006
2080
2146
2202
2230
2261
2255
2265
2250
2241
2234
2236
2254
2260
2270
2298
2319
2320
2326
2309
2282
2243
2214
2183
2137
2104
2088
2066
2047
2017
1983
1954
1914
1876
1854
1810
1781
1767
1760
1751
1780
1819
1848
1884
1892
1928
1945
1983
2012
2040
2087
2108
2141
2158
2190
2202
2217
2216
2230
2231
2240
2216
2198
2207
2195
2180
2156
2138
2112
2099
2096
2082
2070
2067
2052
2051
2048
2047
2056
2064
2052
2065
2073
2078
2098
2110
2124
2128
2132
2148
2142
2141
2143
2144
2147
2136
2120
2115
2106
2104
2081
2068
2042
2032
2016
1999
1992
1977
1981
1985
1990
1998
1995
2009
2038
2046
2073
2095
2110
2109
2143
2164
2171
2180
2202
2191
2190
2192
2176
2161
2160
2130
2109
2104
2092
2080
2056
2046
2036
2031
2020
2020
2024
2034
2054
2048
2057
2086
2087
2106
2122
2132
2152
2165
2187
2193
2211
2218
2217
2223
2214
2207
2181
2160
2165
2127
2103
2078
2049
2014
1986
1959
1590
1511
1461
1432
1432
1473
1542
1623
1728
1848
1974
2113
2219
2327
2399
2469
2514
2531
2544
2536
2518
2492
2456
2421
2401
2376
2358
2324
2316
2309
2294
2286
2286
2276
2253
2248
2223
2189
2155
2121
2073
2037
1994
1946
1942
1928
1934
1926
1932
1947
1966
1979
1966
1968
1963
1951
1922
1927
1922
1894
1883
1891
1898
1914
1937
1963
1991
2036
2073
2107
2125
2156
2180
2200
2208
2181
2162
2119
2074
2032
1974
1943
1888
1874
1874
1886
1926
1982
2058
2141
2228
2307
2387
2430
2457
2452
2420
2360
2305
2229
2152
2084
2062
2056
2085
2137
2214
2298
2380
2460
2504
2535
2518
2498
2457
2386
2301
2221
2157
2086
2007
1940
1904
1868
1847
1847
1875
1908
1555
1616
1672
1743
1815
1881
1964
2035
2107
2173
2247
2311
2382
2450
2514
2581
2618
2675
2712
2746
2768
2779
2777
2767
2752
2715
2672
2610
2547
2483
2409
2345
2275
2200
2125
2084
2044
2011
1975
1928
1893
1858
1818
1785
1727
1669
1614
1552
1500
1460
1444
1432
1440
1476
1519
1586
1643
1734
1817
1889
1963
2041
2107
2168
2232
2290
2344
2396
2460
2506
2535
2565
2591
2603
2611
2630
2629
2627
2596
2558
2524
2470
2394
2312
2218
2122
2021
1898
1816
1746
1670
1650
1640
1661
1694
1728
1781
1832
1868
1922
1949
1966
1967
1961
1944
1936
1938
1934
1930
1945
1966
2001
2035
2072
2123
2173
2224
2274
2323
2363
2403
2443
2462
2480
2475
2458
2421
2377
1646
1648
1654
1676
1734
1783
1844
1930
2014
2101
2187
2288
2360
2427
2476
2512
2526
2524
2497
2451
2405
2327
2253
2156
2058
1960
1876
1777
1696
1618
1552
1530
1511
1512
1516
1562
1615
1681
1756
1862
1969
2099
2230
2345
2449
2553
2651
2725
2774
2818
2817
2797
2748
2702
2612
2502
2376
2256
2122
1973
1832
1686
1556
1451
1358
1286
1248
1240
1250
1283
1356
1452
1565
1704
1868
2027
2196
2383
2544
2710
2831
2948
3032
3085
3105
3090
3033
2968
2846
2725
2579
2422
2245
2072
1891
1732
1575
1450
1362
1273
1236
1214
1212
1244
1305
1395
1509
1636
1783
1931
2102
2262
2412
2551
2680
2796
2888
2960
2994
2997
2984
2933
2844
2755
2633
2490
2317
2170
2644
2654
2621
2553
2453
2346
2232
2135
2060
2002
1968
1955
1960
1984
1974
1970
1970
1993
2012
2047
2100
2154
2171
2185
2168
2145
2081
2004
1897
1819
1743
1694
1672
1685
1716
1778
1853
1906
1962
2006
2043
2060
2072
2070
2077
2083
2083
2083
2094
2064
2033
2011
1965
1950
1943
1946
1973
2043
2100
2186
2280
2338
2375
2408
2413
2372
2318
2241
2170
2105
2058
2017
2002
1994
2005
2016
2041
2071
2101
2138
2160
2196
2223
2245
2285
2292
2308
2308
2287
2262
2220
2150
2086
2000
1947
1873
1808
1777
1768
1759
1804
1846
1901
1958
1999
2008
2030
2005
1966
1942
1903
1861
1836
1831
1832
1846
1881
1903
1924
1942
1970
1984
2009
2052
2096
2175
2262
2356
1509
1439
1402
1416
1443
1519
1610
1706
1794
1883
1979
2048
2096
2129
2152
2155
2137
2133
2106
2081
2060
2050
2032
2027
2027
2026
2026
2062
2084
2108
2132
2161
2180
2207
2232
2257
2255
2263
2252
2241
2218
2186
2159
2138
2104
2070
2054
2048
2040
2052
2058
2084
2107
2138
2176
2223
2272
2308
2369
2413
2436
2477
2488
2497
2498
2474
2444
2404
2332
2265
2179
2105
2026
1947
1855
1795
1731
1672
1652
1625
1623
1627
1652
1676
1718
1751
1794
1837
1886
1929
1958
2000
2027
2072
2091
2117
2147
2168
2203
2224
2262
2289
2318
2356
2383
2405
2419
2427
2420
2412
2389
2366
2326
2275
2223
2176
2110
2060
1988
1920
1867
1823
1773
1741
1717
1706
1699
1704
2781
2667
2551
2426
2283
2130
1976
1830
1705
1575
1483
1430
1385
1373
1392
1447
1519
1618
1732
1869
2010
2128
2258
2380
2479
2550
2618
2663
2658
2641
2613
2552
2486
2389
2313
2200
2083
1965
1853
1759
1680
1598
1541
1521
1496
1506
1539
1566
1638
1714
1795
1908
2019
2123
2215
2288
2361
2422
2469
2487
2481
2457
2424
2368
2319
2240
2172
2095
2026
1956
1911
1850
1816
1778
1746
1745
1752
1752
1798
1836
1875
1927
2003
2070
2129
2208
2268
2328
2374
2422
2448
2454
2438
2424
2391
2360
2305
2248
2194
2141
2064
2024
1981
1959
1928
1922
1930
1953
1985
2022
2066
2116
2169
2237
2288
2331
2371
2412
2453
2469
2469
2473
2448
2416
2383
2329
2280
2224
1964
2154
2363
2582
2797
2968
3074
3104
3056
2946
2799
2624
2463
2319
2218
2176
2178
2210
2286
2393
2485
2564
2633
2651
2656
2632
2557
2490
2385
2262
2110
1932
1762
1589
1472
1413
1408
1472
1588
1746
1904
2054
2161
2244
2300
2320
2339
2338
2344
2340
2354
2346
2321
2273
2207
2114
2014
1930
1874
1853
1874
1948
2059
2172
2253
2262
2218
2136
1976
1805
1606
1440
1330
1240
1204
1221
1243
1299
1370
1443
1527
1611
1716
1824
1939
2062
2179
2291
2376
2464
2528
2568
2612
2653
2684
2714
2736
2752
2773
2802
2837
2879
2923
2983
3028
3034
3006
2929
2811
2653
2484
2300
2156
2013
1895
1802
1702
1615
1528
1455
1375
1331
1333
1373
1437
1502
1554
1579
1918
2026
2149
2260
2370
2476
2592
2692
2790
2872
2941
2999
3042
3063
3079
3071
3055
3013
2948
2881
2792
2696
2587
2471
2337
2210
2059
1928
1806
1668
1545
1418
1315
1218
1136
1079
1012
984
972
984
1014
1067
1113
1203
1310
1408
1546
1674
1806
1966
2113
2262
2394
2536
2652
2767
2870
2965
3038
3104
3149
3183
3200
3202
3177
3146
3098
3040
2960
2880
2768
2648
2520
2391
2244
2099
1943
1762
1605
1453
1301
1170
1047
936
856
808
786
792
809
860
955
1077
1220
1379
1551
1740
1941
2141
2332
2503
2662
2821
2948
3058
3135
3198
3228
3222
3207
3163
3104
3036
2942
2853
2743
2630
2520
2396
2271
2150
2032
1920
1832
1717
1624
1537
1460
1378
