2032
2035
2033
2026
2020
2018
2013
2020
2026
2023
2031
2026
2020
2038
2035
2053
2056
2054
2047
2057
2085
2080
2079
2088
2094
2110
2104
2113
2114
2132
2117
2137
2125
2137
2128
2126
2131
2131
2122
2121
2115
2106
2115
2097
2085
2075
2069
2049
2060
2054
2042
2030
2015
2016
2012
2002
1996
1983
1990
1989
1972
1985
1986
1987
1988
1991
1994
1996
2003
2019
2032
2026
2043
2046
2053
2075
2075
2092
2110
2107
2122
2111
2132
2135
2141
2138
2140
2155
2161
2154
2159
2161
2158
2159
2160
2148
2148
2143
2147
2129
2121
2118
2127
2112
2116
2132
2118
2115
2114
2103
2111
2122
2128
2134
2136
2139
2139
2142
2150
2161
2160
2176
2177
2180
2196
2208
2203
2218
2146
2138
2134
2125
2118
2110
2105
2109
2104
2116
2122
2140
2158
2166
2173
2176
2187
2188
2175
2164
2155
2141
2113
2088
2076
2072
2077
2093
2098
2104
2129
2136
2161
2172
2180
2185
2186
2173
2168
2158
2133
2117
2098
2085
2073
2066
2065
2065
2063
2076
2085
2085
2076
2092
2066
2067
2069
2062
2070
2069
2062
2075
2073
2085
2085
2098
2074
2070
2049
2040
2007
1996
1972
1953
1941
1954
1936
1931
1937
1952
1948
1956
1955
1937
1932
1922
1906
1912
1896
1890
1898
1914
1917
1944
1959
1986
2004
2021
2029
2035
2032
2020
1998
1972
1990
1970
1954
1960
1958
1978
1991
2031
2060
2072
2100
2105
2120
2125
2107
2131
2110
2108
2110
2100
2102
2112
2128
2143
2102
2115
2140
2158
2174
2198
2216
2233
2256
2281
2289
2300
2313
2312
2326
2339
2339
2326
2324
2323
2317
2296
2289
2262
2244
2212
2196
2168
2153
2104
2074
2064
2022
2001
1968
1950
1907
1901
1891
1871
1852
1841
1830
1832
1838
1828
1836
1842
1854
1883
1909
1934
1967
1975
1997
2045
2064
2109
2149
2191
2218
2250
2273
2304
2343
2349
2375
2386
2386
2407
2397
2407
2403
2379
2362
2355
2334
2303
2276
2241
2212
2175
2129
2092
2038
2000
1954
1921
1883
1846
1819
1789
1769
1735
1726
1712
1701
1700
1704
1708
1738
1742
1776
1785
1818
1861
1891
1942
1984
2025
2076
2121
2163
2215
2260
2294
2331
2366
2380
2417
2436
2452
2474
2478
2477
2468
2470
2448
2432
2448
2450
2436
2423
2392
2345
2296
2224
2161
2098
2010
1941
1894
1829
1790
1756
1732
1739
1749
1769
1807
1850
1923
1982
2058
2119
2191
2245
2299
2349
2392
2404
2417
2423
2397
2365
2340
2281
2224
2158
2114
2048
2004
1943
1892
1857
1839
1845
1845
1861
1881
1898
1946
1990
2028
2088
2142
2193
2221
2262
2306
2323
2339
2349
2363
2361
2329
2299
2264
2223
2195
2140
2083
2043
1972
1932
1891
1844
1827
1835
1818
1831
1869
1902
1945
2002
2069
2135
2207
2272
2316
2356
2388
2411
2408
2395
2368
2351
2294
2251
2174
2093
2019
1944
1870
1814
1749
1692
1640
1627
1606
1616
1643
1680
1736
1819
1919
2009
2115
2231
2355
2461
2552
2640
2724
2773
2808
2322
2362
2367
2325
2253
2166
2062
1975
1898
1856
1864
1904
1976
2056
2108
2154
2195
2172
2154
2127
2106
2091
2083
2072
2054
2028
1986
1927
1864
1823
1781
1777
1793
1832
1911
1983
2053
2101
2102
2093
2068
2047
2030
2032
2063
2138
2229
2318
2397
2449
2460
2463
2443
2413
2400
2392
2413
2444
2474
2488
2499
2476
2426
2365
2290
2232
2202
2167
2140
2109
2058
1994
1894
1778
1656
1541
1461
1429
1435
1471
1541
1614
1686
1774
1857
1931
2034
2152
2281
2439
2594
2725
2818
2870
2865
2820
2735
2642
2542
2457
2390
2320
2259
2190
2126
2016
1894
1755
1646
1560
1512
1490
1494
1536
1579
1629
1669
1721
1770
1824
1897
1965
2043
2114
2160
2210
2265
2314
1948
1962
1981
2018
2052
2080
2081
2059
2044
2018
2042
2077
2132
2173
2197
2199
2170
2127
2089
2051
2052
2059
2090
2100
2129
2138
2158
2177
2193
2208
2213
2200
2157
2109
2061
2017
2006
2011
2056
2101
2120
2134
2126
2095
2059
2021
2017
2035
2084
2146
2232
2292
2337
2349
2333
2280
2192
2102
2032
1955
1914
1910
1930
1972
2010
2042
2042
2033
1996
1957
1916
1883
1876
1885
1904
1930
1975
2023
2083
2135
2174
2188
2205
2192
2154
2136
2129
2140
2162
2212
2276
2332
2383
2391
2382
2326
2260
2186
2105
2053
2008
1992
1979
2007
2048
2094
2142
2180
2190
2161
2111
2039
1971
1891
1856
1840
1856
1900
1965
2007
2054
2085
2127
2152
2186
2208
2219
2218
1402
1246
1156
1074
1085
1121
1227
1361
1544
1748
1975
2214
2450
2656
2833
2982
3088
3142
3162
3113
3034
2885
2714
2512
2276
2042
1841
1634
1448
1315
1243
1198
1220
1272
1376
1518
1692
1867
2060
2243
2398
2536
2645
2701
2740
2732
2703
2636
2551
2448
2320
2200
2084
1939
1844
1756
1686
1651
1621
1623
1642
1666
1705
1781
1847
1911
1984
2052
2132
2192
2233
2264
2289
2314
2320
2296
2272
2250
2219
2195
2141
2112
2081
2041
2004
1984
1972
1962
1936
1925
1944
1948
1959
1968
1987
2001
2015
2026
2040
2055
2061
2090
2118
2144
2169
2189
2205
2213
2209
2224
2180
2152
2108
2065
2029
2011
2007
2007
2024
2072
2111
2192
2269
2343
2413
2476
2531
2537
2044
1938
1811
1673
1533
1421
1318
1244
1196
1197
1231
1303
1384
1484
1622
1763
1952
2135
2345
2554
2729
2900
3001
3071
3085
3049
2998
2919
2838
2740
2635
2523
2399
2235
2072
1883
1727
1576
1497
1433
1437
1474
1567
1692
1800
1911
1990
2060
2116
2159
2216
2283
2332
2372
2407
2407
2368
2316
2222
2138
2044
1992
1948
1949
1970
2006
2056
2096
2144
2181
2212
2239
2294
2327
2361
2392
2394
2358
2282
2162
2030
1862
1711
1563
1456
1382
1362
1361
1371
1378
1414
1434
1479
1556
1676
1829
2010
2226
2438
2626
2794
2899
2965
2987
2960
2907
2843
2768
2698
2627
2543
2426
2304
2151
2002
1853
1722
1607
1524
1478
1446
1432
1456
1469
1510
1555
1639
1726
1100
1191
1331
1489
1641
1796
1942
2077
2199
2291
2397
2478
2568
2654
2738
2802
2865
2866
2834
2749
2621
2491
2347
2243
2180
2151
2146
2167
2181
2151
2096
2025
1932
1841
1778
1722
1678
1672
1690
1704
1728
1782
1823
1875
1960
2013
2059
2100
2162
2197
2224
2256
2291
2338
2376
2410
2429
2440
2444
2413
2356
2295
2215
2138
2079
2029
2019
2042
2088
2119
2152
2139
2100
2033
1942
1845
1757
1715
1717
1758
1852
1957
2067
2164
2232
2272
2270
2248
2192
2134
2096
2056
2038
2028
2042
2042
2051
2076
2088
2113
2161
2188
2222
2257
2270
2260
2246
2206
2159
2126
2068
2040
2017
2007
1992
1992
1993
1990
1982
1984
1984
1981
1962
1936
1923
1901
1873
1867
2420
2392
2352
2267
2188
2114
2007
1931
1876
1831
1816
1831
1852
1880
1921
1971
2006
2042
2068
2079
2106
2097
2100
2103
2108
2098
2113
2121
2136
2163
2178
2188
2201
2182
2168
2138
2084
2038
1980
1942
1888
1851
1822
1816
1813
1816
1842
1848
1860
1873
1886
1909
1947
1973
2027
2077
2138
2221
2303
2364
2439
2481
2527
2552
2554
2538
2493
2435
2356
2260
2163
2094
2009
1936
1879
1836
1794
1745
1707
1675
1667
1674
1718
1784
1883
2032
2178
2343
2511
2634
2735
2804
2837
2819
2763
2672
2552
2408
2253
2056
1858
1673
1506
1370
1294
1256
1291
1395
1552
1763
1987
2214
2417
2602
2730
2793
2799
2748
2644
2483
2309
2102
1904
1714
1535
1429
1361
1352
2732
2854
2952
3036
3045
3040
2948
2851
2688
2493
2284
2058
1837
1601
1385
1227
1096
1029
1010
1064
1190
1378
1642
1928
2256
2599
2915
3207
3432
3594
3659
3626
3500
3287
2986
2614
2199
1760
1306
882
526
229
16
1
2
63
294
627
1022
1481
1962
2440
2895
3290
3612
3853
3990
4012
3946
3786
3528
3204
2858
2471
2073
1674
1318
1011
763
591
513
494
577
724
970
1240
1557
1896
2228
2558
2847
3115
3325
3466
3547
3571
3532
3419
3263
3079
2848
2579
2303
2040
1790
1553
1347
1204
1103
1066
1089
1155
1280
1429
1619
1818
2016
2201
2359
2494
2604
2656
2671
2618
2550
2443
2317
2186
2035
1887
1748
1630
1550
1500
1477
1493
1550
1634
2586
2541
2522
2508
2502
2481
2430
2376
2291
2223
2161
2135
2140
2154
2147
2097
2010
1867
1698
1526
1378
1268
1199
1164
1196
1251
1357
1512
1702
1924
2141
2382
2582
2771
2918
3000
2989
2873
2664
2362
2078
1840
1682
1622
1636
1712
1761
1838
1919
2071
2293
2554
2811
3019
3096
3044
2871
2619
2308
2022
1752
1526
1333
1161
1099
1119
1248
1460
1735
2030
2269
2464
2586
2652
2689
2661
2578
2419
2178
1911
1611
1347
1145
1033
989
1060
1216
1441
1713
2009
2308
2544
2690
2757
2748
2712
2667
2621
2578
2532
2451
2373
2292
2292
2355
2510
2733
2953
3136
3240
3266
3174
3011
2801
2507
2207
1875
1551
1259
1012
840
717
641
605
644
725
907
1151
583
1004
1471
2000
2549
3079
3532
3888
4095
4095
4095
3922
3616
3261
2814
2360
1924
1513
1150
852
652
521
493
552
710
920
1214
1519
1861
2194
2498
2754
2945
3090
3156
3154
3076
2969
2815
2600
2373
2125
1890
1686
1518
1409
1369
1400
1504
1651
1808
1953
2090
2176
2200
2200
2158
2094
2024
1985
1970
1992
2049
2134
2241
2360
2510
2646
2777
2880
2961
2987
2962
2882
2771
2560
2295
1992
1667
1321
960
642
380
194
104
160
319
622
1049
1592
2193
2830
3440
3980
4095
4095
4095
4095
4095
4095
3588
2923
2173
1425
712
105
2
2
5
1
3
1
298
948
1652
2368
3014
3597
4064
4095
4095
4095
4095
4095
4095
3690
3218
2716
3339
3631
3832
3960
4018
3973
3848
3652
3396
3094
2753
2395
2038
1706
1416
1169
975
829
745
725
763
843
947
1121
1299
1501
1725
1969
2188
2387
2580
2729
2833
2883
2882
2842
2752
2634
2524
2382
2268
2160
2109
2066
2049
2065
2066
2080
2086
2072
2052
2046
2051
2074
2109
2165
2242
2328
2402
2466
2504
2517
2514
2482
2408
2323
2224
2150
2093
2042
2012
1991
1974
1911
1829
1734
1603
1472
1356
1255
1208
1213
1267
1363
1496
1615
1756
1867
1970
2034
2070
2115
2159
2218
2315
2435
2585
2756
2955
3138
3323
3435
3540
3590
3581
3528
3454
3340
3192
2982
2738
2424
2073
1680
1253
838
428
68
2
1
3
2
1
2
1
3
2
341
1214
1732
2286
2865
3423
3934
4095
4095
4095
4095
4095
4095
4095
4095
4095
4095
4095
4095
4095
4095
4095
3760
3273
2758
2251
1763
1297
865
474
133
3
2
2
1
2
2
2
4
2
35
388
765
1135
1512
1867
2218
2579
2944
3291
3618
3896
4095
4095
4095
4095
3983
3747
3490
3233
2979
2752
2550
2329
2112
1882
1630
1367
1091
844
645
504
448
468
564
707
896
1123
1367
1614
1872
2133
2383
2641
2884
3111
3300
3449
3583
3693
3788
3877
3952
4003
4004
3956
3837
3609
3300
2898
2429
1938
1460
1009
638
327
116
1
2
1
3
1
1
2
4
2
2
1
44
406
810
1198
1579
1928
2268
2608
2945
3309
3689
