2172
2170
2137
2130
2147
2147
2171
2127
2139
2143
2158
2155
2142
2160
2156
2152
2168
2161
2152
2152
2129
2150
2118
2126
2126
2129
2131
2156
2131
2124
2142
2130
2116
2113
2130
2110
2104
2100
2108
2103
2091
2099
2129
2118
2126
2119
2112
2104
2107
2138
2130
2121
2107
2098
2088
2097
2105
2112
2098
2109
2104
2086
2102
2123
2093
2087
2121
2122
2083
2094
2104
2096
2105
2094
2096
2098
2081
2088
2078
2078
2059
2084
2078
2057
2079
2091
2083
2076
2068
2079
2068
2083
2087
2073
2087
2066
2054
2055
2072
2071
2091
2093
2069
2074
2055
2059
2067
2059
2054
2058
2064
2072
2056
2081
2069
2072
2072
2061
2049
2056
2064
2064
2039
2066
2061
2037
2061
2061
2088
2092
2084
2090
2101
2104
2090
2107
2109
2093
2111
2095
2092
2087
2109
2104
2107
2110
2123
2102
2106
2102
2120
2123
2102
2104
2120
2120
2100
2111
2095
2091
2096
2086
2053
2050
2047
2057
2044
2042
2041
1986
1992
1997
1994
1985
1983
1969
1981
1983
1983
1956
1956
1962
1975
1988
2020
2010
2016
2043
2075
2072
2084
2095
2088
2088
2096
2095
2113
2118
2118
2121
2106
2106
2093
2087
2106
2116
2142
2126
2115
2107
2126
2120
2142
2152
2193
2181
2174
2201
2204
2203
2180
2192
2189
2197
2201
2211
2198
2196
2189
2172
2161
2129
2148
2138
2154
2146
2135
2127
2136
2144
2132
2146
2146
2145
2139
2163
2151
2153
2164
2171
2158
2140
2167
2148
2120
2138
1979
1967
1976
1988
1991
1988
1997
2005
1997
2011
2016
2036
2049
2057
2063
2076
2094
2121
2106
2126
2119
2108
2138
2145
2142
2124
2126
2175
2166
2166
2175
2199
2203
2215
2226
2212
2252
2269
2258
2253
2268
2258
2244
2240
2220
2202
2174
2164
2130
2144
2133
2088
2084
2074
2041
2018
1987
1974
1963
1951
1922
1915
1895
1903
1920
1904
1930
1922
1941
1976
1979
2013
1998
2009
1992
1972
1980
1984
1962
1965
1972
1970
1976
1961
1938
1993
1985
2004
2012
2038
2053
2076
2100
2119
2149
2165
2167
2197
2227
2238
2283
2303
2333
2354
2398
2426
2432
2477
2501
2482
2480
2469
2454
2410
2379
2348
2294
2245
2209
2161
2104
2089
2036
2003
1993
1973
1960
1953
2099
2068
2038
2017
1980
1944
1930
1930
1938
1939
1933
1933
1968
2004
2052
2093
2122
2164
2204
2247
2284
2314
2322
2351
2348
2355
2322
2310
2246
2229
2184
2133
2073
2028
1962
1912
1890
1815
1771
1767
1749
1753
1762
1802
1843
1879
1943
1994
2068
2110
2162
2250
2280
2340
2338
2381
2395
2406
2381
2370
2352
2309
2251
2194
2137
2083
2011
1946
1892
1840
1780
1759
1697
1687
1681
1717
1744
1783
1826
1905
1963
2052
2108
2173
2263
2322
2396
2441
2502
2554
2528
2544
2541
2510
2463
2432
2383
2316
2232
2126
2060
1981
1911
1830
1800
1740
1743
1703
1705
1740
1783
1805
1879
1940
2024
2084
2148
2236
2305
2340
2395
2426
2494
2496
2509
2498
2476
2432
2139
2080
2032
1982
1964
1914
1889
1891
1883
1925
1908
1921
1931
1934
1948
1946
1934
1902
1865
1832
1837
1829
1855
1887
1916
1936
1973
2033
2073
2097
2139
2140
2160
2166
2215
2250
2293
2360
2380
2415
2411
2409
2363
2342
2291
2251
2235
2239
2247
2270
2268
2302
2313
2295
2255
2220
2169
2123
2080
2036
1987
1959
1944
1914
1896
1865
1810
1795
1755
1718
1686
1675
1672
1693
1751
1798
1870
1940
1984
2027
2060
2107
2142
2205
2238
2278
2311
2350
2383
2402
2412
2453
2448
2422
2427
2398
2390
2349
2343
2292
2237
2204
2168
2105
2064
2034
2013
1968
1920
1888
1837
1805
1743
1722
1675
1644
1652
1638
1658
1695
1734
1790
1857
1908
1965
2038
2085
2142
2100
2124
2140
2161
2204
2223
2226
2265
2261
2260
2284
2267
2252
2245
2242
2219
2194
2184
2192
2153
2143
2133
2101
2091
2064
2042
2019
2017
2022
2001
2011
2008
1994
2009
2016
1995
2010
2033
2006
2031
2024
2019
2023
2009
2020
2032
2043
2035
2015
2024
2036
2041
2055
2046
2056
2073
2089
2090
2087
2095
2114
2150
2145
2141
2145
2182
2167
2162
2170
2212
2168
2161
2144
2148
2135
2127
2088
2065
2071
2047
2049
2042
2029
2033
2042
2019
2019
2010
2020
2048
2073
2066
2099
2112
2113
2146
2170
2184
2177
2197
2197
2192
2198
2199
2192
2205
2221
2197
2166
2140
2104
2111
2109
2085
2057
2023
1988
1983
1967
1945
1934
1935
1908
1884
1909
1913
1903
1904
2246
2264
2232
2247
2232
2216
2191
2162
2129
2104
2055
2027
1985
1954
1918
1894
1876
1858
1836
1819
1815
1829
1823
1858
1897
1945
1979
2016
2046
2123
2175
2214
2274
2315
2343
2361
2352
2387
2350
2346
2327
2279
2221
2177
2113
2074
2029
1987
1941
1932
1923
1906
1902
1924
1926
1947
1974
2022
2061
2129
2162
2196
2259
2314
2391
2404
2444
2477
2476
2483
2484
2438
2410
2377
2320
2272
2207
2150
2105
2058
2004
1961
1935
1915
1879
1864
1842
1814
1803
1779
1755
1756
1741
1758
1778
1799
1829
1855
1891
1944
2009
2086
2140
2220
2269
2325
2388
2434
2495
2521
2547
2563
2588
2572
2583
2586
2556
2540
2504
2433
2375
2291
2217
2153
2067
1966
1867
1755
2289
2289
2315
2330
2303
2292
2282
2278
2275
2260
2240
2279
2255
2211
2195
2178
2134
2095
2080
2029
2003
1993
1966
1957
1940
1912
1862
1868
1862
1882
1909
1930
1954
1963
1988
1999
2028
2029
2040
2068
2048
2079
2115
2151
2176
2210
2231
2256
2254
2261
2241
2224
2200
2228
2243
2271
2270
2251
2193
2154
2118
2098
2065
2092
2092
2091
2069
2036
2006
1972
1927
1910
1888
1903
1927
1963
1984
2005
2022
2041
2021
2019
2019
2021
2003
2047
2073
2111
2184
2240
2260
2282
2260
2233
2236
2205
2188
2195
2206
2227
2250
2263
2265
2242
2201
2143
2100
2059
2028
2006
1997
1995
1990
1981
1983
1933
1919
1916
1909
1933
1944
1938
1952
1977
1994
2025
2039
2040
1732
1747
1753
1788
1852
1900
1942
2026
2078
2154
2208
2285
2368
2441
2469
2512
2496
2534
2541
2493
2478
2430
2347
2270
2181
2083
2004
1921
1861
1788
1767
1732
1708
1697
1725
1763
1791
1854
1904
1966
2000
2069
2101
2138
2175
2198
2227
2231
2249
2260
2206
2207
2179
2149
2106
2093
2071
2038
2040
2015
2012
2011
2038
2054
2095
2106
2148
2169
2228
2258
2289
2354
2387
2384
2383
2344
2328
2290
2242
2169
2088
2017
1941
1850
1767
1694
1655
1615
1627
1645
1668
1721
1778
1874
1972
2042
2131
2224
2308
2350
2427
2446
2464
2496
2490
2449
2442
2394
2358
2323
2264
2197
2156
2103
2016
1970
1925
1866
1840
1821
1781
1787
1788
1806
1866
1902
1944
2019
2373
2228
2128
2048
1984
1925
1819
1748
1714
1676
1668
1657
1663
1678
1678
1658
1667
1646
1632
1670
1707
1780
1884
2032
2211
2415
2545
2686
2801
2885
2917
2920
2934
2899
2828
2749
2674
2535
2379
2226
2065
1934
1851
1788
1729
1700
1640
1614
1570
1528
1485
1461
1434
1418
1420
1481
1560
1618
1663
1777
1902
2035
2197
2350
2501
2613
2714
2793
2815
2810
2798
2748
2710
2628
2538
2411
2269
2152
2015
1946
1880
1846
1852
1866
1883
1867
1834
1789
1727
1679
1682
1691
1721
1757
1795
1820
1846
1874
1940
1999
2085
2192
2333
2460
2533
2557
2558
2548
2486
2434
2427
2404
2373
2355
2292
2216
2099
2005
1976
1943
1924
1966
2028
2076
2130
2147
2142
2151
1573
1646
1731
1835
1920
2039
2139
2240
2346
2461
2543
2605
2659
2702
2737
2744
2745
2748
2709
2652
2596
2526
2457
2348
2251
2167
2053
1963
1878
1786
1724
1652
1595
1560
1552
1519
1535
1558
1606
1692
1756
1827
1894
2003
2111
2205
2290
2370
2450
2541
2571
2606
2657
2672
2640
2630
2585
2533
2463
2377
2285
2198
2089
2013
1885
1770
1696
1637
1549
1511
1465
1451
1461
1502
1525
1577
1636
1722
1808
1911
2002
2132
2251
2328
2429
2533
2603
2662
2690
2731
2758
2761
2709
2670
2584
2496
2398
2284
2191
2115
2014
1897
1788
1729
1660
1597
1570
1542
1552
1579
1628
1675
1699
1806
1876
1933
2026
2109
2198
2278
2338
2413
2460
2486
2502
2534
2513
2515
1847
1789
1753
1742
1728
1698
1692
1720
1734
1748
1839
1918
2003
2082
2191
2278
2366
2405
2450
2520
2542
2555
2510
2452
2406
2336
2279
2202
2112
2028
1964
1889
1848
1779
1731
1695
1665
1640
1660
1657
1654
1681
1725
1751
1780
1853
1928
1985
2083
2173
2290
2385
2483
2542
2612
2657
2691
2693
2682
2614
2558
2464
2362
2269
2159
2077
1948
1839
1753
1706
1686
1645
1621
1620
1660
1686
1719
1790
1800
1880
1921
2002
2078
2158
2204
2265
2345
2436
2499
2571
2601
2643
2646
2659
2625
2589
2504
2416
2313
2185
2055
1929
1809
1686
1592
1519
1478
1440
1452
1454
1497
1544
1640
1722
1794
1885
1991
2096
2202
2300
2372
2436
2496
2549
2594
2654
2687
2704
2023
2190
2337
2480
2620
2749
2868
2965
3031
3106
3109
3097
3023
2976
2928
2890
2837
2793
2750
2642
2571
2439
2255
2109
1977
1861
1749
1648
1536
1413
1279
1137
1031
932
881
860
912
975
1043
1138
1251
1365
1503
1652
1826
2016
2164
2344
2525
2702
2895
3007
3095
3198
3225
3254
3208
3164
3089
3010
2905
2814
2740
2644
2533
2389
2197
2049
1866
1721
1621
1552
1492
1482
1470
1448
1422
1378
1383
1398
1439
1513
1582
1682
1771
1859
1937
1965
2030
2122
2194
2258
2308
2363
2423
2468
2493
2543
2569
2604
2626
2648
2624
2615
2531
2459
2389
2332
2296
2285
2232
2172
2117
2033
1921
1824
1735
1658
1604
1605
1599
1642
1648
1657
1671
1670
1701
1740
2262
2284
2353
2397
2411
2440
2460
2478
2453
2417
2401
2354
2306
2237
2171
2087
1983
1904
1840
1766
1723
1648
1609
1563
1518
1519
1519
1577
1608
1625
1714
1777
1886
1981
2111
2239
2350
2473
2600
2709
2817
2906
2950
2971
2986
2965
2900
2798
2679
2539
2346
2155
1944
1740
1537
1342
1199
1064
963
887
874
931
1014
1133
1259
1432
1629
1831
2035
2234
2438
2647
2813
2965
3071
3188
3263
3276
3259
3216
3142
2997
2830
2636
2404
2177
1927
1677
1459
1248
1056
937
851
794
813
867
975
1146
1360
1588
1835
2046
2280
2520
2728
2912
3073
3193
3258
3306
3307
3252
3180
3061
2913
2720
2521
2294
2064
1852
1628
1437
1278
1130
1012
953
926
963
1752
2013
2285
2535
2761
2975
3128
3234
3298
3310
3281
3216
3084
2936
2807
2660
2479
2302
2140
1965
1792
1632
1484
1362
1248
1202
1193
1222
1280
1373
1486
1641
1808
1942
2104
2236
2374
2484
2520
2569
2586
2613
2606
2576
2565
2523
2491
2497
2485
2435
2398
2353
2332
2257
2206
2097
2038
1965
1879
1767
1643
1574
1479
1414
1364
1362
1352
1377
1435
1498
1558
1640
1738
1816
1952
2075
2190
2296
2432
2586
2732
2874
2996
3060
3058
3029
2969
2874
2708
2542
2384
2233
2085
1939
1829
1731
1653
1618
1552
1531
1497
1462
1509
1521
1567
1604
1702
1787
1863
1939
2049
2113
2141
2169
2167
2188
2184
2178
2195
2200
2246
2313
2383
2456
2495
2515
2579
2580
