2086
2099
2114
2121
2107
2103
2090
2096
2095
2089
2099
2097
2102
2114
2103
2089
2086
2094
2091
2090
2097
2075
2105
2088
2093
2102
2096
2095
2093
2094
2086
2096
2093
2085
2077
2093
2094
2089
2098
2113
2104
2114
2088
2091
2093
2094
2104
2092
2090
2077
2083
2079
2090
2089
2100
2083
2098
2089
2096
2099
2080
2080
2082
2088
2072
2081
2086
2105
2072
2090
2084
2092
2108
2091
2098
2084
2097
2074
2098
2094
2084
2087
2095
2087
2086
2087
2096
2107
2088
2091
2079
2063
2101
2111
2104
2106
2094
2097
2105
2103
2091
2098
2083
2080
2076
2078
2096
2083
2095
2100
2106
2085
2072
2090
2101
2088
2093
2088
2091
2101
2095
2095
2080
2090
2111
2096
2109
2116
2118
2099
2100
2092
2104
2101
2104
2104
2117
2113
2096
2064
2076
2099
2089
2075
2078
2074
2085
2107
2105
2120
2135
2122
2121
2131
2146
2144
2150
2153
2179
2182
2164
2189
2174
2177
2168
2187
2155
2168
2167
2163
2167
2152
2158
2137
2148
2144
2131
2119
2116
2126
2125
2116
2104
2097
2131
2146
2133
2135
2132
2106
2097
2104
2125
2118
2104
2107
2110
2101
2106
2114
2106
2101
2113
2138
2125
2131
2107
2119
2101
2090
2115
2131
2107
2118
2114
2119
2087
2102
2094
2086
2090
2094
2079
2066
2073
2092
2080
2077
2086
2082
2049
2056
2045
2055
2051
2047
2041
2059
2039
2044
2034
2065
2070
2071
2079
2089
2064
2068
2068
2095
2075
2081
2080
2081
2096
2093
2295
2306
2273
2260
2226
2189
2123
2072
2036
1999
1992
1967
1955
1946
1963
1993
1994
2032
2041
2068
2047
2049
2077
2103
2088
2108
2092
2081
2106
2104
2063
2056
2048
2051
2068
2072
2089
2111
2143
2144
2159
2169
2180
2184
2180
2206
2208
2183
2179
2142
2110
2091
2033
2020
2003
1961
1939
1950
1971
1968
1992
2030
2060
2075
2082
2055
2044
2014
2035
2001
2012
2004
1993
2016
2060
2082
2070
2109
2122
2105
2128
2115
2123
2102
2084
2093
2087
2108
2096
2100
2118
2115
2099
2081
2094
2074
2050
2031
2017
2035
2025
2036
2017
2058
2068
2076
2118
2117
2107
2110
2105
2074
2056
2060
2074
2092
2101
2167
2168
2195
2200
2231
2238
2248
2227
2218
2221
2190
2244
2226
2215
2194
2173
2191
2137
2105
2091
2072
2051
2030
1992
1982
1990
1976
1986
2003
2009
2029
2057
2062
2084
2112
2158
2192
2221
2228
2233
2242
2256
2266
2241
2246
2235
2209
2164
2139
2124
2081
2073
1992
1956
1952
1928
1904
1892
1921
1926
1946
1946
1976
2001
2024
2056
2097
2111
2150
2166
2185
2203
2218
2209
2229
2232
2236
2207
2210
2209
2190
2160
2132
2121
2118
2116
2093
2072
2096
2058
2056
2059
2071
2057
2069
2069
2070
2039
2045
2029
2035
2067
2064
2044
2034
2057
2067
2089
2113
2099
2135
2144
2162
2191
2198
2224
2243
2265
2254
2238
2235
2229
2200
2174
2124
2076
2037
1991
1972
1919
1879
1854
1844
1847
1833
1873
1900
1927
1968
1907
1940
2024
2121
2177
2278
2337
2384
2417
2456
2470
2442
2410
2357
2269
2207
2114
2053
1957
1892
1845
1785
1778
1775
1796
1823
1871
1950
2020
2133
2183
2258
2313
2360
2398
2382
2401
2382
2313
2273
2232
2163
2039
1989
1927
1846
1805
1777
1786
1744
1777
1820
1862
1919
1975
2050
2126
2162
2207
2252
2310
2350
2358
2398
2402
2426
2416
2398
2383
2363
2326
2292
2239
2164
2117
2085
2059
1998
1957
1955
1917
1886
1903
1861
1858
1840
1852
1840
1827
1828
1846
1866
1882
1903
1933
1969
1995
2042
2132
2178
2286
2334
2409
2469
2500
2528
2533
2502
2448
2419
2363
2254
2178
2090
2017
1935
1880
1828
1777
1762
1727
1732
1728
1735
1743
1780
1811
1852
2160
2177
2164
2217
2248
2299
2292
2272
2249
2217
2206
2209
2230
2249
2271
2244
2234
2221
2159
2104
2036
1976
1958
1930
1929
1928
1925
1920
1881
1844
1847
1829
1846
1883
1871
1885
1876
1849
1864
1870
1910
1968
2062
2128
2170
2183
2211
2199
2208
2222
2239
2300
2332
2377
2408
2407
2440
2427
2397
2376
2345
2336
2338
2320
2315
2250
2190
2131
2016
1945
1890
1855
1826
1802
1765
1757
1720
1715
1705
1721
1756
1783
1831
1895
1940
1980
2022
2067
2108
2164
2228
2259
2321
2369
2400
2424
2443
2465
2456
2411
2379
2341
2299
2273
2277
2242
2207
2124
2068
1996
1919
1858
1824
1826
1829
1847
1850
1826
1801
1785
1783
1818
1861
1929
1992
2056
2116
2164
2364
2397
2387
2406
2393
2337
2310
2245
2180
2113
2061
1985
1898
1848
1804
1741
1727
1718
1712
1735
1775
1846
1921
2004
2142
2204
2285
2393
2487
2547
2588
2607
2604
2580
2550
2491
2400
2311
2223
2086
1976
1881
1770
1680
1612
1560
1537
1554
1565
1630
1720
1822
1957
2062
2145
2234
2324
2402
2425
2444
2462
2425
2350
2302
2201
2109
2024
1942
1875
1841
1788
1787
1810
1853
1913
1995
2074
2169
2251
2348
2429
2470
2481
2501
2497
2456
2352
2268
2174
2067
1957
1868
1794
1709
1684
1658
1650
1713
1770
1843
1927
2002
2111
2185
2249
2322
2385
2410
2410
2388
2378
2350
2297
2265
2192
2121
2077
2045
2020
1992
1979
1971
1997
2004
2018
2054
2089
2119
1716
1653
1596
1585
1596
1637
1683
1755
1820
1935
2015
2098
2170
2259
2323
2399
2398
2432
2407
2358
2288
2215
2133
2068
2077
2115
2134
2178
2257
2292
2274
2261
2296
2316
2321
2313
2341
2338
2330
2284
2208
2105
2004
1892
1812
1764
1724
1725
1793
1801
1842
1872
1923
1944
1990
2038
2093
2147
2185
2227
2252
2255
2213
2188
2157
2105
2081
2084
2103
2117
2085
2128
2155
2185
2209
2255
2293
2320
2343
2316
2298
2245
2179
2106
2022
1955
1887
1841
1761
1733
1679
1671
1655
1693
1754
1846
1915
1962
2036
2007
1985
1958
1934
1909
1928
1976
1986
1983
1967
1921
1917
1906
1935
2030
2151
2307
2437
2566
2666
2671
2676
2624
2596
2576
2533
2502
2428
2334
2135
2212
2286
2357
2400
2415
2408
2362
2333
2291
2228
2199
2159
2129
2071
2013
1971
1934
1881
1819
1793
1745
1754
1762
1807
1845
1901
1977
2020
2071
2124
2166
2226
2275
2334
2364
2402
2432
2426
2395
2386
2379
2344
2290
2242
2181
2131
2076
1990
1973
1955
1932
1903
1908
1931
1914
1904
1923
1937
1951
2015
2055
2133
2207
2262
2343
2363
2348
2328
2301
2275
2247
2267
2239
2210
2186
2134
2080
1999
1926
1848
1797
1757
1726
1735
1733
1762
1791
1794
1849
1894
1960
2003
2043
2102
2169
2236
2282
2341
2380
2409
2434
2461
2456
2438
2408
2331
2262
2163
2062
1979
1901
1854
1824
1797
1816
1836
1852
1882
1883
1921
1934
1989
2037
2064
2129
2188
2224
2279
2367
2441
2518
2539
2552
2501
2467
2399
2286
2193
2070
1942
1817
1693
1580
1505
1465
1448
1476
1526
1672
1838
2027
2192
2369
2567
2703
2812
2870
2863
2783
2680
2548
2358
2165
1926
1689
1537
1410
1286
1224
1216
1265
1358
1499
1665
1869
2057
2254
2449
2627
2722
2799
2823
2818
2778
2675
2557
2413
2246
2090
1919
1808
1738
1657
1618
1614
1622
1674
1747
1868
1969
2063
2182
2307
2406
2450
2472
2474
2457
2417
2356
2257
2170
2135
2094
2060
2019
2009
2024
2042
2080
2056
2067
2085
2091
2060
2021
1994
1957
1915
1872
1856
1812
1837
1835
1917
1973
2041
2156
2263
2352
2439
2474
2538
2558
2541
2479
2406
2326
2220
2095
1966
1834
1713
1611
1557
2643
2535
2439
2334
2237
2092
1901
1721
1524
1373
1242
1170
1163
1276
1425
1618
1828
2018
2230
2411
2613
2789
2935
3044
3124
3194
3123
3043
2895
2716
2519
2338
2148
1911
1721
1551
1383
1267
1179
1170
1220
1289
1378
1468
1562
1641
1734
1823
1963
2073
2176
2260
2310
2346
2337
2366
2392
2460
2556
2681
2770
2834
2848
2848
2789
2709
2592
2455
2289
2094
1866
1648
1431
1212
1034
933
868
872
930
1003
1150
1279
1488
1729
1984
2271
2570
2846
3083
3211
3307
3295
3233
3160
3048
2903
2767
2611
2443
2259
2040
1807
1623
1503
1432
1458
1515
1626
1687
1752
1779
1800
1796
1816
1845
1897
1981
2043
2064
2020
1970
1933
1923
1995
2125
2295
2495
2634
2372
2464
2534
2634
2687
2722
2754
2728
2722
2696
2632
2567
2484
2384
2280
2147
2034
1906
1813
1721
1668
1632
1598
1620
1639
1688
1727
1747
1788
1832
1868
1925
1987
2041
2114
2164
2242
2300
2332
2364
2351
2322
2314
2289
2198
2189
2153
2095
2086
2060
2032
1987
1973
1940
1916
1907
1878
1864
1848
1860
1904
1949
1999
2043
2130
2220
2292
2332
2384
2406
2421
2438
2403
2399
2365
2335
2298
2288
2292
2252
2264
2222
2146
2121
2051
1979
1900
1811
1748
1670
1647
1618
1597
1603
1659
1715
1770
1850
1923
1990
2060
2111
2159
2209
2213
2215
2219
2235
2256
2250
2256
2234
2230
2227
2213
2180
2200
2198
2194
2202
2224
2232
2218
2204
2201
2184
2163
2152
796
927
1120
1374
1704
2032
2389
2723
3025
3229
3384
3421
3415
3295
3072
2790
2471
2112
1730
1349
1034
766
603
532
594
718
976
1284
1691
2111
2523
2897
3223
3453
3600
3624
3559
3383
3141
2812
2441
2069
1705
1372
1072
838
688
606
629
791
1013
1316
1650
2025
2417
2778
3124
3359
3518
3569
3532
3427
3241
3000
2675
2347
1979
1594
1270
977
755
612
545
577
677
895
1193
1523
1890
2255
2634
3003
3293
3496
3612
3628
3558
3390
3168
2881
2555
2215
1868
1563
1302
1095
963
943
971
1073
1225
1420
1662
1931
2205
2407
2611
2774
2883
2950
2971
2945
2870
2779
2635
2496
2338
2148
1989
1815
1690
1586
1523
1480
1463
1485
1525
1620
3383
3437
3430
3390
3290
3204
3078
2926
2754
2584
2348
2117
1808
1492
1164
914
657
491
392
378
421
540
706
916
1136
1340
1554
1762
1969
2235
2508
2787
3094
3393
3650
3852
3936
3941
3866
3723
3528
3278
3058
2844
2607
2369
2079
1782
1478
1162
850
587
400
282
271
341
478
647
832
1007
1194
1393
1589
1796
2019
2295
2553
2804
2997
3147
3233
3250
3214
3155
3089
3036
2958
2880
2750
2626
2478
2294
2136
1933
1761
1653
1593
1574
1592
1642
1661
1688
1690
1688
1710
1753
1819
1919
2094
2288
2457
2577
2643
2640
2576
2467
2424
2353
2320
2314
2285
2231
2156
2042
1909
1750
1622
1504
1414
1387
1445
1512
1561
1639
1705
1739
1802
1900
1346
1336
1368
1442
1489
1558
1637
1700
1766
1821
1854
1920
1994
2022
2102
2160
2243
2353
2484
2602
2720
2819
2914
3001
3052
3116
3134
3113
3095
3049
2997
2942
2870
2808
2717
2678
2635
2590
2506
2443
2347
2221
2076
1904
1724
1528
1300
1095
890
716
534
404
306
263
230
253
335
447
587
788
979
1212
1441
1686
1939
2178
2408
2645
2858
3078
3276
3441
3610
3765
3918
4041
4095
4095
4095
4095
4095
3988
3838
3651
3416
3161
2875
2549
2212
1845
1511
1167
843
542
270
57
2
1
1
2
1
1
2
0
200
490
826
1165
1563
1965
2362
2745
3122
3470
3757
4067
4095
4095
4095
4095
4095
4095
4095
4095
4095
3791
3428
3022
