2126
2107
2090
2096
2096
2083
2079
2090
2096
2084
2101
2114
2121
2089
2096
2101
2107
2097
2097
2104
2102
2109
2105
2133
2123
2111
2118
2112
2110
2115
2098
2121
2127
2108
2093
2088
2077
2080
2088
2072
2087
2082
2058
2062
2060
2050
2063
2049
2051
2053
2063
2066
2077
2109
2109
2091
2093
2103
2125
2126
2127
2143
2172
2163
2163
2178
2187
2184
2178
2156
2144
2159
2145
2154
2184
2175
2145
2141
2152
2146
2159
2165
2148
2169
2162
2162
2154
2163
2141
2142
2135
2146
2131
2117
2100
2119
2112
2110
2074
2087
2080
2059
2064
2045
2044
2011
2025
2007
2014
2018
2017
1992
1983
1993
1986
1992
1980
1981
1960
1978
1972
1957
1955
1980
1969
1955
1966
1940
2012
1999
2007
2021
2016
2024
2066
2079
2095
2112
2106
2139
2141
2175
2197
2212
2218
2191
2190
2196
2182
2169
2157
2139
2155
2182
2200
2229
2266
2310
2316
2317
2348
2358
2353
2360
2324
2299
2254
2204
2174
2150
2105
2085
2077
2049
2062
2081
2100
2089
2094
2099
2094
2053
2057
2039
2018
2000
1951
1945
1919
1908
1896
1901
1879
1884
1907
1916
1941
1959
1953
1953
1968
1986
2038
2039
2039
2051
2025
2035
2005
1997
1998
2004
1988
1985
1988
2000
2016
2024
2064
2074
2087
2097
2104
2156
2152
2166
2165
2145
2165
2152
2153
2173
2157
2174
2167
2157
2185
2199
2213
2238
2243
2265
2271
2270
2257
2244
2248
2223
2211
2205
2190
2156
2137
2137
2107
2088
2044
2063
2058
2069
2056
2086
2098
2077
2103
2109
2127
2137
2149
2149
2147
2134
2141
2131
2137
2089
2070
2066
2044
2012
2005
1992
1962
1939
1951
1934
1949
1941
1964
1970
2010
2024
2039
2079
2084
2096
2152
2170
2189
2216
2227
2222
2250
2238
2254
2254
2236
2215
2199
2207
2174
2150
2138
2119
2090
2074
2043
2010
1996
1998
1984
1974
1978
1973
2008
2001
2019
2041
2066
2061
2087
2103
2126
2131
2151
2149
2165
2163
2156
2138
2144
2146
2143
2114
2076
2098
2079
2076
2055
2043
2031
2026
2035
2020
2022
2025
2017
2027
2034
2037
2020
2040
2044
2036
2030
2031
2022
2029
2014
1984
1998
2019
2016
2011
2015
2014
2050
2061
2085
2111
2136
2183
2216
2233
2138
2083
2004
1938
1910
1883
1881
1860
1869
1873
1860
1850
1821
1793
1773
1754
1759
1774
1826
1889
1943
2049
2127
2210
2281
2367
2439
2483
2549
2560
2609
2623
2614
2586
2543
2497
2431
2366
2276
2202
2166
2102
2063
2033
2001
1946
1907
1875
1850
1836
1801
1790
1791
1781
1757
1779
1772
1787
1793
1808
1854
1885
1939
2004
2064
2116
2163
2199
2233
2269
2281
2276
2298
2298
2264
2222
2167
2124
2074
2020
1996
1986
1985
2000
2028
2077
2120
2159
2171
2208
2228
2201
2189
2162
2125
2106
2058
2034
2015
1992
1977
1969
1978
2003
2046
2083
2113
2146
2158
2185
2191
2161
2114
2082
2031
1998
1962
1968
1956
1989
2007
2038
2040
2034
2052
2032
2022
2041
2393
2461
2484
2534
2569
2563
2529
2462
2374
2287
2177
2112
2040
1971
1922
1884
1855
1820
1800
1773
1770
1775
1781
1807
1821
1881
1931
1994
2064
2134
2218
2260
2334
2380
2366
2381
2400
2402
2400
2370
2343
2297
2251
2188
2113
2033
1951
1890
1825
1777
1739
1710
1692
1707
1757
1761
1831
1887
1946
2018
2080
2135
2215
2257
2324
2351
2404
2446
2473
2471
2459
2447
2392
2363
2325
2265
2206
2171
2136
2058
1974
1939
1841
1817
1768
1768
1776
1806
1834
1861
1909
1924
1973
2021
2040
2098
2142
2209
2273
2335
2375
2409
2420
2436
2432
2417
2374
2345
2269
2186
2120
2029
1958
1880
1841
1786
1789
1771
1758
1767
1768
1809
1817
1834
1878
1936
1998
2077
2129
2056
2006
1961
1924
1924
1916
1919
1949
1997
2055
2125
2190
2222
2289
2336
2351
2344
2314
2268
2205
2124
2044
1977
1895
1836
1775
1769
1762
1786
1860
1893
1979
2045
2123
2149
2185
2212
2238
2229
2233
2212
2172
2130
2099
2091
2071
2059
2061
2060
2080
2113
2158
2210
2227
2230
2247
2250
2233
2198
2181
2120
2049
1995
1948
1920
1874
1865
1883
1920
1976
2017
2105
2169
2255
2318
2372
2401
2411
2373
2330
2262
2158
2081
1956
1866
1791
1721
1701
1693
1737
1804
1889
1986
2105
2219
2330
2404
2489
2529
2558
2510
2440
2347
2212
2057
1914
1753
1637
1553
1514
1495
1525
1619
1714
1850
2017
2179
2328
2476
2584
2666
2725
2730
2689
2611
2476
2311
1834
1942
2012
2111
2174
2289
2415
2497
2523
2547
2534
2488
2467
2496
2534
2605
2611
2589
2502
2394
2297
2168
2056
1958
1870
1764
1675
1623
1568
1568
1585
1651
1749
1803
1878
1966
2013
2069
2131
2170
2160
2143
2128
2125
2135
2155
2205
2262
2315
2338
2346
2330
2327
2334
2308
2294
2257
2243
2206
2175
2122
2091
2087
2104
2112
2115
2140
2197
2224
2254
2249
2209
2148
2083
1997
1912
1859
1856
1866
1862
1843
1811
1798
1818
1840
1919
2015
2068
2126
2142
2115
2102
2105
2138
2201
2253
2335
2427
2453
2421
2405
2374
2361
2372
2339
2318
2259
2160
2048
1924
1802
1697
1624
1613
1628
1621
1688
1715
1775
1820
1847
1867
1901
1982
2042
2143
2210
2283
1640
1728
1824
1916
2038
2115
2192
2306
2356
2432
2503
2559
2600
2616
2627
2634
2623
2582
2524
2462
2389
2281
2167
2058
1927
1831
1762
1689
1643
1607
1592
1578
1558
1574
1582
1623
1688
1753
1837
1927
2057
2153
2308
2434
2510
2617
2672
2736
2740
2741
2712
2675
2570
2460
2360
2273
2172
2078
1968
1880
1809
1747
1695
1653
1659
1701
1706
1756
1820
1860
1914
2019
2048
2103
2171
2190
2229
2255
2270
2285
2295
2285
2287
2259
2232
2184
2156
2137
2098
2085
2046
1987
1982
1942
1935
1935
1927
1932
1927
1956
1972
1979
1984
2010
2034
2041
2050
2035
2024
2039
2029
2041
2055
2070
2053
2072
2086
2114
2154
2203
2237
2260
2322
2350
2394
2380
2380
2355
1269
1315
1381
1530
1673
1854
2049
2232
2412
2578
2701
2789
2819
2830
2777
2719
2601
2438
2270
2100
1919
1736
1597
1475
1388
1346
1346
1399
1484
1629
1780
1952
2162
2341
2506
2661
2766
2835
2840
2827
2733
2612
2437
2258
2071
1891
1722
1567
1458
1415
1413
1457
1558
1686
1800
1997
2162
2315
2441
2536
2631
2642
2637
2607
2506
2383
2263
2156
2027
1888
1784
1719
1661
1651
1623
1610
1665
1753
1857
1980
2084
2176
2257
2326
2401
2479
2488
2498
2449
2427
2377
2295
2223
2182
2120
2044
2001
1974
1955
1951
1976
2010
2044
2082
2120
2132
2143
2136
2095
2044
2015
1977
1930
1880
1879
1896
1892
1930
1962
2030
2100
2156
2182
2183
2176
2175
2130
2112
1745
1816
1915
2017
2133
2244
2318
2390
2443
2448
2418
2407
2389
2396
2406
2398
2380
2347
2328
2288
2245
2208
2199
2205
2224
2242
2194
2200
2168
2114
2051
1984
1936
1906
1876
1818
1800
1807
1797
1808
1839
1857
1925
2024
2148
2263
2361
2481
2553
2591
2591
2580
2570
2530
2489
2433
2366
2259
2136
2023
1877
1757
1652
1580
1514
1478
1445
1453
1447
1476
1559
1644
1736
1831
1881
1931
2009
2096
2158
2262
2355
2475
2538
2572
2590
2600
2566
2565
2550
2553
2575
2543
2493
2423
2316
2208
2099
1972
1875
1784
1727
1667
1633
1579
1510
1437
1415
1398
1418
1444
1540
1591
1685
1801
1916
2012
2120
2211
2309
2410
2517
2604
2746
2829
2896
2942
2924
2872
1758
1938
2120
2309
2492
2663
2811
2961
3039
3083
3076
3032
2972
2844
2677
2469
2258
2007
1791
1603
1426
1274
1164
1107
1099
1129
1216
1302
1439
1619
1813
2005
2227
2422
2626
2756
2910
3014
3100
3107
3059
2985
2853
2675
2462
2235
2007
1764
1523
1326
1141
1048
980
943
1018
1088
1227
1427
1618
1851
2072
2301
2523
2708
2877
3017
3093
3123
3086
2997
2865
2672
2490
2286
2046
1823
1615
1443
1272
1181
1156
1153
1234
1361
1517
1704
1911
2162
2374
2593
2766
2920
3011
3044
3030
2961
2864
2688
2478
2245
2003
1758
1517
1344
1176
1077
1025
1044
1090
1217
1387
1602
1841
2081
2335
2570
2801
2952
3069
3144
3156
3111
2978
2837
2642
2407
2159
1889
1347
1405
1493
1638
1774
1955
2150
2354
2557
2728
2862
2973
3015
3024
2980
2857
2726
2552
2328
2109
1893
1676
1473
1298
1177
1084
1053
1043
1091
1177
1289
1437
1602
1816
2005
2226
2408
2586
2762
2893
2956
3035
3093
3057
3011
2944
2782
2637
2474
2277
2069
1887
1725
1588
1476
1366
1336
1320
1328
1346
1408
1508
1573
1689
1799
1916
2054
2198
2331
2443
2578
2708
2800
2891
2952
2991
2990
2952
2870
2752
2598
2421
2244
2054
1850
1672
1503
1358
1270
1218
1211
1265
1354
1510
1683
1861
2092
2330
2555
2772
2957
3104
3233
3274
3266
3209
3105
2907
2721
2486
2196
1927
1660
1420
1214
1074
997
947
979
1039
1174
1344
1555
1793
2019
2238
2443
2571
152
1
3
1
20
186
481
825
1221
1641
2103
2545
2957
3350
3680
3982
4095
4095
4095
4095
4095
4095
3978
3624
3230
2830
2410
1988
1561
1188
810
524
292
85
6
4
69
220
437
692
1023
1390
1760
2160
2525
2835
3104
3291
3410
3469
3478
3421
3330
3196
3034
2841
2606
2403
2157
1929
1737
1575
1451
1407
1386
1381
1412
1514
1628
1762
1910
2056
2224
2308
2368
2383
2365
2341
2289
2225
2160
2070
1983
1909
1825
1746
1664
1590
1516
1493
1479
1474
1560
1661
1796
1982
2163
2348
2573
2806
2999
3195
3409
3555
3639
3685
3640
3497
3265
2980
2646
2288
1935
1582
1258
962
708
489
318
208
179
250
379
596
893
1191
1533
1877
1742
1755
1864
2020
2159
2352
2481
2578
2637
2593
2469
2298
2042
1775
1473
1174
942
821
809
902
1145
1494
1967
2467
2970
3408
3758
3952
3973
3829
3521
3094
2577
2033
1494
1042
710
508
452
547
770
1054
1409
1783
2152
2490
2792
3034
3140
3208
3159
3053
2870
2634
2364
2096
1838
1595
1475
1426
1451
1578
1804
2055
2312
2542
2771
2892
2939
2893
2739
2509
2174
1818
1413
1054
760
609
610
741
987
1337
1779
2233
2672
3072
3402
3633
3778
3798
3696
3481
3144
2752
2291
1799
1320
887
539
325
261
319
496
808
1229
1686
2121
2547
2895
3144
3356
3446
3456
3384
3229
3040
2808
2531
2248
1966
1696
1485
1335
1277
1269
1320
1422
1597
3124
2568
1976
1370
802
255
1
0
0
1
0
1
0
0
0
1
289
833
1372
1917
2452
2950
3420
3843
4095
4095
4095
4095
4095
4095
4095
4095
3809
3404
2935
2438
1894
1404
914
486
138
2
2
1
1
49
352
717
1152
1638
2162
2654
3118
3530
3838
4089
4095
4095
4095
4095
3920
3702
3407
3056
2702
2319
1926
1512
1148
770
448
190
4
3
1
3
3
110
327
607
856
1084
1339
1589
1894
2177
2513
2810
3102
3388
3644
3818
3922
3999
4005
4019
3992
3936
3858
3752
3640
3506
3368
3151
2930
2653
2367
2034
1693
1346
1016
669
317
6
1
2
2
0
1
1
1
1
1
1
58
551
1121
1673
