2142
2117
2147
2141
2136
2135
2119
2105
2126
2109
2115
2102
2113
2107
2117
2086
2088
2078
2069
2101
2111
2090
2081
2073
2077
2053
2049
2068
2094
2091
2070
2082
2073
2056
2064
2069
2077
2062
2056
2066
2066
2086
2077
2080
2087
2094
2111
2092
2107
2092
2120
2126
2121
2118
2132
2148
2140
2144
2135
2152
2124
2141
2129
2134
2145
2137
2126
2149
2115
2140
2154
2130
2139
2142
2130
2141
2154
2134
2131
2142
2142
2119
2114
2092
2100
2110
2080
2085
2073
2088
2077
2072
2066
2071
2069
2074
2049
2075
2051
2039
2048
2053
2058
2068
2035
2049
2049
2016
2060
2049
2043
2053
2070
2051
2066
2059
2098
2091
2077
2077
2071
2090
2071
2083
2086
2094
2099
2088
2109
2104
2080
2075
2082
2090
2087
2087
2119
2128
2151
2149
2166
2175
2169
2159
2151
2157
2143
2122
2118
2125
2118
2098
2117
2128
2127
2123
2126
2121
2100
2092
2060
2054
2028
2012
1998
1960
1950
1939
1930
1925
1933
1940
1957
1946
1933
1962
1994
1997
2013
2043
2024
2025
2030
2052
2043
2047
2046
2026
2029
2012
2016
2009
2015
2049
2050
2077
2092
2081
2096
2104
2103
2107
2090
2070
2050
2041
2036
2055
2076
2079
2100
2115
2143
2170
2202
2231
2264
2272
2275
2273
2246
2244
2224
2215
2223
2207
2157
2132
2146
2118
2116
2087
2112
2114
2111
2121
2107
2120
2106
2104
2120
2131
2143
2114
2109
2082
2064
2060
2036
2056
2044
2052
2061
2073
2081
2109
2059
2064
2014
2031
2011
2006
1989
1968
1967
1953
1958
1943
1926
1937
1928
1945
1948
1948
1939
1967
1993
2018
2023
2015
2056
2068
2103
2126
2141
2144
2158
2162
2176
2177
2181
2212
2194
2194
2169
2154
2158
2173
2146
2159
2154
2154
2125
2121
2111
2098
2114
2111
2119
2120
2115
2116
2114
2112
2135
2148
2163
2152
2171
2177
2185
2187
2214
2218
2219
2249
2213
2251
2242
2257
2229
2208
2190
2159
2153
2133
2106
2074
2041
2019
1992
1953
1942
1933
1896
1899
1888
1877
1883
1884
1898
1909
1908
1932
1964
1982
1996
2038
2074
2108
2148
2159
2198
2218
2230
2240
2258
2278
2291
2279
2260
2285
2285
2250
2216
2218
2195
2179
2168
2137
2120
2091
2092
2081
2146
2106
2092
2057
2042
2009
1994
2013
2004
2007
2016
2030
2041
2056
2119
2121
2158
2171
2219
2249
2259
2250
2258
2263
2226
2186
2159
2121
2091
2061
2031
1983
1921
1896
1877
1864
1831
1867
1855
1873
1884
1917
1989
2036
2109
2169
2226
2288
2334
2380
2406
2461
2452
2460
2417
2426
2380
2327
2299
2253
2174
2113
2056
1977
1914
1864
1814
1769
1751
1728
1724
1733
1760
1776
1830
1898
1926
1990
2037
2102
2147
2186
2226
2257
2289
2300
2281
2288
2292
2275
2234
2203
2149
2101
2056
1997
1977
1961
1930
1896
1882
1875
1888
1940
1971
1989
2051
2115
2159
2205
2233
2243
2268
2291
2302
2303
2271
2262
2236
2193
2128
2080
2059
2007
1983
1947
1943
1912
2216
2210
2205
2229
2223
2226
2203
2206
2169
2135
2089
2064
2051
1987
1951
1926
1905
1909
1879
1865
1885
1895
1904
1916
1930
1956
1975
1998
2027
2063
2083
2104
2109
2106
2109
2106
2077
2071
2095
2099
2097
2112
2092
2106
2096
2121
2140
2150
2179
2196
2187
2194
2194
2173
2122
2113
2066
2046
2067
2081
2076
2039
2037
2022
1989
1998
1990
1972
1985
2011
2064
2090
2130
2157
2170
2176
2144
2131
2150
2160
2170
2184
2186
2199
2170
2155
2114
2113
2089
2099
2100
2144
2149
2175
2173
2132
2122
2109
2127
2077
2072
2087
2078
2056
2027
2001
2003
1998
1976
1974
2007
2000
2016
2036
2037
2049
2061
2059
2069
2069
2071
2093
2112
2130
2127
2119
2130
2158
2214
2177
2173
2136
2099
2073
2007
1968
1969
1959
1927
1926
1944
1939
1938
1951
1985
2032
2044
2091
2133
2194
2234
2269
2303
2345
2358
2370
2348
2343
2341
2305
2268
2222
2157
2096
2031
1952
1885
1815
1767
1750
1708
1717
1740
1752
1792
1834
1888
1952
2048
2147
2222
2291
2373
2414
2459
2488
2505
2529
2503
2499
2443
2404
2340
2272
2199
2111
2031
1948
1875
1805
1743
1689
1655
1634
1636
1674
1687
1752
1808
1854
1906
1987
2065
2117
2183
2255
2320
2362
2392
2427
2423
2395
2385
2364
2350
2275
2239
2168
2128
2079
2010
1958
1921
1914
1895
1894
1877
1916
1938
1954
1971
2019
2062
2108
2144
2198
2237
2279
2282
2306
2306
2310
2317
2271
2236
2213
1546
1618
1734
1860
1969
2108
2245
2392
2463
2530
2582
2583
2551
2473
2418
2334
2220
2129
2030
1940
1892
1841
1843
1852
1881
1981
2073
2163
2258
2362
2430
2482
2549
2561
2552
2490
2409
2308
2175
2041
1905
1755
1630
1544
1464
1412
1436
1493
1570
1689
1810
1968
2149
2312
2450
2620
2750
2789
2830
2833
2800
2689
2574
2392
2203
1978
1769
1573
1364
1220
1099
1054
1028
1105
1208
1343
1525
1731
1983
2219
2454
2666
2847
2986
3044
3085
3105
3033
2893
2738
2541
2342
2112
1895
1690
1520
1406
1307
1267
1267
1344
1442
1604
1773
1967
2158
2335
2476
2618
2723
2775
2810
2803
2748
2672
2556
2441
2324
2204
2053
1922
1808
1728
1679
1670
1681
1681
1729
2168
2141
2118
2104
2093
2081
2053
2031
1992
1995
1964
1992
2007
1980
1968
1983
2015
2064
2095
2154
2174
2171
2155
2159
2144
2135
2116
2117
2110
2088
2028
1994
1957
1951
1984
1978
2023
2059
2087
2069
2087
2117
2176
2237
2295
2354
2372
2318
2280
2225
2201
2226
2224
2234
2220
2184
2145
2073
2043
2011
1966
1960
1985
2005
2003
2057
2022
2054
2064
2047
2075
2072
2063
2091
2142
2191
2193
2227
2250
2229
2229
2195
2172
2171
2151
2160
2187
2185
2143
2092
2068
2046
2006
1997
1991
1976
1934
1913
1886
1840
1848
1865
1904
1929
1966
2016
2032
2047
2091
2144
2190
2233
2241
2265
2252
2246
2265
2243
2253
2231
2201
2154
2117
2072
2033
1998
1961
1935
2007
1988
2005
1988
2027
2081
2115
2120
2164
2183
2184
2195
2208
2210
2157
2150
2107
2078
2050
2040
2001
1974
1954
1939
1926
1914
1928
1906
1936
1955
1973
1998
2048
2065
2072
2095
2111
2145
2156
2178
2195
2164
2168
2143
2136
2117
2091
2100
2086
2063
2048
2063
2046
2052
2053
2084
2104
2130
2128
2158
2177
2171
2198
2212
2197
2172
2183
2149
2131
2109
2076
2012
1992
1942
1917
1880
1857
1840
1815
1830
1848
1887
1934
1970
2011
2090
2181
2269
2366
2424
2486
2536
2556
2528
2516
2452
2358
2235
2115
1952
1794
1718
1613
1539
1505
1493
1536
1612
1685
1824
1954
2122
2308
2469
2606
2729
2792
2850
2847
2789
2722
2578
2421
2239
2044
1870
1688
1514
2072
2162
2243
2310
2376
2382
2371
2336
2284
2190
2112
2035
1919
1844
1747
1649
1581
1549
1532
1507
1559
1634
1733
1881
2034
2230
2396
2548
2676
2779
2812
2767
2683
2522
2367
2184
2000
1843
1687
1598
1539
1513
1529
1592
1659
1769
1871
1995
2145
2275
2388
2499
2608
2636
2654
2620
2564
2450
2320
2203
2043
1959
1894
1850
1853
1867
1929
1992
2028
2098
2153
2202
2285
2368
2430
2491
2551
2544
2533
2416
2302
2119
1942
1775
1645
1544
1512
1517
1591
1623
1723
1785
1868
1946
2034
2118
2232
2347
2447
2555
2616
2643
2620
2572
2486
2341
2183
2042
1912
1777
1702
1633
1579
1546
1496
1478
1458
1502
1588
1689
1861
2029
2212
2358
2491
2570
2596
2608
1812
1818
1787
1786
1800
1819
1855
1869
1913
1976
2029
2084
2182
2274
2403
2492
2587
2597
2575
2482
2405
2295
2189
2106
2034
1982
1901
1807
1728
1637
1587
1561
1528
1522
1545
1590
1670
1766
1878
2052
2199
2368
2510
2644
2724
2749
2714
2649
2574
2509
2420
2359
2303
2226
2160
2087
1998
1904
1770
1656
1515
1404
1335
1302
1302
1340
1392
1513
1667
1851
2054
2244
2443
2615
2749
2866
2938
2993
2977
2951
2882
2775
2636
2515
2345
2201
2014
1826
1657
1501
1406
1337
1269
1222
1254
1308
1379
1486
1606
1756
1903
2100
2255
2390
2563
2688
2806
2932
2983
2994
3011
2942
2834
2721
2568
2401
2228
2057
1915
1789
1663
1556
1485
1425
1383
1338
1313
1348
1880
2006
2130
2218
2265
2293
2294
2251
2160
2028
1953
1881
1816
1789
1815
1894
1985
2133
2313
2463
2643
2735
2824
2843
2776
2661
2491
2224
1936
1642
1365
1137
975
896
951
1084
1347
1696
2113
2516
2931
3297
3552
3702
3779
3674
3458
3143
2724
2248
1735
1246
836
507
311
247
313
545
904
1367
1892
2409
2906
3318
3616
3752
3765
3618
3337
2944
2504
2060
1566
1162
828
635
565
659
885
1217
1621
2057
2514
2910
3230
3439
3540
3517
3346
3110
2782
2391
2006
1674
1332
1080
884
817
825
941
1138
1391
1652
1933
2215
2458
2629
2769
2806
2814
2759
2645
2533
2407
2248
2108
2020
1945
1902
1859
1837
1855
1888
1922
1946
2008
2031
2032
3271
3300
3270
3218
3112
2988
2830
2611
2408
2195
1997
1752
1544
1373
1208
1077
983
926
880
873
919
980
1038
1190
1322
1471
1668
1857
2093
2275
2444
2640
2817
2943
3058
3187
3243
3280
3298
3309
3234
3175
3081
2889
2732
2523
2297
2057
1811
1582
1367
1169
1021
864
749
677
654
663
754
880
1040
1250
1470
1723
2014
2324
2590
2882
3162
3441
3656
3858
3969
4016
4014
3932
3809
3618
3357
3048
2718
2384
2054
1700
1367
1052
768
523
305
173
70
37
96
195
410
672
983
1349
1714
2100
2455
2804
3111
3404
3634
3817
3926
4025
4011
3970
3858
3691
3432
3149
2776
2391
2015
1632
1284
958
690
485
370
290
309
379
496
642
1619
1844
2063
2282
2504
2699
2880
3037
3155
3224
3278
3294
3280
3236
3166
3068
2946
2815
2660
2506
2349
2167
1992
1846
1695
1596
1474
1385
1320
1304
1308
1351
1413
1489
1589
1713
1848
1977
2076
2207
2316
2409
2482
2574
2626
2653
2695
2694
2729
2723
2720
2707
2679
2673
2603
2549
2504
2414
2357
2260
2125
2040
1950
1818
1724
1632
1564
1494
1434
1381
1321
1304
1263
1232
1248
1307
1351
1387
1433
1516
1640
1753
1872
1989
2097
2214
2339
2460
2553
2653
2777
2839
2918
2977
3025
3034
3046
3027
3003
2955
2871
2783
2677
2557
2416
2287
2156
1989
1854
1714
1612
1508
1429
1360
1305
1280
1252
1266
1271
1295
1298
1328
1365
1372
1412
1477
1529
1592
2005
1773
1565
1426
1278
1208
1168
1176
1234
1308
1420
1588
1741
1903
2056
2238
2388
2512
2578
2618
2667
2636
2575
2523
2435
2328
2239
2140
2037
1946
1885
1804
1783
1738
1710
1750
1803
1880
1941
2014
2096
2171
2263
2346
2410
2460
2476
2487
2467
2430
2366
2283
2148
2015
1873
1735
1611
1502
1402
1363
1374
1416
1501
1618
1776
2007
2212
2400
2618
2773
2902
2997
3049
3050
3004
2897
2761
2561
2328
2116
1863
1612
1413
1234
1072
991
953
978
1051
1172
1316
1529
1773
2010
2262
2506
2713
2920
3078
3191
3249
3288
3253
3178
3076
2890
2674
2458
2230
1952
1704
1440
1217
1037
879
769
692
704
779
923
1095
1355
1642
1942
2283
2634
2936
3211
