2076
2105
2105
2120
2107
2092
2100
2084
2100
2113
2111
2102
2105
2099
2108
2112
2104
2119
2108
2102
2110
2115
2115
2108
2084
2103
2089
2093
2109
2097
2094
2120
2110
2115
2091
2105
2102
2099
2094
2115
2083
2104
2103
2075
2097
2096
2100
2084
2100
2099
2092
2106
2080
2092
2093
2099
2077
2063
2068
2077
2097
2095
2074
2091
2079
2077
2082
2087
2086
2109
2088
2104
2091
2116
2102
2085
2081
2084
2082
2066
2080
2109
2125
2109
2084
2091
2095
2075
2064
2083
2092
2107
2099
2088
2087
2083
2083
2081
2084
2063
2061
2074
2063
2062
2076
2083
2072
2066
2081
2069
2091
2103
2088
2090
2108
2099
2099
2111
2098
2101
2096
2089
2096
2095
2105
2106
2110
2101
2300
2310
2281
2249
2262
2216
2200
2197
2170
2149
2119
2105
2085
2096
2086
2050
2050
2040
2053
2054
2017
2014
2030
2029
2012
2024
2013
2047
2035
2067
2078
2104
2128
2123
2131
2146
2136
2138
2116
2100
2104
2115
2085
2091
2088
2063
2088
2086
2111
2124
2154
2175
2195
2214
2230
2214
2238
2226
2220
2204
2206
2200
2190
2187
2184
2173
2191
2194
2177
2122
2095
2072
2048
2030
1990
1977
1934
1940
1936
1949
1939
1941
1953
1956
1961
1959
1957
1953
1925
1926
1922
1931
1937
1945
1971
2015
2017
2036
2040
2061
2065
2082
2094
2106
2097
2102
2140
2144
2165
2180
2184
2188
2194
2174
2154
2134
2135
2084
2070
2053
2036
2007
2043
2053
2033
2043
2040
2010
1980
2009
2072
2080
2110
2120
2150
2132
2112
2115
2097
2094
2082
2087
2096
2097
2118
2131
2158
2185
2210
2255
2266
2302
2314
2332
2322
2327
2336
2320
2284
2253
2212
2197
2137
2083
2042
2005
1975
1968
1953
1930
1941
1938
1942
1940
1964
1979
2027
2048
2065
2117
2152
2173
2199
2200
2203
2197
2193
2184
2171
2129
2114
2108
2067
2037
2031
2007
1999
1991
1982
1961
1964
1982
1984
1996
1988
2006
1999
2013
2018
2020
2049
2049
2050
2071
2080
2053
2060
2049
2074
2099
2103
2133
2155
2166
2179
2185
2204
2216
2245
2223
2233
2228
2230
2215
2191
2178
2170
2143
2115
2087
2065
2028
2012
2006
2008
1987
1991
1984
1980
1991
2014
2030
2025
2027
2030
2056
1905
1929
1964
1994
2056
2109
2134
2168
2232
2302
2337
2385
2400
2457
2482
2490
2495
2480
2457
2392
2372
2335
2285
2220
2152
2090
2019
1952
1873
1824
1775
1740
1732
1688
1662
1645
1673
1705
1708
1747
1744
1785
1823
1841
1868
1923
1967
1997
2012
2073
2109
2146
2184
2221
2266
2333
2358
2370
2404
2421
2403
2424
2451
2454
2440
2419
2406
2388
2386
2362
2310
2298
2303
2283
2244
2198
2196
2156
2123
2096
2058
2028
2017
1970
1940
1932
1909
1896
1852
1838
1846
1819
1822
1822
1848
1841
1835
1872
1888
1930
1955
1998
2022
2042
2085
2093
2101
2110
2135
2147
2142
2158
2149
2151
2173
2179
2152
2146
2143
2152
2161
2153
2148
2143
2145
2150
2140
2115
2289
2314
2311
2333
2343
2337
2333
2311
2303
2284
2238
2219
2211
2145
2115
2065
2034
1989
1943
1900
1902
1920
1888
1900
1916
1953
1957
1988
2006
2034
2063
2063
2055
2042
2052
1981
1958
1928
1890
1826
1790
1788
1766
1782
1803
1854
1911
1962
2041
2106
2188
2222
2257
2309
2330
2345
2339
2291
2282
2255
2203
2184
2184
2143
2130
2134
2131
2135
2132
2158
2181
2152
2158
2145
2157
2180
2170
2152
2156
2153
2136
2122
2118
2122
2051
2033
2003
1964
1938
1890
1872
1836
1848
1862
1917
1947
2000
2061
2088
2133
2169
2204
2204
2176
2152
2128
2108
2068
2065
2061
2059
2079
2083
2116
2121
2138
2179
2172
2194
2180
2191
2191
2202
2180
2228
2214
2177
2198
2233
2265
2246
2265
2244
2237
2224
2214
2190
2174
2130
2128
2120
2125
2137
2140
2127
2126
2145
2148
2153
2114
2096
2076
2070
2047
2008
1999
1980
1984
1992
2016
2053
2053
2096
2142
2142
2161
2182
2187
2198
2193
2187
2222
2200
2225
2215
2201
2231
2249
2215
2207
2211
2207
2187
2156
2130
2113
2093
2083
2110
2097
2072
2085
2064
2063
2075
2048
2016
2009
2004
1971
1930
1910
1871
1865
1861
1846
1861
1870
1907
1925
1972
1973
2015
1999
2037
2052
2063
2073
2065
2104
2081
2125
2127
2120
2160
2178
2200
2226
2238
2276
2302
2315
2327
2319
2338
2349
2334
2341
2345
2362
2339
2313
2273
2260
2249
2223
2178
2158
2125
2099
2074
2033
1984
1956
1942
1914
2246
2275
2313
2327
2360
2341
2344
2360
2338
2340
2334
2297
2254
2228
2191
2178
2114
2072
2017
1969
1950
1894
1860
1808
1788
1755
1739
1747
1742
1732
1714
1759
1793
1837
1883
1943
2003
2069
2138
2186
2262
2328
2357
2424
2465
2479
2505
2495
2502
2533
2498
2473
2439
2395
2347
2275
2213
2121
2070
2016
1996
1925
1877
1830
1784
1747
1760
1733
1755
1767
1762
1806
1818
1842
1888
1949
1998
2049
2097
2107
2156
2208
2211
2221
2267
2288
2295
2310
2313
2309
2289
2280
2271
2256
2236
2204
2200
2158
2124
2113
2089
2054
1998
1999
1975
1946
1943
1934
1917
1914
1902
1921
1935
1949
1978
1998
2001
2032
2053
2092
2112
2146
2173
2190
2203
2223
2234
2236
2228
2204
2194
2187
2150
2148
2144
2122
2091
2074
2037
2028
2026
2010
2002
1985
1983
1984
1981
1963
1973
1959
1962
1950
1963
1973
1992
1971
1966
1982
1976
1993
2007
1986
1987
1991
1996
1997
2011
2045
2031
2081
2111
2120
2125
2140
2154
2156
2191
2195
2224
2241
2229
2241
2222
2226
2215
2200
2198
2206
2194
2182
2173
2182
2128
2123
2117
2103
2103
2081
2082
2061
2055
2039
2042
2054
2049
2048
2036
2056
2034
2058
2058
2061
2069
2063
2070
2080
2076
2073
2063
2053
2068
2057
2079
2059
2071
2100
2096
2094
2110
2114
2138
2134
2137
2154
2174
2179
2191
2177
2181
2181
2199
2176
2191
2180
2164
2167
2160
2136
2145
2131
2132
2132
2104
2112
2114
2107
1775
1800
1806
1792
1772
1716
1676
1641
1619
1607
1602
1628
1678
1723
1806
1871
1925
1936
1952
2002
2010
2052
2110
2173
2239
2323
2361
2375
2386
2355
2340
2293
2304
2317
2367
2372
2420
2410
2411
2411
2366
2353
2359
2387
2397
2375
2378
2382
2377
2355
2330
2309
2264
2246
2205
2162
2117
2048
1984
1972
1924
1946
1947
1967
1965
1975
1966
1979
1971
1966
1986
1976
1971
1952
1966
1949
1919
1880
1896
1878
1860
1846
1819
1826
1812
1805
1795
1809
1878
1911
1933
1995
2032
2050
2048
2057
2054
2051
2063
2083
2141
2150
2197
2224
2197
2193
2174
2159
2189
2209
2216
2241
2278
2316
2345
2327
2312
2320
2310
2346
2385
2372
2379
2374
2341
2327
2306
2270
1838
1832
1826
1859
1891
1865
1894
1925
1944
1970
2000
2004
2052
2083
2116
2164
2191
2197
2240
2264
2276
2335
2335
2345
2367
2373
2374
2386
2376
2369
2373
2369
2364
2348
2320
2269
2262
2230
2206
2182
2149
2138
2121
2077
2054
2015
1997
1980
1951
1927
1897
1878
1867
1855
1836
1831
1808
1808
1829
1834
1866
1866
1873
1898
1938
1972
2008
2046
2096
2118
2150
2200
2230
2260
2302
2337
2351
2389
2368
2389
2406
2377
2396
2360
2356
2315
2294
2251
2240
2193
2150
2097
2038
1998
1945
1920
1892
1844
1806
1786
1738
1741
1727
1737
1709
1707
1720
1730
1755
1786
1790
1835
1862
1910
1943
1977
2051
2081
2118
2170
2203
2233
2270
2292
2350
2390
2428
2427
2088
2028
1964
1921
1873
1828
1728
1695
1645
1619
1583
1575
1593
1612
1647
1671
1716
1790
1872
1945
2041
2134
2205
2291
2370
2441
2508
2585
2637
2693
2707
2741
2754
2731
2719
2703
2643
2590
2508
2436
2321
2217
2119
1991
1865
1748
1636
1540
1432
1363
1304
1270
1270
1275
1295
1342
1420
1514
1614
1735
1851
1992
2106
2241
2348
2462
2561
2666
2712
2756
2806
2823
2823
2815
2793
2747
2686
2588
2496
2388
2291
2188
2096
1974
1848
1743
1667
1582
1510
1440
1409
1375
1403
1397
1441
1496
1559
1649
1699
1803
1905
2017
2139
2227
2309
2427
2498
2555
2598
2644
2654
2665
2641
2626
2571
2541
2460
2389
2322
2225
2152
2068
1998
1947
1906
1867
1810
1793
2142
2087
2048
2006
1967
1898
1829
1775
1717
1667
1661
1684
1719
1793
1863
1953
2054
2152
2236
2329
2392
2430
2460
2450
2472
2470
2488
2451
2467
2431
2413
2390
2302
2254
2203
2148
2080
2037
2018
2040
2090
2161
2245
2316
2385
2454
2509
2525
2508
2512
2482
2390
2321
2244
2157
2094
2032
1968
1900
1819
1793
1700
1636
1596
1588
1573
1602
1616
1665
1715
1795
1869
1921
1980
2020
2025
2048
2036
2038
2000
1979
1956
1949
1926
1936
1952
1972
2021
2080
2151
2223
2279
2355
2414
2447
2485
2502
2531
2574
2582
2570
2568
2529
2532
2482
2424
2368
2276
2169
2105
2000
1933
1863
1840
1854
1857
1928
1941
1969
1987
2025
2007
2009
2004
1964
1961
1936
1935
2005
2018
2019
2009
2026
2008
2000
2009
2017
2053
2091
2112
2145
2192
2202
2240
2263
2276
2295
2326
2329
2354
2328
2318
2312
2295
2261
2259
2246
2211
2169
2144
2155
2129
2098
2080
2033
2030
1997
1991
1933
1917
1891
1874
1855
1846
1837
1820
1814
1832
1812
1809
1840
1835
1866
1893
1898
1900
1907
1950
1983
2017
2052
2086
2124
2170
2219
2242
2293
2317
2354
2372
2392
2401
2400
2411
2390
2398
2396
2369
2369
2377
2350
2336
2297
2293
2258
2225
2186
2143
2093
2033
1972
1956
1916
1900
1859
1818
1822
1815
1788
1813
1795
1782
1800
1792
1794
1785
1807
1810
1836
1867
1883
1925
1938
1952
2012
2045
2102
2133
2166
2194
2244
2280
2297
2317
2348
2372
2692
2658
2607
2570
2495
2432
2364
2260
2173
2099
2003
1909
1857
1804
1737
1703
1689
1676
1680
1707
1741
1761
1865
1935
1986
2052
2121
2194
2258
2315
2383
2421
2449
2488
2503
2470
2472
2408
2376
2329
2247
2183
2127
2046
1985
1946
1904
1843
1780
1761
1737
1716
1735
1731
1752
1796
1841
1866
1939
2014
2078
2139
2201
2244
2300
2345
2400
2433
2459
2475
2463
2432
2406
2382
2320
2261
2209
2153
2057
2024
1971
1907
1847
1821
1796
1761
1752
1760
1770
1787
1789
1824
1867
1890
1945
1989
2036
2133
2157
2225
2246
2303
2342
2344
2372
2374
2355
2347
2304
2290
2247
2191
2128
2085
2043
1970
1923
1877
1856
1815
1792
1800
1782
1807
1842
1850
1886
1933
1449
1482
1584
1685
1803
1929
2066
2213
2322
2427
2554
2673
2746
2832
2862
2874
2867
2856
2783
2714
2633
2564
2436
2312
2189
2091
1953
1842
1750
1680
1593
1543
1536
1518
1543
1567
1608
1656
1762
1846
1950
2056
2166
2262
2355
2423
2496
2554
2568
2575
2544
2497
2444
2379
2286
2194
2111
1997
1903
1812
1743
1692
1642
1620
1648
1642
1678
1726
1737
1797
1879
1957
2019
2072
2140
2167
2220
2236
2265
2272
2261
2264
2237
2247
2195
2155
2129
2088
2078
2102
2079
2100
2120
2121
2151
2186
2206
2237
2259
2280
2317
2327
2311
2313
2299
2279
2241
2198
2151
2089
2020
1939
1890
1818
1760
1696
1637
1615
1583
1583
1611
1636
1691
1735
1804
1894
1986
2078
