2148
2200
2227
2259
2263
2278
2282
2289
2269
2264
2259
2234
2238
2210
2170
2151
2144
2121
2106
2105
2081
2083
2098
2083
2080
2078
2077
2076
2073
2089
2111
2075
2051
2045
2061
2035
2049
2020
2003
2009
2003
1995
1980
1979
2003
2019
2048
2041
2067
2077
2093
2106
2126
2127
2115
2130
2104
2087
2071
2078
2088
2070
2080
2092
2106
2120
2152
2153
2167
2123
2123
2128
2087
2096
2095
2096
2115
2126
2134
2159
2164
2167
2145
2120
2103
2091
2084
2090
2105
2108
2137
2160
2185
2195
2176
2182
2172
2169
2162
2143
2157
2210
2210
2247
2281
2282
2300
2313
2288
2310
2280
2258
2251
2261
2243
2231
2213
2216
2196
2182
2168
2113
2077
2033
1992
1978
1952
1900
2126
2107
2095
2078
2073
2074
2036
2048
2021
2020
2020
2005
1977
1980
2002
2002
2011
2027
2065
2095
2113
2166
2199
2255
2272
2284
2282
2336
2374
2383
2357
2365
2355
2318
2288
2256
2208
2138
2104
2043
1976
1896
1859
1810
1778
1730
1712
1694
1694
1673
1665
1710
1742
1794
1840
1897
1980
2082
2130
2198
2273
2352
2409
2465
2513
2580
2574
2596
2590
2558
2530
2473
2429
2362
2271
2187
2104
2008
1924
1870
1784
1685
1663
1622
1614
1633
1641
1671
1707
1775
1831
1893
1943
2030
2104
2172
2231
2314
2360
2386
2395
2419
2421
2443
2421
2369
2353
2262
2226
2170
2119
2045
2003
1969
1916
1877
1862
1854
1846
1858
1851
1900
1951
1991
2064
2106
2176
2248
2021
2053
2085
2111
2156
2176
2246
2291
2317
2341
2348
2364
2359
2324
2278
2252
2198
2134
2063
2009
1955
1913
1849
1826
1823
1827
1831
1856
1886
1930
1957
2006
2059
2122
2161
2177
2191
2149
2140
2128
2127
2104
2043
2031
2018
2020
2003
2025
2031
2044
2084
2140
2155
2176
2187
2231
2256
2270
2283
2280
2260
2256
2230
2203
2183
2129
2086
2046
1997
1942
1928
1931
1943
1933
1962
1983
2013
2039
2078
2129
2172
2190
2212
2211
2217
2224
2224
2203
2201
2197
2138
2144
2140
2127
2110
2110
2108
2104
2098
2064
2061
2040
2008
1987
1960
1910
1869
1824
1789
1763
1734
1721
1716
1733
1774
1842
1920
2008
2105
2178
2296
2401
2472
2517
2566
2599
2614
2581
2130
2148
2161
2182
2197
2203
2187
2156
2108
2086
2046
2010
1980
1983
1992
1995
2056
2081
2098
2096
2102
2094
2062
2041
2014
1991
2002
2020
2013
2052
2056
2073
2127
2187
2243
2298
2368
2372
2399
2407
2381
2352
2331
2324
2260
2188
2111
2008
1898
1861
1845
1833
1878
1876
1865
1837
1836
1849
1886
1925
1970
2013
2019
2038
2071
2106
2140
2173
2170
2181
2192
2239
2277
2333
2362
2369
2351
2282
2193
2135
2090
2054
2012
1982
1945
1909
1848
1821
1823
1802
1799
1821
1856
1892
1969
2013
2036
2054
2062
2131
2208
2313
2400
2455
2462
2450
2433
2430
2430
2470
2448
2411
2303
2187
2098
2007
1973
1920
1883
1830
1781
1704
1729
1729
1753
1772
1805
1818
2432
2453
2469
2519
2541
2487
2468
2389
2336
2270
2172
2075
2002
1912
1832
1770
1710
1694
1645
1625
1629
1664
1725
1777
1848
1923
2003
2086
2185
2250
2335
2384
2440
2466
2474
2459
2448
2387
2325
2275
2197
2099
2029
1952
1853
1781
1743
1731
1714
1719
1733
1792
1844
1942
2018
2112
2212
2282
2344
2407
2462
2486
2490
2477
2432
2372
2329
2240
2164
2092
2039
1951
1936
1893
1881
1865
1877
1877
1929
1967
2003
2059
2089
2161
2206
2240
2265
2286
2257
2238
2203
2161
2101
2052
2006
1960
1914
1871
1845
1868
1870
1903
1933
1991
2056
2120
2179
2247
2293
2360
2374
2420
2438
2448
2426
2390
2349
2302
2232
2146
2078
2000
1939
1862
1788
1728
1701
1681
2008
1999
1993
2008
2045
2068
2090
2133
2161
2175
2231
2260
2266
2295
2294
2291
2256
2198
2155
2138
2084
2025
1986
1982
1975
1940
1957
1982
2007
2016
2039
2067
2095
2091
2096
2084
2043
2000
1959
1918
1872
1850
1800
1769
1764
1791
1830
1909
1982
2069
2176
2270
2386
2481
2560
2612
2650
2660
2625
2587
2523
2439
2332
2217
2109
1988
1904
1815
1725
1666
1649
1646
1670
1685
1740
1837
1950
2051
2176
2270
2398
2515
2597
2682
2723
2717
2699
2641
2557
2442
2315
2173
2007
1864
1738
1632
1559
1515
1508
1531
1577
1654
1762
1863
1958
2085
2185
2285
2365
2397
2445
2475
2447
2415
2382
2280
2180
2085
1943
1804
1695
1579
1480
1427
1361
1366
1385
1457
1839
1744
1653
1565
1516
1541
1557
1635
1693
1780
1860
1926
2016
2109
2230
2360
2488
2587
2640
2619
2628
2591
2565
2544
2500
2469
2394
2310
2207
2108
1995
1880
1785
1698
1639
1574
1557
1522
1509
1528
1544
1569
1603
1690
1782
1884
2032
2124
2233
2330
2449
2536
2652
2720
2765
2768
2766
2738
2693
2621
2532
2434
2313
2162
2020
1881
1738
1618
1526
1461
1395
1356
1317
1344
1399
1494
1616
1743
1902
2042
2128
2230
2311
2390
2466
2523
2589
2649
2690
2694
2666
2655
2580
2499
2383
2279
2216
2153
2108
2068
1989
1871
1768
1689
1605
1535
1508
1510
1515
1535
1582
1625
1693
1785
1870
1976
2126
2225
2321
2447
2555
2662
2720
2788
2816
2796
2737
2651
2448
2552
2633
2680
2709
2683
2625
2503
2341
2155
1952
1709
1527
1353
1226
1127
1093
1152
1273
1460
1680
1943
2218
2490
2735
2967
3152
3273
3302
3225
3105
2904
2634
2333
2013
1696
1364
1082
871
739
688
737
905
1121
1412
1747
2089
2441
2774
3061
3250
3377
3416
3381
3231
2998
2743
2419
2107
1793
1515
1274
1118
1000
977
1047
1163
1328
1550
1812
2054
2338
2556
2720
2868
2946
2964
2938
2868
2735
2574
2409
2224
2051
1887
1778
1695
1640
1630
1634
1671
1721
1784
1871
1960
2046
2116
2193
2225
2272
2292
2288
2303
2280
2276
2247
2199
2153
2121
2061
2044
2027
1979
1968
1964
1967
1955
1972
1977
1995
1977
1981
1998
2025
2072
2076
2087
2076
1945
1718
1515
1345
1202
1106
1067
1079
1140
1247
1379
1588
1801
1991
2203
2407
2543
2663
2723
2723
2692
2610
2501
2397
2273
2163
2074
2008
1977
1987
2008
2037
2097
2139
2192
2223
2241
2236
2230
2230
2209
2204
2189
2158
2148
2135
2096
2045
1988
1884
1767
1646
1530
1439
1385
1325
1349
1417
1507
1657
1836
2007
2170
2326
2450
2535
2644
2728
2798
2836
2865
2889
2913
2887
2816
2724
2593
2421
2280
2073
1872
1674
1512
1368
1261
1169
1109
1096
1110
1139
1207
1309
1433
1582
1740
1930
2121
2337
2530
2700
2902
3021
3092
3156
3144
3092
2984
2825
2609
2395
2153
1906
1661
1483
1345
1265
1207
1177
1227
1334
1413
1522
1679
1837
2024
2171
2342
2540
1813
1635
1498
1365
1282
1244
1232
1240
1256
1300
1354
1423
1530
1653
1806
1933
2099
2266
2426
2582
2704
2827
2910
2941
2930
2865
2774
2676
2586
2488
2410
2336
2248
2171
2045
1924
1832
1719
1642
1584
1542
1520
1489
1483
1519
1538
1602
1664
1696
1720
1736
1749
1783
1888
2021
2189
2417
2595
2730
2809
2848
2805
2714
2607
2502
2370
2244
2158
2071
2046
2056
2080
2126
2214
2233
2211
2164
2078
1951
1813
1733
1691
1665
1680
1743
1820
1905
1978
2047
2125
2152
2140
2137
2088
2034
1956
1912
1865
1859
1894
1932
1971
2029
2082
2131
2151
2191
2219
2293
2366
2405
2433
2460
2436
2394
2348
2313
2288
2255
2223
2181
2131
2090
1993
1905
1830
1771
1707
844
900
1005
1174
1422
1697
1982
2312
2590
2861
3094
3288
3380
3427
3417
3333
3204
3016
2798
2547
2298
2030
1762
1513
1276
1088
927
844
798
813
898
1006
1163
1369
1610
1850
2107
2337
2585
2762
2958
3063
3132
3158
3130
3039
2867
2682
2484
2216
1948
1679
1449
1250
1096
989
927
964
1033
1153
1357
1606
1838
2107
2396
2645
2872
3056
3180
3223
3217
3126
3005
2817
2620
2369
2129
1891
1719
1537
1426
1397
1419
1461
1546
1689
1846
2028
2192
2362
2507
2625
2720
2793
2784
2738
2671
2556
2426
2287
2138
2003
1901
1799
1706
1681
1668
1682
1717
1789
1894
1988
2090
2193
2317
2375
2440
2456
2487
2460
2436
2330
2251
2191
2086
2001
1961
1925
1624
1423
1285
1146
1063
1023
1026
1052
1155
1268
1424
1610
1812
2020
2253
2444
2637
2789
2915
3064
3176
3207
3268
3293
3263
3218
3144
3020
2840
2635
2432
2157
1884
1604
1391
1199
1040
901
839
808
836
912
1004
1111
1274
1430
1583
1747
1920
2096
2281
2478
2653
2795
2946
3051
3144
3198
3252
3221
3164
3081
2970
2805
2624
2456
2271
2093
1943
1810
1668
1546
1441
1342
1261
1208
1165
1187
1228
1294
1401
1486
1627
1737
1884
2001
2122
2222
2311
2429
2530
2613
2705
2769
2811
2827
2866
2872
2854
2876
2835
2769
2715
2642
2510
2379
2245
2089
1912
1742
1529
1344
1181
1018
941
864
815
841
871
932
1061
1210
1346
1555
1772
1978
2205
2448
2643
2204
1768
1293
862
430
9
1
0
1
1
0
0
1
1
1
0
1
243
669
1123
1593
2076
2544
3008
3462
3872
4095
4095
4095
4095
4095
4095
4095
4095
4095
4095
4095
4095
3839
3413
2969
2495
2005
1555
1096
674
267
0
1
0
0
0
1
0
1
0
2
1
1
249
685
1166
1673
2148
2617
3091
3472
3854
4095
4095
4095
4095
4095
4095
4095
4095
4095
4095
4075
3836
3543
3225
2892
2525
2113
1722
1329
964
596
289
45
3
1
1
2
0
0
15
176
404
672
941
1205
1466
1753
2034
2271
2494
2727
2935
3115
3242
3366
3431
3504
3524
3550
3558
3516
3452
3391
3309
3233
3126
2997
2876
2715
4095
4095
4095
4095
4095
4095
4095
4095
4095
3638
2906
2099
1264
471
0
2
1
0
1
0
1
0
1
1
342
1248
2184
3100
3949
4095
4095
4095
4095
4095
4095
4095
4095
4095
4095
3940
3079
2137
1179
288
0
1
0
1
1
0
0
1
0
1
178
1119
2128
3109
3971
4095
4095
4095
4095
4095
4095
4095
4095
4095
3950
3149
2344
1541
826
250
0
1
0
1
1
0
0
217
672
1174
1675
2208
2704
3149
3550
3838
4072
4095
4095
4095
3878
3620
3266
2890
2510
2198
1905
1691
1590
1569
1568
1660
1728
1833
1924
1956
1984
1968
1917
1852
1782
1684
1587
1486
1414
1320
1279
1227
1238
1256
1368
1519
1755
2060
2332
2663
3006
3314
3600
3841
4040
4095
4095
4095
4095
4095
3889
3624
3285
2939
2539
2104
1688
1280
899
592
308
114
0
1
2
21
165
383
648
903
1205
1524
1857
2200
2506
2830
3086
3319
3559
3737
3870
3961
4004
3985
3932
3832
3716
3555
3345
3122
2845
2535
2249
1910
1577
1234
918
607
338
86
1
1
0
2
1
1
0
176
508
910
1347
1787
2288
2745
3231
3650
4043
4095
4095
4095
4095
4095
4095
4095
4095
4095
3824
3431
3016
2608
2226
1843
1512
1237
1001
789
619
488
425
314
289
265
270
265
307
416
534
678
840
1071
1343
1651
1939
2288
2638
2962
3258
3506
3725
3924
4081
4095
4095
4095
4038
3922
