2026
2029
2019
2050
2036
2025
2048
2060
2077
2068
2081
2089
2089
2085
2072
2095
2112
2096
2096
2089
2110
2085
2113
2109
2080
2079
2107
2103
2094
2099
2099
2109
2115
2138
2137
2153
2141
2149
2162
2170
2146
2162
2161
2150
2162
2142
2123
2138
2165
2149
2131
2133
2137
2116
2117
2099
2128
2132
2109
2106
2112
2124
2105
2093
2093
2108
2110
2106
2128
2121
2128
2110
2101
2128
2145
2127
2132
2119
2100
2101
2097
2082
2085
2079
2063
2049
2052
2026
2040
2030
2029
2021
2019
2035
2035
1997
2001
2027
2027
2017
2028
2028
2018
2037
2057
2054
2064
2046
2039
2050
2053
2066
2079
2058
2056
2057
2044
2036
2039
2052
2035
2052
2051
2062
2063
2074
2066
2064
2119
2110
2098
2070
2110
2089
2105
2092
2115
2068
2078
2072
2064
2083
2085
2096
2103
2111
2118
2117
2104
2148
2112
2112
2110
2117
2145
2119
2114
2131
2124
2116
2129
2135
2116
2129
2123
2107
2112
2103
2104
2120
2108
2130
2121
2101
2098
2109
2111
2102
2109
2100
2099
2117
2090
2103
2107
2082
2110
2077
2089
2089
2069
2061
2070
2077
2071
2086
2087
2086
2084
2083
2078
2087
2082
2091
2109
2098
2098
2075
2065
2087
2078
2085
2094
2088
2081
2052
2080
2084
2074
2096
2067
2067
2041
2052
2064
2059
2061
2046
2025
2052
2048
2058
2060
2062
2062
2066
2064
2058
2061
2044
2051
2055
2058
2065
2061
2056
2048
2067
2063
2051
2041
2061
2060
2053
2071
2066
2131
2159
2146
2132
2123
2094
2068
2035
2004
1992
1975
1980
1976
1961
1989
2006
2056
2088
2112
2141
2190
2203
2214
2228
2225
2217
2187
2160
2133
2105
2082
2037
2031
2049
2032
2067
2071
2101
2120
2144
2181
2195
2186
2198
2193
2183
2163
2141
2140
2128
2110
2092
2074
2046
2064
2059
2098
2120
2131
2130
2142
2148
2156
2183
2140
2134
2130
2107
2084
2066
2034
2040
2041
2015
2038
2051
2048
2055
2062
2077
2066
2065
2042
2020
2025
2010
2035
2008
2029
1996
1998
2024
2043
2058
2039
2056
2079
2077
2081
2065
2067
2034
2016
1995
1957
1951
1944
1948
1948
1973
1982
2003
2021
2040
2071
2073
2103
2133
2137
2155
2153
2184
2183
2179
2183
2189
2175
2188
2027
2056
2075
2098
2107
2126
2125
2150
2150
2186
2167
2160
2155
2159
2136
2139
2108
2092
2104
2098
2088
2060
2065
2050
2063
2066
2068
2069
2076
2077
2073
2082
2108
2102
2112
2104
2107
2109
2093
2104
2104
2101
2093
2095
2098
2085
2081
2072
2056
2071
2067
2072
2077
2068
2094
2106
2119
2139
2148
2154
2137
2158
2158
2171
2167
2176
2224
2216
2187
2179
2155
2162
2133
2147
2111
2099
2087
2045
2022
2007
1982
1970
1954
1941
1945
1942
1952
1956
1954
1966
1996
2003
2026
2065
2084
2091
2112
2109
2123
2150
2154
2148
2138
2115
2118
2096
2093
2087
2078
2049
2044
2068
2053
2049
2038
2020
2018
2035
2022
2039
2047
2033
2080
2066
2093
2100
2115
2137
2157
2152
2158
2152
2157
2160
2134
2121
2115
2088
2055
2019
2004
1938
1902
1858
1849
1807
1776
1761
1757
1779
1785
1785
1840
1886
1917
1998
2050
2104
2160
2236
2299
2321
2360
2410
2441
2460
2471
2468
2465
2436
2398
2366
2310
2260
2232
2200
2145
2095
2051
2017
1995
1958
1933
1923
1880
1877
1849
1818
1832
1803
1785
1782
1765
1790
1793
1814
1843
1910
1954
2023
2086
2136
2218
2271
2284
2296
2338
2328
2296
2268
2265
2209
2182
2174
2151
2118
2138
2157
2160
2210
2211
2259
2250
2221
2200
2188
2177
2111
2080
2070
2034
2015
1994
2008
1952
1963
1958
1948
1958
1955
1943
1985
1956
1977
1988
2014
2023
2044
2077
2067
2100
2095
2069
2085
2077
2060
2014
2058
2109
2149
2154
2201
2233
2235
2280
2358
2405
2428
2454
2437
2437
2408
2375
2338
2303
2256
2219
2194
2166
2169
2151
2122
2084
1998
1938
1877
1856
1783
1748
1741
1713
1698
1705
1730
1743
1783
1798
1814
1840
1861
1904
1937
1982
2042
2069
2123
2185
2252
2319
2369
2415
2437
2463
2452
2453
2460
2465
2481
2478
2449
2448
2425
2428
2388
2384
2336
2291
2227
2164
2070
2000
1923
1860
1817
1757
1733
1684
1680
1654
1647
1648
1632
1678
1678
1711
1729
1782
1821
1867
1914
1964
2024
2079
2153
2197
2256
2315
2355
2416
2421
2444
2488
2478
2458
2451
2430
2411
2379
2360
2349
2336
2330
2324
2317
2282
2252
2163
2097
2028
1947
1902
1851
1800
1781
2104
2100
2103
2099
2112
2080
2074
2041
2047
2051
2045
2033
2013
2030
2018
2037
2061
2061
2044
2055
2066
2082
2112
2127
2134
2179
2171
2179
2168
2161
2144
2149
2116
2092
2051
2014
2024
1991
1971
1970
1978
1967
1980
2004
2024
2028
2067
2095
2114
2135
2181
2210
2223
2241
2254
2258
2272
2264
2273
2250
2217
2202
2166
2136
2096
2077
2023
1977
1942
1912
1908
1900
1887
1877
1855
1862
1900
1910
1940
2006
2053
2086
2091
2160
2184
2216
2248
2277
2312
2320
2318
2322
2312
2284
2264
2262
2212
2192
2120
2081
2061
1991
1931
1883
1860
1841
1840
1836
1824
1850
1878
1908
1936
2001
2072
2117
2159
2235
2296
2331
2376
2400
2416
2423
2416
2429
2374
2318
2101
2227
2322
2425
2463
2471
2431
2422
2422
2409
2401
2405
2421
2421
2415
2386
2352
2271
2165
2098
2026
1960
1938
1902
1928
1950
1952
1948
1901
1871
1812
1765
1698
1651
1639
1647
1677
1718
1793
1855
1934
1994
2062
2116
2170
2183
2250
2287
2367
2444
2469
2498
2516
2504
2457
2392
2326
2282
2207
2140
2095
2040
2008
1959
1958
1945
1934
1899
1863
1848
1845
1846
1824
1831
1851
1872
1897
1933
1945
1974
1981
1975
1992
2008
2060
2129
2240
2325
2378
2420
2455
2437
2405
2331
2292
2264
2239
2240
2278
2283
2295
2282
2227
2132
2050
1958
1886
1837
1815
1825
1826
1850
1878
1872
1891
1905
1902
1905
1934
1969
2013
2041
2069
2076
2126
2144
2162
2181
2280
2275
2265
2292
2287
2297
2278
2271
2242
2207
2189
2156
2148
2088
2069
2049
2000
1975
1955
1952
1968
1974
1987
1982
1999
2003
2041
2067
2054
2100
2119
2090
2079
2086
2082
2119
2120
2119
2123
2136
2145
2162
2141
2183
2220
2238
2234
2272
2257
2259
2266
2251
2228
2195
2196
2185
2170
2119
2061
2011
1975
1931
1893
1911
1869
1842
1837
1847
1851
1870
1894
1951
1969
2018
2080
2112
2176
2210
2248
2304
2331
2354
2388
2403
2401
2397
2376
2339
2270
2232
2191
2117
2038
1968
1933
1879
1834
1758
1707
1683
1665
1655
1673
1678
1720
1790
1843
1917
2014
2108
2190
2263
2363
2451
2494
2550
2566
2592
2578
2574
2504
2448
2360
2259
2131
2038
1935
1817
2086
1989
1932
1854
1845
1825
1837
1867
1844
1863
1891
1919
1942
1932
1968
1944
1934
1931
1952
1929
1936
1947
2001
2033
2086
2155
2243
2290
2329
2393
2453
2478
2492
2450
2390
2305
2211
2105
1994
1878
1772
1665
1616
1593
1586
1613
1663
1771
1897
1983
2085
2202
2301
2386
2420
2459
2430
2404
2362
2275
2178
2093
1983
1887
1804
1772
1759
1756
1782
1856
1934
2010
2080
2165
2239
2301
2338
2345
2351
2317
2278
2243
2190
2136
2087
2037
2006
1984
1959
1999
2010
2020
2066
2132
2178
2187
2198
2192
2197
2159
2109
2062
2003
1970
1901
1870
1885
1893
1921
2002
2087
2182
2263
2351
2446
2527
2582
2616
2630
2630
2589
2524
2459
2340
2272
2172
2076
1991
2192
2324
2438
2492
2571
2606
2641
2641
2661
2667
2668
2651
2642
2591
2562
2466
2358
2230
2138
2019
1932
1858
1840
1820
1805
1816
1840
1855
1871
1906
1890
1936
1914
1896
1884
1856
1859
1874
1917
1982
2075
2194
2292
2378
2460
2477
2498
2493
2441
2383
2302
2259
2224
2187
2155
2119
2082
2047
1989
1953
1915
1859
1866
1854
1820
1834
1835
1825
1846
1887
1910
1936
1976
2039
2114
2177
2270
2339
2408
2433
2442
2456
2433
2400
2363
2296
2232
2180
2125
2058
2010
1953
1879
1845
1776
1735
1706
1699
1698
1708
1745
1817
1890
1956
2025
2095
2156
2218
2232
2262
2274
2318
2315
2338
2362
2345
2376
2354
2353
2310
2284
2221
2175
2130
2085
2028
2004
1960
1842
1802
1802
1791
1803
1842
1873
1898
1927
2009
2077
2151
2189
2231
2264
2331
2334
2358
2332
2339
2325
2273
2258
2217
2171
2105
2062
1989
1945
1897
1832
1795
1752
1712
1720
1709
1718
1739
1780
1831
1864
1934
1997
2060
2137
2216
2260
2292
2355
2396
2403
2440
2442
2454
2435
2438
2425
2398
2328
2288
2249
2153
2075
2011
1958
1888
1844
1824
1787
1791
1768
1785
1806
1837
1868
1929
1969
2025
2095
2155
2193
2272
2308
2351
2387
2427
2445
2433
2430
2391
2366
2346
2299
2236
2169
2121
2067
2014
1941
1913
1879
1841
1828
1800
1807
1800
1799
1791
1823
1870
1898
1912
1966
2017
2068
2145
2172
2185
2223
2267
2258
2260
2260
2283
2248
2239
2209
2174
1257
1409
1574
1730
1883
2008
2129
2210
2293
2349
2391
2423
2466
2462
2447
2447
2414
2343
2286
2215
2177
2128
2109
2137
2182
2290
2396
2502
2600
2684
2712
2692
2668
2572
2429
2313
2159
1974
1792
1626
1457
1308
1144
1011
901
836
806
823
919
1056
1259
1475
1708
2000
2266
2528
2744
2935
3065
3158
3206
3215
3210
3198
3095
3001
2874
2704
2525
2305
2093
1878
1665
1508
1373
1279
1199
1205
1236
1299
1380
1482
1598
1685
1788
1825
1911
1935
2000
2033
2067
2124
2121
2183
2203
2215
2220
2247
2274
2305
2353
2410
2497
2591
2692
2808
2886
2966
2999
2992
2987
2915
2802
2654
2519
2381
2235
2080
1933
1757
1565
1388
1205
1034
908
792
758
795
1996
1921
1845
1802
1744
1699
1729
1716
1744
1759
1821
1879
1928
2010
2066
2135
2227
2277
2309
2379
2420
2462
2480
2526
2535
2578
2580
2598
2579
2551
2504
2483
2451
2392
2303
2247
2156
2080
1994
1931
1848
1795
1719
1666
1602
1565
1541
1535
1548
1585
1610
1641
1687
1740
1800
1856
1880
1926
1956
2011
2058
2066
2091
2089
2090
2109
2106
2125
2134
2158
2188
2199
2264
2296
2341
2402
2475
2541
2595
2666
2724
2758
2787
2825
2822
2800
2766
2707
2608
2496
2386
2264
2093
1937
1814
1656
1517
1368
1248
1143
1066
978
915
874
858
885
920
985
1084
1213
1376
1574
1752
1955
2179
2409
2624
2848
3047
3235
3412
3585
3684
3728
3760
3746
3682
3584
2498
2725
2945
3102
3255
3356
3403
3449
3423
3353
3255
3112
2936
2729
2487
2247
2000
1736
1479
1235
1042
891
776
732
727
776
886
1026
1256
1481
1713
1968
2231
2459
2643
2813
2943
3024
3064
3064
3011
2936
2868
2733
2626
2448
2315
2169
2053
1985
1925
1884
1872
1872
1899
1909
1949
1992
2014
2062
2061
2052
2038
1989
1952
1896
1805
1754
1684
1618
1582
1557
1546
1539
1552
1577
1638
1718
1819
1896
2026
2163
2296
2435
2545
2663
2735
2792
2828
2852
2837
2788
2705
2605
2503
2377
2260
2124
2051
1949
1868
1857
1824
1795
1817
1837
1866
1890
1923
1931
1900
1917
1859
1804
1724
1656
1570
1466
1404
1320
1252
1224
1238
1302
1362
1511
1694
1901
