2103
2078
2077
2094
2086
2093
2081
2096
2102
2084
2085
2107
2098
2089
2088
2097
2085
2096
2111
2109
2089
2085
2082
2109
2084
2092
2108
2093
2097
2098
2100
2095
2104
2083
2075
2080
2084
2101
2089
2099
2083
2079
2083
2090
2089
2107
2087
2099
2103
2116
2087
2096
2094
2090
2107
2107
2106
2097
2094
2115
2106
2088
2074
2071
2067
2099
2100
2077
2087
2079
2096
2087
2083
2076
2066
2083
2088
2092
2093
2084
2089
2104
2085
2089
2086
2086
2085
2080
2099
2084
2059
2067
2071
2086
2106
2106
2080
2091
2081
2058
2085
2077
2067
2088
2076
2078
2078
2081
2085
2065
2089
2091
2071
2080
2084
2069
2082
2074
2082
2081
2060
2065
2088
2082
2097
2086
2095
2081
2084
2075
2081
2068
2075
2072
2096
2086
2081
2099
2100
2081
2061
2073
2087
2078
2089
2072
2089
2080
2087
2100
2083
2100
2104
2099
2108
2105
2101
2099
2090
2089
2089
2108
2130
2128
2142
2122
2120
2129
2123
2109
2121
2121
2123
2126
2111
2112
2112
2110
2120
2131
2167
2147
2124
2129
2132
2144
2146
2133
2139
2129
2131
2124
2088
2108
2107
2110
2117
2121
2119
2108
2113
2116
2120
2100
2098
2116
2122
2118
2094
2098
2094
2098
2098
2084
2070
2073
2071
2099
2099
2093
2087
2074
2072
2091
2098
2070
2065
2065
2068
2070
2077
2078
2081
2089
2082
2069
2092
2068
2082
2081
2087
2091
2077
2056
2075
2086
2086
2069
2078
2087
2096
2100
2098
2093
2067
2102
2049
2083
2130
2165
2222
2269
2272
2292
2309
2311
2343
2334
2350
2356
2355
2328
2291
2252
2214
2161
2125
2072
2047
2047
2069
2100
2119
2145
2164
2181
2190
2176
2148
2130
2113
2071
2040
2030
1971
1968
1930
1910
1896
1900
1900
1893
1905
1931
1954
1989
2001
2023
2033
2037
2023
2024
2034
2030
2013
2023
2034
2027
2024
2027
2033
2023
2054
2064
2071
2104
2124
2153
2193
2222
2267
2270
2260
2215
2189
2138
2096
2082
2065
2065
2081
2104
2140
2192
2230
2242
2265
2239
2193
2141
2088
2036
1976
1940
1954
1956
2017
2081
2114
2172
2210
2217
2175
2159
2076
2007
1949
1885
1862
1859
1889
1940
2004
2032
2072
2102
2123
2125
2083
2065
2041
2026
2026
2040
2153
2124
2145
2162
2159
2158
2162
2136
2133
2124
2127
2112
2073
2075
2076
2058
2042
2020
2018
2008
2009
2024
2032
2041
2051
2081
2109
2147
2144
2183
2179
2194
2192
2212
2205
2210
2199
2198
2178
2155
2151
2145
2132
2124
2126
2109
2118
2086
2069
2038
2047
2023
2002
1970
1979
1934
1928
1918
1920
1906
1941
1949
1950
1971
1980
2004
2034
2074
2073
2101
2108
2104
2111
2121
2104
2103
2102
2101
2104
2096
2123
2147
2161
2182
2210
2266
2273
2298
2312
2332
2356
2370
2340
2330
2301
2249
2206
2160
2114
2061
2020
1970
1950
1891
1867
1847
1809
1794
1780
1781
1790
1804
1802
1834
1858
1882
1921
1952
1993
2042
2079
2104
2150
2169
2210
2254
2270
2274
1982
1977
2008
1997
2012
2028
2023
2067
2071
2081
2103
2115
2146
2155
2171
2161
2167
2164
2163
2162
2154
2139
2119
2110
2111
2075
2055
2040
2035
2008
2024
2027
2029
2045
2071
2065
2083
2121
2131
2137
2151
2152
2139
2180
2200
2179
2164
2165
2152
2122
2124
2133
2101
2083
2092
2090
2082
2082
2089
2094
2140
2121
2100
2135
2146
2145
2149
2140
2147
2121
2111
2100
2102
2088
2058
2063
2081
2064
2069
2106
2100
2147
2150
2170
2209
2222
2225
2250
2261
2272
2254
2232
2217
2175
2140
2085
2033
1994
1910
1861
1849
1845
1828
1813
1839
1847
1884
1926
1974
2032
2098
2149
2184
2231
2286
2289
2307
2277
2271
2246
2200
2151
2121
2082
2025
1975
1918
1878
2169
2139
2134
2150
2156
2180
2185
2168
2115
2102
2059
2015
1984
1953
1915
1897
1874
1904
1864
1862
1840
1837
1830
1823
1820
1842
1871
1908
1947
1998
2078
2132
2180
2211
2240
2251
2260
2294
2293
2303
2322
2323
2338
2353
2368
2348
2355
2342
2328
2295
2278
2269
2227
2224
2204
2185
2150
2116
2065
2030
1966
1919
1881
1843
1790
1774
1736
1725
1695
1704
1705
1715
1774
1797
1813
1867
1904
1967
1981
2004
2024
2071
2135
2188
2258
2300
2321
2336
2351
2351
2349
2332
2317
2350
2359
2388
2404
2425
2421
2407
2393
2358
2319
2289
2237
2202
2169
2147
2111
2109
2071
2017
1963
1918
1877
1829
1781
1751
1731
1730
1735
1728
1737
1754
1776
1805
1836
1876
2063
2093
2089
2127
2127
2148
2160
2176
2198
2192
2208
2202
2222
2203
2190
2209
2162
2139
2117
2117
2098
2074
2030
2016
2011
1974
1991
1984
1964
1982
1978
1979
2002
1997
2023
2028
2022
2041
2066
2056
2060
2092
2086
2103
2099
2131
2146
2161
2203
2205
2214
2248
2255
2277
2281
2290
2300
2283
2279
2246
2220
2176
2154
2098
2084
2025
2009
1959
1929
1902
1876
1852
1859
1849
1859
1881
1892
1888
1912
1935
1941
1970
2023
2031
2058
2080
2083
2117
2130
2159
2181
2192
2210
2216
2242
2257
2257
2265
2278
2292
2265
2265
2259
2243
2216
2210
2177
2176
2177
2152
2132
2136
2107
2090
2079
2065
2063
2034
2044
2035
2008
2022
2003
2020
2018
2022
2028
2022
2209
2180
2141
2111
2116
2084
2078
2056
2064
2055
2014
1995
1975
1972
1964
1966
1944
1927
1933
1900
1890
1872
1865
1885
1902
1919
1942
1986
2030
2051
2102
2154
2177
2208
2252
2287
2300
2314
2328
2345
2320
2316
2289
2242
2198
2145
2082
2025
1950
1901
1862
1815
1775
1743
1748
1760
1793
1812
1851
1912
1930
2000
2066
2156
2212
2240
2291
2313
2348
2364
2392
2413
2424
2386
2371
2332
2308
2262
2205
2159
2116
2051
2005
1969
1909
1878
1829
1832
1802
1818
1817
1849
1860
1908
1937
1998
2023
2077
2115
2170
2231
2277
2316
2341
2390
2403
2424
2436
2408
2386
2344
2302
2269
2208
2148
2062
1989
1930
1871
1811
1767
1755
1725
1706
1683
1690
1736
1767
2161
2170
2229
2268
2288
2258
2261
2225
2225
2243
2224
2227
2254
2233
2206
2143
2090
2050
1983
1935
1905
1906
1899
1921
1903
1863
1820
1791
1786
1783
1800
1858
1915
1974
2040
2101
2129
2152
2178
2196
2240
2295
2339
2382
2400
2386
2338
2296
2255
2188
2195
2216
2247
2286
2284
2274
2213
2145
2099
2051
2023
2027
2062
2072
2054
1986
1927
1835
1795
1786
1804
1862
1924
1991
2014
2052
2031
2035
2045
2062
2106
2152
2239
2332
2346
2340
2301
2241
2186
2174
2153
2176
2194
2174
2187
2178
2157
2090
2016
1967
1931
1939
1976
2006
1994
1949
1934
1927
1892
1878
1892
1913
1961
1991
2045
2075
2098
2097
2110
2146
2183
2198
2208
2250
2264
2291
2256
2242
2279
2300
2337
2374
2366
2401
2416
2386
2362
2364
2322
2289
2237
2182
2114
2061
2007
1965
1930
1886
1873
1824
1821
1810
1796
1790
1807
1847
1861
1917
1929
1969
2005
2062
2130
2173
2184
2232
2303
2339
2368
2405
2395
2389
2423
2374
2343
2311
2293
2238
2181
2125
2056
2023
1963
1885
1844
1837
1816
1815
1808
1821
1821
1880
1918
1947
1983
2024
2067
2126
2176
2222
2261
2289
2297
2325
2343
2318
2327
2321
2282
2256
2229
2163
2112
2064
1997
1947
1878
1839
1796
1752
1695
1697
1684
1677
1727
1711
1790
1839
1889
1957
2016
2111
2187
2250
2327
2401
2461
2501
2509
2562
2568
2597
2590
2575
2535
2492
2467
2413
2335
2277
2204
2117
2037
1964
1909
1857
1793
1714
1665
1624
1554
1553
1576
1638
1704
1800
1884
1986
2094
2206
2297
2389
2460
2509
2543
2552
2555
2536
2513
2453
2422
2355
2293
2235
2202
2165
2125
2098
2058
2050
2021
1989
1954
1923
1916
1881
1832
1770
1749
1700
1654
1610
1578
1602
1601
1597
1648
1674
1734
1796
1867
1934
2009
2083
2161
2216
2262
2283
2335
2342
2321
2294
2290
2305
2272
2231
2217
2209
2228
2244
2246
2279
2337
2353
2381
2437
2448
2476
2461
2412
2408
2361
2280
2208
2123
2045
1952
1900
1798
1715
1657
1602
1568
1566
1569
1610
1651
1720
1770
1842
1910
1984
2026
2078
2098
2103
2115
2071
2064
2050
2068
2071
2117
2179
2273
2363
2470
2566
2667
2730
2768
2794
2784
2720
2191
2237
2248
2241
2231
2207
2199
2168
2161
2151
2184
2189
2245
2238
2221
2211
2171
2129
2078
2046
2000
1994
1990
1993
2032
2043
2049
2036
2029
1996
1988
1983
2008
1993
2040
2056
2085
2105
2142
2140
2143
2112
2080
2016
1972
1964
1961
1978
2007
2024
2043
2062
2090
2098
2089
2068
2029
2017
2000
2025
2023
2064
2088
2128
2199
2268
2313
2317
2334
2311
2276
2237
2189
2148
2100
2094
2135
2144
2149
2157
2135
2103
2047
1992
1934
1877
1829
1828
1826
1841
1886
1917
1956
2000
2013
2041
2076
2104
2105
2140
2137
2117
2097
2102
2077
2100
2167
2199
2260
2314
2342
2372
2356
2323
2287
2253
2196
2153
2139
2098
2097
2101
2089
2064
2021
1979
1932
1907
2322
2285
2254
2234
2176
2127
2079
2042
1981
1928
1874
1844
1807
1783
1777
1798
1804
1838
1880
1938
1982
2047
2111
2162
2206
2259
2316
2322
2329
2310
2297
2285
2220
2182
2137
2073
2028
1983
1954
1915
1907
1920
1929
1964
1984
2003
2059
2097
2105
2121
2185
2204
2219
2220
2238
2224
2223
2183
2154
2105
2091
2056
2025
1984
1981
1985
2004
2000
2019
2031
2050
2075
2093
2119
2155
2164
2197
2210
2216
2232
2227
2230
2243
2216
2200
2184
2204
2161
2108
2091
2074
2057
2014
1989
1980
1972
1938
1975
1992
2005
2007
1995
2019
2055
2069
2086
2110
2119
2125
2163
2179
2188
2178
2196
2194
2176
2149
2141
2130
2106
2064
2025
1990
1981
1979
1970
1961
1944
2415
2516
2599
2670
2680
2640
2590
2536
2415
2328
2223
2147
2083
2029
1994
1998
2031
2092
2170
2253
2355
2448
2511
2545
2540
2483
2383
2243
2097
1903
1740
1591
1435
1324
1285
1265
1253
1336
1407
1562
1708
1902
2080
2269
2471
2603
2722
2804
2860
2873
2845
2805
2755
2702
2702
2639
2618
2541
2485
2438
2393
2346
2271
2187
2134
2050
1968
1870
1762
1652
1557
1455
1374
1293
1274
1279
1312
1361
1436
1542
1674
1812
1973
2120
2286
2400
2547
2644
2713
2751
2758
2720
2687
2655
2580
2502
2447
2387
2326
2289
2264
2188
2122
2024
1954
1851
1763
1709
1658
1577
1509
1453
1404
1379
1374
1373
1428
1490
1587
1741
1858
2031
2200
2332
2469
2540
2568
2591
1808
1641
1472
1346
1241
1155
1097
1080
1103
1136
1238
1361
1480
1640
1804
1993
2199
2393
2545
2705
2832
2958
3071
3150
3175
3183
3162
3094
3013
2896
2759
2565
2375
2183
1989
1807
1616
1443
1285
1161
1052
978
938
919
957
1030
1148
1263
1441
1618
1832
2036
2254
2428
2647
2821
2989
3094
3183
3252
3248
3219
3154
3077
2961
2823
2633
2456
2270
2104
1903
1694
1528
1395
1262
1142
1073
1037
1033
1068
1113
1176
1283
1390
1552
1731
1888
2043
2200
2340
2464
2539
2655
2707
2740
2794
2779
2769
2757
2688
2628
2587
2512
2448
2324
2249
2184
2095
1996
1923
1843
1747
1700
1666
1635
1617
1601
1601
1621
1643
1668
1729
1756
1808
1871
1900
1949
2006
