1902
1894
1900
1918
1930
1934
1947
1953
1960
1939
1940
1944
1938
1925
1930
1928
1940
1946
1960
1979
1992
2016
2046
2061
2078
2110
2114
2129
2144
2148
2146
2152
2136
2136
2147
2156
2176
2191
2207
2222
2243
2255
2263
2248
2240
2220
2211
2185
2175
2167
2149
2152
2152
2165
2166
2178
2184
2180
2163
2170
2136
2122
2093
2074
2042
2007
1996
1982
1976
1976
1970
1962
1956
1963
1950
1963
1970
1957
1957
1970
1961
1942
1930
1937
1937
1932
1935
1928
1946
1961
1980
1990
2008
2034
2072
2080
2096
2105
2105
2108
2134
2136
2136
2148
2167
2191
2192
2211
2231
2225
2240
2238
2239
2233
2222
2212
2199
2198
2190
2195
2188
2187
2185
2177
2173
2186
2186
2178
2145
2140
2159
2152
2154
2140
2140
2115
2123
2106
2084
2071
2065
2037
2024
1994
1986
1965
1964
1948
1944
1952
1938
1943
1954
1959
1981
1990
2007
2016
2040
2067
2103
2134
2175
2194
2212
2240
2270
2285
2313
2340
2361
2381
2380
2389
2382
2379
2372
2376
2352
2326
2295
2263
2222
2199
2147
2117
2072
2032
1987
1947
1899
1858
1819
1786
1757
1724
1702
1688
1670
1661
1665
1682
1693
1704
1730
1763
1795
1838
1892
1950
2009
2068
2128
2196
2261
2333
2394
2460
2510
2558
2600
2639
2648
2680
2679
2669
2662
2640
2605
2582
2542
2482
2427
2369
2288
2236
2160
2090
2032
1958
1891
1817
1757
1705
1671
1615
1574
1544
1536
1514
1510
1513
1520
1528
1564
1601
2211
2201
2203
2192
2195
2181
2168
2151
2143
2138
2119
2112
2102
2072
2048
2026
2019
1996
1980
1965
1967
1965
1959
1948
1956
1964
1976
1994
2008
2036
2039
2056
2087
2094
2101
2115
2128
2146
2145
2160
2167
2172
2186
2178
2186
2190
2194
2190
2184
2169
2156
2152
2153
2133
2116
2087
2063
2035
2012
1998
1965
1950
1911
1889
1878
1850
1848
1847
1848
1871
1868
1892
1935
1972
2018
2062
2107
2167
2212
2251
2282
2307
2331
2354
2358
2347
2337
2304
2274
2255
2199
2152
2110
2064
2025
1981
1937
1906
1905
1894
1886
1884
1886
1895
1910
1931
1952
1971
1999
2021
2049
2062
2081
2087
2098
2109
2107
2116
2109
2121
2109
2114
2115
2116
2101
2111
2094
2076
2003
1968
1962
1958
1958
1964
1956
1953
1952
1962
1964
1987
2016
2035
2076
2110
2142
2157
2168
2160
2134
2123
2094
2062
2058
2041
2062
2079
2091
2088
2082
2056
2017
1981
1969
1954
1958
1974
1996
2035
2068
2102
2113
2117
2106
2085
2072
2045
2034
2014
2015
2022
2026
2013
2015
1993
1971
1936
1886
1857
1842
1834
1845
1875
1899
1944
1985
2013
2059
2068
2091
2098
2124
2143
2168
2195
2237
2276
2320
2345
2370
2372
2362
2339
2297
2248
2208
2190
2202
2200
2203
2232
2252
2236
2230
2202
2172
2142
2116
2095
2101
2125
2158
2195
2211
2209
2206
2180
2158
2140
2116
2091
2078
2066
2074
2062
2063
2073
2075
2080
2070
2070
2062
2044
2010
1987
1960
1962
2168
2178
2178
2192
2192
2206
2209
2213
2218
2217
2211
2214
2212
2203
2193
2191
2189
2181
2177
2172
2161
2158
2144
2135
2129
2114
2105
2101
2113
2098
2097
2095
2086
2086
2083
2098
2088
2100
2106
2104
2104
2120
2129
2136
2141
2148
2155
2160
2146
2144
2144
2154
2139
2136
2132
2121
2118
2103
2085
2076
2062
2055
2048
2020
2001
1996
1972
1964
1955
1948
1935
1926
1917
1918
1899
1892
1894
1888
1892
1897
1899
1904
1918
1930
1956
1954
1977
1997
2023
2053
2081
2114
2128
2164
2184
2219
2237
2267
2284
2311
2320
2328
2339
2343
2337
2330
2318
2306
2285
2268
2241
2220
2186
2156
2126
2090
2050
2005
1980
1946
1923
1888
1854
1827
1818
1794
1775
1772
2096
2133
2153
2171
2195
2224
2229
2246
2248
2252
2252
2254
2250
2236
2229
2211
2197
2190
2178
2157
2140
2138
2124
2112
2104
2094
2081
2079
2092
2105
2115
2121
2143
2151
2176
2197
2217
2233
2252
2259
2271
2270
2280
2266
2262
2248
2224
2204
2169
2143
2099
2055
2022
1970
1941
1900
1855
1824
1803
1774
1762
1747
1751
1748
1766
1779
1802
1817
1862
1890
1943
1994
2040
2097
2142
2196
2241
2279
2315
2355
2380
2394
2407
2415
2409
2395
2365
2337
2312
2264
2220
2168
2101
2057
1993
1947
1893
1857
1808
1772
1728
1717
1709
1705
1708
1730
1754
1781
1815
1861
1901
1946
2004
2057
2112
2155
2215
2263
2301
2341
2372
2395
2412
2418
2425
2419
2412
2392
2289
2286
2288
2289
2298
2316
2330
2347
2363
2386
2399
2413
2423
2434
2425
2429
2431
2429
2416
2402
2386
2367
2336
2298
2257
2215
2172
2126
2068
2010
1952
1878
1831
1769
1698
1647
1588
1532
1509
1480
1452
1453
1492
1538
1590
1679
1770
1844
1924
1990
2040
2061
2044
2003
1942
1861
1766
1680
1588
1527
1502
1481
1493
1535
1601
1679
1782
1895
2009
2136
2257
2379
2494
2588
2684
2756
2822
2852
2867
2847
2804
2736
2659
2560
2452
2376
2288
2235
2211
2215
2253
2312
2395
2494
2580
2660
2723
2763
2767
2739
2679
2610
2491
2379
2268
2170
2051
1958
1866
1802
1744
1709
1694
1692
1701
1704
1720
1736
1770
1802
1842
1868
1889
1897
1889
1869
1830
1790
2138
2146
2163
2174
2191
2209
2228
2260
2284
2310
2347
2382
2409
2438
2468
2489
2504
2496
2494
2490
2478
2440
2400
2380
2343
2302
2274
2238
2207
2184
2155
2133
2112
2088
2040
2006
1979
1933
1897
1852
1824
1793
1796
1780
1769
1755
1760
1764
1776
1764
1764
1761
1742
1725
1718
1698
1664
1646
1638
1610
1612
1606
1612
1610
1624
1659
1700
1751
1821
1877
1961
2042
2146
2234
2333
2429
2519
2596
2665
2717
2745
2752
2762
2753
2723
2702
2663
2618
2577
2541
2515
2474
2442
2404
2388
2359
2331
2304
2277
2256
2224
2190
2156
2132
2089
2034
1995
1963
1894
1864
1819
1766
1719
1653
1589
1533
1488
1438
1394
1372
1352
1347
1358
1378
1403
1450
1507
1576
1546
1557
1582
1613
1648
1689
1740
1800
1844
1904
1949
2024
2078
2127
2176
2233
2285
2327
2378
2418
2442
2464
2493
2507
2512
2509
2498
2486
2462
2445
2407
2355
2311
2273
2228
2184
2122
2065
2019
1978
1931
1892
1848
1828
1803
1773
1768
1755
1753
1749
1748
1762
1788
1815
1839
1878
1915
1959
2004
2053
2102
2168
2208
2274
2325
2376
2415
2464
2493
2514
2541
2566
2573
2575
2559
2552
2523
2493
2456
2407
2348
2291
2216
2143
2075
2006
1933
1857
1799
1741
1691
1640
1601
1576
1554
1539
1548
1540
1569
1590
1628
1667
1703
1748
1802
1845
1901
1954
2000
2054
2113
2158
2200
2247
2275
2317
2362
2397
2419
2456
2468
2490
2501
2515
2520
2520
2513
2499
2321
2314
2298
2284
2266
2248
2215
2180
2146
2108
2067
2010
1956
1904
1836
1786
1719
1669
1630
1598
1592
1586
1606
1627
1685
1748
1813
1876
1945
2022
2082
2135
2186
2229
2264
2288
2322
2341
2359
2381
2396
2425
2432
2458
2455
2466
2467
2460
2454
2431
2399
2352
2294
2233
2168
2104
2027
1959
1899
1844
1789
1760
1731
1724
1710
1711
1711
1717
1745
1769
1797
1827
1868
1912
1955
2005
2055
2085
2142
2192
2237
2289
2316
2351
2368
2377
2366
2352
2328
2290
2243
2177
2113
2058
2001
1955
1914
1887
1872
1872
1882
1886
1928
1966
1998
2051
2098
2161
2197
2238
2283
2316
2336
2350
2358
2353
2336
2319
2302
2270
2235
2211
2172
2123
2093
2054
2012
1981
1580
1520
1458
1399
1340
1314
1262
1260
1277
1326
1364
1394
1444
1482
1538
1595
1640
1719
1785
1856
1937
2005
2072
2136
2184
2261
2327
2405
2474
2555
2620
2674
2719
2738
2748
2767
2756
2760
2770
2778
2763
2750
2726
2653
2592
2529
2444
2387
2325
2280
2277
2240
2217
2173
2114
2052
1975
1894
1832
1773
1744
1723
1697
1670
1638
1600
1536
1484
1442
1409
1410
1407
1447
1507
1569
1625
1674
1727
1764
1794
1842
1882
1943
1997
2046
2108
2170
2238
2316
2368
2439
2514
2587
2651
2717
2746
2771
2776
2777
2764
2762
2752
2742
2741
2732
2721
2688
2658
2596
2522
2442
2357
2273
2206
2130
2055
1987
1920
1841
1748
1670
1594
1530
1466
1404
1368
1338
1318
2027
2091
2152
2216
2275
2330
2382
2422
2456
2506
2513
2525
2523
2526
2512
2476
2437
2408
2360
2298
2252
2203
2133
2089
2033
1993
1934
1895
1878
1860
1848
1858
1868
1884
1912
1935
1971
2009
2043
2085
2126
2161
2186
2214
2252
2267
2284
2295
2298
2304
2302
2293
2288
2271
2247
2215
2191
2145
2112
2093
2058
2025
2002
1966
1957
1943
1942
1940
1947
1956
1982
1990
1999
2031
2053
2063
2076
2092
2100
2121
2119
2122
2115
2098
2094
2091
2081
2074
2062
2057
2026
2011
1994
1968
1947
1948
1937
1914
1909
1916
1904
1908
1923
1952
1988
2022
2058
2107
2151
2203
2247
2289
2328
2363
2396
2415
2422
2432
2438
2425
2407
2396
2365
2340
2306
2269
2238
2204
1826
1816
1810
1838
1883
1932
1991
2058
2133
2217
2302
2401
2482
2560
2603
2646
2680
2696
2689
2667
2628
2568
2482
2400
2288
2169
2040
1928
1795
1680
1568
1466
1386
1324
1286
1281
1278
1304
1361
1441
1544
1669
1810
1960
2114
2268
2428
2578
2712
2838
2934
3008
3056
3051
3042
2988
2901
2793
2659
2513
2359
2176
2005
1846
1676
1530
1391
1285
1200
1138
1104
1098
1123
1160
1232
1324
1440
1566
1702
1856
2009
2167
2320
2471
2608
2738
2844
2929
3011
3053
3072
3066
3048
2997
2930
2831
2714
2581
2450
2303
2154
1994
1839
1698
1570
1457
1348
1277
1248
1231
1237
1287
1351
1448
1562
1695
1835
1984
2142
2284
2436
2563
2671
2760
2831
2860
2883
2877
2221
2127
2050
1970
1898
1832
1764
1705
1666
1655
1670
1721
1805
1910
2027
2146
2243
2341
2407
2449
2481
2508
2518
2540
2543
2519
2478
2406
2304
2186
2023
1865
1720
1610
1551
1530
1551
1600
1686
1756
1838
1895
1942
1963
1994
2053
2128
2210
2320
2443
2540
2624
2671
2652
2592
2496
2384
2260
2150
2075
2016
2015
2040
2079
2147
2187
2248
2286
2304
2320
2331
2345
2351
2386
2414
2467
2486
2493
2495
2450
2362
2264
2116
1958
1791
1635
1492
1383
1321
1283
1274
1274
1287
1299
1290
1277
1264
1257
1267
1312
1400
1505
1638
1786
1936
2058
2144
2189
2218
2216
2208
2198
2204
2223
2263
2314
2352
2407
2452
2478
2504
2512
2520
2547
2574
2601
2667
2730
2265
2308
2343
2380
2406
2435
2445
2458
2467
2463
2458
2450
2424
2408
2384
2343
2314
2274
2238
2185
2151
2118
2068
2019
1994
1960
1923
1882
1861
1825
1788
1768
1733
1720
1714
1713
1699
1706
1710
1706
1728
1740
1760
1786
1806
1845
1860
1898
1922
1965
1993
2017
2054
2080
2124
2142
2174
2202
2241
2273
2313
2343
2371
2406
2428
2467
2490
2512
2544
2554
2585
2602
2617
2616
2607
2602
2590
2568
2550
2527
2482
2442
2390
2332
2284
2225
2166
2107
2040
2014
1940
1876
1836
1804
1768
1747
1713
1682
1682
1669
1674
1671
1688
1702
1726
1754
1776
1800
1833
1870
1915
1946
1993
2024
2037
2083
2127
2153
2174
2203
2222
2239
2260
2266
2276
2269
2273
2271
