2095
2088
2104
2094
2087
2089
2091
2091
2095
2094
2095
2087
2104
2102
2094
2091
2097
2101
2089
2096
2083
2083
2089
2091
2094
2098
2091
2084
2099
2099
2092
2091
2096
2077
2080
2079
2097
2094
2074
2081
2088
2099
2097
2090
2094
2094
2092
2090
2093
2092
2090
2098
2096
2091
2096
2084
2096
2087
2083
2090
2088
2080
2088
2088
2077
2080
2074
2075
2100
2078
2095
2095
2095
2079
2077
2072
2076
2089
2081
2090
2080
2083
2087
2090
2087
2087
2090
2100
2101
2086
2093
2096
2091
2089
2084
2075
2076
2078
2090
2091
2087
2097
2080
2088
2091
2094
2082
2093
2082
2096
2096
2092
2090
2091
2094
2098
2092
2100
2089
2088
2078
2090
2094
2092
2095
2088
2076
2084
2089
2086
2080
2089
2102
2101
2108
2105
2112
2099
2099
2110
2121
2107
2112
2119
2117
2114
2124
2120
2115
2124
2127
2123
2109
2128
2126
2119
2113
2133
2119
2114
2119
2114
2118
2111
2114
2111
2116
2118
2113
2122
2116
2124
2122
2118
2105
2126
2116
2123
2125
2120
2116
2110
2123
2120
2119
2121
2112
2114
2117
2120
2116
2124
2104
2101
2103
2112
2118
2115
2098
2100
2107
2103
2098
2096
2100
2089
2093
2098
2102
2098
2103
2092
2095
2090
2090
2086
2092
2087
2089
2078
2072
2078
2077
2093
2085
2071
2074
2091
2080
2090
2096
2090
2070
2076
2082
2088
2078
2071
2064
2072
2057
2059
2061
2056
2048
2056
2056
2054
2048
2053
2058
2048
2058
2065
2042
2044
2009
1994
2012
2030
2047
2069
2096
2116
2154
2179
2211
2247
2245
2243
2230
2216
2215
2176
2136
2118
2088
2040
2004
1980
1937
1923
1897
1886
1878
1886
1879
1863
1892
1897
1895
1914
1922
1928
1943
1980
2008
2046
2052
2088
2107
2128
2151
2182
2196
2200
2210
2210
2204
2205
2188
2165
2134
2106
2087
2087
2053
2040
2034
2053
2066
2076
2100
2115
2133
2161
2173
2176
2176
2160
2146
2123
2095
2063
2038
1989
1975
1940
1925
1896
1880
1876
1861
1862
1892
1911
1931
1955
1972
2009
2026
2045
2080
2100
2123
2145
2175
2184
2200
2206
2230
2240
2257
2279
2293
2301
2314
2323
2334
2343
2341
2338
2334
2340
2327
2320
2311
2316
2308
2296
2312
2310
2300
2308
2208
2243
2278
2323
2334
2348
2352
2332
2298
2251
2218
2150
2098
2090
2078
2068
2076
2095
2116
2127
2126
2124
2103
2065
2027
1991
1943
1886
1859
1833
1829
1831
1850
1880
1920
1961
2002
2038
2092
2134
2179
2202
2212
2233
2234
2247
2226
2214
2206
2193
2169
2157
2144
2142
2134
2118
2107
2076
2042
2034
2003
1968
1913
1901
1902
1882
1879
1896
1915
1957
2003
2051
2097
2128
2160
2207
2217
2214
2206
2196
2181
2174
2143
2105
2080
2075
2048
2038
2028
2046
2048
2068
2076
2115
2135
2172
2204
2225
2237
2248
2243
2248
2216
2208
2171
2143
2109
2072
2047
2030
2009
1998
1994
2001
2014
2025
2036
2066
2091
2094
2102
2107
2116
2109
2100
2077
2072
2051
1982
1936
1894
1886
1880
1885
1896
1931
1986
2037
2074
2140
2199
2246
2274
2296
2319
2300
2284
2281
2244
2190
2133
2069
2001
1936
1873
1799
1740
1711
1690
1693
1713
1725
1774
1837
1908
1988
2064
2130
2201
2270
2310
2345
2372
2381
2394
2383
2365
2359
2332
2306
2277
2231
2193
2160
2116
2077
2016
1973
1934
1898
1873
1854
1858
1862
1885
1920
1940
1977
2005
2058
2120
2142
2181
2209
2215
2220
2226
2237
2237
2227
2215
2205
2176
2157
2130
2124
2095
2064
2042
2030
2000
2000
1994
1994
2000
2002
2009
2035
2043
2044
2053
2041
2038
2040
2024
2011
2007
2025
2022
2020
2035
2056
2088
2126
2151
2189
2231
2281
2324
2356
2390
2404
2418
2420
2396
2369
1928
2007
2063
2096
2104
2130
2154
2184
2239
2278
2288
2278
2272
2253
2237
2226
2207
2158
2126
2088
2076
2071
2064
2073
2088
2088
2075
2087
2088
2075
2100
2107
2074
2048
2017
1968
1950
1934
1922
1907
1884
1859
1866
1897
1962
2021
2071
2134
2170
2210
2260
2302
2343
2389
2387
2379
2389
2376
2376
2379
2363
2312
2230
2138
2044
1987
1988
2021
2068
2100
2141
2143
2154
2170
2193
2216
2221
2232
2203
2157
2101
2070
2023
1961
1856
1754
1680
1623
1610
1624
1678
1746
1776
1826
1896
2002
2122
2252
2363
2464
2507
2554
2573
2584
2624
2618
2574
2485
2362
2255
2170
2127
2115
2103
2057
1990
1929
1894
1860
1872
1911
1948
1942
1938
1948
1968
2011
2053
2559
2470
2360
2222
2089
1972
1836
1748
1669
1624
1614
1632
1678
1748
1833
1920
2034
2142
2238
2332
2405
2472
2492
2506
2497
2445
2384
2307
2221
2120
2032
1936
1851
1792
1744
1728
1751
1773
1817
1889
1981
2085
2182
2288
2371
2456
2503
2550
2563
2544
2516
2442
2369
2257
2142
2016
1888
1783
1682
1597
1553
1520
1531
1567
1627
1726
1828
1950
2086
2214
2331
2456
2528
2588
2628
2636
2601
2563
2492
2395
2283
2168
2014
1913
1808
1708
1649
1603
1578
1604
1625
1674
1752
1849
1933
2020
2100
2161
2222
2259
2302
2332
2334
2338
2341
2326
2286
2242
2214
2162
2120
2082
2040
2016
1990
1986
1986
1994
2016
2030
2058
2081
2098
2108
2118
2112
2113
2106
2087
2089
2107
2120
2129
2122
2142
2138
2120
2082
2040
1978
1898
1826
1791
1764
1800
1849
1936
2052
2161
2248
2323
2353
2377
2380
2382
2377
2352
2323
2288
2244
2189
2154
2105
2084
2091
2130
2188
2281
2368
2456
2512
2536
2503
2430
2318
2186
2049
1914
1816
1739
1712
1707
1725
1790
1846
1915
1964
2020
2080
2139
2223
2300
2367
2419
2449
2462
2431
2404
2351
2292
2246
2181
2117
2047
1977
1927
1890
1860
1848
1830
1810
1756
1696
1629
1579
1557
1568
1634
1752
1903
2077
2240
2394
2536
2665
2776
2874
2959
3025
3034
2987
2873
2707
2492
2257
2011
1787
1591
1464
1367
1306
1286
1295
1314
1347
1402
1468
1559
1682
1829
1971
2114
2232
2322
2364
2376
2418
2526
2614
2686
2704
2660
2596
2471
2321
2136
1960
1797
1624
1538
1455
1415
1423
1485
1570
1686
1828
1968
2122
2259
2372
2455
2518
2555
2569
2564
2525
2475
2421
2360
2258
2178
2071
2004
1887
1819
1766
1730
1720
1729
1765
1818
1900
1982
2066
2158
2239
2322
2402
2462
2522
2564
2606
2636
2602
2549
2486
2372
2237
2104
1905
1728
1572
1436
1320
1265
1257
1274
1343
1461
1618
1780
1954
2155
2342
2525
2669
2800
2888
2944
2974
2917
2813
2660
2472
2247
2048
1797
1593
1428
1306
1236
1206
1225
1317
1446
1584
1750
1928
2104
2266
2408
2536
2650
2737
2797
2809
2804
2746
2664
2536
2412
2240
2083
1945
1835
1740
1710
1700
1733
1788
1870
1956
2076
1821
1719
1630
1563
1525
1538
1617
1775
1970
2204
2458
2698
2897
3047
3108
3097
2986
2809
2553
2276
1983
1752
1567
1460
1427
1466
1553
1699
1842
1947
2026
2060
2038
1958
1853
1754
1669
1616
1615
1692
1823
2004
2228
2434
2627
2765
2824
2790
2667
2477
2251
2015
1812
1667
1602
1613
1704
1849
2022
2194
2328
2421
2440
2403
2305
2194
2054
1952
1898
1890
1954
2071
2179
2288
2358
2381
2329
2220
2072
1899
1748
1643
1607
1653
1778
1948
2186
2427
2672
2888
3030
3096
3056
2937
2742
2470
2176
1866
1562
1313
1130
1016
992
1033
1153
1292
1451
1620
1763
1904
2003
2102
2212
2328
2454
2580
2712
2833
2928
2983
3005
2973
2903
2776
2622
2454
2251
2034
2253
2178
2091
2016
1932
1853
1770
1702
1650
1621
1627
1657
1704
1773
1842
1927
2002
2102
2182
2290
2388
2501
2613
2720
2808
2849
2856
2830
2742
2629
2487
2344
2196
2068
1927
1804
1680
1569
1464
1339
1244
1150
1087
1073
1117
1205
1352
1547
1746
1984
2202
2386
2544
2670
2766
2856
2904
2959
3004
3057
3093
3103
3079
2992
2869
2673
2447
2183
1892
1625
1380
1160
1000
901
877
892
958
1043
1160
1278
1407
1566
1736
1924
2127
2356
2585
2816
3030
3223
3356
3420
3424
3329
3175
2951
2686
2424
2164
1912
1712
1571
1468
1426
1432
1451
1504
1583
1661
1740
1819
1918
2008
2078
2166
2232
2300
2342
2357
2336
2273
2200
2079
1946
1823
1676
1589
1553
1746
2066
2393
2670
2863
2936
2883
2694
2402
2019
1623
1236
923
722
657
748
991
1352
1787
2249
2694
3078
3356
3514
3544
3462
3285
3057
2815
2592
2397
2252
2139
2048
1954
1858
1733
1597
1463
1331
1222
1162
1158
1235
1401
1651
1958
2296
2611
2871
3034
3080
2984
2771
2436
2042
1626
1240
959
827
848
1041
1363
1782
2238
2674
3052
3341
3528
3606
3580
3475
3295
3064
2789
2471
2137
1774
1415
1072
757
463
218
45
4
18
235
613
1143
1769
2434
3075
3610
3991
4095
4095
4021
3696
3269
2796
2326
1901
1556
1336
1237
1262
1373
1566
1796
2022
2211
2346
2404
2392
2323
2200
2032
1856
1671
1486
1336
1214
1146
1139
1206
1344
1551
1829
2378
2479
2553
2561
2518
2460
2377
2289
2190
2063
1916
1746
1563
1378
1221
1123
1040
989
998
1051
1148
1332
1574
1862
2193
2543
2860
3166
3407
3584
3696
3728
3683
3534
3295
2996
2632
2243
1869
1521
1226
993
854
794
809
904
1075
1294
1573
1896
2229
2562
2837
3048
3163
3171
3079
2910
2650
2334
2018
1734
1481
1284
1155
1079
1060
1077
1144
1216
1324
1476
1664
1888
2150
2405
2652
2842
2938
2974
2947
2845
2706
2565
2450
2344
2231
2159
2074
1988
1923
1846
1818
1809
1841
1888
1966
2063
2161
2242
2300
2336
2335
2276
2174
2033
1875
1714
1573
1479
1488
1545
1679
1886
2098
2306
2480
2584
2630
2621
2558
2487
2419
2374
2345
2322
2333
2346
1367
1135
920
788
696
712
812
996
1240
1579
1956
2370
2766
3116
3385
3558
3634
3618
3487
3278
3012
2682
2323
1949
1581
1250
985
747
633
592
663
802
1044
1340
1688
2039
2356
2612
2805
2903
2890
2777
2597
2346
2081
1836
1673
1573
1591
1709
1948
2256
2609
2938
3241
3446
3535
3487
3281
2944
2532
2073
1584
1129
777
496
356
375
543
808
1177
1587
1969
2323
2594
2756
2807
2789
2716
2598
2506
2459
2507
2646
2812
3043
3308
3520
3680
3733
3640
3374
2948
2395
1744
1070
460
2
1
4
2
2
265
825
1429
2031
2571
3004
3311
3510
3570
3510
3363
3164
2924
2670
2415
2200
2019
1912
1858
1862
1897
1946
1976
1970
1908
1820
2117
1837
1528
1242
1002
840
792
838
962
1139
1331
1526
1720
1881
2082
2281
2512
2751
2947
3080
3130
3093
2978
2826
2648
2476
2343
2236
2130
2040
1915
1762
1578
1374
1210
1086
1021
1045
1154
1342
1592
1853
2126
2371
2567
2756
2878
2991
3083
3171
3212
3229
3185
3110
2990
2826
2633
2405
2178
1939
1712
1453
1251
1046
885
789
733
743
828
993
1226
1535
1854
2208
2555
2871
3122
3333
3476
3573
3632
3646
3630
3549
3425
3256
3027
2795
2535
2305
2100
1913
1722
1528
1330
1127
898
712
551
447
436
501
607
742
876
997
1104
1192
1291
1406
1560
1726
1906
2072
2212
2295
2336
2370
2400
2469
2593
2762
2980
3206
3410
3566
3643
3644
