2097
2100
2089
2078
2087
2109
2082
2079
2089
2091
2090
2089
2096
2091
2094
2104
2090
2088
2090
2107
2100
2108
2116
2114
2119
2119
2114
2111
2099
2114
2123
2112
2122
2115
2117
2103
2103
2103
2112
2120
2112
2132
2126
2106
2092
2118
2139
2142
2134
2134
2121
2126
2125
2135
2130
2132
2120
2132
2133
2127
2144
2116
2143
2138
2128
2137
2130
2126
2141
2145
2133
2146
2145
2155
2138
2133
2144
2122
2130
2117
2137
2132
2135
2134
2122
2123
2134
2124
2142
2140
2121
2130
2108
2130
2154
2140
2133
2132
2133
2123
2137
2127
2118
2124
2124
2137
2129
2119
2115
2107
2109
2103
2120
2134
2111
2109
2109
2104
2108
2104
2114
2117
2108
2086
2082
2096
2105
2112
2198
2179
2180
2172
2173
2167
2140
2143
2132
2145
2140
2147
2131
2132
2139
2144
2134
2117
2133
2120
2104
2098
2079
2044
2032
2038
2023
2016
2000
1987
1964
1956
1972
1967
1974
1954
1969
1960
1957
1958
1964
1967
1968
1999
2006
2002
2014
2013
2034
2037
2041
2038
2038
2052
2046
2031
2040
2057
2069
2077
2080
2076
2087
2117
2133
2137
2160
2175
2184
2182
2184
2187
2180
2221
2200
2211
2219
2205
2180
2184
2182
2188
2150
2145
2162
2153
2151
2137
2129
2140
2129
2126
2125
2142
2110
2115
2113
2116
2133
2116
2126
2128
2129
2112
2139
2116
2135
2126
2127
2126
2139
2132
2119
2116
2107
2109
2096
2116
2104
2081
2065
2079
2094
2072
2069
2056
2078
2077
2236
2232
2226
2200
2194
2194
2188
2179
2183
2184
2198
2208
2207
2204
2216
2205
2201
2214
2202
2198
2147
2113
2069
2045
2033
2026
2004
2017
2026
2070
2100
2130
2160
2178
2200
2189
2140
2124
2114
2060
2022
2014
1979
1951
1938
1952
1933
1948
1978
2001
2043
2089
2104
2128
2141
2146
2126
2124
2109
2087
2048
2030
2047
2060
2099
2113
2155
2194
2222
2258
2289
2310
2309
2324
2328
2328
2305
2267
2247
2217
2189
2158
2138
2106
2101
2085
2074
2071
2072
2080
2074
2051
2028
2006
1966
1917
1882
1859
1854
1850
1865
1884
1872
1886
1894
1908
1905
1908
1926
1955
1965
1999
2040
2110
2163
2207
2250
2260
2269
2259
2234
2207
2209
2200
2195
2215
2237
2261
1779
1741
1709
1706
1712
1745
1776
1801
1856
1921
1968
2022
2065
2130
2179
2230
2240
2261
2263
2273
2282
2274
2268
2233
2217
2221
2204
2199
2173
2144
2106
2068
2034
2007
1990
1942
1907
1898
1891
1883
1896
1937
1974
2036
2088
2152
2217
2278
2312
2344
2348
2317
2280
2250
2222
2164
2099
2053
2021
1990
1944
1929
1936
1937
1942
1950
1973
1999
2020
2063
2102
2128
2145
2141
2164
2190
2168
2194
2187
2181
2185
2161
2127
2144
2130
2132
2132
2131
2123
2127
2113
2104
2128
2131
2094
2095
2084
2037
2002
1936
1871
1797
1723
1672
1636
1632
1667
1710
1790
1866
1957
2056
2149
2241
2302
2353
2397
2421
2452
2454
2469
2432
2406
2375
2317
2250
2178
2127
2194
2138
2096
2064
2069
2041
1991
1927
1897
1863
1885
1869
1875
1874
1872
1863
1900
1922
1976
2031
2096
2149
2213
2264
2310
2342
2379
2387
2380
2332
2315
2281
2237
2182
2159
2100
2065
2027
1973
1956
1969
1972
1971
1960
1953
1924
1888
1881
1892
1899
1912
1975
2004
2027
2030
2023
2078
2127
2165
2192
2216
2244
2272
2286
2329
2349
2404
2410
2394
2362
2277
2216
2128
2040
1960
1899
1855
1782
1757
1722
1704
1716
1726
1800
1859
1948
2066
2189
2276
2352
2371
2381
2347
2305
2259
2250
2273
2281
2286
2260
2228
2172
2098
2040
2016
2027
2061
2080
2088
2084
2077
2025
1968
1928
1876
1861
1850
1862
1906
1932
1986
2025
2031
2043
2051
2036
2015
2002
2068
1990
1916
1869
1828
1773
1756
1762
1751
1792
1819
1843
1894
1903
1949
1985
2035
2088
2138
2182
2233
2278
2318
2351
2362
2332
2296
2276
2231
2184
2129
2074
1986
1932
1905
1895
1908
1945
1970
1991
2055
2084
2127
2154
2168
2154
2124
2118
2082
2038
2010
1993
1963
2002
2020
2070
2109
2171
2246
2254
2262
2268
2247
2188
2145
2082
2033
1969
1942
1925
1930
1954
1969
1988
1997
2016
2028
2047
2061
2124
2170
2208
2271
2335
2390
2449
2451
2437
2386
2340
2228
2111
2011
1894
1821
1769
1749
1781
1817
1884
1981
2075
2152
2228
2277
2297
2322
2322
2318
2317
2300
2284
2261
2203
2144
2088
2043
2024
1982
1980
1992
2019
2021
2061
2090
2105
2115
2108
1932
1907
1867
1918
1954
2016
2067
2072
2062
2050
2046
2066
2103
2160
2204
2281
2269
2285
2279
2288
2292
2288
2280
2273
2258
2233
2186
2163
2083
2047
2043
2005
1991
2003
1992
1987
1934
1913
1916
1931
1987
2034
2084
2151
2188
2216
2255
2276
2292
2329
2358
2346
2305
2252
2208
2156
2118
2088
2049
2017
1998
2008
2024
2000
1987
1958
1931
1944
1944
1969
1981
2010
2016
1991
1967
1953
1952
1948
1933
1934
1982
2010
2069
2138
2185
2180
2162
2145
2123
2165
2231
2277
2324
2298
2232
2150
2085
2052
2052
2078
2077
2068
2076
2078
2124
2145
2150
2133
2033
1932
1898
1911
1942
1990
2015
1968
1913
1885
1902
1940
2022
2110
2192
2302
2360
2422
2474
2494
1521
1546
1592
1652
1715
1798
1912
2055
2192
2356
2509
2628
2718
2765
2781
2728
2651
2514
2342
2192
2035
1882
1760
1709
1686
1717
1760
1837
1919
1997
2090
2135
2201
2256
2275
2277
2282
2265
2251
2227
2206
2152
2092
2033
1978
1923
1890
1898
1898
1935
1971
2044
2096
2138
2164
2150
2128
2123
2103
2063
2053
2069
2057
2056
2090
2116
2125
2122
2132
2121
2123
2107
2110
2118
2126
2137
2129
2097
2064
2012
1967
1912
1878
1848
1830
1852
1885
1937
2018
2079
2167
2259
2337
2407
2463
2466
2430
2397
2345
2252
2172
2106
2037
2001
1974
1966
1965
1984
2005
1993
2001
1995
2004
2015
2000
2048
2101
2116
2170
2210
2241
2252
2251
2228
2180
2164
2112
2062
2285
2246
2204
2203
2200
2186
2146
2094
2048
1929
1828
1692
1620
1577
1576
1634
1690
1775
1859
1953
2053
2179
2320
2475
2617
2756
2846
2870
2875
2817
2734
2658
2598
2499
2392
2284
2172
2042
1888
1758
1633
1526
1474
1408
1359
1350
1357
1416
1506
1665
1844
2068
2271
2456
2587
2651
2661
2643
2593
2510
2435
2354
2272
2188
2085
1993
1920
1797
1765
1730
1731
1769
1799
1888
1973
2077
2167
2289
2407
2469
2505
2502
2448
2355
2244
2157
2067
2004
1916
1837
1768
1720
1661
1637
1647
1666
1699
1728
1735
1759
1814
1890
1966
2089
2189
2285
2365
2433
2424
2412
2421
2434
2447
2460
2454
2457
2429
2353
2285
2234
2189
2175
2215
2248
2273
2312
2303
2265
2506
2394
2266
2130
2035
1965
1878
1877
1891
1936
2016
2068
2173
2232
2299
2359
2421
2433
2429
2406
2345
2245
2088
1922
1756
1633
1522
1439
1403
1449
1547
1661
1806
1974
2155
2330
2452
2516
2544
2519
2456
2347
2228
2114
2001
1920
1847
1805
1765
1731
1729
1701
1708
1692
1700
1717
1765
1830
1895
2005
2123
2200
2280
2355
2427
2460
2501
2486
2473
2446
2433
2358
2256
2149
2008
1917
1799
1684
1594
1584
1575
1634
1750
1898
2064
2245
2391
2499
2565
2558
2521
2471
2419
2320
2233
2192
2147
2120
2118
2128
2106
2146
2182
2200
2218
2240
2256
2252
2187
2160
2064
1961
1848
1728
1611
1530
1450
1485
1574
1737
1961
2208
2480
2739
2957
3108
3161
3147
2752
2751
2736
2688
2672
2632
2601
2509
2437
2370
2308
2220
2128
2056
1970
1876
1808
1765
1721
1687
1696
1714
1718
1757
1759
1733
1696
1639
1581
1540
1496
1488
1495
1534
1560
1604
1627
1663
1700
1738
1786
1823
1891
1967
2026
2082
2147
2195
2250
2280
2331
2372
2414
2440
2484
2530
2602
2651
2674
2687
2680
2680
2668
2676
2717
2700
2699
2699
2647
2573
2480
2413
2320
2242
2196
2141
2098
2057
1970
1869
1765
1623
1497
1397
1293
1248
1238
1239
1328
1396
1466
1568
1666
1720
1742
1776
1807
1845
1880
1928
1976
2012
2044
2043
2071
2086
2079
2066
2083
2149
2244
2339
2437
2581
2696
2832
2945
3037
3104
3158
3173
3188
3179
3111
3015
2882
2752
2531
2957
2875
2760
2608
2409
2220
1962
1745
1519
1293
1089
951
882
921
1062
1329
1671
2051
2428
2770
3031
3189
3165
3072
2878
2652
2386
2112
1898
1745
1693
1694
1752
1824
1893
1962
2054
2128
2150
2163
2179
2158
2170
2170
2116
2070
1992
1901
1775
1641
1574
1508
1513
1577
1701
1840
1991
2104
2126
2125
2057
1961
1849
1779
1731
1795
1898
2061
2239
2427
2619
2779
2901
2959
2965
2893
2730
2557
2336
2077
1820
1603
1416
1299
1285
1333
1443
1570
1734
1880
1980
2093
2153
2135
2064
1971
1868
1764
1720
1747
1873
2034
2248
2496
2750
2967
3143
3214
3237
3209
3116
2970
2784
2586
2391
2181
1969
1786
1632
1498
1423
1403
1401
1419
1458
1508
1548
1603
2324
2154
1970
1829
1699
1617
1567
1535
1537
1535
1585
1654
1742
1809
1918
1982
2055
2092
2120
2098
1996
1903
1784
1639
1482
1392
1360
1403
1488
1663
1858
2107
2366
2585
2771
2907
3005
3028
3031
2968
2874
2771
2632
2479
2295
2094
1942
1815
1739
1658
1636
1665
1718
1782
1834
1917
2004
2058
2125
2165
2232
2251
2321
2362
2376
2360
2308
2168
1994
1818
1612
1418
1267
1188
1190
1235
1379
1585
1774
1992
2198
2349
2497
2617
2737
2868
2946
3070
3146
3203
3205
3119
2909
2671
2357
2006
1675
1408
1204
1094
1074
1144
1241
1411
1603
1756
1896
2039
2179
2306
2457
2609
2754
2839
2868
2836
2674
2456
2174
1849
1527
1297
1149
1123
1193
1345
1583
1819
600
619
708
888
1141
1440
1758
2056
2284
2508
2691
2801
2858
2842
2767
2614
2399
2186
1975
1824
1708
1632
1637
1717
1832
2008
2162
2338
2448
2548
2606
2620
2596
2520
2449
2322
2168
1949
1672
1411
1074
782
551
413
417
546
782
1152
1579
2060
2552
3038
3448
3770
3957
4004
3951
3736
3460
3048
2621
2179
1723
1353
1012
745
569
475
481
625
859
1177
1581
2025
2463
2874
3210
3467
3581
3620
3519
3321
3009
2632
2256
1872
1577
1349
1216
1195
1272
1419
1625
1886
2163
2449
2728
3004
3213
3378
3480
3537
3471
3326
3069
2691
2289
1816
1323
844
438
112
1
2
1
118
449
846
1286
1702
2108
2443
2671
2807
2858
2821
2780
2740
4095
4095
3783
3223
2573
1900
1245
642
146
1
0
0
0
20
355
792
1297
1807
2337
2860
3330
3720
4044
4095
4095
4095
4095
4064
3651
3070
2461
1791
1143
553
62
1
0
1
0
76
512
1028
1540
2061
2559
3020
3396
3725
3966
4095
4095
4095
3978
3657
3204
2616
1975
1297
667
119
2
1
1
1
0
323
885
1499
2108
2680
3211
3658
4084
4095
4095
4095
4095
4095
4095
4078
3472
2708
1860
982
180
2
1
0
1
0
0
2
0
199
873
1621
2318
3030
3720
4095
4095
4095
4095
4095
4095
4095
4095
3760
2934
2034
1162
378
0
1
1
1
0
0
0
13
502
1132
1802
2481
3090
3676
4095
4095
