2120
2100
2090
2103
2095
2080
2083
2072
2089
2094
2101
2105
2088
2081
2093
2112
2104
2096
2105
2092
2095
2106
2094
2095
2104
2092
2068
2082
2084
2088
2096
2080
2092
2073
2085
2079
2088
2106
2094
2102
2073
2085
2086
2095
2087
2104
2108
2095
2104
2090
2104
2080
2101
2099
2079
2077
2115
2091
2091
2099
2113
2088
2086
2088
2100
2089
2064
2115
2099
2088
2076
2089
2071
2079
2074
2102
2106
2098
2063
2096
2104
2097
2095
2099
2114
2077
2073
2093
2076
2071
2099
2076
2085
2084
2083
2091
2082
2105
2087
2099
2106
2092
2096
2096
2086
2100
2098
2090
2095
2094
2111
2097
2100
2083
2099
2092
2096
2090
2099
2090
2084
2103
2086
2089
2093
2077
2074
2084
2078
2091
2086
2083
2114
2102
2095
2110
2106
2093
2062
2077
2091
2101
2100
2087
2095
2069
2083
2091
2098
2095
2097
2100
2095
2085
2109
2080
2104
2105
2097
2096
2108
2101
2098
2114
2088
2095
2078
2085
2100
2109
2095
2112
2101
2100
2103
2090
2088
2087
2084
2083
2112
2111
2078
2075
2068
2097
2105
2115
2096
2083
2106
2083
2100
2095
2092
2076
2087
2093
2094
2096
2096
2092
2095
2094
2090
2104
2104
2103
2116
2082
2078
2087
2087
2095
2098
2095
2073
2080
2082
2096
2088
2096
2098
2097
2089
2080
2080
2095
2106
2102
2101
2101
2100
2082
2090
2095
2103
2090
2120
2108
2122
2110
2104
2093
2098
2096
2096
2097
2111
2111
2112
2116
2092
2109
2089
2089
2062
2077
2069
2068
2056
2051
2071
2071
2070
2072
2072
2053
2067
2071
2053
2067
2053
2101
2077
2074
2096
2081
2059
2072
2068
2057
2074
2077
2073
2066
2100
2089
2064
2096
2080
2074
2082
2081
2109
2082
2078
2079
2089
2093
2102
2119
2088
2115
2107
2087
2076
2091
2089
2088
2104
2085
2094
2103
2131
2135
2120
2108
2115
2114
2120
2137
2112
2125
2119
2122
2114
2123
2118
2141
2136
2126
2111
2128
2130
2129
2134
2134
2155
2148
2134
2146
2124
2123
2149
2132
2149
2143
2133
2131
2120
2119
2117
2127
2104
2130
2135
2133
2132
2125
2141
2136
2137
2134
2143
2134
2132
2119
2121
2127
2120
2121
2113
2108
2085
2095
2100
2103
2094
2102
2095
2115
2106
2111
2196
2192
2173
2160
2176
2170
2172
2184
2188
2223
2230
2235
2222
2237
2276
2286
2284
2268
2260
2256
2236
2225
2216
2204
2177
2169
2130
2119
2098
2077
2031
2013
2023
2000
2019
2001
1987
1973
1960
1964
1960
1956
1969
1962
1953
1967
1990
1971
2004
1995
2018
2010
2009
2021
2019
2047
2064
2063
2050
2043
2037
2034
2047
2029
2033
2039
2028
2028
2020
2032
2009
2026
2029
2030
2012
2033
2045
2068
2092
2113
2105
2117
2133
2156
2143
2170
2171
2170
2183
2177
2199
2180
2178
2168
2171
2159
2149
2144
2134
2116
2112
2097
2102
2102
2110
2128
2126
2135
2169
2166
2161
2166
2196
2180
2196
2181
2169
2145
2124
2110
2093
2090
2051
2040
2021
1996
1976
1976
2356
2353
2342
2324
2311
2301
2292
2289
2269
2251
2232
2212
2187
2158
2118
2091
2068
2042
2013
1996
1977
1968
1980
1994
1991
2005
2014
2029
2061
2071
2080
2102
2128
2128
2123
2111
2102
2099
2083
2090
2066
2074
2084
2082
2096
2108
2082
2127
2156
2159
2165
2187
2196
2204
2195
2198
2182
2165
2135
2096
2080
2035
1999
1984
1944
1934
1926
1942
1939
1951
1955
1977
2003
2000
2007
2004
2001
2015
2029
2007
2017
1994
1992
2005
2038
2041
2061
2089
2089
2134
2152
2179
2211
2241
2247
2264
2266
2267
2253
2261
2228
2213
2174
2168
2156
2115
2086
2073
2053
2032
2024
2009
1989
2000
1981
2004
1989
1991
2000
1994
2006
1995
2011
1998
1985
2007
1981
1988
2227
2215
2194
2197
2168
2144
2136
2134
2116
2115
2126
2103
2104
2118
2112
2132
2147
2150
2139
2111
2092
2078
2083
2074
2057
2019
1988
1954
1903
1894
1874
1834
1813
1806
1834
1833
1848
1894
1932
1969
2047
2095
2151
2231
2296
2339
2354
2391
2404
2416
2374
2327
2269
2244
2193
2131
2057
2023
1968
1927
1886
1856
1845
1873
1889
1910
1927
1965
2016
2114
2169
2251
2302
2370
2428
2466
2487
2510
2488
2430
2393
2322
2239
2157
2063
1979
1905
1845
1782
1747
1706
1701
1712
1726
1775
1843
1900
1963
2019
2090
2169
2236
2295
2329
2369
2400
2409
2391
2382
2335
2276
2240
2181
2115
2042
1989
1931
1903
1861
1848
1833
1843
1886
1897
1951
1981
2040
2078
2036
2020
1958
1921
1876
1883
1893
1919
1984
2027
2078
2084
2080
2083
2068
2052
2071
2088
2137
2202
2214
2243
2239
2270
2251
2240
2259
2245
2299
2316
2324
2305
2220
2113
1990
1876
1791
1714
1639
1617
1608
1603
1609
1617
1644
1678
1754
1860
1999
2133
2257
2331
2418
2441
2455
2482
2456
2446
2447
2413
2379
2293
2229
2168
2126
2072
2051
2039
2004
1987
1946
1898
1864
1829
1814
1796
1780
1786
1783
1817
1840
1912
1958
2031
2101
2190
2269
2358
2442
2513
2584
2601
2599
2586
2535
2487
2420
2328
2200
2070
1951
1853
1757
1676
1606
1578
1548
1539
1573
1643
1702
1772
1888
2039
2145
2248
2368
2438
2461
2452
2406
2366
2364
2371
2381
2364
2305
2232
2036
2030
2012
2011
2020
2000
2013
2015
2021
2034
2085
2104
2127
2127
2146
2180
2175
2178
2176
2189
2174
2152
2148
2113
2114
2107
2080
2100
2087
2078
2065
2085
2120
2115
2143
2152
2146
2141
2155
2146
2152
2141
2145
2115
2091
2070
2049
2040
2030
2013
1976
1966
1961
1964
1996
2018
2035
2064
2074
2112
2161
2166
2183
2222
2269
2268
2257
2266
2262
2268
2253
2233
2209
2182
2147
2115
2068
2047
1989
1946
1908
1874
1872
1857
1824
1852
1874
1902
1945
1986
2018
2035
2093
2138
2160
2183
2206
2214
2200
2216
2212
2183
2186
2175
2144
2119
2077
2061
2049
2039
2050
2032
2056
2079
2106
2138
2205
2215
2237
2262
2272
2263
2263
2240
2207
2138
2071
2007
2159
2115
2121
2125
2119
2140
2197
2257
2282
2320
2329
2297
2261
2205
2131
2053
2008
1978
1975
1992
2030
2057
2030
1999
1968
1921
1873
1810
1816
1807
1850
1914
1988
2091
2175
2253
2304
2366
2401
2425
2402
2375
2355
2276
2192
2135
2093
2064
2067
2101
2161
2210
2286
2312
2317
2278
2222
2144
2020
1929
1820
1721
1624
1573
1546
1509
1537
1593
1731
1880
2065
2269
2438
2618
2725
2747
2727
2684
2556
2432
2313
2186
2060
1992
1909
1854
1829
1769
1722
1711
1717
1725
1759
1785
1810
1866
1864
1898
1945
2009
2044
2090
2117
2150
2205
2226
2258
2256
2231
2223
2199
2130
2064
1986
1918
1893
1895
1931
1986
2097
2177
2241
2289
2316
2328
2298
2232
2143
1697
1711
1737
1761
1816
1898
2018
2123
2210
2287
2354
2409
2414
2416
2390
2387
2355
2329
2284
2213
2138
2115
2069
1995
1965
1925
1922
1936
1921
1986
2015
2074
2183
2262
2329
2415
2383
2370
2290
2213
2115
2036
1923
1827
1758
1715
1679
1645
1659
1633
1652
1671
1734
1806
1900
2012
2135
2246
2396
2518
2627
2714
2742
2752
2715
2645
2533
2409
2267
2143
2032
1926
1869
1804
1772
1756
1748
1738
1721
1746
1766
1799
1836
1918
1992
2091
2184
2272
2342
2399
2471
2527
2523
2520
2523
2499
2408
2310
2179
2054
1926
1819
1738
1671
1655
1658
1689
1734
1826
1920
2008
2146
2246
2340
2433
2509
2572
2595
2607
2589
2523
2451
2350
2211
2092
1920
1763
1627
2427
2472
2504
2495
2425
2324
2204
2080
1950
1842
1756
1695
1671
1683
1735
1804
1910
2021
2144
2256
2332
2413
2452
2469
2458
2415
2367
2293
2220
2182
2127
2074
2041
2029
2035
2058
2070
2075
2069
2032
2004
1943
1889
1842
1786
1788
1788
1794
1872
1971
2115
2250
2393
2542
2643
2738
2775
2732
2656
2537
2340
2155
1934
1718
1555
1407
1333
1317
1318
1399
1544
1701
1889
2050
2204
2354
2441
2498
2544
2552
2502
2460
2417
2362
2321
2286
2253
2282
2296
2324
2317
2263
2214
2130
2027
1923
1824
1723
1652
1601
1567
1578
1620
1720
1818
1932
2048
2177
2295
2355
2424
2464
2488
2479
2441
2410
2360
2296
2234
2192
2144
2093
2055
2038
1990
1963
1887
1820
2251
2184
2136
2083
2021
1948
1867
1806
1717
1632
1544
1502
1486
1572
1673
1824
1926
2039
2082
2099
2044
1988
1966
1975
2008
2073
2165
2246
2298
2316
2320
2288
2286
2318
2333
2361
2398
2434
2431
2445
2422
2382
2333
2264
2213
2135
2038
1948
1845
1781
1757
1766
1789
1849
1904
1918
1936
1911
1864
1849
1834
1846
1873
1923
1994
2061
2161
2259
2332
2389
2420
2424
2401
2398
2386
2378
2414
2423
2397
2391
2351
2320
2275
2231
2181
2111
2050
1950
1840
1749
1664
1656
1668
1718
1806
1884
1922
1924
1899
1878
1821
1767
1762
1767
1779
1799
1830
1889
1929
1986
2038
2093
2126
2142
2175
2200
2215
2242
2293
2330
2370
2417
2431
2445
2444
2508
2532
2591
2149
2006
1922
1812
1729
1610
1554
1522
1500
1552
1601
1664
1780
1891
2005
2144
2241
2380
2470
2534
2595
2608
2598
2565
2494
2391
2288
2173
2066
1956
1836
1708
1616
1551
1523
1501
1496
1547
1620
1709
1836
1978
2141
2328
2490
2641
2796
2930
3011
3019
3007
2964
2854
2709
2508
2298
2082
1882
1656
1443
1302
1181
1075
1035
1028
1078
1173
1291
1471
1682
1913
2107
2338
2534
2690
2847
2922
2980
2970
2922
2830
2702
2540
2394
2233
2098
1944
1858
1759
1682
1667
1641
1651
1699
1764
1832
1896
1968
2021
2051
2105
2139
2169
2153
2140
2127
2088
2053
2026
2026
1991
1993
1996
2029
2081
2145
2210
2269
2323
2405
2441
2478
2496
2484
2459
2406
2365
2267
1674
1666
1689
1764
1817
1865
1918
1932
1987
2000
2013
2018
2068
2147
2194
2277
2328
2353
2312
2259
2197
2149
2120
2112
2168
2205
2261
2238
2200
2147
2059
1955
1902
1912
1946
2023
2122
2217
2283
2329
2352
2332
2307
2292
2304
2325
2335
2352
2359
2322
2221
2124
1997
1905
1826
1786
1781
1789
1816
1807
1766
1708
1671
1649
1653
1720
1865
2017
2165
2267
2325
2330
2292
2238
2218
2241
2283
2358
2421
2450
2444
2380
2318
2196
2098
2024
2008
1988
2008
1990
1921
1830
1751
1647
1550
1529
1593
1683
1803
1927
2025
2103
2138
2166
2159
2105
2068
2030
1966
1947
1905
1894
1905
1946
1960
2010
2049
2086
2092
2130
2096
2128
2102
2148
2208
2294
2407
2556
2098
1797
1478
1247
1071
906
864
900
995
1193
1442
1710
2032
2357
2616
2888
3093
3220
3269
3239
3138
2978
2724
2433
2080
1765
1430
1125
881
704
592
562
641
819
1044
1387
1783
2197
2568
2944
3252
3494
3637
3710
3672
3559
3338
3008
2643
2225
1807
1433
1096
796
615
489
488
598
788
1049
1371
1742
2117
2488
2825
3135
3348
3516
3589
3558
3483
3272
2989
2681
2334
1964
1615
1311
1041
884
789
798
880
1077
1288
1568
1820
2162
2413
2673
2882
3061
3168
3208
3187
3116
2948
2770
2569
2318
2127
1897
1704
1572
1451
1392
1360
1374
1410
1468
1574
1681
1774
1877
1959
2060
2144
2204
2288
2348
2364
2413
2448
2473
2507
2537
2537
2561
