2089
2104
2093
2110
2089
2089
2080
2087
2079
2091
2093
2104
2093
2098
2095
2093
2102
2088
2087
2079
2086
2075
2092
2084
2117
2096
2087
2103
2092
2078
2117
2104
2090
2072
2086
2073
2093
2084
2101
2101
2083
2099
2082
2075
2070
2062
2080
2084
2088
2095
2091
2100
2078
2104
2086
2087
2081
2105
2092
2102
2104
2100
2102
2126
2088
2112
2096
2091
2089
2096
2091
2113
2123
2106
2111
2106
2100
2089
2102
2094
2086
2080
2099
2066
2074
2087
2102
2079
2067
2096
2100
2076
2109
2114
2119
2075
2100
2106
2103
2085
2105
2113
2098
2097
2113
2104
2105
2078
2105
2115
2057
2068
2093
2079
2085
2102
2099
2099
2108
2090
2099
2082
2096
2113
2085
2076
2096
2090
2079
2083
2076
2088
2081
2096
2096
2074
2077
2077
2082
2079
2097
2099
2098
2087
2107
2098
2094
2106
2103
2088
2078
2089
2100
2120
2091
2099
2097
2084
2076
2085
2094
2083
2107
2102
2096
2092
2082
2101
2100
2121
2105
2092
2091
2090
2106
2101
2115
2119
2115
2091
2096
2111
2128
2104
2101
2120
2111
2099
2106
2118
2114
2117
2103
2102
2099
2105
2094
2110
2116
2129
2112
2104
2088
2083
2085
2104
2091
2095
2101
2109
2088
2090
2092
2104
2089
2090
2090
2096
2110
2096
2093
2112
2106
2092
2101
2109
2091
2077
2083
2071
2078
2086
2086
2082
2098
2111
2097
2087
2071
2047
2079
2058
2055
2042
2064
2056
2058
2053
2066
2086
2078
2070
2064
2106
2110
2094
2080
2085
2105
2110
2109
2118
2139
2124
2126
2126
2157
2160
2152
2141
2124
2130
2144
2144
2148
2135
2136
2133
2144
2158
2168
2176
2155
2161
2172
2179
2184
2152
2167
2166
2160
2160
2156
2172
2135
2140
2158
2150
2135
2147
2125
2155
2164
2144
2168
2178
2161
2143
2156
2174
2168
2159
2138
2116
2109
2112
2112
2102
2100
2096
2079
2067
2056
2032
2014
1990
1977
1952
1917
1930
1904
1886
1870
1858
1869
1849
1884
1891
1917
1924
1927
1936
1943
1945
1970
1984
2010
2016
2018
2040
2058
2064
2073
2072
2090
2111
2081
2135
2132
2171
2196
2176
2205
2215
2230
2237
2253
2239
2238
2223
2236
2231
2216
2194
2180
2169
2144
2157
2120
2119
2104
2121
2114
2132
1897
1929
1986
2046
2093
2121
2162
2199
2214
2265
2274
2278
2293
2307
2316
2312
2298
2287
2262
2255
2226
2212
2193
2188
2168
2144
2125
2099
2081
2059
2021
2000
1986
1969
1972
1990
1974
1964
1943
1959
1954
1939
1939
1960
1976
1993
2026
2065
2093
2156
2193
2221
2243
2254
2256
2245
2257
2262
2226
2209
2190
2185
2181
2146
2150
2120
2091
2108
2096
2099
2086
2071
2071
2060
2016
2017
1972
1962
1945
1950
1945
1961
1980
2004
2045
2079
2096
2144
2159
2169
2158
2190
2196
2182
2189
2185
2164
2144
2110
2103
2073
2059
2059
2039
2031
2066
2060
2060
2066
2072
2059
2053
2052
2031
2024
2043
2048
2053
2065
2122
2129
2134
2174
2156
2160
2144
2127
2116
2285
2276
2232
2199
2120
2095
2069
2024
1995
1956
1942
1899
1878
1872
1876
1890
1910
1938
2002
2023
2059
2112
2150
2166
2201
2219
2241
2252
2232
2213
2184
2176
2149
2108
2081
2043
2032
2009
1972
1964
1935
1954
1960
1978
2000
2037
2059
2105
2119
2171
2186
2205
2212
2161
2193
2182
2180
2165
2140
2122
2082
2080
2050
2036
1993
1975
1996
2009
2004
2011
2033
2064
2076
2086
2146
2194
2213
2222
2232
2261
2247
2213
2218
2213
2178
2145
2112
2090
2090
2060
2034
2034
2009
1991
1982
1976
1980
2000
2003
2000
2032
2046
2045
2074
2084
2106
2106
2106
2100
2113
2103
2098
2107
2094
2086
2088
2095
2087
2088
2088
2081
2113
2112
2127
2141
2159
2139
2156
2134
2093
2017
1970
1901
1818
1784
1747
1702
1691
1712
1736
1783
1872
1967
2072
2161
2261
2377
2446
2497
2554
2555
2519
2434
2338
2228
2150
2124
2089
2048
1986
1927
1895
1861
1875
1891
1939
1958
1960
1975
1979
1986
2030
2060
2093
2103
2134
2159
2192
2205
2224
2242
2253
2253
2236
2202
2149
2072
2001
1956
1922
1915
1924
1922
1893
1864
1860
1888
1939
2018
2082
2096
2137
2179
2229
2294
2350
2365
2348
2310
2262
2214
2201
2213
2192
2163
2109
2050
2017
1997
1982
1979
1934
1892
1859
1833
1841
1876
1915
1931
1940
1996
2059
2140
2217
2286
2307
2311
2335
2336
2357
2322
2297
2218
2152
2072
2001
1941
1859
1838
1830
1847
1873
1872
1862
1892
1938
2052
1994
1952
1892
1845
1812
1807
1797
1785
1811
1824
1876
1925
1979
2023
2114
2189
2221
2263
2296
2305
2312
2332
2330
2283
2253
2242
2184
2166
2117
2092
2030
2018
1993
1977
1942
1954
1973
1989
1992
2002
2034
2055
2075
2101
2141
2164
2192
2213
2222
2237
2228
2225
2229
2203
2169
2169
2135
2136
2098
2111
2061
2035
2013
2018
2026
2022
2019
2039
2047
2063
2084
2120
2115
2131
2136
2127
2149
2163
2186
2136
2144
2131
2128
2069
2063
2039
2019
2004
1972
1964
1965
1951
1920
1938
1965
1994
2006
2025
2067
2099
2125
2154
2192
2228
2232
2240
2232
2238
2226
2191
2163
2119
2093
2056
1998
1987
1936
1913
1895
1899
1945
1970
2011
2067
2105
2187
2205
2043
2041
2078
2148
2173
2145
2123
2091
2056
2047
2064
2080
2070
2057
2068
2021
2006
2008
2013
1997
1984
1964
1991
2033
2061
2121
2174
2196
2208
2232
2260
2273
2219
2173
2124
2042
1942
1893
1844
1826
1783
1782
1811
1877
1901
1960
1993
2053
2112
2189
2216
2219
2241
2202
2193
2232
2223
2226
2169
2085
2043
2029
2026
2073
2049
2061
2065
2079
2134
2174
2189
2174
2166
2181
2200
2210
2166
2162
2095
2082
2049
2023
2004
1967
1955
1936
1955
2013
2058
2100
2111
2150
2185
2249
2245
2235
2193
2208
2206
2155
2105
2051
2008
1970
1979
2030
2067
2073
2039
2042
2060
2074
2115
2138
2122
2073
2041
2050
2043
2067
2093
2097
2088
2059
2055
2071
2084
2081
2305
2393
2464
2507
2488
2463
2394
2311
2193
2112
2000
1906
1850
1791
1775
1786
1841
1912
1996
2080
2152
2254
2308
2313
2331
2319
2241
2159
2059
1970
1890
1810
1757
1720
1719
1775
1867
1950
2057
2165
2293
2381
2457
2504
2500
2469
2414
2312
2209
2082
1930
1849
1752
1689
1654
1673
1709
1788
1910
2034
2175
2312
2422
2518
2568
2568
2533
2430
2303
2211
2065
1905
1768
1681
1626
1627
1637
1676
1730
1839
1979
2112
2238
2354
2464
2509
2545
2519
2463
2412
2290
2160
2043
1960
1872
1812
1816
1806
1839
1877
1941
2024
2160
2218
2282
2356
2375
2355
2332
2270
2201
2103
2013
1985
1981
1948
1937
1991
2017
2039
2087
2158
2184
2258
2255
2218
2193
2136
2694
2634
2513
2443
2356
2294
2259
2228
2154
2099
2016
1982
1933
1906
1883
1879
1832
1811
1743
1746
1777
1873
1959
2091
2261
2428
2538
2638
2689
2651
2541
2393
2234
2087
1892
1736
1649
1607
1581
1633
1740
1920
2111
2220
2297
2387
2363
2336
2303
2264
2210
2160
2149
2104
2092
2079
2070
2056
2018
2020
1992
1884
1838
1725
1637
1594
1616
1709
1842
2024
2201
2298
2359
2433
2466
2489
2504
2492
2455
2328
2162
2001
1892
1827
1814
1887
1919
1982
1991
1993
2007
1958
1930
1883
1824
1803
1812
1841
1915
2052
2240
2397
2555
2689
2733
2742
2727
2640
2538
2354
2132
1866
1588
1406
1314
1336
1443
1605
1788
1899
1992
2078
2187
2281
2377
2473
2533
2526
2460
2360
2197
2099
1989
1874
1806
1717
1672
1655
1668
1694
1702
1786
1879
1978
2107
2208
2329
2413
2490
2545
2602
2592
2547
2457
2383
2280
2176
2031
1938
1836
1741
1688
1649
1617
1636
1638
1667
1765
1855
1965
2099
2230
2381
2474
2591
2634
2652
2674
2636
2589
2478
2372
2254
2096
1972
1831
1690
1593
1509
1404
1367
1378
1411
1498
1591
1753
1913
2093
2250
2440
2618
2745
2852
2914
2921
2889
2790
2664
2480
2292
2074
1845
1616
1424
1247
1107
1039
1022
1082
1182
1386
1603
1847
2168
2486
2737
2945
3143
3280
3344
3333
3246
3074
2850
2602
2289
1987
1655
1394
1150
981
875
866
933
1103
1322
1602
1872
2199
2487
2732
2915
3062
3144
3139
3127
2947
3052
3125
3194
3199
3088
2922
2679
2327
1976
1592
1273
1009
825
688
702
770
935
1180
1434
1756
2074
2368
2597
2827
2939
3070
3082
3091
3085
3027
2941
2780
2599
2394
2172
1959
1786
1590
1427
1242
1073
934
833
827
856
1057
1348
1709
2128
2566
2939
3251
3492
3654
3725
3713
3607
3399
3155
2838
2495
2145
1839
1568
1350
1218
1156
1209
1276
1422
1563
1700
1817
1917
1967
2013
2072
2153
2214
2302
2359
2435
2510
2550
2592
2630
2638
2623
2556
2450
2344
2161
1937
1735
1512
1278
1063
919
862
888
994
1172
1388
1646
1916
2169
2376
2624
2837
2964
3063
3057
2951
2785
2533
2246
1936
1662
1391
1184
1099
1102
1164
1358
1526
1718
1897
2803
2737
2646
2545
2402
2249
2088
1938
1768
1685
1609
1535
1520
1491
1514
1558
1612
1708
1855
1987
2158
2312
2450
2584
2704
2765
2786
2745
2696
2628
2530
2383
2229
2094
1919
1763
1615
1519
1448
1432
1439
1529
1599
1743
1874
1985
2096
2220
2364
2477
2528
2573
2564
2510
2429
2367
2241
2125
1980
1871
1792
1700
1664
1655
1648
1720
1804
1900
1991
2080
2231
2294
2370
2374
2367
2307
2220
2124
2048
1972
1887
1862
1862
1881
1898
1956
2039
2157
2296
2423
2539
2664
2721
2756
2734
2636
2495
2275
2062
1824
1601
1414
1232
1142
1086
1097
1149
1320
1519
1767
2078
2359
2636
2919
3100
3215
3211
3110
2951
2699
2413
2120
1793
1526
1298
1149
1082
1084
1681
1546
1446
1420
1435
1495
1605
1742
1885
2029
2211
2324
2401
2375
2342
2190
1984
1818
1662
1544
1535
1627
1793
2015
2299
2545
2724
2835
2820
2769
2639
2488
2277
2126
1979
1854
1772
1702
1676
1622
1551
1495
1423
1389
1408
1466
1605
1738
1872
1997
2104
2164
2221
2299
2387
2570
2805
3096
3434
3688
3868
3908
3765
3402
2899
2318
1644
1019
550
290
192
295
547
915
1312
1727
2087
2404
2663
2872
3080
3232
3304
3273
3124
2902
2604
2176
1782
1400
1093
884
788
782
865
1042
1272
1507
1727
1908
2073
2210
2274
2337
2382
2398
2436
2522
2641
2784
2965
3181
3363
3451
3401
3214
2865
2479
1999
1601
1262
1044
944
998
1068
1173
1268
1402
1582
1817
2092
2325
2558
2815
3009
3201
3339
3387
3405
3364
3255
3149
3021
2864
2679
2519
2371
2264
2191
2114
2096
2049
2036
2010
1994
1937
1862
1787
1712
1636
1571
1493
1493
1451
1459
1501
1540
1596
1644
1697
1756
1797
1846
1938
2019
2109
2194
2346
2483
2600
2760
2852
2915
2960
2931
2839
2731
2593
2412
2199
1992
1780
1567
1396
1225
1110
1061
1034
1075
1181
1286
1450
1678
1876
2115
2340
2589
2785
2987
3153
3259
3334
3374
3349
3298
3161
3011
2805
2581
2323
2048
1760
1501
1266
1061
869
723
656
630
651
736
856
1026
1229
1513
1772
2065
2342
2646
2939
3164
3408
3555
3641
3648
3587
3467
3217
2913
2585
2280
1889
1550
1254
1011
786
