2085
2090
2085
2091
2091
2096
2083
2082
2077
2083
2081
2085
2085
2074
2075
2064
2079
2077
2080
2078
2078
2078
2093
2079
2082
2079
2070
2072
2077
2080
2074
2063
2064
2078
2065
2064
2068
2070
2077
2074
2077
2076
2066
2066
2067
2066
2077
2071
2069
2071
2072
2086
2079
2074
2077
2081
2084
2073
2075
2087
2088
2089
2082
2086
2093
2089
2084
2084
2094
2089
2099
2096
2083
2094
2104
2104
2100
2096
2099
2114
2111
2104
2106
2101
2112
2103
2111
2105
2100
2109
2103
2098
2119
2122
2106
2106
2096
2102
2098
2101
2094
2111
2104
2102
2102
2097
2108
2098
2116
2089
2103
2093
2096
2095
2096
2099
2089
2091
2097
2101
2094
2094
2092
2104
2103
2100
2099
2104
2153
2164
2168
2177
2171
2166
2163
2164
2163
2160
2160
2158
2148
2150
2144
2146
2138
2131
2135
2128
2128
2126
2122
2110
2116
2120
2117
2126
2123
2128
2131
2126
2139
2146
2155
2142
2159
2152
2154
2156
2163
2166
2160
2172
2183
2179
2178
2169
2169
2173
2158
2154
2151
2152
2139
2132
2116
2110
2106
2095
2079
2058
2048
2035
2030
2031
2022
2012
2004
1976
1982
1972
1979
1960
1964
1953
1959
1953
1952
1948
1947
1947
1946
1964
1961
1971
1967
1976
1981
1987
1989
1987
1997
2007
2004
2010
2022
2017
2024
2026
2036
2034
2038
2044
2042
2042
2044
2057
2047
2048
2060
2061
2083
2080
2088
2100
2098
2103
2115
2115
2136
2138
2157
2165
2179
2182
2200
2205
2152
2164
2192
2204
2221
2219
2220
2215
2200
2184
2150
2113
2093
2062
2045
2021
2020
2029
2041
2076
2109
2143
2184
2213
2238
2265
2281
2280
2263
2252
2223
2197
2162
2147
2122
2095
2074
2072
2064
2055
2068
2078
2080
2084
2096
2102
2107
2117
2120
2120
2120
2120
2112
2109
2111
2108
2102
2092
2086
2080
2071
2066
2061
2055
2042
2034
2029
2026
2028
2020
2025
2025
2022
2019
2014
2010
2002
1983
1982
1962
1967
1961
1957
1952
1972
1984
1998
2018
2044
2064
2101
2136
2170
2200
2231
2257
2287
2307
2322
2344
2351
2357
2357
2347
2330
2308
2282
2252
2214
2180
2145
2106
2068
2030
1988
1964
1943
1929
1928
1936
1940
1951
1975
1987
2007
2019
2023
2033
1930
1911
1907
1883
1870
1857
1843
1846
1830
1830
1851
1858
1883
1912
1953
1996
2037
2093
2135
2161
2201
2242
2272
2284
2298
2323
2343
2358
2386
2396
2419
2424
2433
2450
2437
2406
2370
2311
2241
2184
2103
2038
1981
1905
1845
1814
1782
1776
1773
1787
1795
1804
1805
1806
1808
1816
1830
1855
1872
1914
1962
2015
2072
2120
2194
2241
2296
2333
2363
2396
2412
2424
2425
2432
2438
2436
2428
2430
2419
2377
2347
2290
2235
2181
2120
2024
1961
1910
1864
1821
1806
1807
1823
1858
1896
1923
1956
1977
1987
1985
1984
1968
1944
1913
1908
1908
1915
1936
1956
1984
2021
2071
2113
2146
2175
2208
2227
2249
2274
2288
2305
2334
2351
2376
2384
2383
2371
2336
1902
1931
1957
1959
1964
1951
1932
1924
1928
1939
1969
2000
2048
2088
2104
2123
2130
2140
2159
2189
2224
2268
2298
2295
2292
2271
2233
2206
2175
2148
2146
2161
2202
2248
2296
2352
2421
2454
2475
2460
2411
2326
2219
2131
2045
1989
1970
1968
1977
1990
1991
1967
1905
1847
1776
1706
1663
1641
1643
1662
1702
1758
1832
1906
1975
2031
2086
2135
2162
2188
2202
2224
2240
2295
2346
2405
2453
2500
2530
2532
2512
2494
2463
2432
2407
2373
2328
2282
2238
2166
2108
2046
2007
1968
1944
1915
1905
1891
1867
1854
1844
1837
1847
1867
1884
1911
1928
1930
1931
1933
1909
1881
1857
1852
1858
1867
1880
1904
1925
1950
2007
2052
2097
2147
2195
2242
2279
2312
1892
1832
1804
1792
1802
1828
1870
1932
2008
2090
2167
2235
2296
2324
2335
2342
2320
2282
2241
2184
2147
2105
2077
2060
2051
2063
2067
2074
2081
2078
2073
2061
2037
2016
1992
1987
1978
1978
1992
2001
2026
2052
2078
2079
2076
2070
2045
2008
1971
1928
1892
1880
1876
1884
1928
1981
2036
2094
2152
2202
2259
2284
2298
2300
2287
2275
2258
2243
2233
2223
2214
2193
2183
2156
2118
2076
2036
1989
1938
1897
1878
1874
1884
1924
1965
2022
2098
2153
2205
2248
2264
2271
2267
2253
2214
2177
2141
2114
2093
2072
2060
2055
2040
2024
2007
1989
1971
1960
1956
1955
1970
2012
2047
2099
2152
2204
2255
2273
2293
2288
2264
2212
2162
2088
2026
1972
1930
1914
1942
1918
1928
1968
2026
2083
2139
2168
2175
2183
2181
2185
2215
2232
2261
2258
2244
2200
2130
2046
1955
1884
1849
1847
1880
1910
1951
1971
1972
1948
1936
1948
2002
2073
2164
2258
2338
2383
2377
2359
2320
2286
2253
2236
2244
2267
2298
2330
2358
2380
2376
2351
2306
2240
2166
2106
2082
2063
2052
2044
2005
1931
1849
1762
1701
1667
1694
1745
1817
1898
1968
2010
2028
2056
2077
2104
2131
2172
2210
2238
2274
2303
2344
2385
2422
2449
2457
2435
2402
2341
2269
2221
2162
2111
2073
2025
1976
1937
1885
1835
1792
1765
1763
1764
1769
1791
1811
1841
1874
1927
1972
2013
2038
2056
2070
2078
2093
2121
2171
2237
2324
2410
2483
2532
2562
2549
2504
2425
2418
2643
2845
2982
3052
3044
2965
2818
2626
2393
2136
1918
1714
1562
1446
1387
1376
1381
1434
1501
1534
1604
1658
1696
1754
1821
1920
2046
2194
2366
2528
2687
2833
2936
2986
2975
2930
2807
2660
2504
2334
2207
2104
2032
1992
1979
1973
1958
1935
1911
1854
1788
1719
1669
1634
1636
1670
1746
1855
1978
2083
2191
2267
2278
2259
2216
2148
2073
2018
2006
2018
2076
2167
2274
2386
2472
2515
2497
2437
2297
2126
1922
1730
1569
1459
1418
1466
1581
1756
1956
2152
2338
2494
2594
2620
2588
2532
2432
2337
2217
2132
2057
1996
1956
1925
1919
1936
1953
1968
2007
2036
2061
2089
2122
2161
2185
2206
2206
2192
2175
2148
2105
2072
2039
2028
2027
2042
2082
2333
2254
2194
2145
2132
2125
2135
2124
2104
2062
1999
1936
1873
1837
1835
1866
1919
1983
2070
2132
2183
2212
2227
2235
2245
2257
2279
2278
2269
2231
2165
2096
2027
1970
1936
1920
1941
1964
1992
2016
2016
2016
2001
1981
1977
1985
2005
2034
2063
2092
2127
2151
2184
2187
2193
2189
2176
2157
2142
2136
2132
2118
2114
2119
2122
2124
2127
2123
2114
2115
2114
2122
2150
2205
2248
2289
2305
2282
2219
2127
2029
1936
1867
1824
1814
1816
1824
1827
1816
1812
1793
1787
1783
1788
1805
1834
1897
1984
2095
2222
2352
2467
2550
2608
2635
2629
2601
2552
2483
2402
2310
2207
2090
1991
1919
1868
1811
1770
1722
1670
1618
1592
1576
1595
1640
1718
1827
1942
1364
1392
1456
1546
1650
1748
1864
1972
2080
2193
2308
2417
2518
2608
2663
2690
2693
2646
2569
2458
2338
2210
2072
1948
1853
1781
1750
1746
1765
1795
1849
1889
1927
1961
1986
2006
2028
2043
2073
2109
2149
2191
2225
2256
2259
2258
2254
2235
2218
2191
2197
2229
2262
2312
2358
2394
2416
2418
2398
2349
2257
2156
2024
1897
1777
1685
1615
1575
1579
1614
1676
1748
1841
1928
2021
2116
2196
2270
2345
2394
2431
2453
2453
2398
2342
2271
2184
2105
2046
2021
2008
2043
2071
2114
2152
2185
2200
2197
2176
2147
2100
2061
2018
1973
1930
1896
1866
1840
1803
1775
1760
1766
1804
1858
1931
2020
2132
2240
2337
2400
2436
2439
2416
2358
2281
2192
2097
2016
2126
2133
2156
2176
2220
2275
2314
2298
2230
2104
2003
1934
1944
1994
2054
2112
2112
2066
2012
1960
1962
1979
2010
2012
1958
1859
1774
1718
1742
1863
2018
2182
2330
2396
2417
2386
2325
2252
2186
2136
2098
2069
2045
2029
2018
2016
2019
2024
2034
2053
2026
1996
1932
1867
1817
1770
1752
1794
1863
1964
2085
2191
2278
2324
2320
2268
2210
2166
2147
2158
2198
2241
2320
2354
2394
2416
2403
2402
2401
2405
2407
2406
2396
2374
2343
2299
2244
2160
2076
1976
1880
1803
1728
1690
1654
1644
1639
1612
1582
1526
1483
1453
1480
1528
1616
1746
1912
2067
2192
2284
2330
2339
2349
2362
2409
2460
2543
2629
2704
2736
2732
2669
2567
2439
2304
2168
2052
1954
2158
2037
1868
1716
1595
1536
1543
1630
1788
1967
2149
2286
2375
2382
2314
2208
2070
1960
1889
1877
1936
2075
2245
2440
2596
2703
2742
2711
2600
2428
2222
2027
1845
1708
1626
1602
1630
1701
1787
1900
2005
2116
2227
2344
2466
2601
2724
2854
2959
3029
3050
2996
2861
2643
2364
2038
1720
1402
1162
1010
950
1003
1163
1401
1710
2050
2357
2614
2805
2918
2926
2842
2678
2448
2169
1855
1572
1345
1191
1136
1167
1278
1435
1623
1796
1960
2104
2210
2275
2328
2390
2458
2545
2638
2723
2779
2799
2737
2588
2387
2143
1888
1658
1520
1483
1546
1699
1924
2152
2343
2469
2505
2442
2304
2124
1955
1832
1760
1777
1848
1944
2053
2113
2132
2086
1971
1844
1706
2539
2528
2528
2532
2519
2494
2467
2415
2355
2283
2186
2116
2040
1976
1931
1888
1866
1876
1900
1917
1979
2034
2090
2135
2157
2183
2177
2151
2113
2069
2011
1963
1913
1855
1817
1783
1752
1741
1762
1774
1794
1835
1857
1885
1909
1946
1994
2017
2062
2099
2155
2209
2256
2294
2338
2352
2347
2328
2260
2198
2132
2061
2008
1944
1932
1939
1974
2058
2128
2217
2316
2394
2448
2467
2477
2454
2383
2280
2190
2094
1998
1920
1857
1824
1835
1849
1878
1922
1949
1990
2016
2006
1992
1976
1961
1948
1938
1941
1949
1993
2051
2114
2193
2251
2321
2369
2400
2402
2401
2372
2356
2338
2318
2314
2322
2369
2406
2454
2493
2544
2565
2545
2502
2427
2294
2144
1968
1803
2073
2244
2380
2491
2567
2624
2618
2579
2487
2370
2220
2037
1846
1668
1520
1408
1354
1336
1388
1496
1664
1886
2140
2409
2651
2833
2995
3073
3067
2982
2776
2527
2194
1880
1545
1252
1027
935
928
1018
1203
1479
1804
2158
2499
2814
3095
3311
3470
3550
3561
3507
3392
3208
3002
2744
2435
2158
1872
1613
1395
1227
1121
1113
1183
1342
1567
1834
2126
2391
2584
2706
2742
2681
2514
2292
2027
1732
1457
1210
1029
868
795
802
850
961
1123
1311
1532
1738
1944
2158
2361
2533
2681
2794
2846
2848
2794
2686
2530
2352
2167
1980
1860
1830
1890
2038
2296
2608
2909
3178
3381
3494
3495
3372
3160
2887
2548
2190
1849
1536
1270
1037
858
722
628
565
1449
828
235
3
2
3
1
1
3
3
3
2
3
2
105
904
1789
2635
3408
4080
4095
4095
4095
4095
4095
4095
4095
4095
4095
3756
3020
2248
1436
687
40
1
1
0
2
2
1
3
3
419
1001
1568
2114
2608
3024
3336
3543
3597
3510
3264
2896
2426
1899
1341
833
383
39
1
2
2
141
516
983
1502
2057
2629
3193
3740
4095
4095
4095
4095
4095
4095
4095
4095
4095
4095
3716
3120
2548
2031
1606
1294
1093
992
974
1039
1142
1282
1435
1596
1732
1853
1968
2029
2062
2002
1893
1710
1485
1214
915
627
395
251
244
349
582
962
1428
1968
2544
3121
3663
4095
4095
4095
4095
4095
4095
4095
4095
3891
