2086
2080
2109
2099
2090
2073
2103
2085
2079
2091
2086
2093
2088
2093
2095
2098
2098
2096
2098
2079
2120
2095
2083
2087
2084
2101
2101
2104
2102
2101
2100
2092
2097
2089
2121
2096
2096
2093
2098
2102
2080
2079
2078
2088
2098
2115
2118
2080
2088
2079
2090
2098
2107
2104
2104
2104
2101
2091
2122
2099
2100
2086
2098
2098
2095
2080
2090
2087
2093
2093
2100
2104
2080
2088
2096
2104
2088
2119
2096
2101
2089
2100
2096
2096
2102
2089
2102
2099
2096
2092
2085
2092
2082
2081
2086
2078
2098
2088
2101
2095
2105
2096
2096
2098
2106
2115
2104
2096
2108
2096
2081
2093
2088
2096
2078
2090
2093
2102
2115
2118
2119
2118
2109
2125
2094
2111
2095
2102
2095
2088
2083
2108
2097
2103
2083
2103
2103
2110
2107
2100
2094
2101
2091
2076
2097
2094
2103
2088
2094
2094
2081
2094
2089
2080
2082
2088
2107
2096
2090
2087
2091
2109
2101
2084
2090
2088
2083
2082
2099
2100
2076
2098
2100
2082
2095
2099
2081
2104
2083
2097
2098
2101
2094
2096
2104
2078
2088
2102
2084
2090
2095
2098
2092
2096
2098
2104
2106
2096
2095
2107
2111
2109
2105
2104
2102
2098
2109
2069
2103
2094
2100
2074
2093
2091
2106
2105
2105
2097
2106
2080
2105
2100
2097
2088
2113
2098
2117
2096
2092
2092
2082
2080
2115
2113
2102
2112
2099
2094
2091
2093
2096
2114
2110
2110
2116
2106
2113
2113
2106
2116
2117
2109
2106
2117
2117
2108
2072
2100
2094
2091
2089
2105
2097
2116
2104
2103
2099
2104
2095
2086
2078
2065
2059
2049
2050
2044
2040
2046
2037
2048
2058
2068
2078
2093
2113
2144
2184
2205
2217
2274
2292
2314
2336
2342
2338
2342
2337
2303
2296
2269
2236
2213
2170
2138
2096
2066
2052
2032
2015
2013
2015
2024
2039
2062
2083
2092
2110
2119
2121
2119
2128
2110
2088
2060
2036
2018
1988
1951
1932
1920
1916
1925
1910
1926
1939
1965
1978
1990
2031
2054
2057
2074
2088
2085
2088
2084
2087
2070
2067
2054
2045
2058
2065
2066
2072
2097
2108
2119
2141
2138
2167
2166
2181
2170
2162
2159
2135
2114
2084
2059
2045
2016
2016
2004
1986
1982
1992
1984
1994
1998
2014
2029
2044
2043
1726
1717
1729
1767
1797
1833
1854
1891
1920
1928
1944
1920
1936
1911
1913
1909
1910
1921
1944
1963
2012
2070
2122
2168
2220
2275
2298
2324
2339
2331
2317
2324
2302
2255
2224
2201
2156
2131
2101
2087
2074
2051
2021
2008
1990
1983
1980
1947
1934
1924
1950
1974
2004
2022
2080
2100
2132
2181
2226
2245
2257
2285
2312
2321
2331
2341
2343
2358
2367
2364
2357
2347
2348
2334
2334
2279
2262
2232
2188
2142
2091
2057
1999
1956
1920
1864
1830
1784
1756
1719
1699
1679
1657
1647
1644
1653
1687
1708
1752
1795
1866
1904
1969
2022
2090
2156
2223
2263
2317
2360
2415
2456
2490
2515
2546
2584
2590
2587
2585
2578
2551
2511
2468
2405
2349
2238
2162
2074
2097
2118
2102
2125
2145
2148
2136
2128
2132
2122
2094
2093
2070
2046
2030
1994
1959
1931
1898
1876
1849
1816
1808
1835
1801
1801
1828
1873
1922
1985
2042
2103
2168
2214
2275
2345
2377
2415
2450
2459
2467
2465
2454
2406
2368
2352
2282
2233
2193
2144
2087
2023
1976
1926
1889
1864
1830
1824
1814
1817
1811
1827
1859
1894
1932
1979
2036
2087
2151
2201
2261
2314
2369
2404
2444
2469
2475
2465
2474
2474
2444
2414
2386
2318
2263
2199
2153
2091
2002
1956
1882
1835
1783
1737
1732
1704
1708
1702
1725
1773
1816
1872
1924
1993
2054
2124
2172
2229
2278
2312
2319
2340
2340
2337
2302
2282
2256
2231
2213
2199
2193
2183
2197
2185
2188
2188
2200
2179
2120
2096
2067
2099
2127
2156
2193
2232
2220
2225
2220
2222
2255
2297
2343
2353
2348
2308
2216
2150
2105
2102
2101
2085
2059
1978
1881
1772
1704
1659
1706
1748
1784
1828
1864
1873
1904
1958
2056
2175
2316
2430
2537
2621
2663
2689
2706
2696
2664
2611
2555
2491
2422
2351
2258
2137
1998
1854
1731
1613
1542
1474
1441
1407
1372
1360
1384
1408
1494
1630
1785
1949
2098
2248
2349
2422
2505
2566
2618
2704
2752
2776
2772
2736
2664
2566
2468
2388
2300
2215
2125
1990
1864
1730
1625
1550
1506
1521
1571
1629
1699
1773
1861
1922
1978
2039
2110
2186
2262
2342
2448
2542
2628
2692
2704
2678
2609
2514
2408
2311
2216
2138
2074
2001
1957
1908
1863
1819
2248
2354
2450
2515
2550
2582
2574
2539
2470
2390
2311
2199
2091
1989
1913
1850
1818
1786
1774
1805
1844
1908
1962
2021
2087
2118
2133
2157
2152
2119
2074
2054
1999
1941
1900
1863
1830
1822
1832
1845
1903
1986
2049
2109
2222
2292
2349
2400
2435
2446
2440
2398
2338
2274
2186
2099
2026
1944
1872
1826
1804
1807
1842
1913
1997
2088
2214
2331
2439
2518
2566
2585
2582
2540
2477
2381
2291
2149
2023
1902
1780
1692
1614
1574
1562
1581
1620
1706
1805
1913
2042
2167
2274
2388
2458
2500
2526
2512
2461
2392
2312
2239
2139
2029
1938
1859
1806
1770
1754
1744
1787
1862
1934
2026
2132
2244
2348
2441
2502
2528
2511
2475
2393
2286
2152
1991
1874
1760
1799
1681
1594
1529
1452
1399
1367
1407
1480
1596
1740
1898
2064
2229
2382
2552
2690
2802
2874
2906
2892
2855
2765
2639
2495
2331
2195
2057
1944
1835
1731
1620
1508
1424
1370
1399
1475
1584
1704
1792
1869
1938
2041
2156
2302
2437
2527
2564
2547
2487
2430
2366
2285
2194
2104
2024
1943
1877
1840
1797
1777
1765
1778
1808
1833
1880
1924
2008
2107
2216
2296
2333
2333
2321
2318
2348
2363
2372
2358
2315
2265
2229
2210
2169
2122
2076
2042
2038
2060
2067
2040
1972
1896
1838
1850
1914
1988
2040
2054
2024
2019
2028
2069
2120
2151
2184
2224
2277
2340
2398
2445
2454
2436
2395
2341
2273
2181
2070
1947
1834
1765
1742
1736
1746
1755
1755
1751
1762
1625
1662
1740
1843
1972
2109
2247
2362
2448
2497
2495
2433
2341
2216
2062
1902
1736
1602
1488
1427
1414
1441
1529
1672
1834
2032
2228
2421
2583
2706
2790
2803
2780
2704
2584
2449
2291
2143
2018
1912
1850
1829
1845
1894
1978
2074
2179
2284
2385
2441
2466
2446
2382
2282
2136
1984
1837
1701
1596
1532
1517
1554
1628
1738
1872
2024
2173
2304
2423
2511
2554
2552
2521
2442
2334
2204
2062
1908
1777
1680
1624
1598
1627
1715
1826
1966
2115
2258
2384
2477
2550
2580
2578
2534
2480
2402
2312
2224
2132
2046
1964
1886
1826
1793
1771
1772
1777
1812
1859
1904
1956
2008
2040
2064
2090
2108
2144
2204
2268
2340
2420
2494
2546
2557
2516
2444
2324
2182
1438
1554
1693
1822
1914
2000
2088
2198
2331
2434
2476
2461
2396
2308
2222
2161
2142
2140
2155
2180
2200
2170
2114
2033
1972
1978
2031
2111
2135
2117
2046
2000
1987
2049
2161
2283
2336
2332
2300
2257
2212
2150
2080
1978
1857
1706
1541
1401
1336
1315
1383
1497
1673
1866
2057
2250
2429
2618
2812
2970
3084
3135
3128
3052
2912
2743
2510
2269
2015
1760
1537
1349
1210
1115
1094
1111
1184
1302
1490
1728
1959
2162
2305
2371
2449
2542
2687
2849
2976
3049
3003
2899
2774
2658
2557
2470
2346
2166
1954
1734
1557
1391
1309
1272
1264
1268
1290
1301
1315
1385
1553
1783
2054
2315
2525
2680
2798
2904
3019
3105
3112
2996
2783
2513
2243
1992
1792
1602
2674
2531
2336
2210
2052
1916
1785
1693
1638
1599
1588
1614
1720
1829
1954
2093
2224
2302
2384
2406
2394
2351
2298
2220
2158
2092
2034
1979
1922
1890
1856
1810
1816
1808
1869
1937
2040
2167
2287
2433
2598
2709
2784
2817
2815
2796
2694
2538
2388
2172
1980
1753
1541
1354
1205
1142
1121
1161
1256
1417
1615
1832
2039
2215
2378
2522
2634
2660
2628
2539
2444
2252
2056
1839
1633
1472
1353
1338
1352
1464
1640
1860
2108
2334
2533
2749
2879
2952
3000
2983
2915
2796
2619
2409
2195
1954
1755
1616
1480
1444
1474
1576
1703
1838
2024
2151
2251
2384
2433
2464
2462
2436
2366
2284
2167
2041
1966
1884
1820
1777
1845
1869
1903
1986
2072
2161
2246
2339
1455
1724
2045
2312
2506
2587
2575
2547
2536
2541
2594
2634
2664
2656
2628
2557
2494
2425
2333
2218
2050
1842
1568
1303
1027
852
832
933
1151
1381
1594
1769
1950
2151
2416
2668
2879
2944
2854
2674
2453
2240
2102
2000
1924
1878
1832
1813
1771
1739
1725
1740
1789
1900
2020
2087
2065
1924
1744
1611
1599
1749
1992
2264
2471
2540
2561
2545
2583
2672
2746
2772
2676
2466
2193
1945
1773
1646
1584
1486
1369
1220
1174
1217
1388
1656
1962
2271
2482
2630
2721
2805
2923
3050
3156
3171
3112
2968
2784
2607
2452
2266
2099
1935
1759
1574
1470
1397
1396
1411
1441
1459
1460
1520
1660
1911
2160
2377
2542
2612
2683
2744
2862
2946
2951
2862
2734
2527
3450
3177
2813
2399
1955
1546
1169
832
623
495
488
576
789
1097
1489
1929
2397
2850
3239
3543
3760
3836
3790
3626
3369
3041
2643
2214
1790
1419
1078
804
635
531
550
649
832
1104
1460
1828
2195
2528
2833
3068
3192
3244
3212
3071
2891
2649
2352
2068
1807
1556
1366
1265
1218
1234
1339
1487
1684
1902
2142
2364
2540
2702
2848
2944
2992
2960
2893
2801
2649
2509
2306
2068
1861
1633
1469
1333
1243
1200
1203
1261
1354
1457
1594
1772
1964
2175
2432
2655
2884
3080
3253
3347
3394
3331
3211
2993
2776
2472
2170
1838
1524
1257
990
816
700
672
744
909
1178
1504
1900
2301
2683
3031
3321
3475
3509
3435
3266
2968
2610
2161
1724
1278
2117
1575
1080
707
454
365
437
649
946
1342
1823
2314
2813
3274
3606
3750
3679
3382
2912
2343
1786
1359
1132
1131
1322
1665
2051
2416
2730
2908
2972
2929
2756
2489
2151
1762
1365
1051
886
828
993
1267
1669
2116
2536
2919
3205
3395
3429
3364
3168
2829
2384
1874
1409
1032
849
883
1118
1463
1830
2112
2288
2323
2282
2142
1951
1732
1486
1235
1006
905
921
1104
1482
2003
2560
3107
3543
3834
3987
3988
3910
3710
3450
3112
2670
2163
1624
1164
848
720
767
928
1156
1391
1563
1667
1700
1696
1680
1640
1593
1530
1457
1413
1448
1600
1925
2319
2765
3186
3559
3814
3972
4007
3912
3706
3376
2888
2301
1653
1040
580
328
396
681
1102
1941
1816
1702
1623
1577
1579
1621
1702
1811
1944
2044
2162
2265
2360
2399
2456
2488
2539
2526
2507
2444
2370
2263
2167
2019
1841
1682
1534
1388
1280
1214
1211
1254
1360
1524
1763
2063
2381
2716
3062
3346
3584
3748
3799
3777
3660
3432
3156
2826
2450
2051
1677
1285
920
588
309
94
1
2
2
1
159
503
948
1458
2039
2626
3184
3718
4095
4095
4095
4095
4095
4095
4095
3826
3390
2931
2411
1917
1424
927
475
96
3
2
3
1
1
15
485
1062
1716
2369
3005
3536
3950
4095
4095
4095
4095
4026
3704
3330
2900
2459
2009
1592
1172
814
474
220
54
4
29
243
570
1006
1540
2128
2721
3294
3779
4095
4095
4095
4095
