2087
2066
2081
2083
2092
2077
2083
2090
2107
2074
2095
2109
2087
2080
2086
2097
2119
2105
2114
2085
2088
2085
2107
2129
2129
2127
2102
2096
2113
2102
2089
2105
2074
2087
2113
2104
2090
2089
2098
2097
2121
2088
2086
2072
2071
2077
2094
2103
2112
2078
2092
2051
2087
2097
2086
2068
2066
2096
2096
2096
2103
2111
2118
2134
2109
2102
2081
2080
2100
2097
2104
2088
2110
2080
2090
2088
2088
2105
2078
2077
2111
2088
2104
2108
2093
2096
2099
2073
2088
2071
2101
2078
2093
2102
2094
2080
2089
2072
2056
2082
2072
2062
2095
2073
2077
2088
2092
2090
2086
2075
2089
2099
2092
2105
2117
2075
2084
2096
2101
2088
2077
2064
2095
2088
2106
2106
2112
2117
2105
2101
2101
2096
2102
2093
2107
2092
2090
2098
2117
2110
2091
2132
2120
2107
2107
2098
2096
2093
2114
2146
2117
2084
2110
2106
2114
2117
2120
2117
2083
2085
2110
2120
2092
2100
2131
2107
2091
2101
2090
2098
2096
2098
2088
2097
2105
2086
2085
2128
2117
2088
2120
2092
2089
2089
2091
2102
2111
2100
2095
2094
2092
2082
2057
2077
2116
2123
2111
2116
2128
2104
2105
2098
2089
2105
2111
2088
2096
2095
2103
2102
2114
2080
2111
2097
2101
2096
2068
2095
2108
2098
2064
2059
2088
2084
2094
2067
2116
2117
2107
2091
2096
2104
2122
2091
2065
2095
2084
2106
2084
2063
2104
2078
2083
2055
2028
2053
2028
1999
2021
1997
2022
2010
2007
1986
1996
1976
2037
2029
2079
2101
2109
2112
2116
2123
2148
2158
2175
2200
2183
2189
2201
2202
2211
2210
2206
2210
2192
2213
2196
2208
2184
2177
2165
2142
2092
2090
2089
2083
2071
2052
2057
2036
2032
2000
2016
2039
2018
2048
2055
2030
2031
2032
2021
2037
2017
1996
1989
1995
2021
2018
2026
2023
2023
2058
2081
2108
2114
2110
2143
2124
2133
2130
2139
2122
2129
2136
2132
2147
2134
2163
2143
2130
2157
2175
2133
2120
2112
2094
2092
2082
2036
2017
2021
2020
1995
1974
1996
2017
1986
2005
2008
2039
2016
1991
1999
1976
1979
1942
1919
1931
1947
1941
1976
1992
2018
2022
2002
2020
2013
2036
2008
2020
2028
2052
2054
2062
2091
2139
2151
2195
2252
2272
2310
2342
1980
1960
1922
1897
1888
1844
1858
1848
1866
1865
1885
1919
1923
1971
2020
2062
2084
2114
2153
2199
2247
2279
2303
2301
2348
2323
2324
2323
2293
2269
2279
2257
2215
2209
2166
2115
2093
2051
2009
1958
1931
1918
1901
1900
1902
1895
1923
1932
1962
1968
1978
2024
2056
2088
2098
2128
2143
2176
2202
2204
2200
2242
2228
2252
2265
2236
2238
2243
2233
2224
2195
2189
2205
2172
2196
2200
2193
2180
2152
2134
2143
2142
2120
2102
2091
2060
2044
1978
1994
1948
1894
1901
1874
1856
1868
1874
1886
1928
1921
1972
2012
2055
2086
2106
2123
2157
2157
2126
2152
2138
2137
2130
2106
2106
2102
2068
2085
2095
2081
2079
2108
2106
2104
2116
2128
2148
2147
2152
1873
1883
1859
1864
1919
1918
1950
1950
1926
1917
1902
1904
1905
1931
1976
2061
2106
2136
2207
2259
2270
2303
2347
2363
2361
2393
2370
2408
2387
2369
2336
2329
2297
2258
2195
2164
2143
2098
2043
2028
1973
1940
1899
1880
1864
1867
1848
1852
1833
1857
1864
1837
1865
1907
1922
1934
1991
2047
2099
2177
2180
2217
2267
2264
2238
2243
2258
2233
2192
2158
2189
2185
2216
2207
2220
2209
2198
2195
2205
2170
2155
2107
2038
1999
1942
1907
1913
1929
1950
1992
2025
2049
2090
2110
2143
2145
2144
2175
2184
2162
2165
2134
2115
2099
2087
2049
2053
2004
1999
1961
1971
1978
1971
2000
2036
2067
2102
2134
2152
2156
2155
2153
2159
2156
2181
2211
2232
2237
1993
2002
2048
2076
2104
2102
2104
2137
2153
2142
2134
2167
2162
2168
2139
2111
2087
2089
2083
2047
2026
2026
1983
1983
1997
2017
2021
2013
2020
2077
2121
2100
2119
2141
2172
2162
2152
2170
2143
2129
2136
2139
2114
2084
2086
2075
2064
2044
2053
2052
2055
2085
2119
2095
2110
2116
2113
2136
2137
2123
2101
2093
2080
2055
2031
2004
1964
1961
1963
1966
1980
2011
2070
2130
2198
2253
2306
2378
2440
2448
2425
2425
2382
2316
2257
2185
2112
2010
1945
1880
1832
1789
1756
1752
1753
1763
1789
1839
1875
1934
1962
2056
2108
2145
2173
2217
2233
2247
2259
2225
2208
2178
2170
2129
2089
2089
2109
2091
2072
2080
2084
2074
2085
2081
2051
2049
2071
2088
2256
2212
2154
2068
1978
1924
1853
1892
1894
1928
1960
1984
1992
2048
2090
2120
2189
2249
2333
2364
2381
2372
2397
2421
2412
2408
2392
2386
2363
2306
2256
2181
2109
2042
1968
1924
1851
1815
1794
1769
1773
1747
1808
1823
1889
1947
2034
2093
2152
2183
2210
2244
2257
2279
2306
2327
2326
2334
2348
2323
2255
2206
2151
2103
2045
1978
1928
1856
1815
1763
1746
1767
1772
1830
1887
1905
1932
1942
1970
2029
2105
2171
2215
2216
2237
2217
2210
2223
2233
2195
2178
2102
2043
2004
2003
2043
2039
2041
2008
1920
1859
1838
1856
1885
1934
1969
1961
1992
1984
2012
2056
2080
2086
2091
2088
2088
2088
2124
2168
2188
2211
2204
2208
2179
2198
2208
2283
2328
2171
2203
2241
2273
2257
2263
2244
2198
2149
2084
2021
1931
1882
1830
1776
1753
1726
1728
1731
1732
1775
1817
1856
1937
2022
2108
2184
2249
2296
2322
2357
2337
2320
2275
2248
2205
2188
2182
2177
2197
2190
2193
2180
2140
2117
2064
2003
1938
1885
1853
1848
1865
1898
1995
2041
2139
2202
2241
2275
2291
2252
2223
2179
2141
2117
2125
2132
2184
2206
2247
2294
2325
2302
2268
2237
2141
2077
2005
1952
1894
1847
1862
1902
1941
1967
1998
2013
2025
2004
2008
1995
2022
2022
2084
2110
2143
2172
2206
2219
2207
2199
2144
2139
2144
2137
2146
2226
2337
2394
2461
2469
2423
2357
2255
2107
1961
1813
1714
1682
1686
1734
1848
1992
2116
2260
2329
2385
2364
1802
1844
1920
1965
2023
2066
2101
2162
2193
2260
2318
2388
2451
2462
2487
2416
2344
2252
2164
2071
1988
1958
1908
1913
1920
1925
1913
1908
1915
1923
1950
1962
2017
2075
2149
2226
2298
2361
2395
2396
2401
2389
2347
2303
2237
2158
2096
1989
1928
1860
1798
1730
1688
1682
1664
1659
1673
1701
1751
1825
1910
1980
2088
2189
2289
2384
2441
2497
2481
2478
2466
2428
2390
2336
2281
2226
2163
2101
2068
2036
2007
2005
2015
2012
2025
1992
1966
1942
1947
1972
2032
2080
2145
2216
2250
2253
2289
2290
2254
2254
2204
2200
2182
2178
2179
2183
2212
2211
2246
2248
2295
2306
2326
2359
2340
2286
2226
2149
2050
1976
1908
1829
1756
1723
1669
1628
1634
1630
1977
2051
2131
2171
2195
2225
2234
2231
2192
2164
2110
2080
2017
1992
2005
2023
2058
2080
2124
2153
2184
2187
2198
2196
2140
2074
2007
1968
1947
1899
1861
1839
1819
1809
1799
1835
1845
1902
1977
2055
2176
2292
2372
2453
2498
2543
2538
2456
2360
2284
2160
2035
1960
1881
1825
1837
1888
1942
1992
2072
2135
2181
2224
2216
2207
2149
2080
2002
1938
1858
1808
1777
1808
1808
1868
1979
2086
2210
2329
2468
2546
2613
2618
2616
2546
2385
2211
2057
1865
1706
1588
1519
1512
1560
1655
1772
1882
2011
2130
2244
2316
2352
2372
2327
2291
2200
2104
2014
1934
1886
1852
1842
1873
1967
2073
2162
2253
2367
2431
2463
2488
2469
2397
2278
2158
2035
1912
1815
2166
2104
2085
2049
2081
2114
2207
2280
2325
2360
2351
2280
2192
2123
2059
1983
2001
2024
2007
2013
2023
1977
1928
1903
1886
1892
1913
1957
1995
2053
2121
2153
2172
2186
2183
2200
2247
2280
2272
2310
2281
2261
2182
2096
2030
2011
2015
2030
2100
2158
2172
2158
2140
2115
2096
2091
2128
2177
2273
2339
2352
2365
2340
2291
2218
2157
2106
2064
2023
2038
2026
2047
2020
1992
1955
1873
1801
1721
1692
1687
1693
1743
1814
1950
2066
2140
2218
2252
2266
2281
2256
2239
2185
2172
2146
2118
2143
2151
2149
2139
2166
2131
2108
2085
2059
2082
2112
2162
2204
2262
2320
2384
2429
2436
2433
2382
2337
2263
2221
2122
2034
1947
1863
1759
1679
1586
1524
1489
2534
2444
2326
2261
2216
2186
2214
2263
2296
2336
2371
2361
2308
2242
2140
2048
1960
1884
1873
1871
1853
1880
1895
1897
1950
1961
2011
2111
2204
2309
2435
2491
2565
2555
2509
2406
2326
2170
2011
1889
1779
1709
1642
1592
1560
1558
1635
1700
1816
1959
2121
2298
2425
2495
2512
2468
2324
2182
2021
1925
1883
1876
1955
2100
2224
2340
2421
2455
2448
2359
2251
2129
2050
1988
1930
1911
1847
1808
1746
1667
1584
1525
1502
1552
1642
1816
1984
2202
2387
2541
2662
2705
2682
2635
2558
2481
2403
2359
2321
2270
2261
2204
2142
2076
1988
1904
1849
1823
1827
1825
1814
1809
1771
1719
1666
1619
1586
1597
1632
1723
1887
2055
2214
2345
2441
2482
2492
2477
2575
2600
2600
2604
2592
2558
2493
2408
2327
2213
2103
1958
1766
1647
1533
1431
1335
1252
1231
1206
1249
1299
1389
1527
1674
1821
1987
2198
2380
2573
2690
2829
2889
2904
2906
2824
2722
2588
2440
2283
2139
2026
1928
1868
1840
1791
1788
1805
1797
1813
1855
1922
2014
2049
2122
2185
2199
2224
2198
2138
2082
2002
1959
1906
1865
1854
1859
1923
1979
2038
2126
2203
2255
2338
2394
2430
2435
2439
2418
2356
2298
2221
2087
1960
1857
1725
1649
1608
1627
1597
1647
1687
1712
1776
1830
1863
1948
2012
2120
2205
2288
2332
2411
2437
2458
2434
2396
2364
2323
2301
2264
2279
2235
2218
2209
2222
2208
2214
2219
2201
2184
2146
2133
2104
2050
1989
1956
1929
1657
1844
2097
2361
2619
2827
2962
3038
2992
2897
2739
2507
2280
2063
1849
1660
1553
1494
1471
1501
1568
1666
1753
1884
2027
2158
2369
2521
2638
2756
2795
2778
2651
2494
2324
2124
1954
1835
1783
1823
1866
1988
2140
2321
2473
2574
2640
2676
2662
2603
2528
2399
2276
2124
1951
1735
1535
1391
1277
1270
1301
1421
1577
1728
1874
1971
2018
2052
2023
2005
1968
1918
1882
1835
1788
1731
1700
1701
1758
1829
1944
2079
2239
2368
2507
2647
2714
2731
2706
2634
2500
2393
2285
2202
2139
2071
2049
2018
2022
2056
2127
2253
2387
2474
2517
2515
2460
2313
2151
1924
1705
1548
1414
1349
1281
1276
1294
1309
1398
1474
1594
1753
1968
2201
2416
2600
2715
2711
1486
1855
2245
2539
2745
2878
2936
2937
2866
2752
2630
2491
2360
2251
2172
2097
2015
1972
1914
1916
1949
2007
2103
2214
2344
2419
2447
2432
2373
2219
2077
1901
1710
1524
1427
1355
1385
1459
1574
1763
1936
2146
2352
2537
2687
2773
2784
2728
2618
2428
2189
1893
1610
1347
1098
923
875
945
1096
1368
1744
2166
2585
3022
3390
3692
3906
4005
3972
3772
3464
3033
2496
1878
1227
595
8
1
1
0
1
0
162
795
1536
2257
2968
3618
4095
4095
4095
4095
4095
4095
4095
3780
3130
2386
1639
976
394
1
0
0
1
68
432
867
1399
1920
2426
2902
3318
3622
3816
3858
3787
3585
3262
2896
2461
2083
1757
1501
1362
1280
1274
1316
