2119
2093
2086
2091
2107
2093
2076
2110
2115
2105
2116
2082
2099
2097
2102
2099
2087
2105
2084
2100
2110
2118
2096
2091
2105
2107
2086
2077
2096
2104
2113
2113
2109
2117
2107
2112
2086
2086
2077
2084
2112
2112
2112
2098
2089
2087
2100
2092
2096
2083
2101
2094
2091
2104
2108
2094
2089
2118
2077
2091
2084
2088
2084
2096
2108
2092
2090
2102
2107
2110
2096
2091
2085
2092
2084
2095
2076
2104
2103
2078
2093
2070
2102
2114
2088
2085
2090
2091
2076
2102
2093
2097
2079
2073
2107
2118
2119
2129
2099
2106
2091
2079
2097
2106
2100
2101
2086
2087
2083
2091
2103
2087
2096
2085
2106
2104
2083
2078
2096
2108
2089
2091
2103
2093
2094
2075
2085
2098
2096
2084
2072
2077
2070
2066
2076
2070
2078
2086
2104
2088
2075
2076
2076
2074
2072
2065
2075
2069
2061
2061
2066
2047
2066
2070
2064
2067
2072
2088
2086
2073
2081
2094
2080
2078
2085
2093
2090
2078
2092
2094
2088
2100
2101
2094
2084
2091
2094
2102
2105
2104
2120
2110
2109
2095
2096
2098
2101
2107
2115
2113
2104
2094
2099
2116
2119
2120
2122
2108
2126
2146
2127
2124
2118
2116
2128
2137
2121
2138
2120
2143
2150
2137
2137
2140
2114
2129
2128
2139
2127
2144
2150
2145
2136
2158
2139
2153
2140
2143
2134
2138
2141
2146
2123
2144
2136
2152
2161
2123
2145
2132
2099
2099
2102
2137
2134
2110
2116
2113
2138
2115
2115
2130
2118
2115
2092
2107
1997
2008
2001
2003
2025
2034
2020
2022
2045
2046
2053
2082
2079
2076
2064
2082
2087
2114
2117
2122
2121
2127
2133
2149
2149
2147
2174
2178
2171
2185
2192
2193
2176
2182
2187
2195
2200
2200
2188
2195
2187
2193
2183
2199
2190
2184
2153
2173
2174
2166
2177
2160
2147
2147
2151
2149
2144
2115
2125
2122
2121
2119
2112
2112
2108
2087
2069
2072
2078
2081
2037
2031
2027
2017
2009
2009
2012
1978
2004
1974
1972
1994
2007
1995
2005
2004
2030
2010
2025
2019
2021
2013
2033
2037
2041
2042
2025
2045
2059
2061
2081
2076
2093
2090
2107
2115
2110
2097
2103
2087
2104
2108
2124
2139
2144
2157
2144
2149
2156
2165
2167
2169
2180
2172
2190
2168
2147
2165
2118
2113
2105
2126
2156
2158
2207
2238
2276
2309
2330
2360
2387
2383
2373
2363
2341
2311
2283
2246
2231
2229
2198
2191
2158
2123
2109
2087
2019
1999
1979
1967
1971
1992
1998
2024
2030
2014
1984
1963
1914
1871
1837
1830
1834
1852
1888
1931
1936
1968
1980
1976
1967
1963
1979
2021
2080
2112
2177
2240
2256
2277
2303
2274
2262
2232
2253
2263
2268
2295
2308
2345
2333
2306
2271
2237
2192
2160
2129
2091
2070
2076
2059
2064
2074
2063
2030
2011
1988
1976
1934
1912
1882
1855
1841
1846
1857
1896
1914
1949
1988
2022
2082
2133
2141
2170
2185
2221
2210
2218
2216
2225
2224
2221
2204
2186
2163
2157
2137
2165
2167
2149
2144
2157
2129
2124
2100
2099
2180
2175
2169
2166
2148
2117
2100
2069
2074
2042
2015
2000
1976
1946
1935
1935
1943
1926
1950
1966
1981
2006
2051
2075
2100
2135
2190
2208
2214
2248
2255
2259
2247
2219
2217
2224
2200
2163
2116
2082
2061
2034
1996
1987
1967
1970
1955
1948
1975
1991
2020
2043
2064
2112
2149
2182
2217
2240
2259
2280
2290
2298
2298
2265
2252
2231
2186
2155
2131
2077
2057
2009
1990
1954
1927
1915
1908
1925
1928
1950
2000
2032
2048
2106
2160
2188
2214
2248
2275
2287
2305
2300
2286
2265
2245
2210
2182
2134
2071
2022
1990
1929
1910
1894
1860
1857
1853
1878
1877
1918
1942
1970
2011
2049
2102
2147
2196
2225
2260
2294
2283
2330
2323
2307
2304
2273
2230
2181
2472
2435
2397
2320
2299
2226
2149
2073
2004
1937
1874
1830
1776
1747
1748
1789
1842
1881
1941
2028
2078
2111
2085
2080
2050
2065
2098
2113
2128
2157
2193
2252
2310
2322
2335
2345
2310
2322
2293
2271
2242
2226
2193
2137
2078
2027
1943
1885
1856
1806
1791
1826
1862
1903
1910
1939
1977
1975
1969
1969
1989
2007
2030
2065
2076
2079
2081
2098
2106
2119
2144
2177
2232
2250
2272
2244
2212
2183
2129
2113
2091
2068
2067
2082
2087
2135
2146
2177
2200
2237
2276
2296
2347
2335
2343
2345
2323
2268
2200
2105
2031
1914
1846
1842
1814
1821
1850
1857
1851
1834
1818
1816
1874
1912
1947
2011
2040
2070
2019
1985
1987
1990
2033
2064
2099
2143
2199
2266
2109
2189
2265
2342
2402
2451
2461
2458
2443
2396
2339
2258
2180
2109
2024
1945
1858
1814
1796
1784
1786
1792
1848
1904
1974
2012
2086
2150
2185
2212
2254
2297
2310
2291
2272
2237
2224
2184
2164
2110
2060
2024
1991
1956
1932
1941
1944
1961
1977
1990
2041
2066
2103
2132
2192
2218
2208
2225
2234
2246
2226
2219
2209
2197
2160
2123
2085
2036
2016
2002
1998
2009
1995
2022
2005
2014
2052
2059
2087
2075
2116
2094
2078
2080
2080
2082
2071
2079
2081
2067
2044
2050
2052
2033
2046
2038
2083
2077
2101
2133
2162
2184
2209
2220
2229
2225
2225
2214
2204
2179
2153
2124
2128
2112
2094
2071
2071
2038
2032
2015
2028
2014
2017
2043
2066
2070
2098
2121
1648
1690
1762
1840
1957
2089
2200
2289
2354
2377
2372
2338
2294
2238
2189
2136
2110
2109
2118
2192
2216
2260
2292
2288
2263
2198
2100
2016
1924
1894
1836
1836
1830
1905
1950
2039
2135
2208
2226
2278
2283
2281
2242
2182
2119
2084
2073
2066
2067
2098
2127
2143
2125
2068
2003
1952
1864
1797
1784
1797
1851
1916
2053
2151
2242
2339
2437
2447
2460
2464
2413
2350
2256
2185
2054
1976
1868
1768
1707
1663
1655
1694
1751
1864
1971
2080
2161
2261
2318
2346
2368
2348
2329
2273
2240
2182
2128
2127
2116
2150
2158
2200
2218
2223
2230
2194
2113
2055
2010
1943
1894
1915
1953
1980
2029
2077
2111
2151
2128
2124
2146
2139
2140
2141
2148
2136
2105
2076
1954
1981
2013
2040
2067
2107
2092
2136
2165
2163
2143
2127
2108
2071
2062
2050
2038
2026
2043
2083
2112
2155
2175
2206
2235
2243
2210
2177
2159
2114
2088
2052
2036
2067
2090
2112
2127
2126
2119
2098
2059
1998
1936
1910
1873
1868
1898
1946
2025
2106
2202
2287
2384
2434
2443
2459
2424
2363
2286
2199
2095
2018
1931
1837
1772
1699
1666
1626
1683
1684
1752
1798
1903
1996
2089
2195
2290
2349
2395
2423
2398
2391
2374
2317
2247
2183
2119
2060
2004
1949
1904
1887
1869
1887
1953
1996
2067
2109
2172
2228
2254
2248
2240
2209
2168
2117
2069
1992
1972
1932
1919
1941
1985
2005
2054
2101
2176
2253
2332
2388
2420
2412
2388
2355
2326
2247
2166
2075
2017
1936
1843
1754
1734
1763
1785
1871
1999
2130
2251
2357
2481
2486
2482
2431
2324
2213
2070
1947
1852
1769
1722
1733
1780
1817
1844
1921
1955
1991
2026
2033
2027
2010
2050
2112
2142
2180
2213
2243
2274
2292
2254
2202
2133
2087
1955
1869
1813
1805
1732
1719
1747
1791
1876
1983
2123
2248
2391
2513
2562
2589
2567
2502
2377
2243
2123
2009
1943
1899
1927
1964
1985
2032
2064
2074
2067
2040
2049
2037
2044
2019
2039
2071
2081
2122
2170
2219
2283
2339
2376
2352
2273
2208
2073
1948
1846
1766
1707
1738
1809
1913
2079
2201
2328
2397
2406
2383
2283
2175
2066
1978
1935
1967
2030
2117
2246
2327
2377
2371
2334
2260
2179
2112
2071
2018
1986
1932
2040
2155
2266
2412
2531
2616
2720
2768
2796
2755
2730
2637
2600
2548
2469
2344
2213
2052
1829
1609
1455
1280
1216
1193
1260
1332
1456
1584
1747
1881
2032
2136
2244
2310
2367
2454
2494
2505
2557
2584
2577
2551
2512
2517
2429
2345
2261
2197
2135
2039
2002
1987
1989
1967
2003
2013
1990
1959
1952
1899
1908
1917
1944
1996
2039
2118
2189
2237
2273
2307
2334
2345
2308
2269
2224
2154
2061
2006
1962
1931
1927
1928
1980
2058
2113
2154
2178
2202
2155
2101
2060
1990
1949
1885
1827
1808
1828
1815
1873
1903
1990
2046
2089
2156
2215
2252
2295
2298
2277
2254
2205
2144
2083
1999
1932
1888
1882
1885
1927
1966
2030
2153
2223
2320
2412
2470
2502
2502
1249
1212
1195
1251
1372
1505
1644
1789
1966
2149
2293
2439
2587
2707
2820
2909
2996
3139
3157
3181
3158
3062
2891
2648
2347
1992
1665
1391
1096
887
751
694
744
875
1034
1234
1475
1709
1925
2168
2360
2551
2704
2866
2950
3018
3038
3068
3020
2897
2794
2631
2399
2205
2035
1876
1769
1693
1665
1691
1735
1762
1787
1804
1811
1757
1702
1621
1504
1464
1442
1481
1602
1772
1921
2120
2287
2491
2650
2762
2819
2852
2841
2808
2766
2669
2634
2501
2407
2256
2080
1847
1603
1369
1227
1106
1067
1130
1282
1501
1776
2088
2367
2562
2724
2769
2781
2687
2564
2357
2193
2061
1920
1820
1744
1718
1687
1711
1726
1826
1963
2103
2247
2392
2549
2657
2763
2826
2870
2819
2746
2649
2574
2519
2445
2386
2352
2317
2298
2258
2219
2153
2114
2010
1913
1785
1697
1629
1560
1539
1563
1656
1720
1818
1864
1957
1994
1993
1976
1957
1921
1888
1830
1809
1778
1792
1794
1818
1840
1863
1917
1910
1946
1997
2060
2096
2154
2188
2208
2192
2167
2138
2106
2102
2126
2208
2311
2432
2517
2568
2613
2626
2592
2557
2516
2459
2390
2360
2326
2340
2289
2272
2224
2138
2089
2047
2008
1967
1919
1903
1876
1866
1785
1767
1711
1694
1667
1684
1719
1773
1834
1915
2004
2051
2072
2091
2119
2116
2080
2057
2044
1976
1924
1901
1862
1863
1854
1891
1982
2045
2146
2205
2289
2341
2403
2462
2461
2444
2426
2414
2382
2337
2299
2286
2246
2209
2086
2214
2317
2422
2480
2498
2455
2354
2239
2093
1926
1813
1696
1649
1619
1616
1695
1833
1978
2139
2304
2452
2589
2685
2755
2766
2700
2608
2480
2261
2039
1792
1572
1318
1096
943
861
890
942
1094
1318
1576
1791
2099
2387
2641
2871
3064
3196
3256
3264
3228
3094
2926
2686
2433
2106
1783
1469
1193
987
787
715
727
803
1003
1190
1457
1744
2076
2357
2652
2883
3096
3226
3259
3210
3116
2985
2757
2522
2256
2000
1789
1642
1532
1447
1469
1524
1599
1735
1842
1994
2158
2337
2456
2554
2622
2651
2639
2565
2415
2268
2127
1944
1776
1646
1565
1515
1530
1544
1628
1735
1924
2098
2264
2472
2646
2812
2917
2992
3012
2997
2934
2780
2597
2405
2226
2890
2751
2635
2539
2493
2448
2355
2250
2111
1926
1748
1595
1492
1424
1424
1414
1443
1514
1612
1727
1856
1958
2072
2175
2233
2243
2280
2294
2288
2305
2342
2395
2392
2367
2289
2211
2134
2072
2037
2057
2090
2117
2154
2099
2031
1914
1816
1735
1695
1734
1782
1853
1920
1969
1925
1864
1766
1685
1656
1723
1802
1880
1936
1992
1984
1965
1940
1944
2043
2179
2329
2473
2594
2623
2641
2613
2589
2546
2551
2545
2498
2486
2456
2417
2392
2376
2376
2402
2363
2296
2171
2040
1880
1690
1563
1483
1427
1403
1432
1462
1534
1572
1586
1653
1734
1863
2027
2243
2483
2680
2859
2973
3012
2952
2834
2712
2612
2518
2463
2457
2494
2480
2394
2233
2027
1777
1527
1359
