2068
2086
2081
2088
2084
2076
2081
2091
2088
2088
2070
2078
2088
2087
2084
2078
2090
2090
2085
2087
2098
2101
2090
2101
2104
2098
2101
2111
2097
2100
2104
2096
2093
2109
2104
2110
2115
2108
2115
2114
2107
2121
2120
2122
2126
2115
2118
2112
2112
2109
2112
2111
2099
2100
2097
2102
2103
2106
2114
2114
2107
2102
2104
2109
2102
2108
2110
2112
2113
2102
2106
2106
2097
2098
2097
2096
2096
2096
2092
2086
2095
2102
2100
2100
2098
2094
2103
2098
2099
2098
2101
2098
2102
2095
2097
2091
2082
2086
2080
2089
2088
2080
2087
2085
2080
2082
2094
2088
2086
2094
2089
2092
2092
2087
2084
2086
2088
2086
2075
2086
2077
2089
2074
2082
2094
2080
2092
2092
2214
2214
2216
2227
2222
2225
2228
2215
2217
2211
2202
2204
2195
2194
2179
2159
2150
2138
2126
2105
2090
2094
2087
2071
2060
2045
2038
2022
2021
2020
2021
2004
2003
1992
2003
2005
2019
2023
2014
2020
2041
2035
2038
2059
2068
2088
2090
2084
2091
2101
2109
2108
2115
2123
2120
2108
2121
2118
2100
2109
2104
2087
2070
2064
2052
2035
2027
2004
2010
2014
1995
1991
1991
1987
1974
1971
1965
1971
1972
1969
1973
1984
1990
2007
2005
2020
2035
2046
2064
2075
2086
2099
2120
2131
2160
2165
2177
2195
2200
2205
2215
2207
2214
2217
2204
2204
2197
2184
2187
2176
2154
2139
2145
2129
2132
2130
2096
2098
2082
2076
2053
2046
2045
2028
2036
2031
2019
2020
2236
2226
2223
2210
2205
2189
2181
2152
2144
2134
2129
2130
2117
2113
2109
2101
2075
2054
2042
1995
1976
1960
1949
1941
1936
1936
1952
1976
2000
2023
2038
2049
2062
2072
2084
2102
2107
2114
2120
2131
2126
2127
2134
2133
2127
2138
2152
2157
2190
2227
2263
2304
2331
2367
2382
2386
2393
2373
2352
2313
2276
2248
2238
2229
2227
2230
2252
2263
2268
2281
2273
2254
2214
2169
2127
2078
2017
1982
1950
1935
1923
1907
1906
1913
1908
1915
1917
1928
1928
1928
1924
1934
1928
1940
1943
1963
1975
1984
2018
2040
2066
2099
2134
2152
2177
2190
2208
2218
2216
2202
2181
2176
2161
2126
2108
2091
2086
2075
2058
2056
2049
2051
2035
2017
2010
2007
2000
1985
1807
1830
1850
1886
1920
1949
1978
2006
2032
2047
2049
2078
2083
2083
2103
2097
2093
2092
2099
2080
2084
2070
2076
2075
2069
2076
2090
2100
2104
2121
2136
2145
2163
2178
2204
2212
2226
2249
2255
2270
2273
2268
2273
2274
2277
2260
2246
2221
2218
2197
2182
2153
2131
2106
2088
2068
2056
2037
2038
2019
2032
2037
2074
2098
2110
2157
2186
2224
2246
2282
2298
2299
2312
2311
2297
2269
2252
2224
2190
2167
2121
2106
2076
2058
2048
2023
2024
2017
1998
1977
1978
1963
1948
1924
1904
1916
1898
1893
1899
1898
1905
1912
1920
1927
1937
1933
1944
1942
1933
1930
1928
1940
1948
1932
1952
1949
1982
2011
2028
2053
2091
2117
2153
2175
2230
2261
2288
2324
1824
1935
2058
2196
2318
2401
2451
2460
2450
2444
2435
2450
2483
2490
2508
2497
2468
2452
2406
2339
2268
2158
2041
1943
1843
1824
1829
1843
1874
1903
1888
1897
1890
1884
1871
1877
1852
1875
1884
1927
1978
2080
2163
2240
2284
2338
2380
2378
2352
2306
2238
2164
2107
2076
2068
2070
2112
2107
2083
2035
1982
1930
1904
1888
1871
1864
1838
1787
1765
1771
1802
1855
1913
1981
2035
2072
2105
2128
2147
2137
2126
2123
2147
2183
2276
2402
2514
2593
2630
2607
2519
2404
2281
2159
2076
2044
2017
2012
1992
1965
1909
1878
1837
1830
1829
1857
1880
1909
1919
1874
1826
1795
1760
1738
1773
1842
1937
2024
2109
2175
2221
2233
2250
2266
2284
2293
2347
2388
2075
2046
2022
2026
2038
2079
2111
2158
2187
2188
2165
2120
2030
1951
1861
1761
1692
1661
1670
1720
1799
1921
2058
2195
2328
2445
2530
2576
2594
2576
2559
2508
2462
2414
2366
2309
2243
2193
2140
2056
1981
1910
1844
1772
1728
1672
1650
1661
1684
1711
1770
1797
1842
1856
1896
1920
1938
1940
1970
2004
2042
2084
2145
2197
2279
2354
2409
2455
2494
2524
2540
2537
2540
2538
2512
2468
2411
2354
2281
2194
2100
2034
1955
1904
1862
1841
1842
1834
1839
1864
1884
1886
1899
1915
1927
1952
1968
1987
2006
2023
2043
2058
2060
2065
2064
2074
2078
2103
2140
2192
2266
2347
2448
2544
2628
2677
2714
2707
2664
2590
2488
2364
2265
2141
2039
1929
1870
1804
2505
2472
2475
2508
2549
2589
2600
2565
2487
2368
2240
2122
2008
1880
1773
1689
1596
1495
1451
1469
1527
1617
1724
1810
1894
1978
2072
2173
2285
2399
2477
2501
2480
2411
2324
2274
2279
2344
2424
2502
2541
2530
2471
2388
2279
2150
2042
1949
1884
1853
1843
1874
1947
2013
2087
2130
2137
2114
2052
1992
1920
1892
1868
1892
1934
1995
2048
2119
2191
2244
2286
2286
2277
2222
2169
2111
2092
2097
2131
2184
2242
2277
2291
2270
2222
2132
2036
1932
1869
1825
1800
1821
1884
1922
1944
1952
1956
1932
1908
1898
1895
1932
1985
2034
2072
2107
2147
2154
2164
2162
2150
2128
2076
2009
1912
1841
1761
1715
1720
1750
1816
1905
2005
2123
2197
2270
2320
2369
2447
2320
2182
2045
1925
1834
1751
1688
1655
1627
1599
1586
1580
1586
1608
1660
1747
1847
1974
2117
2250
2374
2460
2504
2505
2474
2413
2348
2302
2265
2259
2282
2317
2336
2344
2326
2293
2229
2116
1990
1856
1720
1607
1527
1475
1465
1506
1578
1679
1815
1942
2054
2158
2239
2303
2360
2403
2430
2445
2441
2420
2386
2347
2272
2213
2140
2085
2030
1981
1949
1944
1959
2000
2043
2114
2189
2234
2259
2271
2256
2219
2148
2087
2028
1963
1928
1926
1950
2010
2082
2145
2198
2218
2224
2184
2127
2045
1970
1916
1894
1916
1985
2070
2163
2245
2302
2335
2331
2316
2267
2203
2138
2089
2067
2047
2045
2043
2037
2033
2028
2032
2056
2083
2100
2144
2172
2205
2221
3091
3010
2861
2659
2449
2224
1972
1764
1594
1487
1393
1324
1309
1312
1353
1442
1580
1734
1921
2094
2230
2324
2396
2467
2513
2552
2583
2614
2604
2556
2497
2441
2354
2278
2197
2077
1968
1837
1710
1603
1564
1525
1562
1622
1729
1835
1924
2020
2072
2118
2150
2187
2204
2241
2255
2260
2257
2235
2195
2140
2092
2051
2022
2010
2019
2040
2062
2070
2100
2106
2128
2134
2138
2140
2142
2159
2159
2163
2162
2128
2087
2023
1945
1858
1788
1730
1717
1749
1812
1904
2031
2148
2274
2378
2462
2513
2540
2561
2550
2544
2542
2536
2522
2507
2470
2441
2416
2371
2325
2255
2206
2164
2112
2081
2058
2024
2016
1991
1983
1955
1908
1884
1851
1822
1781
1764
1747
1742
1562
1376
1211
1086
1042
1052
1127
1283
1502
1760
2053
2341
2606
2826
2988
3056
3072
3034
2960
2851
2729
2637
2561
2517
2510
2532
2560
2569
2556
2505
2414
2266
2116
1930
1742
1572
1447
1344
1286
1280
1313
1396
1509
1668
1844
2018
2164
2312
2425
2492
2534
2514
2481
2418
2352
2290
2267
2258
2273
2327
2400
2494
2547
2581
2571
2517
2409
2268
2096
1894
1691
1478
1289
1125
1005
924
911
998
1142
1372
1649
1945
2232
2486
2686
2798
2810
2735
2572
2360
2150
1936
1779
1700
1727
1810
1969
2161
2365
2544
2664
2735
2754
2728
2628
2495
2336
2127
1931
1726
1535
1409
1306
1284
1329
1465
1643
1858
2068
2265
2408
2497
2542
2522
2484
2439
2371
2329
1332
1188
1087
1034
1031
1068
1141
1258
1412
1583
1776
1968
2168
2355
2526
2659
2761
2821
2831
2792
2696
2566
2412
2246
2091
1948
1846
1793
1797
1850
1954
2098
2275
2454
2627
2779
2896
2968
2985
2968
2874
2744
2556
2324
2050
1744
1432
1144
882
683
548
512
572
709
928
1219
1541
1886
2235
2567
2872
3133
3348
3484
3557
3548
3468
3296
3056
2752
2430
2086
1758
1468
1227
1069
989
984
1051
1184
1353
1556
1771
1993
2212
2398
2558
2676
2748
2765
2732
2617
2460
2272
2066
1859
1673
1522
1432
1399
1435
1521
1666
1833
2024
2210
2387
2540
2671
2766
2813
2812
2760
2663
2515
2325
2115
1879
1659
1452
1312
1214
1184
1221
1324
1499
1720
1977
2075
1960
1805
1629
1433
1256
1149
1147
1282
1513
1786
2063
2280
2413
2448
2404
2326
2254
2248
2303
2409
2502
2537
2480
2332
2118
1907
1745
1663
1688
1794
1930
2041
2049
1929
1680
1344
1040
846
854
1089
1515
2052
2599
3043
3327
3426
3351
3165
2956
2758
2604
2485
2351
2183
1944
1666
1398
1195
1118
1204
1448
1795
2160
2444
2560
2473
2209
1837
1425
1072
837
776
854
1070
1352
1667
1981
2286
2569
2857
3127
3361
3501
3560
3490
3282
2971
2577
2153
1744
1393
1150
1049
1087
1248
1484
1757
1991
2167
2269
2328
2350
2370
2395
2413
2431
2421
2380
2288
2152
1986
1850
1777
1801
1919
2097
2272
2412
2474
2469
2392
2298
2195
2114
2036
1962
1877
3484
3562
3535
3406
3171
2839
2451
2040
1595
1199
859
597
434
390
434
608
862
1188
1569
1976
2383
2758
3072
3313
3451
3491
3428
3264
3024
2724
2399
2054
1754
1496
1314
1200
1174
1224
1351
1525
1738
1968
2207
2394
2558
2660
2698
2672
2604
2489
2351
2191
2045
1904
1803
1755
1739
1778
1883
2026
2174
2323
2440
2522
2541
2504
2397
2245
2067
1864
1669
1512
1401
1345
1366
1452
1607
1828
2117
2434
2757
3077
3333
3525
3604
3550
3392
3102
2729
2288
1821
1380
993
717
568
545
669
925
1278
1709
2179
2650
3088
3452
3694
3798
3764
3558
3200
2743
2188
1600
1056
576
226
35
43
207
538
999
1542
2125
2694
3221
3641
3939
4090
4080
2280
1881
1525
1180
880
602
386
253
225
324
509
762
1014
1225
1382
1444
1412
1347
1244
1188
1201
1326
1565
1888
2254
2604
2918
3207
3482
3762
4017
4095
4095
4095
4095
3880
3379
2753
2038
1281
541
1
2
1
2
1
1
2
2
3
482
1281
2106
2904
3606
4095
4095
4095
4095
4095
4095
4095
4095
3997
3643
3289
2906
2525
2167
1883
1738
1710
1835
2008
2152
2188
2072
1807
1456
1104
782
555
417
340
307
305
356
481
649
920
1302
1788
2393
3040
3685
4095
4095
4095
4095
4095
4095
3968
3375
2726
2082
1480
955
535
248
82
45
145
389
740
1208
1780
2416
3049
3600
3994
4095
4095
4005
3715
3351
2991
2626
2255
3
2
441
1260
2041
2719
3266
3662
3933
4085
4095
4070
3886
3539
3065
2428
1707
981
352
2
2
0
24
436
954
1480
1960
2344
2615
2779
2879
2922
2946
2924
2900
2799
2609
2328
1993
1662
1382
1228
1214
1352
1624
1968
2327
2642
2878
3010
3042
2979
2879
2736
2570
2382
2162
1880
1556
1181
846
585
465
561
847
1306
1880
2475
3033
3474
3776
3910
3890
3738
3487
3171
2811
2407
1955
1465
956
484
78
1
3
3
316
892
1596
2365
3116
3772
4095
4095
4095
4095
4095
4015
3480
2852
2133
1411
712
146
4
3
1
0
361
977
1659
2336
2941
3419
3739
3912
3952
3870
3656
3355
2926
2404
1808
1162
546
23
1
1
