2044
2085
2090
2093
2087
2089
2094
2099
2112
2073
2074
2092
2094
2097
2086
2077
2103
2112
2108
2103
2091
2111
2109
2119
2113
2112
2081
2067
2084
2072
2086
2065
2089
2080
2083
2082
2100
2073
2101
2091
2102
2123
2104
2083
2091
2086
2113
2110
2102
2097
2110
2104
2096
2106
2110
2095
2077
2101
2069
2086
2087
2068
2112
2093
2130
2094
2120
2120
2080
2096
2088
2079
2074
2121
2082
2089
2067
2075
2097
2069
2086
2088
2088
2091
2098
2075
2097
2072
2091
2091
2096
2069
2084
2078
2078
2085
2106
2102
2105
2083
2098
2103
2099
2098
2090
2074
2099
2092
2111
2119
2117
2117
2125
2080
2107
2088
2083
2103
2079
2096
2084
2111
2091
2070
2060
2072
2064
2101
2083
2122
2104
2111
2087
2076
2077
2059
2069
2090
2057
2088
2107
2097
2070
2105
2092
2079
2069
2090
2093
2095
2089
2113
2105
2095
2088
2068
2066
2081
2069
2077
2095
2104
2111
2100
2098
2076
2043
2069
2064
2069
2083
2064
2092
2075
2084
2072
2085
2104
2096
2084
2081
2108
2113
2097
2097
2106
2102
2082
2089
2092
2073
2090
2067
2069
2089
2097
2109
2109
2117
2095
2100
2091
2103
2094
2082
2134
2123
2096
2094
2092
2097
2099
2102
2118
2118
2058
2079
2084
2096
2104
2116
2101
2099
2072
2083
2108
2108
2070
2077
2093
2085
2102
2095
2100
2085
2114
2090
2085
2098
2093
2105
2108
2109
2111
2090
2103
2087
2090
2105
2102
2111
2115
2115
2112
2103
2135
2143
2125
2126
2097
2089
2094
2064
2074
2077
2068
2092
2081
2102
2110
2081
2089
2091
2077
2099
2073
2122
2110
2138
2114
2096
2096
2112
2089
2097
2109
2100
2120
2119
2106
2120
2102
2104
2115
2109
2071
2078
2064
2087
2085
2066
2080
2066
2087
2073
2093
2101
2073
2068
2063
2051
2038
2053
2091
2096
2071
2103
2099
2102
2079
2085
2076
2110
2113
2158
2129
2133
2108
2134
2105
2073
2061
2087
2082
2058
2041
2055
2062
2088
2067
2059
2098
2106
2103
2115
2099
2125
2103
2104
2136
2117
2123
2096
2096
2095
2043
2068
2047
2018
2020
2023
1990
2027
2024
1994
1999
2020
2041
2041
2039
2043
2058
2087
2068
2079
2075
2079
2071
2083
2088
2070
2091
2087
2087
1888
1871
1877
1882
1875
1916
1959
1982
2001
2026
2050
2096
2130
2120
2145
2127
2110
2123
2103
2080
2120
2129
2143
2172
2189
2192
2222
2260
2244
2294
2298
2316
2334
2323
2295
2273
2248
2199
2149
2121
2127
2088
2041
2053
2035
2013
2013
2019
2049
2090
2109
2084
2091
2098
2084
2075
2050
2014
2027
1990
1965
1972
1946
1927
1938
1922
1921
1930
1960
1982
1986
2022
2067
2080
2118
2143
2173
2199
2198
2200
2188
2197
2169
2162
2133
2109
2105
2096
2076
2064
2085
2069
2089
2086
2092
2104
2138
2155
2173
2172
2169
2178
2160
2142
2141
2127
2084
2042
2039
1997
1968
1971
1974
2003
1989
1983
2008
2028
2054
2082
2084
2085
2091
2094
2106
2112
2134
2151
2160
2157
2143
2112
2140
2111
2100
2096
2091
2090
2060
2075
2059
2082
2078
2082
2099
2083
2097
2083
2100
2094
2103
2119
2094
2093
2086
2088
2088
2074
2083
2058
2062
2059
2066
2065
2057
2070
2077
2049
2067
2088
2088
2056
2058
2069
2045
2009
1995
2009
2001
1991
1963
1956
1957
1997
1956
1978
1981
2008
2016
2024
2078
2135
2165
2218
2240
2272
2307
2313
2342
2333
2318
2300
2283
2261
2217
2170
2126
2066
2025
2015
1967
1927
1921
1891
1903
1931
1932
1942
1982
1979
2004
2036
2066
2112
2092
2139
2155
2158
2177
2186
2174
2210
2223
2218
2193
2184
2182
2165
2144
2124
2114
2076
2069
2052
2017
2050
2054
2070
2117
2096
2103
2120
2146
2160
2172
2144
2213
2280
2389
2430
2476
2510
2496
2488
2461
2448
2374
2298
2246
2165
2062
1995
1934
1855
1826
1812
1798
1810
1819
1793
1805
1802
1830
1897
1946
2036
2080
2112
2112
2168
2196
2232
2233
2239
2238
2251
2270
2224
2174
2136
2072
2058
2067
2078
2093
2072
2034
2019
1980
1978
1987
2042
2085
2143
2137
2122
2118
2116
2121
2167
2197
2196
2194
2208
2203
2199
2180
2156
2097
2060
2073
2055
2076
2082
2083
2046
1970
1955
1937
1982
1998
2045
2063
2066
2060
2064
2101
2121
2168
2174
2185
2198
2205
2203
2218
2188
2178
2154
2136
2141
2127
2141
2120
2144
2117
2092
2112
2115
2119
2104
2108
2088
2050
2054
2060
2090
2122
2193
2239
2236
2215
2192
2151
2091
2178
2235
2325
2376
2415
2439
2456
2434
2393
2336
2278
2206
2135
2056
1978
1910
1845
1786
1761
1748
1758
1798
1865
1918
1996
2092
2170
2246
2281
2321
2334
2353
2358
2302
2283
2252
2203
2115
2049
1990
1919
1877
1831
1825
1804
1793
1834
1881
1901
1938
1998
2031
2072
2090
2089
2110
2129
2153
2171
2184
2214
2221
2236
2250
2272
2296
2306
2314
2321
2303
2275
2255
2226
2163
2108
2023
1949
1883
1846
1796
1746
1715
1716
1718
1732
1792
1864
1973
2052
2161
2252
2368
2439
2481
2544
2537
2523
2484
2405
2344
2259
2174
2086
1994
1898
1841
1800
1769
1727
1745
1752
1795
1819
1880
1923
1970
2043
2109
2156
2176
2184
2202
2234
2227
2248
2238
2204
2193
2021
1968
1956
1932
1962
2013
2093
2141
2192
2242
2257
2325
2408
2455
2495
2495
2476
2411
2365
2280
2169
2072
1959
1864
1777
1702
1663
1659
1654
1668
1710
1809
1916
2042
2143
2199
2238
2270
2305
2346
2391
2392
2384
2349
2267
2213
2157
2110
2066
2001
1943
1867
1782
1682
1634
1560
1568
1600
1661
1709
1753
1802
1880
2002
2140
2266
2389
2457
2499
2488
2454
2460
2451
2475
2486
2495
2465
2377
2279
2170
2081
2039
2025
2008
1943
1895
1805
1722
1650
1647
1692
1756
1804
1855
1932
2005
2098
2200
2280
2349
2459
2564
2625
2640
2677
2630
2545
2522
2473
2409
2297
2139
2010
1899
1776
1708
1673
1640
1589
1636
1641
1674
1751
1831
1923
2008
2071
2123
1851
1749
1736
1733
1759
1793
1857
1951
2037
2159
2235
2312
2376
2424
2403
2363
2273
2213
2117
2011
1918
1848
1792
1758
1798
1831
1906
1989
2082
2185
2292
2383
2441
2499
2472
2494
2460
2386
2284
2168
2063
1979
1927
1878
1843
1820
1859
1855
1916
2003
2036
2065
2082
2112
2120
2132
2114
2082
2051
2032
1998
1998
2016
2021
2068
2111
2160
2211
2272
2289
2328
2307
2301
2268
2199
2168
2079
2016
1968
1962
1930
1902
1940
2003
2026
2076
2149
2216
2236
2269
2272
2285
2243
2190
2098
2012
1923
1835
1795
1759
1768
1795
1837
1901
1992
2069
2137
2229
2274
2309
2327
2326
2311
2278
2222
2177
2141
2112
2072
2028
2014
2011
2000
2004
2026
2014
1999
2007
2003
2038
2018
1960
1942
1926
1976
2126
2333
2512
2650
2712
2643
2528
2380
2242
2149
2052
1951
1835
1702
1643
1650
1733
1894
2070
2177
2220
2185
2191
2197
2232
2254
2276
2295
2328
2323
2348
2373
2393
2353
2266
2156
1953
1797
1646
1551
1504
1470
1525
1656
1819
2016
2168
2291
2375
2396
2414
2366
2341
2258
2185
2118
2103
2158
2225
2291
2335
2363
2403
2383
2306
2181
2062
1925
1823
1747
1683
1645
1632
1670
1798
1961
2153
2291
2355
2346
2315
2264
2174
2050
1961
1915
1900
1901
1926
1925
1949
1986
2083
2198
2247
2261
2224
2203
2249
2273
2300
2300
2320
2365
2399
2403
2352
2226
2098
1981
1910
1845
1725
1640
1538
1486
1550
1645
1796
1934
2080
1744
1765
1766
1833
1898
1967
2054
2155
2265
2340
2376
2407
2422
2383
2321
2288
2220
2119
2016
1978
1928
1896
1867
1870
1919
1982
2044
2130
2247
2365
2469
2540
2617
2609
2593
2503
2408
2294
2171
2044
1934
1830
1777
1745
1735
1735
1824
1883
1961
2042
2142
2183
2246
2290
2276
2251
2201
2127
2047
1928
1847
1749
1633
1594
1573
1578
1638
1729
1833
1976
2143
2268
2415
2507
2600
2625
2621
2605
2510
2394
2271
2128
1985
1859
1730
1639
1625
1625
1715
1840
1998
2149
2324
2469
2587
2670
2664
2696
2655
2552
2402
2236
2051
1847
1596
1428
1305
1249
1242
1310
1505
1678
1859
2104
2335
2529
2679
2765
2831
2834
2754
2664
2528
2324
2098
1873
1664
1473
1681
1616
1552
1528
1535
1556
1597
1672
1708
1790
1920
2097
2288
2418
2479
2533
2510
2516
2544
2599
2624
2620
2556
2410
2224
2043
1904
1809
1726
1664
1668
1666
1667
1670
1651
1676
1697
1801
1960
2067
2131
2087
2017
1964
1964
2051
2222
2392
2490
2513
2479
2420
2369
2372
2372
2360
2333
2276
2195
2137
2099
2072
2057
2019
1982
1927
1792
1641
1531
1484
1487
1527
1643
1772
1917
2058
2217
2341
2441
2524
2568
2573
2541
2516
2450
2365
2309
2248
2239
2225
2238
2241
2189
2099
1976
1860
1790
1716
1769
1781
1804
1819
1774
1761
1748
1812
1891
1993
2096
2116
2125
2104
2162
2269
2440
2594
2725
2770
2714
2610
2453
2340
2216
2135
2014
1920
1773
1722
1977
2000
2037
2067
2081
2100
2113
2126
2115
2113
2117
2105
2078
2004
1959
1897
1842
1808
1793
1784
1768
1787
1817
1856
1880
1925
1953
1964
1999
1999
2007
2017
2007
1996
1991
2021
2059
2066
2116
2165
2196
2264
2346
2422
2454
2501
2553
2571
2573
2547
2464
2382
2266
2143
2004
1844
1748
1634
1580
1560
1597
1682
1785
1936
2109
2318
2485
2663
2818
2913
2966
2952
2901
2768
2591
2379
2176
1971
1752
1560
1389
1258
1172
1145
1170
1275
1427
1609
1797
2031
2232
2438
2552
2670
2726
2717
2650
2553
2432
2274
2126
1975
1893
1795
1739
1706
1698
1749
1815
1864
1942
2038
2121
2184
2252
2308
2310
2250
2175
2071
1956
1852
1756
1694
1686
1721
1815
1918
1433
1432
1486
1524
1615
1661
1673
1707
1678
1720
1815
2036
2369
2733
3067
3354
3513
3537
3460
3304
3102
2847
2556
2224
1868
1514
1168
870
635
463
337
315
400
611
942
1365
1896
2379
2814
3165
3412
3537
3567
3525
3423
3271
3039
2752
2410
1966
1544
1175
926
850
907
1133
1398
1682
1914
2059
2121
2178
2259
2378
2566
2772
2943
3032
3000
2874
2682
2507
2362
2266
2231
2267
2302
2296
2245
2169
2056
1956
1849
1816
1823
1835
1862
1796
1644
1420
1208
1017
942
984
1177
1508
1817
2164
2416
2620
2777
2911
3047
3155
3217
3240
3230
3156
3027
2814
2524
2148
1729
1352
1016
793
683
707
808
923
1030
1146
1309
1546
1874
2288
2728
3157
2091
2045
2028
2029
2022
1997
1958
1953
1934
1934
1984
2040
2082
2144
2201
2229
2262
2301
2264
2210
2172
2100
2021
1947
1842
1813
1800
1800
1797
1849
1888
1975
2035
2128
2260
2401
2519
2611
2685
2753
2778
2702
2624
2454
2312
2121
1941
1711
1569
1436
1326
1264
1239
1253
1318
1474
1650
1892
2189
2468
2760
3020
3192
3317
3357
3313
3192
2945
2658
2299
1926
1551
1231
916
688
522
448
457
591
773
1087
1459
1864
2309
2708
3116
3456
3672
3771
3774
3671
3436
3111
2726
2285
1835
1390
1029
754
552
461
528
653
913
1267
1671
2116
2570
2956
3322
3572
3702
3715
3610
3375
3048
2627
2169
1704
1279
908
641
494
463
584
800
1076
1447
