2098
2100
2083
2080
2098
2090
2088
2070
2091
2116
2094
2078
2091
2082
2078
2105
2100
2096
2083
2068
2102
2104
2107
2107
2100
2096
2095
2084
2098
2096
2093
2093
2091
2116
2093
2103
2100
2082
2105
2089
2085
2077
2085
2089
2078
2095
2097
2096
2099
2092
2097
2091
2097
2091
2086
2098
2089
2099
2106
2102
2096
2092
2100
2095
2091
2109
2096
2111
2092
2106
2089
2107
2098
2102
2081
2084
2090
2113
2103
2116
2105
2107
2096
2094
2106
2087
2099
2102
2099
2092
2103
2085
2097
2102
2078
2080
2081
2087
2095
2106
2093
2094
2107
2102
2098
2102
2089
2109
2092
2102
2098
2103
2099
2117
2086
2096
2085
2089
2072
2085
2086
2103
2108
2101
2089
2096
2077
2073
2036
2034
2055
2056
2056
2053
2052
2040
2051
2042
2049
2043
2048
2040
2041
2057
2065
2081
2070
2065
2072
2062
2050
2077
2064
2065
2081
2075
2075
2078
2068
2067
2072
2060
2091
2106
2092
2101
2100
2094
2088
2103
2109
2107
2099
2095
2083
2096
2105
2091
2109
2098
2110
2101
2110
2125
2129
2111
2111
2098
2128
2125
2139
2134
2121
2126
2127
2125
2152
2136
2129
2128
2132
2155
2146
2130
2137
2129
2129
2117
2120
2121
2115
2121
2122
2105
2104
2118
2107
2132
2116
2112
2126
2112
2106
2100
2100
2110
2095
2095
2101
2082
2056
2088
2092
2105
2110
2091
2086
2082
2082
2078
2084
2081
2093
2096
2102
2105
2097
2056
2073
2075
2073
2078
2088
2073
2092
2080
1907
1917
1931
1908
1931
1931
1945
1966
1975
1991
2031
2024
2040
2050
2072
2087
2088
2111
2128
2152
2156
2166
2176
2182
2191
2196
2196
2217
2210
2218
2229
2253
2227
2209
2232
2222
2244
2243
2230
2262
2235
2236
2246
2227
2212
2223
2194
2198
2167
2167
2162
2156
2158
2131
2103
2093
2104
2110
2093
2075
2057
2053
2059
2062
2030
2040
2048
2051
2046
2006
2007
2018
2004
1997
1993
1992
1985
2004
2009
1985
1983
2000
1976
1984
1965
1983
1996
1999
1988
2019
2022
2025
2064
2089
2084
2089
2112
2112
2132
2163
2145
2149
2169
2166
2160
2159
2138
2126
2113
2128
2113
2094
2102
2093
2060
2081
2073
2064
2022
2005
2034
2027
2007
2019
2014
2024
2023
2018
2140
2116
2107
2106
2107
2071
2062
2027
2028
2010
2005
1964
1953
1931
1960
1968
1982
2017
2052
2067
2087
2112
2125
2176
2181
2158
2170
2143
2145
2129
2114
2114
2109
2099
2110
2100
2118
2104
2086
2052
2024
2026
2036
2029
2015
2017
2027
2043
2093
2109
2152
2168
2184
2199
2211
2205
2200
2178
2202
2188
2163
2101
2093
2076
2040
2023
2013
1992
1980
1976
1982
1976
1966
1963
1965
1979
1978
1969
1968
1966
1979
1971
1997
2021
2020
2032
2043
2061
2079
2126
2163
2180
2185
2191
2210
2202
2208
2243
2223
2222
2234
2213
2228
2247
2237
2225
2205
2190
2174
2107
2085
2055
2019
1996
2022
2022
2035
2032
2071
2092
2116
2129
2153
2138
2151
2136
2151
2139
2012
2042
2076
2098
2129
2148
2154
2155
2177
2209
2208
2212
2234
2260
2269
2295
2292
2289
2266
2218
2175
2128
2089
2022
1991
1955
1919
1918
1910
1907
1904
1909
1962
1988
2015
2050
2099
2165
2165
2220
2274
2326
2336
2342
2308
2287
2262
2226
2213
2199
2167
2173
2194
2188
2187
2175
2165
2123
2086
2041
1990
1948
1897
1869
1854
1847
1848
1840
1872
1877
1889
1902
1901
1912
1930
1942
1957
2024
2086
2131
2194
2223
2265
2302
2285
2307
2272
2243
2217
2172
2143
2118
2052
2035
2013
1986
1983
1968
1966
1965
1958
1961
1968
1964
1966
2006
2035
2068
2089
2119
2139
2139
2140
2120
2137
2136
2140
2143
2188
2200
2271
2283
2309
2352
2358
2345
2336
2286
1908
1978
2075
2156
2232
2285
2338
2338
2360
2352
2338
2297
2287
2219
2170
2136
2119
2102
2091
2078
2091
2075
2056
1984
1957
1970
1960
1999
1995
2057
2080
2109
2164
2169
2228
2235
2273
2278
2290
2284
2250
2242
2208
2192
2135
2121
2077
2057
2026
2000
1974
1894
1886
1840
1765
1740
1734
1769
1803
1881
1945
1997
2068
2142
2216
2256
2293
2299
2338
2316
2308
2304
2249
2239
2201
2131
2106
2073
2017
1997
1946
1952
1892
1870
1825
1784
1772
1795
1804
1834
1924
2037
2129
2217
2283
2366
2423
2469
2489
2486
2464
2419
2360
2313
2279
2198
2132
2074
2022
1970
1917
1869
1855
1822
1782
1785
1775
1790
1805
1852
1884
1924
1957
1979
2060
2121
2160
2230
2282
2267
2265
2254
2209
2186
2116
2040
2016
1990
1976
1965
1952
1982
2022
2033
2068
2122
2126
2135
2131
2096
2032
1997
1993
1955
1945
1980
2024
2069
2109
2155
2198
2250
2256
2244
2187
2133
2084
1994
1928
1883
1881
1863
1874
1904
1958
2028
2092
2151
2182
2181
2174
2129
2084
2019
1979
1932
1923
1952
2023
2077
2183
2277
2337
2384
2420
2389
2329
2294
2187
2069
1990
1928
1860
1856
1857
1904
1937
2005
2064
2141
2177
2207
2224
2239
2250
2204
2156
2122
2080
2027
1994
1984
1975
2003
2038
2091
2135
2181
2186
2165
2182
2152
2082
2037
2000
1985
2002
2022
2082
2131
2197
2255
2277
2294
2289
2260
2197
2142
2060
1986
1943
1887
1884
1858
1885
1922
2272
2305
2313
2289
2282
2271
2251
2218
2209
2184
2155
2116
2100
2075
2020
1965
1931
1897
1864
1840
1836
1858
1869
1863
1875
1919
1955
1987
2052
2089
2155
2202
2270
2338
2365
2359
2370
2319
2279
2245
2178
2142
2099
2061
2017
2000
1967
1983
1950
1909
1910
1940
1941
1986
2030
2089
2127
2170
2223
2249
2280
2284
2256
2246
2239
2222
2226
2220
2216
2199
2179
2146
2113
2050
2000
1926
1856
1803
1799
1798
1831
1841
1890
1921
1941
1997
1999
2033
2032
2072
2063
2078
2111
2129
2168
2217
2274
2293
2333
2374
2387
2385
2386
2375
2333
2284
2284
2234
2176
2150
2106
2061
2030
1967
1921
1881
1824
1798
1778
1761
1781
1822
1855
1914
1968
2044
2067
2105
2165
2163
2184
2172
2165
2158
2157
2159
2171
2200
2223
2205
2195
2149
2088
2043
1979
1883
1856
1817
1842
1877
1949
2025
2103
2168
2184
2168
2156
2075
2000
1905
1808
1737
1674
1656
1690
1769
1860
1972
2089
2248
2379
2520
2636
2743
2779
2778
2745
2653
2505
2319
2112
1917
1733
1610
1522
1495
1507
1527
1580
1659
1734
1846
1936
2044
2169
2260
2314
2385
2381
2342
2306
2243
2217
2203
2238
2247
2252
2261
2244
2187
2100
1996
1883
1796
1784
1823
1862
1906
1976
2012
2034
2055
2045
2060
2093
2106
2146
2176
2203
2198
2148
2127
2124
2147
2184
2244
2314
2353
2357
2312
2239
2168
2089
2012
1939
1933
1928
1925
1942
1955
2006
2069
2143
2211
2303
2369
1984
1942
1901
1887
1894
1892
1910
1988
2032
2089
2155
2190
2226
2254
2284
2301
2246
2210
2163
2096
2056
2011
1966
1946
1949
1938
1950
1986
2017
2087
2120
2151
2179
2205
2246
2255
2255
2257
2253
2225
2189
2136
2078
1996
1933
1911
1857
1845
1850
1878
1907
1925
1953
1962
1999
2051
2061
2085
2093
2111
2131
2136
2150
2148
2129
2126
2133
2115
2094
2086
2084
2093
2112
2093
2081
2096
2078
2070
2066
2096
2130
2163
2202
2201
2215
2249
2238
2210
2167
2111
2049
1985
1956
1904
1871
1882
1897
1896
1932
1991
2048
2095
2152
2207
2260
2318
2339
2330
2299
2252
2181
2113
2025
1973
1907
1895
1890
1902
1978
2041
2133
2224
2276
2352
2387
2436
2447
2433
2132
2104
2026
1922
1866
1822
1812
1876
1992
2154
2257
2348
2429
2448
2453
2458
2442
2428
2416
2353
2243
2101
1982
1943
1930
1990
2106
2229
2316
2382
2393
2358
2280
2208
2155
2101
2034
1944
1821
1669
1553
1474
1463
1514
1645
1795
1945
2119
2212
2278
2289
2305
2312
2255
2220
2192
2121
2074
2075
2065
2155
2221
2277
2341
2346
2362
2369
2360
2354
2318
2236
2108
1912
1724
1607
1569
1567
1681
1803
1909
2037
2126
2217
2286
2360
2394
2431
2401
2328
2163
1922
1749
1673
1650
1723
1892
2052
2202
2332
2430
2480
2504
2445
2351
2276
2135
2023
1892
1757
1653
1588
1568
1606
1679
1812
1972
2122
2274
2397
2449
2409
2285
2103
1927
1805
1696
1659
1692
2805
2763
2671
2520
2362
2139
1897
1720
1562
1441
1361
1319
1403
1479
1586
1761
1944
2140
2312
2502
2664
2777
2817
2789
2702
2551
2325
2086
1845
1628
1471
1374
1335
1353
1429
1555
1784
2004
2240
2533
2746
2910
3030
3036
2928
2772
2521
2234
1953
1675
1444
1306
1206
1202
1251
1406
1592
1827
2073
2344
2651
2895
3061
3152
3149
3055
2824
2552
2256
1963
1692
1497
1378
1317
1322
1390
1510
1626
1823
2011
2238
2472
2652
2800
2885
2885
2810
2625
2402
2151
1863
1669
1489
1380
1366
1415
1506
1641
1748
1888
2075
2219
2374
2510
2614
2669
2668
2595
2431
2256
2030
1796
1592
1448
1364
1360
1382
1435
1560
1701
1831
1969
2133
2308
2488
2628
2715
2742
2501
2520
2513
2495
2355
2194
2044
1950
1920
1968
2115
2297
2475
2594
2611
2514
2380
2227
2120
2012
1963
1974
1992
1910
1821
1698
1522
1323
1187
1107
1161
1345
1608
1925
2242
2479
2604
2616
2537
2457
2384
2352
2431
2540
2648
2723
2711
2656
2498
2316
2143
2005
1937
1932
1944
1970
1977
1899
1760
1600
1470
1356
1382
1523
1740
1965
2124
2191
2158
2039
1922
1880
1979
2184
2473
2787
3006
3104
3012
2807
2511
2210
1958
1818
1794
1853
1952
2082
2172
2241
2171
1989
1761
1508
1304
1186
1222
1373
1586
1790
1878
1840
1730
1605
1549
1555
1794
2172
2624
3042
3372
3584
3622
3524
3336
3092
2929
2787
2654
2573
2450
2229
1880
1454
1002
633
399
372
610
578
652
817
1076
1355
1667
2034
2375
2655
2934
3102
3248
3312
3298
3186
3049
2858
2627
2391
2151
1892
1659
1469
1366
1308
1264
1328
1428
1588
1766
1947
2160
2361
2514
2676
2768
2835
2829
2814
2728
2605
2416
2202
1976
1703
1450
1235
1035
903
924
998
1167
1371
1648
1976
2282
2562
2762
2910
3004
3015
2941
2839
2660
2485
2305
2159
2008
1873
1780
1676
1609
1591
1585
1676
1791
1930
2115
2324
2429
2586
2683
2717
2740
2736
2663
2605
2527
2404
2280
2112
1930
1736
1537
1400
1226
1121
1076
1113
1205
1371
1573
1854
2104
2368
2600
2823
2975
3120
3142
3098
2980
2786
2515
2183
1800
1437
1056
688
472
326
316
427
634
953
1337
1746
2392
2517
2680
2840
2959
3067
3189
3256
3253
3238
3183
3080
2927
2764
2579
2382
2169
1963
1790
1601
1434
1251
1111
999
904
824
824
880
989
1135
1298
1430
1630
1827
2036
2255
2468
2698
2932
3113
3271
3389
3423
3446
3418
3328
3199
3030
2834
2599
2349
2078
1798
1505
1184
886
622
411
276
213
201
283
414
607
840
1097
1333
1565
1797
2026
2288
2491
2717
2924
3085
3194
3248
3269
3188
3109
3032
2934
2860
2844
2883
2912
2965
2975
2942
2868
2743
2599
2475
2369
2293
2266
2257
2267
2300
2247
2204
2086
1988
1896
1800
1757
1724
1686
1684
1664
1661
1617
1567
1536
1540
1574
1628
1740
1849
1944
2070
2200
2292
2353
2449
2528
2669
2787
