2104
2076
2105
2088
2066
2069
2091
2095
2097
2103
2122
2095
2087
2096
2085
2095
2117
2110
2107
2082
2080
2078
2091
2125
2136
2113
2100
2108
2111
2102
2125
2118
2114
2136
2108
2106
2126
2120
2120
2092
2103
2109
2115
2100
2103
2103
2096
2108
2084
2092
2103
2097
2096
2119
2096
2106
2085
2094
2085
2097
2102
2107
2107
2091
2097
2109
2084
2089
2067
2099
2096
2078
2081
2099
2091
2085
2092
2091
2070
2079
2080
2087
2090
2060
2074
2055
2027
2077
2108
2078
2101
2096
2089
2112
2098
2096
2070
2093
2084
2073
2080
2071
2104
2062
2068
2082
2093
2079
2107
2101
2071
2098
2080
2060
2047
2085
2092
2086
2068
2088
2071
2068
2074
2073
2061
2061
2075
2093
2121
2118
2123
2122
2104
2106
2122
2122
2125
2133
2132
2097
2124
2124
2126
2131
2128
2162
2141
2128
2130
2124
2115
2118
2152
2129
2145
2145
2134
2119
2118
2118
2128
2126
2134
2151
2125
2145
2130
2120
2109
2130
2124
2118
2139
2143
2154
2158
2144
2135
2112
2107
2140
2133
2140
2124
2117
2110
2132
2103
2138
2138
2135
2125
2141
2132
2117
2110
2118
2138
2110
2112
2103
2091
2089
2113
2086
2096
2095
2097
2101
2085
2101
2083
2103
2117
2072
2081
2075
2096
2080
2058
2044
2057
2049
2034
2052
2029
2043
2042
2017
2056
2047
2040
2016
2026
2040
2032
2035
2045
2028
2021
2037
1988
2024
2037
2021
2032
2000
2008
2042
2044
2024
2024
2025
2038
2034
2035
2095
2063
2033
2027
2013
2009
2006
2001
1986
1985
1963
1966
1987
1968
1975
1958
1936
1938
1940
1932
1945
1935
1948
1944
1948
1972
1964
1962
2012
2053
2069
2066
2078
2097
2117
2119
2104
2138
2119
2142
2144
2134
2108
2124
2084
2079
2086
2104
2106
2096
2114
2107
2135
2188
2185
2230
2230
2225
2219
2242
2249
2240
2261
2217
2213
2219
2206
2162
2178
2132
2127
2125
2127
2118
2139
2110
2109
2116
2113
2129
2114
2079
2078
2067
2072
2051
2029
2038
2018
1995
1985
1998
1977
1979
1995
2021
2002
2030
2025
2053
2073
2080
2106
2140
2124
2144
2153
2148
2167
2199
2163
2189
2216
2221
2209
2189
2193
2169
2199
2191
2191
2195
2172
2178
2182
2152
2122
2107
2185
2240
2282
2321
2353
2395
2420
2442
2414
2419
2397
2378
2345
2301
2262
2191
2136
2088
2047
1985
1974
1897
1875
1855
1857
1862
1861
1892
1910
1939
1946
1973
2040
2081
2114
2150
2175
2198
2233
2281
2259
2282
2242
2233
2237
2199
2175
2159
2103
2088
2061
2001
1946
1907
1906
1882
1867
1887
1872
1875
1857
1916
1918
1930
1961
2015
2064
2091
2122
2171
2197
2231
2251
2279
2285
2275
2275
2244
2239
2215
2179
2162
2105
2072
2029
1983
1962
1964
1939
1924
1924
1944
1946
1961
2015
2046
2073
2110
2153
2207
2233
2257
2252
2284
2297
2286
2273
2292
2258
2230
2198
2157
2121
2086
2026
1989
1958
1909
1896
1890
1852
1853
1871
1865
1895
1898
1926
1945
2112
2056
2016
1972
1956
1958
1961
1987
2004
2046
2081
2071
2122
2153
2147
2171
2212
2225
2237
2266
2243
2286
2314
2311
2331
2306
2270
2223
2168
2129
2086
2049
2030
2011
2015
1986
1966
1967
1953
1934
1926
1942
1954
2014
2006
2000
1991
1989
1984
1989
2017
2040
2104
2140
2170
2177
2208
2219
2217
2243
2244
2243
2260
2270
2273
2267
2264
2271
2267
2258
2243
2248
2236
2214
2141
2139
2115
2088
2064
2044
2012
1987
1940
1899
1869
1821
1806
1790
1773
1764
1771
1783
1781
1814
1881
1968
2023
2119
2205
2281
2347
2407
2459
2500
2512
2538
2544
2548
2525
2509
2465
2393
2310
2217
2109
2017
1956
1905
1887
1856
1861
1806
1809
1808
1747
1740
1767
1788
2183
2181
2180
2191
2188
2193
2178
2147
2125
2084
2044
2005
1967
1955
1940
1931
1935
1922
1928
1947
1964
1986
2027
2048
2049
2098
2125
2134
2153
2184
2213
2202
2223
2218
2225
2215
2200
2167
2160
2140
2121
2081
2059
2037
2020
1989
1979
1967
1974
1980
1972
1986
1989
2030
2029
2055
2076
2095
2131
2132
2155
2183
2183
2212
2230
2253
2237
2251
2245
2253
2285
2268
2261
2247
2225
2231
2203
2167
2137
2095
2072
2032
1972
1920
1881
1874
1836
1822
1856
1854
1882
1884
1925
1978
2028
2076
2132
2163
2173
2192
2216
2240
2240
2256
2240
2232
2240
2240
2225
2195
2192
2180
2176
2150
2125
2095
2060
2016
1985
1976
1960
1936
1901
1859
1840
1813
1802
1815
2334
2353
2370
2357
2345
2337
2320
2291
2281
2265
2212
2167
2104
2008
1925
1849
1788
1722
1698
1664
1661
1683
1699
1735
1776
1841
1946
2055
2185
2275
2336
2352
2370
2368
2339
2345
2368
2370
2354
2344
2292
2224
2150
2068
2022
1985
1956
1907
1862
1818
1822
1862
1915
1994
2061
2120
2116
2132
2139
2139
2131
2123
2130
2092
2093
2093
2108
2141
2182
2251
2287
2324
2315
2318
2349
2325
2313
2274
2249
2192
2117
2065
2006
1958
1949
1908
1914
1933
1957
1985
2008
2033
2050
2061
2088
2158
2250
2306
2368
2355
2304
2240
2146
2077
2035
1998
1975
1939
1914
1869
1839
1840
1855
1897
1960
2042
2133
2226
2279
2317
2317
2306
2300
2333
2367
2425
2409
2345
2080
2039
1980
1984
1918
1927
1907
1894
1890
1909
1913
1941
2005
2070
2080
2114
2132
2172
2187
2198
2232
2218
2236
2258
2274
2284
2292
2271
2255
2201
2127
2062
2014
1939
1856
1805
1771
1709
1690
1722
1757
1830
1910
2011
2142
2277
2410
2524
2605
2690
2724
2728
2694
2617
2537
2411
2258
2103
1985
1873
1776
1714
1665
1633
1667
1666
1674
1689
1715
1748
1767
1798
1862
1938
1997
2065
2146
2265
2376
2467
2551
2600
2640
2635
2584
2510
2420
2325
2191
2061
1953
1847
1796
1733
1717
1737
1784
1870
1950
2005
2088
2147
2158
2168
2155
2141
2096
2038
1990
1955
1939
1937
1961
2016
2069
2166
2248
2320
2344
2386
2368
2347
2297
2218
2151
2058
2001
1930
1840
1782
1729
1729
1742
1781
1813
1849
1873
1926
1971
2055
2126
2244
2358
2416
2467
2442
2393
2381
2309
2276
2239
2182
2105
2014
1960
1892
1822
1783
1756
1717
1683
1651
1620
1602
1603
1692
1783
1903
2036
2173
2263
2316
2368
2425
2492
2556
2640
2657
2629
2577
2500
2414
2317
2251
2191
2119
2057
1949
1853
1771
1702
1681
1677
1733
1802
1849
1890
1903
1927
1966
2074
2175
2299
2395
2457
2474
2433
2360
2308
2267
2250
2260
2285
2298
2313
2317
2274
2225
2174
2097
2059
2065
2088
2109
2134
2140
2104
2039
1995
1965
1957
1980
1994
2033
2034
2006
1948
1863
1812
1744
1713
1715
1765
1816
1925
2065
2190
2321
2433
2520
2537
2555
2564
2547
2540
2504
1647
1732
1808
1920
2074
2191
2324
2452
2517
2572
2596
2585
2498
2383
2282
2121
1969
1856
1746
1685
1678
1696
1737
1806
1852
1948
2024
2086
2117
2149
2160
2144
2136
2145
2138
2147
2163
2197
2226
2285
2334
2362
2380
2393
2357
2304
2239
2154
2073
1966
1834
1779
1693
1632
1583
1566
1562
1609
1676
1756
1882
2018
2199
2315
2454
2569
2643
2639
2661
2634
2573
2481
2402
2304
2204
2107
2039
2031
2046
2034
2065
2110
2119
2131
2106
2070
2028
1950
1898
1827
1766
1689
1660
1632
1626
1673
1745
1848
1991
2139
2308
2463
2586
2665
2692
2688
2646
2581
2480
2386
2261
2141
2064
1993
1905
1876
1868
1891
1894
1939
2005
2066
2092
2150
2162
2138
2087
1968
2251
2203
2132
2082
2043
2021
2014
2008
2034
2058
2114
2167
2210
2280
2309
2352
2383
2388
2378
2357
2352
2315
2249
2178
2119
2040
1981
1908
1846
1847
1840
1840
1859
1920
1963
1964
1993
2012
2030
2052
2082
2116
2161
2225
2247
2268
2261
2215
2136
2024
1925
1841
1762
1749
1786
1842
1950
2056
2137
2218
2274
2320
2338
2336
2360
2375
2403
2427
2438
2433
2332
2268
2139
1984
1835
1705
1617
1534
1483
1461
1475
1488
1525
1576
1642
1766
1899
2042
2155
2326
2464
2591
2638
2673
2676
2614
2548
2452
2369
2248
2177
2120
2055
2024
2034
2024
2066
2098
2137
2175
2232
2290
2333
2385
2410
2385
2343
2298
2199
2099
1982
1877
1799
1698
1610
1560
1528
1478
1755
1798
1891
2028
2112
2229
2311
2393
2464
2528
2529
2550
2512
2466
2377
2242
2089
1921
1747
1574
1487
1474
1545
1667
1848
2081
2321
2532
2682
2798
2824
2813
2755
2690
2604
2490
2349
2199
2008
1826
1690
1559
1482
1463
1492
1587
1682
1787
1870
1895
1881
1846
1798
1768
1759
1794
1888
2023
2190
2389
2532
2678
2747
2797
2805
2792
2740
2707
2676
2645
2614
2503
2372
2178
1984
1760
1575
1475
1444
1521
1621
1799
1966
2101
2178
2218
2199
2115
2030
1959
1889
1865
1868
1896
1945
1970
1990
2032
2079
2136
2163
2211
2263
2287
2267
2219
2171
2080
1968
1872
1779
1740
1774
1826
1901
1984
2096
2250
2367
2456
2567
2656
2730
2752
2726
2662
2504
2334
2132
1919
1677
1457
1274
1125
996
933
935
992
1144
1298
1553
1788
2046
2308
2507
2675
2827
2919
2954
2978
2960
2892
2781
2611
2409
2218
1979
1736
1510
1313
1188
1105
1069
1108
1207
1374
1544
1775
2031
2276
2516
2725
2908
3062
3181
3248
3210
3140
3032
2836
2601
2360
2113
1882
1676
1502
1409
1337
1330
1389
1468
1571
1682
1875
2040
2189
2300
2411
2485
2518
2514
2476
2360
2283
2192
2076
1993
1937
1906
1877
1907
1931
1954
2013
2109
2184
2259
2312
2372
2416
2386
2380
2324
2229
2127
2019
1898
1790
1734
1678
1649
1631
1685
1720
1780
1857
1936
2038
2138
2257
2348
2436
2499
2513
2512
2476
2421
2312
2204
2053
1937
1820
1730
1638
1630
1621
2943
2699
2448
2173
1938
1792
1743
1770
1863
1935
2039
2073
2050
2020
1959
1874
1825
1813
1820
1842
1851
1859
1805
1740
1684
1678
1704
1827
2024
2253
2481
2636
2709
2680
2578
2420
2204
2016
1830
1743
1685
1645
1632
1611
1596
1577
1567
1694
1863
2103
2427
2713
2995
3161
3244
3220
3107
2948
2718
2453
2179
1914
1718
1486
1304
1149
1011
912
902
963
1132
1382
1653
1932
2189
2450
2664
2832
2931
2949
2872
2695
2507
2313
2195
2110
2090
2128
2131
2115
2135
2141
2135
2218
2286
2397
2539
2663
2742
2730
2637
2441
2144
1798
1442
1144
915
805
789
816
908
1019
1152
1319
1541
1803
2118
2485
2802
3077
3271
3382
3397
3290
3144
2955
2716
2472
1160
1438
1863
2263
2738
3169
3515
3736
3831
3774
3588
3260
2885
2432
1980
1570
1195
906
651
518
469
503
626
888
1170
1590
2024
2470
2850
3176
3420
3497
3461
3317
3096
2816
2538
2235
2004
1788
1602
1442
1332
1276
1285
1330
1466
1679
1915
2202
2453
2662
2772
2820
2765
2615
2435
2263
2084
1921
1835
1739
1682
1645
1560
1502
1462
1459
1487
1552
1699
1902
2104
2273
2416
2525
2594
2581
2564
2487
2434
2376
2303
2228
2117
1969
1840
1668
1510
1366
1263
1261
1314
1454
1648
1887
2114
2334
2473
2599
2658
2670
2659
2671
2661
2620
2562
2479
2367
2228
2095
1953
1834
1795
1808
1883
1998
2150
2336
2512
2619
2684
2708
2671
2639
2568
2439
2327
