2104
2082
2080
2073
2066
2098
2080
2098
2075
2104
2115
2089
2086
2084
2092
2080
2052
2069
2091
2106
2089
2081
2076
2067
2080
2099
2089
2079
2083
2069
2106
2093
2115
2112
2086
2079
2074
2103
2069
2077
2095
2101
2105
2067
2072
2077
2072
2084
2110
2096
2106
2088
2080
2090
2102
2066
2080
2091
2098
2093
2080
2096
2098
2110
2104
2108
2074
2125
2099
2090
2096
2114
2100
2066
2085
2095
2106
2111
2117
2083
2076
2099
2083
2088
2095
2084
2072
2075
2089
2090
2117
2123
2092
2125
2102
2095
2086
2089
2118
2093
2100
2090
2093
2096
2061
2065
2061
2110
2100
2093
2074
2090
2091
2086
2091
2084
2052
2080
2100
2089
2106
2074
2092
2079
2072
2081
2089
2091
2112
2099
2102
2098
2105
2091
2113
2106
2094
2096
2098
2101
2119
2102
2126
2104
2089
2112
2103
2109
2105
2089
2085
2089
2110
2084
2088
2097
2092
2102
2126
2108
2092
2103
2126
2123
2136
2106
2102
2120
2094
2096
2118
2126
2138
2114
2124
2144
2110
2120
2121
2112
2132
2120
2134
2156
2129
2113
2114
2082
2106
2108
2136
2123
2106
2129
2112
2096
2110
2104
2114
2100
2126
2108
2088
2121
2104
2128
2109
2124
2130
2127
2102
2102
2088
2128
2123
2116
2125
2112
2109
2092
2096
2104
2126
2118
2110
2120
2100
2110
2102
2100
2100
2126
2112
2100
2084
2079
2090
2115
2108
2093
2129
2088
2077
2088
2076
2077
2074
2094
2073
2058
2064
2081
2087
2086
2059
2050
2073
2079
2077
2117
2140
2144
2176
2180
2210
2224
2234
2268
2268
2279
2259
2267
2265
2262
2266
2260
2244
2227
2200
2199
2200
2183
2172
2189
2161
2143
2129
2110
2116
2127
2102
2131
2106
2090
2102
2118
2129
2122
2138
2161
2154
2144
2161
2185
2187
2192
2176
2177
2170
2175
2190
2201
2181
2188
2184
2173
2137
2137
2120
2095
2080
2075
2050
2025
2000
1972
1964
1985
1976
1952
1938
1940
1957
1940
1944
1947
1972
1998
2011
2010
2017
2019
2054
2072
2069
2085
2090
2110
2117
2129
2154
2151
2163
2171
2167
2198
2188
2211
2194
2189
2183
2180
2208
2199
2201
2185
2210
2197
2225
2197
2196
2189
2219
2199
2226
2218
2205
2234
2222
2229
2242
2221
2200
2211
2080
2104
2126
2140
2156
2207
2216
2240
2238
2270
2298
2303
2305
2316
2291
2261
2255
2226
2196
2156
2130
2097
2046
2032
2013
2001
2008
1998
2028
2034
2064
2075
2098
2128
2119
2109
2109
2103
2066
2065
2046
2040
2027
2044
2088
2118
2148
2197
2248
2276
2314
2312
2344
2334
2315
2298
2292
2263
2244
2242
2211
2189
2165
2143
2104
2114
2094
2103
2093
2095
2098
2088
2099
2096
2090
2047
2020
1970
1952
1922
1896
1896
1874
1879
1898
1874
1865
1872
1840
1828
1804
1786
1803
1772
1785
1788
1824
1865
1914
1950
1995
2022
2059
2105
2121
2149
2164
2176
2197
2243
2265
2302
2314
2325
2334
2338
2354
2335
2313
2291
2273
2251
2262
2233
2203
2203
2170
2155
2147
2128
2087
2056
2050
2059
2031
2020
1988
1974
1974
1974
1980
1966
1953
1972
1991
2001
2020
2059
2069
2128
2128
2186
2240
2270
2289
2304
2317
2335
2332
2284
2272
2238
2200
2149
2105
2072
2028
2004
1970
1944
1952
1957
1970
1944
1983
1984
2014
2054
2096
2132
2161
2200
2231
2266
2258
2251
2231
2225
2200
2158
2132
2083
2044
1988
1969
1916
1893
1880
1874
1880
1910
1950
1971
2026
2071
2107
2158
2196
2253
2280
2318
2331
2333
2315
2318
2307
2258
2226
2187
2156
2092
2041
2015
2005
1992
1958
1958
1946
1949
1940
1956
1970
1949
1966
1958
1994
1984
1993
1976
2000
2015
2003
2005
2038
2053
2094
2102
2134
2176
2223
2248
2282
2290
2331
2367
2379
1598
1626
1609
1639
1685
1766
1834
1890
1990
2118
2278
2408
2552
2623
2637
2602
2543
2404
2315
2252
2246
2252
2289
2316
2333
2304
2270
2280
2246
2236
2220
2218
2129
2039
1974
1867
1770
1736
1704
1670
1618
1620
1628
1649
1677
1708
1734
1750
1760
1859
1967
2090
2214
2314
2361
2434
2469
2506
2585
2688
2740
2776
2762
2672
2560
2440
2325
2232
2127
2026
1955
1828
1698
1604
1546
1522
1517
1533
1565
1660
1744
1833
1892
1986
2064
2124
2216
2294
2353
2433
2496
2545
2609
2654
2676
2672
2647
2588
2507
2394
2305
2214
2132
2018
1939
1852
1739
1660
1612
1580
1605
1655
1712
1761
1803
1816
1875
1933
1965
2024
2065
2119
2116
2131
2167
2188
2224
2241
2723
2818
2828
2856
2804
2710
2617
2454
2305
2143
1944
1788
1600
1459
1364
1270
1208
1201
1254
1320
1449
1609
1802
2006
2208
2391
2567
2713
2840
2902
2966
2929
2898
2826
2777
2636
2529
2376
2237
2094
1938
1799
1656
1558
1451
1399
1356
1343
1357
1411
1468
1565
1670
1766
1910
2037
2165
2309
2428
2533
2651
2735
2814
2869
2880
2852
2833
2743
2632
2522
2352
2184
2029
1861
1714
1568
1492
1409
1354
1326
1356
1404
1491
1562
1661
1767
1891
2044
2150
2274
2373
2462
2537
2607
2656
2687
2714
2735
2734
2745
2714
2663
2616
2559
2468
2352
2200
2086
1914
1776
1663
1530
1397
1291
1245
1184
1160
1188
1254
1316
1416
1537
1711
1876
2028
2216
2392
2538
2341
2401
2389
2377
2340
2318
2285
2254
2212
2173
2114
2063
2006
1978
1950
1969
1972
1959
1974
1978
2009
2052
2072
2087
2069
2056
2015
1958
1906
1880
1894
1929
1989
2068
2114
2153
2156
2146
2123
2141
2118
2142
2119
2134
2106
2099
2101
2120
2147
2145
2126
2124
2101
2101
2122
2119
2163
2201
2169
2183
2173
2144
2098
2120
2138
2158
2194
2249
2258
2272
2272
2230
2183
2106
2035
1986
1970
1991
2001
2008
1964
1952
1854
1800
1788
1778
1802
1811
1833
1870
1928
2008
2124
2218
2322
2375
2388
2365
2376
2416
2456
2470
2486
2422
2364
2272
2214
2181
2144
2085
2002
1901
1819
1761
1767
1743
1722
1713
1734
1774
1833
1895
1965
2036
2119
2183
2253
2318
2660
2702
2705
2632
2544
2418
2275
2143
1994
1827
1692
1584
1496
1438
1448
1456
1511
1569
1644
1721
1779
1888
1960
2039
2105
2178
2255
2332
2408
2506
2583
2655
2716
2751
2757
2688
2620
2478
2310
2137
1932
1743
1573
1460
1412
1391
1451
1589
1738
1904
2092
2237
2384
2459
2471
2436
2349
2254
2126
2012
1908
1840
1817
1846
1965
2085
2246
2429
2590
2721
2786
2786
2726
2581
2379
2154
1930
1710
1515
1365
1256
1228
1269
1371
1487
1623
1787
1950
2084
2214
2294
2351
2383
2392
2368
2337
2316
2310
2321
2392
2445
2542
2619
2688
2713
2728
2676
2557
2415
2223
2026
1789
1572
1376
1210
1118
1110
1113
1193
1292
1446
1593
1746
1900
2084
2243
2383
2526
1832
1840
1841
1841
1824
1871
1911
1926
1988
2073
2125
2163
2151
2145
2122
2110
2131
2142
2134
2127
2094
2017
1984
2016
2057
2171
2227
2251
2223
2159
2058
2032
2051
2109
2180
2218
2236
2204
2162
2095
2062
1992
1934
1874
1862
1849
1833
1863
1855
1865
1888
1898
1935
1982
2091
2170
2242
2304
2370
2405
2433
2457
2467
2479
2457
2367
2312
2226
2118
2086
2055
2059
2067
2013
1904
1820
1758
1731
1724
1768
1855
1950
2031
2060
2100
2149
2218
2278
2353
2474
2566
2641
2712
2748
2780
2796
2744
2682
2624
2512
2351
2192
2019
1862
1708
1594
1495
1405
1318
1251
1239
1232
1254
1327
1427
1608
1815
2071
2337
2611
2837
3000
3130
3194
3185
3154
3071
2946
2108
2248
2383
2499
2595
2684
2758
2798
2816
2793
2741
2666
2582
2437
2310
2155
1984
1850
1758
1712
1705
1740
1804
1914
2044
2188
2336
2437
2506
2540
2520
2460
2365
2213
2065
1926
1758
1622
1530
1478
1452
1477
1567
1624
1750
1927
2073
2269
2402
2553
2706
2787
2854
2872
2831
2772
2638
2451
2273
2058
1771
1514
1257
1126
992
932
950
1060
1225
1433
1692
1941
2176
2400
2568
2678
2757
2780
2735
2691
2610
2524
2403
2277
2160
2040
1968
1888
1836
1819
1782
1784
1794
1789
1821
1852
1924
1977
2032
2090
2148
2182
2200
2197
2191
2198
2190
2195
2248
2327
2398
2478
2551
2620
2657
2662
2648
2564
2426
2294
2144
1948
1760
1616
1462
1323
1254
1225
2036
2192
2337
2396
2368
2361
2323
2368
2444
2527
2624
2682
2715
2699
2638
2473
2320
2135
1935
1712
1518
1397
1354
1323
1352
1383
1411
1476
1547
1617
1749
1928
2147
2368
2579
2706
2836
2910
2946
2985
3007
2978
2879
2731
2532
2328
2206
2129
2063
2006
1944
1791
1614
1423
1234
1092
1104
1164
1256
1383
1475
1560
1620
1663
1694
1711
1754
1778
1819
1848
1898
1982
2062
2157
2238
2320
2412
2490
2597
2718
2846
2965
3077
3190
3216
3223
3187
3085
2936
2728
2505
2274
2064
1892
1779
1694
1626
1576
1486
1403
1256
1124
1004
890
879
912
985
1088
1215
1362
1556
1712
1897
2102
2311
2478
2646
2782
2889
3015
3054
3097
3119
3205
3287
3393
3456
3482
747
711
787
984
1254
1598
2011
2451
2859
3226
3514
3694
3769
3716
3514
3236
2906
2517
2148
1818
1520
1282
1112
1056
1002
1003
1021
1068
1135
1214
1324
1444
1633
1869
2161
2477
2803
3110
3344
3501
3551
3516
3344
3087
2722
2331
1941
1590
1296
1123
1039
1060
1150
1311
1499
1694
1864
1978
2049
2111
2121
2143
2184
2236
2333
2443
2589
2718
2818
2849
2838
2768
2650
2513
2353
2212
2095
1991
1930
1850
1776
1687
1602
1484
1335
1191
1052
939
927
1001
1224
1524
1943
2419
2867
3270
3588
3744
3754
3634
3389
3083
2702
2337
2021
1744
1583
1490
1422
1419
1406
1419
1435
1438
1460
1495
1603
1746
1964
2218
2498
2733
2918
3023
2967
2814
2530
2252
3949
3754
3519
3242
2929
2603
2256
1894
1555
1215
939
730
567
480
431
480
560
729
998
1330
1734
2159
2566
2926
3189
3352
3385
3326
3206
3033
2874
2705
2555
2416
2270
2079
1868
1684
1501
1335
1226
1199
1257
1368
1531
1768
1993
2250
2508
2734
2944
3101
3239
3290
3271
3220
3081
2924
2730
2522
2322
2123
1960
1819
1691
1562
1451
1333
1226
1136
1067
1026
1039
1101
1206
1370
1602
1866
2152
2450
2712
2888
3038
3119
3129
3098
3016
2924
2824
2715
2605
2468
2311
2119
1889
1664
1432
1208
1019
858
774
720
760
840
950
1094
1240
1391
1563
1720
1849
2001
2160
2318
2494
2637
2794
2900
2985
3018
2981
2916
2800
2660
2526
2394
2255
2146
3327
3724
4008
4095
4095
4012
3728
3347
2880
2336
1771
1197
655
168
3
2
2
2
2
409
950
1545
2153
2727
3264
3721
4095
4095
4095
4095
4095
4095
4095
3815
3460
3080
2674
2280
1904
1592
1364
1256
1250
1335
1480
1663
1824
1918
1924
1867
1722
1548
1373
1229
1141
1080
1084
1170
1318
1519
1754
2030
2306
2595
2856
3102
3288
3392
3394
3257
3022
2659
2220
1736
1263
869
585
464
514
712
1046
1481
1933
2406
2849
3234
3517
3728
3820
3794
3652
3426
3132
2772
2335
1892
1459
1020
637
326
118
33
96
277
572
929
1277
1567
1768
1937
2054
2138
2228
2305
2393
2506
2602
2710
2828
2906
2976
3049
3101
3145
3168
3210
3232
3258
