2104
2099
2096
2092
2113
2108
2087
2097
2089
2087
2102
2097
2096
2112
2109
2086
2092
2094
2090
2095
2085
2094
2096
2088
2074
2082
2104
2102
2090
2052
2069
2079
2081
2101
2108
2116
2103
2072
2086
2079
2084
2072
2065
2058
2089
2100
2079
2091
2088
2069
2087
2116
2104
2099
2078
2085
2089
2096
2103
2090
2104
2097
2089
2096
2110
2097
2097
2102
2119
2096
2087
2060
2080
2089
2091
2096
2100
2096
2094
2075
2079
2076
2068
2071
2090
2092
2091
2086
2090
2067
2069
2076
2083
2091
2075
2097
2080
2094
2083
2103
2100
2087
2107
2100
2099
2104
2100
2083
2111
2102
2088
2079
2083
2113
2103
2100
2077
2088
2081
2086
2076
2070
2113
2091
2085
2064
2109
2104
2119
2107
2093
2083
2090
2100
2081
2085
2082
2073
2102
2088
2093
2068
2070
2054
2075
2086
2081
2076
2044
2059
2050
2056
2028
2055
2062
2044
2042
2051
2037
2037
2036
2021
2014
2019
2054
2040
2037
2046
2049
2063
2050
2031
2041
2026
2030
2039
2047
2041
2062
2056
2057
2038
2060
2066
2034
2059
2084
2070
2088
2078
2080
2079
2070
2093
2093
2070
2059
2076
2075
2087
2087
2090
2089
2112
2109
2103
2107
2101
2128
2117
2119
2125
2128
2131
2119
2132
2137
2149
2140
2112
2142
2142
2117
2143
2144
2138
2131
2142
2144
2150
2144
2151
2157
2160
2149
2150
2146
2141
2154
2148
2126
2125
2148
2120
2143
2129
2148
2153
2136
2100
2093
2110
2123
2108
2128
2136
2074
2057
2088
2103
2090
2092
2090
2100
2111
2065
2085
2095
2094
2099
2091
2060
2059
2058
2051
2021
2028
2034
2032
2018
2014
2021
2018
1993
1977
1964
1978
1991
2015
1986
1988
1995
2021
2039
2030
2066
2089
2123
2098
2129
2157
2145
2181
2159
2170
2142
2160
2172
2177
2167
2152
2136
2136
2108
2106
2109
2084
2084
2074
2077
2108
2101
2126
2123
2126
2160
2171
2181
2164
2194
2214
2192
2192
2184
2192
2178
2200
2185
2185
2154
2156
2133
2140
2138
2132
2132
2096
2113
2120
2128
2115
2108
2084
2081
2125
2092
2125
2145
2136
2148
2123
2120
2121
2108
2114
2108
2072
2068
2082
2065
2077
2059
2046
2078
2083
2066
2055
2088
2074
2069
2050
2060
2051
2043
1954
1914
1928
1919
1924
1904
1906
1913
1946
1965
1966
1993
2025
2054
2096
2138
2170
2181
2205
2253
2246
2269
2274
2276
2272
2285
2264
2224
2208
2181
2162
2127
2092
2081
2062
2073
2052
2053
2013
2037
2011
1992
1999
2001
1972
1941
1957
1936
1918
1931
1920
1913
1928
1914
1923
1939
1930
1953
1982
2011
2041
2058
2091
2121
2136
2186
2221
2247
2268
2269
2287
2312
2323
2298
2311
2292
2294
2265
2239
2219
2190
2154
2138
2110
2054
2024
2014
1971
1966
1942
1922
1914
1908
1901
1906
1934
1964
1966
1994
1998
2065
2087
2124
2140
2151
2174
2232
2219
2248
2295
2281
2269
2279
2258
2245
2237
2232
2206
2182
2169
2136
2111
2096
2078
2051
2009
1967
1962
2340
2374
2371
2387
2403
2415
2386
2342
2306
2280
2286
2243
2214
2148
2117
2061
2010
1979
1959
1939
1923
1931
1937
1944
1944
1971
1976
2007
2057
2082
2086
2092
2110
2108
2123
2158
2182
2173
2201
2207
2206
2215
2226
2253
2243
2258
2262
2272
2253
2249
2240
2189
2171
2147
2099
2042
2000
1956
1919
1875
1848
1824
1807
1803
1825
1831
1836
1863
1884
1918
1918
1956
1992
2042
2084
2118
2131
2146
2203
2243
2287
2295
2302
2324
2339
2329
2319
2302
2265
2218
2175
2120
2036
1988
1938
1888
1818
1803
1787
1801
1807
1832
1862
1916
1981
2041
2102
2159
2200
2230
2277
2302
2317
2331
2355
2354
2361
2367
2334
2310
2267
2250
2220
2148
2075
2040
1958
1900
2087
2080
2094
2141
2129
2116
2105
2100
2115
2148
2142
2148
2166
2168
2161
2157
2145
2139
2117
2119
2090
2085
2108
2098
2086
2107
2064
2017
1975
1927
1928
1915
1922
1943
1980
1979
1981
1998
1982
1945
1944
1948
1968
2001
2040
2072
2115
2185
2211
2229
2234
2209
2197
2174
2191
2212
2234
2229
2218
2192
2173
2132
2086
2047
2026
2049
2030
2032
2056
2087
2099
2087
2079
2064
2087
2062
2072
2079
2107
2127
2135
2137
2155
2137
2120
2115
2091
2106
2123
2137
2147
2130
2122
2115
2064
2035
2033
2030
2062
2091
2112
2074
2056
2040
1954
1950
1931
1993
2040
2092
2176
2206
2235
2267
2251
2238
2202
2211
2192
2202
2201
2205
2208
2155
2115
2054
2002
1931
2567
2555
2533
2500
2451
2394
2316
2243
2142
2053
1974
1864
1820
1726
1654
1623
1619
1580
1615
1662
1737
1809
1868
1920
2058
2151
2222
2301
2359
2420
2463
2495
2487
2529
2489
2472
2441
2382
2321
2216
2135
2065
1989
1903
1793
1758
1718
1696
1687
1706
1736
1771
1817
1875
1958
2030
2106
2160
2243
2323
2379
2400
2444
2492
2464
2473
2449
2430
2385
2351
2278
2203
2136
2069
1989
1904
1864
1800
1765
1721
1703
1687
1695
1730
1772
1801
1843
1894
1935
2020
2070
2115
2172
2210
2243
2308
2326
2326
2284
2322
2280
2296
2238
2214
2144
2114
2083
2039
2013
1995
1959
1964
1962
1974
1978
1998
2043
2013
2067
2094
2114
2124
2160
2167
2190
2205
2215
2242
2302
2299
2335
2324
2327
2282
2241
2181
2131
2071
2029
1944
1904
1865
1827
1794
1801
1799
1806
1854
1925
1981
2040
2092
2140
2153
2135
2143
2128
2111
2085
2103
2078
2056
2074
2112
2139
2135
2121
2112
2094
2049
2014
1961
1922
1920
1914
1903
1937
1998
2035
2084
2139
2181
2221
2273
2319
2355
2359
2382
2401
2382
2323
2254
2161
2037
1924
1858
1816
1782
1816
1858
1900
1938
1975
2024
2024
2033
2052
2061
2072
2076
2067
2060
2063
2050
2074
2090
2128
2200
2273
2302
2369
2389
2384
2325
2250
2179
2139
2090
2042
1997
1988
1951
1922
1929
1943
1954
2002
2076
2118
2182
2249
2297
2303
2259
2195
2182
2134
2061
2030
1993
1990
1977
2004
2003
1996
2030
1478
1560
1634
1718
1835
1964
2055
2167
2232
2291
2330
2356
2398
2436
2438
2394
2377
2344
2313
2284
2183
2113
2027
1967
1928
1889
1917
1930
1928
1974
2024
2105
2161
2242
2301
2375
2444
2483
2464
2477
2412
2372
2262
2166
2056
1932
1822
1728
1626
1578
1528
1550
1577
1616
1668
1793
1925
2093
2219
2336
2452
2546
2632
2642
2645
2650
2579
2496
2413
2297
2193
2033
1929
1810
1700
1624
1559
1514
1547
1602
1657
1742
1846
1986
2100
2229
2313
2412
2514
2575
2638
2626
2609
2556
2497
2393
2265
2166
2024
1901
1822
1712
1637
1593
1594
1601
1658
1717
1813
1937
2049
2180
2289
2386
2522
2583
2619
2666
2651
2600
2556
2480
2385
2288
2189
2042
1916
1798
2151
2157
2125
2104
2092
2104
2086
2046
2018
1998
1979
1967
1936
1924
1910
1956
1949
1978
2021
2089
2116
2181
2242
2263
2295
2321
2304
2298
2267
2235
2210
2168
2119
2082
2029
1985
1967
1922
1932
1959
2000
2040
2084
2180
2249
2294
2321
2339
2336
2297
2239
2164
2120
2035
1960
1934
1917
1922
1950
1978
2040
2080
2140
2172
2210
2251
2239
2225
2203
2149
2080
2005
1937
1880
1848
1822
1854
1885
1966
2054
2168
2226
2329
2431
2498
2552
2541
2522
2439
2337
2227
2082
1929
1779
1652
1557
1519
1499
1547
1603
1673
1758
1935
2100
2240
2344
2463
2518
2524
2533
2504
2450
2383
2296
2232
2154
2052
1980
1942
1892
1856
1861
1859
1881
1924
1971
1984
2034
2416
2495
2549
2560
2544
2560
2565
2550
2547
2565
2499
2404
2271
2113
1935
1782
1668
1572
1550
1578
1602
1679
1755
1821
1889
1948
2016
2056
2146
2210
2275
2323
2339
2296
2268
2213
2160
2134
2126
2110
2123
2110
2061
2018
1965
1918
1892
1939
2005
2083
2159
2231
2271
2286
2241
2248
2232
2259
2297
2315
2307
2297
2194
2104
1984
1875
1814
1815
1836
1901
1981
2032
2060
2030
2015
2020
2040
2087
2162
2255
2337
2413
2429
2437
2356
2293
2241
2211
2177
2181
2192
2203
2203
2174
2107
1994
1874
1802
1744
1724
1768
1827
1904
1975
2054
2100
2141
2120
2103
2101
2107
2107
2167
2226
2297
2327
2344
2320
2259
2174
2066
1997
1933
1929
1958
1981
2028
2101
1966
1869
1797
1724
1697
1712
1768
1869
1968
2050
2179
2255
2323
2367
2375
2351
2321
2264
2203
2130
2102
2051
2058
2085
2134
2225
2301
2387
2450
2495
2500
2486
2458
2383
2271
2165
2029
1874
1737
1600
1476
1338
1279
1236
1206
1206
1253
1344
1452
1606
1813
2054
2302
2549
2827
3040
3254
3416
3505
3524
3467
3355
3164
2926
2651
2343
2045
1731
1444
1185
975
815
744
715
781
889
1026
1220
1430
1655
1864
2057
2223
2365
2488
2604
2701
2775
2823
2863
2925
2916
2897
2844
2765
2666
2519
2338
2168
1968
1771
1578
1412
1286
1208
1190
1251
1346
1509
1687
1906
2105
2273
2427
2530
2598
2613
2599
2566
2490
2365
2253
2154
2056
1968
1897
1851
1849
1914
2007
2081
2112
2091
2073
2029
1954
1851
1793
1704
1624
1576
1539
1583
1642
1720
1845
1989
2100
2179
2288
2398
2501
2628
2775
2909
2996
3043
3088
3038
2970
2905
2792
2693
2585
2495
2355
2166
1943
1759
1618
1513
1494
1556
1636
1757
1894
1968
2038
2087
2133
2178
2190
2200
2225
2241
2249
2266
2286
2275
2246
2169
2078
1974
1857
1738
1635
1550
1456
1386
1315
1234
1180
1194
1287
1434
1644
1839
2032
2244
2393
2508
2624
2714
2749
2801
2812
2786
2724
2669
2594
2493
2434
2347
2255
2152
2050
1970
1881
1773
1695
1643
1606
1583
1635
1655
1766
1876
2067
2299
2501
2688
2813
2913
2933
2900
2784
2667
2497
2297
2131
1948
1790
1647
1535
1474
1507
1556
1486
1477
1492
1516
1588
1644
1715
1829
1933
2023
2129
2210
2325
2401
2465
2505
2515
2503
2474
2391
2357
2253
2162
2099
2038
1991
1938
1877
1898
1890
1905
1946
1997
2034
2110
2179
2246
2325
2363
2399
2397
2375
2300
2224
2137
2046
1952
1849
1768
1728
1718
1733
1776
1810
1875
1940
2054
2157
2263
2366
2477
2571
2641
2685
2721
2724
2681
2629
2545
2423
2264
2116
1949
1767
1610
1449
1330
1234
1187
1185
1225
1296
1433
1559
1702
1888
2089
2315
2538
2721
2880
2998
3066
3088
3024
2922
2740
2527
2286
2084
1884
1661
1486
1317
1213
1145
1153
1186
1289
1462
1656
1880
2126
2370
2603
2797
2911
2964
2960
2881
2752
2577
2385
2149
1952
1782
1640
2496
2612
2694
2748
2838
2926
3014
3060
3043
2995
2857
2687
2480
2213
1938
1677
1496
1352
1280
1277
1287
1304
1338
1348
1360
1382
1424
1520
1636
1807
1996
2171
2346
2468
2545
2575
2573
2552
2563
2562
2577
2580
2562
2523
2444
2289
2110
1980
1879
1758
1690
1657
1639
1633
1609
1600
1590
1618
1648
1688
1734
1759
1789
1862
1933
2033
2159
2278
2398
2497
2537
2558
2488
2439
2381
2321
2290
2266
2273
2250
2228
2195
2130
2089
2094
2092
2120
2158
2184
2159
2108
2016
1902
1824
1757
1714
1657
1636
1585
1513
1464
1430
1441
1487
1604
1779
1953
2140
2324
2456
2530
2618
2715
2779
2856
2960
3006
3005
2950
2788
2608
2407
2181
2020
1919
1825
1748
1652
