2115
2106
2107
2112
2102
2110
2104
2107
2106
2114
2099
2096
2101
2093
2097
2095
2098
2089
2098
2099
2098
2096
2101
2098
2093
2101
2096
2084
2099
2099
2099
2104
2098
2104
2100
2101
2090
2090
2097
2089
2098
2098
2101
2103
2106
2104
2103
2105
2110
2101
2096
2096
2105
2093
2083
2089
2095
2094
2088
2097
2096
2097
2090
2096
2104
2097
2103
2102
2102
2098
2098
2093
2096
2092
2100
2100
2100
2090
2104
2088
2097
2096
2095
2098
2095
2105
2104
2095
2092
2098
2104
2102
2096
2094
2104
2087
2082
2083
2079
2087
2086
2086
2083
2087
2086
2091
2092
2095
2088
2086
2080
2081
2092
2076
2077
2080
2084
2093
2090
2097
2083
2082
2072
2079
2083
2071
2089
2084
2026
2036
2035
2044
2042
2055
2054
2045
2044
2041
2060
2060
2065
2070
2091
2086
2093
2097
2104
2087
2115
2106
2119
2116
2096
2117
2128
2128
2136
2139
2138
2142
2139
2145
2159
2159
2161
2152
2154
2176
2172
2168
2174
2180
2169
2179
2187
2164
2171
2164
2167
2167
2172
2173
2168
2172
2171
2172
2168
2162
2153
2145
2160
2154
2150
2155
2132
2132
2125
2127
2119
2109
2100
2087
2102
2085
2086
2089
2076
2074
2061
2059
2060
2080
2047
2064
2044
2048
2039
2035
2022
2020
2018
2021
2011
2027
2021
2013
2028
2019
2003
2027
2034
2025
2016
2029
2033
2012
2015
2016
2030
2039
2047
2030
2049
2049
2054
2065
2052
2058
2071
2060
2067
2079
2085
2082
2096
2102
2208
2227
2223
2230
2225
2224
2194
2192
2184
2161
2156
2145
2134
2129
2116
2120
2101
2110
2120
2106
2112
2134
2146
2162
2168
2196
2198
2200
2201
2224
2205
2192
2166
2128
2096
2061
2008
1995
1955
1921
1920
1920
1903
1897
1910
1923
1947
1977
2008
2044
2082
2110
2138
2173
2192
2209
2236
2261
2266
2254
2242
2217
2200
2190
2180
2166
2161
2153
2146
2154
2156
2180
2195
2230
2251
2278
2299
2320
2343
2360
2361
2370
2370
2356
2342
2330
2289
2274
2233
2180
2136
2096
2066
2022
2010
1974
1967
1974
1980
1976
1987
1992
1994
2004
2002
1989
1963
1965
1967
1953
1932
1926
1923
1885
1878
1876
1876
1881
1873
1905
1908
1948
1987
2044
2086
2143
2173
2200
1819
1846
1890
1930
1978
2024
2074
2123
2166
2233
2283
2324
2355
2406
2407
2427
2436
2438
2405
2372
2335
2274
2218
2152
2088
2020
1955
1886
1836
1780
1759
1757
1767
1784
1800
1819
1869
1916
1988
2038
2105
2144
2178
2195
2210
2220
2232
2226
2211
2203
2189
2186
2176
2177
2166
2157
2158
2146
2146
2143
2126
2105
2091
2083
2062
2044
2009
1964
1969
1936
1926
1931
1917
1929
1930
1940
1944
1950
1953
1959
1980
2014
2065
2079
2127
2160
2200
2234
2278
2298
2320
2336
2336
2339
2318
2298
2294
2272
2254
2261
2249
2235
2234
2236
2224
2230
2237
2239
2228
2202
2190
2153
2117
2084
2041
2008
1976
1919
1891
1892
1882
1869
1882
1894
1918
1928
1969
1991
2293
2349
2390
2428
2458
2464
2468
2444
2400
2323
2246
2131
2013
1895
1796
1696
1644
1598
1590
1625
1694
1786
1896
2005
2102
2185
2234
2266
2262
2245
2214
2169
2128
2092
2078
2071
2086
2111
2160
2194
2236
2283
2308
2328
2332
2316
2296
2272
2220
2173
2104
2057
1989
1948
1883
1849
1803
1776
1795
1820
1852
1896
1922
1966
2009
2043
2069
2080
2086
2081
2086
2088
2110
2131
2160
2199
2236
2245
2254
2239
2193
2138
2069
1984
1919
1851
1806
1802
1834
1882
1958
2054
2145
2225
2307
2360
2403
2423
2419
2407
2384
2355
2344
2315
2292
2262
2246
2212
2202
2174
2150
2126
2108
2071
2043
1994
1950
1874
1809
1754
1699
1639
1611
1602
1622
1674
1752
1860
2310
2264
2213
2155
2104
2049
2023
2020
2051
2097
2144
2179
2187
2137
2062
1956
1844
1760
1717
1742
1829
1918
2020
2096
2121
2110
2065
2016
1977
1966
1974
2001
2036
2057
2056
2030
2010
1993
2007
2027
2071
2108
2144
2148
2120
2090
2055
2045
2050
2107
2174
2253
2336
2400
2428
2429
2392
2350
2285
2240
2180
2140
2116
2104
2092
2087
2092
2082
2080
2069
2055
2033
2019
2016
2010
2032
2067
2085
2095
2084
2070
2045
2014
1982
1974
1972
1982
2007
2026
2059
2064
2068
2071
2062
2061
2060
2086
2111
2144
2179
2212
2241
2263
2254
2233
2198
2166
2137
2109
2096
2100
2107
2128
2135
2137
2131
2106
2074
2045
2028
2018
2046
2095
2157
2221
2266
2294
2284
2327
2268
2194
2107
2045
1978
1927
1880
1860
1844
1845
1866
1901
1937
1986
2045
2116
2177
2249
2314
2380
2414
2451
2478
2494
2473
2446
2409
2348
2282
2195
2098
1997
1898
1820
1762
1724
1720
1737
1785
1843
1895
1964
2025
2074
2107
2132
2172
2193
2205
2221
2238
2233
2232
2202
2161
2120
2067
2019
2002
2001
2001
2034
2078
2123
2160
2196
2218
2224
2198
2170
2131
2085
2041
2016
1993
1994
1995
1989
1982
1953
1909
1860
1808
1749
1703
1675
1664
1701
1759
1848
1949
2068
2204
2334
2469
2592
2711
2792
2838
2830
2755
2656
2494
2296
2069
1845
1622
1436
1291
1209
1193
1222
1328
1472
1642
1811
1966
2086
2180
2246
2295
2322
2349
2381
2423
2450
2477
1888
1912
1983
2084
2181
2246
2271
2242
2209
2201
2216
2239
2232
2194
2144
2080
2028
1982
1970
1979
2012
2048
2070
2054
2018
1976
1950
1978
2040
2132
2210
2226
2184
2116
2028
1950
1922
1936
1991
2050
2096
2111
2102
2074
2068
2085
2133
2214
2276
2319
2349
2348
2336
2314
2287
2247
2192
2136
2088
2042
2024
1999
1970
1943
1931
1931
1976
2051
2135
2198
2219
2215
2200
2210
2251
2319
2368
2373
2334
2264
2206
2172
2146
2108
2042
1953
1880
1821
1796
1795
1796
1804
1840
1899
1972
2046
2082
2088
2114
2167
2282
2432
2564
2626
2624
2558
2468
2390
2335
2269
2202
2122
2044
1957
1863
1766
1682
1625
1630
1708
1827
1944
2046
2102
2137
2178
2245
2331
2457
2463
2444
2403
2346
2275
2190
2109
2045
1994
1963
1939
1924
1924
1932
1927
1916
1923
1940
1963
2008
2054
2108
2165
2219
2261
2282
2289
2288
2259
2231
2207
2176
2151
2126
2102
2083
2065
2044
2030
2015
2008
2009
2009
2005
2004
2013
2016
2027
2028
2035
2049
2055
2070
2095
2119
2153
2197
2234
2277
2317
2334
2334
2312
2267
2201
2125
2039
1957
1882
1821
1768
1749
1741
1755
1790
1836
1886
1963
2049
2133
2227
2326
2420
2511
2582
2622
2642
2600
2534
2424
2289
2135
1960
1785
1639
1524
1440
1402
1408
1451
1524
1617
1715
1814
1908
1997
2084
2170
2253
2328
2406
2479
2538
2581
2601
2596
2561
2494
2407
2301
2198
2104
2021
1952
1901
1870
1856
1753
1792
1910
2092
2286
2441
2520
2524
2492
2466
2489
2546
2584
2559
2453
2279
2087
1931
1843
1828
1853
1882
1893
1911
1947
2019
2112
2209
2272
2281
2263
2224
2208
2198
2183
2128
2001
1817
1635
1510
1478
1531
1663
1789
1899
1978
2053
2150
2286
2449
2599
2704
2750
2730
2675
2575
2467
2352
2231
2106
1998
1910
1832
1752
1656
1558
1498
1509
1600
1768
1978
2183
2336
2444
2520
2603
2706
2821
2921
2968
2943
2846
2686
2498
2311
2132
1974
1837
1707
1588
1476
1380
1311
1275
1297
1390
1561
1781
2027
2256
2426
2541
2595
2615
2632
2655
2689
2713
2696
2604
2433
2190
1904
1611
1348
1151
1028
969
961
986
1033
1091
1190
1365
1628
1965
2347
2715
1808
2123
2440
2713
2954
3136
3262
3301
3258
3147
2965
2707
2408
2049
1704
1382
1097
878
732
688
703
819
1024
1280
1577
1907
2262
2608
2935
3220
3446
3581
3668
3643
3522
3321
3043
2718
2384
2051
1725
1459
1238
1088
1013
993
1037
1137
1288
1490
1692
1915
2120
2317
2474
2602
2685
2731
2725
2680
2605
2534
2448
2348
2255
2171
2108
2055
2016
1975
1937
1917
1868
1831
1796
1761
1750
1726
1707
1705
1714
1721
1737
1757
1799
1863
1934
2015
2102
2191
2288
2374
2444
2503
2559
2598
2615
2618
2601
2562
2495
2414
2298
2171
2041
1898
1765
1644
1541
1481
1462
1488
1548
1639
1770
1921
2082
2240
2398
2534
2638
2706
2728
2717
2675
2598
2482
2347
1983
2041
2111
2169
2240
2335
2467
2593
2675
2699
2644
2548
2464
2430
2429
2394
2299
2152
2000
1922
1976
2115
2252
2305
2258
2151
2089
2148
2320
2520
2634
2601
2443
2272
2161
2143
2189
2203
2120
1941
1706
1512
1392
1358
1385
1418
1458
1502
1587
1720
1896
2117
2334
2545
2717
2834
2880
2835
2729
2580
2408
2241
2058
1831
1568
1292
1064
940
956
1094
1270
1455
1629
1802
2022
2281
2568
2831
3037
3167
3194
3136
3014
2845
2656
2454
2255
2076
1897
1720
1521
1317
1155
1084
1165
1379
1662
1946
2181
2344
2480
2596
2702
2773
2783
2735
2612
2454
2310
2194
2114
2053
1998
1962
1958
1981
2016
2009
1968
1865
1744
1647
1589
1599
1646
1682
1698
1710
1958
2202
2436
2642
2819
2950
3018
3030
2992
2879
2742
2555
2342
2120
1913
1733
1606
1519
1483
1497
1545
1636
1762
1887
2012
2150
2266
2366
2435
2476
2477
2451
2407
2328
2250
2170
2112
2071
2075
2096
2140
2200
2258
2303
2331
2332
2299
2238
2162
2057
1928
1798
1670
1552
1473
1432
1422
1475
1580
1730
1926
2161
2388
2614
2807
2952
3036
3034
2958
2801
2590
2309
2005
1688
1371
1122
921
805
784
852
1014
1240
1542
1899
2260
2619
2933
3178
3344
3428
3408
3295
3097
2848
2545
2203
1870
1559
1290
1086
974
934
994
1155
1393
1708
2067
2434
2790
3096
3331
3472
3523
3473
3342
3151
2904
2616
2315
2013
1723
1456
1240
1091
1008
992
1067
1181
2364
2044
1722
1376
1005
630
237
2
2
1
3
28
437
1006
1657
2346
3043
3680
4095
4095
4095
4095
4095
4095
3958
3476
2956
2388
1798
1230
704
280
11
1
2
146
462
852
1292
1792
2298
2752
3098
3312
3357
3261
3084
2864
2675
2532
2418
2340
2274
2192
2123
2082
2118
2231
2416
2630
2830
2958
2948
2797
2496
2098
1648
1232
868
616
440
331
251
164
129
164
354
727
1282
1969
2687
3356
3886
4095
4095
4095
4095
4095
4095
4062
3822
3464
3006
2448
1869
1301
837
532
360
323
382
481
609
736
890
1109
1421
1808
2262
2696
3011
3150
3109
2889
2588
2270
2013
1837
1752
1730
1711
1698
1707
1727
1809
1930
2133
2340
622
153
2
0
2
2
100
507
1009
1563
2139
2706
3235
3684
4055
4095
4095
4095
4095
4085
3730
3278
2769
2216
1692
1194
781
456
264
170
214
362
599
919
1293
1680
2083
2466
2814
3108
3348
3506
3575
3564
3473
3287
3038
2743
2422
2079
1756
1492
1284
1125
1046
1043
1110
1218
1338
1488
1617
1723
1794
1847
1878
1901
1896
1901
1914
1945
1983
2030
2076
2124
2168
2210
2247
2294
2332
2369
2395
2414
2416
2415
2384
2332
2246
2133
1998
1856
1717
1584
1489
1443
1442
1486
1591
1744
1926
2137
2367
2582
2777
2944
3076
3146
3168
3136
3063
2936
2760
2570
2373
2151
1941
1747
1572
1424
1322
1278
1304
1373
1501
1675
1884
2113
2346
2551
