2096
2108
2104
2072
2086
2112
2110
2080
2083
2095
2096
2083
2073
2082
2077
2096
2095
2076
2073
2078
2095
2085
2085
2098
2098
2085
2077
2085
2088
2090
2100
2086
2107
2077
2087
2085
2096
2083
2079
2093
2095
2087
2088
2075
2061
2077
2084
2089
2091
2068
2078
2089
2087
2091
2074
2075
2079
2079
2091
2091
2087
2088
2068
2078
2088
2064
2094
2082
2080
2081
2055
2073
2063
2079
2056
2065
2075
2077
2074
2082
2072
2060
2063
2072
2073
2083
2087
2097
2080
2100
2088
2080
2068
2087
2096
2098
2096
2087
2103
2079
2097
2093
2082
2092
2056
2083
2088
2089
2075
2081
2070
2071
2093
2084
2069
2071
2087
2083
2098
2119
2128
2110
2097
2081
2078
2079
2090
2115
2116
2110
2091
2082
2084
2055
2062
2072
2064
2053
2045
2018
2041
2051
2038
2061
2034
2028
2049
2051
2065
2059
2038
2036
2049
2078
2080
2077
2072
2064
2065
2058
2066
2051
2064
2060
2043
2053
2042
2001
2008
2012
2016
2038
2034
2033
2045
2044
2045
2036
2055
2075
2058
2055
2087
2118
2105
2120
2141
2137
2117
2138
2149
2156
2154
2136
2143
2121
2129
2109
2104
2104
2091
2080
2078
2082
2087
2073
2068
2061
2068
2041
2023
2024
2026
2040
2011
2002
1991
2002
2015
1992
2009
1996
1990
1988
1968
1987
1992
1977
1983
1983
1968
1981
1978
1981
1976
1982
1989
1993
2019
2025
2050
2034
2050
2056
2069
2074
2094
2096
2117
2114
2097
2127
2140
2160
2134
2142
2203
2224
2220
2221
2211
2187
2149
2114
2084
2040
2032
2025
1994
1977
1958
1949
1941
1953
1947
1959
1984
1996
2066
2078
2119
2215
2250
2276
2295
2318
2284
2297
2267
2224
2215
2181
2173
2157
2179
2204
2213
2223
2233
2252
2261
2227
2222
2144
2107
2083
2032
2009
1957
1936
1910
1898
1897
1907
1916
1934
1935
1949
1962
1972
1999
2007
1985
1980
1943
1960
1975
1965
1941
1947
1978
2008
2039
2066
2104
2114
2148
2173
2193
2181
2157
2165
2169
2174
2146
2115
2091
2111
2116
2118
2136
2149
2113
2140
2141
2170
2164
2169
2165
2184
2184
2213
2219
2194
2180
2164
2152
2131
2136
2106
2103
2099
2106
2100
2115
2118
2122
2144
2164
2173
2166
2159
2191
2146
2156
2171
2174
2102
2069
2061
2034
1995
1982
1925
1935
1953
1952
1931
1952
1979
2002
2055
2100
2154
2183
2233
2252
2237
2239
2195
2171
2133
2063
2014
1943
1917
1854
1816
1781
1756
1798
1802
1817
1840
1867
1902
1946
1965
1983
2033
2080
2119
2152
2168
2216
2268
2291
2340
2348
2362
2375
2370
2330
2323
2281
2234
2193
2166
2119
2075
2049
2049
2023
2028
2053
2046
2056
2026
2040
2039
2004
1959
1939
1907
1924
1934
1953
1941
1980
1996
2035
2088
2111
2140
2178
2188
2199
2219
2264
2252
2258
2257
2261
2270
2246
2254
2247
2211
2194
2174
2125
2120
2069
2056
2050
2032
2016
2009
1980
1987
1979
1972
1974
1971
1970
1935
1910
1890
1878
1871
1861
1845
2016
2023
1968
1941
1934
1935
1959
2001
2038
2071
2152
2193
2224
2228
2224
2230
2203
2173
2168
2168
2191
2198
2233
2214
2211
2199
2172
2128
2064
1995
1968
1914
1872
1886
1866
1874
1894
1890
1881
1844
1857
1860
1891
1931
1985
2028
2072
2125
2154
2190
2200
2197
2175
2188
2150
2152
2168
2134
2169
2165
2136
2157
2140
2136
2158
2144
2181
2204
2224
2212
2215
2200
2170
2140
2117
2076
2056
2083
2091
2102
2120
2144
2149
2156
2160
2119
2085
2074
2009
1941
1880
1883
1849
1888
1892
1925
1979
2014
2053
2113
2149
2162
2185
2227
2198
2219
2217
2201
2185
2179
2159
2161
2171
2181
2166
2174
2157
2166
2155
2134
2148
2122
2125
2091
2084
2083
2094
2093
2073
2023
2041
2024
2040
2072
2053
2073
2072
2093
2121
2151
2161
2182
2179
2209
2169
2157
2146
2082
2024
1969
1927
1877
1826
1810
1817
1809
1837
1913
1998
2073
2128
2238
2303
2348
2395
2428
2421
2391
2382
2344
2320
2283
2232
2195
2165
2160
2107
2096
2058
2002
1995
1982
1969
1951
1969
2000
2021
2048
2092
2111
2096
2142
2148
2122
2103
2104
2047
2037
2021
2035
2038
2085
2119
2153
2198
2211
2249
2255
2251
2255
2252
2224
2199
2173
2138
2087
2025
1978
1954
1917
1880
1862
1816
1806
1794
1794
1807
1788
1838
1895
1936
1991
2052
2123
2183
2227
2267
2297
2312
2321
2306
2260
2252
2241
2183
2157
2093
2096
2039
2018
1968
1931
1925
1894
1896
1916
2000
2020
2002
1964
1923
1919
1905
1884
1931
2001
2093
2180
2272
2314
2347
2305
2285
2244
2211
2140
2128
2128
2110
2079
2047
2060
2051
2045
2046
2086
2114
2135
2155
2203
2232
2255
2259
2249
2234
2186
2122
2051
1995
1999
2007
2011
2042
2051
2037
1996
1943
1875
1830
1768
1745
1731
1767
1823
1921
1998
2096
2145
2193
2213
2234
2246
2251
2248
2251
2273
2261
2282
2286
2298
2287
2295
2204
2134
2072
2001
1907
1849
1822
1824
1828
1864
1900
1982
2041
2112
2157
2191
2226
2236
2215
2184
2210
2210
2213
2224
2211
2231
2242
2263
2223
2187
2110
2051
2011
1978
1938
1920
1892
1896
1888
1943
1969
2005
2041
2066
2088
2091
2107
2152
2180
2254
2330
2336
1958
1912
1884
1877
1886
1913
1927
1987
2023
2075
2142
2202
2242
2288
2314
2336
2311
2288
2290
2250
2152
2113
2097
2047
2005
1957
1887
1849
1805
1770
1748
1739
1749
1744
1797
1848
1903
2004
2094
2157
2244
2336
2404
2482
2532
2585
2617
2622
2621
2591
2498
2433
2324
2209
2068
1933
1817
1694
1626
1554
1546
1549
1595
1661
1752
1844
1975
2037
2092
2163
2223
2264
2264
2258
2246
2206
2148
2160
2099
2022
1987
1980
1936
1935
1950
1967
1987
2027
2074
2132
2182
2211
2201
2198
2168
2131
2063
2035
1986
1979
1955
1950
1976
2036
2079
2110
2176
2260
2297
2302
2312
2369
2331
2323
2296
2248
2215
2169
2142
2073
2022
1994
1982
1985
1962
1958
1990
2032
2311
2189
2057
1935
1856
1732
1636
1571
1526
1520
1509
1559
1551
1592
1629
1712
1765
1836
1959
2050
2136
2264
2355
2421
2468
2509
2521
2544
2548
2549
2511
2477
2455
2395
2343
2274
2208
2145
2065
1995
1923
1886
1856
1821
1787
1781
1796
1778
1769
1777
1794
1794
1819
1862
1907
1967
2006
2070
2093
2103
2068
2057
2025
1978
1927
1917
1924
1913
1940
1947
1996
2067
2105
2140
2208
2286
2345
2402
2442
2466
2509
2512
2535
2511
2499
2457
2413
2331
2228
2154
2060
1987
1870
1795
1732
1642
1625
1620
1633
1647
1682
1704
1763
1838
1923
2006
2089
2187
2292
2410
2487
2570
2616
2684
2729
2700
2665
2630
2536
2399
2292
2181
2050
1942
1836
1716
1677
1616
2055
1982
1890
1879
1886
1908
1989
2092
2210
2332
2457
2561
2640
2693
2702
2662
2556
2432
2281
2095
1925
1760
1600
1519
1422
1418
1456
1520
1648
1816
1965
2128
2242
2333
2412
2443
2431
2388
2322
2252
2201
2137
2130
2088
2116
2157
2195
2250
2291
2331
2358
2374
2402
2405
2343
2295
2228
2178
2105
2034
1929
1856
1789
1743
1701
1710
1738
1762
1818
1897
1990
2052
2136
2181
2230
2251
2212
2200
2168
2089
2056
2009
1960
1925
1900
1868
1901
1923
1946
1970
2056
2093
2130
2177
2183
2170
2173
2133
2066
1992
1925
1848
1817
1812
1803
1839
1924
1996
2141
2227
2329
2367
2383
2383
2336
2217
2144
2080
1956
1916
1851
1806
1778
1768
1771
1817
1872
1926
2294
2305
2273
2249
2196
2139
2107
2086
2049
2041
2008
1987
1971
1952
1967
1965
1964
1976
2002
2012
2040
2016
2034
2035
2040
2058
2089
2097
2103
2124
2146
2155
2161
2149
2112
2098
2079
2047
2013
2009
1992
1958
1960
1949
1987
2029
2046
2097
2150
2196
2278
2364
2445
2513
2574
2633
2670
2653
2622
2548
2440
2320
2189
2008
1833
1685
1576
1486
1447
1404
1410
1487
1547
1652
1775
1856
1962
2070
2178
2263
2364
2448
2486
2534
2577
2559
2518
2476
2386
2288
2191
2119
2006
1904
1814
1757
1709
1725
1714
1736
1797
1874
1958
2059
2143
2237
2320
2383
2424
2462
2461
2434
2437
2406
2354
2299
2236
2139
2073
1998
1925
1858
1808
1760
1710
1704
1725
1717
2712
2668
2555
2383
2256
2114
1999
1874
1802
1752
1761
1801
1916
2036
2161
2330
2531
2638
2697
2690
2640
2497
2308
2087
1850
1637
1447
1344
1301
1358
1455
1597
1705
1836
1969
2070
2183
2277
2360
2388
2382
2324
2265
2172
2105
2045
2059
2080
2178
2318
2441
2562
2687
2805
2808
2777
2684
2588
2467
2367
2264
2212
2163
2086
2009
1921
1849
1766
1662
1561
1500
1459
1457
1498
1558
1600
1614
1612
1596
1614
1601
1650
1720
1839
2030
2283
2517
2703
2883
2998
3016
2996
2911
2791
2686
2582
2512
2432
2369
2295
2162
2019
1854
1699
1538
1441
1428
1449
1527
1602
1695
1740
1763
1761
1746
1717
1744
1795
1903
2057
2254
2431
2625
2764
2885
2932
2893
2780
2632
2651
2673
2628
2597
2520
2401
2281
2137
1978
1841
1689
1528
1419
1362
1332
1327
1340
1420
1529
1653
1808
1966
2170
2330
2484
2636
2722
2791
2807
2800
2744
2651
2522
2356
2212
2054
1866
1720
1620
1518
1442
1390
1416
1467
1526
1630
1736
1880
2010
2119
2286
2401
2457
2525
2526
2509
2449
2350
2276
2202
2151
2082
2043
1984
1999
1984
2003
2024
2046
2067
2095
2165
2198
2231
2243
2254
2260
2243
2215
2161
2089
2032
1984
1935
1913
1911
1927
1970
2069
2182
2279
2380
2451
2485
2537
2526
2484
2439
2365
2227
2119
1993
1874
1745
1622
1530
1485
1470
1504
1587
1715
1904
2122
2320
2532
2725
2872
2969
3026
3033
2963
2843
2696
2542
2334
2125
1912
1623
1631
1723
1868
2032
2254
2452
2629
2767
2850
2921
2905
2848
2771
2637
2467
2301
2131
1924
1720
1588
1443
1363
1358
1391
1504
1615
1750
1889
2008
2112
2217
2312
2364
2398
2450
2450
2421
2391
2324
2269
2192
2113
2061
2063
2133
2256
2430
2656
2859
3058
3160
3186
3088
2893
2619
2293
1955
1663
1382
1153
975
848
761
718
688
731
795
941
1190
1478
1802
2130
2382
2556
2615
2555
2420
2198
1953
1763
1616
1595
1658
1811
2005
2252
2510
2758
2957
3109
3244
3314
3353
3317
3238
3106
2945
2748
2478
2190
1872
1598
1337
1157
1013
988
1069
1216
1440
1720
2003
2251
2444
2577
2651
2633
2529
2383
2152
1898
1674
1471
1370
1293
1313
1397
1505
4095
3904
3150
2331
1515
758
63
2
1
1
1
0
1
62
720
1462
2199
2857
3395
3818
4095
4095
4095
4082
3828
3476
3070
2604
2124
1626
1174
820
558
438
463
635
958
1351
1837
2280
2696
3004
3171
3232
3191
3050
2818
2529
2253
1962
1691
1494
1275
1140
1069
1041
1115
1258
1481
1777
2120
2443
2718
2926
3048
3043
2952
2770
2537
2251
1934
1668
1482
1359
1330
1376
1444
1568
1731
1896
2067
2250
2460
2646
2789
2892
2908
2843
2673
2431
2116
1784
1450
1177
997
882
915
1044
1269
1521
1798
2082
2358
2615
2872
3074
3254
3428
3476
3472
3365
3164
2866
2476
2062
1676
1291
1016
843
819
838
944
1124
1307
1488
1680
1892
2136
