2105
2105
2089
2107
2108
2095
2109
2109
2110
2108
2096
2105
2092
2103
2117
2104
2099
2094
2102
2096
2097
2102
2089
2091
2098
2093
2123
2121
2099
2098
2094
2098
2106
2085
2102
2102
2098
2091
2106
2112
2093
2097
2119
2105
2097
2096
2116
2106
2106
2096
2091
2097
2099
2098
2109
2098
2102
2083
2076
2084
2085
2090
2095
2092
2076
2081
2087
2109
2089
2086
2098
2092
2093
2081
2092
2079
2090
2086
2084
2086
2085
2073
2066
2076
2096
2080
2078
2088
2087
2094
2088
2098
2080
2081
2083
2083
2092
2082
2090
2086
2098
2093
2098
2096
2083
2093
2079
2088
2099
2094
2089
2091
2090
2089
2090
2088
2082
2096
2092
2094
2104
2093
2100
2093
2098
2087
2092
2076
2136
2120
2144
2122
2116
2131
2145
2136
2133
2133
2127
2166
2120
2154
2151
2134
2145
2136
2133
2123
2124
2139
2120
2138
2112
2123
2150
2156
2134
2125
2122
2144
2159
2131
2143
2159
2134
2149
2135
2093
2138
2128
2149
2133
2139
2147
2114
2085
2117
2119
2117
2131
2135
2122
2109
2102
2110
2102
2085
2102
2107
2114
2082
2084
2087
2082
2107
2079
2024
2047
2084
2089
2058
2045
2035
2029
2046
2058
2045
2018
2029
2030
2031
2012
1980
1991
2019
1986
1967
1950
1994
1999
1978
2003
1977
1982
1961
1962
1972
1974
1968
1968
1957
1952
1976
1975
1982
1966
1968
1956
1993
1988
1988
1974
1988
2020
2001
1986
1986
1987
1991
1995
1986
1991
2003
2026
2037
2037
2059
2094
2094
2061
2085
2077
2092
2098
2109
2144
2148
2165
2185
2194
2210
2172
2194
2171
2175
2183
2147
2131
2102
2068
2055
2009
1972
1964
1926
1903
1894
1842
1851
1857
1858
1836
1838
1861
1870
1872
1932
1951
1972
1971
1995
2013
2009
2043
2040
2015
2016
2018
2019
1986
1998
1971
1921
1958
1950
1932
1928
1939
1953
1969
1987
1988
2027
2072
2070
2096
2120
2134
2162
2143
2159
2165
2141
2119
2138
2110
2096
2078
2027
2024
2031
2003
2033
2016
1998
2013
2044
2046
2045
2067
2077
2039
2072
2046
2062
2096
2104
2119
2130
2118
2099
2102
2101
2099
2100
2098
2074
2066
2085
2071
2049
2058
2030
2037
2010
2016
2002
2001
1974
1990
2009
1990
1994
2012
2234
2210
2280
2339
2387
2449
2485
2516
2514
2481
2441
2392
2290
2235
2149
2076
2056
2010
2012
2029
2048
2040
2054
2045
2066
2026
2024
1998
1936
1882
1880
1868
1855
1873
1864
1846
1848
1853
1813
1806
1761
1736
1736
1694
1653
1668
1701
1747
1791
1842
1834
1849
1876
1892
1904
1879
1890
1899
1883
1901
1921
1952
1992
2061
2122
2177
2235
2285
2310
2304
2320
2318
2320
2287
2279
2260
2272
2283
2283
2299
2305
2315
2325
2315
2337
2307
2286
2279
2279
2235
2208
2172
2192
2166
2158
2204
2213
2214
2277
2247
2268
2325
2320
2328
2320
2295
2231
2188
2136
2061
2014
1991
1956
1921
1913
1927
1985
2025
2062
2042
2124
2114
2115
2110
2080
2062
2032
1991
2315
2352
2310
2355
2376
2334
2340
2308
2292
2275
2280
2262
2225
2233
2216
2193
2209
2193
2188
2147
2168
2152
2101
2103
2082
2079
2068
2088
2053
2041
2070
2055
2105
2100
2129
2114
2105
2088
2078
2072
2050
2032
1992
1920
1894
1868
1876
1893
1882
1858
1903
1880
1937
1994
2076
2164
2222
2324
2391
2460
2553
2582
2610
2639
2632
2587
2503
2438
2317
2230
2083
1956
1817
1677
1552
1426
1334
1292
1243
1271
1314
1382
1500
1654
1765
1896
2068
2227
2384
2537
2686
2764
2840
2852
2838
2841
2735
2676
2556
2409
2282
2144
2021
1866
1734
1674
1604
1582
1559
1584
1619
1692
1763
1860
1964
2067
2192
2298
2399
2474
2522
2607
2600
2603
2576
2490
2417
2342
2127
2149
2237
2256
2296
2306
2310
2289
2260
2264
2288
2354
2352
2350
2305
2210
2074
1916
1784
1768
1765
1753
1744
1699
1618
1551
1488
1517
1614
1739
1871
1996
2115
2132
2165
2222
2285
2387
2458
2492
2552
2533
2519
2534
2566
2537
2499
2482
2468
2458
2476
2466
2427
2300
2171
2010
1893
1814
1740
1648
1582
1531
1494
1478
1495
1495
1542
1606
1670
1781
1920
2057
2176
2239
2268
2274
2312
2388
2459
2539
2573
2528
2506
2460
2424
2455
2495
2559
2527
2458
2363
2243
2089
2006
1844
1781
1697
1647
1571
1521
1490
1454
1442
1507
1616
1735
1861
1955
2077
2142
2202
2271
2360
2436
2530
2555
2551
2496
2456
2438
2404
2432
2455
2441
2393
2282
2195
2108
2249
2208
2153
2108
2062
2024
1953
1921
1932
1914
1932
1941
1992
2048
2102
2142
2179
2201
2222
2238
2226
2194
2136
2055
1978
1901
1819
1750
1710
1686
1699
1726
1833
1959
2071
2228
2406
2539
2634
2736
2791
2804
2732
2627
2490
2313
2114
1923
1731
1556
1408
1281
1189
1201
1202
1277
1406
1564
1764
1975
2176
2379
2560
2730
2851
2888
2906
2881
2852
2752
2653
2533
2390
2231
2132
2010
1900
1824
1731
1663
1656
1625
1649
1678
1757
1839
1903
1976
2075
2145
2225
2286
2322
2370
2396
2382
2368
2344
2272
2217
2113
2015
1906
1806
1683
1628
1605
1580
1612
1650
1710
1818
1928
2031
2144
2274
2400
2472
2518
2567
2558
2536
2474
2393
2306
2168
2062
1922
1898
2005
2024
2067
2096
2116
2156
2176
2128
2078
1987
1924
1812
1767
1811
1890
2068
2199
2284
2382
2389
2342
2287
2306
2317
2259
2206
2156
2164
2130
2107
2145
2160
2142
2144
2162
2161
2124
2092
2040
1936
1838
1745
1725
1742
1816
1892
1947
1972
1985
1995
2004
2040
2073
2091
2106
2129
2131
2118
2105
2097
2098
2107
2155
2161
2202
2197
2185
2176
2152
2215
2351
2453
2502
2460
2364
2256
2137
2102
2043
1979
1842
1710
1594
1589
1648
1759
1871
1926
1968
1997
1973
2024
2120
2231
2398
2528
2648
2718
2737
2811
2796
2762
2710
2656
2510
2381
2197
2008
1815
1683
1572
1596
1542
1497
1408
1323
1265
1332
1479
1687
1872
2002
2118
2246
2386
2588
2811
1709
1636
1580
1584
1606
1752
1895
2045
2276
2463
2592
2717
2798
2780
2758
2646
2504
2320
2129
1960
1750
1544
1429
1334
1281
1324
1428
1636
1874
2095
2328
2564
2806
2943
2988
2967
2894
2710
2486
2232
1927
1640
1344
1146
990
952
989
1085
1276
1602
1939
2286
2633
2933
3177
3349
3389
3346
3182
2968
2682
2373
2030
1695
1427
1195
1018
940
956
1084
1294
1519
1814
2095
2406
2605
2790
2890
2916
2824
2686
2514
2276
2036
1800
1552
1352
1232
1183
1204
1286
1469
1690
1938
2194
2460
2649
2860
2929
2944
2890
2767
2559
2348
2090
1876
1659
1480
1382
1310
1324
1400
1588
1822
2077
2389
2674
2948
3149
3281
3339
3286
3147
2948
2655
2386
2056
1733
1871
1822
1706
1624
1605
1607
1732
1912
2131
2359
2568
2682
2747
2760
2738
2718
2674
2593
2516
2354
2154
1961
1765
1629
1622
1670
1690
1701
1644
1634
1641
1752
1928
2173
2409
2558
2638
2692
2718
2734
2763
2722
2665
2487
2283
1998
1761
1560
1428
1369
1364
1327
1333
1337
1379
1511
1726
1895
2060
2241
2296
2320
2328
2374
2494
2620
2714
2843
2838
2780
2703
2602
2481
2407
2290
2085
1779
1497
1288
1146
1132
1246
1419
1544
1674
1771
1900
2020
2190
2386
2519
2688
2664
2625
2661
2644
2644
2682
2655
2592
2470
2267
2036
1850
1792
1725
1680
1653
1636
1612
1638
1737
1871
2050
2178
2194
2222
2184
2145
2156
2200
2223
2251
2262
2208
2143
2134
2046
2343
2608
2864
3075
3212
3281
3283
3181
3000
2766
2506
2232
1974
1704
1509
1324
1204
1141
1126
1146
1215
1327
1456
1629
1814
1993
2134
2232
2291
2298
2255
2166
2052
1938
1806
1731
1698
1669
1717
1803
1912
2058
2180
2325
2477
2652
2757
2846
2906
2928
2892
2803
2679
2526
2358
2174
2000
1820
1712
1624
1592
1632
1688
1797
1922
2054
2175
2291
2404
2464
2520
2509
2480
2407
2298
2173
2067
1938
1858
1802
1779
1768
1788
1848
1928
2035
2122
2220
2317
2389
2437
2464
2475
2415
2338
2207
2067
1934
1754
1657
1543
1448
1420
1396
1458
1544
1686
1879
2117
2349
2570
2766
2892
2987
3031
3010
2928
2825
2688
2511
2329
2138
1936
1782
1625
1503
1403
1367
2990
2933
2857
2750
2634
2490
2346
2246
2155
2140
2157
2210
2226
2168
2043
1834
1586
1311
1138
1031
1014
1060
1219
1409
1598
1781
1964
2127
2331
2526
2766
3024
3304
3540
3699
3736
3666
3516
3292
3020
2730
2408
2092
1782
1490
1277
1116
1025
1045
1141
1280
1428
1563
1625
1638
1609
1597
1609
1665
1749
1824
1950
2086
2234
2428
2648
2902
3128
3321
3402
3371
3211
2979
2668
2389
2106
1858
1623
1380
1154
979
864
833
881
994
1171
1360
1544
1740
1979
2243
2520
2795
3002
3157
3214
3176
3030
2849
2610
2368
2145
1952
1804
1692
1601
1537
1469
1434
1476
1567
1769
1999
2206
2343
2411
2405
2352
2341
2348
2424
2502
2435
2264
1982
1576
1234
977
2749
2972
3153
3280
3311
3308
3253
3138
2966
2722
2428
2087
1737
1397
1093
858
713
665
729
884
1125
1403
1737
2048
2361
2626
2860
3045
3164
3225
3229
3154
2994
2772
2489
2144
1813
1489
1200
963
820
765
808
918
1111
1353
1633
1915
2200
2480
2715
2912
3055
3130
3119
3030
2841
2566
2259
1948
1632
1377
1180
1092
1107
1203
1396
1628
1900
2203
2502
2769
3019
3225
3376
3428
3403
3263
3035
2700
2311
1884
1459
1086
808
632
597
696
919
1213
1591
2000
2418
2810
3160
3450
3678
3796
3797
3685
3447
3103
2701
2249
1788
1369
1012
759
611
586
688
879
1154
1466
1812
2165
2482
2761
2966
3103
3153
3107
2949
2752
2512
2254
2028
1830
2033
2334
2445
2357
2056
1640
1185
805
567
518
656
936
1350
1824
2329
2863
3396
3900
4095
4095
4095
4095
3901
3207
2420
1707
1132
785
706
838
1072
1358
1598
1727
1784
1784
1732
1660
1560
1485
1422
1379
1388
1440
1603
1933
2381
2910
3488
3966
4095
4095
4095
3714
3077
2360
1658
1104
743
595
630
785
1018
1300
1604
1951
2310
2641
2891
2992
2885
2562
2077
1530
1069
781
786
1093
1616
2193
2682
2967
3014
2899
2692
2451
2231
2039
1841
1618
1356
1085
881
836
1028
1505
2182
2947
3607
4026
4095
4012
3727
3339
2960
2619
2293
1962
1657
1349
1066
840
721
717
866
1104
1308
1423
1401
1285
1158
1092
1102
1190
1317
1482
1686
1961
1901
1990
2057
2160
2257
2353
2433
2486
2517
2516
2486
2440
2378
2334
2304
2286
2291
2317
2334
2353
2336
2301
2233
2115
1991
1849
1711
1590
1498
1462
1444
1453
1495
1556
1649
1765
1889
2024
2163
2312
2447
2590
2706
2787
2846
2844
2805
2721
2584
2405
2227
2024
1865
1711
1584
1508
1445
1398
1372
1398
1430
1465
1556
1656
1749
1884
2020
2140
2274
2396
2504
2594
2685
2740
2774
2793
2784
2764
2701
2616
2512
2351
2187
1983
1817
1651
1484
1386
1329
1323
1386
1492
1648
1831
2032
2231
2416
2573
2701
2784
2854
2871
2838
2766
2678
2570
2426
2228
2047
1860
1661
1484
1358
1268
1202
1189
1257
1354
1501
1653
1818
1980
2132
2258
2374
2453
2504
2550
