2083
2090
2092
2092
2096
2067
2080
2112
2090
2061
2106
2098
2090
2097
2088
2083
2091
2093
2100
2100
2119
2106
2095
2104
2121
2105
2113
2105
2095
2115
2096
2088
2101
2110
2100
2112
2096
2080
2090
2058
2090
2071
2104
2110
2119
2067
2068
2081
2094
2075
2112
2101
2080
2092
2065
2087
2088
2092
2102
2097
2117
2103
2088
2072
2089
2088
2082
2082
2082
2095
2104
2088
2103
2088
2079
2095
2110
2087
2079
2095
2099
2094
2092
2068
2081
2088
2083
2099
2087
2099
2083
2071
2101
2096
2083
2086
2100
2101
2099
2070
2077
2088
2106
2060
2085
2104
2107
2112
2090
2090
2113
2108
2094
2114
2102
2103
2100
2097
2118
2108
2110
2102
2082
2097
2121
2114
2111
2135
2076
2051
2088
2105
2079
2094
2098
2107
2080
2085
2066
2053
2062
2069
2082
2069
2099
2085
2080
2120
2076
2107
2126
2099
2088
2104
2097
2087
2089
2080
2104
2107
2097
2102
2087
2089
2106
2104
2108
2102
2107
2084
2080
2106
2085
2094
2098
2105
2087
2113
2128
2123
2089
2082
2110
2098
2111
2118
2092
2096
2110
2084
2114
2118
2113
2128
2108
2112
2109
2126
2137
2131
2130
2116
2150
2139
2126
2114
2133
2128
2126
2101
2099
2120
2115
2096
2091
2095
2109
2100
2116
2107
2103
2103
2110
2118
2092
2103
2118
2127
2109
2099
2088
2117
2088
2095
2118
2103
2120
2135
2110
2097
2111
2103
2121
2129
2112
2111
2112
2097
2096
2112
2092
2090
2112
2096
2104
2099
2148
2125
2134
2113
2130
2095
2116
2108
2112
2093
2107
2079
2079
2096
2073
2075
2041
2042
2068
2058
2051
2053
2051
2046
2098
2081
2079
2076
2089
2111
2096
2102
2117
2132
2108
2131
2162
2152
2157
2158
2154
2151
2142
2133
2121
2109
2109
2091
2071
2075
2053
2035
2043
2031
2010
2000
1995
1997
1990
1980
2032
2031
2018
2048
2023
2037
2066
2104
2102
2095
2124
2119
2131
2127
2152
2154
2182
2172
2173
2156
2152
2157
2151
2143
2144
2163
2156
2131
2108
2090
2070
2082
2062
2072
2072
2092
2084
2059
2083
2062
2062
2064
2056
2057
2077
2073
2071
2073
2084
2083
2098
2094
2092
2105
2112
2091
2092
2091
2097
2109
2085
2084
2099
2053
2058
2056
2065
2091
2066
2041
2052
2064
2067
2082
2089
2084
2124
2135
2127
2137
2116
2120
2132
2117
2109
2122
2110
2121
2103
2095
2072
2099
2071
2056
2068
2091
2110
2086
2060
2068
2066
2086
2114
2100
2090
2076
2077
2099
2110
2124
2136
2135
2128
2145
2143
2089
2092
2075
2108
2105
2095
2106
2088
2110
2106
2085
2100
2100
2108
2131
2096
2104
2109
2111
2111
2126
2109
2113
2094
2083
2100
2093
2051
2012
2026
2013
2006
1980
1959
1993
1991
1976
1950
1975
1994
1990
2018
2070
2098
2120
2141
2199
2202
2211
2237
2233
2247
2245
2276
2221
2231
2191
2204
2161
2135
2102
2079
2042
2026
1968
1981
1977
1950
1946
1952
1953
1945
1967
1996
2010
2018
2050
2060
2087
2112
2124
2138
2113
2107
2103
2125
2128
2129
2134
2155
2184
2147
2159
2123
2116
2113
2103
2097
2104
2133
2157
2127
2109
2098
2102
2108
2053
2024
2029
2006
2017
1994
1969
1951
1978
1938
1938
1988
2021
2041
2050
2105
2126
2164
2186
2203
2202
2201
2215
2212
2188
2145
2163
2128
2104
2110
2126
2110
2104
2073
2055
2046
2001
1996
2010
2035
2039
2072
2086
2126
2155
2176
2216
2224
2203
2211
2192
2154
2135
2142
2140
2113
2085
2058
2049
2026
2008
2021
1996
2008
1991
2018
1980
1979
1982
1978
2001
2014
2042
2068
2089
2108
2144
2151
2147
2160
2163
2160
2156
2176
2166
2157
2156
2131
2107
2107
2074
2082
2064
2059
2059
2088
2100
2100
2112
2124
2136
2142
2160
2179
2165
2217
2237
2250
2264
2265
2241
2226
2234
2192
2167
2105
2088
2068
2030
1995
1970
1946
1936
1933
1922
1954
1943
1968
2008
2018
2058
2091
2140
2153
2164
2210
2212
2226
2219
2216
2177
2171
2169
2157
2135
2099
2087
2086
2069
2066
2067
2049
2047
2049
2032
2077
2103
2074
2101
2116
2096
2127
2101
2110
2109
2106
2113
2056
2064
2070
2068
2067
2044
2060
2075
2070
2057
2083
2090
2094
2081
2092
2133
2168
2126
2152
2146
2155
2145
2152
2143
2130
2118
2116
2088
2079
2059
2040
2039
2034
2013
1991
1978
2015
1977
1999
2022
2007
2009
2030
2058
2084
2086
2112
2119
2145
2155
2202
2196
2197
2172
2158
2193
2187
2176
2169
2144
2171
2138
2124
2099
2021
1975
1973
1974
2012
2026
2067
2072
2106
2083
2121
2103
2118
2086
2073
2086
2089
2091
2074
2090
2058
2057
2074
2077
2131
2147
2198
2223
2238
2226
2213
2168
2154
2129
2104
2078
2085
2067
1996
1980
1930
1948
1964
2001
2054
2097
2135
2149
2136
2156
2144
2163
2168
2183
2203
2146
2135
2077
2052
2034
1982
1978
1996
1984
2014
2007
2014
2023
2040
2036
2025
2062
2060
2066
2090
2101
2156
2122
2164
2151
2155
2138
2101
2109
2096
2119
2115
2063
2084
2085
2102
2081
2093
2103
2137
2149
2120
2096
2059
2007
2002
2019
2029
2030
2043
2064
2083
2142
2167
2169
2189
2198
2179
2175
2181
2157
2110
2112
2087
2081
2063
2092
2072
2068
2083
2101
2093
2100
1948
1944
1947
1974
1946
1969
1991
2025
2070
2107
2150
2186
2244
2277
2280
2296
2313
2294
2266
2255
2243
2192
2151
2096
2064
2016
2021
1980
1949
1977
1986
1982
2007
2058
2052
2073
2089
2065
2078
2083
2064
2078
2084
2054
2057
2070
2076
2046
2058
2062
2071
2120
2143
2143
2148
2182
2192
2158
2188
2197
2147
2117
2109
2064
2052
2016
2000
1982
1995
1986
2001
2007
2055
2074
2095
2145
2164
2171
2204
2188
2209
2205
2173
2183
2141
2139
2132
2126
2091
2086
2072
2074
2045
2036
2049
2057
2067
2061
2077
2073
2064
2052
2065
2057
2050
2048
2036
2039
2017
2012
2034
2065
2077
2093
2103
2126
2122
2142
2130
2106
2142
2154
2127
2121
2098
2066
2082
2077
2177
2164
2132
2129
2067
2052
2032
2022
2038
2002
1992
1989
2014
2030
2075
2082
2100
2126
2129
2123
2107
2108
2131
2164
2143
2144
2134
2108
2101
2073
2065
2064
2035
2015
2036
2037
2076
2086
2112
2130
2141
2188
2169
2185
2151
2162
2112
2091
2070
2035
2006
2019
1984
2014
2056
2046
2069
2101
2073
2120
2107
2121
2142
2154
2132
2123
2038
2024
1982
1987
1971
1974
1999
1976
2002
2031
2044
2096
2137
2210
2284
2286
2324
2345
2347
2297
2252
2215
2192
2180
2117
2086
2042
1993
1958
1909
1893
1884
1894
1918
1972
2011
2044
2076
2101
2135
2165
2171
2187
2173
2143
2126
2099
2099
2136
2165
2130
2123
2108
2122
2140
2166
2213
2210
2210
2172
2164
2101
1961
1983
1988
1991
2007
2052
2055
2074
2099
2145
2166
2204
2212
2225
2244
2240
2221
2192
2168
2144
2102
2103
2058
2048
2017
2001
1958
1935
1951
1963
1972
1985
2010
2073
2123
2130
2164
2199
2211
2207
2216
2216
2155
2146
2115
2109
2083
2020
2014
2002
2004
2011
2024
2055
2070
2084
2099
2118
2147
2165
2164
2151
2168
2152
2150
2160
2144
2121
2108
2069
2038
2047
2007
1992
1960
1961
1970
1988
1993
2029
2069
2128
2175
2233
2235
2292
2300
2344
2322
2296
2253
2207
2166
2117
2079
2040
1987
2012
1956
1959
1959
1986
1992
2028
2028
2042
2030
2026
2057
2065
2055
2076
2067
2052
2047
2082
2093
2103
2098
2084
2131
2145
2155
2171
2186
2236
2250
2244
2109
2090
2082
2085
2049
2078
2084
2073
2062
2069
2092
2071
2112
2123
2127
2084
2106
2041
2055
2114
2136
2166
2161
2133
2132
2104
2125
2156
2152
2149
2141
2119
2126
2135
2127
2136
2121
2088
2058
2031
2010
2017
2032
2032
1996
1976
1968
1970
1970
1993
2014
2078
2059
2076
2070
2103
2118
2120
2169
2179
2178
2208
2175
2138
2133
2143
2155
2146
2125
2097
2106
2081
2066
2030
2042
2047
2032
2008
2010
1975
1971
1960
1983
1993
2030
2113
2174
2203
2230
2214
2208
2196
2215
2242
2274
2268
2261
2190
2120
2062
2019
1991
1999
1984
1966
1938
1908
1895
1870
1875
1898
1896
1905
1941
1967
2022
2076
2107
2118
2165
2160
2199
2242
2309
2334
2374
2417
2430
2014
2018
2070
2117
2174
2221
2261
2286
2319
2364
2363
2344
2299
2244
2152
2067
2000
1915
1863
1817
1826
1830
1896
1967
2057
2129
2202
2236
2267
2265
2209
2148
2095
2010
1975
1930
1947
1981
2047
2101
2187
2284
2326
2351
2348
2322
2276
2202
2087
2019
1941
1899
1890
1907
1918
1988
2056
2095
2143
2193
2218
2226
2212
2198
2152
2130
2086
2092
2070
2034
2044
2024
2041
2013
1979
1967
1928
1854
1828
1819
1807
1895
1986
2060
2171
2286
2400
2459
2516
2475
2447
2379
2311
2200
2070
1985
1890
1849
1861
1886
1947
1983
2016
2059
2082
2063
2016
1985
1946
1918
1919
1903
1993
2058
2129
2254
2322
2343
2359
2329
2283
2224
2175
2102
2057
2038
2093
2104
2442
2406
2411
2352
2359
2293
2204
2088
1957
1841
1745
1656
1619
1618
1695
1722
1784
1823
1858
1863
1887
1908
1954
2007
2127
2222
2320
2427
2538
2625
2664
2674
2649
2599
2528
2448
2367
2265
2220
2210
2191
2179
2140
2055
1965
1872
1720
1621
1576
1520
1498
1545
1608
1704
1810
1923
1994
2070
2071
2117
2170
2178
2211
2245
2277
2336
2386
2436
2456
2459
2442
2388
2327
2266
2174
2151
2118
2088
2094
2046
2030
2034
2008
1972
1880
1833
1827
1789
1824
1897
1978
2088
2145
2246
2284
2277
2260
2248
2240
2161
2145
2092
2061
2056
2048
2028
2032
2002
1998
1973
1958
1920
1899
1901
1912
1947
1925
1952
1979
2000
1992
2016
2033
2068
2100
2098
2114
2162
1762
1854
1986
2088
2167
2242
2277
2321
2329
2319
2300
2239
2208
2176
2124
2079
2053
2024
2017
2004
2019
2022
2041
2094
2114
2171
2209
2245
2237
2275
2269
2253
2233
2193
2123
2064
1996
1944
1894
1876
1834
1847
1873
1926
2000
2088
2169
2251
2320
2377
2384
2394
2365
2306
2220
2124
2038
1959
1872
1809
1767
1729
1747
1768
1838
1879
1973
2062
2169
2223
2270
2309
2327
2316
2248
2174
2146
2091
2019
1984
1963
1981
1988
2011
2036
2044
2080
2111
2106
2090
2082
2038
2011
1936
1879
1829
1801
1748
1750
1749
1807
1853
1919
1995
2100
2175
2288
2347
2409
2471
2493
2489
2437
2403
2329
2250
2165
2072
2015
1992
1993
1987
1988
2017
2072
2155
2208
2256
2469
2450
2476
2492
2501
2502
2478
2445
2403
2342
2306
2233
2160
2079
1993
1892
1800
1724
1656
1634
1637
1656
1655
1683
1731
1825
1939
2077
2191
2318
2394
2414
2396
2367
2268
2244
2263
2306
2379
2450
2461
2451
2409
2324
2188
2082
2035
2000
1990
1963
2021
1992
1948
1919
1875
1872
1894
1940
2011
2095
2190
2277
2333
2375
2404
2405
2388
2357
2323
2273
2246
2190
2145
2090
2015
1891
1847
1769
1680
1625
1577
1550
1522
1519
1552
1582
1605
1637
1675
1718
1742
1794
1860
1932
2001
2100
2210
2297
2345
2381
2398
2398
2380
2360
2353
2326
2314
2305
2258
2272
2240
2219
2159
2128
2083
2005
1984
1976
1965
1986
1955
1947
1954
1950
1943
1910
1884
1839
