2094
2094
2103
2089
2082
2088
2124
2110
2117
2120
2127
2081
2122
2088
2081
2076
2099
2086
2086
2101
2112
2096
2096
2102
2090
2069
2079
2109
2125
2112
2112
2121
2109
2108
2126
2090
2084
2044
2094
2099
2095
2106
2109
2079
2105
2108
2110
2063
2077
2088
2085
2094
2095
2091
2096
2090
2132
2125
2088
2117
2089
2088
2125
2090
2075
2081
2093
2107
2123
2108
2084
2083
2105
2090
2107
2106
2086
2103
2081
2080
2083
2089
2096
2092
2068
2066
2067
2041
2054
2046
2075
2103
2068
2107
2096
2111
2061
2067
2119
2102
2115
2098
2074
2089
2101
2079
2096
2072
2096
2093
2087
2095
2105
2075
2083
2120
2110
2072
2094
2096
2095
2094
2102
2112
2074
2114
2083
2116
2127
2112
2127
2105
2104
2103
2098
2111
2107
2121
2117
2087
2101
2086
2112
2093
2128
2142
2116
2120
2111
2116
2104
2099
2106
2114
2110
2120
2118
2091
2104
2103
2101
2101
2121
2094
2095
2118
2118
2114
2098
2125
2111
2111
2127
2131
2123
2108
2111
2114
2114
2102
2099
2096
2098
2116
2110
2128
2125
2090
2080
2118
2122
2094
2112
2094
2090
2075
2080
2095
2120
2084
2096
2091
2081
2095
2075
2054
2087
2090
2092
2096
2086
2094
2105
2096
2066
2096
2075
2082
2075
2091
2091
2084
2077
2083
2099
2114
2092
2074
2083
2070
2091
2065
2083
2067
2076
2069
2063
2048
2087
2046
2058
2069
2073
2050
2048
2050
2069
2072
2072
2074
2064
2080
2070
2074
2061
2069
1914
1886
1868
1862
1840
1844
1843
1830
1823
1850
1854
1890
1905
1906
1912
1935
1966
1960
1989
2025
2008
2037
2074
2056
2067
2076
2124
2152
2182
2224
2237
2292
2289
2309
2302
2330
2350
2350
2350
2381
2368
2370
2371
2374
2346
2345
2326
2326
2314
2282
2312
2273
2264
2218
2223
2210
2195
2178
2162
2134
2116
2064
2037
2035
1998
1972
1923
1890
1856
1837
1834
1849
1864
1901
1958
1987
2008
1995
2029
2017
2003
1994
1972
1987
1994
1976
1980
2018
2005
2051
2087
2097
2131
2180
2184
2201
2209
2212
2217
2219
2218
2167
2144
2127
2128
2091
2088
2097
2060
2044
2027
1979
1931
1953
1931
1943
1923
1933
1914
1917
1921
1937
1946
1945
1954
1948
1941
1889
2143
2183
2199
2261
2303
2312
2355
2355
2353
2359
2329
2292
2263
2242
2209
2136
2097
2052
1991
1960
1924
1882
1863
1858
1840
1850
1830
1849
1887
1898
1905
1955
1976
2018
2085
2141
2164
2195
2227
2293
2318
2345
2387
2370
2389
2360
2340
2335
2306
2248
2195
2183
2143
2062
2034
2023
2019
1977
1948
1956
1980
1981
2023
2033
2034
2091
2110
2128
2166
2193
2179
2191
2217
2248
2237
2241
2217
2183
2178
2157
2106
2099
2052
2017
1967
1910
1890
1864
1864
1848
1860
1864
1870
1879
1922
2003
2005
2067
2131
2169
2199
2246
2312
2296
2326
2342
2343
2299
2306
2280
2230
2216
2177
2158
2087
2031
1994
1944
1916
1885
1852
1854
1831
1816
1832
1847
1900
1958
2066
2089
2095
2150
2193
2217
2253
2293
2340
2375
2369
2352
2350
2275
2203
2097
1989
1904
1787
1736
1694
1663
1674
1715
1795
1886
1970
2124
2244
2363
2450
2488
2504
2504
2450
2374
2274
2176
2111
2062
2036
1998
1999
1992
1995
2005
1949
1913
1894
1875
1857
1816
1808
1792
1830
1845
1880
1901
1964
2058
2128
2247
2380
2504
2564
2586
2577
2557
2478
2370
2268
2139
2016
1895
1832
1744
1684
1698
1703
1710
1750
1798
1843
1937
2010
2098
2171
2246
2271
2270
2244
2237
2184
2154
2122
2130
2137
2167
2220
2222
2245
2229
2214
2206
2198
2212
2231
2237
2227
2175
2112
2034
1976
1946
1928
1950
1985
2020
2051
2053
2067
2053
2064
2073
2103
2089
2098
2065
2053
2053
1998
1984
1958
1944
1961
1958
1970
1962
1993
2036
2091
2134
2149
2164
2195
2217
2287
2320
2308
2321
2314
2297
2258
2201
2126
2071
2021
1932
1896
1840
1812
1790
1807
1805
1846
1893
1925
1996
2064
2101
2133
2175
2186
2198
2200
2170
2160
2156
2145
2123
2108
2073
2012
1996
1988
2004
1976
1988
2021
2039
2077
2129
2151
2202
2206
2203
2215
2192
2184
2168
2122
2101
2049
2027
1960
1960
1949
1930
1938
1974
1953
2002
2023
2045
2103
2145
2184
2232
2263
2287
2276
2299
2306
2281
2237
2225
2182
2137
2120
2075
2055
2017
1972
1931
1930
1940
1943
1963
1972
2004
2014
2033
2045
2082
2139
2144
2144
2177
2147
2155
2158
2140
2109
2116
2129
2134
2126
2130
2131
2146
2160
2142
2094
2023
2005
1969
1905
1946
1957
2004
2102
2148
2273
2325
2398
2430
2464
2446
2400
2324
2235
2121
1984
1820
1691
1613
1534
1533
1611
1723
1933
2116
2314
2467
2648
2724
2770
2728
2662
2606
2536
2449
2366
2282
2155
2014
1872
1717
1617
1517
1452
1421
1456
1518
1569
1645
1718
1812
1948
2116
2282
2452
2606
2735
2811
2796
2714
2601
2454
2275
2162
2074
1993
1954
1947
1918
1920
1903
1902
1868
1844
1794
1810
1775
1776
1792
1795
1843
1903
1954
2062
2146
2214
2274
2289
2298
2257
2225
2163
2165
2140
2118
2125
2129
2131
2118
2102
2060
2021
1971
1933
1934
1911
1916
1960
2001
2099
2225
2329
2409
2435
2437
2358
2274
1674
1752
1878
1957
2051
2149
2242
2325
2387
2423
2427
2421
2411
2328
2265
2209
2148
2086
1988
1911
1852
1845
1840
1855
1915
1989
2071
2138
2200
2260
2281
2261
2227
2216
2157
2074
2025
1986
1957
1930
1915
1925
1952
1974
2010
2067
2134
2201
2248
2264
2257
2244
2190
2130
2088
2008
1991
1973
1962
1918
1932
1928
1984
1965
1982
2008
2059
2080
2136
2151
2180
2216
2207
2219
2182
2140
2077
2027
1979
1962
1936
1971
2020
2047
2099
2174
2239
2274
2317
2347
2341
2327
2276
2215
2146
2058
1998
1936
1922
1891
1870
1886
1947
1983
2088
2167
2242
2279
2304
2312
2311
2288
2232
2153
2095
2047
1978
1920
1886
1858
1828
1873
1928
1988
2013
2086
2183
2246
2287
2205
2169
2140
2125
2130
2145
2167
2178
2173
2146
2078
2056
2012
1937
1882
1842
1831
1847
1886
1932
2044
2144
2257
2365
2409
2443
2425
2355
2306
2208
2110
1991
1877
1795
1735
1722
1755
1845
1972
2062
2184
2288
2368
2405
2367
2303
2188
2064
1985
1915
1847
1858
1873
1890
1945
1965
2009
2005
2022
2031
2060
2090
2148
2192
2232
2309
2360
2440
2491
2491
2479
2450
2365
2241
2114
1950
1780
1692
1610
1602
1672
1779
1914
2074
2225
2360
2469
2564
2571
2548
2499
2414
2315
2208
2081
1973
1894
1892
1913
1939
1986
2034
2040
1991
1927
1866
1858
1872
1940
2048
2175
2305
2395
2453
2433
2388
2310
2217
2075
1948
1809
1680
1554
1449
1424
1465
1585
1737
1579
1454
1383
1369
1406
1527
1669
1865
2048
2189
2300
2382
2390
2416
2428
2422
2437
2468
2488
2451
2400
2318
2190
2029
1862
1756
1686
1673
1698
1791
1918
2065
2161
2247
2284
2282
2243
2160
2082
2002
1961
1947
1950
1968
1961
1964
1925
1847
1782
1728
1701
1728
1814
1950
2164
2365
2568
2744
2830
2865
2808
2677
2476
2268
2024
1811
1608
1444
1350
1296
1314
1372
1486
1658
1863
2061
2271
2472
2612
2695
2714
2704
2630
2497
2372
2226
2076
1940
1840
1778
1763
1789
1818
1875
1936
2040
2102
2164
2240
2289
2327
2313
2296
2233
2125
2045
1942
1849
1745
1688
1675
1690
1758
1907
2055
2224
2416
2573
2698
2793
2794
2750
2653
2522
2362
2189
2001
2099
2166
2193
2240
2237
2161
2091
2012
1908
1840
1794
1794
1854
1952
2063
2161
2286
2329
2333
2293
2203
2109
1971
1838
1742
1644
1643
1662
1749
1861
2039
2193
2357
2524
2636
2735
2771
2747
2646
2539
2374
2223
2081
1965
1882
1869
1861
1901
1892
1898
1903
1851
1744
1598
1471
1354
1293
1264
1318
1486
1738
2051
2414
2802
3145
3412
3602
3640
3570
3359
3031
2627
2128
1634
1209
831
626
550
605
792
1061
1393
1733
2072
2361
2605
2769
2857
2868
2847
2800
2741
2617
2495
2408
2301
2202
2109
2017
1952
1862
1788
1688
1550
1438
1398
1373
1414
1551
1765
1990
2251
2494
2700
2801
2831
2768
2657
2495
2281
2079
1873
1697
1545
1433
1387
1390
1447
2162
2218
2268
2296
2356
2418
2534
2676
2782
2806
2841
2771
2629
2483
2327
2153
2019
1879
1776
1664
1584
1502
1447
1446
1486
1543
1635
1736
1876
2030
2206
2350
2509
2601
2695
2720
2700
2636
2508
2353
2168
2030
1880
1744
1649
1557
1524
1500
1486
1565
1612
1706
1838
1976
2115
2253
2382
2521
2608
2680
2678
2650
2536
2385
2206
2035
1849
1696
1639
1634
1642
1706
1784
1868
1959
2016
2076
2139
2169
2211
2252
2276
2296
2326
2294
2269
2216
2186
2140
2097
2059
2040
2034
2029
2034
1999
1978
1964
1913
1873
1855
1850
1868
1929
2039
2136
2254
2356
2433
2498
2553
2547
2536
2480
2420
2369
2285
2212
2135
2041
1906
1796
1681
1591
1504
1445
1399
1423
718
904
1229
1637
2095
2574
3044
3428
3715
3808
3792
3623
3305
2892
2426
1953
1546
1180
907
745
744
852
1095
1381
1693
2060
2347
2590
2746
2804
2789
2715
2597
2432
2237
2108
1991
1939
1978
2055
2128
2286
2371
2410
2401
2288
2071
1786
1472
1165
919
778
787
918
1130
1427
1785
2173
2556
2913
3225
3459
3601
3623
3559
3364
3081
2738
2360
2089
1824
1634
1527
1465
1460
1475
1500
1561
1633
1658
1703
1716
1720
1724
1679
1696
1700
1780
1893
2080
2269
2492
2682
2828
2909
2949
2899
2777
2633
2416
2194
1965
1730
1519
1341
1259
1256
1330
1504
1717
1981
2234
2468
2607
2675
2682
2591
2449
2263
2057
1916
1843
1873
1982
2137
2304
2463
2583
3923
3655
3296
2851
2322
1809
1328
926
615
423
335
345
414
490
610
796
1034
1323
1605
1939
2255
2484
2647
2695
2643
2571
2460
2353
2307
2301
2339
2358
2420
2460
2479
2480
2488
2554
2660
2805
2965
3112
3180
3153
3035
2812
2480
2099
1720
1351
1038
799
659
586
597
635
727
839
1016
1271
1577
1960
2378
2809
3184
3481
3723
3851
3891
3821
3685
3442
3112
2759
2348
1895
1378
885
367
0
0
0
0
1
0
380
966
1606
2278
2917
3522
4046
4095
4095
4095
4095
4095
4095
4095
4095
3672
2900
2088
1313
656
124
0
1
1
0
0
58
373
788
1227
1704
2205
2676
3182
3649
3970
4095
4095
4095
4095
3855
3397
2859
156
1058
1964
2810
3537
4095
4095
4095
4095
4095
4095
4095
4095
3803
3410
3050
2725
2496
2313
2092
1883
1667
1440
1153
864
571
250
2
2
2
1
1
32
387
862
1386
1908
2440
2943
3378
3755
4004
4095
4095
4095
4095
4095
3826
3490
3075
2604
2139
1673
1306
992
842
784
848
1006
1218
1435
1613
1802
1965
2053
2083
2057
1999
1887
1740
1594
1452
1364
1329
1371
1509
1694
1944
2254
2626
2972
3300
3579
3766
3858
3864
3779
3599
3305
2952
2544
2091
1648
1223
915
671
542
518
639
829
1061
1292
1527
1713
1854
1923
1922
1888
1829
1716
1562
1427
1337
1284
1324
1457
1677
1973
2268
2629
3048
3414
3726
3968
4095
4095
4095
4095
