2117
2085
2088
2098
2105
2096
2104
2093
2115
2094
2093
2105
2107
2091
2083
2100
2096
2090
2077
2111
2115
2088
2073
2078
2071
2084
2105
2081
2077
2087
2082
2090
2123
2118
2115
2097
2087
2078
2093
2097
2076
2088
2084
2081
2087
2081
2085
2088
2088
2090
2080
2095
2096
2078
2092
2104
2073
2088
2103
2112
2096
2090
2095
2090
2095
2096
2119
2103
2091
2089
2090
2105
2119
2118
2108
2091
2074
2107
2092
2102
2108
2095
2103
2088
2116
2094
2090
2090
2101
2093
2091
2093
2088
2091
2077
2073
2080
2077
2082
2101
2101
2111
2087
2093
2091
2080
2095
2102
2090
2083
2117
2120
2108
2082
2089
2088
2121
2094
2094
2108
2096
2088
2104
2108
2092
2099
2099
2088
2117
2089
2109
2087
2072
2113
2095
2112
2111
2098
2099
2096
2114
2098
2096
2092
2094
2088
2085
2096
2089
2093
2093
2070
2096
2104
2105
2087
2077
2098
2071
2067
2071
2063
2066
2074
2067
2062
2088
2072
2080
2073
2061
2062
2053
2056
2061
2053
2057
2038
2057
2060
2072
2064
2059
2054
2043
2068
2061
2053
2047
2057
2049
2049
2059
2050
2047
2063
2071
2065
2071
2045
2052
2048
2056
2048
2042
2069
2055
2053
2054
2074
2063
2047
2056
2054
2061
2065
2044
2046
2052
2044
2052
2068
2062
2037
2031
2044
2062
2068
2048
2046
2064
2069
2046
2035
2074
2083
2071
2059
2056
2063
2064
2045
2061
2088
2073
2069
2089
2081
2072
2064
2071
2072
2091
2074
2064
2064
2125
2121
2130
2121
2120
2108
2098
2141
2119
2106
2128
2145
2135
2107
2078
2105
2110
2105
2085
2090
2086
2108
2114
2144
2130
2140
2180
2191
2184
2171
2162
2170
2169
2189
2171
2158
2159
2130
2162
2142
2173
2157
2190
2190
2160
2175
2219
2225
2210
2215
2220
2206
2197
2183
2191
2175
2152
2110
2106
2102
2090
2056
2050
2056
2023
1995
1991
1976
1973
1975
1986
1966
1969
1974
1955
1920
1939
1928
1939
1943
1946
1949
1953
1965
1995
2003
2025
2031
2059
2084
2094
2105
2144
2142
2151
2152
2167
2156
2175
2183
2175
2166
2144
2122
2111
2104
2106
2098
2102
2081
2081
2076
2038
2054
2048
2050
2088
2070
2098
2083
2092
2104
2083
2092
2123
2144
2147
2165
2187
2175
2141
2134
2099
2071
2060
2037
2023
2015
2021
2028
2032
2058
2047
2071
2090
2103
2147
2189
2220
2231
2224
2227
2248
2248
2209
2179
2180
2159
2177
2177
2193
2193
2211
2192
2189
2192
2159
2117
2071
2024
1980
1960
1938
1911
1933
1933
1918
1955
1994
1976
1948
1961
1956
1955
1956
1947
1950
1962
1955
1981
1981
2000
2029
2039
2044
2055
2101
2100
2136
2177
2224
2261
2277
2330
2350
2345
2351
2338
2312
2296
2275
2243
2217
2218
2220
2192
2210
2223
2232
2256
2224
2176
2158
2139
2088
2024
1993
1970
1956
1954
1930
1918
1940
1928
1952
1966
1972
1972
1945
1929
1949
1958
1960
1946
1972
1997
1990
1995
2030
2019
2021
2062
2066
2104
2131
2150
2170
2167
2135
2109
2082
2091
2072
2061
2056
2049
2037
2071
2058
2055
2059
2087
2070
2073
2101
2101
2079
2085
2082
2073
2038
2045
2019
2034
2038
2031
2039
2079
2097
2110
2148
2184
2203
2222
2258
2278
2289
2267
2255
2220
2208
2172
2099
2039
1988
1929
1891
1840
1811
1788
1761
1747
1797
1791
1845
1907
1981
2054
2160
2249
2339
2394
2443
2483
2510
2504
2479
2433
2360
2305
2224
2160
2093
1998
1941
1872
1821
1820
1773
1802
1818
1869
1913
2006
2040
2115
2191
2240
2298
2310
2338
2333
2306
2289
2242
2183
2121
2062
2052
2042
1989
1966
1963
1974
1967
1984
2011
2023
2085
2119
2155
2173
2190
2188
2182
2144
2104
2069
2024
1993
1952
1907
1887
1865
2321
2315
2318
2300
2249
2167
2084
2000
1921
1922
1905
1899
1919
1963
1994
2030
2063
2097
2147
2182
2208
2207
2169
2144
2140
2107
2096
2102
2080
2099
2106
2109
2124
2143
2174
2199
2229
2244
2254
2256
2232
2184
2120
2095
2029
1970
1906
1873
1838
1835
1848
1861
1903
1942
2005
2061
2117
2176
2193
2212
2223
2259
2252
2281
2273
2228
2192
2146
2076
2055
2056
2057
2070
2075
2100
2098
2086
2091
2092
2087
2127
2126
2145
2118
2090
2086
2061
2047
2055
2060
2064
2110
2113
2111
2158
2139
2138
2144
2142
2162
2158
2139
2154
2128
2079
2036
2006
1923
1900
1905
1885
1833
1830
1868
1887
1948
2025
2065
2084
2115
2193
2245
2300
2351
2407
2408
2396
2407
1755
1774
1843
1918
2005
2124
2196
2245
2333
2434
2446
2483
2460
2451
2412
2339
2263
2188
2112
1970
1911
1835
1740
1710
1688
1656
1671
1689
1727
1811
1906
2007
2068
2170
2229
2304
2350
2378
2405
2426
2394
2370
2335
2296
2242
2198
2122
2066
2019
1971
1941
1920
1911
1925
1931
1928
1941
1973
2037
2061
2099
2134
2154
2160
2175
2173
2193
2178
2145
2138
2123
2094
2076
2068
2061
2036
2032
2038
2044
2044
2049
2060
2092
2090
2099
2121
2107
2109
2119
2143
2144
2138
2128
2135
2131
2126
2093
2096
2079
2071
2057
2076
2029
2040
2017
2020
2035
2025
2048
2026
2026
2057
2058
2079
2087
2095
2128
2171
2199
2218
2246
2288
2290
2287
2280
2284
2221
2205
2184
2158
2146
2089
2029
1911
1803
1747
1692
1672
1659
1692
1745
1782
1877
1953
2033
2148
2268
2398
2500
2582
2640
2611
2601
2563
2512
2431
2376
2284
2179
2098
1934
1813
1700
1599
1531
1534
1537
1548
1634
1719
1848
1989
2085
2191
2288
2342
2382
2402
2411
2433
2424
2440
2461
2439
2382
2360
2331
2286
2272
2232
2218
2190
2131
2080
1980
1896
1838
1787
1738
1729
1753
1795
1820
1852
1912
1931
1963
1995
2007
2040
2084
2137
2194
2234
2242
2217
2233
2257
2311
2351
2415
2445
2447
2438
2339
2197
2139
2061
2025
1990
1949
1894
1845
1760
1742
1763
1819
1894
1949
1973
2004
2018
2038
2087
2149
2215
2267
2305
2305
2264
2232
2183
2169
2144
2183
2167
2245
2147
2014
1873
1752
1660
1604
1569
1573
1626
1726
1823
1919
2035
2155
2240
2374
2436
2508
2526
2554
2557
2491
2415
2341
2247
2140
2042
1952
1865
1786
1753
1726
1715
1735
1785
1850
1948
2084
2166
2251
2344
2426
2464
2496
2507
2480
2418
2328
2214
2120
1993
1870
1731
1665
1590
1546
1552
1583
1667
1745
1865
2017
2146
2253
2359
2454
2482
2488
2486
2444
2359
2278
2174
2063
1965
1861
1759
1727
1668
1653
1676
1738
1839
1936
2056
2183
2314
2433
2523
2564
2584
2573
2540
2456
2374
2297
2187
2065
1944
1858
1778
1719
1677
1700
1730
1754
1818
1903
1990
2118
2218
2323
2398
2450
2505
2490
2451
2397
2329
2245
2147
2063
1983
1910
1829
1754
1716
2133
2273
2360
2443
2497
2545
2533
2498
2411
2324
2191
2111
1994
1885
1784
1728
1680
1643
1657
1689
1758
1846
1972
2025
2087
2124
2183
2200
2186
2161
2126
2091
2088
2073
2106
2123
2200
2267
2304
2385
2439
2442
2433
2367
2268
2145
2028
1894
1778
1688
1627
1632
1689
1752
1855
1976
2087
2205
2310
2400
2465
2508
2541
2535
2535
2507
2448
2394
2333
2243
2164
2119
2049
1977
1940
1909
1891
1882
1866
1856
1839
1816
1739
1677
1634
1624
1627
1683
1763
1872
2042
2186
2325
2456
2575
2626
2683
2666
2624
2582
2484
2379
2230
2077
1928
1735
1579
1437
1351
1343
1423
1528
1693
1884
2064
2203
2324
2392
2409
2388
2380
2362
2372
2397
2434
2464
2479
2475
2228
2380
2518
2643
2702
2783
2830
2820
2837
2823
2765
2673
2585
2486
2358
2251
2135
2037
1953
1887
1799
1766
1728
1666
1621
1603
1584
1648
1730
1802
1932
2039
2145
2197
2257
2281
2304
2324
2315
2325
2357
2372
2412
2354
2310
2242
2158
2083
2038
1991
1985
2009
2023
2068
2108
2125
2111
2103
2053
2023
2002
2008
2012
2013
2058
2073
2126
2120
2101
2079
2052
1985
1936
1893
1837
1827
1856
1891
1951
2010
2066
2120
2166
2192
2206
2213
2210
2220
2215
2248
2294
2312
2339
2375
2398
2360
2300
2251
2162
2044
1968
1865
1798
1765
1736
1719
1760
1806
1842
1844
1878
1907
1900
1880
1905
1902
1928
1962
2039
2102
2192
2279
2375
2467
2528
2545
2576
2562
1573
1478
1459
1481
1508
1564
1631
1716
1853
1943
2019
2069
2153
2207
2247
2284
2310
2344
2398
2386
2428
2454
2446
2450
2417
2381
2328
2265
2206
2101
2032
1949
1874
1804
1747
1704
1700
1732
1770
1826
1881
1971
2055
2157
2205
2260
2294
2331
2332
2302
2275
2230
2196
2160
2105
2103
2083
2071
2101
2107
2145
2130
2130
2105
2080
2079
2062
2035
2012
2013
2040
2025
2022
1968
1944
1934
1934
1935
1939
1985
2019
2060
2084
2123
2146
2166
2175
2186
2173
2176
2225
2250
2288
2316
2355
2388
2406
2379
2314
2235
2145
2042
1914
1794
1697
1625
1560
1500
1529
1544
1593
1682
1791
1900
2008
2150
2260
2333
2382
2401
2392
2357
2352
2295
2259
2245
2257
2293
2602
2610
2591
2550
2490
2360
2185
2050
1956
1918
1946
1988
2040
2039
1995
1896
1813
1722
1680
1698
1772
1885
2009
2114
2187
2258
2332
2382
2423
2470
2488
2465
2413
2314
2137
1966
1740
1534
1376
1279
1267
1287
1341
1425
1488
1579
1661
1798
1929
2059
2223
2377
2502
2597
2665
2683
2701
2686
2699
2707
2723
2694
2630
2511
2352
2161
1961
1780
1623
1487
1415
1361
1375
1396
1469
1550
1674
1815
1993
2170
2321
2444
2557
2663
2713
2764
2802
2800
2712
2627
2495
2343
2194
2036
1848
1673
1516
1376
1268
1222
1231
1304
1433
1605
1820
2033
2237
2414
2600
2737
2846
2913
2956
2937
2881
2779
2692
2568
2409
2272
2143
1989
1834
1676
1503
1337
1177
1109
1992
1869
1775
1714
1704
1719
1793
1896
2067
2234
2431
2615
2791
2933
3054
3131
3135
3074
2961
2765
2536
2246
1924
1572
1271
958
703
538
454
485
591
759
1042
1332
1706
2097
2445
2747
3031
3231
3374
3443
3433
3360
3204
3017
2734
2432
2121
1808
1519
1252
1031
868
791
764
806
946
1157
1434
1741
2047
2413
2720
2989
3186
3349
3413
3433
3359
3289
3173
2977
2762
2511
2224
1926
1619
1360
1124
940
803
777
826
902
1061
1220
1437
1689
1925
2144
2356
2528
2656
2771
2868
2884
2873
2847
2760
2637
2526
2459
2345
2290
2255
2232
2252
2280
2302
2273
2254
2196
2088
1961
1826
1691
1518
1376
1288
1224
1223
1267
1303
1392
1500
1638
1824
2304
2276
2246
2254
2234
2193
2141
2046
1966
1900
1810
1783
1808
1859
1905
1994
2057
2091
2080
2061
2039
2010
1999
2023
2108
2197
2334
2444
2532
2599
2572
2500
2409
2244
2157
2045
2025
2026
2051
2081
2091
2028
1963
1892
1783
1685
1638
1625
1668
1736
1843
1948
2050
2165
2255
2289
2339
2368
2389
2390
2414
2384
2317
2300
2261
2258
2306
2340
2410
2406
2395
2382
2259
2098
1925
1783
1664
1570
1531
1558
1582
1588
1569
1557
1530
1509
1510
1569
1704
1856
2041
2191
2329
2416
2498
2532
2560
2589
2633
2672
2750
2783
2790
2775
2758
2689
2575
2469
2355
2248
2141
2050
1950
1838
1725
1629
1533
1432
1377
1371
1364
1386
1401
1443
1536
1586
1656
1768
