2115
2109
2120
2118
2126
2128
2119
2107
2108
2119
2122
2120
2117
2124
2112
2104
2109
2120
2107
2122
2111
2114
2110
2104
2111
2110
2104
2110
2116
2117
2109
2109
2099
2102
2111
2112
2102
2102
2100
2116
2103
2105
2107
2112
2100
2107
2106
2097
2101
2096
2091
2086
2093
2087
2098
2100
2081
2088
2077
2088
2081
2080
2078
2085
2089
2081
2086
2079
2075
2070
2064
2083
2076
2076
2080
2067
2064
2090
2079
2071
2066
2082
2068
2079
2067
2074
2066
2060
2062
2070
2059
2066
2059
2068
2061
2053
2065
2066
2080
2071
2065
2068
2056
2063
2067
2075
2074
2078
2068
2078
2071
2068
2067
2069
2071
2073
2067
2072
2085
2075
2085
2072
2062
2074
2096
2073
2081
2076
2083
2078
2069
2070
2065
2065
2078
2082
2106
2136
2163
2199
2210
2255
2281
2289
2289
2314
2314
2295
2291
2274
2254
2232
2206
2186
2149
2143
2112
2107
2097
2088
2068
2085
2097
2096
2084
2096
2103
2087
2107
2118
2119
2110
2121
2121
2124
2140
2181
2194
2199
2194
2226
2235
2249
2264
2280
2273
2276
2279
2270
2275
2248
2251
2246
2239
2220
2206
2201
2177
2163
2138
2141
2109
2095
2077
2054
2056
2042
2033
2015
1989
1952
1948
1930
1911
1898
1887
1873
1864
1869
1881
1907
1936
1939
1954
1997
2016
2032
2038
2043
2047
2041
2030
2008
1990
1968
1952
1926
1915
1914
1896
1886
1908
1918
1930
1937
1959
1977
1997
2015
2050
2083
2128
2162
2194
2257
2286
1885
1857
1838
1816
1780
1776
1732
1721
1721
1691
1685
1712
1724
1757
1780
1828
1899
1950
2006
2062
2099
2146
2186
2210
2236
2244
2229
2225
2210
2186
2176
2183
2179
2188
2224
2273
2334
2407
2458
2508
2555
2583
2595
2564
2518
2450
2387
2319
2252
2204
2185
2155
2150
2149
2150
2163
2162
2156
2133
2097
2057
2000
1929
1878
1828
1793
1780
1772
1779
1785
1785
1810
1820
1834
1830
1835
1827
1834
1818
1811
1812
1828
1845
1860
1908
1939
1990
2032
2090
2168
2219
2279
2326
2367
2405
2435
2463
2486
2489
2494
2507
2506
2493
2489
2474
2476
2459
2452
2437
2401
2378
2333
2302
2237
2179
2124
2088
2038
1986
1932
1878
1835
1784
1748
1712
1666
1629
1609
2056
2013
1976
1943
1906
1893
1886
1885
1900
1923
1959
1986
2038
2089
2142
2212
2265
2313
2352
2393
2407
2405
2388
2367
2318
2257
2174
2096
2016
1931
1864
1783
1716
1671
1644
1618
1609
1646
1668
1710
1783
1864
1952
2054
2166
2246
2351
2451
2536
2584
2624
2658
2656
2642
2589
2528
2457
2360
2258
2142
2044
1928
1812
1697
1624
1541
1492
1451
1436
1440
1463
1506
1568
1647
1731
1834
1948
2073
2194
2302
2421
2517
2616
2676
2735
2766
2779
2779
2746
2709
2649
2577
2491
2397
2297
2186
2092
2003
1899
1812
1750
1692
1638
1597
1579
1580
1598
1612
1656
1711
1790
1874
1952
2052
2132
2217
2291
2346
2412
2459
2473
2490
2493
2475
2448
2415
2373
2329
1526
1610
1709
1817
1939
2074
2204
2348
2501
2640
2750
2822
2835
2808
2716
2600
2480
2356
2239
2144
2036
1952
1858
1804
1778
1759
1780
1811
1846
1896
1940
1954
1989
2018
2072
2140
2210
2272
2309
2322
2300
2265
2206
2166
2148
2161
2184
2204
2239
2260
2265
2280
2288
2301
2302
2289
2243
2183
2119
2056
2039
2028
2016
1997
1963
1919
1872
1847
1842
1876
1957
2048
2136
2190
2217
2202
2173
2137
2125
2133
2148
2160
2152
2124
2081
2017
1974
1954
1947
1969
2024
2108
2185
2258
2317
2347
2344
2320
2276
2233
2178
2117
2052
1981
1911
1839
1782
1730
1710
1719
1746
1809
1900
1982
2075
2163
2224
2284
2347
2393
2421
2428
2390
2336
2249
2162
2068
1991
1957
1928
1906
1897
1900
1910
1935
1957
2015
2058
2103
2156
2209
2252
2286
2311
2332
2337
2330
2326
2300
2262
2221
2170
2124
2067
2014
1970
1920
1894
1872
1873
1870
1896
1941
1978
2042
2121
2178
2239
2307
2348
2386
2419
2431
2419
2393
2333
2272
2207
2124
2022
1926
1842
1754
1690
1628
1603
1587
1591
1621
1670
1722
1816
1922
2031
2143
2256
2367
2474
2566
2651
2703
2732
2745
2725
2677
2608
2514
2408
2263
2127
1966
1830
1693
1561
1460
1392
1327
1296
1304
1339
1390
1494
1606
1734
1880
2024
2164
2317
2460
2581
2673
2769
2824
2860
2857
2836
2770
2702
2602
2490
2348
2219
2082
1947
1830
1731
1646
1602
1553
1546
1552
1595
1648
1713
1806
1890
2074
2089
2106
2149
2191
2236
2292
2336
2368
2385
2369
2338
2272
2195
2098
2005
1908
1836
1777
1747
1731
1759
1804
1865
1942
2024
2088
2126
2144
2146
2112
2044
1970
1889
1808
1754
1714
1721
1774
1864
1993
2146
2309
2472
2612
2742
2821
2856
2842
2784
2696
2572
2430
2274
2124
1986
1867
1777
1713
1679
1680
1697
1732
1769
1808
1836
1867
1874
1887
1902
1932
1977
2057
2148
2274
2404
2556
2690
2816
2907
2954
2961
2898
2788
2626
2422
2212
1983
1773
1588
1433
1336
1273
1268
1297
1356
1444
1539
1640
1744
1839
1936
2019
2100
2168
2232
2292
2351
2416
2476
2530
2572
2587
2582
2547
2488
2398
2298
2184
2064
1947
1817
1711
1608
1522
1442
1383
1340
2567
2394
2204
2014
1846
1658
1502
1352
1249
1225
1248
1350
1492
1684
1896
2098
2272
2411
2508
2575
2610
2614
2580
2507
2405
2273
2111
1926
1786
1627
1504
1436
1416
1439
1514
1638
1793
1987
2196
2405
2596
2739
2856
2912
2938
2916
2840
2744
2634
2482
2334
2174
1991
1824
1664
1508
1397
1302
1237
1229
1261
1319
1407
1521
1663
1817
1985
2156
2331
2485
2608
2713
2766
2782
2760
2711
2642
2568
2482
2412
2362
2311
2265
2236
2195
2165
2115
2071
2031
1985
1959
1928
1898
1893
1893
1910
1936
1975
2036
2072
2136
2180
2217
2222
2206
2147
2085
1986
1889
1807
1719
1675
1648
1656
1699
1766
1860
1966
2063
2152
2216
2273
2316
2339
2363
2368
2380
2397
2336
2451
2532
2574
2579
2526
2452
2346
2207
2052
1898
1766
1648
1570
1538
1567
1654
1776
1932
2115
2301
2487
2634
2754
2819
2830
2785
2694
2553
2383
2224
2049
1891
1771
1683
1625
1611
1603
1630
1706
1774
1850
1909
1963
2000
2030
2056
2088
2145
2204
2301
2384
2480
2580
2640
2684
2688
2644
2566
2438
2271
2086
1877
1668
1474
1306
1160
1075
1053
1091
1180
1323
1504
1716
1958
2193
2411
2603
2766
2883
2946
2969
2951
2892
2816
2701
2578
2468
2357
2261
2178
2101
2038
1982
1938
1888
1826
1778
1718
1672
1647
1640
1640
1656
1702
1778
1860
1960
2059
2163
2247
2323
2384
2410
2419
2404
2364
2306
2235
2162
2080
2020
1950
1924
1902
1905
1919
1946
1638
1463
1340
1280
1296
1414
1566
1734
1896
2038
2178
2315
2475
2644
2808
2915
2974
2967
2905
2812
2696
2586
2462
2327
2194
2058
1924
1808
1702
1569
1419
1250
1075
916
829
854
984
1250
1577
1939
2254
2487
2624
2690
2730
2763
2824
2902
2983
3045
3066
3020
2912
2747
2546
2332
2120
1900
1684
1515
1393
1315
1302
1351
1447
1565
1686
1800
1888
1942
1993
2034
2091
2143
2212
2279
2370
2447
2501
2549
2592
2607
2592
2544
2455
2333
2184
2024
1895
1796
1768
1785
1822
1879
1932
1982
2038
2108
2210
2336
2459
2544
2580
2526
2400
2215
2030
1872
1771
1758
1813
1900
1973
2008
1977
1912
1843
1801
1830
1928
2088
2248
2393
2474
2493
2482
2448
2415
1950
1955
1966
1993
2029
2088
2154
2218
2307
2407
2509
2611
2705
2773
2804
2802
2760
2652
2500
2300
2078
1839
1596
1363
1139
968
837
758
756
821
976
1196
1487
1819
2175
2556
2921
3239
3503
3717
3827
3854
3774
3620
3368
3061
2709
2318
1911
1517
1154
855
617
469
419
446
578
776
1024
1316
1631
1960
2289
2592
2846
3042
3198
3297
3339
3326
3248
3129
2940
2726
2506
2237
1980
1743
1526
1351
1230
1153
1134
1132
1182
1258
1350
1456
1565
1691
1823
1960
2095
2224
2339
2433
2511
2551
2581
2584
2560
2527
2465
2395
2325
2261
2205
2157
2116
2088
2087
2096
2095
2110
2127
2125
2154
2168
2192
2213
2238
2250
2264
2273
2256
2235
2203
2144
3320
3156
2960
2747
2528
2271
2019
1787
1544
1324
1119
938
806
734
695
691
698
708
764
878
1088
1395
1792
2228
2671
3053
3348
3544
3648
3681
3623
3503
3287
2999
2645
2258
1884
1581
1352
1224
1167
1183
1207
1243
1284
1336
1419
1551
1742
1977
2225
2458
2640
2756
2824
2874
2952
3083
3239
3364
3403
3286
3016
2598
2127
1664
1314
1098
1026
1058
1159
1255
1337
1426
1530
1692
1915
2200
2518
2840
3108
3290
3352
3296
3128
2889
2632
2403
2191
2042
1920
1814
1699
1556
1394
1230
1075
962
901
871
841
826
824
893
1038
1284
1635
2024
2400
2707
2920
3046
3100
3128
3141
3150
3120
3025
2877
2665
2440
2206
2027
1890
1773
1688
1624
1580
2991
2920
2791
2656
2488
2304
2112
1906
1707
1525
1390
1276
1215
1216
1253
1319
1416
1522
1653
1774
1886
2003
2110
2217
2321
2434
2539
2633
2725
2776
2803
2772
2745
2680
2584
2468
2349
2227
2091
1958
1823
1716
1631
1552
1527
1550
1619
1710
1844
2000
2175
2350
2508
2629
2715
2738
2732
2672
2586
2450
2290
2117
1930
1771
1612
1506
1415
1402
1416
1482
1615
1762
1952
2139
2322
2504
2658
2761
2824
2846
2796
2689
2532
2323
2108
1850
1614
1380
1180
1061
978
985
1062
1210
1412
1674
1937
2225
2489
2716
2902
3055
3134
3184
3159
3116
3015
2875
2698
2513
2306
2110
1896
1708
1528
1395
1299
1251
1225
1236
1291
1369
1454
1550
1652
1782
1904
2047
2
308
812
1371
1929
2408
2786
3083
3280
3433
3561
3655
3686
3628
3467
3189
2889
2560
2313
2121
2029
1987
1993
2009
2027
2078
2158
2259
2345
2424
2439
2390
2237
1970
1664
1405
1184
1089
1077
1105
1135
1168
1169
1216
1310
1542
1925
2436
3001
3521
3910
4095
4095
4050
3857
3625
3413
3158
2900
2548
2096
1594
1039
533
133
1
2
2
25
254
565
947
1393
1882
2410
2940
3404
3776
4015
4095
4095
4080
3923
3710
3443
3096
2660
2158
1609
1064
572
161
4
2
2
1
223
554
920
1331
1727
2171
2582
2947
3272
3540
3716
3834
3918
3943
3911
3800
3598
3331
2991
2631
2299
1983
1749
1538
1370
1222
1076
917
775
675
632
707
1747
2150
2559
2970
3336
3650
3897
4067
4095
4095
4080
3922
3677
3396
3064
2707
2360
2006
1683
1378
1115
905
722
601
542
537
575
691
869
1102
1380
1693
2040
2417
2767
3100
3376
3586
3721
3790
3742
3614
3396
3103
2775
2404
2002
1616
1253
916
633
408
238
141
122
176
311
520
778
1103
1453
1854
2275
2712
3144
3541
3889
4095
4095
4095
4095
4095
4095
4028
3666
3234
2759
2258
1777
1300
857
479
171
2
1
1
3
3
24
277
623
1016
1441
1884
2344
2782
3171
3527
3838
4053
4095
4095
4095
4016
3803
3499
3164
2790
2392
2014
1625
1253
952
666
464
328
258
305
425
616
901
1218
1603
2018
2441
2847
3204
3525
