2109
2100
2088
2088
2101
2097
2086
2069
2075
2085
2085
2109
2096
2100
2121
2100
2098
2101
2104
2102
2121
2095
2104
2091
2091
2107
2095
2113
2099
2086
2084
2098
2085
2112
2112
2099
2083
2078
2115
2103
2080
2067
2087
2084
2086
2086
2074
2079
2097
2084
2085
2104
2086
2094
2077
2092
2110
2107
2118
2110
2112
2117
2096
2097
2123
2113
2119
2100
2085
2122
2082
2096
2102
2081
2095
2110
2108
2092
2093
2078
2110
2097
2086
2102
2088
2092
2101
2091
2088
2112
2093
2102
2095
2089
2094
2089
2099
2116
2092
2081
2094
2086
2090
2087
2078
2068
2110
2104
2110
2076
2102
2099
2099
2099
2102
2094
2092
2112
2089
2094
2109
2095
2105
2103
2078
2084
2088
2091
2088
2074
2102
2068
2070
2070
2090
2070
2077
2077
2062
2053
2058
2081
2067
2078
2088
2067
2072
2077
2088
2096
2064
2072
2085
2066
2087
2083
2093
2087
2095
2104
2100
2102
2089
2104
2098
2095
2093
2079
2088
2079
2085
2086
2090
2097
2104
2106
2104
2100
2087
2086
2082
2087
2105
2106
2100
2090
2093
2095
2092
2098
2099
2091
2111
2120
2130
2102
2102
2077
2119
2129
2123
2108
2111
2088
2108
2116
2106
2090
2097
2115
2116
2112
2094
2100
2112
2113
2118
2123
2110
2111
2114
2115
2117
2103
2115
2114
2116
2097
2109
2111
2111
2108
2123
2124
2111
2092
2107
2124
2121
2113
2116
2111
2093
2122
2126
2128
2121
2108
2110
2095
2115
2134
2104
2098
2108
2114
2080
2070
2060
2034
2024
2023
2013
2025
2005
2001
2008
2013
2035
2069
2102
2122
2129
2159
2187
2197
2213
2215
2211
2204
2216
2221
2216
2206
2181
2153
2148
2158
2117
2114
2095
2084
2078
2080
2060
2017
2016
1986
1983
1989
1993
1980
1979
1973
1997
2013
2023
2060
2055
2067
2090
2104
2126
2115
2131
2112
2106
2103
2104
2094
2104
2076
2030
2052
2051
2055
2030
2054
2092
2107
2126
2151
2163
2188
2186
2187
2195
2194
2185
2175
2153
2132
2139
2110
2061
2052
2031
2007
2005
1982
1968
1957
1958
1949
1944
1928
1927
1929
1933
1934
1937
1941
1938
1936
1941
1940
1952
1976
1977
1983
1995
2017
2015
2009
2031
2053
2054
2042
2055
2059
2064
2056
2094
2077
1998
1977
1972
1969
2004
2034
2072
2101
2132
2187
2198
2235
2236
2233
2199
2178
2167
2149
2142
2137
2155
2177
2209
2230
2233
2230
2240
2244
2209
2191
2165
2124
2086
2062
2010
1989
1957
1970
1949
1949
1940
1952
1984
1991
2006
2013
2040
2059
2077
2068
2086
2090
2134
2140
2145
2157
2174
2189
2190
2193
2197
2223
2214
2193
2155
2155
2135
2102
2057
2045
2025
1988
1983
1982
2008
2006
2022
2042
2064
2078
2100
2081
2111
2120
2108
2088
2107
2102
2087
2061
2025
2031
2030
2031
2018
1997
1989
1998
2018
2023
2066
2069
2125
2138
2158
2167
2187
2197
2183
2154
2163
2139
2132
2108
2109
2104
2093
2094
2075
2094
2088
2075
2099
2127
2119
2146
2124
2136
2284
2276
2253
2224
2184
2149
2107
2086
2008
1986
1971
1938
1942
1954
1955
2007
2025
2081
2128
2163
2216
2247
2270
2309
2309
2330
2331
2336
2313
2267
2230
2171
2107
2098
2021
1963
1922
1877
1838
1853
1842
1820
1841
1860
1900
1918
1952
1992
2024
2023
2082
2131
2139
2172
2202
2218
2256
2249
2276
2275
2262
2248
2235
2207
2201
2180
2113
2079
2061
2040
2040
1992
1987
1979
1962
1981
1967
1998
2044
2038
2060
2059
2098
2099
2144
2136
2133
2148
2162
2163
2164
2158
2170
2153
2154
2142
2145
2123
2101
2097
2101
2084
2073
2081
2087
2073
2068
2104
2100
2061
2049
2055
2050
2028
1995
1963
1988
1970
1950
1936
1959
1990
2000
2010
2035
2051
2117
2164
1973
1952
1928
1940
1946
1948
1947
1945
1949
1957
2013
2037
2048
2060
2071
2086
2114
2164
2145
2179
2160
2139
2143
2141
2158
2113
2118
2110
2114
2121
2104
2123
2171
2157
2188
2208
2186
2200
2191
2149
2124
2112
2069
2018
1974
1939
1913
1899
1896
1874
1876
1903
1917
1919
1978
2019
1985
1993
2035
2080
2114
2169
2220
2224
2238
2233
2164
2119
2104
2094
2069
2086
2090
2100
2114
2117
2155
2166
2197
2228
2277
2284
2315
2344
2375
2387
2351
2278
2225
2154
2079
2012
1983
1930
1861
1781
1747
1732
1742
1748
1797
1805
1823
1902
1930
2011
2095
2178
2247
2284
2283
2266
2260
2258
2273
2309
2307
2270
2247
2200
2162
2136
2152
2164
2125
2104
2054
2040
2183
2253
2315
2350
2390
2413
2430
2394
2364
2300
2231
2167
2107
2037
1936
1905
1848
1813
1810
1829
1843
1846
1904
1977
2039
2133
2185
2241
2289
2335
2349
2341
2330
2333
2306
2234
2138
2091
2044
1954
1893
1849
1837
1818
1820
1841
1872
1920
1996
2040
2111
2182
2230
2318
2368
2422
2453
2448
2448
2397
2346
2272
2208
2121
2042
1966
1890
1844
1790
1760
1756
1752
1805
1836
1874
1963
2052
2112
2189
2256
2334
2374
2437
2450
2444
2422
2374
2349
2281
2208
2162
2103
2042
1985
1921
1887
1853
1876
1885
1909
1924
1943
1980
1993
2013
2040
2080
2102
2106
2139
2155
2137
2172
2168
2153
2160
2133
2108
2086
2081
2084
2069
2083
2083
2075
2086
2079
2086
2049
2048
2072
2061
2073
2096
2108
2127
2142
2183
2198
2218
2219
2216
2168
2109
2041
1957
1911
1859
1840
1837
1832
1856
1875
1927
1946
1991
2020
2044
2077
2098
2116
2136
2132
2108
2049
2003
1974
1941
1960
1958
1997
2043
2138
2223
2302
2357
2400
2420
2406
2352
2282
2234
2174
2091
2057
1989
1970
1949
1919
1911
1860
1855
1892
1910
1947
2007
2061
2105
2165
2233
2264
2301
2320
2321
2351
2354
2334
2327
2294
2291
2279
2300
2305
2274
2215
2121
2041
1931
1790
1694
1637
1605
1572
1568
1579
1596
1641
1738
1822
1976
2109
2256
2447
2589
2704
2757
2784
2780
2714
2651
2555
2503
2408
2319
2234
2147
2044
1952
1848
1768
1719
1681
1694
1710
1744
1767
1714
1744
1795
1866
1948
2064
2169
2293
2385
2484
2516
2535
2540
2476
2408
2329
2221
2119
2011
1939
1847
1776
1720
1714
1714
1744
1764
1802
1858
1950
2017
2083
2146
2189
2245
2286
2331
2320
2340
2354
2311
2277
2208
2171
2121
2050
1971
1918
1901
1871
1827
1816
1834
1853
1890
1912
1941
1980
2094
2192
2261
2383
2460
2516
2582
2599
2603
2580
2522
2416
2296
2204
2066
1937
1799
1702
1639
1543
1527
1506
1534
1595
1687
1788
1900
2046
2212
2345
2454
2576
2613
2689
2701
2667
2596
2481
2357
2252
2102
1952
1855
1757
1672
1602
1579
1589
1591
1639
1687
1764
1867
1938
2033
2143
2255
2304
2382
2434
2450
2435
2389
2326
2272
2179
2108
2031
2009
1930
2308
2322
2281
2222
2136
2016
1890
1760
1622
1534
1482
1496
1541
1628
1790
1970
2170
2331
2496
2641
2696
2703
2644
2542
2411
2282
2177
2069
1989
1984
2025
2089
2138
2188
2228
2258
2207
2122
2015
1904
1771
1697
1636
1608
1645
1727
1843
2005
2166
2291
2412
2468
2452
2401
2305
2179
2052
1940
1850
1826
1861
1905
1979
2089
2171
2232
2267
2235
2186
2118
2040
1955
1944
1954
1994
2092
2181
2274
2327
2346
2333
2267
2145
2023
1863
1742
1634
1568
1580
1618
1717
1865
2072
2244
2444
2620
2744
2809
2850
2812
2753
2627
2458
2312
2133
2009
1908
1810
1758
1703
1666
1640
1605
1570
1543
1552
1582
1621
1669
1791
1903
2017
2145
2273
2383
2475
2544
2604
2304
2344
2365
2382
2410
2412
2387
2356
2296
2242
2158
2096
2031
1953
1909
1850
1818
1767
1763
1737
1696
1716
1729
1735
1806
1867
1975
2088
2214
2325
2424
2480
2542
2554
2560
2600
2593
2592
2585
2560
2514
2459
2360
2244
2083
1943
1800
1651
1541
1482
1427
1419
1455
1504
1532
1569
1634
1689
1727
1774
1878
1986
2084
2252
2423
2578
2689
2820
2908
2920
2904
2868
2778
2659
2516
2376
2228
2101
1982
1900
1805
1672
1592
1499
1400
1314
1290
1276
1334
1382
1490
1669
1859
2040
2229
2415
2579
2668
2741
2754
2715
2645
2573
2461
2346
2255
2186
2120
2064
2038
1980
1950
1944
1941
1929
1954
1975
2025
2068
2139
2203
2257
2321
2347
2370
2356
2288
2180
1732
1610
1577
1593
1733
1897
2120
2367
2586
2787
2880
2878
2784
2606
2370
2077
1746
1466
1223
1076
1018
1044
1166
1338
1585
1844
2067
2253
2403
2471
2518
2548
2588
2589
2603
2588
2612
2604
2597
2549
2471
2360
2205
2038
1841
1653
1525
1440
1441
1496
1650
1860
2114
2361
2600
2778
2894
2870
2755
2535
2235
1937
1625
1380
1182
1088
1089
1180
1335
1536
1804
2004
2267
2511
2730
2903
3034
3176
3272
3297
3245
3154
3001
2794
2508
2198
1805
1435
1037
727
569
486
551
761
1073
1445
1821
2202
2519
2771
2898
2960
2956
2826
2631
2451
2288
2098
1962
1903
1860
1888
1970
2106
2226
2313
2423
2488
2506
2534
2491
2420
2277
2146
1991
1798
1637
1454
1895
1899
1958
2048
2131
2220
2287
2344
2423
2499
2561
2629
2649
2652
2628
2517
2402
2278
2130
1962
1827
1630
1435
1286
1157
1052
1052
1097
1180
1329
1508
1712
1949
2209
2492
2712
2911
3057
3118
3103
3043
2949
2796
2598
2397
2186
1977
1779
1608
1456
1354
1308
1362
1477
1633
1873
2124
2342
2538
2733
2866
2864
2830
2766
2666
2570
2418
2294
2156
2001
1874
1735
1604
1470
1372
1340
1336
1399
1540
1686
1830
1980
2089
2200
2267
2275
2299
2306
2335
2350
2314
2290
2223
2168
2101
2052
1977
1921
1902
1919
1963
2024
2095
2214
2314
2386
2424
2451
2416
2334
2205
2079
1928
1767
1690
1680
1723
1748
1809
1893
1955
2038
2083
2099
2103
2103
2142
2149
2976
2913
2848
2684
2513
2295
2075
1819
1576
1364
1212
1086
1052
1087
1189
1359
1585
1822
2084
2312
2543
2753
2927
3059
3096
3105
3035
2925
2747
2544
2297
2080
1834
1639
1474
1371
1364
1419
1505
1668
1832
2001
2163
2316
2376
2381
2262
2155
1948
1787
1615
1472
1359
1331
1411
1574
1787
2064
2368
2690
2927
3089
3210
3252
3144
2996
2768
2490
2166
1885
1640
1430
1334
1306
1345
1427
1542
1628
1721
1771
1780
1745
1689
1591
1535
1484
1502
1612
1804
2043
2374
2735
3099
3408
3643
3754
3745
3594
3300
2909
2472
2044
1635
1282
1041
857
807
841
1002
1186
1412
1671
1909
2096
2273
2396
2493
2530
2524
2488
2402
2360
2307
2273
2286
2310
2367
2388
2712
2840
2956
2981
2928
2826
2636
2432
2217
2017
1873
1752
1619
1537
1432
1376
1284
1275
1312
1444
1587
1760
1938
2098
2223
2333
2363
2413
2468
2508
2574
2629
2663
2688
2640
2530
2406
2247
2025
1832
1652
1523
1428
1369
1362
1342
1393
1432
1489
1560
1670
1799
1951
2102
2267
2436
2533
2659
2754
2832
2895
2906
2889
2835
2763
2628
2484
2303
2102
1861
1632
1408
1260
1133
1064
1059
1118
1185
1297
1407
1546
1698
1862
2068
2273
2460
2667
2792
2907
2991
3030
3067
3104
3105
3128
3129
3117
3038
2893
2772
2588
2380
2217
2088
1982
1882
1797
1725
1661
1574
1500
1426
1375
1377
1397
1446
1478
1501
1515
1463
1387
1311
1271
1252
1271
1362
1468
1615
