2123
2115
2085
2086
2105
2089
2085
2086
2075
2074
2084
2109
2098
2114
2078
2084
2088
2117
2096
2095
2111
2100
2094
2078
2071
2087
2087
2099
2105
2084
2071
2079
2083
2092
2120
2113
2100
2097
2095
2107
2077
2063
2079
2121
2095
2102
2074
2084
2063
2088
2090
2080
2098
2076
2089
2080
2081
2085
2113
2076
2076
2099
2089
2084
2095
2085
2096
2105
2080
2076
2104
2096
2069
2079
2090
2097
2095
2117
2122
2111
2124
2113
2096
2107
2090
2091
2094
2094
2080
2092
2094
2088
2077
2059
2093
2095
2096
2089
2094
2105
2082
2091
2081
2089
2093
2088
2075
2099
2077
2089
2073
2070
2090
2101
2105
2105
2100
2093
2087
2103
2094
2110
2094
2095
2084
2104
2100
2081
2109
2103
2121
2106
2108
2099
2107
2094
2093
2104
2110
2107
2106
2108
2086
2100
2095
2078
2094
2104
2101
2106
2088
2100
2104
2089
2080
2092
2104
2109
2093
2085
2103
2115
2100
2123
2120
2103
2123
2099
2088
2090
2090
2118
2079
2121
2116
2118
2098
2101
2089
2078
2092
2081
2071
2100
2083
2095
2078
2088
2100
2101
2093
2088
2099
2104
2112
2088
2086
2104
2089
2086
2103
2090
2095
2076
2114
2091
2064
2075
2095
2100
2087
2088
2108
2094
2075
2091
2088
2070
2088
2082
2095
2052
2069
2075
2108
2091
2091
2106
2085
2081
2071
2104
2107
2083
2077
2104
2099
2103
2120
2082
2056
2092
2100
2083
2090
2062
2074
2098
2068
2050
2084
2077
2080
2075
2108
2083
2116
2141
2135
2126
2093
2108
2120
2103
2116
2100
2130
2113
2130
2138
2112
2117
2111
2107
2116
2106
2084
2079
2077
2090
2074
2081
2086
2076
2084
2072
2055
2085
2071
2052
2047
2040
2043
2063
2060
2046
2046
2040
2054
2035
2064
2073
2043
2068
2059
2063
2043
2034
2033
2055
2059
2060
2065
2048
2055
2050
2048
2057
2039
2044
2057
2061
2049
2052
2057
2074
2070
2055
2051
2044
2040
2068
2054
2072
2061
2072
2056
2052
2049
2062
2067
2044
2033
2026
2041
2029
2042
2028
2026
2030
2021
2020
2024
2013
2009
2027
2015
2011
2017
2008
2002
2038
2029
2006
2012
1973
1994
1997
2009
2035
2021
2035
2045
2036
2037
2062
2062
2082
2064
2072
2069
2053
2072
2064
2124
2119
2134
2161
2190
2196
2197
2206
2226
2234
2218
2210
2196
2184
2166
2144
2162
2123
2123
2119
2116
2115
2112
2112
2117
2148
2166
2159
2181
2188
2166
2163
2180
2142
2145
2131
2131
2138
2144
2126
2124
2132
2127
2120
2063
2080
2090
2075
2072
2051
2042
2028
2003
2023
2022
1966
1968
1967
1953
1970
1940
1927
1924
1911
1935
1956
1974
1996
1991
2021
2033
2048
2045
2055
2026
2019
2029
1990
1995
2001
2002
2019
2041
2038
2069
2078
2089
2068
2090
2093
2108
2115
2149
2160
2166
2213
2240
2273
2288
2324
2351
2353
2320
2320
2310
2305
2274
2234
2223
2205
2198
2175
2147
2149
2145
2128
2130
2118
2118
2085
2066
2057
2049
2021
2005
1993
1969
1989
2235
2276
2280
2308
2336
2340
2353
2356
2311
2292
2258
2217
2162
2108
2080
2042
1992
1958
1927
1905
1912
1877
1881
1868
1839
1879
1889
1905
1933
1946
1966
1980
2009
2024
2061
2046
2068
2083
2082
2088
2096
2074
2053
2068
2067
2088
2102
2089
2118
2115
2130
2168
2192
2216
2276
2257
2268
2269
2287
2284
2298
2289
2288
2270
2286
2285
2271
2269
2251
2222
2205
2204
2158
2142
2146
2117
2095
2061
2056
2014
2004
2002
2000
1975
1965
1952
1953
1939
1958
1966
1952
1981
1986
1991
2005
2007
2016
2026
2062
2089
2118
2150
2179
2198
2195
2216
2234
2227
2200
2170
2159
2145
2112
2085
2041
2003
1953
1953
1929
1900
1850
1850
1872
1878
1876
1928
1956
1999
2187
2133
2091
2054
1989
1918
1864
1856
1840
1825
1856
1850
1866
1930
1971
2019
2066
2109
2155
2194
2242
2288
2306
2316
2282
2279
2244
2198
2192
2213
2201
2192
2156
2144
2086
2026
1992
1994
2011
2011
2029
2031
2021
2000
1996
2023
2046
2064
2078
2058
2024
1979
1981
2015
2044
2071
2097
2123
2121
2142
2135
2146
2137
2138
2140
2092
2033
1973
1916
1857
1872
1862
1868
1882
1907
1912
1934
1960
1959
2003
2070
2126
2190
2252
2282
2316
2358
2363
2380
2372
2355
2349
2319
2246
2191
2118
2040
1995
1965
1904
1850
1849
1822
1824
1839
1860
1894
1944
1929
1968
1969
1969
2005
2031
2055
2111
2127
2172
2200
2229
2276
2284
2283
2281
2256
2218
2166
2156
1931
2010
2088
2182
2243
2314
2352
2402
2404
2433
2406
2369
2323
2298
2249
2181
2107
2081
2032
1992
1981
1936
1917
1948
1962
1981
2021
2066
2106
2141
2185
2218
2223
2256
2280
2251
2266
2244
2202
2187
2170
2120
2078
2049
2009
1983
1954
1945
1932
1930
1933
1969
2009
2050
2116
2200
2235
2282
2315
2335
2366
2342
2356
2296
2257
2182
2088
1999
1927
1870
1769
1701
1652
1612
1601
1628
1643
1706
1756
1842
1924
2012
2096
2187
2261
2342
2406
2395
2411
2391
2396
2333
2300
2238
2166
2133
2090
2067
2026
1965
1954
1962
1972
1993
2001
2047
2115
2143
2177
2191
2216
2241
2271
2235
2229
2218
2200
2156
2127
2085
2016
1984
1961
1936
1913
1894
1916
1954
2297
2257
2216
2198
2159
2119
2100
2080
2056
2063
2083
2084
2096
2086
2060
2055
2066
2071
2079
2071
2060
2044
2067
2070
2075
2080
2088
2086
2112
2158
2220
2253
2275
2315
2234
2216
2222
2184
2174
2174
2120
2117
2071
2013
1961
1923
1941
1974
2001
2018
2028
2032
2042
2084
2135
2175
2233
2224
2204
2180
2141
2109
2099
2089
2115
2120
2078
2053
2025
2024
2026
2044
2016
2023
1996
1960
1934
1917
1936
1959
1982
1997
2043
2083
2131
2185
2219
2254
2271
2254
2261
2256
2239
2217
2178
2133
2121
2086
2053
2017
1967
1937
1868
1794
1782
1762
1736
1721
1727
1755
1807
1877
2002
2113
2148
2164
2200
2216
2237
2295
2366
2364
2390
2347
2295
2260
2245
2277
2462
2414
2336
2279
2183
2104
2026
1947
1902
1865
1860
1866
1870
1920
1960
2014
2088
2162
2192
2208
2247
2244
2235
2207
2173
2124
2077
2070
2020
2019
2033
2074
2107
2139
2153
2225
2252
2301
2359
2385
2391
2361
2333
2270
2180
2096
2025
1917
1829
1729
1669
1634
1609
1607
1606
1676
1733
1818
1907
2022
2134
2227
2308
2348
2415
2438
2417
2396
2340
2284
2221
2106
2008
1956
1888
1845
1809
1792
1823
1829
1885
1950
2040
2108
2187
2283
2369
2417
2463
2482
2488
2456
2395
2356
2268
2169
2110
2056
1988
1941
1934
1923
1922
1943
1990
2024
2062
2086
2118
2092
2092
2104
2092
2052
2015
1975
1953
1922
1911
1925
1952
1984
2022
2070
2152
2204
2261
2298
1807
1780
1806
1869
1930
2007
2095
2132
2185
2205
2259
2276
2303
2316
2347
2358
2277
2172
2036
1875
1749
1624
1580
1592
1652
1750
1824
1891
1960
2042
2087
2157
2256
2321
2406
2456
2465
2466
2437
2367
2279
2206
2113
2013
1916
1854
1817
1824
1821
1879
1974
2024
2055
2120
2134
2121
2132
2113
2082
2065
2062
2069
2041
2043
2000
1992
1982
1994
2016
2092
2166
2193
2243
2285
2316
2323
2371
2416
2435
2451
2430
2345
2269
2172
2056
1916
1813
1680
1566
1478
1429
1428
1500
1614
1704
1858
1995
2105
2239
2301
2408
2464
2538
2600
2612
2621
2624
2614
2575
2496
2393
2245
2032
1842
1727
1627
1576
1600
1600
1638
1657
1692
1771
1863
1983
2124
2248
2326
1878
1943
2054
2147
2222
2318
2395
2458
2504
2544
2553
2533
2492
2422
2335
2254
2171
2051
1985
1933
1880
1829
1831
1824
1830
1846
1897
1921
1924
2007
2064
2123
2181
2221
2239
2262
2254
2214
2206
2163
2129
2072
2028
2010
1978
1953
1943
1938
1950
1967
1972
2012
2004
2055
2065
2076
2110
2154
2196
2189
2216
2241
2237
2264
2290
2301
2298
2315
2310
2273
2254
2180
2134
2070
2008
1947
1884
1842
1838
1844
1866
1869
1971
2004
2081
2108
2129
2185
2207
2239
2218
2216
2190
2138
2101
2076
2043
2019
1982
1966
1951
1947
1948
1935
1941
1932
1965
1994
2002
2011
2042
2090
2134
2177
2209
2222
2256
2252
2256
2238
2209
2169
2117
2082
2049
1997
1979
1950
1823
1785
1778
1822
1833
1904
1948
1978
1986
2028
2076
2108
2207
2296
2362
2388
2363
2297
2236
2180
2105
2055
2004
1956
1897
1839
1753
1712
1706
1720
1799
1907
2025
2100
2135
2137
2129
2173
2279
2397
2488
2520
2469
2366
2244
2178
2105
2079
2020
1940
1847
1737
1631
1596
1667
1701
1733
1730
1754
1779
1861
1975
2108
2204
2268
2370
2475
2576
2632
2667
2657
2567
2502
2413
2367
2346
2327
2284
2200
2054
1913
1873
1832
1831
1849
1852
1806
1787
1771
1789
1849
1929
1960
1944
1920
1868
1839
1875
1935
2025
2148
2215
2248
2262
2315
2368
2408
2502
2532
2569
2532
2497
2441
2342
2257
2178
2069
1993
1935
1901
1906
1947
1924
1920
1846
1783
1746
1745
1886
1792
1769
1793
1851
1966
2087
2244
2378
2486
2584
2648
2653
2591
2507
2354
2222
2129
2024
1937
1925
1891
1915
1962
2005
2004
2006
1979
1900
1814
1745
1690
1614
1606
1660
1745
1893
2071
2281
2511
2705
2826
2917
2919
2850
2683
2483
2189
1900
1656
1435
1292
1238
1241
1367
1525
1783
2032
2235
2426
2559
2622
2623
2526
2391
2225
2038
1866
1745
1659
1606
1604
1676
1757
1904
2037
2156
2323
2407
2534
2573
2604
2605
2528
2432
2314
2149
1997
1824
1703
1614
1568
1565
1596
1677
1811
1937
2044
2180
2246
2284
2268
2209
2123
2027
1926
1864
1872
1943
2045
2176
2317
2435
2540
2581
2541
2430
2267
2074
1886
1750
1639
1636
1670
1766
1905
2061
2172
2571
2397
2218
2058
1902
1794
1743
1738
1755
1799
1852
1899
1914
1914
1839
1745
1653
1550
1467
1430
1501
1637
1855
2127
2401
2656
2814
2888
2874
2800
2736
2643
2558
2518
2450
2346
2240
2101
1945
1762
1628
1515
1453
1456
1480
1583
1697
1840
2018
2190
2298
2428
2529
2567
2544
2524
2530
2505
2447
2404
2328
2204
2082
1956
1820
1674
1576
1522
1476
1497
1576
1685
1829
1971
2113
2211
2304
2311
2309
2294
2286
2287
2272
2308
2363
2380
2376
2394
2344
2210
2051
1854
1626
1423
1307
1248
1288
1415
1614
1848
2081
2311
2515
2669
2733
2751
2765
2749
2740
2720
2703
2709
2667
2584
2451
2297
2065
1812
1588
1374
1201
1101
1108
1175
1282
1440
1634
1803
1940
2005
2092
2171
2198
2256
2250
2238
2205
2180
2172
2188
2206
2280
2383
2498
2581
2644
2709
2725
2687
2605
2446
2282
2067
1837
1607
1405
1215
1079
996
980
1019
1143
1372
1629
1924
2273
2530
2809
3073
3252
3379
3453
3466
3398
3286
3079
2810
2495
2136
1770
1438
1156
960
863
881
1000
1189
1396
1620
1808
1997
2148
2248
2299
2334
2297
2292
2228
2181
2116
2015
1907
1799
1710
1683
1698
1777
1924
2140
2364
2556
2688
2784
2775
2695
2592
2431
2269
2150
2032
1946
1867
1835
1824
1816
1820
1867
1965
2058
2219
2370
2528
2685
2785
2819
2796
2668
2439
2181
1879
1611
1387
1258
1170
1187
1234
1333
1473
1650
1865
2118
2400
2663
2904
3124
3290
