1956
1943
1938
1935
1938
1927
1911
1910
1896
1895
1896
1882
1873
1864
1875
1866
1870
1857
1850
1852
1852
1850
1855
1853
1856
1846
1849
1860
1854
1854
1868
1872
1874
1865
1873
1875
1879
1896
1893
1897
1901
1905
1909
1922
1940
1938
1952
1962
1968
1968
1984
1998
2010
2013
2017
2031
2039
2060
2064
2078
2087
2097
2105
2129
2131
2142
2151
2158
2177
2178
2193
2200
2213
2214
2223
2236
2242
2246
2260
2265
2271
2281
2291
2294
2306
2309
2310
2311
2318
2320
2319
2322
2323
2324
2329
2325
2324
2323
2322
2325
2316
2319
2319
2307
2312
2301
2301
2296
2296
2284
2281
2277
2265
2270
2272
2261
2257
2250
2237
2235
2225
2216
2210
2185
2189
2190
2183
2179
2061
2047
2035
2025
2012
2001
1982
1977
1972
1948
1953
1950
1945
1947
1952
1955
1972
1993
2013
2024
2051
2051
2064
2071
2088
2096
2102
2096
2096
2092
2088
2093
2081
2080
2073
2061
2069
2083
2076
2078
2085
2089
2096
2101
2113
2118
2129
2144
2147
2141
2155
2152
2155
2156
2156
2159
2146
2140
2142
2136
2122
2119
2119
2121
2119
2122
2114
2116
2124
2117
2108
2109
2100
2096
2099
2087
2075
2071
2056
2052
2041
2024
2010
2000
1988
1978
1953
1947
1933
1923
1922
1912
1922
1927
1926
1942
1954
1960
1975
1988
2009
2018
2037
2044
2076
2080
2079
2090
2094
2095
2098
2098
2098
2110
2100
2100
2108
2120
2122
2108
2120
2112
2109
2104
2111
2111
2124
2127
2137
2102
2080
2041
2015
2001
1994
1993
2002
2012
2021
2028
2031
2036
2030
2016
1999
1972
1977
1987
2000
2007
2031
2053
2079
2096
2112
2114
2115
2110
2104
2104
2092
2088
2088
2074
2045
2038
2006
1959
1908
1875
1841
1816
1816
1835
1873
1914
1962
2006
2062
2089
2100
2102
2091
2082
2068
2088
2102
2145
2186
2252
2314
2360
2402
2413
2422
2408
2361
2314
2264
2214
2181
2150
2133
2123
2106
2103
2079
2045
2005
1961
1891
1844
1808
1778
1779
1796
1823
1869
1928
1989
2045
2102
2142
2185
2217
2250
2279
2312
2346
2384
2423
2466
2501
2525
2534
2510
2474
2426
2351
2277
2190
2093
2016
1938
1879
1832
1806
1781
1753
1731
1714
1699
1694
1670
1670
1677
2458
2444
2418
2393
2356
2342
2326
2319
2324
2322
2324
2329
2319
2304
2276
2236
2195
2151
2121
2086
2054
2037
2019
2012
2004
2001
2008
1998
2007
2023
2046
2059
2073
2092
2090
2107
2122
2116
2108
2085
2053
1991
1920
1862
1789
1750
1736
1737
1760
1804
1850
1886
1908
1893
1850
1786
1712
1622
1550
1512
1522
1603
1741
1914
2124
2310
2461
2540
2563
2512
2416
2296
2171
2068
2013
1997
2036
2103
2181
2234
2246
2210
2134
2019
1897
1800
1757
1762
1832
1946
2071
2187
2274
2315
2320
2282
2217
2174
2170
2214
2304
2443
2590
2717
2791
2781
2696
2520
2304
2059
1837
1664
1562
1555
1618
1712
1836
1935
1992
1997
1954
1884
1809
1755
1761
1833
1973
2146
1531
1651
1805
2023
2315
2596
2755
2742
2558
2317
2134
2106
2221
2413
2577
2638
2622
2548
2461
2413
2398
2431
2469
2487
2460
2349
2165
1944
1776
1760
1918
2205
2499
2654
2588
2319
1956
1633
1432
1401
1532
1718
1896
2045
2116
2079
1945
1735
1525
1421
1478
1700
2025
2348
2589
2704
2716
2680
2648
2659
2676
2678
2672
2648
2650
2670
2706
2704
2615
2448
2204
1958
1759
1631
1565
1554
1542
1530
1522
1540
1585
1641
1698
1744
1793
1865
1971
2122
2298
2462
2576
2617
2609
2561
2513
2468
2432
2381
2311
2214
2087
1973
1876
1803
1778
1739
1717
1696
1693
1702
1755
1813
1888
1956
2003
2052
2079
2129
2186
2247
2304
2333
2334
2306
2265
2249
2235
2254
1639
1500
1432
1427
1496
1635
1786
1924
2014
2025
1974
1862
1727
1597
1520
1520
1615
1798
2028
2270
2501
2682
2800
2832
2812
2744
2663
2585
2534
2506
2484
2471
2447
2411
2365
2332
2314
2329
2381
2473
2539
2588
2588
2511
2348
2120
1868
1633
1491
1458
1579
1806
2116
2441
2719
2858
2858
2703
2439
2114
1833
1638
1592
1703
1946
2240
2518
2712
2760
2648
2416
2104
1777
1524
1412
1444
1600
1862
2132
2348
2455
2441
2303
2102
1903
1753
1704
1781
1955
2200
2454
2654
2765
2759
2642
2472
2279
2101
2004
1941
1962
2017
2068
2080
2043
1927
1770
1591
1422
1319
1278
1299
1349
1429
1496
1538
1540
1498
1429
1387
1371
1429
1538
1705
1890
2061
2205
2269
1730
1779
1868
1994
2102
2163
2175
2095
1946
1806
1808
2013
2348
2629
2695
2477
2102
1803
1802
2149
2682
3152
3404
3341
3064
2664
2295
2040
1941
1990
2168
2332
2389
2312
2127
1947
1875
2003
2234
2426
2492
2330
1994
1614
1321
1202
1266
1453
1684
1869
1998
2050
2073
2068
2068
2035
1950
1795
1566
1336
1221
1301
1607
2057
2530
2883
3029
2989
2807
2592
2371
2191
2054
1945
1934
2028
2230
2526
2820
2979
2885
2516
1943
1279
734
485
622
1067
1625
2062
2211
2049
1658
1256
1028
1074
1392
1861
2302
2591
2665
2544
2334
2137
2061
2156
2396
2713
2957
3046
2965
2742
2505
2313
2252
2307
2377
2440
2404
2268
2074
1910
1779
1666
1577
1472
1376
1300
2412
2281
2209
2206
2254
2342
2441
2508
2509
2420
2249
2012
1740
1509
1316
1228
1211
1298
1446
1593
1736
1841
1911
1945
1941
1936
1937
1944
1960
1978
1974
1961
1902
1795
1659
1520
1419
1348
1364
1456
1605
1768
1934
2073
2144
2132
2065
1929
1785
1657
1588
1569
1628
1765
1953
2153
2364
2498
2600
2640
2615
2557
2486
2422
2372
2353
2343
2328
2300
2253
2171
2071
1974
1870
1834
1819
1858
1963
2076
2219
2339
2397
2384
2338
2226
2095
1969
1855
1768
1759
1802
1896
2008
2128
2192
2253
2266
2235
2177
2117
2063
2039
2038
2066
2100
2130
2144
2115
2070
2022
1980
1990
2059
2202
2391
2629
2864
3076
3186
3207
3114
2910
2642
2355
2088
1897
1805
1827
2460
2718
2592
2155
1572
1087
808
802
1010
1317
1580
1690
1659
1518
1343
1175
1094
1060
1030
1038
1052
1047
1084
1172
1316
1476
1632
1760
1861
1947
2013
2091
2169
2284
2452
2673
2910
3131
3284
3341
3296
3168
3024
2928
2905
2925
2927
2840
2651
2391
2136
1954
1887
1890
1911
1880
1796
1671
1583
1557
1618
1742
1880
1938
1910
1805
1677
1599
1588
1627
1664
1644
1591
1485
1349
1270
1227
1272
1377
1522
1683
1812
1918
1990
2082
2211
2392
2626
2891
3133
3328
3460
3506
3515
3478
3418
3356
3273
3167
3026
2852
2636
2420
2212
2064
1946
1864
1804
1769
1757
1747
1776
1841
1915
2018
2111
2216
2294
2360
2433
2465
2502
2506
2512
2517
2494
2438
2325
1582
1504
1326
1112
882
725
670
741
937
1204
1489
1728
1880
1924
1899
1806
1720
1682
1728
1872
2109
2386
2648
2865
3010
3083
3078
3036
2997
2960
2968
3018
3084
3166
3197
3158
3042
2879
2694
2504
2357
2260
2253
2326
2440
2582
2677
2743
2733
2669
2588
2472
2373
2288
2219
2142
2060
1927
1765
1539
1285
1039
850
736
732
874
1118
1431
1781
2101
2344
2486
2537
2480
2354
2206
2037
1867
1736
1650
1587
1590
1670
1818
2042
2323
2643
2928
3133
3220
3150
2917
2541
2087
1582
1135
814
644
693
934
1330
1799
2292
2680
2919
2963
2794
2400
1896
1346
849
514
374
488
798
1284
1823
2330
2731
2984
3090
3061
2975
2880
2841
2874
3010
3197
43
996
2414
3723
4095
4095
3520
2233
996
297
352
1043
1998
2767
3038
2790
2127
1328
670
347
434
860
1480
2090
2520
2620
2417
2006
1615
1483
1722
2242
2839
3251
3260
2860
2257
1769
1645
1968
2558
3074
3197
2841
2161
1463
1006
920
1171
1560
1883
2043
2033
1921
1817
1763
1757
1744
1740
1734
1855
2113
2478
2808
2969
2859
2571
2228
2017
2000
2207
2507
2746
2831
2728
2512
2270
2090
1974
1954
1979
2005
2072
2162
2254
2298
2214
2021
1746
1491
1352
1409
1637
1952
2241
2397
2367
2152
1847
1559
1429
1459
1651
1931
2172
2297
2267
2109
1889
1723
1678
1785
1993
2210
2353
2369
2262
2115
2015
2044
2217
2478
2739
2927
2980
2910
2778
2626
689
719
790
876
994
1136
1276
1399
1482
1517
1502
1432
1304
1163
988
832
715
652
648
718
859
1075
1315
1571
1812
2004
2148
2213
2206
2143
2036
1901
1778
1665
1583
1552
1553
1598
1665
1746
1827
1872
1908
1921
1908
1891
1859
1838
1841
1838
1857
1874
1882
1884
1872
1820
1750
1645
1514
1375
1237
1115
1032
988
991
1059
1147
1276
1409
1534
1640
1704
1722
1709
1668
1612
1549
1486
1468
1479
1542
1640
1763
1893
2010
2082
2101
2024
1872
1663
1394
1091
815
572
403
324
348
468
664
913
1182
1432
1655
1820
1924
2004
2061
2121
2209
2348
2558
2816
3105
3420
3686
3911
4052
4080
4018
3861
3640
3394
3156
2965
2830
2783
2790
2839
2909
2626
2288
1896
1463
1012
551
125
2
4
3
4
0
4
3
2
3
1
3
2
1
3
2
2
1
3
3
44
290
539
753
938
1074
1132
1150
1120
1044
929
821
718
632
582
564
579
607
670
737
788
830
881
905
903
912
920
922
947
973
1050
1122
1225
1327
1461
1605
1747
1896
2052
2211
2359
2522
2668
2818
2969
3135
3273
3426
3546
3643
3718
3772
3802
3800
3762
3706
3619
3515
3378
3248
3108
2955
2808
2658
2517
2394
2267
2146
2038
1942
1825
1739
1642
1552
1459
1370
1288
1220
1172
1127
1120
1118
1141
1189
1248
1332
1444
1556
1696
1850
2008
2172
2354
2516
2686
2853
3000
3125
3239
3347
3425
4040
3916
3782
3635
3465
3288
3102
2912
2718
2514
2319
2112
1928
1729
1536
1360
1186
1019
880
743
630
524
439
379
345
328
324
356
400
469
554
668
802
944
1107
1281
1455
1661
1855
2055
2254
2440
2640
2810
2995
3147
3298
3422
3542
3638
3710
3766
3801
3813
3818
3798
3766
3692
3633
3538
3442
3322
3195
3061
2919
2761
2592
2425
2263
2084
1922
1758
1591
1429
1278
1119
970
851
726
625
519
435
352
290
224
192
158
160
155
172
195
248
306
361
437
540
633
747
867
995
1134
1265
1410
1561
1718
1864
1998
2147
2291
2431
2555
2674
2780
2888
2991
3076
3167
3243
3318
3386
3443
3503
3548
3593
3629
3656
3694
3714
2076
2070
2074
2067
2077
2073
2076
2074
2063
2065
2069
2056
2067
2062
2061
2066
2076
2070
2070
2065
2068
2070
2084
2073
2083
2078
2080
2098
2094
2089
2092
2095
2098
2108
2098
2105
2113
2120
2110
2121
2116
2112
2128
2139
2131
2128
2135
2137
2144
2136
2138
2137
2142
2129
2137
2127
2126
2131
2121
2126
2128
2125
2133
2120
2118
2116
2118
2107
2112
2114
2107
2101
2092
2092
2090
2085
2083
2082
2084
2075
2068
2068
2068
2065
2060
2051
2056
2048
2048
2045
2045
2033
2028
2023
2030
2027
2020
2022
2016
2008
2016
2007
2004
2003
2011
2001
2001
1999
1997
1994
1994
2004
1996
1995
1993
1994
1981
1986
1989
1980
1983
1980
1977
1976
1977
1973
1976
1980
