2147
2140
2151
2140
2138
2142
2138
2142
2130
2134
2125
2132
2127
2116
2117
2116
2109
2111
2105
2102
2098
2097
2096
2093
2093
2092
2087
2094
2078
2078
2068
2067
2063
2052
2068
2066
2057
2054
2056
2042
2044
2032
2025
2028
2026
2014
2011
2002
2016
2010
2010
2012
2005
2013
1998
2002
1991
1998
1996
1983
1982
1982
1981
1979
1986
1974
1978
1984
1984
1983
1987
1989
1981
1984
1983
1987
1986
1991
1992
1989
1998
2003
2005
2009
2016
2007
2019
2025
2026
2025
2021
2025
2037
2032
2044
2047
2056
2060
2064
2071
2073
2079
2088
2078
2091
2098
2095
2115
2119
2123
2130
2131
2136
2145
2140
2144
2148
2157
2162
2166
2166
2176
2179
2182
2186
2199
2206
2203
2140
2139
2137
2130
2122
2131
2129
2130
2117
2126
2092
2103
2108
2108
2103
2086
2084
2084
2084
2078
2076
2082
2064
2072
2055
2058
2052
2046
2041
2044
2035
2036
2041
2044
2028
2024
2027
2025
2033
2027
2030
2036
2037
2031
2029
2032
2036
2032
2033
2019
2030
2038
2032
2026
2042
2046
2052
2058
2059
2058
2057
2049
2058
2066
2069
2069
2067
2072
2085
2094
2102
2091
2086
2089
2101
2101
2114
2116
2114
2107
2121
2116
2126
2126
2130
2130
2138
2132
2135
2144
2132
2137
2141
2142
2149
2154
2152
2147
2152
2145
2142
2142
2133
2132
2142
2138
2132
2132
2142
2143
2130
2131
2136
2125
2114
2118
2124
2117
2114
2125
2115
2119
2108
2107
2094
2095
2082
2080
2089
2107
2099
2088
2076
2082
2096
2105
2115
2140
2149
2153
2144
2125
2098
2093
2101
2108
2124
2136
2144
2137
2135
2132
2122
2118
2131
2150
2154
2151
2141
2113
2077
2050
2032
2027
2026
2036
2038
2032
2034
2012
2024
2047
2066
2076
2090
2089
2104
2091
2100
2102
2099
2096
2090
2062
2070
2082
2094
2096
2104
2111
2092
2086
2074
2078
2068
2066
2070
2080
2105
2129
2150
2148
2124
2093
2071
2030
2023
2028
2037
2040
2041
2039
2048
2058
2061
2081
2090
2107
2120
2112
2111
2108
2096
2099
2099
2121
2147
2162
2176
2160
2142
2125
2106
2080
2067
2065
2058
2037
2042
2038
2020
2007
2006
2003
1992
1996
2017
2042
2059
2094
2125
2143
2154
2157
2155
2145
2051
2083
2131
2156
2201
2223
2219
2215
2198
2172
2158
2121
2094
2064
2072
2080
2089
2101
2118
2117
2091
2076
2072
2062
2071
2071
2072
2083
2080
2101
2120
2159
2182
2185
2178
2162
2136
2098
2075
2053
2036
2031
2035
2048
2090
2128
2162
2192
2211
2203
2182
2164
2132
2116
2074
2048
2021
1990
1966
1977
2012
2062
2108
2138
2137
2114
2089
2064
2050
2045
2035
2023
2026
2024
2038
2060
2068
2067
2054
2050
2076
2100
2100
2073
2047
2039
2061
2097
2126
2127
2116
2099
2101
2119
2117
2107
2069
2026
1999
1991
1999
2017
2030
2028
2041
2080
2122
2152
2162
2163
2165
2168
2156
2114
2089
2050
2066
2105
2153
2155
2148
2150
2180
2200
2220
2196
2134
2070
2027
2043
2085
2124
2168
2203
2204
2184
2163
2128
2087
2061
2032
2028
2031
2035
2046
2057
2080
2078
2065
2060
2064
2091
2120
2144
2176
2199
2204
2200
2185
2140
2109
2065
2010
1998
2010
2028
2057
2091
2112
2136
2148
2145
2146
2139
2120
2104
2081
2087
2094
2112
2093
2077
2069
2063
2099
2139
2144
2130
2106
2087
2094
2129
2147
2141
2113
2092
2120
2154
2180
2170
2126
2060
2015
2030
2060
2072
2040
2024
2029
2075
2132
2156
2112
2013
1959
1938
1944
1984
2057
2136
2208
2249
2236
2191
2134
2110
2106
2095
2064
2063
2112
2160
2184
2172
2160
2180
2194
2164
2101
2036
2024
2082
2139
2145
2093
2064
2067
2065
2061
2037
2038
2086
2104
2106
2073
2035
2129
2132
2149
2140
2127
2125
2101
2072
2066
2047
2060
2072
2093
2114
2129
2145
2141
2129
2117
2105
2084
2066
2048
2050
2052
2073
2096
2113
2130
2122
2116
2100
2075
2082
2069
2052
2040
2035
2022
2037
2049
2075
2093
2108
2120
2122
2115
2102
2071
2052
2046
2049
2060
2086
2107
2130
2143
2153
2151
2167
2177
2172
2165
2152
2117
2092
2055
2027
2006
1988
1984
1989
2030
2118
2194
2265
2318
2320
2268
2195
2109
2017
1960
1932
1939
1985
2071
2159
2237
2266
2266
2217
2152
2063
1989
1938
1926
1953
2025
2102
2180
2217
2266
2269
2215
2124
2019
1932
1887
1922
1992
2050
2072
2056
2060
2094
2174
2232
2238
2203
2132
2065
2031
2024
2025
2007
1976
1968
2179
2164
2145
2127
2107
2090
2069
2034
2018
1996
2015
2037
2066
2082
2105
2124
2139
2149
2136
2098
2073
2049
2032
2028
2033
2034
2040
2045
2060
2076
2097
2110
2116
2127
2130
2132
2143
2141
2140
2104
2089
2072
2065
2060
2078
2076
2096
2105
2117
2126
2134
2124
2113
2090
2076
2066
2062
2058
2070
2092
2113
2128
2154
2164
2165
2155
2146
2124
2091
2063
2040
2034
2022
2026
2056
2086
2094
2117
2122
2130
2130
2118
2116
2106
2102
2078
2078
2081
2087
2093
2112
2120
2121
2113
2096
2092
2079
2066
2064
2052
2068
2085
2098
2124
2141
2144
2158
2146
2129
2113
2102
2104
2108
2115
2106
2124
2131
2122
2115
2096
2070
2045
2025
2003
2013
2020
2057
2081
2242
2279
2276
2273
2264
2240
2204
2153
2086
2003
1935
1876
1847
1841
1870
1919
1979
2050
2119
2186
2241
2286
2332
2361
2370
2352
2297
2225
2137
2050
1972
1906
1854
1824
1814
1838
1896
1969
2036
2103
2178
2235
2285
2337
2376
2388
2348
2279
2192
2091
1995
1924
1877
1862
1838
1826
1836
1863
1920
2006
2095
2170
2238
2291
2304
2322
2320
2268
2214
2138
2077
2013
1981
1952
1908
1867
1843
1839
1848
1888
1948
2006
2061
2106
2125
2112
2105
2112
2130
2150
2178
2173
2151
2110
2073
2057
2068
2085
2088
2078
2064
2064
2056
2067
2060
2057
2062
2079
2101
2115
2132
2158
2159
2169
2180
2187
2210
2199
2191
2167
2125
2110
2093
2075
2050
2022
1994
1983
1971
1969
1987
2007
2033
2052
2076
2104
2115
2136
2143
2152
2153
2154
2158
2154
2141
2136
2121
2112
2103
2102
2103
2110
2127
2122
2140
2152
2177
2184
2190
2188
2193
2196
2189
2174
2164
2154
2142
2124
2121
2096
2101
2098
2083
2085
2075
2086
2082
2080
2070
2062
2056
2044
2027
1996
1965
1941
1928
1910
1901
1894
1884
1893
1899
1921
1943
1970
2000
2020
2045
2078
2093
2108
2116
2127
2126
2112
2108
2093
2072
2054
2047
2036
2036
2038
2053
2049
2085
2112
2143
2160
2192
2233
2251
2267
2272
2276
2275
2280
2253
2246
2206
2181
2151
2120
2090
2066
2045
2032
2019
2013
2020
2033
2056
2080
2095
2111
2129
2142
2154
2146
2152
2156
2155
2139
2129
2100
2212
2216
2181
2133
2080
2073
2072
2072
2084
2066
2049
2055
2071
2081
2081
2062
2037
2033
2051
2103
2138
2134
2128
2106
2099
2085
2093
2104
2125
2141
2154
2171
2170
2167
2138
2103
2064
2025
2017
2020
2045
2056
2074
2089
2106
2108
2112
2113
2102
2092
2100
2125
2160
2180
2203
2192
2154
2119
2096
2096
2104
2119
2121
2112
2084
2041
2018
1997
2007
2012
2029
2036
2042
2053
2050
2057
2094
2138
2186
2223
2243
2216
2172
2125
2080
2046
2045
2043
2061
2041
2036
2010
2002
1989
2008
2037
2072
2088
2093
2099
2094
2104
2113
2128
2159
2164
2164
2142
2138
2116
2096
2080
2078
2064
2070
2072
2065
2065
2080
2081
2068
2031
2000
1974
1981
2001
2037
2070
1988
1952
1907
1868
1837
1845
1850
1875
1919
1972
2019
2085
2129
2163
2197
2204
2193
2200
2186
2176
2169
2174
2192
2227
2264
2322
2365
2398
2432
2436
2414
2364
2305
2228
2139
2043
1966
1893
1852
1821
1832
1868
1914
1976
2021
2083
2127
2142
2153
2129
2112
2084
2026
1982
1944
1928
1918
1933
1964
1998
2066
2109
2176
2216
2248
2266
2277
2275
2266
2244
2216
2197
2172
2147
2137
2137
2147
2152
2178
2195
2207
2219
2223
2218
2195
2166
2124
2076
2036
1995
1954
1922
1913
1914
1911
1906
1911
1926
1936
1946
1963
1982
1999
2016
2034
2042
2038
2041
2057
2072
2107
2153
2199
2242
2273
2280
2271
2258
2272
2304
2343
2376
2386
2340
2290
2201
2123
2065
2183
2191
2194
2188
2181
2166
2154
2149
2131
2110
2099
2089
2082
2068
2063
2072
2063
2055
2048
2028
2014
2005
1990
1992
1998
1995
1998
2011
2019
2032
2030
2028
2026
2008
2016
2028
2036
2047
2073
2090
2111
2137
2152
2170
2177
2186
2191
2196
2198
2171
2158
2137
2126
2118
2083
2056
2018
1991
1947
1916
1902
1884
1876
1872
1875
1892
1910
1939
1966
2011
2051
2084
2134
2181
2234
2274
2329
2362
2388
2397
2408
2392
2375
2335
2304
2264
2232
2177
2136
2084
2036
1979
1925
1880
1836
1813
1803
1812
1834
1854
1895
1914
1943
1984
2032
2069
2130
2191
2254
2319
2366
2400
2412
2407
2382
2364
2343
2314
2275
2223
2192
2124
2065
1997
1936
1885
1829
1804
1990
1977
1967
1952
1941
1936
1935
1927
1920
1925
1928
1932
1933
1951
1962
1976
1995
2018
2038
2059
2078
2099
2117
2146
2154
2174
2189
2206
2214
2234
2231
2240
2240
2236
2240
2222
2219
2206
2203
2186
2168
2149
2124
2106
2085
2058
2040
2018
2004
1982
1971
1958
1945
1932
1929
1931
1920
1916
1919
1920
1936
1945
1944
1968
1997
1998
2013
2043
2056
2077
2096
2106
2135
2150
2176
2208
2220
2236
2241
2255
2280
2286
2300
2306
2313
2311
2320
2318
2314
2293
2301
2279
2268
2246
2224
2209
2190
2168
2149
2128
2097
2075
2056
2021
2007
1990
1978
1966
1976
1964
1959
1955
1946
1951
1965
1972
1988
1982
1982
1996
2006
2024
2025
2034
2060
2057
2073
2075
2078
2080
2082
2084
2072
2071
2058
2054
2050
2044
2033
2037
2031
2028
2009
2013
2004
2001
2000
1997
1998
1986
1986
1998
1998
1996
2008
2003
2012
2007
2012
2026
2028
2023
2031
2032
2040
2040
2043
2047
2051
2053
2047
2043
2042
2053
2056
2040
2047
2050
2049
2046
2055
2046
2048
2058
2062
2054
2061
2069
2062
2052
2055
2047
2055
2053
2063
2059
2060
2080
2074
2076
2072
2063
2080
2082
2080
2091
2087
2101
2093
2091
2098
2103
2099
2102
2091
2098
2100
2108
2102
2103
2102
2103
2104
2104
2115
2102
2117
2108
2117
2119
2115
2127
2116
2126
2126
2127
2130
2140
2140
2134
2133
2127
2134
2130
2137
2136
2125
2128
2130
2131
2128
2131
2126
2137
2142
2125
2032
2030
2020
2030
2029
2019
2023
2013
2020
2018
2018
2019
2023
2019
2016
2022
2024
2018
2032
2029
2046
2050
2054
2048
2057
2055
2062
2058
2070
2072
2082
2085
2088
2091
2096
2089
2089
2096
2095
2096
2107
2100
2106
2105
2102
2099
2102
2104
2104
2103
2114
2118
2122
2118
2119
2129
2130
2136
2137
2127
2132
2136
2133
2134
2129
2132
2130
2130
2119
2118
2117
2116
2115
2112
2100
2110
2100
2095
2098
2097
2081
2091
2092
2089
2088
2092
2083
2087
2088
2087
2090
2093
2093
2104
2104
2115
2108
2101
2114
2108
2107
2106
2106
2110
2110
2105
2117
2122
2108
2107
2122
2112
2118
2119
2120
2116
2120
2114
2122
2120
2122
2139
2126
2128
2138
2133
2125
2125
