2104
2101
2101
2111
2098
2096
2075
2082
2091
2092
2092
2102
2087
2104
2107
2115
2089
2081
2099
2101
2090
2096
2081
2092
2094
2097
2083
2093
2076
2078
2094
2092
2096
2090
2092
2088
2086
2098
2070
2094
2088
2081
2091
2096
2112
2091
2108
2103
2099
2092
2095
2128
2104
2101
2103
2069
2077
2074
2102
2104
2085
2100
2099
2088
2082
2077
2094
2095
2088
2100
2084
2095
2089
2104
2085
2072
2059
2073
2087
2083
2058
2077
2114
2085
2092
2065
2083
2086
2096
2065
2063
2077
2074
2102
2078
2062
2092
2097
2081
2082
2070
2086
2096
2082
2083
2073
2070
2095
2095
2060
2088
2093
2088
2083
2085
2103
2088
2067
2053
2075
2061
2095
2103
2105
2093
2077
2084
2090
2083
2075
2082
2083
2089
2071
2080
2088
2078
2080
2078
2077
2097
2082
2085
2080
2092
2091
2080
2092
2091
2076
2090
2077
2062
2102
2081
2105
2089
2082
2081
2096
2078
2088
2112
2095
2079
2089
2075
2090
2100
2073
2060
2069
2067
2060
2075
2057
2070
2096
2077
2070
2074
2088
2101
2086
2064
2097
2088
2089
2069
2092
2068
2095
2099
2098
2106
2091
2107
2076
2069
2091
2055
2077
2080
2079
2097
2082
2096
2088
2094
2119
2092
2065
2078
2079
2057
2090
2087
2075
2079
2085
2088
2077
2090
2075
2082
2077
2082
2083
2082
2091
2077
2088
2083
2093
2086
2081
2106
2083
2083
2077
2097
2077
2067
2091
2080
2060
2091
2087
2098
2097
2077
2068
2064
2081
2102
2094
2108
2098
2093
2096
2083
2109
2101
2102
2067
2091
2083
2113
2077
2095
2074
2103
2089
2084
2090
2120
2114
2113
2109
2100
2092
2079
2101
2078
2102
2133
2091
2080
2105
2104
2106
2104
2114
2098
2099
2094
2090
2117
2097
2098
2081
2095
2090
2083
2058
2066
2080
2073
2099
2091
2077
2073
2064
2079
2079
2056
2064
2067
2088
2064
2073
2084
2096
2093
2074
2078
2058
2059
2087
2060
2074
2093
2089
2079
2086
2066
2073
2067
2088
2090
2079
2085
2106
2087
2094
2097
2087
2092
2086
2080
2073
2072
2104
2087
2097
2101
2072
2079
2084
2080
2088
2083
2113
2072
2110
2104
2082
2097
2086
2104
2075
2085
2091
2119
2107
2093
2099
2095
2088
2105
2103
2116
2132
2120
2072
2087
2077
2087
2095
2088
2097
2103
2084
2080
2064
2060
2091
2097
2080
2080
2075
2079
2087
2095
2066
2055
2096
2074
2066
2084
2079
2064
2051
2075
2062
2059
2071
2093
2085
2074
2093
2085
2077
2082
2091
2065
2076
2092
2062
2068
2066
2072
2068
2057
2080
2078
2075
2087
2080
2073
2075
2063
2072
2077
2091
2065
2068
2054
2086
2087
2069
2069
2081
2096
2103
2097
2075
2089
2082
2113
2100
2082
2098
2076
2091
2107
2127
2095
2077
2080
2093
2084
2093
2099
2096
2104
2102
2072
2095
2097
2108
2097
2107
2081
2083
2107
2082
2100
2113
2090
2085
2093
2108
2109
2093
2095
2083
2081
2102
2089
2114
2124
2108
2085
2102
2100
2108
2089
2088
2098
2121
2122
2107
2094
2100
2099
2117
2130
2104
2079
2109
2094
2097
2090
2085
2077
2092
2098
2107
2094
2103
2121
2104
2089
2100
2102
2118
2104
2099
2115
2115
2118
2127
2118
2120
2103
2102
2096
2113
2113
2102
2130
2121
2127
2130
2132
2117
2104
2098
2105
2119
2128
2106
2104
2136
2115
2110
2119
2127
2122
2120
2121
2135
2118
2121
2113
2130
2119
2118
2102
2126
2143
2125
2134
2137
2133
2100
2113
2111
2126
2115
2122
2118
2117
2132
2115
2112
2134
2127
2125
2110
2119
2131
2120
2120
2115
2112
2117
2114
2126
2120
2118
2139
2145
2140
2123
2108
2100
2109
2089
2117
2114
2124
2094
2093
2105
2103
2090
2098
2106
2132
2104
2110
2103
2110
2121
2113
2107
2122
2112
2110
2098
2078
2088
2092
2068
2086
2102
2104
2083
2090
2084
2097
2100
2110
2105
2110
2100
2094
2126
2102
2086
2122
2113
2104
2109
2095
2102
2095
2111
2095
2082
2105
2111
2079
2068
2091
2080
2096
2106
2089
2080
2096
2107
2115
2108
2108
2108
2113
2093
2107
2122
2119
2096
2082
2083
2105
2101
2111
2101
2116
2120
2129
2132
2108
2129
2117
2118
2129
2124
2131
2115
2110
2110
2103
2091
2091
2114
2122
2093
2086
2057
2074
2089
2109
2123
2114
2104
2098
2082
2101
2115
2114
2127
2107
2093
2103
2104
2091
2083
2102
2109
2083
2101
2115
2100
2091
2092
2078
2082
2088
2114
2085
2099
2108
2112
2107
2098
2111
2110
2103
2087
2098
2085
2081
2072
2080
2104
2080
2072
2088
2074
2097
2111
2113
2129
2125
2122
2112
2142
2164
2139
2156
2120
2124
2129
2096
2123
2104
2106
2089
2088
2085
2092
2096
2076
2073
2075
2071
2053
2056
2048
2060
2051
2088
2076
2076
2090
2080
2069
2069
2102
2108
2117
2102
2090
2119
2112
2129
2126
2148
2165
2160
2162
2144
2134
2129
2134
2128
2099
2106
2068
2132
2129
2087
2096
2087
2078
2080
2086
2086
2079
2083
2114
2099
2120
2124
2133
2150
2134
2128
2113
2098
2072
2080
2101
2130
2126
2118
2085
2097
2103
2104
2105
2108
2083
2081
2103
2068
2071
2074
2067
2068
2067
2087
2092
2112
2118
2119
2095
2131
2125
2157
2151
2124
2125
2131
2177
2158
2197
2163
2130
2132
2182
2149
2128
2067
2047
2061
2048
2091
2100
2104
2098
2121
2112
2104
2122
2125
2126
2110
2097
2119
2093
2067
2064
2063
2071
2048
2012
2008
2015
1982
2003
2014
1984
1997
1973
1962
1944
1927
1928
1976
1985
1964
1943
1968
1987
2031
2040
2045
2061
2104
2119
2144
2131
2161
2187
2237
2232
2224
2258
2287
2290
2273
2273
2278
2248
2267
2277
2296
2280
2273
2289
2278
2317
2294
2312
2317
2284
2269
2260
2252
2230
2189
2200
2213
2190
2178
2152
2145
2146
2142
2138
2122
2128
2128
2104
2113
2100
2102
2086
2080
2052
2022
2016
1999
1978
1952
1948
1932
1933
1921
1918
1928
1944
1921
1928
1941
1964
1966
1997
1999
2017
2005
2028
2023
2018
2004
2024
2015
1988
1980
1990
1976
1965
1956
1986
1982
1990
1987
2016
2024
2040
2069
2086
2075
2094
2145
2141
2167
2175
2178
2209
2189
2202
2211
2235
2235
2232
2249
2244
2236
2236
2222
2224
2224
2213
2196
2207
2227
2233
2224
2201
2200
2209
2240
2246
2239
2240
2232
2250
2253
2249
2266
2289
2274
2271
2271
2267
2274
2280
2263
2255
2261
2240
2212
2188
2199
2188
2134
2103
2101
2075
2030
2008
1979
1940
1947
1911
1899
1869
1838
1837
1805
1810
1773
1767
1780
1790
1796
1820
1804
1812
1841
1866
1886
1905
1897
1914
1947
1967
1981
2016
2006
2024
2038
2049
2070
2064
2070
2048
2090
2087
2078
2079
2093
2077
2067
2057
2062
2050
2053
2047
2060
2083
2074
2074
2096
2102
2144
2110
2288
2302
2323
2301
2318
2335
2307
2291
2285
2248
2232
2204
2200
2141
2098
2065
2021
1997
1995
1962
1974
1985
1986
1994
2041
2057
2052
2092
2127
2161
2177
2211
2220
2227
2245
2230
2223
2202
2167
2171
2162
2131
2095
2068
2043
2030
1997
1975
1946
1936
1956
1938
1917
1923
1957
1943
1954
1976
1981
1999
2028
2032
2047
2060
2064
2081
2092
2075
2068
2087
2081
2093
2105
2154
2161
2184
2212
2253
2264
2287
2299
2305
2303
2295
2297
2265
2222
2184
2120
2078
2026
1973
1973
1944
1928
1897
1900
1887
1915
1931
1945
1983
1988
2000
2012
2031
2063
2077
2073
2104
2131
2167
2183
2200
2246
2260
2276
2307
2332
2315
2310
2323
2288
2266
2247
2203
2196
2156
2087
2092
2085
2056
2047
2052
1999
2015
2025
1997
1997
2008
1993
1976
2006
2013
2026
2045
2064
2064
2102
2117
2140
2162
2184
2192
2181
2202
2203
2202
2196
2191
2180
2179
2156
2156
2142
2135
2118
2118
2122
2095
2088
2035
2030
2052
2029
2031
1997
2014
2016
2027
2005
1996
1999
2000
2026
2014
2033
2038
2055
2071
2078
2077
2102
2128
2125
2128
2132
2139
2111
2126
2135
2124
2132
2120
2106
2104
2103
2121
2090
2083
2078
2061
2081
2084
2057
2083
2082
2094
2088
2085
2106
2109
2117
2140
2119
2150
2139
2129
2111
2125
2141
2117
2094
2079
2084
2072
2056
2069
2085
2044
2037
2056
2053
2020
2040
2036
2051
2046
2061
2073
2101
2121
2144
2149
2172
2183
2137
2127
2136
2125
2112
2090
2117
2122
2119
2116
2132
2097
2104
2124
2127
2119
2092
2098
2112
2108
2091
2085
2097
2103
2104
2105
2115
2099
2127
2112
2112
2104
2116
2129
2117
2114
2097
2115
2121
2115
2116
2130
2114
2129
2102
2081
2113
2127
2104
2126
2093
2108
2120
2104
2074
2109
2087
2086
2097
2085
2086
2089
2052
2084
2072
2065
2046
2066
2090
2073
2051
2058
2085
2091
2067
2064
2063
2063
2061
2077
2069
2069
2052
2080
2070
2091
2082
2070
2074
2083
2094
2088
2068
2080
2087
2104
2109
2094
2095
2109
2113
2132
2127
2135
2119
2102
2098
2130
2117
2095
2102
2106
2120
2112
2107
2132
2082
2080
2086
2102
2082
2072
2081
2072
2066
2058
2069
2082
2103
2095
2086
2103
2090
2066
2096
2080
2097
2096
2081
2111
2080
2093
2089
2087
2094
2084
2090
2091
2114
2115
2096
2111
2108
2098
2100
2128
2098
2109
2114
2102
2089
2114
2113
2109
2104
2119
2112
2112
2094
2120
2102
2103
2085
2094
2083
2100
2089
2091
2090
2084
2092
2104
2120
2101
2094
2093
2086
2101
2114
2116
2077
2088
2094
2119
2086
2076
2102
2087
2092
2094
2097
2093
2099
2084
2078
2090
2098
2075
2101
2096
2092
2094
2090
2085
2067
2073
2095
2095
2063
2103
2100
2104
2086
2084
2082
2094
2105
2087
2093
2091
2080
2104
2113
2114
2077
2082
2081
2075
2096
2084
2095
2093
2089
2091
2082
2102
2096
2102
2088
2075
2099
2091
2097
2095
2086
2093
2105
2107
2097
2095
2086
2112
2073
2081
2095
2090
2087
2096
2086
2092
2083
2084
2101
2086
2091
2116
2096
2103
2087
2083
2079
2096
2083
2090
2092
2085
2114
2096
2077
2091
2099
2088
2083
2085
2089
2104
2086
2094
2062
2078
2120
2092
2082
2097
2096
2085
2090
2084
2074
2075
2089
2087
2112
2101
2081
2088
2080
2107
2086
2078
2106
2113
2100
2103
2076
2085
2088
2079
2104
2104
2082
2080
2097
2095
2089
2096
2115
2098
2091
2077
2084
2104
2092
2083
2080
2069
2085
2085
2100
2088
2098
2094
2095
2081
2096
2086
2088
2093
2097
2090
2105
2088
2092
2089
2111
2100
2085
2089
2081
2083
2090
2107
2114
2096
2099
2096
2084
2092
2076
2104
2082
2107
2099
2098
2080
2088
2096
2097
2056
2079
2095
2092
2086
2084
2088
2115
2102
2121
2083
2080
2095
2082
2083
2078
2080
2078
2119
2101
2068
2089
2097
2093
2086
2086
2099
2098
2093
2081
2101
2083
2098
2087
2096
2100
2082
2067
2093
2090
2100
2099
2102
2098
2094
2101
2104
2103
2115
2108
2088
2084
2100
2081
2098
2108
2092
2090
2066
2080
2087
2065
2080
2080
2085
2110
2073
2077
2063
2078
2094
2101
2090
2095
2090
2074
2092
2097
2100
2088
2082
2074
2082
2083
2080
2073
2089
2073
2076
2059
2076
2111
2077
2090
2092
2110
2097
2092
2060
2080
2092
2097
2075
2068
2065
2089
2064
2078
2104
2109
2081
2075
2077
2079
2102
2097
2106
2091
2096
2102
2104
2082
2091
2112
