2111
2093
2103
2075
2070
2097
2084
2090
2100
2096
2088
2085
2088
2101
2097
2095
2082
2091
2089
2101
2086
2097
2122
2084
2097
2081
2085
2090
2081
2092
2101
2096
2121
2115
2071
2080
2092
2093
2092
2116
2079
2073
2073
2080
2087
2096
2080
2097
2074
2060
2062
2104
2118
2105
2088
2078
2085
2104
2093
2079
2065
2095
2113
2111
2096
2100
2094
2096
2082
2088
2090
2084
2085
2101
2082
2089
2099
2097
2086
2097
2100
2100
2091
2108
2104
2102
2087
2093
2117
2078
2086
2113
2091
2084
2099
2083
2082
2100
2087
2114
2107
2101
2108
2112
2098
2128
2091
2097
2109
2083
2068
2081
2072
2088
2073
2101
2102
2096
2103
2114
2111
2093
2096
2088
2088
2096
2097
2090
2067
2073
2069
2071
2062
2058
2052
2068
2069
2067
2061
2051
2094
2072
2076
2087
2066
2076
2049
2058
2075
2070
2068
2065
2070
2038
2053
2057
2059
2049
2044
2054
2081
2053
2033
2062
2078
2041
2079
2077
2091
2082
2053
2085
2119
2106
2094
2077
2069
2065
2101
2080
2090
2094
2066
2087
2099
2113
2081
2095
2071
2077
2092
2096
2096
2096
2082
2108
2091
2097
2115
2117
2115
2103
2117
2108
2099
2104
2107
2107
2103
2080
2087
2113
2091
2081
2099
2094
2100
2102
2085
2070
2076
2072
2075
2079
2107
2089
2074
2059
2068
2069
2081
2103
2098
2082
2087
2069
2062
2066
2062
2051
2090
2061
2106
2086
2086
2082
2099
2106
2104
2119
2107
2089
2091
2074
2088
2093
1978
1985
1993
2007
2035
2049
2053
2009
2016
2014
2014
2035
2018
1998
1994
1970
2007
2038
2038
2059
2050
2086
2112
2105
2132
2134
2142
2139
2159
2149
2151
2105
2128
2150
2143
2141
2149
2166
2147
2139
2155
2164
2170
2147
2120
2115
2106
2104
2079
2086
2071
2070
2069
2090
2121
2129
2144
2180
2203
2210
2219
2217
2207
2212
2201
2200
2210
2179
2155
2160
2154
2147
2085
2099
2071
2057
2031
2022
2028
2030
2049
2033
2059
2089
2103
2131
2123
2169
2185
2162
2134
2117
2099
2074
2018
2042
2012
2031
2006
2024
2030
2075
2078
2106
2131
2187
2227
2226
2243
2273
2258
2266
2242
2205
2165
2151
2094
2078
2039
2040
2047
2025
2015
2017
1991
2042
2039
2033
2370
2356
2342
2310
2269
2205
2147
2064
1992
1949
1935
1911
1895
1923
1939
1932
1948
1943
1952
1955
1962
1951
1943
1969
1970
2007
2033
2078
2106
2166
2197
2237
2241
2261
2233
2226
2240
2179
2190
2160
2136
2142
2149
2121
2138
2117
2117
2096
2059
2044
2019
1977
1970
1949
1926
1924
1916
1939
1980
2002
2020
2055
2137
2154
2208
2224
2263
2256
2254
2257
2236
2226
2215
2222
2211
2180
2183
2163
2100
2050
1992
1944
1887
1855
1816
1806
1754
1765
1776
1798
1861
1888
1982
2038
2107
2158
2226
2259
2264
2268
2263
2262
2245
2199
2213
2212
2223
2202
2174
2193
2204
2217
2221
2223
2200
2188
2144
2088
2069
2033
1991
1966
1947
1940
1987
1988
1994
2014
2093
2140
2173
2235
2230
2183
2157
2141
2088
2027
1981
1938
1867
1846
1816
1808
1820
1847
1874
1902
1972
2017
2117
2172
2234
2315
2346
2408
2447
2555
2560
2568
2592
2586
2541
2552
2459
2410
2324
2199
2110
1999
1933
1872
1805
1754
1687
1696
1738
1737
1742
1796
1852
1908
1988
2035
2123
2190
2244
2286
2312
2321
2340
2328
2268
2217
2193
2121
2076
1996
1940
1884
1820
1778
1743
1713
1703
1721
1750
1799
1887
1957
2020
2129
2232
2329
2400
2523
2578
2628
2635
2627
2592
2538
2457
2352
2279
2180
2100
1982
1906
1814
1753
1696
1648
1621
1587
1544
1531
1601
1687
1743
1891
1995
2139
2258
2359
2486
2540
2584
2579
2584
2551
2462
2380
2333
2239
2158
2133
2198
2172
2208
2168
2103
2065
2081
2055
2009
1985
2007
2020
2008
2020
2039
2021
1982
2016
2040
2077
2130
2164
2124
2139
2125
2138
2173
2228
2242
2304
2293
2269
2248
2213
2197
2191
2197
2156
2132
2105
2120
2166
2163
2102
2031
1948
1857
1828
1834
1887
1960
1973
1951
1911
1856
1856
1888
1984
2072
2115
2128
2120
2095
2030
2012
2045
2081
2136
2127
2138
2096
2082
2099
2123
2136
2158
2186
2197
2237
2237
2264
2237
2205
2141
2145
2140
2173
2206
2230
2248
2208
2211
2145
2133
2183
2229
2276
2304
2306
2280
2192
2083
2034
2015
2011
2001
2007
1991
1939
1896
1852
1804
1758
1720
1743
1797
1888
1968
2128
2255
2337
2392
2410
2390
2357
2292
2238
2084
1994
1932
1852
1788
1731
1693
1677
1719
1744
1797
1883
1945
2037
2132
2203
2269
2315
2348
2342
2365
2368
2326
2283
2199
2134
2099
2047
2001
1952
1946
1908
1938
1934
1956
1986
2023
2070
2122
2180
2237
2245
2295
2333
2323
2308
2288
2265
2206
2170
2137
2075
2030
2014
2011
2011
2005
2032
2033
2041
2057
2101
2090
2115
2103
2081
2070
2039
2015
1961
1942
1891
1878
1874
1860
1885
1896
1935
1985
2022
2077
2145
2197
2291
2360
2400
2421
2418
2408
2406
2335
2284
2219
2168
2088
2000
1962
1874
1840
1808
1776
1762
1775
1810
1840
1874
1901
1962
2031
2078
2115
2154
2204
2235
2286
2312
2327
2328
2326
2328
2323
2331
2300
2277
2230
2189
2136
2065
2198
2111
2031
2016
1993
2009
2012
2010
1984
1945
1961
2000
2011
2027
2055
2104
2157
2195
2237
2250
2233
2188
2101
2069
2028
2012
2056
2058
2050
2050
2001
2012
2069
2125
2214
2238
2261
2228
2192
2158
2170
2161
2213
2264
2296
2311
2301
2255
2223
2202
2148
2126
2147
2142
2135
2110
2021
1904
1798
1730
1699
1731
1772
1826
1847
1847
1897
1921
2020
2122
2231
2326
2378
2459
2460
2455
2432
2391
2346
2266
2204
2154
2126
2085
2023
1924
1799
1686
1607
1607
1595
1638
1682
1717
1770
1814
1865
1967
2055
2168
2282
2369
2429
2486
2509
2513
2514
2508
2473
2447
2434
2383
2308
2186
2088
1970
1894
1827
1816
1785
1798
1775
1780
1825
1900
1932
1986
2068
2331
2349
2414
2438
2461
2423
2412
2394
2333
2262
2187
2136
2049
1982
1936
1930
1895
1883
1847
1869
1901
1908
1903
1927
1952
1977
2006
2038
2071
2103
2134
2144
2184
2204
2213
2192
2171
2166
2156
2175
2128
2117
2124
2158
2164
2174
2216
2205
2219
2245
2224
2218
2213
2215
2224
2172
2123
2111
2049
2001
1939
1897
1835
1790
1800
1784
1794
1802
1839
1919
1960
2019
2063
2118
2160
2184
2198
2203
2211
2226
2222
2203
2140
2103
2052
2008
1960
1937
1901
1879
1911
1952
1976
2053
2095
2180
2244
2281
2323
2327
2370
2366
2361
2367
2335
2296
2214
2182
2109
2022
1961
1872
1856
1811
1793
1819
1874
1912
1981
2066
2139
2219
2273
2327
2369
2400
2416
2415
1454
1453
1500
1641
1820
1976
2145
2275
2374
2402
2413
2384
2310
2236
2167
2097
2072
2034
2056
2084
2125
2173
2208
2209
2220
2205
2180
2139
2054
1999
1972
1935
1910
1927
1960
2002
1998
2013
2013
2004
2023
2021
2027
2068
2143
2203
2227
2220
2153
2070
1838
1652
1482
1343
1296
1287
1432
1620
1843
2088
2314
2493
2599
2622
2628
2598
2583
2560
2507
2477
2471
2422
2329
2199
2057
1923
1799
1736
1702
1741
1854
1968
2058
2131
2171
2147
2095
1991
1908
1824
1797
1829
1872
1954
2023
2104
2214
2274
2340
2410
2485
2554
2583
2613
2594
2574
2463
2340
2221
2116
1967
1882
1804
1729
1693
1720
1731
1795
1852
1934
2050
2160
2229
2282
2289
2265
2245
2192
2119
2240
2323
2418
2500
2542
2556
2560
2511
2459
2368
2285
2158
2066
2003
1958
1928
1928
1958
1945
1934
1951
1936
1956
1912
1898
1924
1930
1987
2073
2159
2265
2337
2416
2425
2422
2344
2289
2186
2077
1964
1813
1742
1661
1630
1623
1656
1704
1790
1853
1961
2076
2155
2257
2299
2350
2371
2383
2445
2475
2480
2495
2493
2480
2445
2408
2313
2204
2068
1928
1788
1687
1588
1527
1498
1509
1583
1700
1828
1974
2109
2259
2375
2453
2514
2538
2518
2502
2483
2416
2356
2328
2272
2202
2174
2145
2133
2136
2115
2106
2120
2088
2082
2068
2035
1984
1949
1920
1885
1840
1789
1767
1769
1772
1806
1839
1908
1968
2053
2126
2198
2264
2323
2355
2363
2341
2337
2314
1475
1545
1687
1775
1888
2021
2172
2307
2451
2585
2727
2869
2954
3023
3038
2991
2894
2774
2590
2388
2194
1994
1790
1616
1490
1399
1354
1324
1352
1373
1459
1539
1641
1747
1840
1912
2012
2101
2174
2261
2340
2417
2483
2526
2610
2660
2699
2713
2715
2655
2598
2499
2414
2300
2169
2023
1900
1789
1682
1598
1538
1493
1511
1536
1588
1671
1755
1877
1992
2090
2178
2236
2282
2294
2280
2237
2170
2038
1928
1805
1679
1617
1602
1607
1670
1726
1822
1975
2113
2276
2406
2499
2611
2684
2730
2734
2691
2623
2537
2452
2358
2260
2156
2101
2094
2086
2127
2154
2163
2138
2082
1968
1799
1597
1371
1147
982
881
835
953
1108
1331
1592
1896
2215
2512
2762
3031
1021
1167
1358
1547
1763
1997
2241
2477
2727
2962
3145
3304
3418
3459
3412
3316
3115
2900
2640
2379
2104
1842
1629
1481
1377
1266
1240
1264
1341
1438
1543
1671
1796
1973
2117
2271
2400
2501
2596
2630
2653
2650
2573
2485
2383
2261
2128
2079
2008
1941
1923
1924
1925
1916
1904
1904
1900
1896
1904
1948
2022
2091
2163
2224
2260
2271
2257
2184
2116
2014
1940
1898
1885
1877
1885
1951
1981
2013
2004
1972
1974
1930
1899
1901
1901
1898
1912
1984
2006
2086
2151
2188
2214
2242
2222
2219
2199
2190
2125
2103
2067
2032
2018
2052
2075
2117
2170
2212
2269
2271
2283
2234
2186
2124
2052
1999
1923
1902
1875
1881
1908
1929
1961
2020
2050
2096
2076
2054
3314
3006
2654
2284
1901
1557
1269
968
778
685
689
746
898
1125
1402
1695
2043
2364
2668
2958
3181
3334
3400
3398
3273
3069
2800
2464
2082
1706
1350
1056
811
662
625
685
845
1096
1420
1747
2129
2529
2853
3120
3351
3466
3517
3442
3278
3032
2726
2404
2028
1712
1375
1153
947
859
852
930
1104
1345
1602
1876
2120
2331
2512
2628
2696
2778
2759
2714
2619
2552
2427
2354
2322
2328
2369
2425
2488
2556
2606
2632
2598
2528
2392
2175
1956
1687
1395
1104
812
570
404
302
312
436
646
980
1378
1812
2289
2758
3149
3470
3720
3823
3867
3794
3631
3411
3137
2838
2561
2264
2006
1823
1673
1561
1524
1496
1517
1552
1585
1624
1645
1652
2588
2536
2452
2355
2303
2234
2179
2123
2040
1950
1874
1804
1800
1839
1919
2040
2130
2157
2122
2038
1917
1789
1681
1657
1711
1838
1996
2152
2320
2390
2394
2344
2306
2223
2202
2147
2129
2084
2032
1934
1817
1693
1591
1485
1440
1472
1491
1569
1649
1734
1791
1844
1894
1948
2027
2085
2173
2269
2382
2486
2581
2683
2740
2791
2851
2907
2903
2864
2804
2703
2527
2340
2157
1988
1835
1702
1647
1625
1634
1636
1707
1750
1771
1806
1812
1818
1814
1820
1849
1844
1881
1959
2069
2171
2285
2376
2442
2489
2510
2524
2512
2502
2447
2444
2389
2325
2222
2118
2005
1914
1822
1743
1702
1673
1699
1735
1790
1860
1925
2004
2040
2086
2121
2139
2192
2228
2236
2280
