2117
2119
2111
2125
2107
2112
2121
2118
2121
2116
2122
2117
2117
2112
2118
2119
2116
2111
2117
2118
2126
2108
2122
2122
2120
2118
2115
2123
2110
2118
2110
2111
2114
2108
2121
2110
2120
2119
2120
2114
2118
2126
2123
2125
2112
2112
2113
2119
2119
2107
2131
2118
2130
2126
2122
2115
2115
2111
2114
2113
2113
2115
2108
2111
2109
2106
2113
2107
2109
2106
2110
2100
2099
2103
2109
2108
2099
2094
2090
2098
2096
2089
2096
2097
2089
2086
2091
2100
2089
2094
2088
2080
2080
2082
2082
2096
2090
2082
2082
2078
2074
2085
2076
2078
2089
2088
2075
2085
2082
2072
2074
2083
2082
2083
2079
2071
2082
2084
2088
2069
2081
2083
2076
2083
2083
2084
2083
2080
2134
2140
2141
2138
2127
2139
2135
2131
2124
2127
2132
2136
2130
2123
2127
2126
2134
2138
2137
2134
2132
2126
2123
2126
2127
2128
2128
2136
2135
2131
2133
2129
2124
2124
2123
2121
2118
2120
2126
2124
2120
2115
2121
2120
2118
2123
2120
2119
2113
2111
2112
2114
2112
2118
2116
2112
2109
2109
2113
2110
2109
2111
2114
2100
2102
2100
2104
2104
2103
2104
2105
2095
2102
2098
2095
2097
2097
2095
2091
2084
2090
2091
2091
2093
2090
2090
2089
2087
2086
2086
2084
2086
2081
2082
2087
2085
2079
2076
2074
2074
2068
2075
2079
2067
2069
2075
2065
2070
2064
2067
2061
2062
2061
2067
2068
2066
2062
2063
2064
2067
2063
2058
2060
2065
2062
2064
2058
2056
2204
2200
2191
2177
2175
2172
2158
2140
2133
2128
2128
2118
2116
2112
2111
2112
2105
2100
2105
2104
2112
2120
2117
2130
2129
2134
2131
2124
2112
2110
2098
2097
2093
2082
2067
2066
2056
2041
2038
2037
2031
2032
2036
2033
2033
2056
2064
2080
2084
2086
2098
2112
2120
2120
2131
2130
2146
2157
2166
2180
2200
2204
2209
2219
2232
2241
2252
2257
2263
2262
2266
2261
2250
2239
2224
2200
2179
2150
2119
2076
2054
2020
1992
1959
1932
1928
1916
1917
1922
1938
1951
1978
1998
2013
2045
2064
2083
2098
2114
2120
2120
2113
2104
2082
2066
2031
2018
1980
1950
1935
1916
1888
1879
1875
1880
1899
1897
1903
1934
1951
1978
1994
2013
2036
2056
2070
2083
2096
1947
1925
1922
1917
1920
1920
1924
1916
1916
1897
1869
1845
1804
1772
1748
1741
1744
1746
1778
1827
1880
1938
2007
2069
2138
2207
2265
2312
2346
2385
2403
2416
2411
2401
2394
2370
2348
2320
2290
2256
2213
2170
2130
2100
2066
2024
1998
1974
1955
1937
1925
1916
1915
1913
1912
1913
1916
1924
1929
1928
1922
1927
1926
1932
1938
1948
1968
1989
2019
2051
2082
2114
2143
2176
2202
2216
2232
2240
2244
2229
2220
2210
2186
2160
2148
2120
2099
2076
2057
2038
2025
2011
1999
1990
1987
1988
1994
2004
2022
2047
2083
2107
2137
2172
2198
2220
2238
2255
2267
2269
2264
2254
2230
2211
2197
2168
2149
2138
2132
2124
2119
2127
2129
2143
2152
2164
2184
2187
2098
2049
2019
2014
2014
2035
2063
2087
2086
2069
2044
1999
1946
1903
1874
1870
1902
1964
2044
2135
2229
2294
2316
2320
2283
2216
2131
2048
1969
1924
1904
1908
1942
1998
2053
2103
2135
2151
2146
2135
2121
2103
2104
2109
2138
2165
2193
2216
2217
2206
2170
2105
2033
1962
1888
1840
1800
1783
1790
1819
1862
1903
1958
2011
2066
2110
2154
2201
2236
2259
2282
2288
2294
2274
2246
2216
2185
2156
2135
2119
2111
2115
2114
2124
2134
2130
2128
2121
2117
2122
2124
2131
2144
2144
2138
2125
2082
2025
1960
1897
1852
1845
1866
1927
2018
2124
2231
2318
2378
2409
2388
2344
2256
2168
2085
2012
1965
1946
1963
1985
2024
2057
2068
2065
2053
2022
1989
1954
2084
2070
2035
2011
1978
1958
1927
1912
1905
1906
1925
1949
1981
2024
2057
2090
2124
2152
2185
2207
2231
2265
2275
2271
2272
2263
2223
2174
2122
2057
2007
1962
1921
1909
1895
1893
1904
1928
1960
2006
2048
2085
2137
2179
2225
2258
2281
2303
2309
2296
2278
2249
2220
2191
2168
2144
2122
2105
2099
2094
2086
2073
2050
2035
2001
1975
1952
1942
1934
1954
1983
2022
2075
2125
2169
2210
2236
2260
2262
2239
2218
2195
2167
2144
2114
2084
2057
2028
1988
1961
1928
1896
1864
1831
1812
1806
1814
1845
1888
1937
2014
2100
2182
2272
2357
2446
2527
2592
2640
2675
2692
2672
2635
2570
2485
2373
2242
2103
1947
1808
1676
1560
1486
1434
1418
1437
1491
1573
2008
1914
1837
1758
1680
1640
1615
1624
1661
1740
1834
1962
2102
2250
2386
2502
2584
2615
2613
2567
2494
2410
2319
2234
2163
2100
2059
2032
2012
1990
1975
1970
1970
1966
1979
2004
2042
2083
2134
2175
2211
2222
2194
2158
2099
2032
1977
1957
1957
1986
2039
2107
2161
2206
2220
2200
2149
2078
1998
1932
1866
1834
1814
1807
1812
1814
1812
1814
1812
1808
1824
1856
1895
1958
2035
2104
2151
2191
2202
2188
2160
2118
2091
2060
2049
2073
2111
2172
2244
2313
2368
2410
2436
2429
2413
2368
2311
2242
2181
2115
2040
1983
1930
1890
1856
1836
1824
1828
1843
1869
1923
1980
2034
2085
2106
2102
2065
2000
1924
1876
1869
1894
1969
2087
2215
2337
2426
2488
1963
2078
2189
2284
2376
2456
2510
2546
2560
2542
2494
2434
2348
2249
2140
2030
1907
1792
1687
1591
1515
1460
1440
1439
1474
1530
1621
1728
1852
1988
2135
2270
2405
2528
2634
2719
2780
2813
2808
2777
2711
2621
2533
2409
2279
2153
2013
1887
1762
1679
1612
1556
1524
1541
1567
1616
1691
1782
1883
1983
2101
2201
2294
2369
2426
2456
2456
2436
2387
2318
2234
2151
2059
1986
1916
1859
1817
1806
1808
1813
1842
1881
1933
2008
2093
2185
2271
2356
2425
2476
2508
2504
2472
2424
2345
2244
2136
2029
1929
1840
1753
1696
1657
1632
1637
1672
1730
1811
1914
2035
2175
2307
2413
2496
2578
2601
2592
2553
2487
2398
2286
2168
2052
1934
1826
1749
1676
1637
1845
1707
1560
1437
1401
1459
1598
1788
1987
2177
2318
2413
2472
2510
2532
2535
2507
2435
2313
2154
1978
1833
1742
1718
1750
1821
1899
1967
2001
2012
2008
2004
2026
2072
2115
2142
2128
2076
1999
1912
1842
1817
1821
1857
1912
1962
2004
2032
2047
2062
2061
2068
2085
2124
2184
2264
2334
2406
2453
2466
2455
2420
2370
2323
2272
2216
2143
2058
1968
1899
1865
1878
1918
1966
1987
1973
1943
1924
1949
2034
2144
2251
2304
2276
2155
1980
1807
1682
1646
1688
1808
1959
2123
2295
2484
2687
2895
3076
3181
3180
3079
2886
2643
2386
2144
1917
1720
1539
1371
1253
1174
1189
1299
1495
1752
2039
2310
2531
2667
2704
2651
2531
2384
2268
2202
2187
2198
2220
1918
1814
1728
1656
1598
1586
1597
1641
1725
1839
1972
2124
2272
2413
2519
2589
2620
2605
2548
2466
2347
2226
2099
1982
1881
1794
1724
1685
1673
1682
1716
1788
1871
1966
2072
2172
2272
2348
2397
2432
2427
2393
2324
2234
2121
2005
1893
1799
1729
1679
1674
1708
1777
1870
1986
2094
2208
2309
2375
2429
2442
2429
2388
2329
2256
2176
2098
2016
1932
1875
1829
1777
1754
1760
1787
1839
1904
1990
2071
2157
2224
2278
2312
2321
2304
2264
2211
2136
2066
1995
1931
1885
1856
1847
1858
1894
1943
2023
2116
2224
2324
2419
2498
2562
2604
2608
2584
2533
2450
2348
2210
2068
1918
1774
1642
1536
1456
1426
1433
1485
1564
1685
1824
1977
2143
2305
2453
2568
1492
1631
1801
1968
2094
2180
2224
2256
2265
2278
2251
2193
2088
1963
1849
1771
1758
1847
2023
2271
2540
2784
2955
3030
3021
2934
2771
2567
2304
1978
1643
1328
1104
1008
1032
1163
1357
1578
1794
1979
2104
2174
2205
2214
2211
2212
2207
2189
2136
2070
1998
1988
2036
2157
2297
2459
2605
2727
2793
2787
2680
2491
2258
2011
1792
1618
1481
1386
1356
1405
1546
1768
2026
2276
2507
2671
2758
2744
2634
2448
2224
2021
1861
1736
1649
1582
1544
1554
1601
1690
1785
1887
1981
2074
2155
2181
2147
2077
1999
1963
1979
2035
2085
2096
2062
2019
2024
2114
2294
2535
2766
2932
2962
2864
2655
2405
2181
2014
1907
1831
1781
1737
1691
1670
1713
1812
1970
2164
1941
1912
1896
1896
1906
1930
1991
2076
2177
2284
2385
2472
2533
2564
2542
2490
2396
2288
2163
2033
1908
1817
1736
1688
1664
1666
1683
1724
1792
1885
2010
2148
2297
2443
2578
2668
2728
2739
2701
2621
2516
2366
2214
2046
1875
1708
1574
1450
1350
1303
1293
1335
1427
1572
1760
1980
2216
2451
2655
2822
2937
3008
3032
3006
2944
2849
2723
2575
2396
2198
1981
1753
1538
1330
1165
1050
1004
1040
1137
1297
1502
1726
1956
2179
2369
2536
2677
2797
2891
2947
2988
2992
2954
2865
2724
2540
2327
2094
1860
1656
1498
1404
1365
1391
1464
1554
1670
1773
1870
1958
2032
2106
2192
2275
2364
2447
2523
2575
2584
2572
2529
2470
2408
2335
2296
2263
2243
2232
1472
1413
1386
1428
1528
1692
1888
2121
2368
2611
2845
3072
3294
3504
3676
3782
3783
3640
3350
2928
2402
1820
1254
762
365
146
74
150
364
643
966
1285
1591
1891
2174
2450
2730
3003
3228
3394
3456
3379
3185
2891
2540
2215
1953
1767
1671
1648
1657
1678
1708
1753
1839
1977
2170
2410
2646
2830
2945
2953
2841
2671
2426
2158
1897
1697
1525
1417
1309
1219
1155
1110
1121
1185
1307
1452
1615
1764
1895
2041
2234
2502
2862
3256
3622
3888
3985
3880
3608
3231
2858
2546
2352
2286
2269
2269
2214
2079
1856
1588
1332
1088
930
821
762
745
726
726
746
812
914
1076
1299
1580
1909
2281
2672
3042
3378
3644
3816
3876
3822
3647
3394
3066
2257
2366
2447
2486
2488
2458
2393
2329
2248
2192
2126
2074
2020
1944
1870
1781
1698
1634
1593
1584
1604
1658
1748
1836
1926
2000
2069
2097
2115
2134
2143
2166
2205
2248
2292
2325
2367
2384
2407
2415
2433
2460
2485
2521
2533
2530
2519
2451
2382
2282
2162
2063
1984
1913
1872
1836
1822
1788
1756
1731
1708
1673
1660
1687
1738
1823
1941
2087
2213
2326
2398
2431
2430
2392
2335
2277
2211
2154
2092
2048
1996
1955
1921
1892
1886
1901
1934
2022
2143
2288
2470
2669
2851
2997
3111
3152
3122
3048
2915
2726
2512
2286
2068
1843
1618
1424
1249
1106
1002
973
1034
1160
1384
1659
1940
2210
2437
2570
2604
2554
2412
2227
2019
1850
1677
1541
1424
1316
3298
3635
3897
4072
4095
4095
4095
4058
3824
3517
3114
2681
2248
1846
1525
1285
1155
1092
1106
1139
1186
1242
1276
1306
1321
1337
1329
1320
1278
1224
1169
1096
1031
1003
1060
1190
1394
1670
1997
2352
2724
3086
3415
3731
4004
4095
4095
4095
4095
4095
4095
4095
4072
3617
3096
2512
1962
1418
946
520
132
4
1
1
0
4
2
5
116
589
1082
1560
2005
2387
2731
3060
3385
3683
3934
4095
4095
3960
3655
3219
2700
2173
1722
1380
1152
1016
938
896
866
834
838
892
1029
1276
1591
1977
2374
2716
2997
3204
3336
3425
3473
3484
3462
3377
3184
2916
2541
2103
1662
1227
894
618
432
313
248
226
213
272
411
646
1007
1482
