2072
2084
2070
2082
2068
2062
2080
2081
2085
2081
2080
2079
2095
2088
2083
2100
2080
2074
2070
2065
2072
2075
2096
2076
2087
2092
2073
2072
2058
2072
2085
2091
2097
2099
2088
2081
2077
2096
2078
2087
2092
2100
2094
2076
2089
2075
2082
2102
2100
2096
2085
2096
2097
2110
2078
2087
2119
2112
2110
2099
2109
2101
2100
2107
2113
2102
2093
2107
2093
2098
2106
2104
2113
2106
2111
2122
2133
2116
2112
2127
2120
2107
2106
2092
2126
2082
2099
2107
2106
2126
2125
2112
2111
2115
2129
2143
2102
2102
2084
2094
2108
2110
2112
2120
2118
2119
2119
2104
2118
2084
2088
2081
2104
2108
2102
2101
2103
2079
2089
2098
2092
2085
2103
2088
2085
2082
2085
2082
2075
2072
2068
2040
2032
2021
1981
1980
1970
1948
1965
1959
1952
1936
1942
1962
1987
1990
2022
2041
2037
2066
2094
2088
2101
2110
2124
2122
2128
2118
2097
2101
2112
2093
2071
2061
2100
2097
2074
2078
2054
2038
2036
2042
2053
2064
2036
2018
2005
1997
2014
2035
2019
2036
2020
2012
2010
2032
2055
2069
2070
2091
2108
2131
2121
2146
2137
2164
2167
2195
2196
2195
2194
2214
2223
2242
2237
2233
2248
2259
2250
2243
2269
2246
2225
2233
2228
2217
2212
2193
2184
2165
2119
2083
2089
2101
2089
2089
2080
2095
2096
2110
2133
2139
2134
2148
2162
2142
2146
2126
2112
2123
2107
2096
2064
2038
2053
2024
1998
1992
1968
1958
1943
1929
1922
1916
1882
1911
2296
2288
2283
2287
2283
2254
2239
2228
2175
2169
2138
2084
2042
2007
2015
1970
1934
1914
1898
1872
1868
1877
1862
1896
1938
1924
1944
1965
1989
1976
1969
1966
1950
1921
1899
1862
1860
1850
1850
1887
1926
1954
1983
2036
2078
2143
2179
2216
2228
2216
2202
2204
2204
2176
2215
2203
2219
2237
2258
2297
2312
2336
2341
2340
2320
2315
2295
2263
2221
2219
2197
2164
2165
2155
2173
2133
2136
2124
2103
2100
2068
2036
2011
2005
1966
1933
1890
1876
1839
1817
1801
1804
1805
1827
1833
1853
1869
1883
1896
1924
1968
1955
1994
2017
2039
2054
2087
2098
2154
2192
2211
2239
2280
2318
2346
2360
2354
2360
2378
2387
2397
2406
2431
2410
2388
2362
2351
2306
2229
2228
2239
2214
2206
2175
2150
2127
2075
2058
2011
1987
1974
1962
1937
1903
1919
1925
1952
1992
2021
2055
2096
2164
2229
2255
2292
2315
2355
2383
2362
2379
2367
2330
2294
2259
2200
2116
2067
2026
1927
1894
1819
1768
1745
1742
1712
1711
1723
1778
1832
1917
1974
2038
2128
2201
2264
2359
2402
2459
2479
2512
2496
2519
2491
2444
2403
2354
2272
2217
2146
2055
1967
1896
1848
1757
1718
1639
1588
1578
1587
1596
1622
1641
1694
1769
1863
1919
1992
2058
2187
2231
2296
2339
2395
2441
2470
2474
2504
2497
2475
2456
2420
2372
2299
2243
2177
2139
2075
2008
1931
1882
1835
1796
1778
1769
1763
1800
1818
1816
1848
1904
1949
2012
2057
2116
2167
2201
2015
1941
1856
1788
1713
1659
1612
1582
1579
1592
1643
1742
1844
1933
2048
2158
2234
2295
2340
2351
2376
2376
2365
2333
2282
2235
2179
2143
2104
2064
2030
2036
1991
1967
1955
1946
1952
1931
1954
1990
2040
2086
2119
2106
2088
2054
2034
2032
2017
2023
2024
2048
2065
2070
2086
2103
2154
2201
2237
2258
2244
2228
2227
2224
2226
2213
2202
2166
2132
2081
2016
1973
1953
1984
2031
2068
2079
2108
2088
2078
2080
2096
2142
2140
2166
2194
2175
2146
2111
2066
2029
1979
1962
1953
1967
2000
2037
2096
2147
2177
2214
2255
2281
2271
2295
2276
2257
2228
2172
2121
2069
1982
1914
1897
1866
1851
1833
1843
1885
1911
1953
1992
2071
2121
2202
2252
2280
2275
2217
2209
2177
2145
2121
2082
2048
2022
1995
1975
1938
1923
1924
1939
1955
1962
1969
2004
2041
2084
2120
2139
2163
2192
2204
2225
2237
2241
2250
2210
2187
2155
2135
2079
2035
2019
1984
1954
1922
1932
1900
1954
1965
1983
2039
2092
2136
2181
2255
2292
2319
2356
2406
2402
2376
2349
2320
2259
2204
2142
2096
2040
1992
1884
1814
1772
1742
1709
1707
1717
1730
1748
1800
1872
1952
2036
2140
2217
2296
2392
2480
2519
2577
2582
2582
2568
2541
2473
2436
2343
2247
2138
2058
1962
1849
1757
1670
1624
1592
1577
1544
1552
1586
1621
1700
1782
1872
1948
2071
2164
2257
2327
2437
2469
2507
2521
2525
2514
2512
2443
2389
2306
2256
2170
2094
2032
1965
1929
1970
1989
1970
1957
1941
1944
1948
1953
1986
2038
2084
2126
2199
2241
2282
2310
2311
2326
2272
2233
2207
2154
2101
2041
2016
1997
1984
2020
2051
2066
2112
2169
2203
2194
2196
2152
2093
2008
1929
1848
1734
1666
1649
1618
1622
1654
1758
1835
1939
2056
2167
2289
2353
2451
2483
2486
2487
2471
2420
2364
2306
2268
2191
2137
2093
2095
2057
2043
1995
1989
1932
1887
1822
1768
1711
1688
1659
1683
1694
1771
1874
2005
2163
2295
2447
2568
2655
2727
2739
2724
2686
2604
2537
2405
2309
2212
2120
2037
1991
1904
1886
1837
1827
1824
1812
1802
1803
1808
1813
1823
1860
1925
1989
2052
2135
2224
2296
2359
2400
2477
2502
2536
2550
2530
2495
2465
2413
2358
2524
2588
2646
2679
2687
2698
2658
2612
2531
2375
2222
2038
1908
1791
1716
1669
1674
1663
1719
1798
1862
1936
2060
2191
2281
2354
2452
2529
2512
2512
2478
2374
2254
2144
2008
1863
1734
1620
1538
1505
1507
1554
1609
1703
1816
1931
2071
2200
2301
2414
2493
2568
2629
2655
2661
2640
2594
2539
2469
2352
2236
2109
1996
1885
1781
1690
1621
1560
1535
1526
1570
1628
1700
1790
1897
1983
2060
2114
2189
2213
2187
2220
2255
2245
2261
2279
2296
2290
2273
2272
2243
2233
2217
2194
2164
2136
2090
2065
2028
2052
2029
2053
2072
2124
2176
2252
2287
2340
2363
2345
2347
2263
2197
2117
2045
1980
1910
1831
1817
1797
1807
1828
1834
1863
1885
1904
1921
1942
1823
1823
1843
1921
1985
2107
2198
2273
2329
2387
2425
2406
2385
2314
2212
2118
1978
1877
1754
1658
1633
1617
1655
1732
1830
1928
2037
2170
2275
2410
2473
2521
2530
2523
2481
2421
2326
2272
2204
2090
2052
2007
1977
1968
1949
1934
1925
1901
1876
1866
1820
1821
1814
1838
1898
1984
2082
2208
2309
2426
2518
2621
2681
2705
2709
2659
2579
2460
2325
2160
2003
1834
1713
1586
1486
1404
1385
1426
1462
1511
1621
1732
1824
1954
2066
2171
2265
2313
2344
2369
2367
2400
2406
2411
2405
2407
2421
2385
2381
2341
2291
2242
2198
2131
2059
1989
1938
1900
1848
1801
1813
1834
1875
1924
1969
2034
2094
2116
2176
2200
2224
2229
2249
2221
2205
2169
2097
2061
2614
2588
2497
2378
2241
2063
1903
1825
1744
1666
1616
1541
1519
1525
1542
1615
1705
1863
1978
2090
2210
2286
2383
2459
2528
2588
2663
2683
2685
2706
2711
2714
2688
2567
2397
2170
1936
1683
1483
1372
1309
1353
1400
1480
1524
1561
1580
1610
1669
1777
1885
2054
2193
2358
2497
2621
2681
2709
2725
2675
2606
2493
2389
2263
2154
2064
1997
1960
1936
1924
1917
1901
1854
1832
1807
1816
1813
1808
1835
1871
1926
1987
2077
2170
2246
2320
2367
2393
2378
2339
2242
2184
2124
2045
2019
1981
1941
1913
1874
1855
1870
1925
2014
2142
2261
2357
2388
2385
2329
2268
2183
2117
2119
2126
2180
2180
2155
2093
2004
1889
1813
1797
1803
1828
1903
1941
1999
2016
2110
2063
2030
2019
1969
1922
1864
1848
1792
1777
1772
1781
1800
1851
1963
2056
2196
2340
2479
2619
2737
2811
2830
2842
2840
2754
2635
2473
2291
2075
1844
1622
1399
1228
1098
1003
970
1001
1113
1245
1428
1659
1934
2217
2496
2747
2947
3133
3257
3313
3300
3238
3071
2913
2704
2465
2193
1946
1742
1524
1362
1256
1157
1118
1157
1247
1364
1484
1652
1828
2015
2203
2390
2565
2677
2781
2851
2865
2856
2797
2722
2607
2457
2351
2215
2084
2006
1905
1821
1744
1699
1633
1606
1595
1608
1636
1688
1767
1820
1898
1973
2038
2108
2149
2166
2176
2176
2187
2169
2153
2127
2112
2104
2098
2056
2077
2049
2027
2021
2024
2042
2057
2091
2115
2157
2208
2233
2303
2226
2388
2559
2712
2814
2920
3004
3042
3096
3080
3049
2977
2884
2771
2634
2492
2344
2188
2014
1794
1542
1296
1049
921
856
881
964
1142
1350
1570
1829
2065
2349
2599
2788
2935
3008
2972
2887
2752
2636
2480
2378
2263
2138
2003
1883
1712
1554
1425
1356
1351
1385
1440
1486
1530
1566
1613
1679
1814
2042
2346
2649
2915
3089
3115
3040
2887
2704
2512
2330
2211
2096
1978
1855
1682
1549
1383
1300
1336
1399
1549
1747
1981
2237
2466
2603
2704
2747
2766
2768
2810
2794
2846
2847
2845
2793
2714
2619
2506
2368
2256
2131
1921
1685
1490
1258
1116
1053
1084
1194
1306
1434
1536
1646
1784
1922
2097
2267
2416
2511
2584
2606
2576
2547
2517
2489
2432
2003
2108
2228
2358
2481
2592
2639
2696
2699
2710
2666
2614
2520
2404
2274
2164
2048
1953
1893
1819
1744
1683
1630
1590
1586
1571
1589
1594
1641
1724
1816
1945
2028
2109
2204
2302
2383
2450
2455
2487
2497
2465
2426
2372
2274
2178
2042
1938
1830
1744
1689
1666
1682
1727
1799
1940
2041
2169
2273
2388
2477
2552
2602
2581
2558
2486
2399
2292
2196
2072
1923
1820
1739
1681
1627
1642
1672
1742
1837
1973
2096
2257
2405
2538
2630
2687
2716
2711
2646
2553
2424
2245
2069
1894
1717
1567
1467
1386
1343
1366
1418
1499
1636
1753
1889
2009
2148
2314
2443
2558
2640
2691
2745
2766
2724
2666
2592
2499
2384
2289
2184
2060
1957
1878
1818
1730
1665
1627
1891
1523
1180
921
759
722
767
825
912
1016
1137
1250
1453
1706
1936
2182
2348
2466
2491
2474
2396
2356
2315
2252
2257
2216
2205
2180
2180
2222
2330
2451
2581
2725
2786
2764
2696
2515
2349
2212
2115
2027
1920
1763
1566
1305
1033
802
704
721
876
1175
1493
1813
2094
2351
2570
2755
2965
3202
3421
3577
3645
3604
3440
3180
2855
2528
2209
1891
1594
1324
1060
856
703
643
645
782
990
1229
1511
1833
2089
2379
2646
2913
3184
3419
3587
3644
3585
3448
3225
2935
2628
2269
1948
1649
1381
1167
1017
863
776
761
809
882
1016
1192
1341
1564
1766
2055
2318
2568
2782
2947
3036
3083
3093
3104
3080
3080
3035
2990
2913
2800
2612
2410
1018
891
816
759
758
871
1012
1202
1422
1641
1912
2174
2442
2663
2840
3012
3085
3160
3187
3176
3112
3031
2920
2810
2667
2465
2282
2105
1893
1682
1498
1323
1237
1128
1101
1147
1230
1388
1560
1780
2048
2288
2539
2767
2980
3118
3255
3298
3305
3264
3186
3040
2883
2687
2470
2222
1962
1689
1478
1227
1031
863
733
645
605
631
720
870
1085
1346
1614
1945
2264
2575
2888
3123
3337
3521
3616
3650
3637
3574
3436
3243
3033
2751
2465
2159
1868
1589
1288
1065
868
714
602
559
583
672
771
926
1164
1429
1680
1980
2272
2521
2766
2928
3088
3180
3253
3238
3202
3098
2964
2769
2568
2309
2078
1798
1538
1323
1107
971
879
838
865
957
