2100
2101
2101
2103
2102
2104
2106
2104
2096
2102
2102
2100
2098
2103
2096
2103
2103
2103
2106
2099
2107
2104
2105
2106
2106
2107
2102
2103
2109
2104
2106
2108
2110
2108
2108
2111
2107
2109
2107
2112
2113
2113
2111
2112
2112
2112
2105
2104
2105
2108
2101
2102
2105
2111
2104
2104
2102
2108
2112
2114
2115
2115
2117
2113
2117
2121
2126
2124
2120
2118
2124
2127
2130
2129
2123
2123
2118
2121
2124
2124
2120
2122
2117
2121
2119
2120
2117
2112
2116
2116
2122
2117
2121
2117
2116
2122
2124
2118
2121
2125
2115
2114
2110
2110
2117
2120
2118
2124
2118
2124
2114
2113
2120
2123
2125
2120
2126
2117
2126
2122
2118
2118
2126
2119
2121
2126
2122
2118
2091
2086
2080
2084
2087
2088
2089
2092
2086
2083
2083
2086
2091
2084
2088
2085
2083
2081
2090
2086
2082
2083
2082
2086
2088
2087
2087
2082
2085
2088
2091
2094
2088
2089
2091
2092
2091
2096
2090
2085
2090
2090
2086
2094
2095
2092
2098
2096
2094
2088
2093
2092
2089
2090
2092
2088
2095
2096
2099
2095
2098
2106
2102
2099
2102
2102
2103
2099
2094
2096
2090
2092
2096
2097
2098
2099
2095
2101
2096
2100
2098
2095
2090
2091
2088
2084
2095
2094
2094
2099
2092
2090
2092
2096
2087
2090
2096
2091
2093
2101
2088
2095
2094
2101
2096
2096
2098
2093
2091
2093
2093
2094
2097
2092
2099
2099
2099
2097
2098
2098
2100
2094
2095
2102
2101
2100
2090
2084
2134
2131
2132
2128
2131
2135
2135
2129
2136
2137
2142
2137
2137
2134
2134
2135
2139
2137
2136
2137
2137
2134
2138
2128
2137
2129
2135
2129
2128
2134
2129
2129
2130
2125
2125
2128
2128
2131
2130
2126
2126
2124
2137
2131
2125
2131
2136
2129
2126
2127
2121
2125
2117
2125
2121
2118
2117
2114
2114
2118
2112
2117
2114
2119
2110
2108
2111
2107
2102
2104
2104
2107
2103
2099
2097
2092
2090
2083
2090
2088
2090
2093
2090
2095
2097
2091
2091
2097
2101
2093
2088
2090
2090
2090
2089
2084
2082
2073
2082
2081
2083
2081
2079
2072
2074
2076
2078
2065
2067
2061
2067
2060
2062
2051
2047
2053
2048
2044
2042
2039
2034
2043
2046
2041
2049
2042
2058
2053
2128
2120
2135
2130
2145
2143
2145
2143
2137
2119
2114
2105
2095
2084
2094
2077
2084
2078
2086
2088
2058
2058
2035
2020
1998
1989
1973
1968
1964
1959
1965
1960
1957
1949
1932
1918
1896
1871
1839
1831
1810
1824
1818
1831
1850
1849
1872
1886
1890
1875
1880
1875
1872
1870
1860
1871
1869
1885
1890
1920
1946
1950
1960
1980
2000
2027
2063
2088
2130
2160
2185
2212
2232
2251
2262
2267
2268
2273
2278
2309
2332
2340
2349
2361
2355
2328
2292
2271
2237
2219
2200
2196
2205
2216
2231
2252
2270
2270
2278
2263
2252
2238
2230
2205
2218
2208
2221
2214
2228
2223
2219
2216
2216
2198
2186
2164
2158
2132
2116
2103
2079
2071
2057
2072
2068
2082
2096
2110
2168
2100
2038
1951
1906
1858
1823
1816
1822
1858
1874
1911
1984
2047
2110
2192
2250
2325
2386
2442
2484
2520
2542
2538
2512
2491
2419
2351
2271
2173
2084
1985
1900
1795
1718
1658
1621
1587
1563
1597
1608
1650
1701
1765
1833
1915
1988
2055
2128
2184
2243
2278
2325
2351
2370
2376
2363
2351
2332
2296
2265
2228
2183
2136
2072
2044
2038
2027
2017
1999
1992
1998
2005
2014
2014
2022
2047
2040
2050
2054
2043
2047
2038
2046
2047
2056
2079
2077
2059
2070
2090
2116
2138
2137
2147
2134
2148
2135
2145
2131
2102
2080
2064
2039
2012
1968
1952
1924
1911
1890
1860
1861
1859
1855
1874
1892
1914
1933
1959
1993
2031
2060
2126
2161
2196
2239
2296
2333
1439
1389
1352
1401
1502
1619
1752
1883
1981
2033
2065
2058
2016
1988
1907
1903
1882
1888
1923
1967
2034
2098
2147
2215
2258
2310
2349
2384
2417
2422
2413
2348
2288
2199
2061
1958
1844
1789
1754
1757
1799
1853
1901
1954
2020
2079
2161
2224
2306
2387
2459
2516
2536
2512
2456
2377
2284
2216
2147
2108
2128
2143
2158
2160
2138
2119
2064
1996
1908
1844
1769
1694
1634
1601
1597
1609
1660
1784
1942
2125
2296
2473
2624
2743
2824
2867
2918
2928
2922
2864
2786
2658
2494
2305
2136
1987
1872
1800
1769
1728
1736
1752
1744
1715
1689
1676
1686
1696
1736
1776
1812
1849
1852
1877
1884
1916
1954
2022
2119
2192
2300
2409
2495
2549
2597
2584
2520
2429
1174
1148
1198
1299
1456
1650
1878
2102
2333
2521
2685
2797
2867
2879
2833
2753
2626
2462
2289
2092
1919
1758
1630
1545
1494
1492
1525
1605
1717
1856
2006
2163
2314
2442
2554
2624
2666
2677
2658
2592
2510
2398
2302
2186
2050
1946
1843
1756
1692
1665
1642
1644
1679
1719
1762
1809
1850
1888
1914
1949
1975
2001
2048
2098
2174
2259
2360
2442
2540
2620
2696
2732
2739
2706
2634
2531
2388
2218
2009
1782
1564
1372
1216
1086
1019
1013
1085
1226
1416
1653
1930
2213
2487
2743
2955
3097
3181
3200
3141
3021
2857
2645
2402
2151
1913
1693
1520
1372
1297
1276
1328
1415
1554
1718
1899
2092
2268
2402
2521
2600
2627
2602
2547
2469
2362
2248
2144
2063
2095
2169
2250
2345
2427
2494
2550
2576
2584
2538
2493
2416
2302
2202
2094
1945
1800
1673
1531
1415
1330
1259
1248
1285
1368
1507
1693
1892
2086
2273
2436
2538
2594
2586
2536
2449
2322
2198
2080
1979
1913
1876
1880
1900
1948
1998
2060
2109
2145
2186
2212
2251
2294
2356
2408
2456
2504
2528
2507
2468
2390
2288
2164
2019
1894
1785
1708
1680
1703
1808
1944
2129
2317
2511
2676
2785
2827
2825
2753
2622
2456
2260
2091
1911
1799
1684
1626
1602
1608
1655
1699
1763
1846
1926
1997
2065
2107
2157
2201
2219
2265
2302
2356
2394
2421
2424
2397
2352
2253
2128
1986
1819
1672
1524
1407
1349
1339
1391
1525
1696
1922
2162
2368
2537
2640
2671
2640
2527
1907
2085
2282
2481
2693
2880
3048
3162
3183
3111
2944
2702
2453
2216
2024
1887
1774
1677
1603
1551
1507
1492
1534
1617
1744
1939
2151
2383
2593
2764
2885
2958
2928
2840
2666
2439
2145
1858
1578
1355
1226
1186
1256
1395
1538
1725
1886
2014
2157
2277
2376
2495
2620
2693
2736
2710
2611
2407
2172
1930
1676
1513
1393
1394
1471
1595
1702
1827
1947
1995
2012
2029
2047
2106
2175
2278
2386
2496
2566
2613
2607
2580
2515
2453
2378
2256
2189
2149
2062
1998
1934
1880
1820
1761
1697
1704
1730
1800
1868
1974
2100
2215
2296
2375
2408
2392
2373
2318
2265
2200
2146
2110
2080
2068
2108
2138
2210
2264
2358
2411
2457
2464
2440
2363
2241
2098
1922
1775
1445
1313
1278
1288
1381
1443
1541
1600
1632
1668
1692
1735
1825
1944
2096
2293
2502
2702
2906
3050
3129
3122
3022
2851
2627
2348
2070
1776
1518
1324
1252
1244
1338
1513
1713
1928
2066
2151
2164
2124
2042
1952
1882
1815
1813
1874
1999
2142
2311
2492
2600
2684
2709
2666
2573
2450
2299
2149
1982
1876
1779
1773
1816
1882
1998
2080
2190
2227
2195
2114
2018
1820
1639
1466
1373
1383
1464
1602
1828
2061
2305
2524
2652
2742
2726
2643
2494
2322
2132
1938
1800
1704
1699
1782
1915
2106
2281
2411
2463
2393
2238
2008
1760
1544
1412
1375
1503
1732
2041
2374
2627
2800
2807
2712
2525
2254
1992
1803
1676
1664
1714
1843
2018
2203
2331
2429
2497
2498
2397
2389
2320
2217
2142
2083
2059
2028
2044
2056
2066
2030
1957
1882
1786
1720
1760
1842
1976
2120
2211
2235
2252
2146
2064
2007
1940
1948
2060
2204
2342
2421
2448
2371
2286
2145
1958
1875
1878
1869
1968
2051
2103
2133
2079
1966
1831
1736
1690
1702
1821
1992
2169
2365
2555
2633
2658
2628
2575
2532
2432
2412
2387
2420
2383
2339
2282
2152
2002
1825
1641
1488
1336
1290
1290
1336
1460
1672
1814
1968
2155
2318
2420
2528
2618
2688
2755
2794
2808
2794
2785
2748
2630
2522
2364
2134
1880
1633
1406
1221
1077
1034
1025
1106
1250
1474
1720
1992
2266
2475
2685
2832
2920
2994
3012
3030
2997
2930
2892
2785
2648
2449
2247
2040
1785
1488
1277
1095
1876
2069
2256
2475
2611
2695
2726
2634
2510
2322
2096
1821
1575
1368
1233
1172
1264
1421
1686
1974
2322
2620
2824
2962
2980
2857
2690
2457
2190
1934
1713
1588
1499
1547
1656
1814
1993
2172
2329
2424
2469
2439
2346
2201
2013
1848
1721
1671
1683
1782
1920
2097
2274
2419
2515
2578
2568
2454
2319
2108
1895
1671
1504
1400
1380
1440
1538
1664
1824
1964
2067
2108
2100
2083
1976
1894
1833
1852
1896
2026
2226
2406
2575
2707
2799
2815
2760
2660
2494
2321
2060
1902
1735
1602
1554
1554
1607
1693
1824
1971
2120
2214
2305
2362
2380
2376
2391
2400
2433
2474
2578
2663
2760
2862
2981
3044
3087
3052
2973
2794
2542
2212
1851
1476
1128
830
601
493
1732
1774
1805
1841
1918
2018
2138
2242
2289
2347
2360
2384
2422
2459
2486
2539
2575
2488
2292
2034
1720
1429
1172
988
891
906
1016
1190
1485
1779
2112
2406
2686
2890
3076
3164
3203
3196
3150
3034
2902
2748
2525
2300
2082
1864
1696
1588
1504
1494
1553
1607
1698
1780
1821
1834
1817
1770
1717
1668
1645
1624
1682
1793
1889
1963
2064
2101
2078
2072
2035
1972
1907
1914
1927
2022
2145
2273
2422
2582
2712
2864
2952
2995
3001
2936
2832
2671
2503
2274
2063
1814
1618
1454
1283
1174
1112
1073
1099
1225
1411
1621
1849
2110
2387
2566
2716
2769
2786
2682
2552
2383
2224
2020
1822
1697
1624
1592
1618
1692
1813
1986
2214
2430
2648
2834
2944
3016
3169
2803
2363
1896
1490
1136
807
626
552
572
709
936
1216
1545
1939
2316
2655
2951
3135
3185
3183
3054
2882
2636
2393
2163
1970
1814
1722
1664
1657
1734
1832
1924
2052
2162
2260
2297
2264
2200
2043
1814
1534
1251
1015
842
727
697
772
1008
1334
1767
2286
2853
3374
3870
4095
4095
4095
4095
4082
3604
3031
2396
1736
1105
585
185
1
1
96
423
914
1444
2038
2568
3040
3381
3570
3612
3494
3229
2853
2396
1939
1433
1060
821
752
878
1184
1640
2144
2673
3086
3398
3549
3557
3408
3159
2877
2582
2302
2045
1842
1666
1604
1603
1664
1790
1930
2050
2105
2139
2126
2047
1917
1773
1596
1439
1312
1305
1351
1491
1708
1968
2261
2570
3105
2871
2573
2266
1931
1647
1382
1174
1007
881
817
776
767
807
887
1035
1235
1469
1763
2042
2363
2593
2807
2990
3153
3241
3314
3347
3321
3270
3172
3084
2906
2720
2464
2216
1946
1745
1564
1435
1377
1384
1426
1479
1576
1667
1750
1809
1878
1898
1904
1892
1879
1859
1811
1775
1700
1640
1616
1605
1636
1740
1901
2120
2322
2506
2674
2806
2913
3021
3132
3220
3274
3325
3335
3230
3043
2755
2386
1954
1518
1110
771
541
376
311
321
364
425
553
726
940
1228
1586
1972
2427
2867
3272
3637
3936
4095
4095
4095
4095
4095
4080
3882
3644
3336
2997
2623
2253
1890
1597
1356
1160
1020
913
802
727
692
685
709
761
874
1008
1166
1344
