2099
2088
2094
2092
2096
2081
2080
2088
2094
2099
2076
2080
2086
2102
2076
2086
2083
2080
2082
2110
2099
2100
2096
2098
2094
2086
2081
2084
2074
2086
2096
2085
2087
2092
2089
2102
2077
2078
2090
2088
2078
2066
2069
2093
2097
2107
2081
2077
2083
2082
2085
2096
2097
2106
2098
2087
2063
2083
2081
2082
2081
2077
2083
2092
2092
2096
2082
2102
2079
2096
2097
2115
2097
2097
2082
2075
2087
2085
2074
2085
2087
2094
2098
2076
2075
2089
2086
2087
2090
2079
2094
2093
2094
2089
2090
2085
2087
2088
2067
2088
2086
2090
2104
2087
2094
2098
2091
2081
2098
2100
2090
2093
2086
2093
2082
2104
2100
2104
2095
2115
2109
2100
2088
2091
2085
2082
2104
2086
2100
2089
2077
2088
2089
2078
2085
2084
2093
2108
2100
2088
2098
2094
2085
2082
2098
2085
2101
2111
2122
2101
2123
2101
2113
2125
2120
2092
2091
2094
2087
2102
2115
2090
2086
2098
2103
2091
2115
2091
2090
2107
2097
2094
2082
2092
2097
2100
2103
2090
2104
2109
2095
2083
2106
2104
2113
2123
2120
2132
2116
2110
2120
2110
2122
2130
2121
2126
2124
2119
2107
2111
2113
2127
2113
2124
2142
2113
2127
2128
2113
2129
2117
2108
2112
2117
2111
2104
2103
2101
2114
2124
2101
2100
2111
2123
2105
2120
2107
2113
2107
2116
2106
2105
2099
2099
2104
2093
2114
2112
2108
2112
2108
2104
2107
2124
2127
2112
2092
2113
2104
2096
2089
2084
2090
2081
2080
2080
2166
2168
2177
2189
2190
2187
2166
2177
2184
2196
2193
2180
2191
2189
2170
2180
2185
2194
2205
2206
2197
2189
2178
2194
2189
2198
2207
2175
2175
2160
2165
2148
2144
2154
2140
2146
2135
2123
2144
2142
2145
2114
2103
2101
2119
2100
2108
2104
2110
2088
2080
2085
2088
2072
2104
2111
2090
2075
2087
2078
2071
2095
2095
2078
2056
2061
2065
2079
2088
2070
2104
2093
2075
2088
2062
2090
2091
2082
2088
2068
2073
2068
2069
2082
2071
2088
2068
2067
2054
2062
2068
2058
2061
2060
2034
2038
2043
2035
2027
2012
2012
2021
2025
2002
1994
1993
2001
2013
2015
1993
1990
1983
1995
2008
1993
2010
2007
1985
2000
1993
2005
2024
2024
2025
2022
2039
2043
2055
2337
2319
2310
2323
2289
2286
2263
2224
2223
2221
2224
2218
2262
2269
2286
2286
2303
2292
2290
2256
2254
2219
2168
2139
2115
2109
2105
2099
2102
2110
2126
2101
2111
2129
2133
2133
2129
2125
2113
2096
2099
2075
2061
2038
2030
2033
2048
2045
2053
2061
2056
2030
2025
2009
2015
2004
1981
1955
1940
1928
1920
1927
1922
1945
1970
1978
1996
2009
1991
2017
2012
2014
2017
2002
2003
2014
2006
2018
2025
2035
2031
2056
2075
2072
2082
2080
2104
2126
2136
2130
2125
2133
2132
2143
2160
2169
2177
2197
2181
2182
2172
2176
2195
2192
2194
2181
2178
2159
2157
2150
2099
2096
2097
2096
2094
2123
2125
2135
2128
2152
2138
2164
2159
2140
2125
2099
2083
2042
1997
2000
2005
1966
1984
2028
2032
2046
2059
2086
2112
2159
2199
2196
2243
2284
2316
2334
2324
2334
2330
2353
2335
2312
2284
2248
2211
2152
2092
2042
2001
1971
1900
1855
1816
1776
1748
1712
1706
1717
1735
1779
1779
1837
1889
1965
2055
2121
2170
2241
2305
2365
2410
2420
2439
2457
2449
2448
2429
2396
2372
2338
2293
2227
2201
2156
2104
2060
2016
1997
1961
1930
1907
1868
1853
1859
1863
1887
1885
1905
1904
1912
1930
1943
1952
1976
1978
1993
2022
2019
2043
2047
2057
2094
2123
2124
2132
2153
2161
2162
2173
2204
2206
2204
2190
2185
2201
2166
2165
2142
2143
2120
2116
2091
2087
2090
2111
2124
2119
2127
2145
2166
2191
2190
2201
2231
2241
2258
2124
2044
1968
1901
1860
1860
1904
1967
2018
2101
2160
2184
2158
2112
2058
2050
2028
2025
2035
2033
2029
1987
1968
1927
1950
2011
2088
2191
2255
2274
2261
2237
2201
2170
2169
2175
2226
2237
2238
2162
2102
2034
2018
2032
2054
2122
2154
2144
2125
2104
2058
2026
1992
1970
1995
1967
1931
1897
1871
1854
1860
1891
1933
1979
2063
2123
2171
2181
2178
2218
2226
2247
2286
2336
2348
2322
2267
2178
2046
1900
1769
1721
1718
1756
1811
1864
1904
1903
1926
1983
2039
2135
2235
2320
2375
2359
2334
2224
2139
2064
2037
2021
2036
2092
2115
2123
2134
2127
2136
2168
2198
2203
2217
2179
2132
2052
1946
1860
1789
1759
1760
1772
1800
1834
1890
1945
2013
2078
2536
2515
2484
2407
2340
2253
2177
2072
1970
1885
1830
1757
1729
1706
1699
1716
1737
1821
1889
1952
2027
2087
2148
2210
2249
2253
2265
2248
2235
2177
2101
2036
1982
1906
1853
1840
1825
1820
1849
1882
1962
2033
2163
2257
2357
2449
2504
2573
2614
2640
2620
2579
2495
2388
2284
2141
1998
1848
1706
1586
1505
1435
1401
1406
1445
1529
1610
1723
1870
2019
2194
2350
2489
2618
2656
2735
2747
2731
2693
2594
2521
2367
2235
2090
1954
1844
1755
1706
1678
1659
1688
1754
1807
1890
2004
2099
2152
2240
2273
2329
2335
2301
2295
2262
2215
2144
2074
2003
1965
1917
1889
1876
1862
1897
1945
1986
2062
2108
2184
2271
2337
2390
2439
2440
2439
2423
2364
2283
2344
2282
2185
2068
1931
1789
1671
1584
1520
1497
1552
1611
1688
1789
1892
2023
2177
2322
2469
2604
2680
2704
2623
2504
2356
2221
2088
1991
1959
1997
2070
2129
2177
2186
2175
2117
2106
2091
2120
2120
2127
2086
2016
1906
1809
1721
1613
1603
1646
1716
1807
1943
2058
2160
2274
2363
2432
2480
2502
2500
2492
2411
2347
2259
2173
2100
2090
2106
2148
2222
2284
2324
2382
2384
2332
2319
2243
2118
1969
1815
1660
1530
1479
1497
1543
1646
1772
1916
2050
2176
2258
2358
2384
2379
2324
2252
2201
2136
2040
1968
1924
1922
1933
1997
2061
2135
2196
2254
2328
2392
2454
2488
2516
2514
2457
2344
2232
2097
1991
1891
1805
1758
1757
1763
1817
1913
2011
2098
2335
2462
2542
2634
2702
2745
2738
2731
2685
2610
2528
2425
2290
2164
2035
1917
1788
1692
1611
1568
1532
1517
1544
1616
1678
1788
1897
2001
2134
2203
2291
2346
2404
2473
2480
2465
2453
2418
2373
2325
2273
2223
2151
2088
2045
1999
1988
1958
1973
1992
2023
2052
2065
2083
2076
2083
2051
2020
1987
1935
1896
1889
1874
1844
1846
1875
1902
1952
2007
2057
2135
2189
2280
2359
2409
2461
2490
2483
2449
2404
2306
2229
2107
1980
1867
1741
1631
1559
1505
1456
1493
1520
1587
1682
1836
1981
2119
2255
2385
2469
2567
2626
2664
2663
2639
2590
2513
2435
2331
2224
2148
2022
1936
1867
1829
1801
1800
1821
1852
1935
2004
2078
2136
2191
2233
2287
2291
2288
1361
1369
1448
1611
1792
2000
2189
2298
2348
2384
2424
2439
2399
2368
2329
2300
2298
2324
2388
2446
2501
2514
2515
2489
2441
2363
2227
2080
1887
1662
1441
1260
1113
1088
1150
1269
1440
1683
1948
2220
2509
2748
2927
2968
2924
2804
2646
2488
2324
2220
2093
1952
1845
1760
1750
1776
1919
2056
2161
2214
2229
2167
2087
2037
1998
1944
1887
1768
1672
1587
1600
1658
1789
1956
2162
2376
2570
2718
2834
2848
2857
2814
2718
2632
2451
2271
2048
1798
1616
1481
1467
1526
1601
1710
1798
1887
1981
2120
2261
2394
2442
2361
2287
2212
2178
2200
2266
2314
2303
2266
2183
2130
2131
2143
2194
2241
2283
2296
2283
2280
2268
2277
2252
2210
2134
1992
1861
1700
2198
2133
2070
2031
1996
1950
1911
1917
1967
2016
2061
2107
2192
2254
2318
2348
2340
2317
2295
2224
2138
2065
1982
1936
1869
1825
1808
1793
1817
1824
1866
1922
1985
2078
2187
2264
2352
2399
2454
2443
2405
2311
2215
2083
1957
1833
1731
1619
1561
1542
1561
1598
1712
1839
1975
2130
2288
2444
2562
2645
2679
2663
2602
2523
2417
2273
2125
2026
1876
1780
1709
1686
1684
1686
1730
1807
1875
1959
2072
2182
2280
2386
2481
2501
2506
2493
2452
2388
2293
2210
2110
2029
1981
1940
1909
1959
1983
2020
2071
2113
2163
2196
2198
2222
2189
2156
2139
2104
2054
2020
2005
1980
1975
1974
1992
2019
2024
2039
2007
1982
1928
1886
1821
1775
1758
1738
1745
1788
2256
2431
2555
2592
2570
2448
2307
2199
2176
2175
2178
2126
2006
1859
1666
1547
1465
1484
1550
1655
1770
1890
1987
2108
2230
2324
2407
2461
2462
2419
2336
2192
2033
1914
1844
1877
1913
2008
2085
2098
2070
2012
1956
1993
2096
2201
2271
2302
2260
2180
2081
2036
2027
2047
2066
2028
1966
1915
1904
1928
2003
2109
2207
2302
2358
2368
2404
2442
2402
2396
2354
2271
2197
2154
2090
2075
2038
1999
1996
2046
2064
2069
2074
2038
1974
1919
1886
1917
1960
1985
1983
1898
1771
1659
1627
1692
1789
1869
1925
1950
1999
2135
2324
2549
2781
2911
2972
2968
2967
2962
2900
2816
2660
2481
2264
2015
1765
1528
1271
1024
793
674
655
713
847
978
1181
1360
2143
2296
2440
2605
2736
2849
2906
2862
2745
2527
2247
1954
1615
1317
1043
847
747
723
778
898
1120
1390
1719
2058
2424
2799
3126
3343
3494
3530
3445
3286
3055
2736
2437
2097
1845
1634
1514
1432
1419
1458
1489
1599
1725
1844
1969
2078
2173
2237
2266
2247
2262
2229
2200
2161
2160
2171
2234
2315
2372
2429
2481
2460
2384
2274
2142
1971
1834
1695
1584
1495
1431
1408
1417
1477
1549
1667
1824
1979
2130
2262
2361
2436
2488
2503
2489
2489
2442
2400
2368
2326
2301
2275
2251
2202
2170
2122
2100
2084
2069
2082
2066
2033
1993
1948
1916
1843
1806
1787
1777
1762
1774
1796
1838
1894
1961
2061
2198
2336
2507
2687
2826
2961
3070
3133
3112
2997
959
949
949
1006
1124
1337
1600
1902
2205
2446
2610
2777
2951
3100
3292
3476
3550
3544
3414
3167
2860
2604
2399
2273
2203
2097
1933
1688
1396
1085
850
680
662
746
932
1113
1333
1561
1768
1987
2276
2538
2792
3001
3161
3269
3302
3240
3064
2824
2563
2264
2032
1896
1829
1824
1776
1620
1430
1151
888
745
704
819
1018
1274
1525
1713
1842
1952
2116
2343
2586
2861
3052
3127
3082
2923
2680
2464
2300
2224
2192
2213
2183
2080
1932
1666
1426
1214
1091
1054
1133
1303
1514
1722
1886
2057
2191
2370
2605
2844
3054
3196
3313
3338
3286
3195
3032
2880
2688
2480
2233
1951
1682
1478
1304
1176
1131
1071
1023
936
846
838
912
1085
1408
1780
1662
1737
1829
1975
2100
2258
2392
2506
2576
2589
2531
2400
2213
2044
1877
1760
1665
1646
1624
1686
1784
1880
1985
2121
2259
2366
2462
2462
2446
2409
2304
2192
2098
1999
1899
1822
1789
1741
1721
1727
1752
1770
1844
1915
2038
2087
2164
2196
2214
2236
2205
2199
2195
2215
2277
2350
2432
2516
2575
2588
2514
2354
2189
2021
1873
1715
1615
1550
1533
1554
1639
1718
1864
1977
2169
2375
2544
2713
2853
2926
2948
2870
2714
2511
2228
1930
1649
1419
1259
1222
1251
1380
1554
1780
1973
2183
2321
2370
2386
2360
2307
2232
2179
2128
2120
2093
2137
2171
2171
2140
2082
2068
2049
2023
2056
2096
2160
2225
2271
2272
2262
2179
2094
2002
1955
1910
1925
1974
