2108
2102
2101
2106
2112
2104
2103
2093
2092
2097
2109
2099
2104
2092
2088
2080
2090
2093
2102
2095
2104
2120
2105
2106
2104
2096
2093
2108
2100
2095
2093
2086
2097
2104
2102
2088
2088
2094
2086
2092
2081
2107
2102
2097
2085
2098
2080
2086
2102
2114
2099
2103
2075
2089
2093
2101
2102
2099
2101
2094
2094
2091
2088
2081
2102
2098
2092
2093
2106
2096
2100
2092
2095
2101
2086
2093
2081
2106
2090
2093
2098
2104
2111
2101
2108
2098
2100
2094
2100
2102
2104
2087
2104
2105
2098
2098
2088
2096
2103
2096
2109
2089
2097
2094
2087
2076
2078
2087
2090
2102
2099
2085
2088
2093
2087
2088
2093
2081
2085
2088
2091
2089
2084
2082
2095
2082
2082
2079
2116
2124
2127
2128
2132
2113
2122
2110
2134
2126
2134
2126
2144
2136
2134
2126
2150
2138
2128
2147
2138
2136
2144
2140
2144
2136
2135
2137
2135
2138
2116
2136
2137
2136
2132
2132
2129
2141
2146
2136
2133
2136
2136
2143
2132
2140
2156
2130
2120
2128
2132
2131
2125
2122
2144
2137
2138
2152
2142
2135
2122
2123
2131
2127
2120
2132
2122
2118
2131
2119
2126
2111
2100
2117
2104
2112
2117
2120
2125
2113
2125
2114
2129
2125
2106
2097
2107
2110
2093
2093
2105
2095
2097
2082
2096
2095
2088
2088
2101
2104
2084
2097
2098
2098
2091
2079
2093
2084
2084
2097
2102
2086
2083
2079
2076
2070
2085
2072
2074
2074
2068
2070
2067
2086
2080
2083
2074
2078
2164
2163
2163
2151
2162
2149
2154
2164
2165
2158
2162
2161
2148
2187
2189
2186
2177
2200
2207
2207
2202
2215
2215
2198
2209
2207
2212
2207
2208
2204
2194
2208
2186
2201
2170
2171
2178
2166
2164
2174
2152
2125
2124
2108
2119
2098
2088
2077
2061
2041
2041
1993
1966
1936
1930
1915
1917
1896
1900
1880
1869
1874
1894
1888
1892
1906
1920
1944
1941
1952
1962
1974
2003
2002
2032
2038
2066
2072
2087
2095
2107
2106
2132
2138
2136
2157
2169
2186
2198
2231
2245
2259
2265
2289
2312
2334
2332
2332
2357
2340
2330
2362
2356
2346
2322
2302
2304
2293
2256
2229
2218
2212
2177
2171
2174
2156
2150
2113
2121
2089
2095
2100
2088
2069
2065
2074
2037
2016
2194
2209
2203
2185
2207
2192
2186
2198
2188
2180
2197
2173
2140
2125
2093
2046
2000
1974
1920
1881
1837
1815
1783
1772
1787
1808
1850
1902
1945
2014
2075
2144
2209
2262
2321
2379
2428
2439
2438
2442
2446
2433
2416
2376
2341
2269
2254
2210
2168
2118
2088
2071
2006
1997
1972
1942
1915
1903
1886
1859
1855
1872
1858
1859
1855
1867
1877
1866
1879
1913
1948
1974
1981
2006
2038
2054
2071
2080
2087
2133
2165
2164
2182
2194
2208
2238
2240
2261
2287
2304
2324
2332
2314
2343
2337
2326
2320
2327
2313
2288
2272
2255
2225
2165
2159
2128
2096
2071
2011
1962
1938
1903
1883
1834
1815
1795
1755
1733
1732
1723
1720
1736
1737
1775
1780
1792
1824
1866
2382
2385
2376
2376
2358
2333
2316
2287
2260
2224
2217
2197
2201
2217
2235
2255
2293
2328
2353
2384
2376
2379
2358
2299
2218
2150
2030
1926
1830
1718
1614
1537
1485
1444
1432
1446
1475
1527
1605
1680
1769
1853
1938
2033
2108
2192
2279
2352
2412
2467
2520
2545
2582
2581
2559
2521
2476
2405
2328
2236
2158
2080
2015
1963
1956
1949
1960
1992
2038
2091
2133
2186
2227
2252
2272
2266
2236
2186
2098
2022
1947
1842
1760
1691
1620
1572
1548
1542
1544
1572
1606
1660
1710
1770
1832
1898
1971
2052
2116
2174
2243
2313
2373
2424
2469
2515
2541
2541
2533
2508
2472
2419
2380
2299
2230
2135
2053
1978
1914
1870
1824
1809
1821
1854
1889
1926
1982
2036
2150
2164
2167
2189
2208
2221
2238
2263
2275
2295
2293
2306
2317
2288
2275
2276
2231
2209
2179
2150
2117
2080
2030
1990
1958
1921
1933
1916
1920
1934
1942
1990
2011
2056
2102
2152
2197
2236
2269
2296
2303
2304
2293
2270
2242
2187
2157
2110
2049
2016
1982
1959
1947
1939
1928
1931
1917
1937
1932
1937
1938
1932
1923
1921
1909
1891
1899
1919
1929
1944
1976
1994
2050
2089
2147
2194
2225
2265
2293
2310
2336
2349
2360
2360
2345
2300
2268
2243
2204
2168
2128
2082
2054
2016
1993
1983
1969
1939
1939
1939
1930
1930
1962
1968
1990
1983
2006
2013
2016
2034
2043
2053
2063
2073
2110
2120
2141
2149
2166
2188
2205
2211
2234
2233
2242
2238
2249
2235
1915
1882
1851
1840
1841
1838
1881
1915
1973
2041
2097
2172
2242
2294
2356
2404
2455
2456
2468
2465
2454
2403
2341
2283
2202
2122
2039
1962
1890
1856
1832
1830
1833
1869
1883
1921
1955
1989
1980
1980
1984
1965
1940
1935
1927
1952
1978
2025
2074
2111
2182
2239
2286
2320
2359
2386
2398
2416
2426
2428
2430
2429
2392
2361
2300
2232
2147
2048
1966
1846
1758
1687
1630
1608
1636
1673
1752
1853
1970
2080
2162
2246
2290
2305
2287
2224
2158
2065
1965
1875
1810
1756
1726
1724
1764
1813
1875
1936
2013
2088
2148
2217
2252
2285
2317
2331
2320
2266
2208
2100
2006
1907
1807
1754
1728
1746
1837
1934
2080
2238
2390
2520
2626
2697
2738
2724
2676
2593
1848
1766
1660
1594
1575
1570
1571
1608
1644
1711
1767
1833
1886
1928
1970
1976
1993
2015
2019
2029
2059
2077
2101
2118
2160
2208
2243
2298
2336
2374
2400
2424
2434
2442
2434
2406
2416
2405
2382
2353
2312
2282
2228
2162
2098
2034
1954
1897
1842
1803
1771
1776
1767
1782
1814
1836
1872
1909
1934
1941
1974
1986
1994
1997
2022
2062
2080
2108
2145
2200
2231
2272
2306
2342
2371
2398
2427
2438
2449
2450
2434
2418
2376
2332
2265
2212
2129
2059
1973
1893
1815
1759
1699
1663
1644
1636
1649
1706
1744
1812
1881
1965
2045
2133
2206
2275
2322
2368
2395
2402
2400
2356
2338
2276
2223
2175
2133
2062
2032
1984
1974
1959
1952
1957
1971
1970
2000
2042
2175
2068
1989
1896
1824
1739
1658
1585
1534
1470
1435
1446
1482
1564
1675
1821
1982
2112
2243
2354
2424
2481
2506
2534
2586
2610
2627
2636
2609
2564
2461
2350
2206
2089
1970
1872
1772
1738
1693
1678
1646
1635
1642
1651
1643
1658
1672
1698
1724
1769
1817
1896
1955
2018
2084
2136
2212
2262
2302
2369
2428
2448
2475
2502
2496
2474
2409
2309
2227
2104
2009
1932
1838
1773
1731
1689
1701
1710
1748
1795
1847
1936
2018
2074
2134
2177
2226
2270
2318
2357
2389
2409
2405
2365
2320
2270
2189
2163
2146
2174
2231
2309
2364
2394
2351
2264
2160
2055
1994
1980
2002
2032
2074
2111
2090
2045
1994
1925
1871
1823
1821
1841
1883
1934
1976
2013
2040
2040
1824
1900
1996
2068
2160
2228
2271
2317
2316
2288
2248
2204
2143
2062
1993
1927
1878
1847
1828
1830
1848
1884
1964
2040
2145
2250
2370
2481
2587
2666
2729
2737
2701
2640
2522
2395
2191
1995
1790
1594
1426
1296
1188
1150
1154
1206
1318
1450
1635
1845
2077
2306
2506
2708
2870
2988
3078
3103
3062
2982
2870
2711
2496
2283
2060
1846
1637
1444
1325
1242
1187
1199
1273
1362
1491
1667
1827
2030
2186
2320
2418
2486
2520
2513
2486
2403
2308
2205
2089
1973
1886
1814
1742
1710
1730
1740
1798
1863
1944
2043
2148
2253
2322
2400
2448
2449
2443
2397
2332
2250
2170
2058
1968
1887
1820
1796
1808
1806
1837
1889
1970
2048
2132
2214
2269
2320
2344
2364
2401
2193
1983
1799
1653
1560
1466
1419
1352
1337
1344
1417
1503
1652
1839
1980
2101
2171
2193
2189
2157
2135
2084
2035
1984
1936
1910
1886
1876
1941
2065
2225
2438
2658
2803
2902
2959
2955
2901
2841
2741
2643
2500
2318
2094
1872
1654
1468
1341
1267
1259
1289
1361
1446
1556
1688
1855
2042
2200
2332
2388
2360
2272
2114
1969
1860
1788
1776
1792
1840
1898
1990
2085
2204
2361
2536
2708
2815
2887
2892
2824
2704
2577
2425
2309
2131
1960
1789
1646
1517
1467
1495
1595
1736
1933
2133
2310
2478
2578
2631
2631
2623
2598
2525
2465
2375
2253
2141
2007
1890
1810
1786
1786
1812
1879
1922
1955
1928
1912
1903
1892
1916
1955
1994
2022
1994
1942
1848
2824
2574
2254
1928
1614
1317
1067
857
719
687
743
869
1084
1355
1668
2000
2330
2630
2888
3084
3227
3299
3302
3225
3097
2915
2676
2406
2116
1792
1506
1269
1059
917
844
878
981
1149
1385
1654
1944
2242
2511
2770
2981
3135
3235
3284
3250
3173
3030
2827
2561
2290
2015
1751
1552
1378
1276
1245
1312
1398
1542
1716
1914
2107
2282
2458
2603
2713
2789
2840
2823
2766
2653
2519
2334
2127
1883
1677
1487
1316
1232
1180
1201
1264
1408
1576
1754
1936
2129
2310
2482
2615
2699
2758
2777
2772
2700
2600
2448
2255
2055
1844
1669
1517
1384
1308
1289
1321
1403
1512
1650
1828
1998
2160
2319
2444
2568
2673
2737
2770
2766
2707
2616
2514
2391
2223
2307
2221
2131
2071
2021
2033
2080
2164
2270
2387
2450
2474
2457
2392
2315
2219
2125
2054
1996
1940
1874
1796
1688
1559
1453
1383
1367
1362
1394
1463
1496
1547
1612
1713
1871
2074
2294
2504
2662
2757
2798
2797
2813
2828
2828
2834
2804
2713
2557
2375
2199
2076
1978
1902
1839
1805
1782
1739
1737
1752
1797
1842
1875
1880
1891
1894
1902
1931
1962
2006
2025
2054
2078
2121
2144
2151
2159
2121
2070
2038
2029
2059
2143
2244
2326
2369
2377
2326
2280
2260
2294
2346
2430
2490
2502
2516
2493
2477
2451
2425
2400
2328
2204
2019
1830
1649
1538
1472
1422
1401
1334
1260
1158
1066
1007
1016
1113
1288
1499
1734
1978
2201
2436
2664
2883
3103
3316
3438
2503
2544
2599
2616
2653
2632
2594
2545
2469
2358
2225
2087
1982
1834
1693
1600
1518
1454
1413
1383
1401
1448
1504
1560
1651
1716
1795
1883
1961
2024
2112
2182
2268
2344
2419
2471
2501
2494
2448
2367
2284
2160
2051
1928
1845
1782
1753
1737
1744
1768
1808
1846
1904
1964
2029
2081
2159
2258
2347
2440
2542
2622
2700
2757
2777
2786
2754
2695
2615
2518
2402
2295
2189
2085
2047
1967
1922
1889
1854
1846
1799
1757
1733
1702
1672
1616
1604
1603
1599
1614
1659
1695
1749
1810
1879
1944
1993
2061
2127
2196
2248
2288
2372
2410
2494
2545
2619
2658
2673
2652
2595
2508
2361
2186
1990
1802
1600
1425
1270
1222
1200
1245
1360
1555
1802
2086
2382
2654
2388
2317
2260
2196
2100
1956
1769
1530
1302
1120
1032
1029
1128
1315
1532
1754
1979
2194
2364
2519
2657
2771
2887
2999
3082
3150
3179
3143
3022
2826
2584
2264
1948
1640
1365
1155
1039
974
953
943
924
875
839
851
906
1022
1224
1478
1783
2080
2370
2668
2927
3156
3368
3546
3718
3856
3951
4027
4041
4004
3884
3704
3461
3160
2834
2498
2206
1927
1669
1431
1193
952
705
473
303
173
142
166
277
484
749
1054
1399
1792
2163
2506
2799
3031
3183
3266
3328
3353
3392
3436
3474
3495
3435
3304
3081
2790
2420
2072
1742
1482
1235
1027
863
689
561
477
415
428
506
640
785
971
1161
1363
1607
1891
2233
2612
3007
3369
3661
3845
