2092
2069
2076
2084
2086
2089
2088
2088
2087
2096
2090
2086
2115
2108
2078
2091
2082
2063
2098
2098
2110
2091
2065
2092
2094
2071
2080
2094
2072
2091
2102
2093
2069
2087
2084
2085
2088
2097
2073
2077
2072
2083
2087
2085
2082
2080
2078
2093
2091
2076
2096
2086
2094
2116
2095
2089
2081
2085
2097
2100
2088
2082
2075
2096
2087
2083
2075
2085
2071
2074
2088
2122
2092
2093
2076
2081
2088
2080
2082
2103
2099
2073
2086
2077
2081
2068
2068
2078
2096
2079
2091
2093
2080
2071
2069
2081
2101
2116
2094
2093
2087
2106
2082
2094
2087
2097
2103
2097
2101
2096
2083
2092
2097
2083
2086
2100
2108
2102
2078
2067
2076
2081
2074
2082
2092
2069
2098
2068
2071
2043
2019
2011
1982
1966
1939
1942
1959
1926
1930
1932
1928
1912
1918
1911
1929
1932
1953
1962
1945
1974
1962
1991
1991
1996
1972
2001
1994
2010
2025
2014
2003
2009
2020
2018
2018
2005
1998
2008
2007
2007
2027
2026
2058
2081
2096
2071
2107
2119
2132
2149
2183
2195
2209
2215
2216
2222
2233
2211
2217
2229
2204
2216
2209
2198
2157
2142
2124
2133
2113
2092
2106
2096
2088
2070
2085
2085
2105
2094
2094
2095
2094
2075
2075
2088
2077
2086
2130
2113
2115
2109
2092
2109
2106
2090
2137
2130
2114
2113
2107
2109
2107
2120
2102
2085
2112
2096
2099
2107
2108
2102
2075
2067
2057
2041
2046
2066
2050
2036
2058
2057
2056
2085
2075
2068
2105
2097
1886
1884
1871
1862
1887
1894
1891
1932
1942
2009
2053
2088
2120
2144
2190
2219
2250
2287
2319
2331
2342
2334
2346
2297
2268
2223
2192
2157
2119
2052
2043
2023
1996
1970
1982
1990
1985
1980
1991
2005
2024
2025
2034
2047
2025
1994
1997
1972
1986
1959
1922
1920
1956
1970
1989
2019
2060
2112
2154
2227
2267
2307
2344
2384
2401
2408
2397
2390
2387
2402
2352
2316
2285
2236
2195
2141
2069
2051
2008
1943
1903
1835
1811
1776
1758
1739
1728
1739
1744
1743
1756
1800
1824
1854
1883
1881
1922
1934
2008
2050
2088
2137
2197
2225
2270
2299
2345
2382
2416
2431
2425
2461
2494
2491
2457
2480
2441
2424
2393
2380
2328
2295
2218
2166
2098
2052
1989
1919
2007
2015
2021
2029
2057
2100
2125
2152
2169
2172
2186
2198
2183
2181
2182
2186
2156
2117
2119
2091
2060
2025
1981
1929
1909
1891
1890
1890
1904
1954
1987
2025
2085
2138
2207
2282
2345
2379
2396
2442
2421
2422
2397
2380
2311
2246
2194
2141
2075
2032
2008
1999
2019
1989
1996
1991
2044
2022
1994
1995
1983
1968
1921
1874
1836
1806
1797
1772
1743
1724
1746
1747
1781
1832
1848
1892
1942
2005
2021
2078
2120
2167
2221
2253
2305
2360
2408
2422
2448
2440
2454
2451
2427
2380
2333
2283
2219
2136
2066
2038
1985
1939
1907
1880
1851
1827
1774
1768
1754
1743
1748
1756
1790
1812
1871
1917
1973
2038
2107
2128
2149
2175
2202
2221
2247
2299
2339
2376
2101
2134
2166
2169
2202
2239
2249
2264
2263
2246
2228
2213
2152
2104
2049
1983
1925
1908
1837
1772
1719
1695
1634
1626
1637
1662
1700
1741
1835
1917
2015
2128
2238
2346
2463
2540
2611
2693
2712
2734
2732
2680
2619
2569
2451
2352
2244
2128
1997
1846
1777
1683
1640
1602
1590
1604
1653
1682
1760
1832
1944
2056
2121
2212
2301
2368
2417
2449
2482
2481
2476
2420
2369
2289
2221
2154
2067
1971
1886
1834
1774
1734
1720
1710
1728
1734
1799
1850
1923
2003
2082
2138
2214
2298
2349
2362
2395
2419
2424
2394
2370
2326
2288
2211
2149
2070
1992
1912
1855
1802
1784
1772
1788
1803
1824
1887
1952
2008
2083
2141
2190
2217
2272
2341
2342
2351
2354
2314
1931
1914
1916
1939
2003
2090
2160
2231
2268
2325
2318
2275
2218
2158
2088
2055
2001
1968
1954
1951
1987
2005
2021
2039
2040
2027
2008
2012
2016
2029
2011
2003
1997
1990
1962
1910
1876
1837
1784
1769
1759
1772
1810
1843
1940
1970
2060
2137
2170
2188
2206
2211
2206
2197
2176
2180
2169
2200
2173
2145
2112
2108
2128
2164
2184
2255
2303
2369
2386
2410
2397
2358
2320
2247
2177
2078
2009
1940
1868
1838
1802
1810
1829
1896
1967
2065
2141
2225
2317
2395
2424
2413
2379
2304
2222
2123
2043
1962
1886
1812
1726
1700
1698
1742
1775
1852
1967
2093
2221
2363
2486
2572
2593
2636
2608
2566
2489
2416
2314
2203
2085
1952
1863
1811
1809
1867
1923
1995
2065
2095
2101
2095
2070
2077
2069
2036
2011
1988
1997
1966
1963
1957
1942
1966
1974
2032
2047
2088
2132
2156
2238
2279
2338
2375
2434
2445
2432
2422
2370
2317
2228
2130
2018
1921
1836
1744
1658
1601
1602
1596
1631
1691
1756
1826
1924
2056
2169
2288
2375
2461
2519
2603
2630
2642
2644
2603
2546
2455
2362
2232
2129
2041
1917
1803
1713
1643
1634
1600
1571
1579
1586
1655
1704
1773
1855
1945
2004
2090
2193
2256
2302
2363
2428
2453
2468
2488
2455
2428
2363
2294
2207
2143
2038
1963
1902
1808
1759
1755
1747
1758
1801
1830
1894
1974
2031
2107
2183
2251
2299
2369
2423
2460
2469
2458
2454
2417
2415
2360
2318
2256
2211
2133
2057
2011
1939
1914
1749
1860
1961
2050
2153
2229
2278
2313
2358
2364
2359
2321
2284
2259
2222
2202
2176
2156
2098
2046
1988
1944
1936
2006
2073
2143
2236
2279
2309
2305
2257
2180
2092
1977
1912
1840
1820
1798
1810
1809
1840
1858
1874
1837
1837
1849
1856
1881
1957
2061
2157
2261
2338
2392
2438
2464
2461
2475
2459
2454
2427
2400
2373
2304
2216
2119
2012
1887
1815
1773
1772
1819
1906
1994
2077
2094
2059
2011
1941
1870
1855
1855
1838
1858
1873
1872
1913
1960
1992
2004
2048
2096
2119
2173
2254
2360
2494
2585
2662
2680
2601
2475
2319
2167
2007
1936
1891
1897
1872
1856
1808
1768
1707
1669
1712
1784
1892
2044
2183
2341
2469
2508
2497
2477
2408
2296
2223
2168
1243
1248
1284
1372
1486
1641
1831
2008
2204
2398
2529
2661
2702
2725
2697
2605
2497
2352
2175
2021
1872
1752
1675
1626
1624
1675
1730
1826
1931
2053
2168
2283
2381
2452
2511
2520
2536
2445
2358
2240
2113
1970
1827
1709
1616
1614
1620
1653
1719
1816
1942
2098
2227
2371
2488
2604
2670
2727
2698
2674
2627
2516
2360
2221
2079
1940
1801
1696
1642
1591
1567
1606
1653
1738
1852
1956
2064
2157
2224
2279
2346
2355
2365
2321
2268
2196
2140
2060
1969
1895
1852
1834
1842
1892
1959
2046
2165
2253
2315
2391
2440
2465
2440
2374
2318
2199
2096
1971
1843
1730
1631
1533
1488
1477
1486
1571
1696
1827
1968
2159
2347
2514
2652
2756
2811
2819
2814
2744
1683
1711
1750
1808
1843
1907
1983
2029
2041
2017
2008
2005
2017
2090
2207
2324
2415
2456
2441
2434
2371
2334
2296
2257
2209
2148
2056
1944
1846
1793
1768
1809
1867
1955
2032
2128
2196
2305
2409
2491
2587
2670
2719
2741
2708
2610
2505
2303
2098
1890
1719
1605
1524
1465
1444
1460
1429
1408
1414
1440
1466
1574
1675
1801
1919
2019
2113
2181
2210
2246
2313
2353
2409
2478
2542
2571
2582
2589
2585
2604
2660
2676
2720
2747
2648
2536
2379
2197
2048
1934
1858
1780
1704
1606
1496
1386
1314
1319
1335
1427
1534
1637
1751
1854
2003
2185
2374
2531
2635
2697
2691
2631
2610
2559
2510
2398
2267
2169
2025
1892
1787
1727
1747
1682
1668
1667
1655
1681
1873
1946
2028
2112
2210
2309
2342
2351
2349
2320
2243
2155
2068
1972
1907
1859
1858
1896
1973
2049
2126
2273
2388
2508
2605
2633
2664
2631
2580
2482
2316
2134
1947
1755
1565
1439
1358
1359
1401
1517
1694
1862
2071
2287
2448
2591
2637
2695
2659
2615
2525
2423
2303
2226
2155
2120
2114
2124
2211
2293
2370
2424
2451
2433
2366
2248
2077
1862
1659
1417
1243
1109
1040
1035
1103
1221
1431
1689
1983
2269
2541
2790
2995
3119
3148
3099
2964
2838
2632
2452
2235
2075
1948
1845
1802
1809
1825
1824
1857
1869
1845
1825
1821
1779
1736
1733
1732
1763
1808
1880
1996
2099
2204
2285
2320
2337
2317
2239
2170
2077
1979
1885
1801
1774
1808
1860
1971
2124
1458
1477
1504
1519
1503
1550
1645
1824
2043
2304
2629
2871
3104
3260
3325
3325
3241
3147
3077
2993
2837
2665
2482
2334
2191
2025
1861
1728
1603
1498
1374
1287
1195
1124
1114
1178
1276
1417
1569
1731
1843
1952
2055
2036
2089
2164
2268
2451
2643
2860
2979
3040
2992
2880
2666
2449
2258
2133
2059
2040
2095
2122
2195
2250
2292
2305
2266
2169
1992
1802
1622
1507
1491
1558
1690
1822
1941
1982
1954
1865
1708
1600
1520
1579
1694
1862
2105
2316
2522
2631
2683
2685
2618
2527
2437
2329
2307
2316
2313
2352
2395
2421
2394
2352
2302
2215
2129
1992
1852
1706
1578
1495
1465
1494
1546
1688
1828
1954
2051
2111
2134
2142
2175
2219
2311
2370
2476
2556
997
826
713
737
821
951
1164
1424
1712
1978
2218
2484
2680
2846
2954
3014
3053
3032
2973
2873
2791
2690
2592
2434
2334
2213
2056
1903
1724
1544
1386
1265
1167
1126
1163
1249
1357
1524
1730
1911
2144
2323
2463
2589
2644
2670
2656
2599
2521
2426
2358
2302
2228
2213
2182
2173
2151
2085
2053
1999
1920
1888
1829
1794
1801
1798
1809
1818
1855
1904
1920
1978
1966
1977
2008
2050
2057
2101
2183
2261
2388
2499
2647
2744
2815
2842
2838
2810
2723
2622
2472
2273
2097
1865
1640
1428
1237
1080
984
942
954
1078
1278
1523
1854
2192
2553
2929
3255
3529
3737
3898
3934
3872
3699
3413
3047
2605
2153
1696
1254
861
540
292
137
90
133
257
2631
2314
2044
1849
1707
1609
1542
1531
1492
1438
1390
1349
1330
1381
1500
1643
1830
2028
2149
2219
2310
2329
2359
2386
2360
2356
2307
2191
2106
2056
2018
2057
2197
2383
2582
2702
2748
2695
2572
2375
2216
2116
2072
2082
2132
2152
2118
2065
1938
1843
1796
1781
1807
1897
2009
2100
2121
2110
2047
1982
1902
1886
1918
1979
2066
2142
2192
2211
2241
2244
2253
2264
2261
2267
2226
2159
2065
1956
1831
1727
1675
1676
1709
1784
1848
1930
1992
2080
2160
2214
2206
2236
2208
2142
2114
2094
2110
2173
2279
2360
2430
2463
2480
2465
2433
2355
2311
2263
2170
2052
1920
1723
1520
1317
1192
1095
1105
1145
1257
1376
1468
1539
1606
1695
1807
1941
2109
2292
700
881
1142
1450
1841
2298
2799
3370
3905
4095
4095
4095
4095
4095
3862
3033
2073
1096
203
1
0
0
0
0
0
283
924
1534
2034
2430
2725
2955
3127
3234
3360
3453
3540
3564
3579
3466
3224
2885
2478
2029
1640
1352
1179
1211
1357
1661
1994
2288
2526
2622
2570
2392
2115
1735
1364
1019
752
607
572
705
942
1309
1721
2158
2562
2840
3047
3174
3296
3440
3620
3775
3896
3891
3791
3551
3126
2618
2029
1399
788
292
0
0
0
1
280
796
1400
2029
2597
3069
3326
3399
3325
3136
2912
2685
2564
2465
2429
2334
2190
1976
1684
1422
1218
1115
1178
1383
1663
2009
2317
2594
2764
2867
2857
2778
2576
2299
1942
1552
1179
951
