2090
2089
2088
2084
2085
2083
2084
2082
2088
2091
2091
2085
2080
2084
2081
2081
2078
2074
2080
2080
2076
2077
2078
2080
2082
2084
2088
2086
2079
2085
2083
2089
2094
2092
2094
2085
2088
2085
2088
2086
2083
2084
2082
2076
2076
2076
2076
2078
2077
2075
2074
2079
2080
2075
2078
2078
2084
2080
2077
2080
2076
2081
2078
2078
2082
2081
2080
2077
2083
2086
2085
2080
2082
2084
2086
2080
2079
2082
2082
2082
2082
2083
2085
2083
2084
2079
2086
2079
2082
2085
2085
2082
2079
2090
2089
2083
2082
2085
2089
2090
2093
2098
2093
2094
2095
2092
2091
2091
2102
2099
2095
2098
2099
2104
2100
2098
2099
2109
2112
2100
2109
2105
2106
2099
2102
2108
2108
2107
2109
2111
2110
2104
2098
2098
2106
2102
2112
2109
2104
2114
2101
2102
2104
2109
2103
2115
2107
2104
2101
2098
2106
2099
2109
2099
2101
2110
2098
2104
2103
2098
2091
2098
2104
2103
2095
2103
2094
2095
2084
2096
2095
2090
2089
2089
2085
2087
2087
2086
2090
2090
2087
2082
2087
2086
2087
2084
2085
2087
2088
2082
2085
2083
2087
2083
2077
2083
2084
2088
2090
2078
2074
2082
2078
2076
2074
2081
2080
2079
2076
2079
2067
2077
2072
2070
2069
2060
2061
2066
2070
2072
2068
2067
2073
2065
2070
2066
2073
2068
2071
2085
2075
2082
2072
2072
2073
2073
2076
2079
2078
2079
2096
2091
2091
2088
2076
2082
2088
2088
2077
2080
2092
2090
2086
2084
2080
2086
2142
2151
2147
2146
2142
2141
2142
2139
2133
2125
2128
2127
2129
2136
2130
2117
2120
2111
2120
2116
2109
2110
2110
2109
2106
2106
2092
2098
2104
2104
2108
2099
2101
2097
2096
2096
2094
2097
2095
2091
2093
2089
2090
2096
2101
2103
2094
2096
2088
2096
2091
2090
2093
2098
2096
2094
2090
2084
2092
2088
2095
2092
2095
2089
2092
2086
2081
2085
2083
2078
2077
2077
2082
2084
2082
2083
2083
2087
2086
2089
2086
2084
2087
2087
2093
2087
2088
2091
2087
2083
2078
2077
2082
2078
2075
2079
2086
2072
2077
2078
2074
2081
2076
2079
2074
2076
2082
2077
2082
2075
2077
2076
2078
2073
2077
2071
2069
2074
2070
2075
2072
2073
2076
2070
2072
2075
2089
2082
2055
2033
2036
2026
2020
1998
1990
1970
1955
1944
1937
1906
1915
1908
1926
1921
1924
1912
1903
1902
1898
1892
1891
1905
1913
1928
1948
1964
1974
1985
1999
2005
2019
2037
2059
2087
2125
2161
2202
2236
2261
2277
2278
2275
2275
2275
2279
2270
2292
2301
2319
2341
2346
2353
2352
2349
2332
2326
2309
2288
2264
2241
2211
2192
2172
2134
2100
2066
2024
1978
1943
1900
1867
1853
1816
1792
1781
1773
1777
1764
1766
1778
1784
1783
1792
1801
1804
1806
1831
1848
1870
1907
1955
1991
2027
2052
2069
2092
2122
2139
2158
2186
2211
2247
2287
2318
2341
2360
2370
2366
2345
2321
2290
2258
2239
2227
2228
2233
2241
2252
2272
2289
2294
2294
2284
2265
2247
2234
1718
1688
1661
1650
1657
1675
1702
1734
1792
1854
1926
1998
2072
2143
2218
2283
2352
2408
2459
2508
2533
2547
2557
2556
2542
2518
2480
2438
2380
2314
2256
2183
2115
2038
1968
1903
1845
1788
1748
1728
1700
1696
1694
1705
1738
1764
1808
1863
1921
1983
2048
2103
2162
2222
2266
2311
2347
2367
2385
2393
2393
2380
2366
2340
2313
2284
2242
2200
2160
2129
2088
2053
2032
2010
1995
1996
1995
2002
2009
2041
2076
2089
2126
2143
2164
2184
2208
2213
2221
2219
2213
2199
2183
2163
2136
2106
2076
2038
2000
1971
1940
1906
1878
1866
1848
1849
1862
1876
1901
1933
1969
2010
2057
2108
2152
2193
2230
2258
2285
2296
2309
2312
2308
2300
2284
2268
2233
2195
2189
2217
2235
2257
2275
2264
2244
2169
2092
1989
1881
1780
1718
1677
1680
1729
1810
1940
2081
2209
2358
2459
2551
2589
2600
2609
2594
2548
2482
2414
2351
2265
2192
2102
2014
1937
1864
1785
1728
1677
1627
1630
1637
1644
1689
1736
1808
1868
1936
1995
2053
2121
2172
2231
2300
2364
2439
2505
2572
2619
2667
2690
2660
2624
2526
2414
2284
2151
2007
1866
1760
1661
1590
1530
1505
1512
1542
1604
1663
1746
1848
1940
2038
2133
2230
2325
2409
2467
2502
2522
2505
2465
2397
2334
2263
2191
2118
2051
1992
1942
1908
1874
1869
1877
1890
1891
1905
1914
1908
1888
1888
1895
1919
1944
2000
2049
2108
2169
2237
2297
2349
2377
2386
2378
2345
2292
2238
2174
2001
2087
2154
2199
2237
2283
2325
2363
2399
2434
2468
2482
2492
2476
2460
2438
2409
2385
2380
2371
2371
2364
2342
2293
2244
2197
2161
2151
2155
2176
2202
2211
2200
2167
2104
2032
1952
1852
1773
1714
1690
1676
1670
1692
1717
1756
1800
1846
1891
1927
1968
2012
2070
2125
2194
2256
2320
2366
2390
2380
2352
2285
2222
2120
2063
2011
1972
1965
1980
2012
2049
2086
2101
2109
2118
2113
2121
2144
2180
2227
2262
2297
2326
2340
2339
2320
2284
2236
2177
2106
2040
1996
1966
1943
1928
1916
1919
1917
1935
1939
1940
1939
1922
1908
1910
1892
1895
1916
1943
1998
2066
2138
2241
2343
2435
2525
2602
2661
2688
2696
2682
2630
2567
2495
2400
2307
2210
2110
1987
1972
1993
2052
2132
2231
2322
2389
2439
2460
2448
2398
2315
2242
2158
2068
2017
1983
1965
1969
1986
1994
1991
1973
1944
1922
1920
1942
2020
2136
2288
2458
2625
2774
2855
2857
2756
2584
2339
2064
1808
1601
1474
1423
1465
1583
1756
1941
2108
2211
2254
2220
2099
1946
1768
1630
1552
1553
1647
1820
2044
2280
2509
2669
2769
2760
2666
2484
2280
2075
1861
1716
1639
1626
1648
1694
1756
1809
1855
1858
1850
1823
1789
1783
1814
1861
1971
2119
2292
2437
2554
2620
2627
2580
2504
2411
2310
2238
2216
2232
2272
2322
2350
2334
2279
2151
1987
1811
1651
1531
1490
1486
1555
1672
1807
1946
2056
2126
2164
2169
2192
2249
2325
2451
2610
2769
2873
2929
2522
2415
2291
2167
2058
1953
1876
1838
1838
1882
1950
2029
2087
2116
2103
2059
1981
1902
1832
1774
1743
1742
1765
1816
1884
1968
2045
2114
2174
2217
2246
2302
2352
2412
2486
2560
2616
2638
2621
2566
2468
2340
2200
2052
1925
1813
1728
1677
1649
1641
1661
1691
1720
1768
1824
1875
1954
2050
2151
2276
2409
2537
2647
2730
2778
2772
2723
2609
2448
2254
2045
1838
1656
1519
1440
1419
1464
1559
1688
1854
2039
2227
2383
2510
2622
2686
2723
2716
2670
2596
2506
2396
2274
2149
2043
1941
1863
1798
1744
1705
1688
1681
1686
1717
1742
1783
1837
1890
1952
2007
2070
2122
2151
2173
2187
2194
2199
2214
2230
2253
2260
2270
2252
2217
2163
2085
1990
1902
2968
3014
2985
2849
2655
2404
2140
1878
1650
1489
1394
1370
1426
1537
1687
1864
2030
2172
2287
2361
2401
2412
2395
2358
2309
2251
2188
2119
2078
2050
2057
2069
2100
2140
2176
2192
2185
2152
2109
2053
2001
1967
1946
1962
2006
2084
2162
2248
2328
2375
2396
2380
2325
2230
2119
1996
1874
1771
1708
1683
1719
1813
1950
2113
2290
2441
2575
2655
2673
2622
2504
2331
2137
1925
1738
1594
1520
1509
1563
1675
1807
1954
2078
2169
2209
2198
2157
2100
2045
2000
1997
2029
2096
2192
2309
2427
2543
2632
2677
2646
2554
2367
2135
1868
1600
1361
1183
1089
1100
1211
1428
1700
2010
2291
2526
2678
2745
2736
2691
2611
2544
2492
2455
2418
2389
2340
2258
2159
2430
2510
2578
2630
2645
2628
2590
2532
2465
2365
2210
1996
1748
1491
1295
1188
1203
1312
1478
1644
1800
1906
1998
2090
2208
2350
2493
2612
2688
2737
2756
2771
2796
2803
2778
2693
2555
2361
2145
1944
1773
1631
1505
1379
1234
1083
968
926
974
1142
1382
1674
1970
2236
2470
2650
2796
2910
3012
3071
3102
3079
2997
2861
2681
2471
2269
2089
1938
1808
1686
1574
1440
1300
1173
1070
1016
1033
1117
1278
1474
1695
1900
2077
2239
2368
2479
2585
2685
2764
2830
2868
2861
2793
2686
2541
2377
2220
2088
2008
1989
1991
2025
2069
2089
2076
2036
1956
1867
1785
1715
1680
1671
1695
1756
1813
1880
1935
1993
2040
2113
2177
2265
2369
2469
2569
2669
2750
3716
3642
3408
3026
2540
2018
1520
1113
858
774
863
1093
1410
1748
2074
2307
2465
2490
2403
2218
1984
1748
1565
1472
1480
1600
1797
2045
2301
2530
2702
2792
2798
2739
2616
2475
2339
2212
2112
2006
1901
1765
1602
1413
1192
973
787
689
706
869
1167
1586
2076
2584
3072
3493
3783
3946
3955
3836
3596
3280
2932
2588
2286
2047
1864
1741
1651
1560
1460
1336
1220
1117
1080
1110
1242
1461
1742
2072
2407
2706
2946
3087
3137
3073
2941
2772
2584
2398
2240
2122
2032
1971
1920
1870
1815
1733
1618
1483
1351
1229
1160
1164
1257
1432
1658
1913
2160
2373
2536
2632
2662
2615
2509
2376
2228
2096
2014
1984
2026
2120
2256
2396
2519
2596
2606
2536
2065
2174
2254
2304
2308
2278
2217
2137
2028
1904
1789
1729
1738
1827
1982
2181
2368
2528
2612
2640
2612
2550
2484
2448
2424
2417
2432
2444
2443
2408
2338
2246
2120
1979
1851
1716
1604
1505
1414
1337
1293
1296
1365
1502
1711
1989
2310
2629
2898
3094
3189
3147
2997
2773
2516
2274
2109
2002
1955
1986
2036
2086
2111
2106
2085
2051
2020
2009
2018
2056
2133
2203
2288
2375
2452
2522
2585
2624
2626
2562
2412
2196
1890
1549
1219
906
656
500
459
540
720
1028
1428
1903
2408
2910
3362
3705
3932
4014
3944
3753
3474
3139
2789
2462
2187
1974
1813
1703
1642
1599
1556
1524
1464
1412
1371
1316
1309
1339
1407
1536
1715
1920
2164
2404
2633
2819
382
538
818
1175
1574
1943
2261
2484
2633
2695
2694
2676
2669
2660
2682
2715
2760
2822
2872
2915
2973
2992
2998
2943
2865
2724
2529
2268
1971
1636
1262
927
619
398
292
332
488
786
1182
1669
2183
2706
3167
3525
3747
3818
3719
3492
3111
2629
2100
1569
1106
728
486
389
439
614
888
1225
1608
1980
2322
2580
2762
2818
2745
2560
2297
1983
1673
1400
1222
1143
1210
1384
1671
2061
2447
2852
3204
3436
3557
3500
3303
2955
2537
2081
1616
1241
966
843
871
1013
1260
1596
1950
2298
2594
2859
3020
3068
3030
2896
2672
2418
2149
1922
1722
1622
1624
1752
1953
2252
2605
2960
3304
3572
3718
3743
3603
3294
2844
2293
1706
1129
636
239
2966
2544
2096
1584
1103
660
316
75
0
2
69
214
380
588
817
1095
1398
1721
2049
2343
2592
2799
3000
3175
3356
3506
3657
3776
3838
3816
3708
3526
3294
2994
2672
2422
2190
1987
1810
1670
1560
1464
1382
1306
1211
1146
1090
1037
969
916
848
761
653
624
656
770
986
1295
1634
1992
2316
2586
2828
3026
3220
3440
3713
4008
4095
4095
4095
4095
4095
4095
3818
3342
2814
2247
1667
1044
429
2
3
2
3
2
2
2
3
3
1
1
371
1220
2120
3007
3872
4095
4095
4095
4095
4095
4095
4095
4095
4095
4095
4095
3641
2780
1884
1022
182
1
3
2
3
2
2
2
2
4
25
702
1508
2325
3115
3854
