2128
2139
2139
2134
2156
2140
2128
2125
2123
2138
2138
2144
2132
2118
2133
2137
2135
2143
2131
2140
2121
2130
2128
2114
2136
2121
2116
2108
2114
2116
2107
2104
2108
2108
2113
2110
2099
2112
2107
2101
2105
2076
2096
2103
2104
2116
2098
2086
2083
2077
2073
2072
2064
2071
2070
2080
2069
2076
2088
2096
2082
2075
2064
2072
2088
2070
2061
2079
2084
2075
2065
2059
2060
2075
2076
2073
2063
2070
2068
2064
2060
2073
2073
2072
2074
2070
2078
2079
2064
2069
2072
2083
2090
2082
2066
2083
2073
2084
2090
2094
2089
2096
2085
2113
2091
2084
2092
2102
2102
2098
2103
2110
2118
2102
2120
2109
2125
2121
2124
2127
2122
2137
2122
2135
2119
2141
2148
2132
2077
2090
2078
2075
2078
2082
2084
2065
2056
2056
2052
2049
2057
2053
2055
2045
2051
2040
2036
2018
2030
2014
2024
2016
2012
2000
1996
1972
1976
1978
1982
1982
2005
2005
2010
2032
2034
2055
2076
2087
2099
2113
2125
2137
2153
2160
2180
2192
2205
2215
2218
2222
2243
2232
2242
2244
2244
2238
2236
2235
2224
2208
2200
2192
2186
2176
2174
2167
2173
2168
2174
2187
2194
2195
2209
2212
2220
2220
2220
2211
2196
2178
2159
2132
2096
2085
2052
2023
1994
1978
1964
1950
1941
1931
1928
1934
1953
1962
1965
1980
1987
2006
2028
2035
2056
2069
2085
2110
2126
2144
2155
2149
2145
2149
2128
2120
2107
2091
2077
2051
2029
2029
2022
2020
2026
2037
2056
2090
1931
1952
1969
2010
2040
2055
2073
2077
2091
2079
2094
2090
2083
2097
2119
2131
2135
2152
2157
2160
2147
2146
2131
2119
2091
2067
2040
2036
2042
2041
2072
2109
2135
2152
2172
2181
2156
2137
2099
2059
2011
2004
1984
1981
2000
2026
2063
2097
2139
2153
2168
2152
2125
2090
2041
2001
1984
1958
1949
1957
1974
2016
2053
2086
2112
2131
2151
2179
2196
2233
2264
2299
2320
2321
2309
2286
2242
2192
2171
2142
2118
2120
2118
2128
2133
2144
2160
2163
2181
2192
2193
2185
2172
2156
2141
2121
2105
2093
2082
2072
2069
2047
2020
1982
1948
1908
1875
1868
1870
1892
1906
1930
1949
1957
1957
1937
1943
1942
1968
1981
2042
2118
2185
2241
2292
2316
2304
2301
2019
2110
2205
2298
2356
2416
2469
2491
2488
2464
2440
2402
2321
2244
2176
2110
2043
1974
1909
1861
1853
1843
1842
1870
1896
1936
1993
2031
2074
2107
2130
2150
2160
2163
2149
2147
2141
2130
2120
2124
2116
2105
2106
2104
2121
2122
2134
2147
2152
2166
2180
2180
2185
2181
2170
2146
2130
2107
2089
2065
2052
2032
2021
2023
2025
2029
2046
2044
2070
2072
2076
2085
2092
2106
2117
2116
2108
2106
2108
2117
2122
2123
2129
2136
2131
2132
2132
2138
2130
2142
2126
2110
2107
2101
2101
2104
2102
2111
2117
2135
2140
2161
2171
2183
2191
2202
2198
2183
2191
2171
2128
2104
2068
2031
1985
1948
1905
1870
1847
1835
1838
1844
1863
1898
1941
1998
2063
2131
2591
2511
2428
2329
2240
2151
2089
2006
1908
1810
1753
1719
1749
1809
1879
1940
1974
1980
2012
2039
2093
2151
2199
2245
2251
2234
2209
2205
2167
2160
2184
2227
2262
2279
2264
2203
2139
2086
2034
2036
2018
1986
1932
1847
1774
1712
1700
1744
1817
1919
1983
2052
2102
2152
2225
2303
2376
2446
2495
2495
2484
2436
2377
2315
2257
2206
2153
2104
2068
2033
2014
2004
2018
2028
2044
2063
2072
2092
2111
2141
2150
2167
2170
2152
2107
2067
2020
1960
1921
1889
1876
1872
1890
1931
1956
1956
1936
1929
1914
1951
2009
2083
2151
2213
2256
2294
2352
2414
2487
2524
2525
2456
2368
2265
2179
2096
2043
1953
1868
1787
1725
1704
1704
1728
1760
1784
1789
1838
2038
2019
1988
1952
1952
1943
1944
1965
1979
2005
2007
2023
2038
2052
2059
2082
2111
2114
2128
2126
2128
2141
2135
2114
2108
2085
2066
2073
2062
2046
2062
2046
2034
2021
2020
2018
2028
2042
2045
2071
2120
2152
2179
2202
2234
2264
2276
2278
2284
2263
2236
2214
2183
2140
2096
2030
1992
1962
1936
1917
1926
1948
1989
2038
2112
2167
2246
2296
2342
2356
2348
2331
2291
2236
2170
2081
2014
1929
1847
1784
1750
1725
1728
1750
1792
1841
1902
1975
2042
2118
2172
2213
2228
2237
2236
2202
2196
2172
2132
2122
2118
2111
2132
2162
2211
2249
2297
2346
2371
2362
2352
2308
2238
2132
2019
1896
1795
1672
1601
1555
1527
1563
1644
1746
1884
2053
2234
2406
2216
2192
2136
2111
2071
2018
1986
1950
1936
1894
1827
1720
1604
1529
1491
1550
1658
1777
1900
2012
2143
2252
2345
2400
2416
2400
2360
2298
2256
2202
2175
2117
2072
2033
1975
1925
1871
1822
1761
1714
1716
1743
1825
1935
2065
2232
2347
2480
2566
2605
2600
2586
2550
2490
2419
2313
2207
2100
2004
1948
1881
1830
1799
1755
1748
1758
1833
1918
2004
2103
2184
2225
2285
2312
2322
2344
2296
2210
2133
2042
1994
1967
1958
1958
1964
1953
1955
1968
2002
2127
2232
2327
2373
2377
2276
2179
2121
2089
2117
2130
2119
2071
1989
1929
1925
1970
2050
2151
2236
2284
2267
2200
2110
2049
2015
1992
2000
1978
1937
1887
1876
1883
1972
2115
2256
2343
2368
2349
2542
2431
2327
2236
2126
2048
2015
1954
1928
1894
1906
1913
1965
2008
2029
2089
2152
2183
2221
2207
2214
2167
2110
2040
1956
1883
1846
1837
1842
1844
1913
1974
2050
2125
2199
2269
2350
2410
2446
2488
2464
2457
2399
2314
2204
2122
2016
1920
1836
1756
1740
1779
1810
1856
1931
1980
2055
2120
2197
2248
2275
2275
2252
2247
2187
2126
2059
1966
1868
1784
1738
1717
1717
1772
1840
1947
2060
2196
2326
2448
2532
2613
2662
2663
2652
2594
2518
2367
2218
2048
1870
1700
1571
1464
1436
1412
1455
1536
1647
1799
1992
2170
2374
2537
2644
2738
2785
2795
2733
2607
2435
2264
2047
1818
1656
1513
1401
1343
1352
1415
1531
1683
1876
2068
2290
2486
2660
2785
1687
1547
1460
1451
1524
1672
1881
2090
2276
2406
2470
2517
2546
2575
2600
2588
2551
2474
2372
2264
2194
2172
2192
2250
2224
2159
2046
1910
1854
1833
1879
1913
1846
1740
1641
1600
1648
1780
1923
2027
2080
2135
2236
2383
2533
2642
2646
2584
2499
2455
2384
2335
2271
2183
2066
2005
1981
1984
1997
1969
1960
1956
1952
1972
1987
2016
1993
1944
1895
1861
1830
1862
1880
1930
1995
2016
2004
2014
2052
2147
2323
2488
2568
2551
2383
2206
2044
2005
2027
2033
1939
1712
1438
1258
1303
1483
1759
1996
2111
2136
2136
2152
2241
2400
2504
2520
2465
2355
2258
2224
2195
2165
2136
2073
2045
2042
2069
2125
2166
2197
2182
2165
2170
2226
2282
2326
2331
2246
1779
1736
1740
1760
1812
1872
1967
2060
2138
2213
2262
2292
2297
2279
2243
2172
2093
2010
1930
1854
1799
1770
1752
1778
1822
1904
1992
2104
2201
2304
2372
2414
2434
2419
2361
2292
2204
2102
2008
1927
1862
1834
1835
1866
1951
2068
2200
2358
2520
2655
2788
2872
2916
2902
2821
2682
2506
2283
2017
1757
1485
1238
1049
909
843
846
931
1089
1288
1554
1842
2147
2444
2721
2966
3141
3270
3303
3270
3150
2984
2742
2474
2188
1910
1664
1464
1323
1249
1236
1303
1406
1576
1778
1996
2211
2405
2568
2696
2771
2776
2741
2625
2489
2307
2106
1890
1711
1559
1441
1376
1386
1438
1538
1670
1850
2043
2234
2427
2586
2722
2813
2832
2811
2732
2595
2423
2212
2413
2276
2140
2015
1895
1809
1773
1751
1786
1811
1832
1827
1769
1718
1683
1680
1731
1840
1991
2155
2330
2474
2595
2688
2752
2771
2766
2699
2598
2424
2216
1997
1791
1617
1523
1502
1542
1666
1835
2059
2290
2506
2670
2784
2830
2830
2758
2667
2554
2410
2269
2122
2011
1928
1871
1838
1817
1780
1769
1753
1745
1723
1699
1654
1618
1601
1597
1633
1680
1756
1866
2015
2192
2381
2576
2793
2994
3161
3299
3361
3346
3232
3040
2805
2533
2244
1960
1690
1415
1150
899
690
527
445
479
623
871
1144
1440
1683
1909
2087
2265
2436
2581
2737
2872
2949
2972
2964
2924
2820
2708
2571
2436
2316
2203
2042
1837
1590
1273
916
607
352
290
384
632
978
1254
1423
1634
1860
2104
2335
2527
2685
2815
2882
2888
2828
2747
2601
2430
2217
1991
1796
1601
1444
1360
1339
1383
1483
1640
1832
2024
2242
2444
2585
2710
2775
2806
2802
2747
2670
2555
2424
2277
2095
1943
1800
1692
1613
1571
1559
1601
1681
1778
1881
1965
2057
2148
2237
2285
2326
2363
2411
2433
2449
2468
2477
2474
2443
2395
2330
2247
2158
2059
1952
1896
1859
1787
1747
1751
1737
1725
1734
1764
1797
1832
1916
2002
2065
2174
2273
2356
2388
2416
2399
2368
2286
2213
2119
2022
1939
1893
1858
1843
1864
1903
1965
2046
2122
2232
2308
2385
2431
2444
2430
2372
2296
2179
2038
1885
1726
1584
1482
1423
1419
1484
1627
1802
2019
2288
2546
2784
3001
4095
4095
4052
3421
2618
1728
868
131
3
2
3
3
4
167
788
1473
2163
2781
3298
3668
3867
3894
3742
3486
3146
2772
2445
2190
2067
2071
2170
2356
2523
2608
2597
2442
2172
1774
1315
824
362
2
2
0
1
115
587
1216
1944
2689
3374
3952
4095
4095
4095
4095
4060
3637
3140
2632
2178
1783
1499
1338
1290
1380
1536
1706
1895
2038
2120
2125
2032
1824
1515
1137
773
514
428
544
882
1422
2086
2775
3410
3886
4095
4095
4095
3847
3480
3058
2585
2108
1647
1246
892
650
553
633
874
1272
1773
2299
2762
3059
3179
3074
2807
2446
2097
1829
1692
1689
1788
1957
2159
2364
2571
2772
2954
3106
3184
3149
2977
2709
2360
1975
3838
4095
4095
4095
4095
4095
4095
4095
4095
3545
2888
2228
1597
1003
470
10
1
1
1
1
4
3
78
564
1155
1808
2479
3149
3753
4095
4095
4095
4095
4095
4095
4095
3992
3440
2837
2210
1619
1072
611
228
4
3
2
4
108
409
813
1262
1753
2252
2726
3160
3524
3783
3936
3970
3895
3709
3418
3047
2616
2171
1722
1298
954
664
470
373
405
543
786
1135
1547
2031
2522
3002
3448
3814
4064
4095
4095
4090
3818
3430
2951
2413
1830
1229
666
167
2
0
2
3
2
3
2
462
1112
1829
2586
3296
3972
4095
4095
4095
4095
4095
4095
4095
4095
3475
2730
1948
1169
426
3
4
3
3
2
3
1
2
2
3
4
4
4
0
689
1616
2481
3207
3749
4053
4095
4002
3729
3340
2908
2457
2118
1878
1790
1854
2053
2408
2842
3324
3775
4095
4095
4095
4095
4028
3480
2719
1832
869
4
2
3
2
2
3
1
1
2
5
655
1608
2500
3260
3848
4095
4095
4095
4095
4095
4095
3930
3656
3381
3106
2829
2533
2229
1877
1526
1192
866
577
357
195
118
104
173
275
445
632
869
1123
1344
1556
1745
1860
1946
1980
1979
1949
1917
1913
1960
2117
2357
2687
3084
3527
3965
4095
4095
4095
4095
4095
4095
4095
3994
3412
2746
2006
1302
607
18
2
3
2
1
2
1
2
8
442
990
1544
2050
2510
2886
3159
3327
3405
3404
