2105
2080
2102
2104
2097
2094
2086
2096
2100
2089
2091
2085
2097
2097
2108
2106
2101
2095
2087
2089
2111
2110
2123
2122
2084
2098
2099
2092
2081
2100
2093
2086
2096
2101
2104
2091
2104
2092
2079
2090
2093
2075
2089
2081
2084
2099
2117
2112
2091
2114
2104
2108
2094
2077
2107
2109
2119
2085
2102
2101
2111
2106
2072
2074
2114
2095
2083
2084
2103
2087
2076
2090
2089
2120
2096
2105
2098
2105
2099
2104
2078
2086
2082
2109
2095
2114
2114
2101
2086
2070
2078
2069
2065
2082
2077
2079
2100
2102
2096
2098
2119
2101
2104
2118
2134
2111
2095
2111
2104
2097
2111
2094
2082
2089
2097
2088
2096
2096
2091
2092
2084
2108
2112
2103
2100
2105
2108
2095
2136
2154
2142
2135
2129
2107
2126
2123
2126
2138
2129
2148
2143
2138
2144
2154
2150
2147
2133
2154
2130
2132
2147
2161
2145
2158
2173
2163
2151
2148
2166
2172
2144
2140
2152
2145
2164
2157
2153
2142
2139
2124
2137
2115
2109
2117
2108
2104
2101
2095
2073
2088
2077
2069
2058
2072
2060
2049
2049
2040
2043
2030
2028
2036
2028
2033
2025
2042
2019
2011
2015
1998
1999
1995
1989
1980
1998
1988
1992
1999
1979
1976
1994
1964
1983
1982
1993
1993
2007
1990
1995
1987
1987
2000
2007
2006
1994
1990
1994
2002
2002
2011
2000
2021
2035
2020
2005
2015
2034
2017
2026
2052
2058
2060
2044
2068
2062
2048
2055
2063
2091
2082
2059
2076
2081
2089
2103
2105
1896
1905
1931
1961
2013
2040
2100
2144
2201
2208
2239
2241
2271
2289
2294
2299
2325
2348
2365
2343
2355
2366
2362
2351
2325
2304
2281
2253
2203
2169
2155
2140
2102
2103
2083
2082
2067
2038
2034
2008
1978
1956
1917
1894
1868
1851
1847
1864
1840
1864
1914
1901
1927
1937
1934
1945
1941
1944
1936
1954
1952
1963
1964
2005
2027
2056
2068
2072
2067
2077
2103
2095
2131
2140
2175
2186
2211
2215
2205
2216
2207
2223
2210
2217
2204
2219
2247
2256
2246
2225
2236
2212
2205
2200
2210
2201
2222
2205
2236
2221
2210
2235
2220
2192
2179
2145
2122
2118
2097
2080
2064
2048
2048
2050
2040
2051
2044
2064
2050
2046
2035
2025
2031
2026
2011
2012
2013
1997
2192
2155
2161
2125
2109
2089
2053
2030
2014
2005
1996
1976
1966
1970
1951
1954
1966
1964
1958
1954
1991
1994
2017
2047
2058
2094
2118
2135
2140
2173
2202
2206
2208
2246
2251
2216
2184
2168
2164
2167
2109
2105
2070
2039
2021
1986
1948
1939
1903
1905
1888
1892
1887
1910
1908
1915
1959
1987
2022
2036
2069
2108
2167
2190
2226
2271
2314
2328
2339
2332
2343
2323
2326
2302
2272
2250
2199
2151
2142
2075
2024
1981
1968
1924
1913
1905
1888
1880
1866
1879
1877
1896
1914
1941
1972
2018
2057
2095
2141
2151
2181
2233
2265
2294
2308
2300
2306
2288
2269
2231
2231
2191
2155
2127
2088
2050
2040
2002
1948
1947
1928
1911
1919
1919
1942
1960
1981
1996
2173
2200
2214
2243
2235
2237
2253
2272
2288
2309
2327
2334
2324
2304
2265
2239
2219
2145
2075
1995
1932
1879
1825
1783
1737
1726
1717
1729
1751
1800
1841
1896
1961
2034
2112
2184
2232
2277
2320
2363
2387
2401
2405
2393
2372
2359
2340
2353
2343
2337
2304
2264
2232
2200
2134
2075
2021
1963
1910
1828
1775
1736
1702
1679
1681
1682
1734
1797
1878
1953
2065
2148
2238
2311
2355
2361
2360
2355
2328
2297
2277
2245
2206
2219
2212
2233
2222
2237
2228
2226
2215
2208
2162
2106
2052
2001
1921
1842
1814
1806
1780
1757
1780
1800
1839
1904
1962
2006
2072
2148
2207
2258
2275
2282
2285
2253
2208
2158
2117
2117
2085
2104
2126
2171
2212
2248
2264
2248
2217
2213
2203
2199
2200
2203
2201
2239
2223
2228
2202
2183
2151
2117
2127
2104
2077
2070
2065
2055
2030
2028
2013
1991
1967
1951
1960
1958
1956
1969
2031
2051
2080
2109
2160
2193
2237
2249
2254
2237
2194
2191
2165
2155
2113
2127
2136
2107
2119
2132
2114
2112
2073
2050
2020
1974
1968
1943
1958
1965
1981
1996
1992
2020
2027
2047
2056
2049
2028
2062
2089
2118
2113
2151
2192
2235
2272
2308
2330
2346
2319
2312
2271
2221
2155
2094
2001
1921
1857
1801
1788
1740
1767
1789
1846
1905
1991
2072
2140
2200
2246
2267
2253
2226
2176
2133
2059
2012
1957
1926
1892
1873
1895
1909
1939
2003
2069
2102
2136
2178
2225
2278
2268
2279
2294
2304
2278
2280
2477
2459
2387
2314
2243
2203
2178
2155
2152
2170
2198
2243
2283
2305
2288
2240
2171
2086
1954
1846
1749
1667
1613
1544
1509
1549
1606
1690
1758
1851
1926
1982
2048
2090
2172
2230
2280
2359
2406
2464
2527
2552
2569
2553
2503
2442
2372
2278
2168
2077
1968
1893
1818
1751
1702
1690
1661
1665
1676
1706
1710
1739
1798
1886
1971
2035
2112
2189
2249
2329
2382
2400
2426
2449
2446
2442
2454
2426
2398
2387
2374
2356
2330
2295
2262
2196
2144
2084
2025
1938
1868
1814
1753
1741
1737
1741
1761
1816
1912
1997
2087
2159
2232
2284
2327
2324
2341
2320
2298
2268
2232
2177
2142
2106
2054
2021
1981
2015
2029
2071
2116
2199
2240
2268
2314
2313
2338
2292
2215
2346
2451
2535
2602
2636
2643
2629
2600
2565
2510
2406
2266
2103
1896
1695
1489
1381
1323
1273
1273
1336
1424
1554
1711
1881
2064
2273
2447
2571
2697
2786
2804
2753
2701
2640
2549
2469
2396
2314
2202
2073
1948
1790
1664
1567
1501
1498
1530
1609
1716
1863
2072
2247
2396
2541
2594
2649
2681
2639
2587
2503
2413
2303
2176
2049
1919
1798
1702
1597
1559
1532
1547
1577
1668
1764
1908
2045
2193
2339
2491
2602
2694
2729
2707
2669
2613
2528
2374
2223
2068
1905
1801
1723
1633
1579
1569
1607
1642
1708
1790
1840
1927
2021
2111
2159
2223
2262
2319
2335
2346
2344
2311
2284
2228
2206
2129
2070
2006
1942
1892
1885
1818
1830
1889
1936
2008
2085
2511
2497
2435
2354
2257
2138
2000
1902
1854
1828
1820
1823
1840
1883
1912
1960
1984
2017
2022
2015
2014
2052
2092
2139
2207
2296
2387
2479
2560
2627
2602
2526
2436
2321
2192
2020
1850
1768
1698
1652
1616
1640
1693
1736
1792
1869
1943
2001
2054
2114
2119
2150
2146
2122
2094
2080
2121
2120
2158
2212
2270
2318
2352
2349
2332
2273
2212
2116
1982
1859
1736
1665
1614
1611
1665
1767
1911
2062
2199
2335
2434
2504
2544
2522
2482
2409
2305
2206
2121
2042
1960
1926
1893
1874
1893
1911
1956
1997
2034
2063
2090
2143
2136
2151
2157
2134
2149
2144
2178
2212
2215
2260
2293
2290
2294
2278
2248
2178
2116
2026
1901
1815
1750
1681
1624
1641
1675
1758
2764
2764
2735
2653
2547
2387
2194
2061
1905
1779
1708
1664
1713
1735
1801
1877
1938
2018
2058
2127
2131
2098
2069
2045
2030
2011
2044
2088
2148
2225
2280
2335
2324
2284
2219
2147
2081
2016
1927
1918
1950
1991
2083
2176
2274
2364
2413
2457
2479
2491
2455
2416
2356
2302
2239
2167
2085
2028
1954
1896
1854
1821
1813
1800
1837
1837
1830
1837
1781
1752
1729
1711
1736
1805
1875
1950
2024
2122
2187
2235
2257
2264
2257
2240
2234
2233
2189
2144
2108
2044
1970
1928
1865
1849
1852
1827
1854
1867
1880
1885
1905
1966
2016
2093
2154
2222
2294
2337
2418
2471
2534
2530
2539
2519
2513
2461
2414
2334
2268
2173
2099
2028
1980
1946
1907
1918
1906
1930
2067
2104
2046
1948
1867
1717
1597
1552
1546
1610
1739
1891
2108
2322
2512
2656
2788
2845
2870
2873
2810
2709
2565
2413
2208
2006
1862
1736
1691
1692
1702
1732
1776
1819
1852
1860
1844
1847
1830
1774
1768
1817
1866
1955
2032
2126
2199
2255
2320
2328
2287
2220
2174
2136
2130
2158
2256
2374
2482
2596
2679
2669
2610
2467
2269
2050
1797
1583
1386
1240
1166
1190
1280
1434
1638
1864
2110
2348
2531
2666
2713
2704
2607
2468
2263
2029
1831
1644
1540
1503
1573
1747
2005
2300
2586
2842
2993
3057
2998
2840
2601
2339
2069
1855
1693
1628
1617
1724
1903
2069
2181
2253
2277
2232
2114
1999
1840
1697
1648
1622
1655
1704
1802
1869
1925
1962
1963
2022
1887
2192
2492
2760
2984
3136
3202
3220
3199
3101
2923
2740
2584
2403
2212
2029
1858
1694
1554
1447
1333
1268
1216
1180
1211
1274
1373
1500
1736
2004
2256
2457
2633
2721
2732
2718
2644
2553
2425
2269
2100
1956
1809
1673
1592
1594
1588
1630
1688
1749
1815
1878
1957
2040
2166
2273
2433
2606
2745
2845
2868
2805
2696
2575
2452
2322
2133
1969
1790
1586
1379
1271
1226
1291
1404
1586
1770
1935
2109
2296
2494
2667
2812
2901
2916
2877
2788
2621
2442
2256
2077
1919
1793
1697
1599
1535
1512
1490
1480
1493
1517
1556
1658
1811
1976
2121
2296
2465
2586
2664
2757
2801
2775
2730
2628
2467
2256
2054
1824
1624
1481
1380
1344
1384
1446
1594
1754
1921
1565
1336
1147
1025
980
1033
1190
1415
1689
2053
2397
2690
2950
3174
3269
3323
3253
3090
2841
2528
2160
1761
1407
1098
895
808
835
965
1144
1386
1672
1941
2250
2517
2755
2950
3073
3145
3103
3017
2882
2678
2433
2135
1842
1618
1433
1322
1233
1224
1245
1346
1441
1616
1807
2016
2207
2408
2572
2707
2789
2812
2782
2724
2627
2512
2413
2276
2170
2012
1891
1783
1672
1585
1529
1536
1583
1690
1841
1978
2126
2245
2365
2412
2422
2358
2274
2174
2023
1897
1824
1798
1818
1898
2014
2152
2278
2410
2531
2625
2612
2570
2462
2290
2093
1842
1608
1436
1337
1321
1367
1531
1742
1990
2276
2545
2764
2892
2936
2865
2724
2540
2287
2025
1824
1625
1493
1468
1154
1043
965
926
953
1001
1132
1323
1506
1790
2077
2365
2666
2930
3131
3265
3353
3375
3353
3352
3260
3136
2966
2699
2399
2061
1718
1419
1192
1061
992
1015
1014
996
988
981
1017
1124
1320
1568
1887
2195
2420
2559
2636
2677
2733
2804
2957
3168
3285
3360
3318
3152
2828
2458
2053
1760
1584
1512
1487
1535
1581
1640
1642
1631
1591
1571
1588
1640
1688
1727
1752
1776
1839
1914
2071
2258
2507
2714
2814
2866
2783
2577
2354
2157
2016
1967
2037
2170
2287
2372
2346
2274
2141
2022
1940
1954
1995
2028
2129
2145
2160
2170
2158
2168
2220
2304
2422
2482
2495
2429
2237
1967
1658
1381
1203
1140
1167
1280
1443
1601
1737
1836
1916
1968
2078
2190
7
0
0
0
0
0
80
632
1230
1821
2346
2838
3167
3424
3541
3557
3480
3367
3230
3080
2919
2793
2681
2622
2574
2512
2464
2419
2339
2210
1991
1731
1423
1011
631
284
17
1
0
106
499
1056
1714
2398
3080
3698
4095
4095
4095
4095
4095
4095
3862
3216
2509
1782
1151
637
317
147
134
273
516
792
1104
1404
1689
1983
2155
2345
2483
2625
2760
2891
3036
3173
3344
3532
3680
3775
3836
3774
3591
3289
2847
2323
1692
1055
418
1
1
0
0
0
25
596
1391
2190
2978
3662
4095
4095
4095
4095
4095
3671
3030
2331
1658
1096
657
384
287
377
673
1065
1518
1995
2441
2787
2994
3051
2898
2597
2200
1746
1282
888
