2097
2095
2097
2096
2093
2092
2096
2100
2100
2096
2098
2098
2101
2097
2097
2096
2101
2097
2099
2097
2095
2103
2102
2096
2098
2091
2089
2094
2093
2090
2099
2096
2100
2098
2097
2094
2094
2096
2096
2096
2096
2097
2097
2096
2096
2094
2094
2092
2095
2089
2090
2088
2091
2094
2096
2092
2088
2090
2090
2092
2090
2092
2087
2088
2085
2081
2085
2077
2081
2077
2084
2081
2083
2087
2084
2082
2086
2088
2088
2082
2083
2085
2089
2089
2089
2089
2082
2086
2085
2076
2089
2090
2090
2083
2084
2084
2084
2083
2085
2084
2087
2088
2087
2083
2082
2081
2088
2089
2087
2084
2076
2072
2082
2083
2081
2081
2081
2075
2084
2081
2085
2086
2087
2080
2079
2080
2086
2080
2250
2255
2266
2269
2276
2277
2281
2281
2279
2274
2269
2264
2253
2248
2240
2232
2219
2205
2196
2197
2190
2176
2174
2163
2156
2150
2140
2137
2124
2121
2118
2113
2112
2100
2094
2084
2079
2070
2051
2043
2040
2032
2024
2022
2018
2011
2012
2010
2016
2021
2028
2038
2052
2059
2071
2074
2088
2093
2097
2101
2108
2100
2111
2100
2109
2112
2108
2107
2117
2118
2118
2122
2123
2124
2138
2153
2169
2172
2187
2197
2199
2205
2210
2214
2202
2195
2185
2172
2153
2141
2122
2102
2089
2066
2049
2037
2032
2022
2017
2027
2028
2027
2025
2029
2037
2047
2044
2050
2043
2034
2036
2026
2016
2007
1991
1973
1975
1969
1972
1967
1971
1978
1993
1992
2014
2027
2036
2042
1855
1837
1848
1876
1910
1977
2036
2085
2118
2139
2146
2147
2129
2133
2130
2142
2160
2170
2188
2192
2200
2205
2210
2219
2238
2253
2275
2299
2318
2316
2313
2306
2275
2252
2233
2230
2221
2218
2226
2222
2210
2185
2152
2110
2069
2025
1990
1954
1923
1900
1869
1851
1843
1829
1826
1828
1806
1800
1779
1752
1734
1707
1701
1712
1737
1792
1863
1946
2021
2098
2163
2212
2244
2269
2283
2286
2294
2307
2305
2311
2313
2294
2286
2291
2289
2296
2306
2330
2343
2352
2349
2324
2277
2218
2151
2067
1986
1908
1843
1783
1741
1709
1678
1663
1646
1631
1629
1628
1641
1674
1709
1764
1820
1888
1943
1992
2040
2068
2096
2124
2154
2185
2238
2305
2372
2445
2505
2553
2341
2315
2277
2234
2212
2194
2172
2153
2134
2119
2095
2066
2060
2055
2054
2052
2075
2088
2112
2127
2137
2144
2152
2133
2104
2099
2084
2058
2040
2026
2010
1994
1989
1979
1979
1984
2000
2005
2020
2030
2042
2044
2039
2044
2038
2027
2017
2008
2000
1989
1975
1961
1953
1937
1925
1923
1922
1895
1892
1900
1909
1930
1969
2007
2064
2112
2163
2219
2267
2307
2349
2386
2415
2436
2451
2458
2454
2435
2410
2361
2296
2225
2144
2049
1962
1879
1816
1769
1750
1752
1776
1808
1880
1964
2068
2170
2276
2375
2466
2520
2558
2560
2543
2504
2427
2341
2238
2137
2020
1909
1813
1734
1682
1649
1654
1678
1728
1812
1903
1994
2093
2181
2238
2287
2294
2284
2254
2188
2527
2487
2416
2301
2176
2028
1920
1836
1775
1746
1718
1697
1678
1673
1690
1735
1820
1927
2032
2113
2157
2170
2176
2189
2216
2241
2282
2290
2266
2241
2225
2239
2272
2320
2351
2337
2287
2224
2162
2110
2076
2056
2024
2005
1960
1908
1847
1798
1773
1769
1816
1870
1939
2015
2079
2112
2144
2180
2214
2239
2234
2205
2177
2156
2152
2182
2234
2287
2335
2352
2365
2357
2363
2343
2345
2325
2295
2248
2184
2104
2027
1976
1940
1940
1951
1975
1989
2005
2018
2028
2052
2086
2100
2084
2074
2040
2007
1950
1884
1802
1720
1666
1662
1689
1768
1857
1936
2025
2109
2207
2313
2429
2527
2605
2636
2628
2596
2542
2476
2384
2291
2170
2068
1951
1850
1784
1740
1756
2180
2257
2327
2388
2428
2440
2442
2419
2386
2351
2297
2248
2186
2090
2040
1960
1897
1833
1786
1754
1730
1733
1752
1792
1829
1881
1948
2013
2077
2147
2180
2230
2278
2304
2332
2361
2375
2373
2375
2360
2331
2300
2245
2209
2150
2106
2055
2009
1972
1954
1927
1905
1911
1920
1939
1944
1965
1979
2019
2040
2054
2075
2089
2114
2138
2146
2142
2130
2129
2118
2102
2107
2074
2066
2062
2042
2038
2032
2033
2034
2045
2046
2075
2095
2107
2123
2144
2160
2149
2160
2148
2144
2128
2127
2126
2126
2113
2095
2076
2090
2087
2077
2092
2123
2141
2167
2206
2247
2269
2280
2288
2288
2263
2225
2173
2143
2088
2053
2024
1995
1971
1955
1953
1937
1929
1941
1948
1968
2166
2182
2187
2186
2163
2135
2116
2122
2178
2297
2423
2544
2623
2622
2556
2424
2274
2132
2001
1861
1709
1532
1341
1180
1106
1141
1280
1495
1757
2014
2240
2429
2587
2712
2808
2868
2881
2828
2725
2577
2416
2251
2111
1982
1874
1777
1694
1619
1573
1550
1548
1576
1638
1702
1761
1820
1896
1991
2132
2322
2535
2731
2878
2936
2891
2759
2596
2450
2339
2248
2153
2029
1891
1760
1668
1657
1723
1845
2005
2128
2189
2196
2166
2135
2142
2167
2214
2275
2310
2329
2333
2341
2349
2372
2392
2382
2328
2241
2131
2001
1884
1800
1773
1787
1841
1905
1973
2039
2094
2144
2162
2137
2085
1998
1915
1848
1790
1748
1732
1736
1763
1822
1927
2077
2251
2406
2522
2562
2168
2232
2280
2336
2377
2400
2394
2378
2327
2258
2198
2106
2037
1980
1938
1889
1872
1873
1890
1922
1969
2021
2080
2147
2219
2302
2369
2425
2454
2454
2415
2358
2274
2178
2094
2001
1914
1841
1798
1781
1800
1852
1904
1986
2069
2162
2223
2279
2326
2338
2326
2289
2238
2144
2045
1964
1880
1802
1762
1758
1798
1850
1930
2036
2124
2238
2314
2366
2418
2448
2441
2391
2313
2187
2052
1914
1786
1702
1593
1554
1555
1599
1687
1800
1941
2108
2264
2391
2496
2586
2630
2639
2579
2506
2386
2268
2112
1966
1822
1689
1590
1552
1514
1545
1596
1689
1816
1933
2086
2207
2312
2378
2425
2427
2405
2347
2286
2217
2128
2086
2010
1974
1940
1923
1923
1944
1982
2006
2437
2604
2688
2671
2580
2468
2359
2252
2188
2113
2078
2095
2145
2225
2328
2443
2519
2540
2448
2258
2000
1730
1509
1396
1411
1560
1781
2024
2211
2302
2304
2178
2032
1869
1723
1647
1642
1685
1739
1772
1814
1883
1970
2118
2324
2508
2661
2727
2682
2542
2354
2173
2101
2185
2376
2619
2821
2909
2888
2722
2516
2283
2092
1954
1820
1658
1472
1291
1145
1130
1263
1537
1879
2178
2387
2489
2438
2377
2308
2246
2200
2184
2136
2125
2160
2221
2355
2503
2593
2579
2443
2171
1871
1593
1411
1313
1350
1411
1510
1615
1698
1819
1965
2110
2216
2258
2201
2085
1926
1824
1754
1765
1872
2065
2317
2570
2792
2930
2949
2874
2672
2404
2105
1834
1615
1478
1383
1405
2614
2650
2650
2614
2554
2469
2338
2207
2062
1920
1812
1715
1641
1607
1597
1606
1650
1716
1800
1907
2053
2201
2376
2554
2720
2857
2940
2974
2943
2839
2668
2466
2227
1988
1766
1570
1414
1302
1242
1238
1279
1364
1488
1653
1850
2066
2293
2504
2703
2856
2961
2996
2968
2862
2708
2491
2251
1998
1753
1547
1386
1258
1188
1178
1204
1265
1375
1502
1660
1850
2054
2279
2516
2736
2946
3119
3244
3316
3318
3226
3077
2883
2628
2352
2073
1800
1555
1351
1169
1043
974
955
982
1052
1174
1349
1560
1793
2045
2307
2544
2770
2951
3083
3149
3168
3114
3008
2856
2668
2468
2241
2024
1804
1606
1430
1297
1208
1171
1179
1254
1379
1551
1766
2009
2265
2524
2743
1742
1305
982
790
730
793
948
1138
1339
1506
1637
1701
1718
1714
1685
1669
1693
1760
1886
2108
2391
2730
3079
3404
3662
3812
3854
3767
3588
3300
2979
2630
2273
1937
1633
1353
1120
916
762
642
556
514
527
615
787
1048
1377
1773
2205
2621
2990
3256
3408
3414
3277
3024
2682
2317
1975
1734
1617
1639
1795
2060
2357
2643
2857
2951
2904
2703
2395
2004
1574
1140
764
480
332
343
487
790
1219
1721
2256
2759
3180
3464
3597
3552
3358
3038
2649
2272
1966
1784
1762
1890
2152
2445
2704
2897
2950
2844
2571
2168
1698
1217
786
475
298
300
464
804
1262
1803
2369
2902
3336
3655
3828
3832
3673
3376
3012
2607
2227
1910
1681
1550
2661
2003
1346
688
90
2
3
0
2
3
3
218
995
1830
2647
3344
3876
4095
4095
4095
3989
3566
3046
2469
1907
1392
974
669
492
425
459
580
751
964
1227
1513
1839
2199
2564
2939
3292
3604
3873
4050
4095
4095
3962
3680
3273
2746
2130
1454
767
145
3
3
3
3
3
3
539
1315
2140
2958
3724
4095
4095
4095
4095
4095
4095
4095
3970
3270
2510
1754
1036
412
1
2
2
2
3
4
292
822
1400
1982
2551
3068
3509
3859
4095
4095
4095
4095
3924
3607
3209
2749
2259
1762
1280
836
490
242
106
95
218
459
816
1263
1774
2314
2846
3338
3748
4044
4095
4095
4054
3748
3303
2768
2167
1564
978
480
1458
338
2
0
2
2
4
2
3
2
3
517
1718
2896
3946
4095
4095
4095
4095
4095
4095
4095
4095
3821
2940
2074
1286
624
124
1
1
3
2
307
818
1392
1956
2463
2856
3128
3273
3325
3304
3238
3156
3056
2946
2848
2755
2687
2663
2677
2714
2762
2794
2792
2724
2564
2344
2036
1640
1200
712
225
1
1
3
3
0
1
611
1472
2406
3342
4095
4095
4095
4095
4095
4095
4095
4095
3143
2012
885
2
1
2
2
2
2
2
258
1316
2404
3403
4095
4095
4095
4095
4095
4095
4095
3522
2749
1992
1318
795
488
405
530
819
1213
1635
2041
2367
2590
2667
2614
2405
2072
1653
1222
832
567
479
587
902
1996
2455
2909
3333
3688
3959
4095
4095
4095
4095
4016
3952
3902
3874
3829
3779
3696
3555
3364
3120
2828
2521
2186
1873
1552
1270
993
717
452
156
2
1
3
4
3
4
3
3
123
628
1192
1756
2275
2764
3213
3608
3967
4095
4095
4095
4095
4095
4095
4095
4095
4095
3799
3259
2676
2076
1527
1044
632
292
18
3
1
1
2
2
2
1
4
2
3
137
579
1074
1614
2181
2744
3310
3846
4095
4095
4095
4095
4095
4095
4095
4095
4095
4095
4095
4095
3702
3144
2532
1902
1287
690
156
2
2
3
3
2
0
2
3
2
249
808
1400
1974
2540
3066
3530
3929
4095
4095
4095
4095
4095
4095
4095
4095
4095
3
3
1
326
1851
3374
4095
4095
4095
4095
4095
4095
4095
4095
4095
4095
4095
4095
4095
4095
4095
3314
1874
516
2
3
4
3
1
4
1
3
3
3
2
3
1
3
183
1200
2260
3234
4095
4095
4095
4095
4095
4095
4095
4095
4095
4095
4095
4095
4095
4095
4095
4095
3691
2803
1835
807
2
1
1
3
2
3
3
2
1
1
1
2
2
1
80
1682
3502
4095
4095
4095
4095
4095
4095
4095
4095
4095
4095
4095
4095
4095
4095
2646
376
1
1
1
4
1
3
2
3
1
3
1
2
3
1
1097
2798
4095
4095
4095
4095
4095
4095
4095
4095
4095
4095
4095
4095
4095
3902
3449
3136
2895
