2088
2088
2089
2094
2080
2097
2104
2086
2092
2089
2097
2095
2097
2106
2099
2071
2088
2100
2115
2099
2095
2085
2097
2095
2095
2095
2087
2094
2087
2098
2105
2113
2092
2089
2083
2116
2105
2088
2094
2098
2068
2096
2104
2098
2098
2096
2110
2102
2101
2070
2077
2109
2097
2101
2108
2088
2104
2108
2106
2078
2076
2090
2088
2104
2098
2106
2099
2101
2077
2086
2108
2080
2057
2064
2072
2077
2088
2116
2099
2096
2099
2100
2103
2085
2077
2100
2077
2078
2084
2098
2092
2099
2080
2084
2063
2078
2086
2095
2103
2098
2116
2089
2098
2081
2074
2088
2112
2097
2113
2072
2067
2088
2092
2095
2082
2080
2111
2086
2077
2080
2092
2108
2088
2084
2103
2097
2092
2092
2097
2106
2083
2088
2086
2094
2109
2096
2101
2088
2102
2075
2104
2104
2088
2088
2093
2107
2122
2104
2094
2096
2090
2112
2093
2095
2092
2073
2100
2089
2090
2086
2102
2080
2103
2118
2104
2084
2090
2099
2115
2101
2088
2114
2124
2119
2130
2118
2096
2100
2111
2101
2118
2109
2103
2107
2104
2118
2118
2123
2129
2096
2108
2100
2094
2099
2099
2111
2111
2116
2123
2120
2116
2115
2091
2096
2102
2106
2120
2107
2105
2095
2100
2072
2111
2118
2117
2106
2112
2110
2124
2098
2132
2129
2108
2096
2096
2120
2104
2115
2089
2117
2101
2126
2107
2108
2095
2104
2115
2109
2099
2077
2080
2076
2104
2097
2105
2103
2108
2112
2100
2088
2100
2076
2103
2077
2095
2097
2158
2159
2150
2134
2089
2090
2087
2091
2075
2083
2099
2054
2042
2043
2043
2042
2045
2043
2017
2031
2031
2045
2054
2046
2028
2023
2028
2033
2033
2024
2042
2027
2035
2037
2035
2024
2025
2047
2022
2032
2013
2022
2013
2017
2023
2024
2004
2000
2028
2011
2007
2002
2060
2069
2042
2045
2071
2079
2086
2139
2128
2168
2164
2180
2186
2196
2196
2214
2232
2216
2200
2242
2230
2230
2215
2194
2183
2185
2168
2171
2185
2169
2155
2124
2136
2118
2125
2111
2095
2094
2089
2062
2062
2057
2059
2051
2056
2063
2048
2081
2086
2105
2094
2068
2090
2095
2109
2101
2076
2069
2075
2069
2073
2078
2058
2044
2030
2022
2011
2021
2026
2029
2028
1996
2022
2027
2024
2018
1970
1962
1953
1948
1949
1973
1988
1963
1988
1982
1946
1936
1915
1927
1942
1967
1980
2024
2037
2073
2095
2113
2113
2125
2115
2122
2150
2164
2158
2185
2216
2192
2211
2208
2217
2194
2203
2208
2206
2213
2228
2253
2247
2258
2235
2213
2197
2132
2124
2111
2079
2091
2108
2120
2130
2123
2141
2128
2111
2067
2030
2020
1999
1966
1976
1988
1990
1993
1997
1989
2005
2006
1955
1982
2013
1996
2002
2007
2024
2016
2058
2071
2083
2131
2117
2133
2136
2106
2091
2083
2077
2081
2070
2114
2117
2139
2160
2148
2164
2146
2153
2141
2146
2125
2106
2125
2147
2147
2149
2161
2178
2176
2197
2195
2172
2198
2164
2128
2119
2113
2103
2042
2012
2004
1986
1961
1965
1974
2014
2017
2028
2060
2081
2098
2100
2129
2155
2142
2189
2186
2171
2175
2177
2145
2126
2115
2087
2074
2027
2008
1992
1967
1957
1942
1912
1904
1913
1914
1934
1912
1968
2012
2022
2075
2114
2191
2225
2258
2317
2359
2385
2391
2389
2370
2366
2320
2284
2228
2181
2109
2056
2004
1940
1898
1882
1852
1837
1843
1873
1895
1929
1991
2058
2099
2176
2253
2321
2337
2403
2404
2418
2418
2389
2347
2279
2224
2137
2071
1978
1930
1852
1815
1783
1757
1742
1714
1781
1811
1865
1926
2007
2107
2184
2252
2328
2379
2466
2478
2492
2471
2442
2416
2343
2277
2209
2093
1987
1897
1842
1772
1711
1682
1652
1634
1658
1721
1759
1807
1909
2004
2082
2168
2270
2339
2414
2456
2138
2157
2169
2197
2198
2177
2154
2118
2104
2096
2105
2114
2141
2144
2163
2188
2189
2189
2186
2214
2177
2130
2104
2041
2004
1915
1862
1824
1809
1829
1848
1912
1961
1996
2033
2085
2121
2183
2212
2276
2319
2333
2365
2381
2335
2259
2183
2136
2083
2020
1972
1958
1947
1942
1911
1873
1855
1838
1799
1809
1849
1915
1980
2041
2084
2125
2145
2167
2170
2202
2243
2279
2366
2396
2431
2425
2387
2370
2349
2295
2236
2193
2136
2107
2027
1982
1925
1874
1836
1788
1782
1768
1747
1749
1823
1869
1952
2017
2107
2149
2183
2220
2226
2200
2208
2218
2223
2233
2266
2255
2239
2218
2213
2171
2165
2128
2145
2145
2136
2153
2122
2091
2044
1991
1960
1938
1932
1954
1680
1723
1789
1891
1961
2058
2160
2258
2307
2408
2436
2483
2486
2444
2415
2361
2297
2213
2117
2028
1937
1882
1813
1780
1768
1789
1809
1880
1926
1975
2084
2156
2243
2283
2328
2357
2371
2368
2316
2266
2219
2128
2054
1985
1923
1880
1840
1795
1778
1784
1814
1841
1912
1968
2072
2152
2228
2309
2401
2458
2466
2463
2454
2417
2359
2281
2179
2093
2000
1927
1841
1813
1772
1762
1775
1821
1848
1894
1961
2016
2083
2131
2213
2269
2310
2333
2322
2319
2279
2238
2195
2152
2076
2013
1952
1904
1873
1851
1864
1893
1921
1962
2025
2095
2165
2199
2246
2301
2349
2360
2386
2379
2351
2318
2273
2220
2141
2083
2032
1958
1903
1878
1855
1833
1816
1843
1882
1908
1747
1685
1684
1705
1717
1766
1840
1942
2044
2138
2216
2276
2307
2299
2301
2276
2295
2325
2325
2368
2365
2357
2333
2313
2272
2204
2100
1989
1863
1692
1587
1487
1440
1452
1499
1595
1712
1814
1934
2045
2142
2257
2379
2494
2559
2594
2570
2538
2476
2433
2420
2413
2379
2352
2288
2186
2039
1909
1799
1721
1673
1658
1645
1693
1701
1731
1805
1884
1986
2128
2245
2340
2390
2389
2378
2317
2317
2274
2275
2274
2261
2244
2184
2139
2067
1988
1946
1899
1875
1831
1806
1772
1765
1796
1824
1871
1941
1971
2008
2049
2112
2153
2203
2239
2286
2276
2284
2274
2253
2270
2283
2299
2298
2239
2163
2073
2017
1979
1966
1904
1905
1888
1871
1881
1945
2010
2111
2162
2179
2121
2103
2076
2053
2043
2051
2053
2037
2023
1985
1942
1937
1904
1912
1895
1932
1955
1992
2055
2114
2170
2228
2294
2311
2276
2275
2260
2205
2147
2104
2065
2055
2053
2046
2035
2079
2098
2127
2141
2155
2172
2182
2191
2188
2170
2174
2166
2127
2117
2129
2096
2077
2042
2009
1995
1983
1949
1943
1942
1933
1959
1988
2008
2037
2064
2102
2143
2190
2190
2201
2221
2243
2263
2269
2241
2216
2203
2165
2137
2125
2099
2080
2029
2013
2008
1984
1970
1940
1964
1961
1961
1979
2008
2049
2077
2127
2175
2182
2205
2224
2212
2202
2168
2131
2110
2061
2051
2045
1980
1952
1912
1895
1893
1889
1886
1914
1943
1970
2026
2085
2132
2181
2219
2251
2264
2278
2268
2647
2541
2384
2227
2081
1948
1866
1815
1801
1841
1885
1919
1976
1990
1975
1963
1928
1897
1860
1870
1878
1919
2017
2119
2242
2376
2469
2567
2605
2610
2552
2454
2295
2133
1948
1790
1682
1617
1603
1659
1744
1850
1956
2015
2129
2217
2281
2336
2367
2393
2388
2379
2357
2316
2237
2184
2135
2095
2060
2047
2029
2028
2018
1975
1954
1906
1855
1827
1818
1868
1913
2035
2190
2353
2477
2570
2626
2612
2535
2380
2224
2053
1906
1745
1625
1531
1485
1485
1524
1551
1658
1788
1948
2112
2279
2401
2494
2519
2481
2445
2396
2318
2270
2232
2243
2259
2260
2279
2251
2177
2104
2011
1885
1806
1750
1703
1680
1702
1686
1724
1774
1891
2041
2247
2436
2631
2800
2866
2240
2132
2047
1968
1906
1865
1832
1768
1716
1642
1590
1552
1571
1595
1667
1742
1862
2004
2157
2283
2406
2503
2608
2678
2715
2742
2722
2669
2596
2489
2359
2222
2088
1960
1846
1755
1715
1670
1650
1642
1653
1642
1685
1721
1757
1844
1968
2071
2176
2299
2351
2395
2386
2360
2272
2201
2147
2086
2037
1986
1932
1889
1865
1861
1852
1848
1851
1853
1880
1924
2007
2098
2224
2329
2463
2575
2637
2716
2734
2699
2605
2501
2362
2216
2095
1962
1850
1722
1597
1481
1386
1287
1165
1129
1123
1159
1272
1463
1658
1896
2144
2392
2602
2822
2990
3126
3199
3205
3174
3111
3020
2870
2700
2515
2303
2100
1895
1716
1527
1370
1233
1138
1068
1060
1116
1194
1363
1552
1558
1500
1512
1566
1626
1770
1932
2094
2290
2475
2644
2769
2900
2942
2974
2939
2842
2727
2555
2323
2079
1848
1643
1463
1333
1263
1239
1287
1393
1545
1725
1944
2160
2361
2557
2711
2794
2824
2820
2724
2615
2440
2240
2028
1871
1717
1574
1491
1489
1527
1597
1705
1821
1952
2100
2233
2322
2410
2466
2449
2443
2404
2320
2288
2208
2127
2076
2021
1971
1946
1931
1884
1896
1880
1882
1861
1867
1832
1828
1833
1854
1899
1944
2017
2102
2173
2265
2347
2408
2465
2465
2472
2415
2343
2246
2141
2040
1940
1835
1779
1738
1686
1696
1730
1803
1899
2029
2112
2227
2344
2431
2485
2494
2466
2409
2315
2209
2128
2058
1999
1978
1961
2015
2080
2135
2250
2342
2390
1105
1093
1142
1234
1366
1545
1773
1976
2188
2359
2459
2487
2515
2520
2498
2480
2455
2447
2431
2436
2397
2335
2216
2070
1860
1702
1563
1520
1512
1567
1662
1753
1841
1964
2065
2207
2371
2538
2727
2900
3030
3062
3050
2980
2892
2732
2577
2379
2216
2002
1769
1579
1400
1268
1192
1159
1211
1245
1348
1433
1520
1598
1724
1822
1967
2128
2265
2407
2546
2649
2733
2770
2815
2797
2718
2606
2461
2303
2132
1970
1813
1639
1473
1343
1296
1288
1358
1494
1626
1790
1962
2120
2236
2378
2530
2706
2829
2941
2973
2953
2880
2768
2646
2539
2457
2370
2261
2171
2078
1955
1892
1841
1811
1772
1762
1713
1692
1657
1614
1597
1607
1654
1728
1829
1920
2039
2152
2275
1064
1436
1816
2196
2542
2834
3068
3223
3310
3294
3188
3019
2789
2525
2263
1970
1713
1511
1338
1280
1250
1330
1464
1657
1847
2079
2275
2465
2627
2679
2726
2713
2627
2479
2337
2160
1966
1833
1729
1637
1587
1603
1650
1741
1904
2072
2256
2416
2560
2650
2706
2710
2637
2490
2313
2110
1868
1622
1382
1217
1123
1105
1202
1363
1592
1878
2209
2564
2906
3209
3440
3565
3644
3629
3481
3265
2945
2562
2104
1635
1168
745
355
109
1
9
125
402
805
1257
1796
2349
2916
3381
3801
4079
4095
4095
4095
3873
3492
3036
2519
1955
1376
869
403
60
1
1
1
70
416
868
1428
1986
2557
3076
3507
3863
4095
4095
4095
4004
3761
3387
2952
2469
2996
2751
2444
2119
1803
1553
1394
1287
1167
1057
967
885
836
878
984
1210
1464
1776
2061
2288
2453
2552
2622
2651
2645
2685
2691
2661
2629
2592
2469
2358
2208
2032
1889
1768
1668
1612
1588
1591
1624
1680
1761
1834
1916
2021
2145
2267
2387
2507
2620
2672
2668
2636
2556
2410
2296
2217
2136
2128
2114
2113
2092
2034
1954
1856
1772
1760
1795
1890
1959
2087
2177
2193
2176
2161
2125
2069
2074
2099
2139
2177
2163
2091
1965
1833
1678
1544
1478
1435
1435
1451
1479
1480
1480
1510
1583
1674
1864
2083
2316
2546
2716
2835
2875
2855
2807
2760
2702
2644
2563
2485
2363
2193
1978
1778
1635
1474
1368
1263
1216
1189
1174
1184
1235
1320
1486
1645
