2079
2106
2083
2090
2091
2113
2120
2090
2093
2107
2118
2072
2105
2088
2072
2091
2090
2074
2082
2083
2103
2114
2130
2127
2121
2142
2127
2102
2110
2104
2102
2116
2106
2112
2095
2109
2112
2088
2102
2099
2095
2107
2105
2112
2130
2139
2132
2121
2073
2080
2112
2123
2110
2091
2100
2112
2098
2082
2116
2098
2080
2077
2086
2076
2074
2077
2088
2070
2090
2085
2077
2101
2119
2117
2095
2103
2102
2096
2113
2088
2106
2096
2071
2088
2130
2097
2092
2118
2124
2094
2100
2111
2138
2138
2123
2100
2059
2108
2084
2109
2101
2102
2096
2087
2109
2086
2091
2089
2092
2104
2121
2104
2096
2099
2088
2114
2118
2109
2095
2075
2104
2103
2079
2095
2088
2110
2107
2110
2102
2102
2087
2083
2101
2092
2084
2108
2104
2080
2086
2069
2086
2103
2092
2088
2098
2074
2083
2132
2097
2080
2117
2079
2086
2089
2084
2092
2085
2086
2102
2091
2100
2112
2132
2113
2074
2099
2087
2093
2094
2083
2082
2103
2095
2120
2107
2133
2120
2127
2120
2118
2093
2081
2115
2106
2086
2083
2087
2085
2103
2084
2079
2118
2092
2087
2092
2084
2082
2088
2091
2125
2128
2090
2100
2072
2127
2110
2103
2078
2076
2068
2089
2078
2095
2069
2102
2055
2063
2071
2048
2052
2063
2040
2082
2096
2131
2098
2080
2088
2100
2093
2104
2064
2088
2078
2088
2096
2093
2100
2073
2077
2053
2061
2060
2077
2060
2064
2067
2065
2071
2094
2092
2063
2063
2078
2084
2099
2086
2093
2096
2101
2094
2104
2072
2071
2080
2080
2076
2084
2076
2069
2040
2088
2065
2065
2059
2066
2051
2075
2064
2047
2047
2054
2046
2057
2074
2088
2040
2086
2026
2075
2041
2074
2071
2047
2065
2068
2058
2072
2081
2056
2055
2058
2073
2093
2117
2066
2111
2120
2110
2124
2123
2116
2120
2109
2104
2118
2087
2102
2097
2114
2089
2082
2085
2099
2095
2100
2094
2082
2094
2085
2087
2104
2117
2138
2119
2110
2116
2105
2116
2132
2111
2097
2094
2102
2096
2090
2095
2095
2101
2084
2073
2080
2105
2102
2095
2088
2060
2058
2044
2093
2103
2119
2094
2116
2098
2102
2109
2081
2095
2112
2081
2110
2063
2087
2102
2102
2077
2117
2109
2087
2085
2086
2098
2082
2095
2087
2065
2035
1994
1992
1952
1916
1876
1873
1821
1836
1780
1798
1791
1834
1808
1866
1868
1880
1893
1888
1937
1917
1968
1974
1972
2013
2053
2087
2136
2193
2227
2333
2342
2413
2459
2484
2469
2480
2456
2435
2428
2386
2420
2393
2373
2333
2349
2302
2272
2277
2265
2242
2194
2171
2179
2200
2186
2218
2228
2223
2259
2227
2231
2230
2195
2173
2158
2108
2090
2072
2040
2051
2050
2062
2016
1987
1965
1897
1870
1842
1812
1745
1779
1749
1771
1743
1728
1746
1774
1723
1711
1701
1701
1734
1695
1731
1731
1769
1792
1834
1916
1923
1936
1971
2019
2052
2060
2067
2123
2119
2094
2089
2060
2050
2032
2000
1985
2031
2053
2081
2108
2106
2094
2120
2183
2188
2128
2149
2106
2080
2027
2059
2030
1990
1972
1901
1923
1908
1886
1873
1821
1828
1877
1907
1926
1946
2023
1989
2070
2103
2096
2136
2156
2169
2208
2194
2209
2228
2248
2229
2211
2174
2170
2161
2197
2160
2160
2133
2117
2091
2072
2024
2001
2024
2005
1976
1977
1969
1994
1987
1997
1985
2050
2008
2066
2094
2048
2105
2118
2125
2156
2189
2191
2204
2213
2216
2185
2219
2222
2194
2196
2194
2173
2155
2110
2106
2078
2063
1992
1985
1934
1949
1935
1926
1934
1953
1928
1925
1962
2031
2012
2015
2064
2091
2114
2134
2189
2183
2265
2267
2292
2305
2304
2307
2326
2291
2320
2304
2234
2204
2186
2129
2112
2054
2017
2007
1998
1998
1969
1946
1968
2000
1984
2002
2277
2221
2070
1937
1832
1704
1648
1634
1726
1866
2043
2229
2413
2547
2650
2709
2683
2656
2550
2449
2343
2246
2240
2155
2110
2133
2107
2067
2069
2074
2100
2108
2130
2110
2109
2058
2031
1938
1839
1774
1696
1640
1605
1639
1696
1744
1852
1911
2031
2144
2255
2321
2362
2418
2412
2430
2394
2321
2255
2200
2120
2061
2047
1977
1948
1999
2004
2071
2071
2140
2151
2151
2156
2076
1974
1875
1744
1646
1497
1459
1428
1394
1482
1545
1688
1833
2011
2202
2360
2487
2612
2728
2804
2822
2806
2732
2680
2582
2475
2385
2319
2274
2220
2136
2071
2035
2001
1944
1905
1853
1796
1720
1638
1552
1445
1396
1336
1345
1402
1508
1671
1874
2068
2330
2524
2743
2876
3001
2417
2503
2575
2607
2566
2574
2504
2379
2256
2176
2059
1991
1907
1839
1734
1652
1604
1626
1601
1619
1668
1711
1821
1921
2008
2086
2153
2233
2289
2358
2361
2370
2356
2383
2371
2379
2367
2357
2324
2306
2245
2208
2131
2078
2004
1971
1891
1861
1826
1828
1838
1860
1883
1957
2048
2155
2230
2340
2422
2491
2524
2528
2523
2523
2479
2431
2407
2333
2309
2253
2214
2168
2122
2054
2002
1953
1916
1812
1810
1774
1748
1781
1785
1822
1876
1944
1973
2045
2132
2222
2288
2382
2394
2443
2487
2495
2443
2397
2346
2279
2177
2063
1968
1879
1779
1696
1657
1620
1648
1712
1758
1810
1888
2018
2130
2193
2296
2378
2442
2487
2541
2534
2488
2430
2386
2276
2178
2112
1546
1496
1512
1615
1685
1819
1965
2115
2247
2319
2375
2389
2348
2281
2155
2000
1869
1715
1605
1523
1494
1561
1635
1773
1952
2133
2356
2532
2693
2807
2888
2892
2842
2746
2563
2378
2197
2008
1837
1724
1627
1544
1533
1533
1566
1631
1750
1814
1900
1994
2080
2186
2314
2428
2570
2710
2834
2905
2968
2947
2888
2755
2592
2340
2108
1879
1681
1456
1292
1158
1099
1064
1105
1248
1378
1616
1860
2127
2380
2570
2739
2801
2793
2792
2679
2550
2440
2364
2261
2200
2152
2119
2122
2084
2047
1984
1896
1760
1641
1510
1382
1331
1342
1334
1457
1648
1886
2098
2292
2465
2586
2632
2621
2560
2448
2306
2136
2030
1946
1949
1958
2022
2092
2201
2283
2368
2380
2329
1577
1656
1786
1904
2145
2310
2472
2590
2623
2664
2666
2558
2473
2347
2266
2234
2127
2048
1916
1728
1524
1395
1280
1240
1293
1457
1643
1896
2084
2279
2443
2577
2654
2746
2780
2813
2802
2817
2674
2500
2318
2054
1761
1496
1292
1164
1147
1151
1245
1427
1617
1836
2045
2242
2444
2585
2634
2712
2686
2667
2617
2513
2433
2401
2311
2190
2090
1999
1880
1794
1746
1745
1797
1886
2034
2164
2263
2361
2372
2378
2378
2371
2337
2276
2287
2309
2319
2330
2373
2335
2284
2253
2111
2060
1906
1814
1689
1681
1610
1613
1744
1900
2081
2223
2426
2538
2658
2707
2742
2708
2662
2564
2437
2321
2219
2141
2097
1979
1945
1844
1772
1670
1594
1514
1400
1414
1437
1560
2794
2831
2793
2724
2515
2322
2129
1908
1742
1601
1510
1486
1544
1636
1744
1904
2048
2207
2326
2413
2434
2480
2468
2447
2384
2302
2241
2233
2215
2192
2184
2191
2187
2120
2141
2041
1978
1929
1808
1712
1619
1602
1586
1640
1756
1968
2190
2407
2618
2810
2896
2898
2805
2616
2450
2136
1805
1457
1196
1036
980
990
1164
1393
1635
1942
2214
2472
2687
2886
2994
2975
2915
2786
2641
2405
2140
1932
1744
1561
1429
1386
1365
1431
1540
1648
1804
1925
2034
2118
2212
2260
2274
2290
2352
2366
2443
2526
2615
2728
2828
2881
2866
2829
2703
2525
2322
2117
1928
1758
1606
1490
1479
1523
1619
1739
1888
2050
2193
2305
2414
2430
2448
2323
2195
2072
1943
1786
2648
2563
2382
2236
2202
2236
2338
2431
2504
2488
2462
2420
2460
2512
2597
2586
2477
2288
2078
1897
1778
1695
1648
1621
1567
1514
1448
1412
1413
1410
1443
1543
1701
1914
2197
2504
2806
3046
3208
3252
3263
3205
3187
3191
3146
3037
2852
2610
2343
2054
1796
1584
1394
1232
1043
933
785
743
797
925
1128
1349
1612
1802
1993
2193
2361
2550
2761
2945
3075
3156
3117
3046
2910
2761
2676
2565
2468
2357
2233
2104
1967
1833
1686
1629
1600
1590
1622
1673
1776
1832
1918
1994
2071
2139
2161
2214
2284
2243
2233
2180
2175
2098
2027
1960
1898
1906
1924
1926
1936
2000
2016
1968
1977
2018
2119
2235
2386
2496
2584
2552
2458
2336
2150
2075
1992
1976
1825
1526
1278
1072
980
948
1042
1233
1522
1859
2229
2603
2921
3168
3330
3356
3280
3042
2793
2452
2133
1844
1605
1478
1482
1509
1628
1761
1917
2022
2088
2122
2144
2144
2130
2178
2255
2377
2530
2704
2848
2956
3025
3009
2914
2728
2487
2196
1923
1670
1502
1372
1312
1335
1369
1457
1607
1742
1880
2035
2162
2278
2370
2376
2360
2258
2146
2052
1951
1911
1926
2056
2201
2414
2640
2790
2890
2945
2922
2780
2636
2407
2205
2038
1842
1640
1478
1331
1230
1186
1217
1282
1417
1552
1728
1890
2052
2152
2263
2301
2360
2337
2339
2322
2283
2257
2240
2240
2239
2278
2266
2243
2212
2164
2088
1988
1901
1788
1713
1626
1578
1575
1608
1669
1765
1901
2022
2163
3050
3459
3864
4095
4095
4095
4095
4095
4046
3755
3428
3034
2554
1991
1382
705
105
0
2
2
2
3
3
3
0
59
659
1374
2131
2863
3536
4073
4095
4095
4095
4095
4095
3855
3360
2847
2271
1742
1288
901
624
440
354
390
521
782
1161
1650
2159
2658
3059
3408
3620
3768
3880
3903
3862
3671
3323
2773
2155
1452
779
243
2
1
2
1
3
2
4
4
77
749
1499
2252
2937
3529
4023
4095
4095
4095
4095
4095
4095
3902
3556
3176
2812
2449
2049
1658
1221
836
501
301
266
401
660
995
1382
1729
2027
2257
2419
2530
2626
2650
2682
2608
2454
2199
1865
1537
1170
881
689
580
586
683
864
1146
1495
1920
2681
2784
2863
2874
2826
2754
2649
2528
2408
2300
2148
2038
1953
1823
1712
1615
1561
1520
1520
1526
1586
1681
1786
1921
2058
2200
2349
2484
2593
2673
2721
2721
2675
2608
2513
2398
2248
2098
1991
1842
1750
1669
1626
1627
1660
1732
1868
2017
2188
2348
2502
2643
2755
2784
2783
2709
2601
2450
2278
2108
1933
1714
1507
1305
1132
1021
1001
1032
1158
1367
1631
1941
2242
2509
2730
2886
2974
3018
2990
2892
2742
2586
2359
2142
1909
1698
1469
1282
1167
1069
1036
1049
1114
1229
1398
1630
1904
2193
2534
2870
3162
3406
3584
3700
3730
3675
3562
3335
3081
2794
2466
2101
1720
1361
1034
760
569
514
588
775
1107
1511
1942
2372
2759
3080
3302
3433
908
914
1018
1205
1471
1762
2002
2258
2513
2746
2982
3205
3347
3420
3420
3371
3252
3148
3065
2974
2907
2770
2556
2308
2053
1804
1592
1410
1294
1212
1101
960
839
784
827
964
1204
1525
1863
2170
2404
2604
2752
2880
2973
3045
3092
3078
2990
2822
2590
2300
2048
1806
1632
1486
1411
1362
1282
1283
1270
1362
1516
1747
1979
2236
2469
2650
2751
2798
2796
2759
2700
2648
2622
2624
2642
2676
2715
2729
2696
2628
2471
2287
2087
1895
1676
1472
1253
1039
836
649
530
513
603
856
1184
1556
1911
2197
2432
2593
2742
2942
3170
3429
3648
3788
3791
3607
3262
2789
2309
1856
1496
1272
1160
1085
973
794
598
376
218
189
350
698
1153
1702
