2078
2062
2052
2069
2064
2064
2066
2070
2061
2080
2071
2077
2077
2077
2062
2071
2072
2060
2049
2078
2064
2077
2072
2093
2080
2073
2078
2072
2082
2072
2083
2079
2075
2054
2057
2060
2075
2077
2076
2075
2069
2073
2082
2080
2090
2068
2062
2082
2068
2059
2053
2070
2071
2071
2082
2072
2067
2084
2074
2087
2063
2069
2067
2064
2076
2095
2091
2095
2097
2080
2089
2094
2092
2071
2088
2071
2080
2073
2084
2081
2087
2070
2066
2074
2086
2078
2078
2087
2079
2086
2085
2094
2074
2080
2096
2095
2083
2086
2078
2096
2086
2085
2088
2090
2096
2096
2105
2110
2114
2116
2092
2096
2089
2110
2104
2078
2078
2090
2097
2075
2087
2077
2100
2105
2108
2108
2087
2096
2160
2142
2161
2133
2132
2155
2139
2153
2143
2142
2140
2146
2143
2135
2130
2128
2138
2126
2137
2143
2137
2134
2112
2130
2118
2117
2120
2120
2130
2115
2096
2097
2103
2095
2081
2089
2090
2088
2098
2095
2078
2070
2070
2068
2078
2070
2074
2057
2066
2066
2059
2062
2041
2061
2036
2055
2056
2034
2025
2015
2017
2028
2001
2013
2017
2035
2013
2011
2016
2002
2013
2004
2023
2014
2002
1995
2010
2000
1998
1991
1993
1986
1992
2006
1981
1995
1995
1980
1998
1999
1997
1994
1995
2008
2001
2009
2016
2012
2016
2023
2010
2014
2031
2038
2020
2025
2032
2031
2044
2052
2071
2067
2065
2084
2058
2076
2074
2055
2072
2080
2075
2085
2076
2095
2106
2101
2103
2100
2119
2130
2165
2190
2200
2227
2228
2249
2295
2319
2341
2380
2389
2401
2397
2401
2411
2389
2365
2350
2328
2306
2282
2251
2244
2215
2186
2156
2143
2109
2088
2049
2046
2024
2040
2045
2065
2067
2084
2089
2072
2059
2064
2041
2059
2041
2056
2049
2062
2053
2072
2080
2053
2097
2107
2115
2101
2112
2092
2078
2079
2066
2053
2045
2041
2061
2072
2076
2079
2072
2076
2063
2042
2055
2032
2026
2014
2002
2006
2014
2027
2024
2029
2023
2023
2020
2039
2026
2025
2002
1999
1987
1989
1988
1987
2008
2019
2032
2038
2065
2070
2077
2076
2059
2070
2050
2062
2065
2087
2121
2135
2159
2166
2165
2157
2159
2144
2154
2138
2166
2174
2183
2197
2203
2227
2224
2216
2230
2086
2102
2102
2128
2129
2135
2135
2161
2168
2165
2143
2149
2135
2137
2140
2128
2115
2119
2096
2057
2052
2037
2026
2013
2010
1988
1986
2006
2023
2044
2048
2062
2075
2069
2092
2114
2140
2144
2156
2181
2179
2217
2207
2203
2200
2206
2194
2174
2162
2156
2131
2133
2105
2087
2068
2045
2057
2018
2024
2018
2017
2008
2026
2050
2030
2057
2087
2118
2131
2148
2171
2190
2237
2235
2252
2271
2281
2281
2262
2267
2270
2247
2218
2184
2159
2143
2107
2101
2052
2016
1994
1972
1962
1928
1921
1924
1930
1941
1955
1984
2035
2070
2099
2146
2208
2261
2288
2315
2335
2369
2403
2422
2420
2421
2409
2400
2375
2330
2299
2275
2220
2179
2137
2073
2014
1968
1903
1872
2311
2320
2303
2250
2191
2137
2075
1987
1947
1906
1882
1866
1883
1912
1944
2002
2061
2112
2157
2174
2188
2197
2189
2169
2148
2155
2152
2159
2148
2173
2203
2220
2254
2279
2302
2297
2286
2274
2231
2180
2120
2054
2016
1979
1925
1906
1838
1870
1855
1848
1888
1900
1946
1960
2002
2041
2076
2145
2198
2236
2291
2300
2327
2329
2311
2310
2263
2248
2206
2154
2137
2080
2049
2011
2041
2038
2018
1998
1987
2038
2000
1973
1956
1919
1886
1885
1856
1841
1828
1842
1900
1932
2022
2108
2175
2231
2321
2401
2455
2466
2490
2480
2478
2431
2369
2303
2231
2160
2074
2025
1952
1917
1874
1849
1834
1845
1834
1880
1924
1971
2029
2089
2150
2195
2222
2269
2298
2294
2109
2140
2167
2171
2158
2162
2152
2153
2160
2185
2197
2236
2243
2221
2219
2171
2153
2117
2099
2093
2060
2048
1999
1962
1939
1934
1925
1922
1912
1937
1943
1953
1961
2036
2081
2106
2173
2190
2209
2187
2184
2175
2167
2172
2190
2234
2258
2265
2252
2216
2133
2073
1954
1867
1819
1798
1778
1806
1822
1840
1906
1959
1990
2034
2080
2120
2120
2118
2127
2149
2164
2215
2275
2299
2343
2340
2287
2202
2112
2044
1968
1931
1906
1928
1953
1974
2011
2019
2028
2015
2009
2056
2091
2122
2188
2240
2288
2315
2336
2318
2308
2315
2289
2274
2247
2218
2176
2098
2031
1951
1865
1816
1787
1797
1843
1878
1891
1922
1949
1927
1944
1970
1986
2063
2124
2213
2260
2280
2144
2104
2037
1957
1900
1835
1779
1736
1703
1712
1727
1804
1890
1960
2034
2096
2175
2216
2233
2245
2275
2266
2220
2182
2148
2069
1995
1927
1874
1853
1844
1850
1886
1933
1987
2052
2112
2190
2254
2297
2325
2337
2323
2314
2268
2223
2216
2168
2180
2163
2146
2161
2170
2162
2152
2128
2112
2058
2026
1968
1952
1892
1848
1825
1796
1788
1777
1807
1873
1930
1998
2073
2145
2226
2271
2332
2365
2381
2383
2367
2309
2281
2233
2199
2172
2143
2113
2084
2070
2067
2025
2008
1996
1967
1906
1887
1875
1856
1868
1887
1924
1978
2048
2110
2202
2246
2308
2327
2354
2347
2328
2299
2241
2193
2118
2053
1973
1923
1880
1877
1885
1897
1943
1992
2065
2095
2111
2156
2480
2407
2299
2186
2078
1975
1840
1746
1665
1597
1616
1627
1644
1693
1726
1814
1916
2032
2181
2292
2359
2422
2454
2526
2556
2572
2564
2507
2407
2324
2218
2118
2035
1947
1867
1797
1757
1734
1726
1718
1737
1801
1869
1994
2085
2164
2194
2216
2232
2216
2222
2218
2204
2180
2129
2097
2040
1986
1958
1908
1870
1857
1878
1907
1948
1957
1932
1918
1921
1947
1991
2062
2131
2176
2170
2170
2157
2132
2098
2114
2104
2111
2146
2165
2195
2170
2093
2023
1981
1980
2020
2063
2129
2162
2192
2213
2206
2200
2194
2200
2195
2189
2198
2191
2175
2191
2152
2107
2061
2023
2024
2057
2088
2138
2140
2153
2103
2090
2054
2038
1986
1967
1985
2013
2087
2141
2218
2246
2594
2495
2377
2225
2073
1955
1847
1784
1750
1782
1848
1943
2079
2212
2383
2497
2592
2618
2642
2608
2511
2387
2246
2066
1926
1768
1659
1610
1565
1576
1623
1722
1822
2006
2165
2290
2391
2471
2506
2499
2446
2375
2255
2103
1952
1841
1745
1633
1600
1624
1674
1750
1848
1977
2107
2237
2331
2389
2413
2414
2382
2314
2243
2184
2097
2024
1964
1921
1916
1917
1983
2027
2114
2230
2318
2400
2441
2457
2436
2392
2321
2252
2154
2080
1992
1961
1940
1921
1917
1902
1926
1968
1963
2011
2045
2077
2093
2129
2141
2115
2099
2051
2020
2014
2008
2012
2057
2104
2153
2184
2216
2239
2270
2238
2217
2196
2133
2074
2038
1976
1914
1866
1842
1846
1881
1940
2029
2115
1630
1694
1765
1877
1992
2121
2199
2210
2237
2268
2327
2404
2454
2461
2402
2312
2272
2333
2431
2494
2533
2456
2347
2224
2138
2119
2072
2012
1907
1802
1709
1635
1661
1744
1884
1993
2058
2037
2008
1984
1979
2024
2141
2243
2301
2290
2217
2128
2092
2139
2235
2354
2433
2394
2261
2119
1975
1933
1968
2006
1974
1921
1792
1687
1632
1664
1759
1880
1965
2058
2115
2118
2177
2212
2291
2381
2473
2542
2523
2442
2275
2107
1947
1835
1826
1840
1882
1872
1846
1812
1778
1824
1931
2053
2187
2291
2327
2328
2287
2234
2214
2247
2266
2261
2231
2185
2108
2033
1963
1926
1989
2069
2208
2323
2365
2352
2344
2311
2350
2350
2317
2225
2078
1884
1749
1656
1640
1690
2112
2106
2109
2100
2096
2065
2048
2025
2016
2001
1990
2013
2032
2043
2064
2074
2081
2102
2133
2154
2159
2161
2154
2163
2139
2121
2069
2002
1958
1936
1931
1941
1953
2028
2121
2216
2357
2461
2585
2684
2706
2729
2744
2674
2590
2442
2294
2082
1875
1653
1428
1216
1083
985
945
993
1091
1264
1487
1784
2058
2366
2663
2915
3106
3250
3328
3327
3248
3080
2852
2583
2261
1959
1623
1332
1090
917
820
804
870
1019
1260
1561
1867
2217
2526
2801
3087
3264
3384
3453
3399
3288
3116
2875
2576
2276
1936
1648
1379
1159
1004
916
926
1002
1145
1347
1583
1859
2136
2433
2663
2865
3019
3092
3105
3063
2941
2787
2574
2345
2098
1859
1624
1450
1310
1240
1798
1801
1848
1926
1987
2027
2056
2058
2086
2129
2145
2215
2315
2452
2601
2708
2729
2682
2594
2465
2358
2201
2053
1894
1755
1625
1565
1538
1575
1596
1624
1668
1738
1856
1992
2143
2245
2297
2296
2285
2261
2271
2317
2376
2411
2403
2316
2239
2127
2089
2076
2038
1983
1888
1799
1744
1759
1816
1831
1873
1857
1866
1846
1875
1901
1966
2025
2110
2204
2336
2497
2667
2794
2859
2823
2737
2615
2468
2310
2146
1929
1752
1573
1454
1423
1437
1508
1623
1718
1806
1868
1946
2035
2123
2230
2318
2366
2362
2294
2188
2117
2073
2059
2104
2184
2247
2247
2237
2159
2072
1993
1991
2055
2100
2141
2131
2077
1999
1932
1915
1952
2021
2120
2184
2172
2146
2124
2109
1008
969
1055
1225
1514
1806
2138
2456
2715
2888
2983
2957
2824
2661
2418
2163
1926
1712
1545
1456
1422
1443
1511
1642
1779
1925
2091
2217
2328
2397
2445
2447
2414
2368
2334
2277
2233
2197
2146
2139
2115
2083
2057
2025
2000
1972
1954
1942
1956
1974
1981
2015
2039
2088
2109
2143
2186
2236
2257
2250
2244
2202
2114
2034
1951
1872
1817
1801
1860
1952
2085
2270
2447
2600
2776
2871
2900
2901
2874
2755
2575
2321
2061
1775
1473
1210
1069
994
1028
1157
1370
1652
2003
2357
2668
2965
3144
3273
3303
3245
3086
2843
2525
2157
1789
1400
1042
785
628
578
704
937
1217
1619
2046
2457
2819
3144
3351
3460
3461
3354
3143
2823
2465
2062
1650
1293
2482
2582
2539
2364
2099
1816
1595
1497
1556
1764
2025
2348
2624
2808
2922
2951
2895
2743
2536
2254
1916
1549
1196
900
749
697
787
1037
1375
1740
2134
2518
2908
3238
3496
3684
3698
3556
3228
2833
2379
1934
1589
1355
1258
1265
1392
1538
1735
1904
2032
2087
2065
1938
1775
1629
1476
1437
1501
1639
1807
1964
2133
2342
2533
2782
3122
3410
3672
3791
3728
3451
2994
2476
1956
1541
1222
1096
1035
1059
1175
1331
1544
1752
1985
2133
2213
2203
2103
1922
1752
1546
1370
1232
1170
1232
1411
1735
2132
2557
2919
3233
3404
3463
3440
3287
3054
2757
2377
2020
1675
1421
1291
1289
1349
1440
1555
1694
1851
2060
2291
2541
2670
2728
2610
2422
2101
1767
7
0
0
1
494
1178
1921
2613
3276
3868
4095
4095
4095
4095
4095
4095
4095
3773
3177
2519
1860
1253
680
173
0
2
1
1
1
1
317
834
1418
2041
2616
3123
3551
3863
4052
4088
3988
3751
3386
2976
2518
2071
1649
1291
1029
873
791
816
990
1208
1485
1829
2194
2549
2907
3184
3437
3566
3626
3544
3346
3023
2608
2114
1580
1049
540
140
1
1
1
0
285
727
1302
1927
2571
3183
3743
4095
4095
4095
4095
4095
4095
4095
3796
3124
2355
1539
759
13
1
1
0
0
0
1
0
0
495
1354
2237
3101
3888
4095
4095
4095
4095
4095
4095
4095
4095
4095
3365
2461
1534
684
0
1
1
0
1
2
