2106
2082
2097
2109
2084
2092
2081
2059
2080
2085
2101
2107
2097
2088
2085
2103
2119
2088
2091
2092
2085
2078
2082
2084
2082
2099
2099
2090
2090
2094
2085
2081
2095
2089
2080
2104
2106
2087
2113
2119
2099
2099
2112
2104
2099
2083
2097
2108
2081
2077
2080
2088
2090
2081
2098
2090
2083
2098
2104
2088
2080
2080
2086
2105
2097
2078
2095
2114
2110
2091
2075
2073
2096
2120
2089
2091
2086
2103
2080
2109
2095
2101
2096
2110
2107
2082
2107
2091
2075
2074
2089
2100
2075
2078
2096
2089
2107
2103
2104
2088
2073
2084
2081
2091
2068
2078
2088
2106
2117
2093
2088
2103
2082
2087
2095
2093
2107
2088
2097
2068
2092
2093
2092
2090
2113
2094
2080
2095
2108
2098
2113
2087
2091
2104
2102
2114
2094
2074
2109
2107
2097
2104
2085
2101
2091
2101
2107
2106
2102
2119
2090
2116
2108
2093
2088
2119
2127
2132
2105
2088
2110
2082
2071
2082
2118
2102
2085
2085
2123
2113
2096
2125
2096
2093
2100
2112
2119
2112
2108
2094
2093
2100
2124
2102
2107
2105
2093
2103
2095
2103
2097
2120
2106
2104
2103
2129
2107
2082
2088
2098
2096
2104
2085
2100
2083
2103
2096
2088
2065
2087
2072
2083
2072
2079
2065
2079
2054
2075
2067
2059
2065
2063
2066
2049
2052
2059
2068
2052
2037
2040
2047
2067
2055
2062
2059
2042
2043
2059
2038
2025
2035
2025
2030
2024
2031
2015
2013
2045
2036
2039
2034
2046
2037
2033
2012
2024
2092
2081
2097
2092
2078
2055
2052
2039
2028
2008
1997
2017
2012
2025
2019
2018
2006
2020
2048
2043
2050
2049
2051
2066
2058
2045
2068
2055
2056
2049
2081
2071
2065
2057
2083
2091
2096
2092
2094
2111
2088
2088
2078
2085
2090
2069
2112
2106
2088
2109
2114
2128
2134
2123
2148
2147
2165
2170
2156
2147
2154
2162
2136
2139
2084
2080
2073
2046
2056
2028
2030
1987
1965
1951
1963
1963
1956
1954
1943
1942
1977
1995
1980
1971
1972
1959
1964
1954
1952
1949
1939
1952
1939
1942
1962
1957
1980
1975
2031
2069
2088
2115
2183
2198
2227
2246
2295
2331
2330
2338
2335
2356
2384
2377
2381
2398
2392
2375
2371
2355
2339
2327
2322
2310
2297
2289
2264
2244
2149
2173
2162
2171
2183
2200
2202
2224
2253
2255
2301
2309
2309
2328
2326
2317
2299
2290
2252
2249
2222
2196
2178
2171
2132
2121
2128
2083
2050
2006
1968
1916
1856
1846
1840
1830
1842
1841
1889
1923
1964
2002
2023
2005
2015
2030
2035
2050
2075
2094
2110
2152
2184
2220
2272
2299
2332
2344
2327
2327
2312
2286
2251
2229
2200
2169
2176
2133
2102
2058
2040
2014
1982
1944
1940
1921
1890
1891
1912
1892
1906
1917
1946
1973
1966
1974
1994
1994
2005
2019
2006
2053
2070
2092
2130
2150
2186
2230
2250
2272
2293
2293
2279
2257
2225
2176
2145
2089
2028
2004
1992
1994
1995
2019
2040
2064
2086
2114
2110
2126
2113
2110
2108
2100
2072
2085
2082
2082
2119
2033
1950
1880
1843
1783
1778
1761
1764
1779
1796
1815
1864
1922
1971
2021
2085
2133
2160
2210
2237
2260
2256
2239
2253
2236
2235
2210
2206
2201
2227
2232
2245
2245
2264
2251
2248
2250
2220
2174
2159
2104
2022
1969
1952
1906
1879
1841
1843
1842
1834
1840
1880
1914
1963
1980
2028
2076
2120
2172
2208
2261
2277
2283
2303
2280
2273
2282
2251
2245
2218
2189
2174
2165
2192
2158
2150
2150
2121
2096
2106
2085
2102
2087
2042
2033
2024
2011
1998
1995
1977
1957
1956
1951
1927
1925
1914
1924
1947
1983
2005
2037
2077
2087
2110
2170
2211
2234
2254
2268
2241
2213
2239
2206
2197
2172
2130
2095
2085
2048
2053
2017
2022
2024
2039
2015
2024
2038
2101
2176
2264
2339
2340
2365
2386
2387
2424
2440
2464
2436
2355
2278
2160
2110
2038
2020
2013
1971
1927
1878
1823
1782
1777
1807
1833
1854
1904
1966
2030
2090
2144
2168
2197
2222
2275
2361
2434
2462
2482
2431
2359
2276
2230
2226
2213
2227
2189
2122
1976
1858
1794
1794
1824
1870
1910
1920
1908
1907
1914
1916
1979
2051
2068
2115
2126
2149
2172
2222
2237
2275
2331
2304
2302
2307
2299
2231
2171
2116
2058
2000
1960
1950
1947
1938
1945
1927
1925
1916
1953
2033
2087
2154
2173
2172
2164
2151
2148
2145
2182
2217
2239
2248
2243
2204
2152
2128
2091
2089
2111
2128
2141
2113
2086
2043
1997
1951
1961
1954
1939
1936
1946
1957
1982
2022
2041
2058
1995
2082
2176
2280
2362
2438
2466
2508
2551
2531
2497
2435
2365
2260
2157
2062
1965
1882
1784
1733
1693
1680
1680
1684
1712
1785
1851
1896
1989
2096
2161
2242
2312
2356
2363
2382
2376
2383
2352
2312
2263
2219
2172
2134
2100
2039
2012
1979
1990
1979
1974
1998
2020
2018
2082
2103
2135
2148
2168
2175
2168
2189
2201
2198
2178
2147
2119
2099
2052
2024
2005
1983
1967
1950
1944
1942
1943
1925
1947
1971
2014
2038
2071
2079
2122
2120
2154
2153
2147
2154
2145
2124
2113
2085
2077
2057
2037
2015
2022
2020
2027
2030
2041
2038
2056
2069
2073
2072
2088
2094
2091
2101
2113
2103
2137
2108
2115
2128
2133
2137
2152
2167
2185
2210
2244
2265
2264
2305
1823
1834
1892
1955
2077
2141
2215
2252
2318
2384
2397
2432
2450
2448
2420
2377
2326
2275
2247
2236
2192
2197
2168
2107
2045
1992
1928
1870
1846
1838
1852
1887
1920
1983
2007
2036
2065
2067
2098
2165
2244
2313
2378
2377
2395
2375
2373
2367
2337
2306
2216
2138
2039
1932
1856
1803
1763
1775
1786
1814
1820
1856
1901
1927
1924
1937
1971
1969
1981
1997
1977
1980
2008
2016
2067
2142
2165
2196
2230
2266
2298
2322
2370
2349
2326
2285
2254
2235
2212
2158
2113
2068
2015
1981
1961
1937
1890
1857
1859
1916
1957
2015
2072
2108
2104
2148
2227
2303
2405
2462
2465
2412
2326
2260
2204
2192
2168
2124
2077
2075
2056
2013
2000
1985
1971
1968
1944
1899
2126
2099
2051
2037
1974
1951
1924
1906
1904
1904
1941
1956
2008
2077
2119
2162
2221
2267
2320
2332
2345
2334
2314
2301
2272
2236
2150
2103
2058
1977
1913
1872
1838
1790
1777
1749
1762
1781
1829
1893
1964
2032
2092
2170
2237
2306
2379
2436
2449
2432
2415
2378
2336
2266
2197
2120
2057
2006
1918
1883
1837
1800
1775
1787
1832
1855
1920
1984
2079
2137
2226
2274
2339
2381
2380
2369
2367
2321
2296
2245
2163
2088
2029
1979
1920
1865
1854
1832
1816
1837
1875
1944
2018
2119
2211
2290
2379
2434
2495
2524
2529
2498
2467
2420
2369
2276
2196
2118
2022
1926
1852
1759
1668
1613
1587
1592
1631
1671
1764
1851
1946
2070
2165
2237
2293
2326
2357
2372
1889
1801
1733
1679
1636
1614
1616
1629
1699
1779
1866
1998
2120
2236
2350
2421
2478
2520
2514
2491
2428
2377
2273
2164
2090
1987
1957
1908
1921
1958
2041
2065
2122
2167
2155
2144
2122
2100
2073
2104
2133
2172
2156
2175
2169
2128
2140
2112
2152
2170
2238
2299
2317
2315
2263
2131
2012
1846
1742
1673
1659
1691
1747
1802
1895
1984
2067
2137
2203
2286
2360
2418
2417
2384
2324
2245
2174
2110
2083
2089
2087
2078
2098
2088
2109
2085
2088
2057
2011
1977
1933
1859
1815
1804
1746
1737
1714
1733
1768
1798
1912
2059
2233
2407
2543
2665
2749
2756
2730
2714
2644
2570
2499
2397
2302
2191
2067
1963
1902
1880
1842
1830
1807
1787
1763
1720
1641
1609
2084
2131
2202
2282
2334
2378
2412
2442
2447
2403
2374
2339
2252
2199
2101
2044
1999
1940
1910
1878
1838
1800
1825
1844
1863
1881
1920
1934
1937
1992
2027
2079
2093
2142
2197
2252
2321
2385
2456
2497
2508
2548
2545
2520
2446
2363
2240
2093
1955
1816
1694
1593
1488
1429
1382
1369
1424
1474
1574
1696
1829
2010
2156
2306
2447
2568
2669
2739
2788
2767
2751
2661
2563
2441
2283
2118
1979
1798
1664
1558
1476
1424
1367
1375
1401
1484
1589
1717
1838
2013
2193
2370
2522
2678
2779
2856
2888
2898
2872
2808
2714
2576
2416
2248
2058
1880
1692
1542
1421
1329
1288
1315
1331
1386
1481
1624
1779
1969
2126
2306
2459
2583
2701
2754
2807
2787
2742
2683
1988
2043
2085
2148
2183
2207
2210
2152
2102
2028
1979
1895
1813
1743
1707
1657
1657
1659
1680
1747
1834
1941
2045
2183
2294
2398
2468
2517
2506
2443
2366
2257
2157
2019
1901
1837
1785
1797
1831
1889
1973
2083
2221
2333
2436
2521
2564
2625
2655
2646
2637
2616
2561
2459
2370
2229
2124
1997
1879
1782
1704
1624
1568
1568
1576
1582
1599
1625
1670
1682
1758
1793
1859
1961
2094
2239
2358
2471
2603
2706
2790
2803
2798
2755
2690
2569
2441
2316
2209
2087
1976
1909
1854
1853
1828
1804
1827
1867
1900
1863
1834
1856
1865
1872
1889
1899
1914
1924
1942
1975
2003
2037
2060
2132
2180
2197
2248
2261
2265
2240
2191
2117
2010
1897
1765
1689
1645
1634
2202
2069
1950
1848
1789
1701
1611
1587
1513
1466
1448
1425
1468
1548
1653
1761
1881
2026
2145
2223
2323
2369
2395
2420
2423
2424
2433
2425
2381
2312
2273
2216
2138
2051
1978
1888
1822
1743
1670
1642
1630
1655
1706
1792
1874
1965
2064
2172
2267
2341
2417
2482
2538
2580
2609
2609
2605
2598
2547
2473
2413
2343
2240
2111
1978
1887
1741
1668
1590
1525
1526
1548
1574
1641
1713
1804
1942
2067
2191
2326
2445
2552
2643
2732
2747
2761
2737
2647
2578
2436
2327
2186
2056
1893
1748
1620
1532
1452
1392
1366
1395
1455
1534
1631
1749
1853
1974
2121
2232
2344
2458
2564
2665
2711
2729
2752
2733
2647
2530
2349
2153
1930
1687
1448
1286
1178
1097
1081
2176
2053
1929
1808
1723
1618
1576
1584
1603
1648
1745
1860
1985
2095
2203
2307
2393
2449
2512
2525
2537
2505
2487
2441
2365
2291
2216
2141
2068
2008
1954
1928
1889
1872
1880
1885
1880
1889
1915
1925
1946
1964
2007
2033
2068
2060
2130
2127
2128
2190
2198
2202
2195
2189
2171
2138
2071
1997
1919
1817
1749
1650
1594
1542
1514
1544
1566
1611
1705
1844
1988
2166
2332
2545
2734
2889
3016
3097
3118
3114
3052
2918
2753
2538
2320
2089
1826
1598
1370
1193
1093
1022
1024
1108
1228
1410
1648
1866
2084
2297
2462
2610
2716
2757
2747
2714
2620
2529
2409
2292
2208
2139
2103
2059
2024
1987
1996
2023
1995
1983
1944
1895
1875
1828
1811
1791
1787
1843
2084
2013
1912
1792
1711
1618
1577
1577
1619
1712
1803
1916
1971
2028
2068
2071
2056
2049
2052
2102
2150
2215
2290
2318
2349
2313
2244
2158
2098
2055
2012
1987
1961
1944
1933
1943
1965
1938
1933
1901
1875
1848
1824
1783
1731
1672
1622
1568
1545
1535
1507
1520
1564
1656
1762
1904
2015
2140
2244
2345
2430
2456
2530
2568
2657
2733
2833
2948
3061
3145
3174
3211
3217
3182
3122
3010
2834
2613
2342
2017
1761
1494
1242
1085
1020
1029
1015
1045
1113
1147
1183
1248
1304
1406
1534
1686
1848
2024
2148
2250
2343
2371
2411
2464
2510
2561
2595
2600
2568
2494
2334
2162
1967
1839
1732
1662
1674
1719
1821
1937
2016
2081
2160
2234
2330
2462
2568
2694
