2104
2118
2104
2098
2096
2092
2101
2108
2100
2118
2098
2104
2100
2097
2106
2099
2117
2094
2101
2102
2106
2118
2114
2096
2091
2090
2110
2101
2088
2099
2074
2090
2116
2110
2094
2107
2124
2117
2116
2099
2118
2107
2099
2102
2091
2094
2093
2098
2100
2102
2095
2100
2096
2105
2106
2108
2100
2102
2106
2116
2102
2113
2107
2095
2105
2094
2106
2104
2114
2112
2098
2087
2097
2091
2098
2092
2113
2112
2119
2122
2102
2109
2105
2125
2107
2099
2105
2107
2096
2097
2110
2111
2104
2096
2102
2106
2108
2110
2108
2094
2098
2100
2110
2106
2105
2093
2100
2090
2090
2084
2113
2103
2106
2092
2085
2098
2096
2130
2103
2100
2104
2108
2108
2105
2091
2093
2084
2089
2074
2068
2065
2061
2075
2046
2071
2071
2082
2088
2086
2081
2085
2066
2076
2066
2055
2065
2072
2071
2070
2058
2068
2082
2075
2064
2072
2077
2077
2083
2054
2069
2058
2067
2084
2076
2089
2068
2074
2081
2081
2066
2061
2067
2051
2074
2074
2070
2073
2072
2070
2079
2082
2086
2084
2074
2070
2083
2072
2073
2073
2076
2080
2077
2080
2086
2100
2088
2088
2094
2095
2099
2103
2090
2096
2088
2093
2078
2090
2088
2090
2097
2096
2093
2090
2082
2088
2100
2088
2094
2090
2087
2098
2110
2108
2102
2094
2096
2102
2116
2110
2101
2101
2095
2098
2116
2104
2103
2103
2105
2090
2089
2108
2099
2098
2110
2113
2123
2108
2106
2110
2113
2094
2116
2108
2104
2112
2100
2022
2016
2047
2057
2076
2072
2110
2150
2141
2149
2176
2177
2184
2190
2192
2172
2159
2136
2110
2079
2057
2021
1988
1970
1960
1952
1937
1925
1919
1926
1940
1966
1993
2027
2060
2110
2130
2153
2177
2216
2223
2234
2241
2253
2242
2223
2244
2231
2229
2214
2208
2216
2221
2247
2252
2283
2312
2323
2355
2373
2402
2411
2429
2428
2416
2405
2398
2372
2353
2320
2294
2270
2235
2215
2204
2174
2162
2150
2149
2152
2135
2136
2118
2118
2112
2101
2084
2082
2069
2053
2050
2022
2024
2010
2005
1993
1999
1988
1978
1977
1980
1972
1981
1966
1972
1949
1942
1954
1949
1935
1935
1936
1932
1929
1941
1947
1962
1966
1958
1964
1976
1997
2012
2011
1980
1979
1974
1951
2164
2180
2190
2178
2145
2118
2115
2104
2102
2124
2162
2210
2254
2294
2326
2335
2326
2309
2256
2208
2140
2106
2053
2026
2002
1990
1983
1985
1991
2013
2023
2019
2054
2097
2122
2159
2193
2242
2257
2275
2283
2277
2252
2229
2190
2152
2117
2082
2065
2062
2072
2064
2088
2137
2162
2196
2242
2252
2262
2255
2245
2226
2188
2163
2103
2069
2017
1975
1948
1908
1876
1868
1847
1848
1828
1829
1848
1847
1859
1880
1907
1927
1970
2018
2058
2095
2144
2177
2208
2224
2253
2269
2290
2291
2276
2268
2265
2241
2232
2236
2218
2232
2214
2212
2204
2177
2174
2137
2092
2050
1994
1950
1887
1850
1837
1824
1807
1832
1854
1906
1945
1986
2032
2057
2088
2108
2088
2075
2462
2461
2469
2450
2409
2368
2310
2245
2204
2123
2071
2008
1971
1937
1905
1896
1910
1935
1956
1985
2035
2075
2120
2162
2204
2244
2261
2267
2282
2264
2251
2235
2196
2158
2120
2078
2028
1985
1947
1929
1904
1898
1910
1934
1974
2014
2047
2096
2135
2166
2186
2196
2198
2178
2148
2119
2074
2026
1981
1939
1890
1847
1807
1781
1773
1766
1778
1817
1860
1916
1999
2087
2183
2284
2372
2456
2532
2567
2593
2591
2565
2525
2455
2373
2293
2194
2108
2012
1923
1823
1754
1687
1640
1607
1583
1591
1622
1670
1763
1849
1957
2068
2178
2292
2391
2481
2550
2585
2596
2594
2560
2518
2482
2423
2364
2299
2242
2185
2139
2103
2070
2037
2025
2021
2015
2024
2040
2064
2356
2384
2396
2340
2241
2108
1975
1869
1810
1810
1861
1932
2009
2042
2042
2016
1995
1962
1971
2041
2147
2261
2332
2357
2325
2243
2174
2136
2146
2233
2315
2378
2364
2262
2089
1878
1712
1639
1646
1736
1888
2020
2101
2120
2098
2064
2030
2063
2119
2174
2224
2222
2178
2096
2037
2006
2032
2088
2179
2238
2246
2224
2164
2108
2071
2054
2085
2146
2190
2222
2240
2254
2272
2295
2299
2318
2300
2254
2193
2132
2079
2047
2035
2011
1957
1890
1828
1787
1798
1860
1931
2013
2042
2060
2034
1980
1969
1986
2026
2062
2088
2067
2035
1996
2016
2076
2192
2315
2406
2444
2415
2329
2244
2196
2194
2252
2316
2350
2337
2261
2170
2045
1966
1970
1980
2018
2052
2030
2575
2686
2754
2775
2753
2710
2606
2463
2294
2135
1911
1742
1560
1433
1327
1272
1263
1305
1416
1554
1712
1914
2118
2304
2485
2636
2768
2857
2883
2872
2800
2671
2526
2334
2107
1890
1676
1478
1340
1235
1214
1224
1311
1438
1612
1798
2007
2217
2418
2595
2733
2830
2891
2938
2906
2841
2740
2590
2409
2226
2043
1828
1658
1534
1416
1367
1368
1415
1496
1620
1772
1937
2082
2231
2393
2496
2577
2616
2637
2619
2595
2534
2470
2395
2301
2185
2113
2051
1992
1937
1907
1892
1894
1895
1908
1944
1966
1987
1996
1999
1990
1987
1956
1948
1949
1972
2004
2046
2095
2157
2223
2288
2368
2435
2462
2494
2506
2483
2420
2340
2228
2112
1965
1815
1694
1558
1464
1427
2036
2118
2182
2222
2284
2329
2362
2364
2353
2321
2284
2263
2225
2174
2128
2066
1996
1969
1995
2038
2088
2082
2051
2029
2038
2099
2214
2336
2394
2383
2274
2132
2041
2005
2072
2132
2116
2020
1872
1736
1726
1855
2035
2184
2221
2203
2186
2234
2318
2367
2352
2282
2152
2064
1998
1976
1906
1777
1627
1515
1520
1598
1756
1904
2051
2179
2281
2391
2474
2567
2643
2730
2726
2643
2470
2241
2030
1914
1874
1864
1752
1589
1386
1208
1140
1227
1388
1555
1701
1824
1930
2070
2244
2422
2636
2844
2976
3008
2927
2802
2703
2648
2621
2536
2306
1936
1531
1212
1070
1019
1016
1016
1018
1099
1266
1526
1821
2077
2341
2603
2854
3090
3210
3199
3144
3066
2980
2885
1842
1804
1796
1832
1883
1980
2062
2170
2282
2338
2388
2385
2358
2310
2250
2124
1969
1841
1712
1631
1600
1613
1696
1794
2001
2176
2341
2503
2630
2686
2707
2637
2520
2381
2201
1977
1754
1560
1368
1254
1180
1212
1351
1522
1787
2066
2353
2627
2852
3025
3104
3109
3013
2853
2616
2383
2111
1832
1606
1459
1362
1351
1454
1610
1821
2054
2289
2521
2697
2800
2794
2710
2561
2366
2097
1808
1562
1359
1190
1122
1141
1229
1461
1714
2027
2377
2672
2921
3094
3149
3108
2972
2757
2494
2187
1912
1646
1442
1266
1218
1247
1346
1523
1724
2010
2252
2516
2722
2836
2876
2837
2725
2528
2284
2032
1778
1592
1424
1318
1278
1308
1426
1578
1784
2021
2274
2509
2699
1768
1766
1803
1962
2268
2584
2877
2999
2914
2670
2315
1995
1742
1614
1579
1607
1597
1624
1723
1980
2378
2820
3127
3186
3040
2746
2472
2379
2408
2485
2460
2328
2131
2006
1985
2054
2133
2082
1845
1527
1248
1127
1175
1337
1530
1720
1913
2117
2370
2630
2856
2947
2872
2664
2297
1911
1544
1281
1168
1184
1295
1464
1624
1761
1944
2183
2440
2638
2745
2755
2709
2623
2521
2428
2368
2328
2309
2232
2076
1882
1659
1498
1448
1462
1445
1320
1179
1104
1244
1614
2140
2654
3032
3253
3364
3432
3478
3456
3296
2996
2601
2144
1721
1344
1021
744
583
578
682
899
1130
1356
1588
1872
2215
2574
2889
3072
3168
3178
3173
3174
3195
3190
3110
2899
2611
2272
3277
3069
2832
2528
2207
1923
1666
1444
1273
1167
1115
1102
1196
1320
1517
1740
1978
2253
2513
2718
2881
2963
3014
2995
2898
2715
2507
2255
2019
1800
1565
1351
1212
1118
1081
1082
1145
1281
1424
1601
1810
2015
2194
2365
2498
2618
2668
2722
2706
2663
2598
2472
2346
2227
2082
1892
1779
1689
1647
1629
1634
1706
1791
1907
2042
2176
2320
2440
2576
2666
2725
2762
2746
2722
2653
2528
2400
2237
2084
1912
1770
1641
1549
1513
1481
1515
1592
1703
1825
1988
2149
2332
2473
2604
2712
2775
2761
2725
2605
2480
2308
2126
1957
1782
1657
1551
1538
1590
1648
1785
1931
2090
2262
2405
2565
2649
2699
2686
2626
2575
2430
2262
2072
1846
1680
1553
1428
1403
3751
3825
3730
3559
3368
3120
2832
2474
2100
1723
1355
1080
894
766
676
672
722
838
1028
1248
1450
1588
1693
1797
1958
2174
2461
2792
3051
3194
3277
3334
3406
3532
3669
3733
3665
3410
3039
2579
2101
1649
1208
744
355
27
2
2
36
312
696
1128
1650
2217
2843
3368
3792
4016
4038
3864
3580
3243
2891
2552
2239
1920
1644
1462
1344
1278
1306
1323
1336
1376
1435
1490
1592
1678
1699
1721
1774
1913
2090
2272
2416
2508
2502
2491
2556
2658
2781
2879
2856
2696
2445
2184
1974
1888
1878
1820
1734
1630
1546
1496
1557
1690
1868
2029
2137
2255
2391
2518
2600
2630
2628
2606
2552
2523
2481
2403
2199
1934
1646
1421
1252
1248
1352
1455
3699
3310
2805
2202
1577
998
526
203
77
128
386
795
1309
1911
2508
3079
3594
3996
4095
4095
4095
3976
3536
2961
2289
1599
879
310
4
3
1
2
161
681
1310
2009
2686
3335
3934
4095
4095
4095
4095
4095
4095
3716
2991
2163
1328
575
4
3
2
4
5
7
467
1144
1850
2545
3224
3809
4095
4095
4095
4095
4095
3662
3004
2277
1559
920
366
2
2
2
3
229
708
1278
1914
2584
3229
3742
4095
4095
4095
4095
3804
3311
2756
2132
1578
1067
680
451
409
517
721
1073
1498
1992
2507
2990
3421
3720
3887
3874
3677
3344
2855
2275
1680
1085
561
142
3
2
1
38
412
889
1463
2084
2718
3315
3821
4095
1425
2012
2707
3513
4095
4095
4095
4095
4095
4095
4095
4095
4095
3952
2927
1814
714
3
2
2
3
2
2
2
9
816
1799
2741
3602
4095
4095
4095
4095
4095
4095
4095
4095
3994
3348
2650
1894
1195
598
174
1
1
1
53
186
323
398
467
605
783
1068
1440
1886
2348
2813
3299
3747
4095
4095
4095
4095
4095
4095
4095
4095
4095
4095
3663
2600
1395
318
1
2
1
1
2
2
2
2
2
450
1388
2450
3536
4095
4095
4095
4095
4095
4095
4095
4095
3687
3144
2594
2061
1471
928
447
104
2
6
255
707
1206
1696
2088
2376
2544
2622
2638
2669
2733
2774
2787
2752
2679
2540
2418
2279
2192
2206
2278
2391
2885
2986
3057
3052
2996
2871
2668
2411
2096
1756
1441
1159
924
735
612
582
625
742
906
1118
1353
1653
1986
2335
2663
2988
3286
3529
3688
3764
3746
3615
3393
3085
2710
2296
1874
1445
1057
748
513
392
365
435
609
832
1147
1526
1959
2404
2864
3290
3657
3972
4095
4095
4095
4095
3903
3545
3087
2557
1979
1393
838
355
1
1
3
2
1
97
562
1137
1766
2396
2996
3546
4001
4095
4095
4095
4095
4095
3998
3597
3092
2542
1976
1391
881
419
31
3
1
1
41
424
964
1588
2252
2872
3450
3912
4095
4095
4095
4095
4095
3800
3330
2798
2212
1610
1028
504
79
3
1
1
2
306
886
1584
2326
3052
3677
4095
