2112
2117
2098
2091
2092
2104
2098
2098
2095
2099
2114
2101
2088
2091
2085
2100
2083
2084
2074
2076
2076
2090
2092
2096
2082
2097
2107
2107
2098
2108
2082
2056
2082
2096
2104
2091
2092
2084
2088
2114
2104
2116
2111
2113
2107
2095
2086
2093
2082
2082
2093
2102
2108
2082
2082
2107
2099
2106
2117
2113
2092
2104
2090
2079
2115
2111
2113
2121
2119
2127
2107
2121
2117
2110
2110
2116
2108
2105
2093
2112
2101
2111
2119
2095
2110
2108
2108
2116
2114
2127
2120
2108
2108
2099
2076
2086
2101
2099
2085
2087
2085
2072
2080
2079
2077
2090
2078
2084
2089
2096
2088
2078
2092
2086
2094
2091
2092
2077
2079
2093
2093
2100
2091
2096
2084
2095
2077
2073
2117
2111
2114
2104
2105
2121
2110
2121
2112
2110
2113
2117
2110
2108
2111
2115
2111
2109
2128
2136
2127
2101
2106
2114
2109
2109
2104
2099
2102
2100
2106
2096
2102
2118
2125
2120
2113
2119
2116
2098
2106
2096
2116
2089
2110
2127
2105
2094
2103
2093
2106
2092
2087
2098
2087
2080
2096
2089
2080
2092
2093
2084
2070
2097
2091
2109
2087
2068
2075
2092
2063
2081
2066
2059
2083
2096
2092
2081
2093
2073
2065
2070
2073
2043
2067
2079
2057
2060
2059
2064
2053
2075
2071
2060
2047
2062
2065
2068
2043
2056
2059
2044
2034
2055
2059
2043
2056
2075
2063
2059
2054
2057
2049
2063
2041
2042
2038
2062
2066
2050
2036
2028
2038
2050
2040
2055
2050
2058
1938
1945
1945
1925
1942
1944
1955
1986
1976
1989
2024
2030
2071
2104
2125
2137
2167
2161
2150
2146
2134
2166
2188
2176
2170
2152
2164
2149
2146
2146
2140
2151
2169
2155
2149
2168
2198
2193
2208
2230
2198
2212
2254
2271
2287
2280
2304
2303
2280
2299
2264
2269
2267
2254
2225
2199
2168
2175
2151
2125
2119
2105
2090
2071
2040
2053
2058
2040
2036
2026
2040
2048
2055
2054
2060
2085
2080
2087
2073
2077
2079
2077
2080
2090
2083
2060
2049
2035
2013
2022
2010
1998
1996
1979
1970
1963
1970
1952
1960
1940
1951
1957
1961
1984
2009
1989
2012
2010
2036
2063
2077
2072
2074
2086
2094
2118
2117
2124
2140
2153
2155
2167
2149
2173
2165
2176
2175
2184
2182
2158
2132
2107
2062
2037
2007
1972
1929
1904
1869
1841
1832
1821
1819
1804
1806
1809
1845
1887
1906
1934
1975
2018
2076
2120
2164
2178
2226
2249
2286
2298
2326
2322
2323
2322
2318
2302
2304
2262
2235
2205
2180
2140
2101
2071
2032
2004
1965
1940
1914
1898
1889
1880
1902
1916
1904
1913
1943
1973
2034
2046
2064
2099
2147
2177
2214
2222
2265
2284
2308
2311
2319
2324
2326
2306
2307
2292
2284
2272
2262
2232
2211
2203
2171
2136
2118
2111
2080
2061
2042
2022
2001
1994
1984
1962
1942
1928
1918
1909
1916
1906
1912
1885
1917
1916
1959
1977
2008
2049
2093
2114
2168
2221
2264
2296
2344
2374
2390
2420
2430
2421
2432
2418
2403
2387
2363
2316
2329
2310
2273
2239
2213
2186
2153
2114
2040
1999
1960
1930
1878
1867
1884
1901
1919
1931
1948
1989
1997
2034
2068
2060
2059
2043
2024
2012
1988
1989
1987
1984
2002
2026
2057
2101
2138
2184
2197
2229
2238
2274
2301
2289
2291
2283
2264
2271
2246
2210
2181
2122
2067
2011
1961
1923
1895
1908
1936
1991
2041
2085
2126
2137
2147
2150
2169
2180
2206
2246
2281
2307
2347
2352
2347
2306
2231
2140
2069
1991
1906
1867
1866
1866
1896
1926
1967
1978
1978
1982
1990
1992
1985
1968
1969
1968
1975
1969
1970
1964
1978
1988
2001
2025
2017
2016
2004
1995
1991
1997
2030
2062
2104
2159
2213
2268
2319
2349
2355
2362
2349
2338
2306
2292
2260
2238
2223
2229
2050
1999
1965
1922
1889
1879
1882
1866
1858
1884
1909
1944
1990
2038
2097
2140
2189
2256
2286
2329
2349
2391
2401
2406
2386
2376
2335
2297
2260
2176
2107
2077
2039
1975
1914
1907
1881
1904
1899
1921
1944
1949
1980
2000
2040
2061
2097
2118
2137
2152
2152
2186
2208
2201
2175
2170
2148
2141
2121
2109
2090
2065
2051
2066
2078
2102
2109
2106
2161
2182
2187
2197
2201
2192
2190
2142
2140
2105
2096
2060
2033
2018
1998
1976
1986
1996
1987
1979
1964
2000
2012
2024
2054
2069
2108
2143
2192
2226
2235
2258
2262
2242
2233
2224
2209
2158
2134
2087
2039
2022
1994
1986
1967
1990
1988
1980
1960
1971
2006
2021
2041
2074
2077
2085
2116
2143
2144
2182
2008
1994
1964
1948
1932
1926
1923
1880
1851
1784
1716
1656
1573
1557
1567
1604
1683
1787
1912
2054
2193
2334
2448
2542
2645
2652
2656
2622
2579
2516
2454
2369
2275
2221
2166
2103
2065
1995
1966
1959
1970
2007
2059
2093
2111
2118
2088
2034
1962
1866
1771
1709
1668
1624
1605
1615
1643
1668
1711
1806
1935
2065
2186
2330
2428
2509
2546
2551
2503
2429
2344
2260
2183
2102
2053
2023
1973
1928
1912
1937
1964
2031
2093
2184
2285
2384
2449
2460
2471
2476
2417
2369
2281
2176
2072
1980
1887
1826
1771
1735
1766
1772
1803
1839
1860
1908
1902
1923
1922
1945
1985
2011
2035
2063
2070
2120
2127
2171
2223
2246
2277
2315
2322
2292
2313
2317
2369
2433
2369
2330
2282
2225
2165
2123
2070
2020
1997
1968
1972
1967
2001
2030
2055
2067
2088
2085
2072
2065
2036
1993
1949
1917
1879
1872
1890
1911
1943
1989
2057
2115
2142
2208
2248
2296
2340
2350
2342
2352
2302
2246
2217
2149
2086
1974
1921
1844
1787
1729
1712
1724
1765
1835
1907
2018
2150
2265
2369
2453
2553
2578
2616
2608
2576
2528
2454
2378
2292
2163
2060
1928
1818
1719
1633
1588
1568
1589
1608
1672
1741
1834
1950
2069
2175
2257
2346
2415
2469
2517
2526
2528
2517
2467
2411
2320
2251
2145
2035
1965
1904
1856
1836
1828
1808
1810
1858
1865
1904
1926
1968
2020
2045
2059
2118
2161
2170
2206
2204
2223
2224
2225
2219
2199
2208
2192
2193
2186
1877
2060
2229
2386
2530
2624
2669
2645
2526
2331
2116
1920
1797
1771
1786
1854
1913
1926
1936
1984
2006
2095
2222
2377
2445
2491
2451
2393
2315
2229
2137
2043
1952
1903
1876
1877
1952
2034
2100
2155
2174
2166
2140
2143
2156
2196
2203
2193
2180
2110
2037
2008
1987
1957
1927
1882
1889
1911
1980
2073
2191
2296
2385
2452
2483
2539
2569
2582
2575
2528
2467
2368
2285
2171
2026
1876
1712
1575
1472
1418
1422
1462
1544
1666
1728
1807
1892
1976
2061
2147
2280
2380
2455
2534
2541
2561
2562
2548
2514
2516
2502
2481
2454
2391
2299
2214
2125
2031
1937
1843
1739
1607
1473
1404
1390
1401
1450
1543
1618
1679
1755
1848
1982
2174
2312
2440
2524
2541
2160
2267
2348
2409
2475
2494
2498
2467
2389
2309
2214
2090
1989
1871
1767
1697
1622
1586
1541
1538
1588
1624
1702
1799
1923
2054
2177
2303
2412
2501
2563
2597
2577
2541
2461
2355
2232
2134
2015
1913
1845
1801
1784
1755
1761
1807
1857
1930
2033
2144
2262
2335
2423
2510
2558
2571
2573
2550
2486
2409
2336
2246
2122
2024
1894
1809
1736
1681
1652
1667
1669
1717
1806
1854
1949
2050
2129
2231
2309
2370
2421
2435
2457
2437
2385
2326
2254
2162
2074
1989
1919
1857
1817
1769
1754
1736
1716
1753
1771
1801
1862
1926
1988
2088
2165
2249
2339
2413
2464
2477
2480
2421
2404
2345
2287
2197
2115
2018
1925
1875
1800
1769
1769
1739
1765
1799
1839
1906
1978
1911
1829
1736
1644
1530
1411
1324
1289
1356
1456
1570
1672
1772
1848
2010
2225
2480
2734
2874
2912
2834
2733
2650
2592
2574
2527
2453
2337
2208
2116
2028
1969
1920
1857
1799
1743
1724
1708
1701
1683
1681
1777
1897
2024
2177
2300
2294
2256
2176
2095
2096
2142
2166
2124
2041
1970
1904
1886
1944
2026
2077
2093
2060
2002
1950
1924
1933
1998
2038
2137
2204
2207
2174
2178
2211
2246
2315
2335
2322
2252
2163
2118
2127
2163
2152
2152
2024
1923
1823
1781
1806
1856
1912
1957
1975
2022
2122
2254
2428
2563
2649
2664
2633
2601
2512
2398
2270
2144
2052
1981
1923
1879
1799
1704
1640
1593
1647
1747
1847
1862
1897
1912
1962
2075
2262
2462
2579
2798
2742
2701
2591
2527
2453
2402
2260
2164
2030
1901
1745
1600
1474
1420
1390
1408
1488
1666
1861
2094
2339
2556
2731
2846
2872
2817
2718
2595
2403
2200
2017
1850
1739
1690
1726
1798
1879
1979
2088
2162
2187
2190
2151
2051
1944
1840
1760
1699
1673
1687
1815
1952
2134
2346
2542
2690
2812
2862
2789
2643
2418
2098
1788
1474
1237
1065
1005
1067
1220
1461
1711
1985
2257
2468
2578
2631
2644
2584
2533
2489
2451
2407
2391
2402
2377
2362
2383
2347
2280
2190
2101
1987
1874
1783
1692
1611
1552
1536
1529
1564
1588
1619
1668
1736
1835
1983
2118
2286
2453
2599
2700
2781
2744
2702
2598
2475
2301
2180
2054
1976
1939
1951
1990
1993
1974
1953
1883
1910
2006
2109
2144
2116
2030
1844
1633
1470
1412
1418
1513
1685
1841
2003
2069
2098
2116
2120
2157
2214
2332
2451
2588
2741
2886
2996
3050
3009
2924
2777
2588
2381
2173
2015
1888
1834
1824
1799
1754
1700
1633
1525
1449
1378
1340
1349
1393
1500
1586
1694
1844
1977
2065
2119
2167
2185
2185
2226
2262
2319
2366
2439
2470
2463
2456
2450
2441
2440
2461
2499
2567
2622
2680
2674
2625
2596
2530
2428
2338
2227
2124
2021
1916
1808
1738
1653
1560
1476
1365
1238
1117
994
878
843
908
1035
1247
1485
1779
2057
2331
2579
2762
2916
3044
3143
3208
3210
3212
3190
3139
3014
2828
2584
2298
2023
1739
1464
1257
1112
1047
989
1021
1081
1180
1306
1471
3109
2951
2734
2444
2145
1865
1615
1433
1348
1337
1411
1537
1686
1873
2049
2212
2347
2434
2496
2515
2515
2460
2344
2215
2068
1866
1685
1533
1417
1354
1389
1480
1676
1903
2175
2488
2750
2962
3118
3147
3132
3049
2875
2672
2415
2164
1913
1691
1468
1328
1245
1187
1242
1341
1503
1670
1886
2073
2284
2428
2511
2555
2513
2379
2197
1984
1782
1611
1489
1413
1453
1539
1731
1950
2233
2483
2714
2915
3053
3153
3135
3039
2855
2630
2360
2011
1688
1403
1131
976
876
826
888
1009
1178
1438
1712
1995
2268
2477
2645
2756
2808
2791
2729
2614
2502
2344
2203
2075
1949
1883
1888
1894
1983
2100
2255
2385
2516
2630
2690
2717
2706
2640
2504
2344
2124
1864
1400
1294
1247
1213
1204
1248
1321
1435
1574
1730
1901
2117
2355
2565
2789
3025
3205
3351
3498
3575
3614
3551
3444
3249
2970
2669
2303
1932
1529
1158
852
584
391
254
220
273
374
488
678
905
1165
1413
1670
1905
2147
2350
2520
2651
2741
2757
2813
2800
2783
2776
2760
2731
2752
2780
2786
2796
2789
2751
2672
2591
2516
2406
2318
2252
2212
2159
2138
2105
2079
2045
2027
1975
1953
1905
1940
1999
2077
2172
2303
2426
2510
2553
2569
2513
2420
2312
2142
1988
1849
1766
1687
1607
1600
1588
1600
1622
1673
1738
1858
1987
2153
2368
2534
2704
2865
2952
2972
2922
2788
2610
2388
2143
1892
1682
1471
1310
1206
1153
1123
1173
1237
1366
1524
1707
