2129
2134
2127
2115
2117
2117
2096
2102
2099
2096
2121
2099
2091
2088
2097
2102
2082
2065
2064
2058
2094
2064
2054
2042
2073
2048
2038
2050
2058
2064
2040
2041
2041
2029
2036
2036
2044
2038
2030
2037
2006
2006
2038
2035
2030
2040
2027
2008
2028
2018
2030
2027
2024
2023
2009
1998
2002
2007
2012
2018
2022
2016
2024
2040
2038
2006
2040
2020
1996
2014
2036
2026
2026
2025
2048
2042
2022
2045
2040
2043
2058
2028
2042
2064
2063
2065
2072
2078
2078
2090
2082
2096
2083
2101
2112
2107
2120
2108
2124
2109
2101
2114
2120
2101
2126
2111
2112
2106
2129
2132
2131
2129
2119
2122
2132
2144
2118
2146
2148
2151
2165
2127
2141
2152
2158
2131
2143
2130
2113
2141
2111
2144
2136
2124
2113
2125
2124
2121
2117
2131
2128
2106
2109
2109
2096
2127
2133
2141
2151
2159
2180
2180
2193
2219
2200
2226
2236
2229
2184
2200
2190
2164
2109
2076
2070
2026
2005
1990
1959
1931
1938
1942
1986
1997
1992
2035
2051
2090
2136
2167
2189
2224
2222
2243
2238
2221
2247
2256
2241
2204
2196
2194
2172
2178
2167
2155
2160
2158
2149
2158
2132
2150
2144
2144
2136
2109
2134
2114
2096
2098
2096
2086
2096
2080
2087
2091
2101
2109
2100
2127
2133
2110
2100
2093
2097
2072
2063
2070
2042
2081
2067
2093
2069
2076
2084
2082
2057
2025
2019
2012
1970
1970
1929
1910
1858
1853
1828
1825
1814
1838
1870
1894
1930
1965
1981
2014
2046
2024
1998
1986
1978
1937
1953
1942
1934
1953
1957
1943
1994
1998
2040
2079
2131
2147
2198
2241
2282
2329
2361
2390
2381
2402
2406
2410
2364
2359
2313
2274
2241
2173
2091
2058
1999
1956
1902
1874
1822
1794
1786
1755
1756
1770
1760
1756
1790
1803
1852
1913
1980
2050
2123
2196
2276
2359
2419
2475
2515
2549
2564
2578
2549
2534
2510
2456
2385
2337
2280
2215
2144
2093
2010
1973
1891
1862
1834
1776
1742
1727
1731
1744
1763
1810
1834
1888
1939
1998
2059
2120
2167
2255
2300
2344
2374
2400
2404
2403
2414
2400
2360
2339
2281
2232
2197
2132
2064
2006
1969
1920
1863
1838
1812
1790
1776
1791
1804
1837
1889
1924
2001
2055
2123
2162
2233
2303
2000
2039
2040
2107
2118
2138
2148
2145
2146
2112
2094
2081
2096
2062
2098
2140
2130
2121
2164
2166
2168
2222
2265
2309
2365
2401
2405
2368
2368
2296
2202
2081
1970
1886
1786
1759
1739
1717
1752
1772
1784
1759
1736
1743
1796
1816
1880
1980
2128
2256
2313
2395
2427
2462
2437
2391
2374
2333
2276
2234
2230
2205
2204
2205
2246
2250
2250
2248
2191
2132
2058
1978
1979
1941
2008
2072
2093
2140
2180
2176
2107
2019
1990
1904
1882
1884
1906
1972
2014
2058
2109
2136
2144
2120
2084
2025
1995
1999
1975
2027
2075
2169
2269
2330
2388
2383
2372
2309
2225
2120
2053
1969
1950
1907
1896
1883
1864
1868
1853
1849
1848
1787
1808
1830
1856
1927
2006
2132
2118
2089
2053
2051
2038
2038
2037
2045
2053
2074
2085
2104
2106
2124
2120
2156
2129
2121
2123
2118
2084
2074
2013
2006
2032
2002
2002
1958
1996
1995
2006
1989
1984
1993
2019
2050
2089
2144
2175
2212
2240
2299
2307
2316
2334
2304
2282
2247
2188
2153
2104
2030
1993
1949
1887
1869
1844
1843
1841
1807
1847
1898
1945
1981
2003
2067
2128
2163
2192
2222
2255
2281
2265
2281
2230
2215
2151
2121
2100
2028
2018
2006
2016
2017
2028
2048
2094
2125
2138
2179
2199
2211
2218
2231
2210
2220
2218
2183
2162
2149
2122
2089
2064
2034
2038
2028
2029
2020
2051
2059
2083
2121
2159
2191
2200
2218
2185
2180
2164
2143
2117
2073
2074
2055
2036
1998
1995
2006
1960
2072
2114
2140
2147
2086
2028
1950
1875
1769
1607
1508
1455
1395
1438
1586
1756
1946
2103
2234
2268
2320
2341
2392
2428
2444
2431
2352
2246
2104
1984
1880
1849
1873
1956
2042
2111
2156
2171
2190
2121
2063
1974
1930
1805
1741
1703
1700
1715
1785
1894
2016
2152
2273
2384
2473
2488
2452
2389
2308
2262
2275
2298
2271
2267
2185
2078
1986
1961
1984
2051
2119
2108
2117
2066
2064
2058
2062
2032
2028
1957
1914
1839
1841
1820
1868
1996
2124
2296
2468
2608
2707
2739
2740
2722
2660
2590
2546
2430
2279
2098
1837
1640
1554
1556
1577
1625
1663
1669
1682
1707
1798
1929
2096
2138
2073
1990
1897
1893
1962
2106
2227
2338
2375
2386
2416
2438
2460
2537
2599
2578
2558
2475
2371
2260
2111
1967
1819
1696
1637
1588
1601
1664
1766
1885
2040
2184
2340
2460
2535
2574
2586
2566
2497
2390
2253
2123
1987
1859
1749
1674
1593
1595
1621
1671
1751
1824
1940
2022
2148
2214
2285
2298
2318
2301
2258
2209
2155
2134
2090
2055
2026
2009
1995
1984
1991
1963
1964
1970
1964
1976
1963
1960
1989
2020
2024
2056
2077
2104
2163
2261
2333
2431
2539
2603
2650
2695
2685
2641
2577
2487
2339
2167
2023
1847
1741
1584
1439
1379
1324
1350
1383
1499
1654
1834
1996
2184
2354
2493
2607
2644
2642
2611
2540
2448
2334
2247
2164
2043
1985
1942
1886
1858
1809
1807
1815
1835
1856
1885
1940
2008
2075
2122
2216
2281
2356
2479
2736
2923
2998
2994
2928
2858
2774
2694
2582
2426
2192
1914
1690
1501
1390
1341
1318
1319
1364
1437
1586
1713
1850
1964
2057
2151
2193
2249
2314
2357
2364
2325
2250
2162
2035
1949
1903
1904
1968
2061
2171
2291
2349
2362
2361
2341
2313
2298
2274
2233
2176
2061
1949
1832
1778
1777
1812
1846
1880
1925
1935
2005
2102
2221
2332
2421
2452
2472
2473
2456
2452
2470
2464
2427
2339
2227
2096
1971
1900
1889
1946
2016
2060
2065
2006
1920
1871
1856
1842
1909
1992
2103
2184
2236
2317
2351
2376
2395
2312
2244
2131
2050
1966
1896
1887
1892
1922
1946
1936
1943
1931
1940
2004
2104
2195
2283
2333
2384
2381
2358
2377
2410
2398
2406
2332
2238
2132
1862
1830
1850
1872
1937
2037
2114
2272
2366
2456
2526
2569
2572
2527
2469
2371
2241
2105
1977
1868
1770
1702
1635
1637
1650
1728
1837
1926
2072
2209
2328
2419
2486
2554
2545
2587
2590
2576
2528
2511
2508
2479
2441
2400
2320
2246
2118
1985
1821
1682
1541
1436
1359
1346
1405
1482
1595
1764
1927
2045
2161
2234
2267
2262
2233
2179
2110
2081
2040
2050
2060
2107
2210
2328
2408
2492
2519
2522
2459
2368
2239
2039
1869
1680
1466
1321
1221
1190
1188
1266
1387
1550
1779
2012
2267
2547
2773
3002
3158
3302
3389
3363
3268
3093
2832
2526
2168
1828
1522
1243
1020
896
852
920
1043
1227
1421
1656
1868
2070
2256
2390
2484
2558
2580
2609
2601
2579
2115
2146
2122
2128
2127
2164
2217
2248
2256
2258
2262
2262
2250
2238
2216
2178
2152
2120
2072
1966
1878
1790
1781
1851
2013
2192
2356
2447
2433
2405
2347
2408
2506
2620
2660
2591
2413
2178
1925
1705
1621
1636
1700
1777
1833
1862
1859
1880
1930
1989
2067
2136
2218
2314
2394
2424
2435
2376
2234
2118
1990
1960
1976
2020
2037
1976
1848
1666
1529
1481
1506
1603
1693
1771
1824
1884
1954
2046
2124
2161
2146
2089
2046
2096
2217
2358
2504
2570
2502
2354
2242
2156
2137
2185
2264
2251
2163
1968
1757
1574
1535
1651
1841
2015
2172
2237
2239
2243
2257
2215
2263
2271
2215
2208
2221
2256
2347
2448
2526
2527
2450
2342
2234
2117
2046
2036
2049
2084
1191
1188
1245
1353
1538
1794
2097
2440
2766
3051
3246
3344
3336
3221
3018
2786
2545
2321
2158
2057
1996
1970
1942
1873
1736
1559
1336
1102
922
832
854
1017
1298
1674
2083
2460
2777
2970
3040
2969
2794
2552
2322
2102
1971
1944
2022
2156
2319
2440
2530
2516
2435
2285
2118
1980
1910
1900
1972
2113
2294
2436
2539
2564
2526
2417
2263
2132
1981
1872
1793
1746
1707
1636
1547
1444
1348
1280
1261
1362
1567
1867
2219
2596
2913
3146
3228
3131
2895
2552
2168
1824
1594
1534
1612
1845
2131
2398
2584
2628
2503
2241
1884
1490
1194
1033
1013
1167
1398
1675
1926
2127
2237
2311
2360
2435
2547
2758
3017
3279
3504
3605
3536
3298
2880
2322
1678
1113
1695
1651
1576
1486
1388
1329
1301
1337
1419
1530
1670
1797
1885
1956
2002
2025
2060
2141
2272
2462
2680
2900
3088
3200
3205
3106
2927
2656
2376
2099
1856
1664
1544
1464
1427
1404
1381
1365
1336
1324
1305
1334
1392
1512
1661
1846
2031
2215
2366
2494
2570
2616
2633
2630
2611
2583
2554
2504
2426
2313
2173
2000
1808
1610
1453
1339
1277
1284
1361
1495
1676
1875
2082
2269
2434
2568
2665
2733
2760
2780
2774
2745
2702
2630
2537
2402
2238
2063
1878
1707
1574
1488
1449
1487
1563
1672
1798
1915
2007
2092
2155
2216
2280
2368
2463
2561
2653
2738
2800
2810
2795
2743
2664
2559
2436
2317
2176
2016
1857
1714
1548
1416
1320
1256
1250
1296
1401
1551
2383
2256
2130
1997
1894
1810
1799
1866
2049
2347
2741
3184
3603
3914
4066
4032
3816
3436
2936
2330
1686
1064
521
86
3
1
1
1
44
425
917
1501
2115
2714
3229
3605
3794
3813
3670
3368
3005
2591
2201
1844
1552
1300
1123
1026
1027
1094
1257
1485
1758
2094
2411
2718
2951
3080
3105
2992
2786
2533
2253
1999
1800
1698
1682
1785
1996
2287
2592
2868
3074
3165
3155
3051
2856
2548
2160
1684
1165
644
174
2
3
1
21
425
953
1543
2140
2701
3195
3615
3919
4068
4056
3882
3540
3091
2569
2049
1556
1115
786
580
519
587
784
1096
1503
1963
2415
2840
3162
3338
3336
3128
2774
2308
1794
1325
970
785
804
1039
1424
1914
3651
3341
2932
2416
1817
1182
522
1
3
1
1
2
3
2
1
3
418
1251
2146
3056
3909
4095
4095
4095
4095
4095
4095
4095
4095
4095
4095
3702
2712
1727
818
69
2
1
1
3
1
1
1
343
1049
1790
2533
3239
3829
4095
4095
4095
4095
4095
3691
3090
2416
1737
1117
607
228
2
1
26
273
656
1177
1780
2421
3070
3656
4095
4095
4095
4095
4095
3692
3044
2311
1582
900
339
0
1
1
3
343
897
1568
2321
3104
3887
4095
4095
4095
4095
4095
4095
4095
3863
2839
1720
610
3
2
2
2
4
1
2
3
351
1348
2382
3364
4095
4095
4095
4095
4095
4095
4095
3945
3048
2075
1171
377
2
2
2
2
2
202
969
1793
2468
2846
2842
2562
2136
1745
1536
1575
1805
2101
2324
2355
2169
1790
1384
1118
1170
1618
2400
3371
4095
4095
4095
4095
4095
4095
4095
3750
3328
2968
2575
2097
1468
725
3
1
1
2
2
2
2
1
74
207
305
460
762
1262
1893
2576
3121
3396
3408
3196
2924
2740
2809
3186
3827
4095
4095
4095
4095
4095
4095
4095
3674
3023
2508
2108
1780
1417
988
461
2
2
3
1
1
2
0
3
4
3
3
3
212
1282
2520
3810
4095
4095
4095
4095
4095
4095
4095
4095
4095
4095
4095
4095
3996
3041
2097
1249
468
2
3
3
2
1
1
3
2
2
2
2
4
2
2
