2100
2096
2095
2093
2094
2091
2094
2105
2105
2110
2108
2108
2096
2097
2094
2098
2097
2102
2083
2094
2092
2094
2088
2093
2105
2096
2090
2094
2092
2109
2107
2098
2098
2109
2104
2097
2089
2088
2085
2092
2091
2090
2090
2099
2083
2096
2089
2094
2105
2095
2094
2088
2094
2088
2088
2099
2103
2100
2099
2096
2101
2101
2091
2089
2087
2087
2087
2102
2098
2092
2102
2082
2080
2072
2086
2083
2090
2080
2083
2079
2078
2084
2078
2084
2076
2091
2090
2091
2087
2088
2091
2094
2100
2106
2098
2099
2087
2076
2088
2096
2084
2082
2087
2094
2077
2095
2095
2088
2084
2086
2098
2092
2084
2094
2098
2095
2097
2088
2085
2081
2084
2079
2081
2085
2076
2078
2093
2103
2096
2097
2093
2098
2096
2091
2095
2083
2091
2097
2102
2104
2098
2098
2097
2097
2094
2094
2096
2092
2092
2095
2096
2098
2105
2098
2096
2097
2098
2100
2093
2099
2097
2094
2097
2089
2089
2103
2094
2086
2096
2094
2096
2099
2096
2102
2101
2094
2106
2088
2096
2105
2090
2092
2097
2100
2109
2101
2097
2092
2087
2085
2096
2094
2097
2100
2104
2099
2107
2110
2094
2102
2101
2100
2099
2108
2111
2102
2109
2113
2113
2108
2111
2105
2109
2103
2107
2108
2100
2106
2107
2110
2106
2108
2105
2096
2101
2101
2103
2103
2096
2094
2096
2097
2097
2096
2098
2092
2103
2105
2099
2102
2104
2104
2090
2090
2096
2089
2090
2088
2086
2093
2089
2087
2098
2097
2092
2096
2046
2049
2053
2060
2050
2050
2043
2046
2055
2048
2050
2052
2057
2052
2050
2058
2044
2039
2048
2039
2046
2051
2054
2051
2051
2050
2049
2047
2053
2051
2056
2056
2081
2077
2062
2062
2060
2058
2076
2066
2069
2064
2061
2068
2067
2072
2079
2075
2071
2072
2090
2092
2095
2093
2090
2092
2090
2103
2094
2106
2109
2104
2105
2114
2110
2112
2112
2121
2121
2128
2126
2143
2139
2131
2136
2142
2137
2133
2143
2145
2144
2137
2143
2149
2142
2148
2152
2160
2159
2165
2154
2162
2167
2172
2174
2170
2180
2169
2182
2188
2188
2184
2186
2188
2194
2198
2198
2199
2208
2210
2213
2218
2216
2225
2221
2222
2225
2221
2224
2219
2216
2220
2221
2224
2215
2206
2198
2199
1971
1978
1984
1999
2005
2016
2027
2032
2032
2035
2040
2040
2032
2023
2018
2006
1991
1986
1979
1982
1988
1992
1995
2016
2030
2049
2070
2093
2123
2147
2166
2195
2220
2235
2254
2265
2268
2267
2260
2252
2244
2235
2214
2200
2189
2168
2151
2135
2132
2124
2118
2111
2113
2114
2128
2127
2130
2137
2145
2147
2145
2148
2143
2130
2117
2106
2097
2080
2054
2038
2008
1992
1980
1975
1967
1964
1965
1974
1980
2002
2014
2035
2055
2074
2090
2104
2116
2126
2130
2123
2114
2106
2098
2080
2064
2049
2038
2020
2006
2002
1992
1984
1987
1981
1983
1985
1989
1998
2008
2016
2034
2049
2071
2088
2105
2124
2145
2157
2183
2203
2220
2232
2252
2263
2285
2299
2314
2330
2020
2052
2093
2134
2168
2214
2248
2288
2320
2343
2360
2361
2356
2345
2324
2286
2241
2190
2140
2073
2004
1946
1884
1825
1769
1726
1692
1664
1658
1656
1674
1696
1733
1778
1827
1882
1951
2014
2079
2147
2208
2268
2325
2370
2404
2442
2469
2484
2490
2486
2470
2448
2423
2388
2334
2292
2230
2178
2123
2065
2013
1963
1920
1882
1857
1830
1811
1812
1813
1816
1832
1850
1864
1881
1912
1928
1951
1973
1992
2015
2039
2062
2083
2108
2125
2151
2167
2201
2228
2241
2261
2280
2293
2301
2314
2311
2315
2314
2310
2304
2301
2298
2288
2285
2280
2269
2260
2244
2227
2205
2184
2152
2118
2084
2046
2017
1990
1954
1930
1904
1891
1887
1888
1899
1910
1933
1959
1988
1949
1906
1880
1864
1860
1874
1912
1952
2004
2058
2114
2160
2202
2224
2232
2228
2205
2164
2123
2079
2034
1998
1982
1968
1983
1998
2038
2076
2118
2161
2188
2192
2196
2173
2136
2098
2046
2006
1972
1948
1923
1924
1940
1964
1990
2016
2061
2096
2132
2156
2181
2186
2183
2167
2138
2107
2063
2025
1976
1926
1874
1831
1804
1802
1802
1823
1852
1902
1950
2006
2060
2124
2179
2230
2278
2304
2332
2351
2350
2348
2333
2301
2263
2215
2158
2095
2028
1968
1905
1865
1833
1820
1824
1838
1876
1922
1979
2033
2088
2137
2175
2198
2225
2241
2250
2256
2263
2268
2275
2278
2270
2261
2248
2223
2192
2158
2120
2082
2053
2044
2047
2063
2090
2127
2159
2184
2191
2174
2184
2203
2252
2353
2470
2577
2636
2643
2588
2504
2415
2336
2272
2204
2129
2049
1958
1840
1731
1631
1548
1482
1451
1469
1522
1624
1747
1881
1992
2071
2127
2167
2220
2303
2419
2544
2640
2678
2652
2571
2482
2422
2419
2452
2498
2506
2440
2324
2148
1964
1816
1732
1680
1677
1668
1638
1571
1478
1422
1407
1435
1533
1669
1825
1978
2119
2229
2319
2374
2406
2416
2412
2396
2397
2409
2424
2446
2457
2451
2423
2375
2309
2241
2182
2117
2069
2010
1944
1878
1812
1754
1710
1682
1686
1713
1749
1816
1888
1970
2073
2168
2261
2333
2376
2378
2364
2317
2273
2233
2229
2236
2282
2335
2378
2400
2372
2306
2217
2128
2062
2036
2061
2108
2172
2214
2195
2152
2078
1042
1040
1094
1189
1343
1528
1746
1988
2239
2487
2722
2932
3092
3196
3241
3216
3129
2976
2782
2552
2294
2041
1800
1593
1433
1320
1252
1246
1289
1378
1493
1625
1774
1917
2056
2180
2296
2378
2456
2510
2536
2537
2509
2459
2390
2296
2198
2096
1990
1906
1831
1769
1742
1744
1767
1821
1896
1992
2090
2191
2288
2366
2416
2445
2434
2399
2336
2262
2174
2092
2003
1915
1845
1765
1705
1641
1592
1552
1536
1545
1577
1637
1724
1834
1962
2110
2261
2404
2538
2648
2728
2769
2769
2717
2633
2510
2366
2210
2048
1893
1760
1641
1556
1505
1494
1510
1576
1671
1805
1954
2117
2279
2422
2542
2630
2675
2683
2660
2612
2528
2444
2358
2267
2195
2137
2095
2058
2040
2003
2083
2184
2311
2437
2551
2631
2652
2647
2656
2658
2677
2665
2604
2484
2305
2109
1939
1802
1720
1655
1608
1577
1553
1567
1597
1657
1744
1840
1936
2045
2162
2288
2398
2465
2498
2464
2407
2340
2278
2250
2240
2241
2228
2196
2146
2096
2045
2028
2016
2015
2015
2008
2003
1988
2002
2012
2036
2093
2139
2196
2245
2275
2288
2280
2273
2248
2216
2173
2096
2014
1915
1835
1780
1737
1704
1667
1657
1678
1744
1850
1987
2118
2201
2240
2259
2279
2306
2350
2368
2346
2270
2170
2062
2008
1978
1980
1968
1948
1919
1894
1883
1896
1943
1988
2034
2071
2104
2140
2148
2150
2128
2120
2123
2154
2184
2212
2206
2174
2128
2097
2093
2120
2153
2186
2207
2203
2188
2118
2379
2602
2758
2868
2902
2880
2791
2648
2486
2316
2153
2004
1892
1809
1778
1782
1815
1887
1988
2090
2188
2276
2343
2367
2358
2304
2222
2108
1982
1859
1760
1690
1652
1661
1716
1811
1942
2090
2258
2413
2547
2657
2720
2732
2705
2605
2468
2298
2102
1898
1703
1548
1448
1391
1400
1451
1572
1715
1887
2064
2254
2426
2563
2668
2728
2740
2695
2615
2508
2391
2270
2160
2065
1992
1949
1917
1886
1869
1857
1831
1809
1791
1754
1741
1728
1744
1778
1836
1923
2049
2196
2362
2534
2701
2842
2937
2973
2945
2846
2674
2417
2121
1781
1433
1092
803
591
496
507
645
907
1282
1726
2216
2721
3180
3565
3828
3950
3938
3786
3514
3143
2698
2213
1735
1311
1992
2073
2120
2151
2158
2158
2131
2072
1975
1843
1709
1591
1496
1448
1449
1500
1614
1796
2032
2288
2514
2676
2764
2808
2820
2829
2826
2802
2727
2586
2396
2206
2040
1959
1967
2036
2132
2194
2206
2158
2065
1964
1889
1847
1824
1788
1735
1685
1641
1625
1664
1752
1894
2080
2296
2484
2625
2713
2732
2686
2607
2510
2383
2248
2104
1953
1794
1627
1485
1379
1340
1383
1517
1687
1867
2012
2097
2116
2118
2130
2200
2316
2446
2542
2545
2456
2314
2178
2107
2130
2247
2376
2469
2487
2433
2354
2295
2274
2274
2268
2193
2040
1824
1614
1473
1415
1457
1573
1713
1860
1986
2095
2216
2352
2527
2738
2941
3105
3200
3181
3036
2788
2502
2211
1975
1766
1588
1406
2208
2216
2226
2232
2249
2242
2240
2216
2184
2140
2091
2028
1972
1922
1862
1817
1792
1765
1738
1732
1712
1713
1730
1738
1781
1835
1910
1987
2074
2178
2270
2348
2416
2469
2495
2489
2489
2461
2412
2356
2291
2232
2152
2057
1992
1904
1818
1728
1658
1586
1558
1549
1575
1608
1675
1776
1892
2025
2148
2269
2389
2484
2556
2618
2664
2684
2674
2649
2599
2535
2456
2364
2253
2146
2020
1905
1808
1721
1643
1606
1605
1609
1636
1699
1787
1874
1974
2086
2200
2287
2378
2454
2503
2524
2508
2464
2380
2283
2170
2059
1943
1840
1762
1716
1707
1718
1779
1845
1927
2029
2152
2272
2370
2480
2574
2661
2732
2752
2758
2723
2644
2534
2394
2225
2034
1834
1652
1480
2329
2139
1894
1618
1373
1216
1156
1168
1264
1365
1418
1418
1377
1344
1386
1532
1769
2071
2419
2753
3058
3350
3600
3800
3919
3917
3760
3449
2973
2392
1800
1280
916
738
710
811
966
1103
1199
1248
1297
1350
1448
1569
1701
1819
1933
2050
2209
2389
2580
2741
2895
3016
3056
3075
3046
2984
2914
2839
2742
2621
2470
2287
2082
1874
1744
1669
1664
1692
1738
1777
1798
1765
1703
1624
1519
1428
1362
1314
1319
1348
1411
1522
1642
1802
1977
2158
2382
2595
2849
3061
3259
3366
3378
3260
3021
2659
2219
1838
1504
1270
1157
1140
1171
1213
1275
1307
1347
1430
1629
1919
2320
2716
3044
3238
3274
3172
3008
2812
2624
2406
2174
1924
1674
1425
1235
1150
519
632
822
1067
1384
1731
2096
2468
2821
3152
3414
3613
3728
3741
3645
3467
3167
2818
2421
2006
1602
1201
872
623
447
397
460
591
818
1114
1457
1859
2208
2563
2878
3156
3328
3424
3427
3342
3162
2921
2604
2266
1900
1584
1294
1070
911
865
913
1050
1278
1563
1884
2221
2558
2846
3089
3244
3318
3307
3206
3009
2742
2435
2080
1692
1339
1042
813
632
598
643
800
1074
1410
1848
2280
2709
3106
3430
3656
3762
3784
3633
3420
3093
2706
2280
1852
1424
1069
754
566
474
479
625
854
1192
1606
2063
2526
2970
3344
3634
3798
3843
3743
3536
3192
2818
2397
1971
1538
1184
883
661
523
506
610
786
1076
1426
1833
2272
2724
3104
3120
3030
2835
2518
2093
1592
1056
531
62
3
2
4
3
2
17
497
1134
1798
2447
3026
3478
3806
3960
3934
3766
3478
3144
2796
2469
2218
2058
2025
2036
2144
2242
2388
2467
2470
2360
2135
1799
1395
961
527
207
33
70
362
855
1504
2270
3032
3688
4095
4095
4095
4095
3743
3154
2472
1782
1149
671
346
201
276
544
952
1452
1972
2472
2884
3192
3350
3364
3218
2978
2690
2359
2072
1798
1596
1451
1376
1372
1414
1524
1686
1878
2057
2232
2357
2404
2368
2242
2063
1867
1673
1552
1484
1533
1660
1879
2176
2534
2900
3239
3515
3684
3731
3638
3382
3000
2516
1985
1461
1032
720
520
500
642
854
1159
1497
1854
2155
2410
2593
