2089
2093
2092
2094
2094
2095
2092
2089
2092
2093
2104
2096
2099
2088
2087
2082
2087
2082
2084
2084
2082
2084
2079
2085
2084
2091
2093
2088
2091
2096
2088
2091
2094
2091
2084
2085
2086
2086
2086
2086
2083
2086
2082
2090
2087
2096
2103
2099
2095
2089
2093
2092
2084
2096
2097
2092
2092
2094
2094
2099
2100
2093
2094
2093
2103
2100
2106
2106
2100
2102
2094
2098
2093
2097
2101
2102
2098
2094
2098
2095
2102
2098
2096
2099
2092
2100
2104
2107
2107
2105
2106
2104
2104
2111
2106
2097
2093
2098
2088
2097
2099
2104
2100
2104
2103
2097
2096
2094
2096
2100
2108
2102
2106
2093
2095
2096
2093
2093
2089
2093
2092
2097
2089
2096
2104
2098
2097
2099
2114
2144
2163
2178
2196
2199
2214
2229
2220
2224
2223
2211
2208
2191
2187
2178
2166
2154
2144
2129
2136
2119
2118
2106
2121
2124
2130
2141
2146
2155
2171
2181
2200
2210
2222
2233
2247
2262
2270
2273
2273
2281
2269
2273
2266
2253
2240
2224
2218
2209
2197
2182
2161
2145
2135
2113
2095
2081
2060
2035
2018
2010
1987
1980
1966
1963
1960
1943
1940
1942
1939
1939
1945
1950
1961
1969
1974
1983
1988
2002
2018
2024
2030
2042
2052
2051
2058
2073
2075
2076
2072
2082
2092
2092
2101
2110
2120
2124
2123
2128
2136
2145
2144
2136
2152
2156
2161
2166
2171
2177
2179
2185
2186
2195
2200
2200
2201
2201
2201
2208
2214
2211
2211
2197
2200
2199
2207
2199
2372
2381
2381
2391
2387
2378
2358
2338
2292
2256
2230
2192
2169
2137
2119
2101
2085
2056
2035
2008
1978
1956
1925
1918
1902
1880
1873
1847
1834
1814
1795
1778
1772
1776
1777
1795
1814
1849
1888
1933
1970
2012
2051
2089
2126
2168
2208
2267
2313
2351
2398
2429
2460
2485
2496
2509
2508
2513
2498
2493
2485
2461
2432
2409
2352
2309
2233
2171
2113
2036
1981
1922
1870
1827
1794
1773
1760
1762
1751
1763
1760
1762
1772
1779
1787
1800
1826
1838
1870
1914
1948
2010
2066
2123
2180
2234
2292
2344
2366
2400
2405
2396
2376
2342
2310
2286
2264
2240
2235
2242
2260
2280
2294
2292
2272
2242
2202
2138
2070
2015
1974
1934
1908
1894
1887
1896
1906
1917
2314
2293
2274
2239
2191
2137
2088
2041
2002
1965
1946
1946
1944
1952
1977
2014
2048
2089
2123
2140
2156
2163
2162
2150
2132
2105
2108
2098
2108
2138
2161
2194
2226
2261
2286
2294
2292
2273
2255
2234
2199
2165
2138
2128
2133
2135
2154
2186
2224
2246
2270
2283
2284
2270
2243
2203
2169
2127
2094
2059
2036
2020
2013
2011
2019
2016
2024
2027
2028
2038
2024
2008
2004
1987
1978
1966
1964
1960
1956
1962
1970
1976
1992
1999
2016
2037
2057
2083
2110
2126
2152
2171
2193
2201
2203
2194
2180
2153
2139
2114
2095
2064
2057
2058
2054
2062
2056
2056
2067
2066
2062
2063
2063
2073
2081
2094
2118
2148
2173
2213
2246
2276
2305
2309
2310
2298
2267
2223
1657
1619
1612
1656
1709
1789
1860
1908
1928
1929
1914
1902
1904
1918
1981
2069
2152
2255
2343
2422
2493
2552
2602
2640
2666
2664
2628
2568
2487
2420
2340
2279
2254
2241
2246
2251
2238
2193
2123
2056
1999
1943
1920
1908
1917
1928
1940
1955
1945
1920
1908
1913
1911
1908
1914
1958
1999
2032
2067
2091
2124
2142
2164
2187
2204
2220
2226
2225
2217
2198
2186
2162
2141
2115
2094
2063
2042
2021
2013
2016
2020
2042
2048
2045
2024
1999
1977
1932
1899
1878
1863
1883
1920
1962
2008
2041
2065
2068
2058
2032
2000
1980
1970
1985
2014
2046
2094
2127
2145
2151
2155
2144
2144
2147
2160
2189
2224
2264
2296
2332
2364
2377
2386
2380
2348
2314
2288
2242
2075
2139
2192
2254
2285
2307
2314
2324
2292
2269
2233
2205
2178
2142
2123
2091
2070
2053
2041
2044
2055
2072
2097
2130
2163
2196
2219
2224
2215
2204
2165
2132
2098
2061
2040
2032
2029
2060
2100
2151
2218
2270
2326
2368
2393
2390
2369
2316
2252
2162
2051
1946
1832
1722
1633
1566
1518
1487
1505
1549
1622
1722
1841
1968
2092
2227
2332
2406
2465
2495
2492
2482
2440
2378
2318
2253
2171
2129
2074
2035
2001
1988
1992
2004
2044
2103
2168
2230
2279
2320
2322
2303
2246
2155
2036
1905
1772
1657
1536
1476
1444
1452
1523
1626
1775
1942
2107
2284
2440
2550
2626
2696
2718
2693
2664
2602
2523
2446
2339
2246
2139
2038
1954
1888
1862
1846
1877
1909
1786
1796
1809
1844
1896
1934
1997
2062
2133
2207
2264
2339
2400
2459
2491
2486
2451
2381
2285
2188
2072
1971
1887
1840
1825
1808
1813
1816
1781
1727
1702
1704
1696
1751
1810
1880
1969
2041
2104
2167
2194
2233
2270
2295
2312
2324
2337
2336
2336
2302
2264
2217
2176
2151
2100
2084
2057
2056
2066
2082
2099
2125
2144
2167
2210
2252
2284
2314
2338
2336
2316
2287
2239
2180
2126
2038
1976
1922
1863
1816
1791
1784
1785
1787
1812
1844
1880
1954
2013
2086
2160
2242
2343
2427
2498
2551
2590
2602
2567
2525
2459
2379
2288
2170
2062
1950
1852
1763
1685
1636
1606
1574
1566
1559
1562
1579
1612
1654
1730
1816
1924
2040
2165
2308
2443
2555
2648
2717
1870
1707
1598
1555
1568
1637
1727
1865
2004
2136
2240
2310
2343
2308
2238
2164
2092
2010
1937
1883
1838
1815
1806
1816
1840
1902
1984
2102
2233
2370
2507
2600
2663
2651
2581
2467
2332
2186
2066
1972
1914
1903
1934
1985
2036
2090
2129
2162
2178
2182
2216
2226
2238
2232
2206
2166
2120
2064
2008
1968
1919
1880
1864
1863
1857
1862
1851
1838
1837
1855
1872
1908
1956
2009
2082
2144
2200
2256
2293
2317
2344
2362
2400
2438
2490
2525
2543
2527
2447
2337
2174
2004
1844
1709
1632
1614
1676
1798
1960
2140
2327
2485
2592
2645
2640
2572
2466
2316
2159
1994
1851
1707
1601
1543
1525
1571
1664
1800
1948
2115
2263
2390
2478
2509
2496
2447
2380
2300
2445
2322
2208
2099
2022
1931
1869
1800
1758
1703
1667
1645
1626
1609
1617
1639
1675
1728
1812
1896
2002
2109
2224
2337
2428
2524
2597
2652
2694
2702
2678
2631
2553
2440
2318
2184
2018
1870
1712
1543
1431
1337
1279
1280
1357
1453
1597
1782
1984
2208
2421
2631
2803
2918
2997
3043
3036
2979
2854
2710
2521
2313
2090
1859
1626
1429
1271
1142
1089
1111
1201
1320
1520
1746
1995
2234
2465
2665
2836
2952
3002
3006
2958
2862
2735
2570
2359
2155
1911
1687
1476
1318
1201
1143
1131
1195
1296
1447
1641
1836
2020
2223
2392
2548
2650
2730
2748
2740
2681
2592
2469
2325
2185
2058
1943
1839
1773
1743
1730
1780
1850
1921
2005
2076
2157
2195
2236
2269
2104
2022
1985
2000
2094
2234
2390
2515
2594
2594
2536
2413
2285
2177
2074
2013
2001
2006
2007
1954
1908
1801
1702
1626
1609
1669
1789
1944
2118
2264
2344
2368
2331
2251
2136
2062
1988
1960
2000
2082
2168
2272
2356
2422
2485
2521
2551
2591
2622
2624
2605
2569
2472
2336
2150
1951
1756
1597
1511
1496
1544
1650
1790
1931
2035
2073
2048
1960
1812
1658
1512
1380
1308
1307
1381
1490
1673
1880
2098
2316
2510
2675
2815
2874
2900
2829
2685
2480
2218
1963
1729
1572
1505
1526
1630
1834
2083
2344
2557
2733
2803
2776
2697
2545
2368
2186
1994
1824
1656
1519
1453
1457
1576
1752
2011
2296
2560
2728
2775
2678
2462
2196
1963
1814
1808
1880
1986
2070
2293
1848
1432
1047
739
560
527
647
865
1207
1633
2065
2502
2889
3168
3350
3415
3378
3216
2947
2619
2262
1908
1567
1276
1104
1004
1048
1172
1422
1720
2039
2393
2710
2967
3120
3188
3114
2964
2701
2409
2024
1661
1308
1019
822
739
764
904
1124
1410
1748
2092
2422
2704
2926
3048
3092
3039
2906
2698
2454
2191
1895
1646
1440
1307
1257
1293
1403
1567
1815
2074
2358
2628
2849
3014
3125
3165
3098
2958
2746
2494
2200
1924
1647
1435
1284
1232
1251
1365
1550
1760
2035
2312
2559
2782
2948
3033
3033
2996
2862
2664
2444
2201
1928
1687
1480
1313
1233
1184
1212
1317
1464
1635
1861
2080
2296
2495
2676
2753
2806
2769
2653
2465
2268
2040
1799
2004
2466
2911
3268
3480
3547
3493
3390
3240
3090
2929
2701
2418
2113
1768
1415
1118
857
688
614
740
1064
1551
2126
2703
3150
3416
3468
3376
3216
3093
3054
3062
3060
2992
2807
2499
2153
1794
1507
1292
1189
1179
1276
1413
1630
1832
2032
2176
2243
2203
2082
1917
1711
1546
1449
1434
1500
1609
1740
1845
1920
1979
2059
2161
2376
2688
3056
3437
3726
3870
3837
3654
3348
2956
2585
2229
1923
1655
1390
1188
974
799
662
592
618
748
1001
1354
1768
2178
2505
2764
2892
2897
2811
2673
2504
2325
2171
2060
1999
2008
2021
2006
1934
1766
1561
1357
1229
1272
1495
1829
2216
2561
2809
2988
3112
3182
3208
3162
3060
2864
2607
2336
2103
1958
1850
3180
3114
2978
2824
2648
2409
2224
2011
1834
1701
1599
1530
1526
1540
1589
1648
1731
1823
1913
2034
2158
2260
2366
2461
2550
2601
2665
2684
2701
2689
2671
2654
2615
2548
2463
2359
2228
2080
1930
1769
1647
1546
1484
1485
1534
1609
1728
1822
1916
2016
2082
2131
2163
2206
2272
2302
2362
2449
2510
2579
2607
2637
2650
2621
2530
2430
2287
2097
1888
1674
1388
1120
876
680
548
503
563
761
1073
1466
1947
2468
2998
3468
3834
4095
4095
4095
4006
3683
3276
2795
2257
1703
1177
698
331
108
9
66
279
591
1023
1509
1991
2472
2883
3197
3444
3589
3639
3611
3499
3360
3158
2944
2719
2466
2200
1949
1713
1535
1377
1261
1206
1179
1216
1256
2189
2035
1977
2026
2084
2097
2025
1901
1757
1644
1609
1633
1689
1753
1763
1700
1576
1401
1240
1088
948
837
722
610
534
512
603
807
1164
1634
2172
2698
3217
3685
4095
4095
4095
4095
4095
4095
4095
4095
4095
4095
4081
3409
2655
1926
1188
518
0
2
4
1
2
1
2
1
2
1
248
877
1576
2275
2958
3601
4095
4095
4095
4095
4095
4095
4095
4095
4095
4095
3702
3105
2610
2202
1830
1418
966
461
2
1
3
2
2
300
787
1213
1552
1816
2118
2499
3003
3584
4095
4095
4095
4095
4095
4095
3851
3446
3063
2716
2375
1960
1466
920
346
1
1
3
1
3
2
64
282
497
748
1031
1349
1688
2022
2340
3188
2700
2197
1723
1328
1016
799
696
724
873
1144
1531
1989
2488
2943
3330
3582
3685
3625
3422
3092
2677
2224
1792
1371
1022
710
465
310
253
278
423
656
976
1342
1725
2109
2435
2680
2840
2921
2942
2959
2969
3017
3106
3242
3372
3484
3553
3559
3468
3270
2990
2620
2177
1680
1186
697
258
3
3
0
1
1
0
2
172
687
1285
1919
2548
3150
3730
4095
4095
4095
4095
4095
4095
4095
4095
4095
4095
3716
2925
2076
1200
364
3
1
2
1
2
3
2
2
2
709
1815
2855
3738
4095
4095
4095
4095
4095
4095
4095
3735
3084
2453
1868
1407
1100
992
1067
1273
1606
1956
2272
2491
2588
2508
2257
1857
1384
870
