2099
2086
2079
2086
2091
2088
2069
2096
2111
2091
2095
2066
2054
2076
2101
2112
2099
2101
2092
2087
2100
2087
2084
2092
2080
2094
2089
2072
2077
2115
2096
2068
2074
2074
2089
2117
2078
2085
2087
2085
2071
2093
2084
2086
2093
2095
2107
2103
2099
2097
2101
2120
2099
2097
2092
2077
2081
2078
2097
2082
2107
2098
2076
2095
2090
2105
2098
2108
2099
2092
2088
2093
2096
2091
2097
2094
2093
2098
2093
2099
2101
2112
2102
2091
2104
2114
2088
2076
2100
2090
2107
2094
2082
2085
2074
2084
2094
2107
2082
2101
2092
2092
2102
2090
2085
2102
2106
2113
2094
2092
2096
2100
2086
2092
2091
2088
2080
2100
2086
2136
2104
2092
2092
2091
2094
2119
2125
2096
2089
2086
2100
2096
2074
2089
2083
2098
2091
2088
2075
2080
2098
2102
2115
2094
2095
2090
2081
2080
2087
2081
2087
2072
2085
2090
2089
2061
2083
2082
2082
2081
2093
2067
2073
2086
2086
2081
2095
2083
2108
2108
2089
2097
2096
2092
2095
2077
2089
2106
2073
2096
2102
2101
2068
2063
2072
2092
2090
2074
2078
2094
2069
2082
2072
2086
2075
2070
2073
2061
2082
2068
2075
2086
2073
2088
2104
2112
2106
2093
2092
2076
2085
2101
2104
2097
2105
2112
2091
2090
2095
2107
2089
2105
2080
2080
2077
2097
2090
2100
2105
2087
2076
2101
2097
2088
2088
2102
2095
2106
2086
2098
2085
2098
2068
2068
2088
2096
2097
2098
2097
2083
2088
2107
2088
2099
2090
2086
2166
2151
2169
2164
2156
2132
2135
2118
2134
2164
2150
2152
2134
2176
2179
2151
2165
2149
2140
2128
2148
2160
2149
2126
2135
2099
2079
2063
2064
2053
2050
2048
2027
2032
2017
2020
2009
2029
2025
2056
2043
2060
2081
2097
2103
2090
2107
2128
2128
2126
2164
2151
2154
2153
2144
2178
2172
2138
2170
2157
2123
2136
2137
2139
2143
2140
2147
2150
2157
2133
2141
2141
2154
2149
2144
2149
2165
2136
2129
2122
2104
2084
2081
2090
2071
2083
2061
2018
2024
2022
2005
2015
1993
2007
2003
2000
2006
1992
2025
2017
1997
2025
2057
2053
2064
2088
2071
2091
2092
2104
2124
2120
2140
2148
2142
2129
2135
2132
2109
2122
2128
2134
2146
2163
2145
2161
2163
2165
2071
2094
2121
2133
2157
2142
2135
2128
2114
2123
2091
2087
2077
2079
2080
2088
2096
2090
2104
2102
2098
2094
2079
2104
2072
2089
2089
2079
2093
2088
2072
2063
2075
2093
2093
2110
2094
2103
2102
2114
2131
2120
2108
2107
2112
2079
2108
2114
2126
2109
2107
2130
2135
2144
2151
2143
2142
2118
2108
2112
2077
2086
2069
2055
2054
2027
2024
1988
2003
2003
1986
1987
1998
1999
1993
1993
2001
1998
2017
2019
2026
2051
2040
2076
2082
2112
2149
2183
2200
2229
2248
2262
2281
2273
2299
2307
2292
2286
2252
2226
2173
2183
2156
2121
2102
2073
2040
2025
2023
2011
2012
2002
2002
1996
2011
2006
2012
1995
1979
1976
1970
1973
1976
1958
1957
1960
1968
1958
2002
1951
1962
1977
2020
2009
2026
2070
2098
2136
2166
2201
2198
2208
2205
2178
2167
2153
2152
2148
2122
2087
2073
2057
2031
2007
1984
1964
1922
1872
1872
1861
1836
1833
1872
1896
1931
1962
2015
2060
2134
2194
2214
2252
2251
2245
2236
2230
2191
2131
2118
2091
2075
2060
2050
2024
2045
2068
2080
2114
2118
2134
2178
2186
2197
2196
2190
2192
2181
2189
2176
2170
2155
2170
2158
2113
2114
2097
2091
2083
2048
2012
2010
1981
1979
2001
1999
2024
2060
2087
2142
2201
2208
2242
2245
2245
2235
2223
2208
2196
2171
2165
2103
2084
2068
2061
2057
2029
2008
1992
1962
1950
1920
1885
1894
1888
1902
1896
1878
1903
1917
1949
1992
2036
2084
2123
2140
2165
1839
1880
1864
1901
1969
2024
2083
2113
2177
2205
2256
2289
2312
2312
2287
2283
2291
2286
2293
2314
2322
2354
2379
2361
2349
2334
2288
2202
2162
2105
2029
1975
1938
1909
1872
1862
1849
1860
1870
1867
1887
1861
1874
1879
1886
1904
1940
1970
1986
2042
2080
2146
2209
2247
2296
2346
2387
2385
2385
2419
2416
2412
2420
2434
2418
2399
2364
2341
2301
2273
2222
2191
2172
2147
2118
2092
2069
2029
1998
1964
1922
1879
1831
1787
1775
1763
1776
1768
1780
1808
1813
1832
1860
1908
1931
1969
1978
2044
2083
2143
2209
2296
2312
2358
2370
2371
2391
2358
2313
2294
2273
2265
2244
2210
2170
2148
2114
2081
2019
1984
1937
1888
1858
1846
1818
1806
1824
1844
1807
1793
1809
1824
1878
1930
1956
2000
2058
2115
2118
2124
2142
2169
2152
2179
2190
2185
2180
2197
2211
2204
2191
2185
2148
2110
2130
2129
2115
2114
2136
2136
2137
2128
2095
2106
2083
2045
2029
2005
1984
1959
1954
1966
1960
1953
1961
1983
2007
2030
2054
2044
2059
2045
2044
2050
2048
2027
2023
2028
2041
2066
2086
2120
2174
2216
2203
2259
2288
2311
2315
2310
2304
2298
2279
2233
2180
2138
2061
1998
1944
1905
1883
1890
1899
1936
1959
2007
2056
2104
2143
2172
2213
2231
2202
2195
2181
2115
2071
2016
1981
1955
1932
1931
1953
1995
2052
2127
2198
2287
2342
2430
2470
2511
2556
2579
2551
2480
2384
2314
2205
2105
2007
1903
1820
1726
1684
1665
2096
2091
2078
2113
2114
2141
2161
2175
2196
2186
2191
2217
2227
2252
2243
2216
2165
2104
2034
1951
1893
1846
1852
1888
1918
1978
2056
2112
2160
2162
2180
2169
2118
2083
2060
2048
2071
2070
2070
2072
2096
2089
2066
2053
2054
2014
1979
1957
1936
1939
1945
1956
1958
1969
1990
2011
2065
2112
2162
2203
2242
2253
2278
2284
2239
2198
2176
2154
2141
2150
2144
2119
2122
2121
2074
2004
1932
1875
1825
1791
1789
1775
1782
1803
1817
1834
1897
1923
1965
2016
2114
2201
2288
2372
2425
2449
2464
2459
2410
2340
2304
2274
2202
2149
2117
2081
2047
2025
1984
1933
1936
1925
1878
1914
1914
1929
1970
2007
2024
2057
2116
2169
2190
2201
2270
2292
2313
2319
1943
1987
2040
2081
2143
2170
2242
2290
2337
2350
2378
2376
2370
2335
2318
2295
2280
2264
2260
2248
2212
2185
2168
2108
2056
1996
1948
1880
1828
1820
1784
1777
1801
1809
1864
1903
1937
1992
2041
2079
2095
2112
2120
2155
2133
2079
2034
2040
1991
1966
1935
1929
1917
1929
1935
1974
2019
2065
2128
2209
2266
2353
2383
2425
2430
2425
2402
2365
2319
2259
2201
2105
2068
2022
1984
1962
1946
2004
2050
2114
2170
2226
2310
2380
2430
2449
2462
2455
2426
2358
2255
2169
2043
1929
1844
1763
1693
1668
1660
1689
1739
1809
1891
1986
2061
2112
2170
2194
2157
2140
2126
2107
2070
2049
2043
2036
2073
2091
2137
2186
2213
2254
2301
2325
2344
2339
2328
2296
1794
1772
1772
1805
1849
1935
1981
1999
2040
2073
2062
2110
2151
2213
2210
2254
2277
2272
2247
2186
2141
2115
2097
2072
2065
2059
2067
2038
2040
2011
1970
1980
1977
2000
1989
2057
2090
2140
2143
2181
2183
2206
2211
2210
2197
2195
2200
2160
2121
2045
1955
1896
1830
1762
1709
1678
1644
1649
1697
1759
1843
1896
1978
2050
2176
2264
2364
2471
2539
2597
2616
2636
2639
2623
2575
2525
2469
2405
2298
2193
2097
2002
1878
1760
1669
1591
1528
1512
1510
1527
1597
1640
1735
1828
1935
2033
2136
2269
2382
2471
2563
2672
2732
2779
2804
2755
2702
2634
2562
2438
2319
2208
2115
2009
1892
1788
1692
1647
1590
1568
1549
1539
1592
1679
1789
1874
1983
2092
2470
2410
2314
2260
2100
1964
1834
1707
1610
1513
1444
1441
1465
1536
1651
1778
1949
2101
2256
2395
2521
2590
2625
2647
2605
2549
2470
2387
2323
2221
2152
2082
2002
1991
1956
1919
1869
1880
1865
1852
1870
1910
1928
1993
2010
2041
2099
2114
2138
2150
2132
2103
2089
2081
2064
2089
2128
2168
2200
2235
2268
2282
2292
2293
2247
2193
2131
2055
2008
1964
1936
1927
1921
1935
1943
1968
1983
1964
1997
1992
1986
1918
1912
1896
1860
1838
1809
1829
1839
1882
1963
2049
2146
2248
2373
2475
2553
2618
2685
2712
2666
2618
2515
2412
2276
2127
1986
1862
1759
1689
1647
1661
1713
1756
1837
1935
2043
2144
2234
2297
2312
2310
2271
2186
2071
1947
1846
1736
2522
2533
2521
2520
2473
2398
2316
2171
2034
1846
1703
1583
1491
1435
1407
1406
1453
1520
1640
1803
1997
2193
2336
2493
2602
2659
2705
2753
2751
2733
2677
2611
2499
2402
2295
2207
2109
2051
1970
1907
1829
1765
1703
1667
1661
1734
1776
1830
1879
1922
1952
2016
2105
2195
2302
2392
2485
2527
2513
2464
2387
2273
2183
2113
2038
1999
1979
1945
1953
1904
1909
1890
1839
1837
1854
1922
2013
2131
2213
2319
2380
2402
2387
2359
2311
2257
2230
2198
2166
2187
2206
2203
2213
2177
2116
2047
2004
1993
1937
1962
1997
2077
2148
2197
2231
2222
2232
2163
2080
2021
1981
1946
1909
1908
1928
1946
1926
1912
1851
1780
1752
1690
1676
1685
1688
1752
1832
1992
1476
1349
1320
1324
1373
1452
1542
1694
1816
1864
1939
1978
2017
2031
2048
2090
2138
2179
2246
2319
2358
2384
2380
2350
2316
2284
2278
2259
2279
2297
2336
2360
2374
2322
2251
2165
2055
1910
1781
1661
1563
1491
1474
1485
1545
1631
1733
1887
2072
2231
2410
2595
2750
2861
2899
2893
2819
2672
2466
2237
1979
1790
1606
1473
1419
1386
1437
1507
1590
1676
1757
1848
1878
1952
2026
2155
2242
2358
2477
2568
2624
2661
2632
2577
2481
2401
2312
2259
2260
2249
2307
2370
2424
2435
2408
2370
2256
2122
1983
1832
1704
1580
1430
1352
1314
1340
1379
1440
1551
1696
1828
2000
2161
2300
2454
2572
2649
2676
2682
2672
2634
2554
2499
2411
2328
2259
2160
2097
2203
2276
2326
2345
2369
2388
2390
2383
2355
2351
2329
2319
2288
2257
2217
2146
2091
2006
1922
1845
1749
1705
1673
1695
1700
1706
1782
1828
1875
1954
2007
2077
2145
2188
2240
2297
2355
2457
2532
2596
2683
2720
2758
2722
2662
2574
2436
2296
2131
1974
1834
1730
1622
1576
1561
1576
1609
1712
1779
1877
1993
2094
2171
2270
2330
2374
2401
2419
2440
2431
2429
2418
2390
2362
2315
2288
2250
2170
2126
2053
2028
2000
1978
1955
1946
1952
1968
1977
1999
2001
1996
2019
1986
1958
1965
1953
1955
1956
1943
1935
1965
2020
2076
2153
2191
2273
2356
2382
2443
2468
2487
2485
2444
2378
2267
2162
2046
1904
1777
1649
1515
1439
1393
1383
1424
1485
1563
1715
3044
2775
2457
2127
1783
1429
1138
917
722
615
561
561
633
787
975
1188
1473
1780
2065
2329
2554
2697
2784
2814
2808
2750
2680
2588
2465
2367
2283
2203
2150
2091
2028
1971
1924
1882
1858
1832
1822
1787
1759
1698
1610
1532
1488
1457
1434
1446
1551
1679
1897
2163
2451
2761
3066
3347
3551
3722
3781
3800
3749
3586
3396
3137
2786
2458
2089
1751
1403
1117
907
754
724
775
881
1077
1285
1507
1745
1980
2198
2402
2576
2718
2840
2932
2966
2960
2914
2846
2743
2637
2529
2454
2421
2439
2458
2489
2510
2470
2380
2237
2037
1770
1448
1140
787
447
189
18
0
1
3
121
351
671
1077
1521
1993
2460
2904
3321
3644
3912
4090
4095
