2096
2088
2101
2082
2087
2081
2075
2073
2072
2071
2082
2089
2101
2090
2105
2107
2120
2096
2104
2104
2085
2092
2111
2118
2113
2126
2113
2094
2098
2096
2111
2104
2114
2123
2104
2102
2104
2088
2118
2104
2128
2123
2115
2119
2113
2102
2106
2093
2087
2116
2118
2115
2097
2115
2115
2096
2105
2105
2095
2101
2090
2101
2087
2100
2094
2083
2094
2099
2107
2098
2084
2100
2088
2088
2112
2120
2106
2108
2118
2113
2106
2121
2129
2112
2113
2115
2117
2111
2098
2121
2117
2115
2108
2118
2121
2120
2111
2106
2097
2097
2093
2104
2096
2104
2093
2108
2116
2100
2103
2096
2080
2079
2095
2093
2104
2102
2100
2099
2101
2088
2107
2104
2109
2120
2112
2112
2109
2097
2096
2088
2103
2101
2095
2088
2088
2087
2083
2087
2086
2096
2090
2098
2104
2098
2096
2099
2102
2097
2102
2093
2104
2107
2092
2101
2094
2095
2096
2090
2106
2094
2110
2098
2084
2084
2092
2088
2074
2086
2099
2099
2098
2105
2116
2093
2102
2102
2094
2115
2100
2103
2095
2110
2100
2089
2093
2090
2085
2096
2096
2097
2104
2099
2093
2104
2108
2101
2118
2101
2108
2101
2098
2099
2092
2096
2102
2092
2098
2105
2094
2102
2088
2098
2097
2100
2087
2091
2089
2094
2091
2099
2089
2093
2088
2077
2077
2083
2084
2084
2097
2096
2085
2090
2096
2090
2082
2099
2082
2094
2110
2096
2108
2106
2091
2098
2102
2089
2102
2095
2088
2098
2109
2116
2112
2125
2124
2092
2070
2063
2048
2059
2061
2066
2071
2059
2061
2062
2068
2058
2066
2061
2068
2075
2066
2073
2069
2055
2071
2065
2058
2063
2042
2050
2052
2053
2045
2043
2063
2071
2040
2052
2040
2047
2043
2036
2038
2034
2032
2047
2055
2042
2040
2034
2042
2031
2037
2035
2039
2019
2030
2020
2015
2007
2011
2016
2010
2024
2029
2023
2016
2015
2000
2008
2025
2016
2022
2011
2025
2015
2011
2024
2020
2026
2033
2040
2040
2040
2037
2042
2050
2040
2054
2054
2076
2063
2085
2104
2090
2088
2110
2117
2123
2123
2124
2131
2144
2159
2170
2182
2193
2203
2201
2195
2216
2216
2224
2229
2247
2242
2249
2244
2247
2252
2253
2272
2277
2264
2260
2253
2243
2223
2232
2238
2239
2219
1978
1978
1964
1933
1918
1888
1880
1890
1891
1889
1899
1910
1945
1944
1933
1918
1910
1901
1899
1893
1952
1991
2062
2144
2200
2259
2316
2344
2373
2380
2362
2359
2354
2357
2369
2392
2436
2466
2494
2534
2574
2588
2603
2593
2551
2500
2460
2409
2344
2270
2221
2142
2084
2034
1986
1973
1984
1962
1947
1950
1961
1967
1966
1965
1938
1942
1916
1913
1888
1861
1834
1794
1769
1723
1691
1647
1638
1648
1656
1656
1695
1753
1804
1858
1869
1920
1928
1962
1961
1979
2012
2035
2077
2141
2235
2302
2376
2430
2475
2485
2496
2502
2502
2510
2476
2483
2483
2488
2492
2488
2480
2468
2445
2432
2420
2389
2361
2326
2290
2236
2187
2131
2114
2070
2067
2054
2053
2052
1494
1512
1543
1582
1643
1692
1787
1861
1960
2059
2161
2259
2356
2446
2519
2584
2638
2671
2707
2700
2704
2674
2629
2572
2515
2434
2362
2260
2178
2086
2016
1959
1886
1846
1798
1779
1778
1780
1772
1812
1844
1876
1914
1958
1995
2021
2056
2074
2113
2130
2139
2142
2130
2118
2119
2082
2075
2036
2011
1968
1960
1951
1930
1926
1919
1917
1948
1972
2007
2038
2076
2113
2130
2156
2174
2201
2217
2214
2214
2196
2177
2176
2148
2100
2060
1998
1967
1923
1864
1823
1774
1741
1707
1728
1725
1748
1795
1828
1876
1934
2008
2072
2167
2238
2311
2388
2449
2474
2500
2531
2519
2520
2495
2437
2393
2336
2270
2209
2140
2071
2027
1968
1910
1879
1870
1844
1866
1872
1816
1962
2116
2232
2336
2412
2458
2463
2437
2370
2279
2202
2102
2033
1978
1981
2015
2077
2126
2181
2225
2225
2172
2118
2016
1923
1841
1783
1786
1842
1947
2074
2239
2362
2462
2536
2563
2532
2474
2396
2319
2246
2170
2128
2070
2014
1944
1862
1748
1631
1534
1457
1416
1423
1495
1625
1766
1918
2115
2279
2452
2588
2733
2815
2902
2941
2952
2913
2820
2685
2551
2398
2253
2119
2027
1969
1940
1927
1948
1965
1950
1932
1889
1789
1678
1571
1482
1422
1370
1370
1413
1486
1606
1754
1951
2147
2354
2570
2764
2920
3024
3096
3121
3074
2998
2872
2693
2495
2325
2157
2022
1897
1838
1782
1742
1697
1656
1591
1533
1465
1370
1320
1255
1212
1185
1166
1176
1235
2482
2405
2346
2268
2190
2110
2043
1978
1928
1884
1854
1825
1817
1823
1834
1851
1890
1926
1957
1974
1999
2023
2038
2052
2068
2099
2138
2182
2246
2296
2337
2372
2380
2359
2322
2255
2164
2064
1960
1839
1724
1624
1542
1463
1442
1446
1485
1558
1698
1832
1999
2162
2346
2493
2642
2760
2836
2865
2872
2819
2752
2648
2514
2383
2236
2066
1902
1771
1617
1493
1407
1354
1319
1352
1395
1464
1598
1742
1933
2109
2292
2469
2623
2748
2837
2879
2869
2824
2738
2599
2449
2272
2097
1940
1794
1672
1577
1534
1511
1516
1551
1628
1719
1818
1917
2012
2104
2185
2233
2280
2323
2350
2364
2371
2382
2405
2392
2379
2367
2328
2291
2229
2183
2093
2025
1946
1885
1822
2357
2312
2282
2255
2204
2137
2050
1963
1866
1760
1693
1636
1655
1739
1861
2020
2238
2424
2588
2701
2744
2712
2616
2456
2270
2066
1882
1736
1657
1610
1624
1687
1789
1890
1997
2070
2107
2098
2052
1974
1869
1774
1738
1693
1715
1776
1880
1984
2076
2160
2205
2223
2218
2204
2175
2157
2164
2161
2183
2236
2288
2306
2296
2278
2180
2050
1910
1754
1594
1501
1476
1526
1650
1826
2010
2180
2313
2370
2403
2380
2362
2322
2312
2307
2315
2302
2276
2200
2112
2000
1903
1823
1814
1836
1927
2020
2145
2244
2359
2450
2546
2600
2693
2717
2690
2600
2434
2216
1962
1745
1586
1515
1543
1649
1843
2078
2306
2504
2661
2732
2728
2670
2528
2352
2170
2020
1918
1868
2736
2684
2557
2402
2231
2113
2038
2003
2011
2048
2081
2105
2113
2074
2052
2018
2010
2054
2115
2187
2240
2276
2266
2195
2092
1939
1816
1721
1679
1680
1755
1850
1982
2100
2212
2309
2361
2378
2388
2346
2307
2224
2166
2075
1988
1929
1873
1876
1880
1908
1950
2005
2051
2088
2110
2114
2100
2082
2091
2107
2146
2181
2213
2229
2226
2212
2180
2128
2084
2054
2037
2070
2125
2202
2287
2376
2439
2468
2457
2418
2315
2224
2093
1983
1901
1870
1832
1836
1843
1881
1908
1961
2010
2050
2108
2168
2220
2244
2258
2251
2200
2121
2064
1993
1954
1927
1926
1959
1973
2013
2068
2081
2097
2066
2039
2032
2016
2019
2022
2063
2131
2192
2221
2240
2256
2270
2275
2264
1640
1743
1830
1943
2054
2121
2225
2292
2345
2429
2490
2568
2625
2702
2741
2742
2722
2615
2500
2386
2216
2048
1878
1751
1632
1524
1499
1521
1582
1617
1687
1747
1809
1852
1896
1969
2093
2176
2304
2415
2534
2600
2676
2699
2740
2723
2669
2626
2506
2339
2142
1892
1668
1401
1135
952
913
988
1214
1543
1989
2437
2893
3218
3412
3439
3302
3028
2694
2361
2074
1859
1763
1737
1760
1784
1777
1701
1588
1446
1276
1176
1176
1246
1432
1722
2018
2329
2580
2782
2923
2999
3027
2956
2845
2648
2360
2087
1768
1530
1390
1381
1467
1641
1839
2066
2202
2235
2142
2024
1829
1736
1704
1788
1953
2148
2323
2451
2511
2500
2486
2443
2386
2324
2249
2176
2050
1923
2565
2748
2897
3008
3039
2932
2721
2487
2245
2006
1873
1767
1747
1776
1785
1799
1802
1735
1637
1536
1482
1451
1468
1564
1651
1785
1892
2018
2036
2032
2037
1985
1984
1987
2000
2048
2071
2123
2182
2245
2302
2347
2402
2474
2528
2604
2651
2701
2721
2721
2707
2680
2595
2479
2336
2157
1964
1753
1566
1439
1318
1274
1284
1361
1498
1671
1879
2052
2231
2356
2468
2545
2603
2597
2558
2516
2495
2419
2366
2287
2192
2094
2004
1896
1777
1708
1638
1606
1623
1668
1779
1917
2094
2260
2428
2598
2733
2834
2899
2914
2920
2837
2730
2592
2416
2207
2007
1782
1560
1350
1188
1052
1013
1053
1145
1325
1566
1841
2116
2390
2616
2800
2968
3016
3054
3029
2939
2844
3294
3050
2732
2334
1927
1560
1263
1042
960
999
1133
1366
1636
1880
2122
2312
2416
2469
2471
2453
2450
2467
2542
2663
2830
2994
3147
3270
3336
3292
3148
2867
2492
1999
1497
941
446
48
1
3
2
148
580
1103
1682
2255
2787
3230
3578
3808
3878
3841
3678
3402
3066
2694
2332
2029
1756
1574
1449
1376
1331
1278
1219
1162
1129
1146
1215
1339
1533
1758
1964
2171
2294
2375
2381
2377
2353
2336
2300
2240
2148
2013
1854
1708
1586
1542
1596
1747
1994
2266
2539
2756
2839
2816
2671
2440
2160
1871
1621
1429
1326
1298
1356
1490
1710
1975
2314
2659
2986
3274
3480
3594
3634
3599
3481
3330
3136
2910
2662
2412
2154
1924
1724
1579
1472
1384
3431
3288
3085
2810
2507
2201
1889
1605
1372
1195
1087
1079
1088
1184
1316
1491
1684
1852
2011
2131
2192
2192
2144
2059
1955
1872
1846
1855
1942
2054
2198
2345
2488
2612
2683
2725
2722
2701
2668
2652
2647
2671
2697
2719
2714
2658
2535
2316
2034
1698
1372
1027
771
581
503
554
697
908
1208
1568
1945
2343
2738
3079
3361
3557
3651
3620
3464
3204
2871
2429
2016
1590
1201
884
656
502
433
453
539
711
973
1286
1666
2087
2529
2961
3339
3660
3905
4015
3999
3861
3602
3240
2843
2389
1959
1561
1203
926
733
654
657
746
892
1116
1414
1736
2064
2393
2668
2895
3050
3104
3096
2999
2847
2651
2449
2255
2035
1852
1711
1587
1507
1466
1411
1360
1372
1427
1489
1552
1594
1593
1544
1498
1438
1417
1479
1611
1820
2098
2412
2684
2902
3013
3028
2924
2764
2544
2376
2232
2176
2184
2268
2387
2539
2656
2736
2702
2558
2297
1936
1535
1142
825
624
577
692
954
1313
1748
2196
2611
3000
3300
3500
3582
3562
3449
3225
2930
2542
2083
1608
1139
722
457
388
504
852
1345
1912
2458
2897
3161
3239
3094
2791
2359
1876
1390
1001
746
630
751
1002
1414
1936
2530
3097
3623
4045
4095
4095
4095
3792
3272
2664
2045
1506
1091
821
706
730
861
1040
1254
1452
1622
1700
1716
1653
1599
1564
1596
1714
1925
2214
2540
2884
3228
3530
3763
3941
4008
3948
3709
3278
2676
1944
1153
408
0
3801
3292
2762
2214
1668
1190
764
417
191
93
82
172
327
564
838
1126
1374
1634
1837
2001
2123
2182
2200
2167
2094
1997
1858
1732
1612
1519
1457
1409
1429
1491
1618
1808
2036
2314
2616
2916
3232
3487
3695
3814
3846
3780
3646
3438
3184
2895
2599
2284
1992
1750
1513
1321
1176
1077
1025
991
1012
1080
1189
1336
1506
1720
1973
2207
2462
2644
2792
2859
2837
2731
2553
2326
2047
1748
1448
1181
1002
859
793
868
1034
1273
1591
1955
2350
2765
3145
3510
3792
4033
4095
4095
4095
4001
3723
3348
2873
2360
1768
1166
590
72
1
2
0
1
1
1
1
322
974
1708
2448
3163
3863
4095
4095
4095
4095
4095
4095
4095
4095
4095
