2085
2103
2083
2097
2093
2100
2094
2076
2106
2094
2086
2093
2072
2077
2102
2094
2120
2092
2090
2088
2092
2100
2126
2099
2075
2071
2056
2084
2093
2065
2094
2082
2071
2073
2089
2107
2091
2085
2088
2083
2083
2077
2103
2100
2091
2117
2104
2113
2103
2092
2109
2109
2087
2104
2084
2109
2117
2119
2105
2104
2088
2067
2068
2083
2083
2080
2093
2082
2088
2082
2077
2098
2096
2084
2096
2090
2093
2075
2100
2111
2082
2096
2105
2087
2075
2086
2092
2093
2128
2105
2112
2097
2065
2068
2095
2093
2079
2065
2097
2090
2113
2104
2102
2087
2104
2101
2075
2102
2107
2123
2076
2106
2085
2102
2085
2094
2104
2088
2095
2084
2095
2111
2098
2102
2089
2099
2093
2093
2081
2054
2071
2089
2067
2068
2080
2086
2073
2071
2076
2095
2093
2085
2082
2084
2067
2082
2087
2081
2082
2109
2100
2108
2069
2076
2061
2074
2094
2086
2066
2059
2080
2075
2069
2067
2104
2100
2093
2096
2086
2093
2079
2086
2091
2069
2081
2099
2091
2088
2087
2081
2096
2077
2090
2097
2085
2094
2105
2093
2109
2099
2087
2092
2077
2087
2098
2088
2099
2103
2091
2104
2097
2080
2092
2104
2096
2113
2094
2094
2070
2094
2070
2102
2087
2080
2080
2093
2098
2088
2093
2108
2108
2092
2072
2087
2092
2095
2083
2104
2106
2095
2118
2116
2108
2110
2101
2112
2107
2106
2115
2127
2131
2111
2111
2106
2096
2111
2117
2121
2109
2094
2086
2081
2080
2096
2112
2106
2017
1998
1988
2010
2024
2013
2038
2037
2043
2071
2064
2079
2080
2071
2087
2085
2111
2117
2109
2119
2138
2138
2138
2157
2159
2184
2186
2185
2188
2188
2195
2208
2201
2216
2221
2240
2229
2239
2229
2238
2224
2227
2232
2247
2247
2243
2253
2255
2232
2247
2263
2245
2231
2239
2230
2246
2216
2214
2239
2217
2215
2192
2212
2206
2184
2192
2183
2180
2161
2170
2161
2158
2164
2145
2131
2117
2104
2136
2088
2100
2085
2068
2052
2043
2026
2009
2032
2024
2012
2018
2029
2008
2012
2020
2001
1961
1984
1990
1978
1977
1978
1990
1976
1980
1981
1961
1972
1974
1992
1963
1966
1964
1995
1981
1959
1996
1994
2003
2014
1999
2019
2052
2035
2057
2052
2063
2077
2079
2157
2156
2159
2155
2146
2168
2179
2189
2182
2207
2213
2195
2172
2167
2162
2154
2130
2137
2113
2078
2035
2047
2026
2018
2014
2007
1988
2010
2001
2022
1993
2006
2025
2026
2032
2030
2056
2054
2066
2082
2072
2086
2089
2094
2125
2128
2154
2139
2158
2160
2186
2173
2173
2158
2153
2131
2102
2109
2110
2121
2136
2150
2126
2154
2163
2171
2183
2181
2198
2201
2169
2152
2117
2134
2104
2117
2102
2095
2105
2097
2075
2075
2069
2049
2037
2023
2010
1988
2011
1992
1968
1985
1975
1971
1975
1987
1976
1984
2002
2026
2032
2057
2051
2078
2089
2117
2088
2111
2127
2120
2134
2151
2160
2207
2203
2185
2176
2186
2183
2176
2149
2118
2113
2087
2099
2103
2092
2071
2352
2364
2342
2332
2282
2254
2202
2165
2113
2076
2033
1990
1921
1884
1860
1830
1838
1812
1793
1774
1792
1819
1844
1885
1907
1977
2005
2052
2132
2179
2193
2241
2274
2300
2305
2322
2312
2355
2336
2312
2298
2266
2234
2228
2176
2131
2105
2074
2042
2024
2000
2007
1967
1959
1961
1934
1923
1957
1970
1966
1994
2041
2042
2079
2115
2154
2157
2173
2185
2191
2185
2207
2176
2168
2134
2132
2116
2113
2074
2064
2059
2035
2025
2009
1987
1983
1961
1983
1986
1998
1994
2032
2055
2073
2094
2137
2160
2158
2174
2224
2216
2232
2244
2242
2244
2225
2185
2178
2155
2158
2145
2130
2094
2061
2056
2026
2006
1999
1994
1995
1998
1990
1999
2013
2002
2049
2069
2067
2248
2246
2251
2233
2192
2129
2070
2027
1963
1908
1871
1879
1858
1861
1883
1897
1929
1984
2022
2067
2100
2132
2183
2224
2268
2269
2291
2313
2327
2317
2267
2228
2192
2129
2073
2002
1960
1931
1936
1976
1996
2064
2085
2162
2184
2192
2195
2173
2146
2104
2030
2027
1996
1987
2006
2007
2057
2095
2136
2182
2200
2227
2241
2243
2243
2202
2183
2161
2135
2102
2071
2049
2021
1995
1976
1940
1942
1932
1928
1953
1936
1941
1938
1978
2015
2067
2103
2128
2126
2175
2198
2235
2253
2267
2288
2296
2334
2353
2348
2351
2318
2310
2246
2196
2128
2020
1915
1840
1715
1667
1597
1592
1579
1622
1686
1781
1868
2004
2082
2154
2239
2280
2319
2344
2348
2353
2341
2340
1726
1712
1712
1728
1758
1819
1869
1925
1984
2032
2094
2168
2198
2226
2264
2289
2298
2324
2323
2351
2348
2346
2312
2287
2226
2122
2053
1966
1931
1881
1902
1929
1977
2044
2079
2095
2099
2048
2001
1970
1974
1989
2031
2108
2168
2235
2284
2319
2287
2258
2194
2135
2065
2036
2000
1971
1952
1922
1922
1913
1892
1895
1943
1969
1993
2040
2078
2107
2098
2087
2085
2087
2089
2141
2191
2235
2272
2309
2318
2301
2274
2218
2160
2127
2061
1988
1949
1968
1991
2016
2013
2030
2063
2086
2109
2130
2141
2151
2181
2193
2208
2232
2260
2226
2213
2226
2201
2190
2164
2167
2136
2114
2109
2074
2073
2012
1977
1956
1935
1904
1905
1911
1954
2012
2082
2145
2164
2199
2273
2127
2007
1872
1806
1733
1715
1726
1747
1782
1844
1896
1962
2008
2072
2104
2130
2152
2190
2230
2220
2244
2284
2305
2316
2321
2336
2342
2325
2292
2281
2255
2200
2176
2138
2077
2051
1988
1943
1901
1868
1875
1872
1882
1910
1915
1964
2007
2036
2095
2151
2195
2221
2222
2240
2248
2253
2253
2253
2222
2175
2153
2092
2026
1970
1908
1834
1759
1705
1667
1645
1647
1685
1741
1819
1903
2002
2086
2187
2255
2302
2321
2331
2331
2322
2297
2269
2250
2218
2178
2180
2147
2145
2170
2179
2168
2184
2136
2130
2070
1988
1937
1898
1855
1823
1798
1803
1840
1872
1942
2006
2089
2182
2255
2290
2331
2341
2313
2273
2206
2155
2116
2058
2018
2002
2019
2044
2086
2202
2202
2222
2252
2219
2183
2139
2084
2042
2052
2102
2111
2102
2148
2181
2216
2245
2280
2331
2325
2301
2294
2250
2230
2214
2190
2152
2090
2013
1922
1882
1803
1755
1700
1642
1581
1559
1596
1640
1722
1831
2005
2152
2288
2428
2539
2576
2618
2622
2630
2634
2581
2466
2320
2158
1976
1856
1772
1758
1724
1739
1699
1666
1623
1619
1650
1710
1797
1883
1985
2085
2217
2343
2425
2472
2509
2533
2574
2622
2627
2598
2510
2372
2233
2089
1964
1905
1842
1824
1824
1820
1839
1829
1859
1873
1881
1902
1915
1975
2030
2087
2153
2212
2239
2268
2272
2303
2326
2342
2347
2336
2353
2328
2259
2217
2125
2009
1901
1768
1683
1631
1600
1595
1577
1592
1619
1640
1712
1859
1871
1908
1923
1952
1994
2036
2090
2126
2180
2225
2259
2306
2329
2298
2272
2224
2164
2080
2038
1952
1878
1839
1841
1846
1853
1887
1913
1973
2036
2121
2194
2290
2358
2412
2432
2417
2382
2340
2261
2160
2058
1953
1873
1821
1776
1734
1731
1738
1746
1852
1929
2047
2154
2253
2364
2431
2489
2534
2548
2539
2452
2397
2314
2198
2075
1957
1873
1783
1719
1683
1680
1702
1735
1820
1896
2000
2091
2155
2231
2308
2351
2369
2374
2353
2315
2266
2169
2107
2011
1944
1876
1837
1814
1806
1832
1861
1919
1998
2084
2145
2213
2277
2319
2367
2357
2330
2283
2216
2156
2044
1981
1903
1852
1836
1840
1863
1888
1966
2052
2124
2187
2252
2308
2332
2330
2299
2251
2283
2305
2354
2357
2307
2196
2087
1995
1958
1949
1933
1926
1881
1861
1866
1864
1896
1923
1929
1900
1893
1910
1944
2018
2079
2106
2090
2073
2074
2115
2218
2339
2429
2453
2418
2387
2340
2351
2381
2391
2333
2259
2160
2096
2063
2023
1968
1894
1797
1744
1717
1711
1771
1877
1955
2050
2145
2227
2275
2327
2379
2431
2458
2522
2564
2538
2487
2448
2377
2297
2198
2048
1899
1747
1642
1578
1595
1617
1636
1624
1626
1663
1784
1941
2082
2232
2326
2399
2466
2535
2556
2582
2504
2385
2260
2135
2044
1964
1864
1741
1629
1534
1494
1518
1625
1746
1865
1962
2057
2156
2249
2304
2394
2447
2504
2550
2552
2513
2398
2259
2119
1996
1939
1891
1857
1807
1746
1700
2403
2494
2559
2579
2568
2507
2460
2337
2217
2093
1962
1836
1741
1685
1693
1686
1728
1781
1891
1990
2135
2261
2389
2539
2624
2680
2713
2675
2586
2495
2317
2128
1966
1768
1612
1494
1431
1378
1423
1501
1638
1758
1921
2108
2276
2435
2570
2662
2723
2740
2686
2609
2445
2252
2047
1859
1697
1548
1444
1405
1377
1406
1493
1630
1787
1999
2180
2418
2588
2723
2832
2888
2872
2794
2681
2487
2318
2112
1905
1753
1598
1493
1470
1467
1512
1621
1768
1909
2104
2290
2456
2595
2709
2786
2800
2753
2653
2532
2337
2149
1953
1762
1601
1458
1394
1338
1363
1419
1537
1693
1858
2068
2250
2431
2591
2700
2745
2793
2740
2686
2579
2463
2321
2162
2036
1870
1760
1685
1852
1873
1950
2072
2165
2205
2209
2222
2251
2291
2380
2450
2405
2303
2159
1977
1840
1795
1789
1814
1807
1788
1769
1759
1745
1810
1896
2014
2114
2193
2210
2188
2139
2126
2099
2140
2142
2150
2155
2117
2065
2014
2036
2077
2127
2201
2226
2227
2189
2181
2161
2191
2197
2193
2184
2157
2112
2067
2030
1970
1930
1922
1919
1960
2043
2096
2124
2102
2054
2055
2081
2155
2258
2326
2367
2320
2272
2218
2176
2153
2169
2228
2219
2220
2174
2112
2038
1985
1936
1906
1883
1878
1896
1905
1914
1958
2000
2061
2134
2222
2306
2385
2423
2491
2520
2514
2515
2472
2420
2318
2215
2131
2063
1987
1938
1880
1831
1794
1801
1831
1885
1934
1993
2068
2105
2161
2189
2226
2584
2290
1990
1695
1441
1236
1071
996
1005
1059
1184
1370
1598
1886
2145
2399
2649
2847
2985
3079
3064
2989
2848
2660
2441
2215
1978
1768
1609
1500
1450
1501
1565
1728
1901
2100
2356
2594
2786
2926
3040
3054
2998
2882
2711
2483
2261
1981
1762
1560
1406
1289
1241
1245
1334
1478
1651
1866
2110
2351
2598
2782
2906
2968
2925
2824
2683
2441
2200
1962
1700
1480
1318
1237
1198
1220
1280
1388
1569
1763
1970
2188
2396
2558
2676
2758
2767
2709
2587
2426
2207
2006
1805
1623
1503
1435
1443
1494
1611
1756
1915
2129
2330
2528
2681
2809
2874
2862
2778
2619
2420
2210
1988
1782
1601
1521
1432
1467
1522
1626
1760
1929
2101
2273
2430
2546
2636
2680
2182
1790
1459
1187
1018
930
901
956
1084
1283
1533
1844
2201
2568
2863
3068
3146
3128
3001
2831
2651
2525
2475
2509
2606
2692
2744
2743
2680
2547
2382
2186
1996
1819
1639
1433
1215
978
721
493
377
419
641
1024
1526
2076
2634
3117
3545
3870
4043
4095
4042
3837
3580
3222
2741
2221
1697
1209
815
571
499
531
674
870
1102
1376
1661
1909
2170
2397
2559
2654
2692
2637
2586
2535
2498
2521
2570
2624
2663
2661
2586
2495
2403
2347
2343
2321
2250
2060
1753
1409
1071
750
535
443
462
553
720
968
1280
1657
2101
2527
2949
3324
3582
3801
3935
3955
3876
3670
3316
2881
2326
1811
1346
988
722
549
464
447
500
610
809
1065
