2117
2100
2086
2082
2090
2108
2098
2088
2106
2104
2116
2110
2085
2081
2074
2112
2098
2080
2095
2084
2090
2103
2106
2076
2090
2095
2110
2099
2099
2090
2100
2103
2086
2112
2112
2087
2090
2093
2100
2089
2079
2087
2090
2072
2087
2078
2083
2092
2058
2087
2082
2108
2088
2111
2079
2073
2080
2102
2108
2096
2100
2094
2086
2091
2082
2085
2091
2088
2105
2113
2072
2093
2113
2086
2086
2086
2089
2101
2098
2107
2106
2107
2108
2101
2110
2089
2100
2110
2091
2096
2106
2094
2094
2112
2098
2106
2096
2100
2108
2105
2080
2089
2093
2106
2096
2101
2102
2108
2092
2083
2105
2111
2093
2075
2089
2068
2072
2088
2073
2096
2094
2078
2086
2104
2088
2090
2099
2084
2072
2089
2117
2106
2099
2098
2089
2087
2109
2094
2081
2096
2097
2113
2073
2113
2115
2096
2105
2110
2115
2097
2093
2097
2101
2090
2087
2092
2086
2082
2081
2077
2083
2068
2073
2090
2086
2097
2077
2069
2065
2075
2070
2088
2090
2088
2080
2082
2070
2068
2068
2072
2082
2081
2080
2088
2109
2119
2108
2083
2096
2092
2112
2097
2101
2088
2076
2076
2098
2106
2110
2106
2105
2096
2105
2106
2080
2109
2101
2114
2092
2113
2088
2092
2094
2103
2101
2111
2105
2088
2099
2078
2091
2090
2098
2074
2077
2083
2096
2109
2089
2106
2108
2124
2104
2097
2120
2111
2100
2073
2087
2103
2114
2111
2099
2100
2098
2110
2113
2122
2115
2092
2088
2111
2117
2102
2098
2099
1983
1964
1993
2015
2008
2000
1982
1982
1989
1975
2001
2000
2019
2018
2019
2032
2044
2056
2059
2059
2074
2064
2056
2049
2074
2107
2101
2102
2121
2122
2112
2120
2140
2132
2132
2123
2124
2119
2138
2127
2137
2133
2128
2131
2127
2143
2122
2126
2114
2139
2105
2082
2089
2112
2091
2087
2114
2115
2096
2098
2085
2116
2127
2128
2127
2146
2176
2182
2172
2164
2143
2164
2168
2166
2152
2150
2121
2133
2112
2099
2083
2066
2060
2045
2027
2029
2014
2011
1991
1974
2004
2007
2009
2003
1988
2028
2031
2025
2010
2029
2050
2033
2033
2010
2034
2057
2042
2065
2071
2092
2078
2082
2083
2077
2108
2106
2119
2119
2117
2111
2096
2104
2109
2113
2106
2091
2088
2075
2236
2225
2220
2192
2176
2137
2072
2039
1993
1969
1935
1906
1902
1897
1915
1948
1968
1996
1981
1995
2021
2012
1969
1959
1933
1904
1918
1926
1950
1973
1987
2007
2021
2047
2048
2011
2023
2044
2084
2133
2180
2206
2245
2285
2315
2336
2319
2320
2269
2242
2217
2198
2160
2128
2110
2113
2087
2082
2057
2061
2050
2036
2024
2041
2039
2034
2053
2049
2064
2053
2041
2035
2002
1965
1973
1970
1972
1975
1992
2029
2048
2094
2145
2168
2147
2166
2155
2135
2085
2063
2047
2030
2020
2019
2020
2039
2049
2088
2113
2167
2185
2238
2279
2259
2265
2242
2235
2202
2158
2122
2117
2088
2085
2084
2075
2064
2057
2059
2040
2055
2061
2080
2079
2123
2114
2087
2080
2092
2028
2056
2062
2082
2071
2067
2088
2095
2089
2106
2106
2125
2108
2123
2125
2161
2144
2164
2191
2182
2179
2172
2186
2197
2213
2219
2217
2207
2201
2190
2200
2141
2114
2062
2029
2007
1951
1909
1863
1833
1808
1785
1801
1793
1832
1860
1861
1909
1977
2015
2069
2106
2169
2192
2244
2283
2322
2321
2319
2344
2331
2320
2317
2280
2236
2209
2196
2144
2108
2066
2037
2029
2020
2036
2035
2062
2067
2104
2125
2143
2179
2223
2229
2242
2243
2271
2253
2248
2245
2208
2178
2145
2108
2062
2016
1984
1944
1930
1922
1901
1864
1864
1853
1844
1856
1875
1894
1916
1952
1957
1999
2031
2058
2086
2109
2128
2128
2108
2141
2145
2168
2146
2168
2146
2149
2150
2137
2135
1956
1968
1952
1963
1974
2014
2046
2089
2082
2072
2048
2030
2019
1972
1965
1989
1996
2000
2053
2100
2173
2186
2184
2203
2194
2204
2230
2250
2279
2280
2283
2231
2184
2112
2065
2000
1964
1961
1962
1947
1956
1953
1959
1958
1975
2014
2041
2075
2112
2149
2153
2141
2152
2164
2128
2105
2062
2042
1998
1965
1975
1954
1948
1960
1982
2030
2045
2083
2107
2173
2187
2226
2244
2255
2256
2246
2204
2160
2145
2100
2051
1982
1934
1902
1839
1826
1820
1851
1867
1877
1919
1980
2008
2024
2083
2104
2162
2203
2241
2283
2310
2307
2279
2278
2251
2229
2195
2167
2123
2103
2090
2052
2081
2090
2100
2134
2141
2180
2198
2201
2209
2210
2194
2194
2160
2158
2107
2093
2411
2374
2353
2297
2260
2194
2114
2046
1972
1942
1888
1837
1822
1809
1819
1866
1910
1970
2010
2073
2143
2178
2213
2251
2253
2281
2278
2255
2242
2223
2212
2183
2141
2109
2106
2091
2085
2088
2054
2049
2067
2061
2065
2065
2080
2088
2081
2052
2042
2010
2011
1988
1972
1963
1933
1925
1917
1970
2004
2025
2048
2105
2137
2167
2217
2248
2279
2285
2323
2304
2273
2270
2237
2190
2152
2120
2053
1972
1910
1876
1874
1853
1898
1903
1944
1960
2022
2081
2142
2177
2204
2236
2243
2248
2238
2219
2214
2188
2160
2109
2080
2032
2001
1991
1990
1971
1958
1933
1958
1987
2033
2061
2128
2185
2204
2254
2295
2303
2318
2315
2333
2309
2272
2230
2194
2152
2107
2050
1374
1486
1617
1792
1962
2160
2308
2416
2492
2520
2519
2508
2483
2447
2424
2402
2379
2349
2343
2297
2230
2150
2060
1941
1867
1803
1752
1722
1723
1744
1785
1849
1900
1950
2011
2052
2098
2127
2176
2192
2203
2178
2120
2071
1994
1960
1897
1863
1852
1844
1885
1961
2000
2056
2134
2190
2231
2271
2321
2347
2369
2419
2457
2516
2524
2535
2520
2482
2416
2313
2173
2030
1888
1756
1627
1509
1429
1378
1348
1368
1398
1473
1604
1807
1976
2188
2375
2522
2633
2688
2692
2676
2592
2540
2494
2449
2402
2326
2238
2155
2081
2033
1981
1973
1979
2019
2063
2073
2086
2053
1957
1852
1791
1720
1700
1737
1799
1872
1967
2056
2119
2173
2190
2246
2306
2324
2336
2387
1861
1926
1966
2006
2051
2136
2186
2229
2318
2368
2385
2427
2426
2419
2374
2302
2220
2163
2063
1973
1882
1848
1810
1816
1829
1853
1901
1954
2034
2102
2198
2248
2276
2299
2321
2285
2221
2161
2100
2029
1977
1927
1892
1893
1885
1887
1886
1947
1977
2040
2075
2146
2194
2250
2268
2295
2293
2300
2304
2299
2267
2246
2206
2168
2096
2050
2006
1921
1874
1817
1746
1708
1732
1763
1822
1891
1966
2056
2140
2240
2290
2306
2343
2371
2362
2335
2311
2289
2200
2115
2081
2040
1992
1975
1957
1957
1955
1942
1929
1919
1916
1895
1878
1900
1879
1942
1983
2031
2091
2172
2224
2288
2345
2397
2446
2455
2454
2462
2422
2358
2296
2179
2070
1981
1863
1746
1654
1621
1752
1653
1634
1635
1674
1754
1865
1947
2039
2128
2222
2342
2412
2485
2511
2543
2566
2526
2427
2334
2204
2088
1972
1872
1822
1777
1756
1793
1856
1942
2007
2115
2222
2288
2333
2360
2354
2304
2255
2183
2107
2049
1974
1947
1937
1945
1998
2021
2080
2112
2143
2186
2203
2213
2191
2179
2148
2078
2007
1960
1907
1876
1884
1936
2033
2119
2243
2392
2523
2638
2686
2677
2646
2533
2374
2187
1983
1781
1588
1413
1312
1255
1259
1311
1392
1542
1699
1880
2083
2243
2405
2550
2624
2689
2723
2710
2662
2600
2528
2427
2309
2216
2093
1990
1891
1745
1635
1546
1478
1454
1417
1442
1473
1563
1676
1791
1952
2120
2296
2463
2629
2741
2828
2875
2859
2777
2692
2545
1672
1744
1830
1925
2049
2159
2271
2363
2400
2430
2435
2440
2449
2491
2567
2611
2609
2540
2418
2256
2039
1856
1713
1630
1629
1640
1658
1653
1626
1607
1606
1631
1731
1914
2103
2292
2476
2565
2615
2604
2542
2506
2442
2376
2299
2224
2122
2013
1883
1783
1664
1568
1512
1516
1555
1639
1798
1970
2145
2278
2402
2478
2554
2576
2560
2570
2526
2443
2355
2259
2201
2148
2106
2028
1928
1767
1615
1452
1365
1360
1449
1652
1840
2021
2156
2248
2299
2351
2414
2442
2458
2478
2444
2419
2430
2400
2427
2459
2445
2404
2331
2172
1998
1829
1684
1597
1565
1590
1633
1721
1779
1843
1922
1981
2038
2096
2103
2095
2079
2045
2012
2025
2055
2102
2148
2178
2230
2221
1835
1935
2009
2105
2185
2259
2303
2313
2342
2346
2346
2322
2301
2262
2243
2192
2117
2015
1912
1807
1713
1646
1604
1588
1609
1680
1788
1911
2065
2224
2360
2504
2551
2552
2525
2398
2216
2025
1804
1606
1469
1396
1406
1537
1734
1944
2223
2470
2699
2855
2924
2951
2885
2779
2612
2412
2182
1966
1768
1613
1469
1375
1346
1379
1440
1513
1605
1730
1865
2009
2151
2263
2338
2449
2495
2533
2539
2494
2440
2348
2294
2230
2150
2119
2070
2051
2034
2024
2024
2046
2006
1986
1943
1906
1894
1868
1851
1827
1851
1923
2003
2133
2242
2375
2462
2528
2568
2577
2547
2492
2392
2284
2165
2051
1912
1784
1729
1634
1591
1570
1609
1679
1781
1885
2036
2177
2288
2418
2099
2238
2413
2596
2739
2830
2830
2728
2605
2463
2336
2209
2116
2056
1993
1950
1860
1812
1745
1673
1577
1512
1456
1426
1470
1546
1636
1774
1885
2047
2173
2389
2586
2804
2991
3076
3109
3027
2885
2701
2466
2233
2065
1925
1814
1794
1806
1808
1807
1810
1804
1764
1702
1584
1520
1499
1504
1532
1624
1727
1842
1925
1998
2079
2182
2309
2468
2618
2749
2770
2764
2665
2556
2496
2462
2465
2451
2468
2397
2329
2234
2111
1983
1827
1671
1538
1376
1246
1169
1198
1297
1432
1627
1828
2013
2198
2372
2517
2650
2783
2852
2903
2920
2897
2795
2684
2551
2413
2256
2077
1930
1817
1745
1721
1717
1697
1665
1626
1519
1493
1480
1547
1636
1806
1966
2139
2314
2471
2827
2689
2486
2217
1916
1576
1274
985
800
683
668
755
898
1171
1426
1792
2143
2494
2801
3025
3219
3325
3335
3246
3108
2896
2618
2322
1971
1654
1345
1082
902
823
792
861
1038
1270
1586
1936
2306
2654
2999
3290
3500
3682
3720
3696
3576
3359
3049
2680
2245
1817
1392
992
693
493
400
491
703
1074
1502
1996
2531
2983
3380
3684
3888
3975
3961
3835
3600
3284
2897
2458
2004
1542
1104
709
387
174
62
76
261
520
881
1312
1723
2154
2584
2938
3276
3490
3616
3626
3571
3410
3157
2835
2469
2054
1642
1232
866
555
337
219
238
377
644
995
1360
1817
2249
2653
2986
3275
3473
3577
3577
3492
3334
3129
2831
2520
2178
1840
1139
1318
1579
1897
2228
2578
2905
3166
3371
3500
3542
3482
3338
3161
2940
2712
2463
2208
1890
1549
1191
858
570
419
415
552
770
1014
1246
1466
1649
1897
2196
2503
2863
3168
3451
3660
3684
3642
3476
3264
3041
2761
2441
2184
1924
1662
1384
1108
811
562
374
302
351
533
838
1198
1580
1927
2237
2504
2728
2927
3083
3230
3359
3391
3441
3419
3340
3222
3060
2813
2511
2166
1797
1458
1215
1071
1033
1052
1030
975
934
850
876
960
1206
1601
1982
2352
2663
2832
2927
2981
3041
3141
3290
3406
3488
3452
3259
3030
2745
2475
2234
2053
1910
1799
1691
1525
1346
1167
1013
942
946
1031
1175
1352
1578
1818
2029
2223
2449
2672
2852
3027
