2086
2085
2104
2103
2102
2126
2133
2124
2149
2142
2124
2144
2146
2151
2160
2157
2161
2171
2160
2160
2185
2182
2171
2176
2183
2176
2166
2188
2186
2185
2185
2184
2191
2170
2180
2174
2167
2178
2175
2179
2161
2169
2159
2148
2144
2147
2140
2140
2130
2126
2102
2109
2106
2102
2095
2091
2076
2080
2077
2086
2044
2047
2055
2048
2028
2033
2036
2037
2020
2033
2035
2023
2042
2034
2040
2046
2042
2044
2055
2083
2056
2066
2066
2095
2100
2093
2100
2102
2082
2092
2092
2076
2077
2088
2080
2068
2060
2078
2053
2050
2040
2052
2043
2008
2030
2008
2018
2003
2020
2029
2008
2008
2028
2016
2033
2052
2033
2038
2044
2026
2059
2063
2064
2080
2083
2091
2100
2101
1929
1936
1952
1940
1944
1955
1956
1950
1949
1936
1915
1904
1910
1902
1929
1955
2000
2039
2060
2070
2088
2109
2111
2124
2150
2149
2164
2210
2236
2245
2274
2300
2311
2314
2308
2322
2302
2316
2298
2278
2283
2279
2277
2284
2328
2334
2312
2300
2280
2255
2212
2154
2122
2066
2050
2023
2018
2008
2010
2015
2011
2014
1991
1963
1960
1945
1918
1903
1887
1894
1884
1882
1908
1886
1909
1944
1962
1974
1997
2023
2040
2071
2076
2087
2110
2098
2106
2101
2102
2079
2090
2088
2093
2109
2099
2120
2127
2111
2109
2114
2115
2128
2154
2171
2186
2196
2209
2219
2213
2193
2200
2196
2166
2161
2157
2152
2134
2157
2155
2169
2154
2181
2158
2138
2130
2107
2080
2087
2027
2052
2057
2052
2086
2093
2098
2116
2128
2144
2158
2167
2156
2146
2135
2114
2107
2086
2075
2066
2072
2076
2066
2078
2096
2123
2164
2195
2246
2258
2307
2345
2378
2408
2422
2433
2417
2392
2352
2322
2270
2220
2145
2062
1978
1901
1808
1739
1690
1644
1611
1589
1608
1631
1694
1760
1859
1964
2054
2162
2251
2346
2411
2470
2507
2526
2518
2499
2457
2420
2361
2295
2212
2152
2053
1968
1903
1816
1751
1717
1688
1660
1666
1694
1735
1778
1834
1903
1948
2020
2086
2167
2191
2236
2289
2314
2312
2334
2354
2364
2354
2359
2353
2346
2344
2316
2280
2248
2228
2192
2146
2112
2078
2041
1980
1946
1923
1908
1890
1851
1834
1822
1828
1839
1874
1892
1937
2008
2124
2133
2116
2091
2067
2026
1986
1982
1946
1923
1935
1988
2045
2116
2181
2219
2245
2238
2214
2218
2208
2218
2220
2223
2214
2224
2211
2188
2113
2075
2000
1963
1911
1888
1900
1897
1937
1944
1928
1952
1964
1991
2008
1998
2012
2071
2100
2161
2213
2226
2241
2234
2194
2141
2090
2050
2025
2032
2040
2091
2119
2172
2174
2202
2226
2242
2232
2216
2180
2141
2082
2061
2030
2032
2052
2056
2068
2040
2009
2007
2013
1995
2024
2092
2160
2242
2318
2366
2394
2402
2360
2346
2315
2320
2329
2326
2320
2265
2190
2107
2031
1973
1933
1930
1919
1892
1889
1886
1892
1903
1951
2010
2049
2082
2107
2140
2147
2136
2144
2144
2139
2130
2134
2138
2166
2194
2216
2204
2104
2104
2128
2130
2164
2183
2201
2208
2215
2212
2222
2209
2240
2221
2244
2251
2234
2246
2252
2227
2202
2195
2167
2132
2141
2142
2130
2167
2168
2197
2214
2229
2252
2230
2223
2171
2115
2081
2050
2002
1999
1961
1957
1962
1990
1988
2028
2053
2100
2138
2168
2188
2196
2167
2156
2088
2063
2020
1983
1964
1937
1936
1959
1994
2024
2070
2116
2144
2176
2188
2180
2199
2147
2151
2088
2045
2015
2000
1995
1978
1982
2004
2045
2063
2120
2163
2215
2230
2240
2229
2235
2210
2176
2145
2094
2055
2031
2040
2031
2053
2068
2103
2142
2177
2213
2225
2240
2270
2240
2231
2180
2153
2089
1988
1913
1856
1801
1774
1765
1800
1887
1956
2038
2119
2204
2273
2334
2351
2432
2421
2417
2401
2373
2322
2252
2179
2104
2009
1949
1913
1896
1861
1864
1874
1892
1912
1925
1926
1952
1986
2031
2056
2115
2142
2151
2156
2152
2133
2131
2102
2079
2064
2059
2031
1992
1990
1986
1991
1996
2025
2084
2157
2229
2280
2312
2344
2332
2289
2235
2191
2123
2073
2033
1999
1992
1977
1966
1975
1978
1977
1961
1970
1999
2012
2061
2108
2132
2191
2208
2224
2220
2211
2185
2153
2112
2102
2075
2072
2063
2088
2104
2132
2176
2196
2208
2222
2216
2226
2221
2220
2220
2229
2221
2232
2240
2242
2232
2217
2203
2170
2138
2109
2073
2033
1968
1948
1927
1901
1883
1882
1893
1904
1936
1953
1990
2020
2069
2107
2156
2187
2220
2245
2260
2252
2236
2211
2246
2126
2002
1918
1821
1720
1620
1507
1401
1294
1265
1324
1481
1714
1974
2239
2454
2597
2668
2660
2634
2595
2563
2504
2415
2325
2211
2096
2022
1971
1937
1951
1981
2009
2012
2024
2021
2026
2059
2091
2107
2125
2090
2057
2032
2022
2010
2013
2077
2131
2177
2223
2252
2272
2262
2233
2177
2132
2063
2000
1966
1984
2009
2064
2118
2146
2147
2122
2091
2045
1993
1952
1930
1904
1862
1834
1805
1840
1903
2027
2157
2303
2430
2532
2606
2615
2554
2484
2342
2199
2063
1911
1774
1698
1645
1624
1666
1764
1837
1996
2131
2224
2287
2282
2221
2184
2129
2063
2024
1978
1946
1889
1841
1857
1890
2013
2151
2226
2288
2292
2227
2169
2097
1987
1897
1765
1667
1612
1985
2003
1982
1991
1979
2005
2004
2027
2054
2078
2098
2136
2195
2237
2270
2272
2283
2271
2203
2177
2101
2035
1955
1920
1889
1875
1896
1912
1952
1992
2041
2122
2153
2196
2264
2294
2320
2328
2362
2358
2319
2271
2187
2117
2054
1968
1891
1841
1823
1811
1854
1848
1900
1983
2074
2164
2229
2318
2383
2412
2426
2444
2449
2401
2360
2327
2218
2160
2104
2065
2011
1981
1980
1962
1953
1965
1990
2014
2032
2071
2104
2122
2156
2163
2175
2172
2136
2116
2048
2016
1973
1946
1897
1905
1895
1889
1912
1919
1942
1964
1984
2048
2050
2113
2111
2137
2177
2200
2191
2210
2200
2192
2192
2197
2191
2175
2178
2158
2170
2168
2179
2147
2131
2093
2054
2024
2015
2021
2613
2587
2516
2384
2306
2190
2065
1947
1808
1722
1676
1667
1722
1794
1857
1920
1995
2097
2227
2360
2455
2501
2451
2334
2181
2035
1944
1944
2001
2080
2126
2168
2154
2142
2114
2099
2095
2108
2128
2152
2173
2173
2137
2067
1984
1902
1869
1904
1997
2080
2163
2222
2251
2292
2358
2455
2549
2614
2580
2509
2365
2243
2164
2133
2081
2054
1986
1896
1835
1824
1881
1978
2084
2179
2228
2229
2203
2171
2120
2051
1971
1911
1882
1838
1820
1818
1831
1817
1814
1812
1816
1861
1907
1940
1953
1962
1996
2020
2024
2040
2052
2037
2050
2056
2097
2151
2220
2273
2286
2270
2250
2240
2264
2320
2398
2449
2486
2443
2371
2284
2192
2123
2113
2105
2112
2070
1960
1814
1838
1848
1890
1954
2038
2133
2197
2230
2241
2210
2158
2080
1983
1900
1810
1738
1680
1665
1677
1730
1830
1956
2131
2323
2499
2663
2800
2880
2906
2870
2780
2648
2469
2302
2104
1926
1762
1607
1498
1385
1339
1318
1364
1467
1588
1759
1961
2159
2339
2518
2649
2751
2823
2871
2846
2796
2712
2592
2432
2243
2072
1888
1710
1568
1440
1364
1349
1376
1444
1544
1648
1782
1923
2057
2174
2286
2380
2461
2530
2569
2605
2599
2581
2548
2531
2472
2400
2334
2261
2162
2073
1964
1876
1752
1670
1563
1498
1464
1446
1490
1563
1685
1820
1978
2142
2308
2470
2630
2773
2878
2937
2937
2873
2750
2539
2312
2066
1796
1548
1359
1238
1198
1250
1388
1594
1826
2092
2345
2165
2108
2085
2058
2019
1910
1744
1560
1322
1096
951
893
978
1171
1429
1687
1912
2074
2211
2335
2472
2656
2887
3141
3352
3526
3622
3650
3614
3518
3342
3103
2794
2462
2136
1823
1580
1382
1221
1061
874
678
435
226
76
42
148
425
838
1362
1912
2433
2877
3205
3388
3474
3486
3469
3496
3538
3601
3650
3632
3516
3313
3024
2663
2307
1955
1607
1321
1091
931
856
834
898
1002
1104
1205
1274
1335
1405
1518
1661
1863
2098
2340
2536
2695
2800
2824
2812
2775
2732
2689
2695
2703
2725
2760
2763
2736
2636
2488
2285
2067
1851
1699
1626
1616
1661
1763
1828
1894
1920
1896
1862
1806
1727
1682
1630
1579
1567
1575
1648
1759
1923
2097
2268
2074
1808
1597
1436
1342
1314
1370
1497
1694
1921
2164
2383
2551
2652
2699
2691
2631
2506
2345
2168
1950
1748
1574
1420
1313
1268
1271
1304
1406
1544
1710
1925
2168
2428
2669
2882
3042
3092
3093
3008
2838
2615
2317
1994
1692
1416
1160
984
870
837
866
979
1176
1424
1727
2022
2337
2596
2808
3000
3118
3184
3181
3092
2937
2710
2444
2169
1913
1697
1554
1487
1499
1584
1728
1902
2096
2281
2429
2528
2588
2596
2570
2515
2439
2345
2224
2100
1986
1897
1834
1808
1815
1860
1961
2105
2260
2418
2548
2662
2708
2693
2623
2512
2359
2171
1961
1756
1548
1364
1234
1171
1178
1264
1412
1617
1858
2113
2359
2583
2777
2919
2995
3026
2979
2891
2734
2553
2105
1902
1665
1410
1175
989
846
761
722
705
685
668
632
606
601
632
711
860
1065
1300
1543
1765
1946
2087
2178
2244
2289
2328
2360
2398
2431
2445
2435
2423
2390
2336
2278
2237
2206
2192
2212
2261
2312
2374
2420
2430
2425
2387
2316
2227
2126
2006
1884
1752
1614
1470
1341
1206
1072
954
848
784
753
751
804
927
1116
1364
1665
2027
2420
2851
3280
3676
4026
4095
4095
4095
4095
4095
4095
3947
3670
3376
3069
2741
2391
2028
1635
1231
812
407
55
2
3
3
1
1
0
190
566
944
1299
1614
1889
2121
2322
2508
2688
2882
3087
3311
3528
3735
3924
4071
4095
4095
4095
4095
3976
3828
3666
3498
3336
3196
3032
2875
3484
4095
4095
4095
4095
4095
4095
3373
2400
1510
800
366
213
297
492
693
769
669
355
2
3
5
2
3
1
572
1688
2862
3880
4095
4095
4095
4095
4095
4095
3980
3846
3834
3924
4024
4041
3881
3529
2982
2344
1658
1046
618
434
530
895
1464
2119
2745
3177
3310
3124
2636
1948
1155
431
2
2
2
2
3
4
6
101
195
306
516
866
1415
2119
2972
3838
4095
4095
4095
4095
4095
4095
3922
3279
2773
2511
2556
2886
3423
4015
4095
4095
4095
4095
4095
3448
2659
1959
1378
960
688
492
267
3
2
2
2
3
2
0
1
0
1
4
1095
2294
3224
3826
4095
4095
4095
3942
3809
3744
3757
3810
3854
4095
3905
3056
2200
1493
877
385
31
4
0
1
1
3
0
2
2
269
647
1086
1588
2121
2670
3191
3703
4095
4095
4095
4095
4095
4095
4095
4095
3746
3223
2640
2062
1524
1096
769
577
541
622
792
1041
1304
1518
1703
1834
1886
1868
1806
1714
1618
1523
1467
1442
1490
1592
1719
1898
2078
2265
2466
2652
2822
2967
3110
3230
3337
3431
3514
3570
3600
3621
3577
3529
3416
3274
3086
2847
2569
2273
1943
1584
1208
819
468
127
4
3
2
2
3
3
271
844
1541
2323
3118
3918
4095
4095
4095
4095
4095
4095
4095
4095
3527
2629
1766
928
262
2
1
4
2
3
0
218
780
1406
2037
2644
3209
3721
4095
4095
