2097
2097
2064
2056
2096
2096
2094
2105
2113
2080
2081
2073
2102
2116
2089
2082
2085
2080
2085
2069
2070
2070
2097
2104
2092
2093
2099
2088
2073
2059
2070
2062
2082
2103
2083
2078
2070
2110
2078
2095
2105
2062
2088
2118
2108
2112
2090
2086
2076
2050
2088
2092
2108
2072
2100
2092
2093
2076
2068
2077
2130
2131
2103
2077
2079
2084
2086
2104
2104
2098
2110
2118
2081
2069
2073
2088
2084
2071
2111
2077
2095
2127
2103
2105
2094
2114
2097
2086
2072
2096
2104
2109
2111
2096
2114
2088
2079
2087
2080
2067
2110
2085
2078
2077
2069
2056
2105
2090
2071
2081
2104
2105
2107
2108
2106
2096
2102
2090
2084
2104
2092
2079
2093
2091
2080
2094
2111
2098
2091
2099
2079
2074
2072
2049
2090
2097
2078
2100
2092
2093
2053
2077
2091
2090
2053
2109
2078
2104
2065
2072
2077
2086
2078
2100
2088
2092
2082
2107
2131
2123
2095
2112
2119
2083
2079
2085
2089
2114
2064
2074
2124
2091
2114
2101
2093
2087
2076
2074
2071
2092
2116
2110
2121
2074
2098
2120
2112
2132
2142
2114
2080
2099
2112
2088
2086
2104
2118
2092
2067
2104
2109
2097
2109
2101
2088
2120
2088
2103
2103
2099
2080
2125
2092
2134
2107
2108
2095
2087
2091
2114
2080
2099
2099
2132
2134
2148
2117
2113
2097
2105
2135
2137
2107
2096
2125
2126
2152
2143
2144
2148
2163
2172
2164
2120
2146
2147
2129
2134
2138
2117
2116
2131
2117
2119
2133
2151
2103
2102
2097
2109
2092
2112
2090
2093
2096
2097
2088
2105
2105
2093
2116
2101
2092
2071
2124
2114
2079
2079
2093
2090
2065
2073
2088
2074
2063
2098
2068
2081
2071
2081
2067
2061
2088
2082
2067
2065
2102
2110
2087
2078
2073
2066
2077
2113
2105
2113
2143
2134
2139
2139
2126
2144
2160
2144
2151
2173
2201
2180
2183
2228
2209
2233
2221
2228
2226
2211
2187
2226
2252
2220
2221
2261
2206
2204
2218
2204
2201
2155
2191
2155
2129
2141
2122
2115
2102
2105
2120
2089
2052
2062
2044
2077
2056
2038
2040
2024
2029
2030
2022
1981
2029
2023
2042
2008
2008
1976
1951
1989
1983
1974
1986
1993
2018
2014
1983
2002
1985
1970
2007
1997
1984
2015
2014
1996
2232
2220
2200
2170
2158
2148
2131
2140
2119
2082
2110
2112
2112
2117
2116
2121
2116
2100
2135
2148
2103
2086
2040
2037
2021
1998
1962
1921
1905
1870
1857
1881
1900
1932
1982
1977
2006
1983
2004
2000
2003
2029
2014
2036
2070
2086
2119
2125
2155
2198
2226
2235
2184
2183
2171
2165
2138
2132
2096
2058
2023
2021
2005
2002
1935
1997
2024
2040
2083
2052
2073
2073
2081
2110
2131
2141
2122
2128
2198
2199
2211
2277
2267
2266
2300
2308
2315
2316
2287
2265
2216
2195
2196
2193
2149
2135
2133
2148
2146
2102
2096
2062
2058
2026
1998
1942
1959
1954
1946
1929
1934
1925
1936
1965
1954
1956
1987
1947
1942
1952
1966
1964
2003
2007
2029
2066
2087
2096
1940
1965
1968
1953
1959
1965
1947
1956
1956
1949
1949
1972
2027
2021
2042
2056
2082
2081
2135
2113
2141
2167
2184
2206
2218
2271
2245
2260
2270
2307
2323
2285
2290
2254
2245
2237
2209
2184
2137
2084
2076
2030
2002
1960
1923
1870
1834
1820
1802
1827
1831
1860
1897
1965
2024
2087
2148
2203
2231
2255
2264
2247
2264
2241
2194
2177
2169
2210
2210
2199
2205
2230
2203
2199
2176
2162
2142
2120
2132
2133
2106
2079
2084
2087
2069
2053
2017
1972
1944
1910
1931
1938
1920
1965
1996
2031
2083
2129
2161
2189
2176
2185
2203
2202
2227
2225
2242
2250
2263
2262
2281
2264
2240
2208
2157
2127
2108
2079
2057
2056
2024
2057
2072
2088
2120
2130
2129
2138
1687
1689
1680
1735
1795
1852
1907
1978
2009
2066
2105
2129
2152
2189
2209
2260
2282
2294
2331
2344
2354
2344
2309
2292
2279
2219
2167
2147
2128
2070
2009
1942
1918
1892
1848
1843
1803
1826
1826
1870
1924
1961
1999
2056
2079
2096
2082
2072
2066
2103
2131
2176
2230
2281
2315
2303
2285
2253
2222
2171
2107
2095
2010
1990
1944
1937
1910
1926
1926
1923
1919
1957
1975
1966
1984
2025
2039
2054
2086
2105
2130
2096
2095
2072
2076
2055
2064
2060
2101
2129
2167
2199
2204
2214
2232
2200
2199
2156
2142
2126
2101
2057
2052
2021
2031
2014
2024
2036
2068
2095
2122
2162
2212
2214
2194
2177
2149
2114
2086
2056
2042
2010
2006
2030
2076
2118
2142
2158
2396
2396
2434
2426
2426
2389
2297
2218
2136
2063
1998
1939
1885
1872
1868
1849
1892
1934
1954
2016
2047
2084
2161
2195
2218
2266
2278
2296
2335
2333
2295
2266
2241
2234
2184
2137
2083
2074
2046
2027
2022
2006
2008
2000
2020
2031
2025
2010
1982
1945
1940
1913
1875
1865
1847
1894
1939
1993
2031
2109
2167
2246
2278
2316
2317
2310
2275
2253
2209
2162
2079
2023
1964
1902
1871
1855
1835
1861
1863
1889
1949
1980
2039
2098
2154
2203
2185
2193
2178
2181
2126
2062
2051
2027
2008
1997
2003
2042
2078
2122
2182
2219
2269
2295
2300
2283
2268
2235
2182
2143
2085
2048
1995
1995
1984
1982
2008
2060
2092
2137
2198
2243
2251
2287
2284
2282
2270
2239
2268
2196
2175
2106
2085
2047
2049
2034
1986
1984
2009
1934
1932
1923
1906
1896
1907
1928
1894
1903
1932
1970
2033
2091
2148
2201
2235
2281
2305
2227
2250
2230
2206
2214
2206
2235
2210
2206
2204
2162
2107
2067
2000
1947
1914
1883
1882
1868
1840
1856
1850
1847
1876
1894
1925
2000
2026
2118
2186
2261
2327
2346
2348
2358
2376
2385
2394
2325
2370
2374
2344
2347
2327
2284
2263
2230
2159
2125
2070
2068
2027
2011
1988
1958
1916
1872
1865
1828
1834
1814
1866
1886
1956
1984
2033
2067
2085
2133
2168
2169
2201
2224
2256
2286
2313
2332
2346
2316
2323
2279
2239
2186
2117
2084
2049
2009
1977
1947
1928
1921
1944
1872
1878
1878
1846
1860
1864
1900
2128
2129
2123
2117
2082
2027
2002
1963
1921
1863
1846
1839
1845
1833
1901
1937
2013
2045
2070
2071
2049
2050
2025
2002
1979
2009
2058
2081
2121
2167
2202
2216
2247
2232
2213
2199
2189
2186
2167
2122
2117
2071
2090
2083
2064
2071
2073
2056
2082
2086
2059
2071
2026
1969
1954
1897
1849
1791
1818
1823
1878
1969
2065
2150
2266
2412
2503
2568
2642
2646
2675
2642
2581
2456
2366
2227
2094
1952
1812
1730
1674
1650
1656
1671
1740
1811
1934
2068
2221
2361
2452
2522
2534
2518
2438
2331
2242
2160
2056
1922
1858
1808
1774
1776
1808
1816
1852
1897
1944
1973
2011
2061
2074
2113
2114
2116
2119
2087
2058
2024
2001
1997
2013
2063
2094
2134
2191
2230
2293
2393
2486
2537
2598
2557
2571
2564
2574
2494
2457
2328
2274
2180
2116
2023
1984
1911
1846
1840
1769
1787
1767
1826
1855
1914
1956
2038
2132
2170
2235
2248
2238
2248
2270
2250
2198
2160
2104
2066
1997
1928
1876
1887
1863
1818
1802
1814
1805
1868
1899
1940
2058
2133
2199
2253
2361
2401
2417
2406
2432
2416
2369
2316
2297
2243
2200
2158
2073
2072
2047
2028
1980
1971
1989
1955
1990
2004
2007
2030
2026
2026
2026
2007
2004
1992
2002
2023
2024
1991
1967
1984
2027
2038
2070
2048
2143
2188
2225
2244
2277
2322
2279
2304
2329
2299
2268
2256
2187
2168
2105
2074
2034
2004
1983
1958
1942
1938
1952
1952
1967
1956
2002
2063
2089
2110
2167
2215
2278
2375
2466
2502
2520
2492
2495
2418
2295
2163
2016
1871
1737
1623
1564
1559
1541
1616
1651
1744
1853
1914
1994
2032
2160
2202
2242
2189
2200
2159
2153
2099
2108
2093
2196
2268
2381
2484
2601
2656
2658
2581
2450
2289
2071
1870
1696
1568
1503
1464
1459
1512
1614
1717
1834
1969
2136
2289
2452
2532
2593
2590
2535
2455
2325
2213
2051
1934
1896
1895
1884
1966
2065
2216
2328
2478
2612
2649
2724
2650
2538
2335
2132
1929
1727
1568
1505
1500
1567
1695
1849
2033
2180
2274
2401
2463
2497
2481
2360
2204
2042
1896
1797
1657
1624
1602
1637
1661
1767
1809
1929
2072
2205
2364
2476
2569
2541
2481
2354
2274
2147
2066
2070
2033
2008
2004
1973
1992
2090
2080
2103
2143
2185
2238
2233
2263
2277
2289
2283
2260
2180
2129
2066
2001
1997
1938
1949
1984
1944
1954
2007
2023
2030
2043
2067
2089
2123
2172
2173
2200
2241
2238
2234
2211
2171
2108
2088
2002
1982
1957
1966
1963
1947
1953
1953
2013
2031
2045
2054
2114
2119
2105
2112
2106
2093
2044
2047
1988
1973
1926
1928
1937
1968
2007
2066
2149
2265
2294
2370
2439
2506
2513
2539
2536
2536
2479
2446
2323
2167
1976
1817
1636
1532
1418
1350
1363
1395
1523
1678
1831
2077
2252
2416
2604
2712
2801
2878
2886
2881
2782
2645
2467
2245
2036
1787
1556
1372
1190
1136
1144
1211
1370
1548
1782
2051
2284
2514
2715
2857
2979
3013
2957
2859
2724
2551
2345
2550
2437
2236
2020
1796
1576
1420
1396
1387
1478
1650
1780
1927
2013
2093
2104
2087
2075
2083
2108
2169
2294
2449
2575
2672
2753
2804
2759
2669
2540
2386
2193
2074
1948
1911
1878
1869
1821
1748
1638
1476
1304
1182
1138
1177
1295
1553
1825
2138
2426
2650
2783
2792
2721
2609
2534
2494
2513
2564
2630
2677
2619
2515
2297
2074
1817
1552
1355
1246
1246
1318
1476
1649
1807
1962
2005
2026
2014
2008
1979
1975
2019
2090
2205
2298
2397
2463
2457
2408
2312
2225
2163
2122
2134
2185
2243
2335
2440
2474
2408
2270
2073
1849
1668
1507
1466
1530
1679
1911
2113
2275
2343
2293
2189
2022
1894
1832
1868
2015
2198
2419
2616
2726
2780
2696
2566
2329
2102
3297
3240
3164
3018
2796
2565
2289
2002
1733
1473
1283
1153
1051
1018
1067
1143
1287
1429
1632
1841
2014
2182
2329
2463
2596
2676
2722
2747
2724
2735
2638
2504
2344
2159
1973
1805
1639
1542
1448
1415
1395
1451
1528
1617
1696
1799
1925
2025
2141
2246
2318
2416
2501
2541
2522
2514
2482
2428
2343
2249
2150
2081
2054
1974
1948
2000
2038
2061
2106
2144
2176
2162
2131
2127
2088
2082
2071
2022
2008
1955
1909
1858
1798
1766
1741
1729
1789
1842
1987
2113
2253
2391
2551
2675
2806
2875
2888
2869
2833
2745
2636
2500
2305
2134
1920
1716
1562
1407
1258
1181
1177
1192
1264
1392
1539
1734
1950
2165
2346
2518
2676
2753
2831
2830
2807
2737
2639
2548
2626
2675
2710
2590
2403
2173
1952
1737
1574
1454
1437
1435
1462
1514
1552
1609
1663
1720
1795
1888
1973
2061
2168
2206
2246
2213
2157
2087
1991
1916
1856
1831
1843
1853
1822
1858
1932
2021
2122
2201
2317
2401
2469
2546
2578
2570
2545
2492
2454
2384
2312
2207
2087
1933
1795
1606
1470
1353
1322
1366
1524
1689
1879
2015
2124
2215
2240
2279
2351
2445
2511
2570
2604
2623
2544
2445
2298
2111
1917
1745
1590
1450
1344
1299
1293
1348
1443
1592
1765
1954
2175
2403
2590
2776
2959
3123
3232
3267
3246
3164
3033
2888
2712
2552
2389
2250
2116
1974
1804
1590
1336
1140
977
889
872
972
1168
1371
1551
1701
1768
1755
1706
1608
1534
1541
1634
1772
