2085
2080
2076
2082
2085
2084
2087
2102
2103
2103
2089
2070
2061
2069
2080
2105
2122
2120
2110
2106
2095
2089
2091
2090
2080
2082
2078
2072
2070
2070
2064
2065
2066
2066
2076
2093
2118
2134
2136
2130
2118
2109
2100
2103
2099
2099
2091
2088
2089
2098
2096
2089
2079
2064
2045
2055
2050
2068
2087
2090
2096
2100
2106
2112
2117
2121
2118
2104
2094
2078
2087
2101
2106
2108
2109
2104
2095
2098
2100
2094
2089
2081
2075
2078
2094
2102
2110
2108
2104
2109
2120
2125
2133
2123
2105
2086
2063
2064
2069
2088
2104
2096
2083
2073
2071
2062
2063
2064
2057
2064
2070
2085
2117
2134
2153
2147
2137
2121
2122
2115
2112
2093
2089
2082
2086
2089
2079
2088
2151
2142
2120
2079
2053
2036
2033
2046
2069
2102
2130
2142
2131
2117
2081
2045
2028
2043
2052
2072
2094
2128
2141
2138
2120
2099
2077
2074
2073
2084
2109
2118
2127
2128
2115
2102
2087
2081
2072
2077
2083
2090
2100
2098
2102
2090
2087
2089
2087
2099
2105
2109
2106
2098
2089
2073
2064
2072
2079
2097
2115
2126
2126
2117
2113
2099
2093
2091
2098
2107
2116
2119
2108
2103
2094
2076
2072
2068
2083
2096
2107
2121
2131
2123
2109
2103
2088
2080
2078
2079
2090
2098
2110
2109
2111
2105
2099
2085
2090
2092
2102
2123
2129
2137
2138
2120
2097
2074
2050
2048
2062
2088
2125
2152
2166
2165
2139
2106
2076
2052
2039
2046
2068
2092
2120
2139
2146
2136
2069
2058
2046
2032
2034
2032
2052
2068
2095
2118
2122
2121
2121
2118
2100
2096
2078
2061
2057
2045
2061
2066
2087
2089
2094
2106
2102
2104
2109
2106
2102
2092
2088
2078
2074
2074
2073
2068
2056
2063
2057
2055
2057
2065
2070
2060
2060
2064
2066
2068
2075
2079
2082
2083
2082
2072
2062
2064
2053
2051
2050
2046
2048
2053
2061
2072
2090
2089
2091
2086
2080
2067
2056
2057
2061
2064
2072
2078
2075
2078
2069
2074
2080
2086
2084
2084
2076
2071
2071
2078
2084
2097
2103
2105
2110
2118
2124
2133
2127
2116
2108
2094
2095
2091
2084
2080
2086
2097
2115
2132
2144
2138
2121
2108
2106
2105
2115
2115
2107
2110
2110
2118
2129
2131
2114
2098
2080
2071
2236
2259
2282
2288
2296
2305
2312
2306
2293
2292
2276
2248
2227
2215
2203
2202
2181
2159
2145
2109
2077
2056
2031
2011
1989
1954
1940
1932
1929
1938
1960
1965
1974
1992
2014
2047
2067
2099
2108
2126
2142
2144
2133
2141
2155
2172
2182
2187
2188
2186
2177
2184
2193
2176
2168
2136
2119
2090
2066
2055
2025
1997
1994
1993
1995
2013
2025
2037
2041
2044
2044
2066
2089
2102
2111
2132
2146
2153
2168
2187
2196
2190
2202
2185
2179
2152
2135
2133
2122
2116
2080
2065
2039
2043
2024
2024
2010
2009
1991
1968
1971
1980
1986
1987
1992
1992
1986
1996
2012
2023
2033
2038
2048
2058
2071
2086
2109
2123
2141
2156
2169
2175
2183
2194
2208
2226
2253
2276
2264
2352
2407
2442
2428
2384
2303
2212
2126
2005
1907
1835
1793
1791
1809
1880
1962
2047
2141
2216
2276
2316
2320
2297
2262
2188
2127
2060
2008
1955
1925
1914
1920
1941
1985
2025
2067
2105
2158
2210
2248
2282
2302
2307
2300
2281
2251
2208
2149
2095
2045
2003
1982
1961
1964
1992
2017
2064
2113
2167
2210
2253
2264
2256
2228
2192
2143
2062
2000
1955
1918
1897
1875
1893
1922
1952
1997
2053
2087
2120
2138
2149
2136
2111
2091
2062
2032
2028
2016
1994
1996
1990
1992
1997
2009
2044
2080
2126
2172
2206
2253
2271
2300
2308
2294
2271
2249
2199
2150
2118
2068
2047
2036
2029
2034
2081
2112
2157
2194
2238
2265
2288
2275
2234
2194
2117
2059
2007
2111
2066
2024
2020
2016
2053
2129
2174
2191
2161
2149
2071
2014
1976
1961
2008
2051
2051
2108
2132
2160
2181
2166
2175
2148
2086
2031
1993
1965
2018
2077
2107
2118
2135
2154
2151
2104
2040
2004
1973
1985
2037
2086
2155
2158
2155
2141
2147
2103
2000
1908
1838
1862
1939
2071
2147
2215
2264
2307
2257
2209
2122
2002
1968
2024
2073
2149
2202
2230
2212
2206
2187
2152
2139
2073
1983
1903
1916
1968
2043
2168
2242
2274
2283
2206
2190
2108
2009
1956
1869
1842
1915
1982
2038
2143
2225
2251
2235
2150
2068
1953
1844
1856
1949
2089
2211
2331
2360
2333
2226
2101
1988
1885
1851
1924
2063
2199
2260
2278
2202
2124
2030
2000
2013
2032
2093
2148
2185
2038
1765
1702
1677
1835
2206
2566
2671
2632
2456
2104
1719
1525
1621
1847
2178
2425
2421
2240
2024
1900
1833
1877
1992
2091
2186
2268
2298
2126
1997
1904
1878
1990
2231
2391
2395
2349
2308
2096
1816
1700
1788
1847
2001
2366
2503
2356
2174
1997
1739
1697
1826
1914
1990
2128
2282
2306
2243
2102
1908
1708
1713
1848
2072
2254
2333
2260
2136
1915
1737
1721
1922
2256
2558
2695
2634
2379
2094
1875
1808
1794
1905
2005
2180
2302
2296
2080
1890
1766
1857
2064
2244
2281
2207
2095
1953
1840
1818
1904
2063
2254
2408
2508
2433
2224
2026
1928
1912
1952
2000
2089
2167
2162
2101
2058
2072
2062
2076
2178
2200
2185
1989
1814
1742
1825
1972
2080
2232
2165
2078
2115
2022
1822
1904
2261
2384
2152
1821
1594
1694
2078
2299
2272
2264
2264
2086
1912
1862
2038
2312
2350
2154
1995
2058
2017
1913
1964
2115
2276
2284
2092
1926
2008
2163
2251
2229
2130
2101
2134
2128
2124
2215
2358
2316
2118
1968
1913
1884
1906
2031
2129
2105
2085
2062
2027
2093
2172
2130
2162
2325
2293
2099
1964
1932
1906
2065
2190
2258
2309
2262
2125
2043
2038
2086
2186
2229
2203
2181
2150
2097
1971
1881
1940
2126
2100
2130
2159
2100
2002
2001
1929
1913
2067
2130
2070
2017
1957
1975
2103
2231
2308
2333
2277
2048
1976
1958
1952
2129
2240
2135
2067
2101
2060
1940
1951
1992
2003
1993
1932
1976
2173
2304
2274
2182
2163
2080
2069
2189
2209
2026
1828
1872
2145
2421
2438
2324
2254
2208
2134
1920
1793
1907
2141
2320
2308
2140
1971
1917
1937
2039
2219
2414
2420
2249
1919
1729
1835
2032
2176
2236
2299
2397
2284
1900
1622
1808
2264
2533
2341
1970
1712
1667
1769
1940
2129
2204
2160
2099
2065
2097
2122
2023
1907
1843
2023
2217
2220
2182
2260
2329
2191
1909
1834
2023
2235
2249
2211
2196
2086
1952
1953
2224
2515
2513
2260
1909
1698
1668
1824
2002
2216
2417
2396
2084
1686
1670
1982
2343
2420
2216
1904
1681
1648
1998
2405
2589
2437
2091
1759
1674
1805
2155
2390
2378
2183
1928
1696
1720
2030
2340
2442
2388
2200
1995
1903
2004
2230
2420
2409
2178
1903
1787
1866
2056
2383
1944
1497
1392
1856
2518
2830
2624
2038
1559
1503
1815
2185
2346
2285
2035
1848
1715
1757
1958
2242
2374
2249
1888
1575
1683
2214
2714
2649
2119
1644
1646
2003
2258
2231
2159
2259
2338
2056
1649
1638
2231
2832
2805
2242
1799
1776
2000
2175
2261
2382
2447
2183
1738
1531
1839
2399
2648
2410
2057
1988
2093
2057
1944
2062
2418
2637
2440
2021
1790
1765
1801
2048
2452
2658
2328
1806
1603
1996
2641
2949
2727
2097
1548
1483
2057
2834
3094
2556
1724
1356
1749
2541
3046
2881
2253
1732
1566
1800
2129
2371
2380
2203
2068
2120
2240
2250
2078
1926
2032
2272
2248
1889
1544
1632
2069
2419
2344
1962
1740
1863
2079
2172
2149
2088
1950
1848
1919
2146
2247
2152
1974
1944
2153
2354
2394
2289
1990
1695
1641
1859
2174
2354
2346
2129
1880
1774
1954
2162
2327
2262
2024
1803
1672
1787
2057
2377
2504
2391
2075
1795
1744
1869
2110
2195
2137
1942
1881
2089
2352
2426
2288
2088
1922
1892
2048
2265
2377
2331
2127
1892
1760
1922
2269
2580
2655
2467
2130
1858
1713
1760
1959
2166
2268
2222
2094
1999
2072
2317
2441
2365
2071
1705
1493
1575
1880
2240
2428
2376
2209
2080
2084
2204
2322
2286
2028
1767
1720
1820
2000
2222
2450
2533
2355
2025
1761
1837
2304
2752
2670
2028
1390
1217
1692
2422
2823
2683
2316
2053
1994
1967
1900
1928
2140
2315
2238
1984
1870
2013
2358
2551
2282
1738
1444
1615
2042
2081
2422
2480
2200
1752
1506
1624
2056
2540
2750
2517
1946
1428
1282
1627
2294
2797
2836
2468
1925
1612
1634
1980
2361
2422
2158
1878
1846
2134
2550
2834
2686
2134
1391
935
1124
1939
2935
3505
3287
2431
1363
696
830
1736
2834
3432
3272
2536
1688
1186
1372
2094
2784
2880
2284
1419
945
1223
2147
3172
3564
3044
1961
995
738
1231
2125
2858
2952
2422
1670
1280
1446
1972
2450
2575
2285
1785
1472
1577
2000
2408
2517
2267
1885
1684
1790
2154
2654
2990
2811
2169
1496
1208
1437
2075
2752
2948
2462
1773
1399
1530
1957
2464
2762
2611
2088
1556
1335
1560
2090
2548
2648
2396
2012
1776
1905
2269
2516
2528
2324
2005
1781
1787
1935
2112
2225
2983
1753
678
478
1305
2535
3403
3518
2919
2019
1406
1452
2141
3040
3532
3250
2233
847
3
4
1168
2922
4095
4095
3297
1880
711
360
950
2036
2984
3436
3317
2675
1784
1106
982
1394
1951
2301
2292
2027
1774
1811
2194
2661
2833
2578
2105
1690
1571
1773
2219
2600
2698
2499
2148
1882
1765
1744
1730
1689
1567
1392
1424
1798
2394
2813
2837
2457
1903
1423
1206
1465
2163
2950
3359
3137
2454
1707
1269
1242
1532
1920
2150
2035
1647
1355
1587
2382
3292
3784
3573
2622
1230
3
3
513
2204
3842
4095
4095
3212
1439
1
3
388
1972
3458
4095
4095
3082
1601
496
343
1066
2127
2958
3255
3008
2376
1726
1464
1669
2138
2511
2510
2086
3898
3626
2762
1715
999
858
1186
1757
2437
3063
3400
3250
2737
2106
1582
1316
1356
1683
2104
2325
2218
1918
1603
1477
1606
1988
2464
2792
2670
2110
1325
676
291
353
888
1842
2896
3748
4095
3888
2960
1525
110
1
2
918
2424
3747
4095
4095
4095
3020
1573
492
167
573
1346
2144
2847
3309
3408
3010
2251
1448
1064
1242
1774
2240
2412
2383
2292
2191
1936
1624
1427
1528
1880
2281
2505
2403
2078
1692
1495
1630
2096
2721
3210
3276
2963
2459
1930
1447
984
610
579
1095
2022
2892
3326
3368
3290
3279
3222
2887
2302
1665
1229
1040
993
976
1113
1513
2171
2964
3606
3974
4072
3803
3101
2015
866
109
1
292
877
1588
2291
2846
4095
4095
3681
1964
278
1
3
3
3
1
3
1
42
1117
2256
3187
3860
4095
4095
3860
3290
2565
1788
1094
619
420
602
1132
2003
3117
4095
4095
4095
4095
4095
4095
4095
4095
4095
3902
2507
1034
2
0
2
2
1
1
2
0
2
1
2
1
58
1285
2672
3999
4095
4095
4095
4095
4095
4095
4095
4095
4095
4095
4095
4095
3368
1456
1
2
1
3
3
1
2
2
1
1
16
1613
3416
4095
4095
4095
4095
4095
4095
4095
4095
4095
4095
2830
1402
137
2
1
1
1
1
0
2
3
2
2
238
898
1549
2185
2788
3323
3811
4095
4095
4095
4095
4095
4095
4095
4095
4095
4095
4095
3702
2780
