2094
2087
2102
2086
2071
2095
2085
2100
2114
2090
2094
2089
2086
2076
2076
2092
2096
2110
2104
2103
2133
2100
2111
2119
2107
2113
2111
2094
2122
2102
2109
2095
2120
2089
2083
2097
2084
2077
2099
2082
2083
2070
2088
2114
2080
2082
2094
2062
2090
2089
2090
2090
2115
2089
2098
2104
2135
2080
2106
2098
2066
2086
2106
2111
2099
2107
2112
2119
2096
2114
2096
2098
2065
2078
2100
2094
2074
2107
2093
2107
2090
2094
2099
2070
2070
2065
2069
2065
2094
2105
2079
2080
2091
2089
2077
2082
2102
2108
2100
2065
2085
2103
2095
2100
2085
2091
2108
2095
2083
2098
2088
2103
2105
2083
2108
2102
2117
2104
2070
2084
2085
2085
2083
2092
2096
2106
2113
2089
2088
2085
2107
2104
2096
2062
2087
2098
2103
2097
2116
2105
2103
2088
2106
2095
2122
2099
2108
2109
2098
2100
2096
2073
2107
2080
2098
2067
2074
2057
2066
2092
2101
2095
2087
2098
2102
2102
2067
2073
2089
2108
2120
2091
2099
2075
2078
2104
2080
2074
2084
2062
2100
2111
2087
2102
2085
2086
2093
2122
2109
2107
2100
2088
2067
2076
2080
2100
2075
2084
2103
2068
2073
2094
2076
2095
2125
2130
2107
2090
2092
2082
2066
2102
2121
2110
2101
2100
2094
2101
2087
2079
2076
2063
2093
2096
2085
2074
2079
2085
2073
2088
2098
2105
2102
2090
2114
2107
2089
2112
2113
2107
2116
2096
2106
2084
2088
2077
2080
2089
2095
2103
2110
2112
2083
2066
2090
2087
2099
2109
2121
2091
2068
2082
2107
2108
2089
2126
2085
2116
2123
2097
2123
2103
2131
2151
2161
2140
2161
2128
2124
2148
2153
2154
2137
2149
2154
2162
2155
2190
2191
2161
2179
2186
2165
2180
2168
2162
2167
2171
2183
2191
2169
2196
2176
2175
2174
2174
2184
2204
2172
2192
2153
2173
2175
2175
2158
2154
2134
2146
2149
2168
2148
2147
2124
2143
2140
2151
2145
2131
2113
2119
2126
2130
2099
2117
2099
2101
2082
2095
2085
2061
2054
2077
2069
2040
2029
2044
2026
2008
2008
2002
2011
2007
1996
1990
1988
1984
1983
1977
1969
1979
1970
1961
1958
1962
1973
1941
1941
1940
1970
1956
1963
1975
1984
1956
1975
1952
1956
1975
1971
1977
1979
1997
1972
1975
2270
2248
2238
2229
2217
2212
2209
2166
2164
2160
2174
2144
2143
2120
2110
2111
2109
2104
2104
2086
2080
2067
2054
2082
2080
2110
2148
2166
2138
2160
2191
2185
2203
2232
2223
2203
2201
2198
2153
2163
2158
2176
2173
2161
2168
2149
2168
2141
2129
2114
2122
2118
2086
2082
2040
2007
1981
1930
1896
1875
1866
1852
1867
1883
1866
1908
1904
1936
1967
1963
1954
1916
1915
1916
1939
1974
1988
1977
2002
2025
2018
2048
2052
2045
2049
2080
2137
2175
2244
2294
2370
2401
2419
2461
2475
2461
2420
2426
2408
2349
2346
2334
2294
2259
2232
2167
2139
2078
2037
2011
1971
1982
1958
1936
1908
1885
1864
1828
1799
1790
1767
1748
1754
1808
1830
1888
1913
1977
2171
2092
2005
1950
1913
1873
1848
1813
1856
1885
1936
2010
2067
2165
2233
2301
2336
2344
2320
2306
2283
2252
2130
2064
2001
1895
1851
1815
1812
1788
1825
1881
1961
2072
2164
2234
2264
2325
2328
2331
2301
2285
2203
2144
2027
1952
1915
1868
1819
1804
1815
1871
1903
1990
2060
2132
2186
2230
2277
2289
2278
2269
2215
2159
2113
2080
2041
2024
2027
2074
2102
2129
2152
2192
2232
2298
2305
2329
2346
2331
2327
2269
2218
2173
2108
2047
1990
1952
1920
1892
1872
1888
1888
1885
1903
1933
1943
1972
2000
1994
2000
1985
1991
2016
2023
2039
2078
2119
2149
2170
2180
2173
2180
2181
2176
2157
2159
2138
2122
2120
2096
2066
2061
2084
2092
2042
2097
2107
2207
2292
2319
2395
2475
2526
2500
2395
2205
2029
1882
1844
1893
1948
1960
1893
1849
1869
1924
1944
1966
1976
2071
2198
2380
2472
2455
2346
2221
2093
1952
1875
1755
1704
1817
1938
2115
2194
2295
2285
2327
2360
2358
2260
2183
2152
2171
2189
2179
2070
1958
1879
1836
1833
1833
1868
1920
2013
2097
2208
2249
2244
2193
2157
2141
2116
2144
2148
2136
2140
2155
2150
2126
2096
2018
1955
1939
1965
1975
2006
2042
2072
2130
2182
2201
2199
2188
2108
2061
2050
2003
1975
1985
2024
2033
2070
2101
2140
2135
2161
2173
2201
2201
2203
2175
2128
2125
2105
2110
2089
2022
1990
1948
1923
1935
1950
1954
2013
2085
2125
2137
2181
2231
2231
2219
2113
2048
2055
2383
2398
2367
2268
2163
2064
1937
1856
1821
1859
1938
2055
2174
2237
2289
2261
2223
2162
2093
2016
1937
1968
1982
2027
2144
2249
2336
2414
2407
2315
2221
2120
1984
1888
1883
1916
2028
2217
2377
2559
2633
2619
2508
2337
2066
1797
1551
1385
1315
1343
1491
1696
1958
2235
2458
2591
2635
2555
2390
2183
2049
1874
1773
1708
1805
1929
2055
2172
2327
2371
2357
2266
2184
2030
1908
1806
1758
1797
1905
2033
2132
2280
2367
2428
2415
2346
2250
2158
2050
1937
1879
1871
1916
1955
2038
2067
2133
2194
2194
2216
2175
2163
2142
2101
2082
2033
2014
1970
1930
1903
1901
1962
2026
2104
2222
2311
2342
2366
2308
2211
2110
1969
1894
1855
1836
1907
2014
2155
1968
1856
1855
1968
2037
2177
2241
2294
2389
2469
2505
2483
2412
2337
2219
2142
2073
1962
1848
1743
1679
1738
1823
1928
2056
2231
2429
2604
2658
2612
2478
2368
2283
2187
2026
1892
1785
1694
1676
1684
1777
1934
2080
2229
2343
2405
2444
2412
2352
2297
2207
2112
1940
1825
1768
1770
1769
1764
1852
1976
2119
2244
2247
2236
2219
2202
2166
2141
2097
2067
2068
2128
2169
2139
2112
2080
2040
2007
1914
1840
1819
1885
1947
2025
2126
2212
2276
2304
2313
2356
2347
2282
2159
2072
1996
1968
1853
1765
1690
1713
1788
1916
2050
2210
2366
2444
2467
2413
2351
2240
2114
1948
1816
1739
1691
1674
1721
1832
1944
2152
2367
2546
2626
2592
2478
2331
2162
2014
2450
2441
2307
2140
1962
1869
1860
1965
2161
2351
2520
2588
2556
2429
2230
1996
1801
1656
1578
1605
1726
1907
2050
2220
2316
2322
2303
2238
2194
2170
2198
2230
2247
2175
2049
1900
1756
1701
1728
1872
2087
2287
2404
2449
2357
2144
1869
1597
1416
1347
1443
1680
2012
2367
2664
2828
2837
2702
2499
2257
2073
1955
1954
2005
2048
2065
2049
1977
1910
1865
1880
1890
1914
1958
1985
2041
2039
2080
2106
2127
2160
2167
2138
2083
2012
1909
1831
1811
1837
1886
2032
2235
2446
2647
2799
2830
2738
2505
2232
1930
1629
1447
1385
1419
1563
1788
2009
2232
2392
2524
2556
2566
2479
2352
2216
2109
2039
2047
2120
2187
2228
2182
2091
1978
1841
1780
1736
1790
2416
2110
1881
1739
1579
1472
1543
1738
2021
2263
2432
2515
2582
2553
2459
2311
2182
2012
1792
1558
1443
1430
1548
1818
2159
2546
2927
3225
3307
3069
2574
1963
1540
1434
1514
1564
1446
1303
1350
1754
2344
2906
3248
3297
3068
2710
2382
2096
1847
1528
1183
946
916
1118
1533
2028
2539
2943
3140
3171
3140
3029
2739
2269
1777
1372
1184
1172
1240
1443
1738
2097
2457
2733
2890
2930
2843
2647
2366
2058
1769
1508
1309
1282
1457
1795
2133
2423
2618
2776
2869
2799
2513
2144
1792
1506
1338
1284
1360
1572
1832
2094
2338
2548
2688
2707
2575
2352
2036
1692
1403
1247
1258
1433
1729
2051
2351
2603
2774
2816
2754
2598
2375
2088
1774
1464
1309
1380
2630
2192
1662
1220
888
774
827
1065
1439
1889
2360
2796
3122
3233
3117
2833
2410
1939
1495
1178
1056
1192
1517
2014
2553
3018
3300
3341
3093
2673
2157
1655
1286
1127
1095
1168
1323
1454
1597
1754
1947
2176
2454
2695
2921
3025
3002
2855
2571
2189
1794
1458
1237
1224
1389
1717
2098
2492
2834
3048
3163
3109
2888
2576
2218
1897
1664
1610
1669
1777
1861
1862
1770
1714
1771
1985
2317
2656
2899
2912
2792
2551
2264
2000
1735
1531
1384
1337
1408
1637
1927
2136
2223
2151
2031
1970
1981
1997
2005
1995
1973
2048
2128
2254
2338
2348
2282
2250
2205
2213
2241
2215
2080
1909
1709
1639
1722
1937
2232
2507
2676
2743
2680
2549
2429
2332
2252
2144
1941
1909
1871
1817
1689
1576
1500
1451
1444
1432
1457
1474
1499
1503
1566
1671
1830
2096
2401
2667
2908
3145
3328
3469
3514
3447
3153
2756
2317
1872
1489
1234
1052
988
993
1029
1153
1336
1639
1909
2192
2408
2492
2440
2312
2147
2022
1944
1999
2173
2458
2817
3115
3318
3335
3212
2967
2575
2125
1639
1186
798
508
395
460
660
1028
1464
1935
2374
2796
3130
3346
3445
3403
3178
2850
2498
2159
1925
1783
1718
1683
1672
1668
1647
1593
1523
1480
1467
1455
1564
1779
2146
2582
2994
3335
3493
3432
3143
2674
2140
1592
1096
707
441
357
532
974
1637
2388
3146
3728
4071
4084
3815
3341
2726
2011
1332
771
352
235
408
893
1633
2461
3198
1886
1561
1415
1393
1546
1808
2091
2370
2501
2407
2098
1640
1315
1235
1423
1871
2458
2953
3226
3241
2942
2437
1777
1104
568
272
247
596
1301
2220
3147
3872
4095
4095
3772
3101
2381
1759
1315
1095
1098
1224
1417
1611
1780
1823
1645
1405
1247
1346
1756
2356
2938
3409
3670
3702
3507
3115
2491
1742
976
349
49
129
468
987
1497
1931
2316
2629
2868
3016
3063
2999
2931
2883
2842
2748
2605
2365
2085
1837
1606
1334
1074
925
924
1193
1642
2154
2632
2943
3104
3150
3170
3107
2995
2794
2607
2462
2408
2404
2286
1982
1536
1028
552
218
109
266
744
1457
2308
3225
3947
4095
4095
3862
3152
2346
1658
1208
1029
1120
1419
1836
2236
2515
125
1605
3272
4095
4095
4095
4095
4095
3942
2327
480
0
1
0
0
1
0
1134
3128
4095
4095
4095
4095
4095
4095
3524
1529
1
1
0
0
0
2
386
2366
4095
4095
4095
4095
4095
4095
4027
2188
117
0
1
0
1
0
13
1766
3867
4095
4095
4095
4095
4095
4095
2827
705
0
1
1
1
1
1
665
2748
4095
4095
4095
4095
4095
4095
3860
2034
223
0
1
0
0
0
743
2292
3788
4095
4095
4095
4095
4095
2897
1219
1
1
1
1
1
11
1387
3147
4095
4095
4095
4095
4095
4095
3705
1697
1
1
0
0
1
1
2
1269
3321
4095
4095
4095
4095
4095
4095
4046
2249
248
0
0
202
120
117
173
319
537
853
1234
1720
2200
2729
3265
3745
4095
4095
4095
4095
4095
4095
4095
4095
4095
3771
3199
2619
1969
1334
690
143
0
1
0
1
0
0
0
0
0
3
464
1049
1668
2314
2975
3605
4095
4095
4095
4095
4095
4095
4095
4095
4095
4095
4095
4095
4018
3295
2555
1773
1029
304
1
0
1
0
1
2
0
1
3
2
0
2
2
632
1476
2325
3107
3850
4095
4095
4095
4095
4095
4095
4095
4095
4095
4095
4095
4095
4095
3847
3135
2352
1564
802
90
2
2
1
2
2
3
1
2
1
0
2
2
629
1399
2168
2907
3562
4095
4095
4095
4095
4095
4095
4095
4095
4095
4095
4053
