2100
2104
2095
2079
2081
2087
2098
2074
2094
2078
2086
2088
2078
2067
2079
2107
2102
2090
2093
2109
2089
2079
2082
2104
2109
2103
2084
2093
2134
2092
2095
2076
2101
2086
2074
2081
2059
2066
2098
2092
2102
2109
2103
2087
2088
2094
2086
2061
2085
2096
2066
2095
2089
2088
2065
2093
2093
2089
2109
2077
2085
2076
2100
2118
2093
2097
2063
2086
2084
2052
2094
2104
2086
2106
2127
2119
2103
2111
2093
2093
2080
2113
2115
2119
2078
2072
2094
2090
2113
2101
2092
2091
2088
2080
2062
2080
2078
2074
2084
2054
2085
2067
2108
2101
2108
2100
2085
2092
2117
2128
2101
2098
2067
2077
2067
2062
2104
2133
2090
2088
2113
2116
2122
2098
2104
2104
2087
2098
2074
2077
2092
2096
2076
2084
2083
2081
2086
2062
2072
2057
2079
2071
2065
2051
2040
2064
2050
2070
2071
2056
2058
2057
2038
2084
2042
2039
2035
2016
2012
2030
2043
2040
2041
2030
2026
2026
2043
2034
2057
2027
2020
2037
1994
1995
2069
2016
1999
2040
2014
2023
2006
2044
2029
1998
1979
1978
2001
2041
2006
2001
2019
2031
1996
2001
2032
2008
2000
2014
2026
2013
2047
2035
2026
2040
2022
2028
2045
2031
2058
2043
2060
2032
2066
2084
2068
2052
2098
2076
2116
2131
2148
2152
2136
2141
2124
2146
2147
2153
2144
2149
2152
2139
2159
2176
2180
2220
2218
2220
2202
2185
2211
2200
2185
2200
2178
2191
2155
2152
2152
2169
2182
2162
2153
2171
2126
2147
2126
2192
2185
2188
2210
2216
2208
2203
2239
2195
2206
2199
2203
2168
2171
2191
2158
2116
2111
2078
2066
2024
2022
2010
1999
1981
1994
2014
1974
1991
1980
2027
2025
2051
2066
2086
2104
2132
2148
2211
2229
2228
2237
2259
2280
2251
2226
2240
2218
2188
2163
2099
2062
2050
2020
1997
1995
1988
1916
1927
1904
1933
1936
1950
1998
2032
2070
2098
2128
2156
2200
2225
2253
2280
2286
2318
2338
2344
2315
2318
2290
2240
2222
2254
2234
2205
2198
2173
2116
2093
2083
2040
2020
1980
1953
1941
1899
1924
1939
1925
1941
1967
1991
2020
2052
2109
2125
2173
2186
2192
2207
2223
2190
2179
2174
2145
2126
2115
2061
2010
2012
1989
1980
1972
2006
2016
2038
2073
2151
2096
2035
1941
1836
1763
1712
1706
1740
1839
1952
2078
2165
2207
2214
2180
2121
2057
2017
1959
1944
1899
1878
1861
1808
1771
1743
1747
1784
1817
1883
1957
2034
2087
2136
2186
2235
2284
2346
2398
2433
2474
2446
2410
2341
2270
2196
2124
2070
2050
2038
2071
2078
2111
2174
2195
2188
2144
2076
2009
1944
1849
1820
1798
1810
1848
1869
1896
1888
1916
1934
1986
2061
2179
2304
2431
2543
2595
2611
2558
2444
2296
2152
2030
1967
1926
1916
1923
1932
1988
2008
2009
1989
1982
1962
1908
1883
1832
1774
1750
1710
1682
1682
1703
1775
1866
2012
2146
2280
2376
2428
2435
2407
2336
2265
2211
2194
2213
2261
2342
2423
2463
2466
2433
2350
2248
2147
2047
1951
2019
2077
2116
2132
2124
2069
2044
2015
2028
2045
2071
2091
2107
2103
2065
2054
2094
2126
2229
2354
2438
2541
2573
2519
2407
2255
2084
1872
1743
1659
1657
1738
1854
2004
2111
2194
2238
2271
2275
2264
2238
2138
2022
1904
1841
1800
1832
1925
2051
2156
2194
2199
2096
2005
1926
1852
1840
1843
1859
1877
1926
1966
2042
2192
2284
2311
2306
2207
2109
2040
2004
2015
2072
2117
2141
2182
2204
2194
2166
2093
2058
1982
1949
2009
2106
2180
2232
2256
2210
2125
2066
1983
1979
1964
1944
1912
1869
1855
1912
2040
2232
2387
2501
2496
2386
2278
2150
2046
1920
1868
1770
1741
1760
1882
2075
2292
2507
2622
2679
2648
2597
2502
2409
2285
2116
1978
1839
2438
2412
2349
2282
2208
2128
2059
2071
2103
2052
1894
1789
1848
2073
2377
2668
2839
2823
2634
2421
2283
2176
1997
1760
1573
1521
1566
1620
1656
1759
1954
2160
2334
2454
2496
2356
2024
1657
1494
1628
1894
2080
2049
1890
1819
1957
2194
2332
2314
2205
2077
1936
1818
1832
1999
2192
2267
2210
2155
2195
2354
2515
2574
2470
2227
1985
1880
1927
2052
2201
2302
2324
2270
2195
2142
2173
2285
2384
2385
2259
2035
1792
1588
1496
1576
1762
1930
2028
2107
2246
2436
2581
2554
2330
2019
1835
1860
2011
2099
2072
2054
2116
2247
2360
2376
2297
2188
2090
2050
2080
2119
2113
2034
1928
1831
1820
1951
2227
2540
2726
2679
2458
2196
1986
1830
1722
1678
1747
1884
2073
2207
2265
2233
2146
2040
1947
1882
1851
1871
1966
2095
2164
2091
1870
1596
1397
1398
1620
2012
2427
2714
2802
2708
2511
2306
2156
2067
2069
2153
2312
2470
2526
2416
2165
1850
1550
1288
1174
1285
1628
2046
2359
2433
2282
2016
1822
1832
2071
2408
2648
2689
2578
2406
2260
2141
2032
1946
1942
2011
2121
2175
2143
2071
2038
2074
2157
2279
2454
2658
2776
2694
2381
1956
1602
1508
1651
1910
2119
2212
2180
2053
1842
1597
1473
1563
1886
2292
2570
2600
2434
2175
1928
1787
1804
1972
2212
2378
2337
2054
1661
1360
1316
1509
1844
2163
2336
2276
2034
1742
1623
1740
2011
2305
2508
2527
2404
2212
2041
2015
2132
2335
2448
2344
2060
1775
1614
2576
2576
2474
2300
2107
1898
1722
1603
1576
1678
1880
2153
2440
2624
2701
2616
2436
2208
2002
1879
1845
1887
1997
2146
2294
2416
2471
2453
2337
2178
2006
1895
1874
1940
2040
2128
2155
2097
1949
1753
1567
1440
1418
1506
1700
1938
2210
2445
2626
2698
2638
2478
2234
1951
1701
1569
1603
1819
2158
2555
2896
3119
3158
3018
2722
2320
1885
1495
1221
1118
1183
1374
1659
1965
2214
2376
2427
2387
2256
2090
1926
1820
1806
1888
2084
2333
2573
2741
2804
2729
2530
2254
1944
1684
1529
1504
1621
1866
2161
2434
2611
2659
2569
2378
2161
1984
1879
1844
1848
1885
1920
1945
1965
1962
1939
1898
1865
1868
1916
2043
2220
2428
2588
2638
2569
2386
2114
1827
2816
2583
2032
1472
1101
1021
1146
1292
1482
1663
1893
2174
2324
2320
2360
2586
2935
3148
3024
2666
2320
2203
2162
1855
1334
906
824
1150
1578
1874
1965
1974
2184
2665
3114
3305
3149
2796
2486
2144
1657
1162
912
1085
1535
1966
2131
2087
2082
2174
2422
2661
2985
3316
3530
3508
3360
3060
2541
1782
1079
714
748
988
1254
1489
1815
2216
2616
2891
2988
2889
2813
2763
2650
2366
1892
1444
1183
1177
1313
1464
1708
2008
2326
2439
2306
2046
1802
1570
1382
1290
1416
1661
1880
1886
1802
1857
2108
2341
2438
2494
2580
2696
2686
2544
2342
2100
1811
1642
1635
1716
1718
1678
1813
2184
2634
2739
2662
2518
2599
2786
2852
2705
2577
2498
2452
2329
4094
4095
4095
3575
2742
1841
1064
603
550
878
1462
2109
2608
2917
2983
2807
2474
2009
1584
1307
1196
1285
1529
1885
2206
2403
2485
2436
2402
2324
2277
2230
2211
2166
2080
2004
1939
1903
1899
1932
2024
2177
2375
2600
2782
2809
2636
2368
1979
1632
1374
1245
1264
1478
1848
2276
2670
2852
2784
2516
2143
1766
1494
1378
1385
1609
2008
2510
3040
3418
3549
3399
3045
2545
2037
1548
1118
858
740
858
1231
1728
2246
2658
2920
3004
2922
2723
2463
2104
1749
1448
1256
1190
1263
1479
1774
2064
2312
2428
2379
2180
1884
1640
1515
1565
1784
2119
2479
2814
3097
3248
3217
2923
2434
1878
1419
1196
1168
1368
1668
2024
2360
2544
2617
2518
2271
1980
2893
2996
3132
2952
2242
1174
221
3
3
180
716
1362
2082
2740
3165
3388
3530
3656
3524
2929
2041
1321
1126
1282
1436
1529
1799
2365
2866
2878
2395
1857
1611
1635
1536
1107
652
554
953
1623
2234
2631
2884
3122
3399
3601
3604
3282
2629
1800
1164
1087
1476
1945
2095
1899
1749
1968
2450
2803
2746
2355
1804
1350
1180
1272
1503
1720
1802
1759
1760
1990
2405
2758
2767
2429
1911
1468
1182
946
666
387
344
697
1290
1864
2268
2616
3178
3927
4095
4095
3853
2904
2123
1784
1681
1512
1316
1358
1871
2695
3327
3415
2983
2473
2240
2141
1808
1140
426
199
574
1324
2041
2521
2871
3287
3780
4066
3928
3292
2297
1263
465
2
1
4
4095
4067
3516
2927
2381
1840
1404
1088
990
968
961
1032
1201
1503
1879
2214
2407
2501
2581
2645
2633
2588
2633
2829
3130
3353
3328
3037
2470
1793
1037
332
4
4
188
863
1500
1938
2349
2882
3567
4095
4095
4095
3914
3065
2035
840
2
2
1
1
249
1121
1943
2607
3012
3146
3170
3347
3679
4044
4095
3934
3206
2065
736
3
1
2
2
278
1562
2752
3661
4095
4095
4095
3764
2804
1639
581
2
2
1
419
1312
2363
3441
4095
4095
4095
4095
2973
1329
2
1
1
2
29
1169
2285
2902
2999
2694
2321
2113
2211
2582
3131
3753
4095
4095
4095
4095
3280
1793
189
1
2
0
0
2
386
2427
4095
4095
4095
2
3
1
1
2
0
0
84
2438
4095
4095
4095
4095
4095
4095
4095
2928
724
2
3
1
2
2
1
969
3237
4095
4095
4095
4095
4095
4095
3768
1345
3
1
2
2
2
2
2
1328
4095
4095
4095
4095
4095
4095
4095
4095
2518
2
1
4
2
3
4
4
2
891
4095
4095
4095
4095
4095
4095
4095
4095
2471
1
1
1
3
2
3
1
2
2336
4095
4095
4095
4095
4095
4095
4095
3408
868
1
2
2
1
3
2
1
861
3057
4095
4095
4095
4095
4095
4095
4095
2491
565
2
2
1
1
0
506
2020
3455
4095
4095
4095
4095
4095
3343
2057
736
0
1
2
2
1
653
2021
4095
4095
4095
3257
1326
2
3
2
3
3
1
2
1
2
1
2
2
3
4
1
2
2
0
2
3
1288
2942
4095
4095
4095
4095
4095
4095
4095
4095
4095
4095
4095
4095
4095
4095
4095
4095
4095
4095
4095
3982
2416
771
3
3
3
3
2
1
5
3
3
4
3
3
0
0
3
2
3
1
757
2164
3484
4095
4095
4095
4095
4095
4095
4095
4095
4095
4095
4095
4095
4095
4095
4095
4095
4095
4095
4095
3389
2392
1396
381
2
1
1
2
3
2
3
4
2
3
3
1
2
2
2
3
1
754
2189
3602
4095
4095
4095
4095
4095
4095
4095
4095
4095
4095
4095
4095
4095
4095
4095
2
4
2
2
1
1
3
3
2
1
2
1
0
0
0
1
2
0
0
2
1
1
1
1
1
2
2
1
2
3
736
1761
2751
3693
4095
4095
4095
4095
4095
4095
4095
4095
4095
4095
4095
4095
4095
4095
4095
4095
4095
4095
4095
4095
4095
4095
4095
4095
4095
4095
4095
4095
4095
4095
4095
4095
4095
4095
4095
4095
4095
4095
4095
4095
4095
4095
4095
4095
4095
4095
4095
3903
2840
1789
773
3
2
1
1
1
3
1
2
2
1
3
1
1
2
0
2
2
2
2
1
3
3
1
3
3
3
3
1
4
2
3
2
2
2
1
2
2
1
1
3
4
3
2
