2100
2089
2076
2067
2066
2084
2093
2074
2082
2085
2091
2074
2077
2106
2092
2106
2108
2080
2103
2109
2082
2111
2100
2082
2084
2096
2077
2075
2087
2070
2076
2087
2084
2063
2086
2122
2090
2095
2102
2098
2081
2090
2098
2092
2083
2065
2062
2084
2077
2096
2098
2077
2081
2079
2076
2089
2108
2104
2072
2092
2085
2097
2092
2095
2082
2065
2088
2093
2069
2086
2073
2105
2102
2099
2108
2098
2081
2078
2074
2068
2102
2085
2097
2078
2092
2094
2092
2084
2077
2087
2083
2076
2100
2096
2064
2091
2088
2087
2089
2081
2092
2115
2114
2101
2116
2100
2103
2112
2084
2095
2095
2085
2088
2087
2090
2095
2101
2089
2107
2088
2111
2090
2084
2084
2090
2090
2116
2082
2136
2135
2128
2118
2127
2149
2155
2164
2158
2157
2182
2159
2158
2160
2167
2159
2175
2162
2172
2150
2159
2156
2160
2153
2167
2165
2162
2150
2145
2148
2152
2131
2145
2127
2134
2133
2127
2117
2083
2081
2088
2088
2071
2069
2061
2044
2043
2037
2020
2008
2017
2020
1993
1997
1977
1966
1962
1963
1953
1937
1941
1964
1948
1951
1935
1933
1915
1924
1939
1934
1948
1968
1957
1949
1950
1948
1957
1933
1953
1944
1948
1967
1975
1989
1980
1987
1996
2025
2010
2014
2019
2022
2014
2034
2035
2046
2065
2043
2046
2081
2055
2046
2086
2092
2106
2080
2073
2086
2091
2080
2083
2099
2099
2088
2072
2093
2099
2095
2124
2100
2081
2082
2067
2094
2102
2085
2089
2074
2061
2053
2045
2031
2050
2048
2050
2033
2019
1999
1985
1967
1976
1970
1983
2008
2050
2073
2115
2159
2192
2185
2204
2188
2195
2161
2129
2101
2053
2029
2002
1978
1982
1988
1999
1990
1982
1985
1972
1995
1987
1943
1928
1929
1926
1950
1949
1961
1989
2050
2101
2137
2166
2172
2167
2159
2131
2104
2064
2012
1966
1963
1951
1939
1943
1981
2037
2070
2082
2085
2112
2088
2097
2064
2060
2041
2014
2041
2040
2063
2112
2138
2174
2198
2215
2230
2225
2181
2168
2140
2088
2052
2022
2024
1996
2006
2024
2055
2097
2166
2209
2255
2264
2304
2337
2363
2397
2368
2367
2405
2404
2409
2394
2383
2382
2348
2347
2316
2284
2255
2221
2175
2156
2127
2083
2101
2104
2110
1848
1833
1853
1866
1887
1955
2026
2102
2201
2285
2327
2381
2402
2386
2359
2312
2306
2318
2307
2328
2329
2332
2285
2239
2208
2151
2028
1960
1897
1864
1817
1766
1748
1766
1747
1747
1771
1784
1804
1821
1845
1892
1953
2011
2071
2117
2179
2209
2238
2253
2258
2251
2227
2221
2221
2260
2288
2334
2332
2331
2305
2272
2202
2125
2062
1996
1931
1900
1882
1872
1876
1871
1857
1863
1867
1895
1946
1990
2102
2171
2226
2273
2342
2369
2400
2432
2417
2434
2412
2391
2360
2290
2216
2149
2095
2042
2009
1993
2013
2005
1996
1983
1938
1884
1832
1742
1696
1665
1692
1713
1779
1841
1902
1978
2041
2095
2153
2161
2192
2233
2244
2260
2301
2331
2370
2392
2408
2419
2037
2038
2017
1997
1965
1941
1940
1897
1906
1903
1916
1915
1946
1969
1967
1986
2011
2033
2043
2064
2104
2149
2157
2157
2186
2158
2123
2080
2013
1992
1925
1877
1827
1799
1821
1847
1892
1964
2044
2148
2271
2391
2476
2575
2620
2674
2676
2620
2545
2425
2255
2066
1878
1699
1568
1486
1447
1471
1523
1635
1787
1928
2125
2282
2420
2528
2617
2670
2664
2640
2585
2491
2385
2308
2201
2099
2020
1939
1873
1874
1857
1874
1891
1931
2006
2091
2156
2205
2288
2320
2332
2329
2306
2236
2179
2088
1976
1890
1802
1751
1696
1701
1711
1752
1804
1862
1922
1994
2090
2149
2187
2221
2252
2263
2260
2231
2217
2195
2168
2145
2108
2072
2071
2077
2077
2109
2171
2215
1901
1848
1803
1767
1828
1936
2069
2152
2180
2171
2200
2287
2396
2462
2451
2328
2220
2158
2160
2177
2161
2112
2042
2003
2025
2099
2190
2249
2213
2170
2089
2092
2071
2082
2084
2073
2063
2083
2126
2146
2181
2186
2206
2226
2224
2185
2123
2069
2000
1930
1856
1794
1758
1768
1816
1855
1944
2020
2081
2161
2252
2326
2347
2281
2189
2141
2132
2152
2172
2145
2066
2034
2019
2078
2153
2173
2139
2021
1923
1845
1834
1849
1829
1787
1738
1772
1835
1902
2019
2123
2200
2340
2478
2594
2676
2702
2712
2642
2528
2430
2264
2089
1896
1712
1542
1412
1376
1357
1403
1459
1518
1616
1759
1920
2074
2257
2416
2553
2638
2717
2743
2736
2716
2683
2559
2381
2208
2035
2441
2344
2229
2144
2053
1967
1869
1817
1727
1709
1715
1732
1795
1829
1876
1949
1985
2003
2053
2072
2117
2146
2185
2236
2257
2293
2284
2307
2318
2318
2312
2300
2280
2261
2208
2145
2086
2050
2045
2037
2010
2004
2020
1991
2021
2017
2032
2056
2085
2127
2173
2202
2220
2239
2210
2152
2085
2001
1949
1892
1834
1780
1775
1781
1804
1858
1946
2086
2163
2207
2239
2226
2198
2144
2092
2014
1948
1890
1846
1846
1851
1905
1999
2122
2230
2369
2502
2604
2668
2660
2626
2509
2331
2149
1922
1729
1590
1472
1407
1426
1513
1639
1751
1928
2119
2280
2426
2499
2579
2603
2582
2494
2392
2306
2192
2079
1968
1886
1832
1797
1797
1803
1819
1893
1964
2050
2160
2266
1804
1853
1966
2077
2114
2169
2268
2387
2479
2506
2489
2458
2453
2397
2300
2173
2064
2021
2014
1993
1943
1867
1838
1823
1868
1890
1943
1927
1899
1860
1915
2018
2190
2337
2426
2479
2520
2560
2589
2564
2431
2227
2036
1913
1867
1861
1832
1764
1718
1704
1778
1884
1946
1970
1993
2045
2137
2223
2240
2187
2066
1974
1936
1971
2046
2080
2097
2079
2042
2003
2002
2063
2133
2214
2261
2252
2215
2180
2197
2241
2252
2227
2176
2140
2135
2177
2215
2171
2084
1994
1860
1755
1658
1597
1565
1559
1666
1810
1954
2099
2180
2253
2293
2323
2328
2320
2231
2141
2042
1988
1962
1967
1952
1927
1873
1856
1883
1908
1966
2011
2027
2115
2151
2191
2224
2259
2292
2336
1678
1764
1918
2091
2276
2464
2623
2759
2862
2910
2911
2885
2764
2557
2342
2113
1907
1733
1611
1576
1604
1727
1883
2053
2236
2390
2504
2571
2618
2563
2457
2302
2068
1842
1639
1474
1407
1388
1459
1589
1790
2029
2310
2552
2718
2839
2862
2799
2654
2438
2133
1841
1553
1335
1194
1171
1226
1375
1617
1929
2228
2547
2830
2987
3081
3064
2938
2742
2480
2163
1897
1630
1411
1299
1246
1282
1398
1568
1789
2007
2200
2372
2459
2472
2414
2310
2184
2044
1940
1849
1798
1792
1845
1936
2078
2196
2340
2502
2589
2655
2655
2593
2490
2300
2118
1913
1752
1628
1528
1505
1517
1581
1659
1797
1938
2098
2236
2348
2434
2456
2417
2334
2255
2153
2086
2062
2072
2097
2953
2934
2836
2653
2414
1979
1459
947
566
445
592
985
1517
2003
2374
2597
2738
2829
2929
3040
3106
3061
2865
2553
2224
1976
1842
1802
1722
1515
1196
808
518
481
782
1312
1891
2392
2782
3032
3211
3328
3337
3197
2904
2397
1873
1421
1191
1205
1302
1480
1618
1714
1747
1751
1752
1807
1892
2067
2251
2441
2642
2816
2963
3005
3020
2955
2750
2369
1892
1463
1124
992
1081
1277
1551
1806
2058
2319
2559
2783
2899
2871
2726
2493
2264
2086
1982
1894
1925
1917
1878
1749
1549
1331
1149
1131
1267
1475
1737
1960
2202
2503
2806
3133
3349
3409
3299
3090
2828
2539
2225
1868
1522
1293
1187
1166
1144
1090
998
917
972
1154
1411
1710
2034
2439
3145
2425
1645
915
278
2
1
1
63
602
1288
2014
2721
3301
3718
3987
4066
3904
3590
3121
2544
1850
1217
655
233
42
62
333
836
1437
2128
2791
3357
3747
3945
3936
3737
3386
2886
2380
1845
1382
1042
845
789
929
1217
1592
2007
2445
2808
3079
3196
3152
2998
2665
2256
1863
1464
1123
958
921
997
1259
1605
2000
2415
2792
3069
3229
3270
3193
3014
2712
2305
1884
1510
1157
898
762
825
1028
1291
1643
1950
2190
2330
2372
2305
2184
2054
1965
1946
1956
2025
2167
2323
2502
2626
2743
2861
2875
2818
2700
2458
2149
1779
1424
1130
987
1003
1167
1487
1890
2340
2706
2976
3137
3150
3046
2801
2473
2106
1688
1318
1052
905
940
3364
3760
4015
3993
3747
3353
2887
2416
1970
1618
1351
1197
1143
1209
1298
1425
1480
1498
1495
1449
1406
1425
1596
1884
2332
2856
3345
3779
4050
4095
4042
3814
3413
2884
2296
1688
1194
816
631
642
814
1051
1297
1546
1799
1992
2165
2292
2303
2285
2223
2211
2284
2457
2719
2964
3055
3020
2920
2757
2662
2586
2510
2439
2339
2178
1998
1844
1784
1786
1844
1830
1805
1714
1547
1378
1199
1038
942
953
1084
1349
1647
1995
2372
2665
2846
2949
3011
3076
3105
3058
2921
2747
2602
2458
2423
2443
2464
2409
2198
1858
1517
1297
1130
976
723
480
329
397
651
1087
1663
2198
2661
3053
3331
3457
3548
3572
3517
3337
3032
2690
2361
2058
1885
1772
896
1199
1512
1848
2167
2420
2676
2845
3004
3112
3145
3091
2979
2840
2670
2470
2305
2115
1983
1883
1821
1717
1718
1727
1766
1815
1867
1959
2063
2170
2232
2280
2266
2212
2144
2077
1987
1866
1796
1756
1774
1830
1964
2121
2290
2436
2581
2633
2648
2613
2463
2303
2138
1941
1737
1519
1332
1237
1213
1226
1295
1481
1696
1945
2228
2523
2862
3157
3386
3518
3563
3482
3280
2928
2513
2026
1519
1060
676
421
317
413
672
1040
1554
2126
2718
3284
3785
4095
4095
4095
4095
4095
3677
3091
2372
1532
732
3
0
0
0
0
1
19
734
1657
2674
3581
4095
4095
4095
4095
4095
4095
4095
3496
2531
1482
474
1
1
0
0
1
0
2
3160
3586
3940
4095
4095
4095
4095
4095
3889
3474
2952
2363
1730
1085
506
12
2
1
1
1
1
1
199
620
1089
1590
2104
2629
3137
3588
3979
4095
4095
4095
4095
4095
4088
3716
3256
2792
2337
1960
1607
1347
1138
1012
946
958
976
1041
1177
1331
1488
1646
1838
1992
2140
2229
2248
2255
2192
2117
2016
1927
1852
1800
1746
1708
1647
1668
1674
1721
1812
1932
2100
2248
2432
2604
2793
2932
3059
3174
3244
3259
3246
3176
3080
2924
2723
2485
2188
1859
1509
1113
750
399
127
0
0
0
93
392
787
1250
1741
2267
2728
3097
3444
3677
3848
3932
3973
3950
3921
3848
3757
3660
3513
3315
3076
2788
2459
2072
1679
1302
946
623
3558
3537
3494
3445
3376
3361
3277
3194
3100
2984
2861
2728
2581
2422
2281
2131
1960
1825
1632
1475
1297
1136
993
841
702
558
426
315
219
153
93
48
49
42
57
107
169
244
355
481
614
768
898
1078
1257
1448
1638
1823
2001
2190
2350
2540
2708
2868
3019
3140
3248
3340
3420
3485
3500
3493
3503
3462
3399
3325
3265
3205
3104
3001
2920
2818
2726
2656
2572
2504
2407
2361
2301
2251
2222
2182
2172
2132
2145
2141
2129
2103
2104
2102
2087
2040
2005
2004
1985
1955
1906
1848
1808
1752
1689
1603
1548
1515
1425
1404
1358
1348
1350
1368
1438
1473
1537
1614
1690
1821
1971
2109
2235
2380
2533
2640
2767
2875
2942
3030
3097
3096
