2090
2109
2108
2110
2093
2088
2083
2102
2094
2083
2090
2088
2100
2094
2116
2104
2108
2082
2082
2079
2116
2095
2092
2080
2100
2115
2099
2093
2088
2070
2075
2094
2092
2091
2099
2112
2082
2094
2068
2100
2074
2070
2098
2092
2073
2103
2105
2107
2095
2095
2112
2104
2108
2103
2099
2062
2104
2094
2096
2099
2093
2091
2096
2086
2078
2101
2103
2090
2100
2094
2080
2063
2086
2065
2082
2087
2095
2107
2111
2093
2090
2063
2075
2096
2107
2080
2078
2098
2102
2084
2102
2103
2092
2113
2097
2110
2098
2088
2104
2070
2083
2117
2113
2110
2088
2079
2088
2089
2120
2101
2096
2099
2103
2098
2086
2099
2073
2079
2096
2113
2085
2076
2086
2098
2107
2112
2112
2103
2079
2083
2106
2117
2117
2108
2096
2114
2099
2093
2096
2103
2098
2085
2102
2090
2087
2074
2094
2093
2088
2106
2082
2098
2100
2109
2096
2098
2084
2101
2102
2085
2083
2087
2105
2110
2099
2105
2112
2120
2108
2088
2104
2103
2090
2068
2089
2077
2085
2090
2121
2108
2093
2081
2097
2118
2091
2093
2108
2108
2099
2107
2094
2112
2110
2110
2090
2109
2110
2091
2099
2089
2108
2100
2098
2106
2096
2090
2112
2090
2092
2079
2104
2092
2066
2078
2116
2105
2104
2097
2115
2113
2111
2096
2085
2093
2099
2096
2092
2073
2087
2089
2116
2122
2096
2108
2114
2094
2102
2096
2089
2073
2064
2092
2087
2083
2092
2099
2099
2090
2107
2103
2089
2088
2088
2096
2085
2086
2123
2072
2075
2075
2039
2045
2031
2058
2079
2052
2081
2082
2103
2089
2085
2108
2110
2138
2161
2173
2156
2140
2183
2171
2156
2123
2086
2071
2019
1976
1937
1895
1888
1876
1881
1870
1892
1889
1935
1970
2001
2034
2067
2092
2122
2156
2183
2171
2170
2190
2206
2204
2235
2221
2229
2231
2223
2220
2193
2164
2112
2074
2031
1966
1915
1877
1900
1900
1912
1958
2010
2038
2068
2125
2160
2217
2230
2208
2203
2187
2185
2147
2153
2148
2149
2121
2108
2128
2132
2115
2113
2110
2089
2065
2036
2031
2019
2022
2032
2039
2057
2104
2147
2203
2219
2264
2290
2328
2326
2288
2236
2257
2236
2168
2160
2131
2072
2078
2041
2020
2039
2029
2006
2012
2024
2011
1987
1994
2270
2223
2182
2137
2109
2055
1963
1917
1886
1940
2016
2085
2129
2134
2156
2169
2200
2253
2292
2259
2134
1992
1861
1812
1830
1911
2061
2174
2231
2172
2142
2152
2133
2131
2157
2191
2217
2249
2213
2163
2141
2152
2183
2222
2255
2285
2261
2200
2133
2089
2049
2062
2048
2003
1944
1932
1937
1982
2066
2153
2222
2282
2341
2431
2423
2333
2140
2015
1893
1768
1687
1648
1682
1776
1882
1965
2156
2296
2335
2255
2161
2127
2103
2035
1939
1889
1875
1890
1942
2129
2384
2536
2577
2556
2510
2380
2230
2082
1993
1946
1938
1862
1747
1646
1658
1812
1974
2044
2120
2257
2352
2331
2249
2147
2147
2092
2017
1958
1954
1963
1939
1979
2080
2216
2279
2280
2331
2270
2129
2047
1978
1929
1870
1857
1897
1988
2083
2154
2257
2244
2214
2149
2073
1993
1936
1922
1965
2041
2087
2153
2183
2185
2199
2208
2181
2170
2165
2160
2111
2097
2048
1967
1914
1900
1928
1946
2000
2094
2104
2152
2104
2061
2012
1976
1958
2015
2099
2195
2278
2274
2202
2131
2035
2000
2048
2082
2184
2285
2308
2296
2235
2130
2050
1946
1956
1996
2050
2120
2125
2135
2071
2023
1978
1961
2000
2070
2171
2223
2246
2201
2094
1971
1888
1880
1954
2076
2230
2316
2341
2312
2212
2097
2012
2014
2068
2150
2219
2234
2190
2113
2009
1944
1914
1956
2039
2118
2150
2156
2132
2089
2042
2010
1980
1972
1997
2025
2054
2086
2129
2214
2259
2248
2208
2145
2059
2008
2331
2167
2185
2184
2114
2058
2043
2080
2164
2263
2331
2369
2369
2350
2296
2156
1968
1784
1724
1783
1888
2114
2306
2361
2279
2210
2208
2145
2031
1902
1864
1917
2106
2240
2251
2229
2257
2190
2068
2016
2070
2028
2041
2108
2132
2121
2244
2314
2251
2163
2184
2218
2186
2124
2105
2062
1944
1864
1828
1817
1836
1882
2006
2228
2366
2398
2466
2360
2140
1973
1861
1820
1872
1998
2067
2202
2379
2428
2355
2228
2018
1866
1846
1862
1902
1983
2106
2184
2171
2128
2099
2073
2026
1937
1853
1868
1944
2096
2174
2190
2224
2217
2096
1970
1922
1927
1905
1873
1957
2122
2240
2222
2133
2052
1916
1826
1816
1912
2009
2110
2209
2286
2272
2213
2181
2173
2078
1987
2142
2120
2123
2163
2211
2295
2338
2342
2274
2168
2065
1996
2000
2110
2190
2265
2298
2176
1997
1841
1772
1821
1943
2048
2107
2094
2024
1914
1788
1803
1882
2006
2116
2186
2187
2175
2140
2141
2144
2175
2201
2236
2252
2236
2160
2066
1972
1956
1980
2049
2164
2173
2119
1994
1861
1745
1732
1809
1954
2138
2262
2304
2313
2232
2151
2006
1963
2007
2102
2183
2275
2305
2275
2179
2067
1976
1933
1963
2040
2108
2136
2093
2059
2030
2040
2084
2086
2036
2018
1999
2001
2016
2057
2100
2105
2104
2098
2124
2184
2251
2297
2251
2123
2020
1995
2047
2160
2246
2303
2235
2116
1953
1868
1832
1855
1895
1939
2018
2085
2134
2122
2057
1975
1952
1991
2038
2067
2059
2010
2087
2183
2297
2302
2237
2190
2197
2119
2054
2079
2158
2209
2240
2198
2038
1892
1934
2048
2108
2165
2249
2210
2043
1995
2092
2151
2054
1899
1845
1846
1890
2007
2153
2198
2168
2142
2115
2099
2201
2306
2252
2101
2059
2050
1990
1984
2093
2191
2157
2013
1914
1974
2164
2237
2160
2131
2216
2274
2117
1869
1723
1724
1836
1940
1968
2001
2114
2292
2370
2272
2072
1842
1734
1831
2051
2280
2458
2506
2289
1845
1554
1647
1976
2330
2586
2703
2693
2546
2288
1984
1724
1563
1534
1727
2048
2280
2294
2179
2116
2135
2096
1915
1753
1805
2048
2326
2412
2343
2218
2103
1993
1890
1878
1862
1881
1990
2152
2226
2147
1995
1904
1953
2111
2261
2333
2328
2237
2628
2511
2261
2067
1816
1571
1453
1531
1658
1722
1895
2180
2436
2451
2325
2217
2119
1884
1609
1546
1614
1668
1725
1880
2248
2632
2788
2679
2383
2038
1706
1507
1651
2046
2429
2562
2464
2380
2228
2035
1861
1856
1863
1767
1696
1779
1962
2090
2230
2390
2357
2116
1860
1829
1975
2167
2307
2413
2447
2447
2424
2380
2320
2177
1949
1742
1709
1913
2218
2580
2820
2728
2346
1958
1874
2061
2182
2119
1928
1812
1890
2032
2176
2215
2222
2187
2125
2012
1893
1929
2127
2316
2419
2403
2264
2017
1808
1763
1780
1806
1910
1985
1973
1923
2083
2361
2458
2323
2201
2157
2065
1835
1749
1936
2252
2433
2498
2556
2403
2001
1645
1578
1685
1731
1746
1881
2111
2175
1516
1803
2273
2660
2772
2491
1800
1045
641
864
1609
2518
3216
3476
3222
2544
1745
1223
1213
1673
2369
2938
3128
2860
2285
1656
1276
1384
1876
2500
2975
3093
2847
2335
1752
1298
1157
1363
1848
2375
2778
2914
2803
2439
1910
1398
1090
1126
1498
2142
2785
3153
3080
2624
1930
1348
1196
1463
1980
2481
2696
2511
2087
1582
1288
1328
1690
2227
2676
2849
2656
2199
1691
1321
1282
1546
2027
2508
2814
2830
2513
2083
1749
1639
1768
2121
2551
2848
2821
2434
1840
1327
1187
1447
1998
2609
3052
3132
2793
2088
1394
984
1057
1536
2189
2730
2938
2767
2372
1992
1822
1947
2211
2409
2434
2206
1867
1628
1598
1845
2239
2601
2754
2624
2230
1742
1399
1370
1376
1126
1445
2054
2518
2487
2153
1771
1602
1584
1718
2074
2619
2927
2783
2447
2410
2728
2905
2608
1917
1186
897
1195
1888
2516
2712
2488
2115
1772
1832
2333
2880
2966
2487
1860
1622
1722
1950
2120
2118
1847
1493
1347
1624
2298
3155
3748
3680
2751
1432
511
424
888
1490
2002
2430
2749
2897
2874
2849
2720
2184
1285
422
21
457
1471
2559
3235
3277
2872
2488
2308
2170
2078
2165
2333
2275
2084
1990
2062
2130
2002
1700
1409
1319
1484
2025
2659
2993
2864
2358
1697
1256
1404
1930
2350
2347
2042
1818
1702
1566
1606
2020
2632
3010
3080
3107
3193
3206
2968
2344
1417
448
2
33
734
1905
3113
3886
3900
3247
2317
1581
1203
979
872
2414
3009
3224
2967
2368
1655
1011
760
1080
1851
2809
3407
3497
3080
2311
1490
875
735
1145
1932
2825
3486
3768
3583
3016
2247
1502
967
792
889
1276
1792
2352
2822
3139
3184
2863
2255
1560
1008
705
803
1306
2140
3010
3542
3576
3208
2600
1984
1441
1024
907
1118
1673
2389
2992
3322
3326
2959
2269
1513
880
691
1130
2014
2959
3504
3379
2699
1751
880
424
595
1430
2624
3652
4085
3718
2723
1538
684
556
1167
2179
3186
3758
3663
2811
1459
157
0
42
1259
2991
4095
4095
4095
3004
1208
2
2
1
1176
3105
4095
4095
4095
3084
1224
1
2
1
994
2704
4082
4095
4095
3394
1940
620
1
187
1124
2457
3625
4095
4095
4095
4095
4095
4095
4082
3346
2470
1567
756
131
1
1
0
32
442
981
1591
2216
2787
3238
3531
3604
3440
3070
2511
1899
1290
792
483
397
484
730
1127
1596
2020
2424
2746
2985
3152
3208
3185
3101
2937
2728
2495
2259
2132
2059
2045
2129
2311
2506
2690
2855
2960
2952
2824
2613
2327
1993
1653
1290
994
779
700
734
894
1182
1494
1818
2064
2177
2201
2053
1795
1427
991
585
288
115
117
282
640
1184
1844
2617
3468
4095
4095
4095
4095
4095
4095
4095
4095
4095
4095
3887
2446
830
0
0
1
0
0
0
0
0
0
0
336
2172
4027
4095
4095
4095
4095
4095
4095
4095
4095
4095
4095
3850
2229
635
0
0
4095
4095
4095
4095
4095
4095
4095
4095
4095
4095
4095
4095
4095
4095
4095
4095
4095
2907
1572
233
1
1
1
1
0
0
0
2
0
1
0
1
1
0
1
0
0
0
1
1
1
2
157
1399
2701
3898
4095
4095
4095
4095
4095
4095
4095
4095
4095
4095
4095
4095
4095
4095
4095
4095
4095
4095
4095
4095
4095
4095
4095
3978
2933
1866
787
0
0
1
0
1
0
0
0
1
0
0
0
0
0
0
0
0
0
0
1
1
0
64
906
1864
2746
3585
4095
4095
4095
4095
4095
4095
4095
4095
4095
4095
4095
4095
4095
4095
4095
4095
4095
4095
4095
4095
4095
4095
4095
3759
2906
2041
1175
307
9
1
0
1
3
3
1
1
3
3
10
32
68
117
153
177
244
303
325
377
442
485
542
616
661
710
751
821
876
923
984
1049
1130
1175
1233
1279
1336
1390
1445
1492
1574
1610
1663
1731
1773
1821
1848
1906
1972
2006
2038
2092
2142
2173
2235
2233
2291
2332
2344
2364
2404
2439
2464
2480
2523
2549
2550
2576
2590
2622
2659
2674
2673
2697
2707
2717
2720
2712
2714
2716
2733
2722
2723
2737
2730
2724
2720
2718
2724
2728
2712
2705
2699
2683
2685
2679
2655
2669
2666
2652
2641
2615
2609
2608
2589
2567
2557
2558
2543
2531
2506
2504
2502
2482
2466
2445
2424
2429
2387
2376
2399
2363
2370
2350
2338
2320
2324
2308
