2072
2034
2083
2096
2131
2170
2164
2094
2099
2077
2048
2025
1968
2079
2094
2071
2121
2189
2130
2151
2158
2148
2124
2095
2087
2076
2061
2048
2033
2038
2084
2121
2165
2127
2118
2128
2071
2098
2107
2089
2074
2098
2152
2120
2115
2164
2118
2115
2085
2047
2070
2051
2045
2065
2077
2072
2066
2138
2097
2161
2117
2133
2126
2121
2122
2104
2104
2071
2136
2108
2166
2109
2152
2106
2135
2151
2159
2121
2100
2072
2112
2094
2121
2056
2166
2130
2142
2075
2129
2087
2096
2105
2127
2136
2114
2131
2088
2136
2080
2115
2133
2153
2119
2131
2098
2071
2084
2039
2027
2032
2155
2096
2091
2118
2082
2112
2109
2064
2062
2073
2052
2094
2066
2018
2045
2100
2065
2054
2070
2119
2196
2194
2124
2135
2114
2187
2189
2098
2106
2082
2049
2075
2069
2126
2088
2122
2115
2136
2140
2128
2081
2068
2101
2072
2087
2060
2125
2124
2124
2124
2120
2114
2121
2129
2135
2158
2119
2051
2059
2099
2148
2140
2179
2181
2123
2142
2110
2094
2054
2032
2035
2059
2060
2118
2126
2143
2167
2114
2134
2085
2076
2086
2037
2054
2119
2056
2150
2080
2141
2138
2113
2139
2061
2063
2081
2093
2078
2092
2069
2139
2163
2143
2148
2097
2114
2028
2067
2072
2023
2098
2120
2091
2080
2100
2099
2072
2120
2150
2039
2030
2011
2104
2106
2108
2058
2089
2135
2113
2105
2106
2061
2010
2045
2046
2019
2077
2049
2149
2130
2143
2179
2092
2053
2031
1992
1960
2048
2083
2031
2027
2084
2106
2096
2109
2081
2081
2031
1977
1916
1925
1896
1923
1980
1982
2019
2046
2096
2099
2054
2088
2064
2032
1925
1952
1948
1989
2016
1983
2031
2133
2160
2172
2166
2178
2166
2119
2060
2018
2059
2058
2074
2022
2144
2117
2208
2264
2218
2202
2224
2142
2103
2069
2053
2079
2062
2172
2128
2183
2207
2242
2210
2177
2174
2157
2161
2104
2072
2113
2104
2101
2122
2149
2248
2248
2173
2151
2141
2126
2067
2078
2008
2064
2093
2094
2166
2157
2140
2208
2216
2186
2180
2096
2053
1976
1928
1997
1997
1976
2012
2039
2132
2052
2084
2060
2013
2024
1972
1900
1960
1951
1888
1974
2075
2058
2076
2077
2041
2081
2066
1991
1954
1944
1897
1942
2182
2138
2128
2122
2094
2063
2064
2067
2110
2068
2154
2198
2253
2299
2357
2313
2286
2268
2258
2239
2216
2151
2032
1926
1918
1875
1842
1850
1861
1827
1852
1875
1920
1982
2062
2062
2060
2127
2115
2097
2083
2099
2048
2072
2099
2124
2210
2212
2254
2264
2183
2194
2221
2149
2156
2127
2114
2128
2072
2073
2130
2098
2069
2109
2084
2073
2107
2102
2135
2198
2243
2284
2264
2229
2220
2225
2169
2071
2032
1908
1894
1845
1829
1828
1833
1886
1984
2068
2167
2228
2199
2215
2230
2203
2222
2211
2168
2139
2160
2108
2079
2119
2061
2071
1997
1988
1927
1944
1977
1990
2072
2146
2212
2229
2234
2301
2254
2161
2122
2084
2024
1983
1944
1961
1983
1982
2022
2071
2159
2244
2282
2256
2154
2035
1957
1919
1945
1915
1991
2059
2126
2171
2173
2226
2213
2196
2133
2049
2010
1978
2041
2125
2156
2152
2080
2100
2206
2250
2264
2112
1950
1911
1988
2050
2152
2144
2105
2156
2155
2260
2299
2208
2073
1955
1887
1889
1976
2092
2127
2133
2205
2264
2284
2221
2176
2153
2120
2023
1891
1863
1914
2122
2334
2404
2399
2263
2116
2117
2180
2146
1963
1784
1797
1990
2144
2105
2008
1984
2050
2120
2152
2247
2252
2206
2129
2146
2243
2204
2132
2145
2160
2194
2163
2130
2058
2003
1976
2041
2195
2346
2310
2106
2021
2065
2033
2006
1900
1852
1830
1863
2024
2067
2004
1907
1971
2112
2206
2223
2296
2382
2412
2382
2271
2138
2044
2064
2103
2049
2010
2031
2034
2039
1984
2048
2121
2169
2256
2306
2248
2216
2088
1973
1926
1917
2036
2086
2174
2164
2172
2161
2112
2113
2068
2025
2027
2036
2092
2106
2150
2141
2072
2002
1752
1734
1883
2122
2286
2396
2338
2156
1970
1814
1814
1911
2100
2159
2224
2236
2240
2246
2215
2123
2085
2144
2127
2117
2149
2117
2041
1888
1834
1894
2125
2225
2212
2292
2270
2174
2025
1871
1880
2008
2034
2133
2144
2120
2104
2187
2256
2378
2419
2383
2256
2076
1954
1963
2071
2157
2227
2192
2080
1905
1874
1964
2145
2238
2385
2292
2140
2041
1960
1894
1874
1959
1968
2020
2158
2362
2381
2268
2211
2154
2145
2168
2110
2095
2164
2186
2095
1968
2018
2052
2086
2072
2164
1880
1798
1933
2189
2351
2234
1980
1834
2008
2357
2602
2550
2314
1918
1686
1703
1896
2057
2178
2181
2046
1975
1972
2089
2263
2326
2224
2025
1878
1905
2016
2158
2200
2128
2001
1976
2029
2166
2296
2297
2070
1912
1889
1963
2050
2192
2232
2160
2041
1927
1954
2036
2243
2410
2456
2288
2096
1882
1795
1873
2098
2294
2376
2269
2032
1882
1916
2091
2288
2407
2348
2138
1902
1821
1888
2196
2425
2439
2262
1940
1753
1758
1961
2191
2276
2166
2002
1841
1855
2006
2166
2246
2192
2034
1853
1781
1851
2056
2244
2358
2377
2298
2247
2184
2175
2131
2029
2004
2010
2036
2033
1987
2021
2128
2272
2363
2352
2185
2032
1931
1943
1964
1980
1976
1968
2034
2146
1863
1986
2152
2323
2323
2058
1837
1817
1914
2050
2246
2260
1990
1862
2032
2285
2436
2430
2094
1774
1663
1928
2232
2324
2186
2010
1826
1859
1919
2018
2084
2078
2082
2033
2057
2137
2206
2264
2295
2182
1988
1837
1812
1955
2161
2170
2094
2066
2068
1981
2001
2181
2243
2187
2120
2097
2224
2479
2612
2577
2155
1666
1581
2013
2332
2440
2348
2080
1802
1867
2214
2515
2406
1942
1692
1826
2181
2367
2286
1984
1909
2035
2071
2204
2349
2230
1916
1832
2064
2257
2132
1968
1888
1836
1892
2144
2304
2157
1976
2002
2113
2279
2265
2252
2200
2040
1960
2096
2382
2546
2503
2274
1954
1741
1943
2408
2578
2263
1843
1859
2120
2305
2243
2254
2178
2122
2082
2049
1717
1864
2079
2332
2368
2330
2272
2062
1800
1848
2051
2219
2412
2315
2003
1930
2125
2308
2310
2167
1884
1849
1984
1876
1962
2299
2425
2435
2424
2278
2064
2180
2115
1931
1860
1842
1838
2083
2231
2203
2046
2020
2067
2172
2258
2194
2120
2045
1903
1833
1862
2013
2248
2451
2292
1941
1768
1636
1798
2306
2580
2512
2248
1999
1891
2052
2343
2400
2282
2048
1806
1864
2133
2257
2328
2165
1845
1704
1790
1964
2199
2398
2211
1836
1698
1728
1829
2139
2314
2248
2160
2071
1957
1973
1983
1990
2116
2416
2369
2158
1904
1731
1900
2199
2295
2164
1878
1692
1932
2501
2736
2536
2032
1411
1349
1881
2482
2665
2257
1622
1363
1597
2198
2656
2566
2053
1688
1861
1970
1952
1984
2215
2497
2500
2163
1883
1891
2036
2067
2092
2027
1996
1894
2005
2264
2562
2545
2280
1894
1868
2144
2064
1617
1703
2054
2138
2115
2007
2018
2338
2478
2197
1990
2237
2312
2091
1883
1765
1621
1666
2056
2567
2856
2556
1918
1483
1606
1866
2128
2354
2404
2319
1805
1259
1405
2190
2848
3064
2638
1940
1453
1315
1569
2320
2833
2620
2231
1717
1450
1739
2340
2591
2519
2414
1966
1446
1700
2232
2430
2466
2277
1909
1874
2032
1925
1964
1991
1852
1852
1759
1890
2226
2215
2121
2115
1978
2233
2433
2184
2133
2300
2081
1944
2097
2161
2272
2421
2081
1734
1816
2050
2185
2472
2573
2196
1955
1648
1446
1696
2171
2469
2345
1820
1548
1648
1885
1740
1427
1415
1695
2235
2723
2776
2306
1627
1347
1546
2070
2417
2347
2085
1883
1848
1887
1904
1861
1784
1694
1609
1626
1848
2190
2381
2310
2122
2203
2467
2432
2105
1778
1767
1935
2142
2270
2434
2504
2236
1788
1594
1929
2431
2486
1946
1418
1473
2067
2630
2785
2534
2185
1822
1471
1462
1980
2727
3083
2593
1731
1175
1427
2175
2697
2586
2130
1659
1526
1683
1954
2256
2607
2616
2176
1686
1736
2310
2847
2793
2295
1928
1726
1464
1354
1719
2372
2993
3313
2982
2166
1467
1172
1478
1972
2394
2676
2755
2382
1855
1933
2616
2956
2363
1476
939
910
1431
2422
3156
2959
2114
1386
1223
1481
1995
2548
2811
2660
2521
2520
2285
1753
1516
1682
2048
2577
2520
2272
1927
1511
1316
1603
2331
3032
3354
3056
2470
1736
1174
1205
1773
2574
3149
3217
2885
2322
1741
1468
1580
1809
2132
2336
2400
2191
1959
1974
2043
2191
2334
2396
2337
2275
2348
2402
2310
1881
1452
1289
1621
2295
2940
3109
2668
1959
1314
1112
1480
2220
2776
2659
2058
1474
1246
1417
1907
2506
2800
2566
2043
1780
1888
1981
1873
1780
1760
1779
1787
1928
2209
2522
2588
2295
1939
1730
1763
2059
2351
2420
2211
1802
1526
1550
1820
2292
2677
2767
2466
1848
1378
1359
1826
2458
2836
2719
2142
1541
1249
1478
2203
3032
3291
2708
1728
1201
1326
1922
2726
3298
3170
2270
1133
556
819
1804
3003
3721
3426
2113
791
311
869
2072
3254
3699
3
1
1
1
1343
4095
4095
4095
4095
4095
2353
2
1
2
1
21
2194
4095
4095
4095
4095
4095
2522
332
2
4
2
838
2687
4095
4095
4095
4095
3064
1498
515
344
754
1296
1689
1872
1943
1920
1796
1638
1666
2078
2888
3815
4095
4095
3667
2606
1439
449
3
2
1
663
1930
3274
4095
4095
3998
3033
1962
1110
671
709
1104
1696
2320
2808
2989
2726
2145
1522
1189
1430
2226
3227
4066
4095
4095
3351
2109
762
2
1
0
67
1627
3625
4095
4095
4095
4095
2890
1138
1
1
2
2
1
1367
3002
4095
4095
4095
3250
2089
1057
534
727
1581
2792
3875
4095
4095
3322
1830
88
1
1
3
2
1482
3483
4
3
4
2
1
0
24
1257
2633
3846
4095
4095
4095
4095
4095
4095
4095
4095
4095
3126
1611
87
2
3
1
1
1
1
1
2
146
2066
4095
4095
4095
4095
4095
4095
4095
4095
4095
4095
4095
4095
4095
3498
2401
1366
472
2
1
1
3
1
3
1
4
4
1
1
5
2
3
505
1427
2388
3326
4095
4095
4095
4095
4095
4095
4095
4095
4095
3706
2888
2053
1246
528
2
1
0
2
2
2
3
146
678
1174
1535
1697
1627
1384
997
610
346
255
416
765
1203
1655
2020
2344
2637
3016
3539
4095
4095
4095
4095
4095
4095
4095
4095
4095
4095
4095
4095
3435
1995
785
4
2
2
1
2
4095
4095
4095
4095
4095
4095
4095
4095
4095
4095
4095
4095
4095
4095
4095
4095
4095
4095
4095
4095
4095
3825
3049
2261
1501
781
82
2
1
3
2
2
3
2
2
2
1
3
4
5
3
1
1
2
0
2
2
1
2
0
41
780
1605
2432
3231
4010
4095
4095
4095
4095
4095
4095
4095
4095
4095
4095
4095
4095
4095
4095
4095
4095
4095
4095
4095
4095
4095
4095
4095
4095
4095
4095
4095
4095
4070
3122
2136
1121
180
3
0
1
3
1
2
2
1
1
2
2
4
0
4
2
3
4
1
1
3
0
1
1
1
3
2
0
1
0
1
1
193
1190
2209
3184
4095
4095
4095
4095
