2117
2107
2092
2057
2096
2061
2067
2088
2114
2116
2120
2116
2069
2088
2080
2098
2060
2096
2127
2088
2105
2123
2118
2065
2081
2044
2044
2082
2086
2106
2127
2104
2099
2085
2087
2070
2082
2108
2145
2082
2081
2100
2081
2112
2131
2106
2125
2104
2130
2100
2072
2068
2068
2056
2085
2103
2120
2111
2086
2080
2087
2104
2076
2088
2075
2119
2121
2054
2109
2090
2112
2073
2083
2075
2087
2083
2052
2088
2107
2085
2061
2119
2080
2085
2078
2089
2088
2086
2100
2108
2096
2106
2062
2049
2065
2018
2057
2082
2080
2056
2056
2072
2102
2109
2075
2094
2089
2081
2078
2090
2072
2041
2086
2123
2084
2094
2080
2093
2100
2099
2089
2077
2060
2076
2114
2070
2090
2091
2107
2101
2093
2094
2111
2097
2116
2092
2100
2075
2106
2075
2059
2047
2108
2094
2094
2098
2107
2082
2061
2085
2084
2070
2086
2088
2116
2108
2115
2094
2063
2088
2085
2119
2076
2099
2115
2116
2087
2115
2101
2128
2100
2083
2110
2132
2084
2095
2106
2118
2091
2089
2106
2116
2114
2078
2100
2120
2135
2107
2070
2106
2094
2130
2116
2127
2119
2106
2129
2092
2125
2118
2095
2122
2141
2105
2105
2123
2122
2124
2104
2131
2137
2080
2100
2089
2096
2094
2127
2088
2097
2091
2103
2113
2097
2114
2119
2107
2104
2093
2098
2101
2134
2116
2083
2070
2101
2094
2063
2091
2084
2094
2097
2106
2095
2065
2087
2081
2077
2119
2118
2106
2080
2087
2081
2086
2093
2105
1929
1977
1975
1981
1976
1964
1997
2002
2004
2011
2036
2045
2062
2068
2065
2124
2118
2125
2146
2148
2134
2146
2178
2187
2158
2165
2171
2195
2206
2196
2171
2178
2166
2127
2176
2155
2152
2146
2136
2139
2139
2101
2082
2075
2109
2101
2100
2101
2052
2076
2052
2074
2062
2033
2042
2033
2033
2057
2072
2065
2061
2060
2088
2114
2101
2120
2092
2114
2126
2139
2131
2113
2163
2141
2174
2148
2184
2183
2183
2181
2167
2175
2172
2153
2143
2141
2159
2141
2158
2124
2082
2101
2087
2055
2040
1991
1995
2030
2028
1985
2010
1990
1945
1957
1975
1976
1992
1969
1982
1994
2006
2005
2014
2028
2046
2053
2066
2104
2093
2139
2163
2165
2145
2198
2210
2164
2197
2164
2093
2064
2078
2095
2133
2154
2150
2173
2211
2207
2157
2100
2075
2054
2032
2013
2035
2040
2082
2119
2189
2173
2184
2179
2160
2120
2087
2033
1955
1888
1870
1884
1929
1957
1998
2068
2103
2173
2172
2131
2112
2076
2012
1984
1995
1919
1993
2015
2041
2101
2177
2215
2253
2245
2249
2195
2138
2076
2039
1983
1964
1988
1996
2068
2101
2165
2230
2272
2263
2212
2173
2152
2049
1984
1960
1993
1987
2004
2060
2086
2124
2217
2194
2219
2191
2136
2103
2104
2024
2019
2027
2047
2089
2171
2238
2224
2248
2247
2201
2168
2142
2106
2068
2075
2079
2110
2094
2118
2130
2128
2109
2094
2081
2063
2076
2050
2024
2032
2023
2062
2088
2112
2088
2109
2099
2056
2011
2000
2227
2186
2099
2091
2081
2069
2019
2048
2106
2130
2140
2199
2232
2246
2233
2225
2185
2132
2073
2091
2149
2176
2208
2222
2207
2193
2134
2064
2044
2068
2061
2049
2085
2133
2151
2124
2133
2138
2092
2054
2048
2105
2089
2117
2075
2145
2135
2154
2149
2163
2141
2076
2062
2069
2050
2045
2053
2108
2071
2028
2054
2104
2134
2152
2217
2251
2213
2166
2074
2028
2025
1994
2036
2137
2152
2167
2197
2189
2111
2077
2058
2031
1996
2012
2060
2061
2060
2036
2083
2073
2060
2067
2040
2038
1992
1910
1948
1986
2020
2045
2064
2077
2119
2095
2065
2094
2049
2026
2000
2022
2094
2137
2137
2085
2141
2130
2111
2106
2109
2082
2033
1989
1917
1945
2025
2104
2144
2144
2040
2028
2154
2189
2082
2088
2162
2139
2064
2062
2060
2082
2135
2194
2168
2087
2051
2010
1980
1958
1935
2050
2167
2169
2131
2219
2159
2074
2107
2156
2107
2072
2157
2134
2011
2028
2091
2046
1992
2112
2187
2192
2220
2224
2087
2006
2046
2085
2016
2080
2125
2056
2025
2127
2177
2150
2131
2120
2035
1992
2054
2113
2199
2263
2191
2053
1990
2043
2031
2046
2127
2113
2025
2083
2149
2085
2046
2085
2154
2167
2129
2092
2141
2114
2036
2032
2022
2027
2036
2061
2073
2008
2036
2118
2198
2216
2260
2245
2132
1970
1899
1890
1982
2108
2143
2162
2176
2142
2080
2058
2127
2101
2068
2022
2065
2042
2051
2130
2120
2082
2116
2153
2127
2146
2185
2113
1969
1933
2120
2101
2097
2124
2147
2080
1998
1965
1988
2006
2030
2082
2140
2199
2141
2040
1953
2027
2119
2189
2185
2074
2024
2032
2149
2160
2154
2077
2069
2174
2206
2132
2011
1984
2089
2187
2248
2257
2247
2162
2108
2072
2112
2075
2021
2082
2143
2089
2013
2095
2159
2077
1914
2002
2237
2354
2192
1909
1858
1993
2085
2013
1972
2057
2136
2072
2001
2028
2096
2104
2047
2046
2132
2071
1889
1832
2073
2265
2243
2108
2040
2028
2035
2070
2102
2083
2131
2178
2189
2135
2134
2030
2030
2057
2178
2139
1999
1948
2025
2130
2155
2091
2045
2028
2085
2198
2148
2015
2108
2239
2266
2174
2074
1931
1912
2019
2144
2135
2029
2031
2121
2069
1966
1971
2081
2163
2159
2089
2057
2037
2116
2171
2207
2115
1993
1892
1912
2061
2177
2196
2164
2118
2095
2063
2053
2006
1936
1946
1986
2061
2170
2291
2256
2165
1956
1802
1808
2020
2310
2451
2393
2155
1888
1786
1853
2029
2190
2191
2142
2047
2008
2027
2085
2160
2133
2114
2070
2117
2209
2226
2217
2125
2038
1951
1900
1949
2017
2093
2126
2120
2132
2093
2075
2086
2114
2104
2017
1917
1890
1968
2147
2262
2133
1882
1750
1872
2173
2360
2441
2365
2219
2063
1905
1849
1949
2098
2229
2212
2092
1974
1951
1995
2083
2126
2165
2147
2090
2068
2089
2140
2164
2114
2052
2010
2053
2092
2112
2017
1995
2125
2230
2279
2266
2198
2095
2014
1951
1893
1985
2193
2314
2222
2030
1900
1959
2167
2282
2084
1957
1920
1956
2068
2166
2189
2153
2085
2108
2112
2101
2069
2020
1946
1915
1983
2121
2222
2162
2011
1965
1974
2107
2221
2302
2221
2074
2026
2068
2168
2174
2111
2078
2089
2098
2140
2240
2264
2216
2126
2138
2132
2112
2066
2038
2107
2238
2268
2239
2151
2073
1973
1907
1882
1957
2105
2200
2215
2189
2162
2076
1978
1966
2015
2107
2124
2077
2031
2039
2024
1986
1976
2050
2188
2302
2267
2085
1900
1896
2065
2252
2337
2206
2064
1911
1861
1986
2112
2255
2253
2173
2028
1991
2073
2167
2167
2100
2022
2025
2128
2196
2234
2256
2236
2155
2095
2003
1915
1929
2000
2104
2165
2156
2092
2023
1987
2074
2114
2123
2075
2059
2085
2189
2234
2168
2044
2224
2191
2055
1835
1688
1920
2179
2375
2384
2064
1771
1731
1854
2155
2344
2285
1994
1768
1736
1941
2285
2542
2435
2108
1910
1857
1960
2356
2679
2625
2360
2045
1718
1659
2014
2404
2557
2512
2279
1872
1678
1777
1922
2075
2182
2063
1839
1904
2128
2258
2348
2315
2004
1797
1893
2058
2131
2111
2032
2051
2057
1895
1967
2292
2335
2107
2062
1964
1926
2120
2192
2276
2327
2127
2002
2090
2069
1960
1966
2043
1992
2070
2334
2360
2149
2026
1963
1893
2076
2314
2296
2177
2039
1838
1786
2088
2390
2442
2292
2087
1859
1925
2272
2493
2459
2256
1943
1688
1825
2101
2400
2413
2114
1801
1591
1569
2027
2456
2511
2251
1953
1837
1955
2151
2302
2336
2059
1765
2361
2450
2189
1863
1877
2184
2290
2322
2389
2268
1903
1715
1967
2307
2527
2638
2381
1761
1195
1166
1750
2610
3181
3143
2682
2075
1704
1700
1845
1864
1797
1960
2341
2520
2349
2080
1977
2079
2232
2174
1819
1640
1944
2450
2725
2591
2183
1672
1433
1690
1912
2055
2427
2847
2774
2369
1838
1309
1380
2027
2497
2502
2171
1661
1586
2143
2627
2627
2358
2075
1998
2222
2224
1768
1331
1389
1873
2534
2922
2709
2253
2020
2037
2018
1757
1566
1657
2059
2556
2820
2499
1795
1385
1634
2328
2787
2658
2234
1857
1693
1845
2114
2287
2395
2494
2323
1876
1485
1415
1796
2572
3043
2618
1788
1213
1125
1770
2914
3364
2797
1954
1389
1303
2075
3036
3088
2240
1457
759
879
1543
2328
2860
3007
2812
2533
2356
2189
1922
1578
1695
2320
2919
3017
2421
1467
733
485
652
1269
2247
3278
3982
3958
3178
2135
1292
856
818
1076
1408
1785
2272
2754
2972
2930
2648
2236
1807
1457
1246
1237
1627
2501
3394
3653
3093
1951
972
743
1211
1752
2279
2627
2799
2627
2242
1856
1605
1501
1691
2052
2371
2544
2662
2728
2666
2210
1298
440
182
689
1800
3195
4095
4095
4095
4011
2279
323
1
1
0
497
2403
4095
4095
4095
3973
2544
1107
242
336
1270
2319
2918
2979
2783
2449
1951
1500
1352
1532
1812
2115
2328
2434
2554
2851
3295
3365
2542
1027
2
1
463
2183
3688
4095
3638
2625
2016
2034
2269
2314
1938
4095
4095
4095
4095
3333
698
0
0
0
34
2532
4095
4095
4095
4095
2592
220
1
0
1
1574
3796
4095
4095
4095
2796
1233
5
1
212
1325
2420
3160
3451
3424
3141
2725
2221
1785
1415
1135
1072
1411
2064
2823
3430
3620
3162
2062
783
1
49
1018
2611
4095
4095
4095
4005
1782
0
0
0
209
2141
3846
4095
4095
4095
2679
871
0
221
1285
2291
2766
2823
2557
1896
1204
1029
1707
2883
3790
4029
3566
2480
1109
0
0
33
1120
2477
3552
4063
3687
2664
1560
954
1036
1653
2557
3413
3887
3591
2499
1185
22
1
2
1
931
2741
4095
4095
4095
4095
4095
3222
1190
0
1
1
1
0
596
2740
4095
4095
6
1
0
1
0
2
0
648
1997
3374
4095
4095
4095
4095
4095
4095
4095
4095
4095
4002
2740
1397
211
1
2
1
0
0
1
105
1123
2303
3515
4095
4095
4095
4095
4095
4095
4095
4095
3632
2255
834
1
1
0
0
0
0
2
1004
2372
3646
4095
4095
4095
4095
4095
4095
3973
2763
1383
35
0
1
1
1
1
0
1
1
655
2275
3930
4095
4095
4095
4095
4095
4095
4095
4095
4095
2485
105
1
3
3
1
0
0
1
0
1
2
1682
4089
4095
4095
4095
4095
4095
4095
4095
4095
4095
4095
4095
3092
614
2
2
0
2
0
2
0
1
2
1
765
2602
4095
4095
4095
4095
4095
8
0
1
1
3
3
1
2
2
0
1
1
0
1
2
0
1
3
1
1
1
0
0
1
0
1
0
1
0
0
0
0
1
0
1
1
0
533
1253
1960
2585
3199
3760
4095
4095
4095
4095
4095
4095
4095
4095
4095
4095
4095
4095
4095
4095
4095
4095
4095
4095
4095
4095
4095
4095
4095
4095
4095
4095
4095
4095
4095
4095
4095
4095
4095
4095
4095
4095
4095
4095
4095
4095
4095
4095
4095
4095
4095
4095
3888
3321
2758
2205
1667
1115
603
99
1
1
0
0
0
3
2
2
0
0
1
1
1
0
1
1
1
0
0
0
0
2
0
0
0
0
0
0
0
2
1
