2094
2101
2088
2088
2094
2089
2076
2102
2081
2094
2083
2091
2085
2080
2080
2098
2087
2088
2104
2088
2089
2084
2102
2102
2113
2118
2116
2091
2118
2087
2085
2096
2106
2107
2112
2121
2111
2098
2090
2085
2086
2094
2094
2100
2095
2120
2104
2103
2094
2102
2094
2102
2088
2109
2097
2098
2114
2096
2079
2090
2102
2108
2106
2098
2094
2110
2104
2104
2117
2098
2092
2096
2108
2121
2095
2101
2098
2102
2096
2083
2098
2098
2091
2082
2081
2073
2085
2091
2099
2108
2112
2097
2104
2101
2094
2102
2105
2106
2089
2111
2107
2091
2091
2094
2098
2112
2109
2102
2098
2094
2093
2092
2092
2102
2089
2089
2106
2103
2083
2089
2107
2122
2092
2082
2091
2095
2102
2088
2091
2105
2102
2100
2095
2108
2105
2091
2100
2102
2097
2086
2100
2096
2100
2102
2086
2084
2092
2096
2092
2093
2080
2089
2098
2102
2090
2097
2089
2095
2100
2090
2094
2089
2096
2102
2072
2078
2078
2080
2100
2097
2099
2102
2102
2113
2104
2098
2094
2096
2094
2110
2075
2107
2104
2115
2090
2087
2106
2104
2097
2091
2086
2098
2100
2101
2091
2087
2080
2101
2091
2093
2091
2097
2102
2096
2100
2104
2104
2098
2092
2093
2093
2084
2101
2110
2100
2101
2088
2100
2096
2089
2096
2089
2097
2091
2090
2097
2097
2084
2089
2089
2096
2095
2086
2099
2104
2104
2098
2099
2106
2071
2084
2112
2091
2088
2092
2092
2098
2090
2099
2085
2070
2074
2063
2102
2087
2093
2093
2095
2112
2096
2095
2097
2092
2088
2080
2084
2071
2061
2072
2082
2083
2102
2107
2096
2097
2107
2115
2104
2098
2099
2106
2106
2090
2112
2109
2103
2106
2103
2096
2111
2104
2104
2106
2117
2126
2120
2107
2111
2099
2112
2107
2104
2118
2112
2112
2110
2100
2085
2086
2089
2091
2087
2085
2089
2071
2059
2066
2070
2082
2053
2064
2058
2052
2052
2054
2055
2055
2040
2044
2041
2052
2050
2032
2040
2036
2024
2026
2030
2034
2042
2030
2045
2035
2044
2025
2044
2042
2031
2051
2064
2057
2056
2046
2075
2074
2080
2073
2078
2080
2096
2094
2097
2103
2087
2119
2119
2099
2111
2106
2117
2135
2125
2128
2128
2133
2123
2120
2126
2128
2120
2122
2120
2119
2136
2014
2021
2036
2036
2056
2049
2097
2103
2124
2112
2144
2161
2165
2180
2161
2164
2146
2148
2122
2112
2119
2098
2082
2082
2090
2084
2098
2118
2133
2139
2128
2142
2151
2159
2163
2154
2146
2123
2123
2102
2086
2045
2031
2006
1990
1978
1967
1962
1970
2012
2026
2048
2076
2104
2145
2159
2192
2212
2208
2206
2213
2200
2189
2181
2158
2134
2109
2098
2079
2064
2058
2032
2020
2031
2014
2018
2013
2042
2033
2042
2041
2066
2080
2073
2097
2112
2121
2159
2165
2188
2193
2186
2208
2194
2201
2213
2218
2206
2222
2189
2196
2174
2156
2166
2168
2148
2148
2145
2150
2173
2160
2166
2178
2148
2148
2120
2091
2070
2040
2013
1979
1929
1920
1924
1906
1892
1928
1958
2112
2179
2201
2200
2193
2249
2317
2329
2282
2138
1938
1774
1720
1725
1798
1946
2076
2210
2258
2352
2360
2347
2258
2161
2020
1938
1866
1854
1848
1882
1954
2030
2141
2246
2262
2260
2204
2094
1981
1886
1821
1834
1899
1947
2022
2075
2130
2161
2171
2225
2311
2351
2335
2247
2124
2006
1966
2026
2091
2119
2097
2068
1961
1928
1944
1997
2076
2130
2179
2148
2069
2019
1962
1974
2007
1990
1977
1965
1979
2034
2166
2290
2372
2397
2355
2286
2209
2121
2083
2048
2002
2026
2029
2070
2093
2169
2243
2306
2318
2209
2101
1994
1955
1941
1997
1978
1933
1917
1932
2010
2159
2292
2361
2329
2256
2130
2068
2053
2096
2081
2064
2036
1992
2104
2174
2275
2347
2329
1948
1978
2025
2123
2260
2346
2387
2379
2313
2216
2091
1982
1881
1848
1896
2003
2142
2236
2270
2225
2135
2072
1986
1947
1955
2004
2050
2104
2124
2094
2013
1951
1909
1860
1870
1928
1993
2104
2187
2252
2204
2139
2057
2057
2082
2195
2264
2340
2362
2292
2176
2029
1932
1881
1892
1915
1986
2094
2171
2198
2280
2287
2308
2296
2291
2270
2241
2177
2131
2082
2004
1980
1988
1973
2052
2101
2175
2202
2235
2228
2224
2221
2178
2108
2027
1970
1941
1970
2115
2210
2233
2229
2220
2158
2150
2148
2105
2071
1994
1970
1979
2018
1988
2011
2047
2131
2233
2316
2301
2215
2075
1960
1888
1939
2028
2117
2172
2186
2166
2075
1995
1952
1960
2065
2079
2119
2121
2141
1893
2002
2136
2214
2296
2275
2120
1913
1763
1752
1880
2108
2306
2318
2281
2116
1987
1912
1949
2094
2250
2314
2253
2122
1989
1928
1960
1962
2065
2250
2324
2347
2244
2114
2002
2078
2157
2219
2242
2206
2191
2138
2048
1934
1915
1995
2119
2157
2085
1993
1979
2088
2215
2288
2286
2294
2279
2218
2090
1902
1878
2038
2276
2448
2416
2209
2003
1843
1801
1887
2032
2164
2285
2338
2304
2248
2147
2056
2023
2020
2046
2088
2144
2127
2046
1978
2020
2043
2091
2163
2101
2034
2025
1970
1929
1992
2095
2192
2244
2222
2131
2004
1922
1826
1770
1849
2018
2188
2277
2318
2214
2061
1957
1893
1914
1956
2061
2123
2172
2139
2140
2056
2040
1962
1960
1954
2021
2058
2044
2071
2118
2206
2278
2273
2210
2134
2112
2080
2070
2103
2140
2135
2052
1978
1916
1909
1994
2074
2108
2134
2118
2108
2165
2205
2197
2166
2107
1964
1784
1807
1866
2016
2148
2235
2196
2127
2042
1976
1922
1978
2018
1980
2040
2133
2135
2132
2143
2162
2144
2160
2082
1998
1960
1940
1982
2063
2115
2219
2219
2059
1947
1975
2010
2017
2110
2206
2251
2231
2235
2223
2214
2257
2239
2098
2004
2022
2024
2037
2099
2198
2244
2233
2250
2243
2220
2225
2294
2284
2097
2015
2025
2042
2078
2198
2248
2143
2062
2012
1942
1957
2135
2265
2327
2248
2095
1924
1791
1765
1839
2001
2182
2336
2398
2279
2082
1923
1828
1885
2046
2185
2265
2258
2167
1951
1784
1736
2372
2216
2084
2151
2137
2099
2069
2005
1968
2010
2096
2028
1884
1920
2164
2284
2304
2270
2244
2120
2025
2086
2133
2189
2222
2268
2147
1978
1939
2054
2120
2129
2106
2077
2095
2259
2333
2314
2290
2315
2229
2098
2024
1995
1927
2028
2315
2495
2347
2026
1928
1959
1996
2060
2244
2392
2313
2242
2148
1883
1633
1691
1978
2103
2148
2184
2158
2071
2044
2098
2094
2092
2162
2257
2182
2134
2106
2099
2125
2127
2166
2199
2152
2035
1890
1778
1727
1816
2069
2224
2285
2330
2342
2235
2055
1947
1890
1850
1899
1968
1995
2016
2005
2020
2100
2196
2182
2158
2183
2121
1904
1756
1896
2012
2017
2194
2424
2418
2218
2108
2066
1903
1873
2020
2137
2134
2206
2187
2047
2066
2061
1984
1908
1894
2007
2190
2286
2233
2029
1881
1790
1844
1974
2175
2320
2358
2217
2053
1914
1963
2121
2252
2213
2098
2083
2174
2271
2276
2189
2116
2179
2242
2238
2084
1900
1797
1845
1962
2178
2317
2350
2239
2076
2009
2058
2148
2125
2046
1976
2020
2071
2084
2048
2063
2117
2088
1921
1804
1983
2417
2683
2484
1940
1566
1660
2101
2409
2476
2391
2293
2131
1917
1830
1984
2202
2305
2177
2020
2030
2198
2353
2354
2275
2239
2203
2224
2300
2340
2218
2005
1908
1934
2016
1930
1786
1849
2158
2458
2438
2196
1978
1955
1984
2033
2049
2040
2003
1995
2123
2296
2344
2184
1970
1900
1932
1948
1964
2074
2198
2132
2018
2066
2203
2240
2088
1954
1916
2144
2400
2469
2428
2262
2067
1950
1923
1970
2116
2292
2412
2386
2266
2120
2018
1996
1995
1984
1946
1903
1931
2149
2399
2508
2366
2033
1699
1519
1601
1921
2328
2557
2494
2234
1960
1874
1961
2178
2324
2308
2128
1930
1900
2022
2256
2409
2347
2099
1889
1850
2019
2296
2522
2520
2276
1958
1692
1669
1830
2091
2310
2472
2503
2333
2087
1872
1790
1849
2010
2174
2235
2130
1947
1892
1970
2101
2227
2217
2063
1915
1870
2020
2290
2455
2446
2214
1978
1812
1766
1900
2113
2299
2364
2302
2171
1925
1729
1658
1762
2050
2420
2619
2555
2232
1796
1552
1600
1914
2195
2311
2174
1968
1898
2052
2331
2541
2454
2167
1904
1827
1980
2235
2406
2390
2184
1909
2260
2449
2306
2075
1946
1895
1905
2021
2238
2270
2053
1910
2072
2305
2380
2272
2175
2189
2167
1988
1862
1953
2059
1942
1810
1938
2246
2347
2047
1644
1697
2182
2408
2096
1771
1976
2482
2789
2662
2203
1733
1606
1736
1745
1640
1816
2197
2433
2366
2150
1920
1747
1682
1801
2072
2326
2474
2456
2352
2215
2036
1935
2047
2194
2247
2162
2026
1912
1734
1672
1854
2131
2245
2137
1921
1776
1751
1982
2369
2618
2645
2555
2392
2098
1761
1656
1839
2087
2249
2375
2463
2437
2397
2386
2305
2068
1785
1648
1760
2062
2362
2551
2572
2411
2131
1866
1692
1645
1759
2058
2434
2719
2693
2377
2042
1939
1944
1960
2012
2134
2227
2155
1933
1707
1672
1817
2068
2255
2661
2898
2841
2599
1898
1010
738
1305
2107
2674
2975
3026
2593
1687
1041
1313
2158
2827
3150
3176
2675
1651
743
585
1119
1922
2631
3005
2966
2567
1824
1100
922
1221
1543
1858
2316
2582
2379
2089
2048
2049
1966
2027
2263
2412
2320
2088
1801
1574
1482
1555
1882
2384
2736
2825
2789
2566
2049
1556
1490
1720
1958
2215
2478
2537
2447
2334
2159
1904
1703
1598
1531
1518
1678
2091
2607
2860
2795
2708
2472
1839
1257
1307
1714
2080
2573
3102
3101
2605
2073
1542
1129
1328
2080
2783
3182
3274
2918
2284
1767
1425
1292
1614
2247
2646
2657
2530
2280
1849
1614
1827
2168
2262
2192
2168
2112
1880
1596
1578
1908
2266
2416
2333
2090
1679
1247
1062
525
2
0
741
2078
3292
4000
4095
3880
3400
2809
2140
1534
1258
1312
1331
999
446
174
598
1711
3161
4095
4095
4095
4095
3817
1823
2
1
1
0
393
1687
2430
2719
2951
3344
3836
4095
4095
4095
3364
1879
58
1
2
1
93
1433
2381
2698
2728
2843
3070
3338
3574
3793
3812
3322
2218
766
1
1
1
699
1670
2188
2144
1724
1230
1117
1730
3100
4095
4095
4095
3776
1383
1
1
38
1606
3486
4095
4095
3940
2099
251
1
2
837
1839
2338
2343
2213
2284
2660
3181
3524
3368
2644
1590
589
2
43
880
2124
2985
2975
2198
1274
856
1290
2460
3806
4095
4095
3725
2200
826
225
554
1405
2212
2655
2627
2201
4095
4095
2988
1
0
1
0
1
1
2791
4095
4095
4095
4095
4095
3664
2
4
3
2
1
1
1856
4095
4095
4095
4095
4095
4020
1151
2
2
2
2
0
225
2402
4095
4095
4095
4095
3540
2475
1767
1480
1559
1793
2038
2280
2408
2416
2154
1560
766
1
2
2
490
1829
3306
4095
4095
4095
4095
4095
3420
1600
4
1
3
1
1
3
984
3162
4095
4095
4095
4095
4095
4095
2731
702
2
2
4
3
4
528
1871
3112
4059
4095
4095
4095
3600
2702
1766
1000
582
558
883
1394
1891
2283
2592
2890
3247
3599
3860
3872
3579
2945
2098
1188
398
3
3
2
3
316
1098
1952
2678
3153
3368
3363
3166
