2079
2108
2115
2100
2103
2109
2092
2107
2117
2112
2101
2092
2094
2087
2091
2102
2093
2097
2086
2109
2099
2089
2090
2101
2096
2101
2098
2104
2096
2105
2088
2100
2097
2108
2100
2094
2094
2090
2101
2095
2092
2108
2095
2093
2100
2093
2092
2096
2105
2116
2072
2082
2093
2089
2098
2094
2087
2084
2094
2085
2099
2120
2104
2108
2102
2088
2080
2095
2086
2088
2099
2079
2079
2085
2082
2090
2078
2078
2089
2081
2094
2082
2097
2103
2078
2087
2095
2107
2085
2086
2092
2093
2101
2115
2128
2121
2098
2099
2101
2097
2095
2085
2074
2094
2101
2108
2104
2116
2094
2084
2102
2082
2062
2101
2095
2091
2077
2082
2094
2096
2088
2087
2086
2072
2086
2081
2073
2072
2094
2087
2080
2082
2083
2085
2088
2100
2109
2098
2098
2070
2080
2079
2078
2088
2094
2078
2091
2095
2098
2098
2104
2098
2093
2101
2088
2095
2092
2102
2097
2081
2079
2101
2075
2096
2070
2088
2072
2089
2079
2104
2088
2109
2116
2091
2101
2091
2088
2088
2103
2092
2098
2099
2091
2083
2071
2091
2101
2093
2091
2094
2091
2089
2065
2073
2072
2075
2082
2070
2070
2078
2082
2091
2055
2084
2086
2089
2095
2092
2098
2090
2102
2108
2097
2091
2100
2104
2097
2102
2088
2080
2107
2084
2104
2104
2100
2093
2095
2108
2089
2101
2099
2084
2111
2097
2090
2081
2105
2104
2111
2106
2112
2084
2088
2118
2078
2087
2079
2087
2095
2102
2120
2106
2088
2095
2094
2097
2031
2013
2024
2026
2028
2027
2047
2024
2028
2043
2009
2021
2019
2035
2035
2034
2040
2060
2078
2076
2071
2116
2105
2101
2125
2114
2133
2128
2161
2148
2149
2145
2146
2147
2145
2144
2140
2145
2163
2168
2140
2159
2162
2156
2130
2128
2112
2119
2129
2122
2104
2112
2104
2101
2098
2094
2076
2075
2095
2076
2091
2076
2069
2076
2066
2045
2063
2046
2049
2049
2040
2053
2059
2071
2065
2041
2050
2052
2058
2056
2063
2061
2071
2072
2058
2071
2058
2083
2077
2086
2105
2112
2114
2111
2112
2105
2087
2129
2129
2109
2126
2115
2126
2114
2129
2135
2146
2128
2138
2123
2102
2099
2114
2121
2097
2075
2077
2080
2089
2069
2074
2041
2041
2058
2062
2044
2060
2038
2098
2119
2113
2100
2116
2094
2072
2016
2001
1990
1990
2009
2041
2072
2114
2149
2188
2214
2232
2200
2164
2113
2076
2042
2006
2004
1995
1985
2028
2058
2077
2117
2142
2180
2167
2190
2179
2167
2162
2140
2126
2127
2130
2116
2119
2124
2126
2141
2128
2110
2103
2090
2080
2051
2032
1992
2013
2011
2023
2026
2020
2056
2081
2073
2085
2090
2105
2124
2113
2111
2117
2142
2161
2181
2173
2159
2169
2173
2119
2111
2093
2092
2089
2075
2072
2080
2091
2107
2090
2100
2095
2122
2107
2102
2108
2090
2068
2057
2050
2033
2070
2055
2061
2068
2104
2116
2103
2115
2133
2115
2066
2057
2018
1976
1980
1995
1962
1976
2004
2035
2059
2133
2158
2205
2220
2228
2226
2183
2076
2032
2044
2088
2129
2160
2160
2145
2099
2039
2042
2027
2009
2022
2058
2078
2095
2074
2069
2066
2100
2113
2104
2113
2125
2118
2072
2063
2131
2176
2168
2119
2089
2080
2041
2019
2055
2111
2172
2205
2184
2145
2107
2029
1932
1931
1974
2066
2168
2225
2271
2246
2133
1986
1905
1930
2000
2105
2191
2280
2328
2258
2095
1916
1851
1865
1973
2077
2228
2313
2299
2209
2079
1927
1844
1835
1915
2080
2204
2296
2297
2218
2100
1964
1928
1985
2043
2124
2183
2226
2195
2101
2022
1943
1870
1856
1941
2051
2125
2166
2165
2152
2128
2110
2087
2095
2114
2113
2120
2103
2136
2111
2137
2104
2085
2070
2067
2060
2063
2049
2062
2136
2165
2203
2204
2148
2070
1992
2062
2087
2109
2164
2194
2102
2004
1977
2002
2037
2047
2010
2018
2133
2302
2370
2360
2289
2167
2020
1958
1959
1972
2007
2133
2330
2422
2314
2097
1949
1847
1832
1865
1987
2160
2247
2327
2322
2200
1982
1954
2098
2284
2312
2273
2227
2095
1940
1890
1928
1973
1996
2139
2299
2280
2173
2088
2046
1991
1988
2017
2048
2054
2070
2141
2209
2179
2066
1935
1905
1933
2006
2097
2155
2221
2222
2209
2182
2139
2037
2004
2020
2035
2111
2203
2230
2187
2115
1998
1913
1937
2109
2249
2279
2224
2088
1941
1872
1945
2097
2256
2302
2189
2096
1992
1888
1860
1923
2027
2135
2120
2131
2113
2088
2048
2036
2100
2131
2105
2099
2088
2071
2078
2103
2096
2091
2096
2065
2312
2368
2289
2221
2080
1903
1769
1901
2064
2099
2125
2166
2049
1873
1938
2194
2305
2197
2142
2108
2066
1925
1929
2082
2204
2206
2148
2056
1934
1934
2063
2178
2162
2088
2108
2147
2135
2096
2157
2224
2177
2103
2152
2152
2037
1925
2007
2218
2303
2197
2061
1991
2086
2185
2272
2168
2056
2109
2276
2260
2155
2154
2245
2178
2043
1900
1845
1938
2129
2239
2171
2029
1954
2016
2070
2158
2245
2242
2145
1970
1881
1901
1983
2029
2201
2330
2278
2142
2037
1939
1910
2028
2175
2208
2168
2143
1999
1904
1955
2051
2234
2383
2341
2131
1994
1884
1814
1927
2214
2374
2327
2274
2155
1990
1979
2041
2025
1979
2029
2137
2130
2066
2112
2158
2126
2085
2110
2054
2088
2031
2051
2168
2302
2327
2208
2059
2025
2046
2064
2103
2093
2119
2137
2189
2215
2199
2092
2030
2058
2147
2234
2201
2118
2068
2103
2119
2097
2010
2004
2063
2152
2158
2174
2161
2120
2019
1919
1947
2093
2235
2144
1957
1858
1861
1959
2069
2168
2129
2130
2185
2194
2170
2000
1794
1836
2056
2354
2492
2284
1926
1760
1810
1976
2165
2331
2352
2207
1974
1856
1876
2086
2246
2232
2120
1957
1943
2114
2278
2227
2094
2092
2141
2132
2155
2209
2210
2111
2005
1977
1993
2023
2143
2155
2127
2041
2054
2127
2137
2158
2155
2185
2242
2148
1937
1829
1931
2238
2437
2383
2143
1960
1924
1879
1873
2030
2251
2406
2274
2009
1753
1725
1966
2197
2292
2326
2228
1815
2025
2258
2361
2269
2056
1888
1927
2086
2245
2300
2188
2011
1992
2129
2264
2359
2317
2087
1797
1667
1784
2109
2444
2485
2266
1984
1900
2048
2267
2379
2244
1931
1662
1675
1959
2337
2517
2456
2219
2001
1885
1921
2020
2135
2216
2195
2069
2000
2070
2222
2305
2225
1990
1821
1867
2094
2354
2440
2221
1831
1645
1752
2081
2366
2431
2232
2034
1974
2045
2103
2064
2030
2089
2164
2163
2090
2027
2096
2196
2250
2179
2102
2129
2137
2040
1961
2033
2205
2311
2254
2088
1934
1989
2242
2357
2389
2407
2399
2233
1899
1665
1720
2096
2465
2479
2222
1946
1836
1827
1871
1988
2108
2200
2183
2075
2019
2041
2092
2083
2135
2225
2303
2226
1967
1709
1665
1814
2328
2188
2012
1879
1864
1956
2110
2235
2228
2102
1930
1876
1954
2151
2305
2320
2172
1951
1804
1832
1991
2168
2257
2232
2117
1984
1928
1971
2117
2200
2149
2025
1939
1899
2050
2325
2491
2398
2122
1823
1705
1835
2119
2375
2457
2296
2052
1901
1968
2102
2234
2248
2125
1943
1899
2014
2203
2360
2359
2165
1890
1793
1922
2165
2361
2381
2214
1964
1798
1923
2219
2435
2425
2174
1736
1445
1486
1823
2212
2437
2329
1968
1727
1798
2095
2355
2336
2058
1695
1536
1789
2358
2824
2879
2515
1970
1532
1498
1902
2400
2580
2366
2009
1861
2006
2303
2526
2498
2183
1814
1602
1698
2004
2240
2323
2215
2046
1896
1912
1975
2068
2063
2112
2125
2091
2166
2286
2324
2932
2842
2373
1745
1321
1330
1787
2309
2659
2704
2402
1968
1646
1661
1995
2308
2350
2108
1888
1889
2031
2210
2301
2268
2187
2099
2084
2166
2226
2269
2242
2003
1694
1538
1610
1951
2419
2837
2922
2531
1937
1502
1520
1839
2253
2554
2580
2342
2079
1947
1920
1938
1960
2023
2105
2161
2121
2108
2044
1939
1869
1949
2155
2346
2370
2277
2098
1907
1773
1789
1960
2167
2327
2423
2466
2337
2029
1665
1488
1614
2069
2563
2824
2756
2326
1735
1361
1482
2026
2656
2972
2892
2475
1897
1508
1538
1902
2351
2569
2512
2232
1874
1689
1773
2020
2240
2281
2202
2104
2038
2040
2075
2118
2168
2140
2093
2072
2096
2120
2094
2106
2204
2321
2337
2206
1944
1738
1702
2125
1417
1059
1247
1820
2430
2800
2931
2855
2539
2055
1620
1467
1770
2225
2442
2214
1726
1327
1341
1786
2318
2700
2853
2763
2367
1789
1314
1123
1397
2095
2840
3235
3112
2601
2005
1588
1451
1565
1816
2080
2299
2473
2582
2592
2519
2352
2019
1634
1419
1410
1600
1906
2256
2515
2647
2628
2573
2427
2149
1861
1611
1514
1584
1729
1911
2181
2544
2835
2984
2846
2410
1748
1023
634
910
1752
2811
3573
3693
2976
1839
923
706
1169
1921
2623
2969
2739
2054
1312
1017
1361
2097
2808
3193
3040
2328
1344
681
699
1437
2395
3196
3500
3233
2508
1680
1174
1210
1606
2080
2485
2667
2620
2286
1922
1754
1870
2079
2089
2037
2122
2270
2381
2345
2252
2231
3277
2930
2363
1672
1036
580
475
740
1337
2036
2671
3017
3087
2920
2624
2360
2166
2097
2119
2208
2397
2593
2760
2685
2316
1651
918
290
0
4
285
872
1676
2609
3541
4095
4095
4095
4072
3321
2374
1444
627
45
2
112
765
1680
2613
3337
3744
3787
3535
3040
2453
1872
1391
1119
1141
1492
2029
2550
2820
2743
2365
1867
1384
1069
975
1172
1588
2190
2829
3313
3592
3562
3191
2552
1742
1034
630
631
969
1583
2255
2853
3226
3307
3028
2505
1872
1362
1207
1407
1856
2376
2825
3038
3031
2768
2303
1707
1164
878
947
1386
2071
2760
3255
3414
3235
2746
2007
1205
526
225
456
1137
2085
3009
3733
4084
3969
3416
2513
1462
559
113
2472
2060
1637
1175
763
415
227
184
356
702
1245
1872
2583
3258
3848
4095
4095
4095
4095
4095
3916
3332
2654
1886
1110
392
1
0
0
0
1
1
94
761
1478
2253
3002
3686
4095
4095
4095
4095
4095
4095
4095
4095
3686
2942
2114
1302
473
0
1
0
0
2
0
1
0
335
1252
2168
3025
3772
4095
4095
4095
4095
4095
4095
4095
3910
3382
2812
2311
1842
1434
1120
867
657
537
436
465
527
672
836
1045
1235
1405
1565
1706
1864
2010
2213
2480
2779
3079
3351
3597
3745
3775
3694
3539
3294
3009
2686
2381
2106
1850
1570
1336
1111
952
839
805
821
911
1085
1255
1415
1552
1660
1704
1732
1780
1880
1997
2192
8
0
160
1075
1999
2881
3695
4095
4095
4095
4095
4095
4095
4095
4095
4095
4095
4095
4095
4095
4095
4095
3821
3109
2399
1710
1074
510
0
1
1
0
1
1
1
1
0
1
2
2
0
1
99
611
1165
1721
2265
2775
3198
3588
3912
4095
4095
4095
4095
4095
4095
4095
4095
4095
4010
3790
3556
3307
3088
2860
2647
2444
2297
2113
1953
1801
1676
1543
1478
1414
1313
1242
1223
1162
1115
1102
1075
1069
1052
1034
1024
1005
982
935
940
940
937
937
968
1016
1084
1188
1298
1418
1580
1754
1942
2139
2364
2574
2751
2934
3114
3248
3438
3607
3704
3775
3846
3840
3825
3747
3677
3574
3457
3306
3132
2939
2736
2531
2345
2148
