2091
2099
2106
2092
2104
2088
2093
2086
2094
2096
2113
2102
2092
2094
2099
2098
2096
2106
2093
2101
2094
2092
2091
2102
2092
2096
2096
2108
2108
2104
2112
2100
2106
2092
2090
2094
2097
2095
2080
2090
2087
2079
2083
2091
2086
2087
2092
2087
2090
2085
2090
2082
2084
2082
2096
2083
2094
2096
2089
2081
2093
2101
2094
2112
2094
2094
2094
2098
2087
2105
2090
2090
2090
2076
2091
2090
2093
2087
2110
2093
2087
2091
2099
2097
2096
2097
2091
2110
2090
2090
2088
2091
2109
2099
2116
2112
2112
2109
2091
2098
2102
2088
2093
2101
2098
2119
2101
2102
2096
2084
2094
2092
2103
2106
2095
2093
2088
2113
2104
2099
2101
2105
2107
2106
2098
2098
2094
2096
2028
2030
2032
2035
2040
2033
2040
2054
2062
2064
2074
2068
2075
2082
2093
2094
2112
2114
2123
2128
2126
2122
2127
2140
2149
2160
2145
2148
2169
2158
2158
2160
2149
2160
2164
2183
2172
2174
2191
2188
2185
2176
2183
2185
2196
2212
2189
2183
2186
2179
2186
2195
2187
2177
2168
2175
2175
2177
2155
2152
2171
2154
2153
2151
2135
2136
2136
2153
2144
2127
2138
2133
2135
2122
2141
2116
2104
2107
2105
2092
2104
2100
2091
2088
2087
2094
2076
2088
2064
2059
2065
2072
2074
2072
2074
2062
2060
2058
2049
2050
2063
2052
2057
2058
2050
2055
2053
2055
2047
2066
2064
2044
2066
2054
2040
2058
2054
2056
2057
2064
2065
2062
2070
2068
2073
2079
2077
2077
1951
1949
1938
1935
1934
1938
1942
1944
1945
1955
1963
1972
1962
1964
1956
1952
1952
1948
1946
1953
1956
1967
1984
2000
2017
2030
2051
2071
2078
2096
2100
2092
2096
2093
2093
2070
2054
2026
1997
1978
1961
1950
1934
1927
1922
1927
1937
1958
1974
2004
2034
2061
2086
2111
2145
2160
2181
2185
2193
2195
2196
2200
2186
2192
2195
2204
2208
2216
2249
2275
2310
2349
2393
2441
2483
2532
2563
2587
2606
2615
2616
2600
2578
2540
2500
2459
2411
2366
2314
2266
2226
2177
2139
2104
2069
2039
2013
1981
1955
1926
1891
1852
1823
1796
1758
1726
1682
1646
1623
1587
1579
1570
1560
1566
1587
1620
1647
1688
1737
1778
1819
1864
1906
1944
1977
2016
2041
2063
2220
2214
2209
2173
2131
2072
2001
1940
1883
1864
1880
1910
1952
2014
2075
2135
2182
2192
2203
2179
2174
2144
2135
2126
2134
2143
2149
2152
2133
2109
2084
2056
2033
2010
2005
2029
2061
2102
2167
2222
2266
2287
2293
2246
2170
2094
1985
1896
1813
1782
1783
1819
1902
1990
2078
2162
2215
2250
2248
2228
2175
2127
2077
2054
2041
2056
2095
2157
2233
2310
2376
2428
2447
2446
2416
2348
2288
2225
2146
2104
2074
2082
2122
2158
2213
2278
2325
2325
2312
2281
2188
2092
1962
1836
1735
1654
1618
1614
1653
1716
1813
1920
2034
2141
2236
2317
2374
2413
2441
2445
2432
2420
2392
2371
2342
2296
2218
2165
2080
1977
1874
1768
1657
1560
1484
1447
1443
1478
2246
2193
2164
2155
2143
2154
2156
2151
2156
2166
2180
2200
2222
2245
2254
2212
2164
2114
2042
1976
1914
1857
1794
1748
1725
1696
1704
1739
1788
1870
1940
2018
2094
2190
2282
2379
2478
2573
2622
2627
2566
2452
2285
2112
1988
1912
1884
1921
1983
2052
2081
2071
2021
1944
1886
1874
1928
2053
2231
2377
2466
2434
2312
2135
1931
1798
1736
1781
1894
2058
2236
2386
2492
2542
2543
2469
2357
2255
2145
2080
2019
2028
2056
2082
2123
2150
2122
2078
1993
1918
1875
1912
1989
2133
2292
2419
2502
2498
2384
2209
1998
1815
1674
1622
1637
1704
1791
1880
1918
1901
1825
1744
1720
1761
1880
2040
2210
2316
2350
2293
2179
2031
1896
1792
1744
1772
1852
1966
2118
2169
2148
2049
1988
1925
1934
1998
2055
2069
2012
1911
1784
1711
1730
1898
2159
2450
2677
2776
2709
2541
2334
2126
2024
1996
2029
2065
2066
2043
2014
2017
2073
2185
2304
2397
2451
2430
2359
2259
2114
1994
1921
1886
1859
1871
1895
1903
1911
1922
1935
1946
2001
2095
2184
2267
2338
2364
2359
2318
2270
2232
2233
2231
2230
2222
2224
2182
2131
2059
2015
1950
1913
1885
1859
1871
1872
1893
1897
1916
1956
1991
2047
2124
2220
2306
2383
2441
2478
2495
2493
2474
2424
2333
2222
2124
2037
1934
1885
1871
1888
1947
2024
2066
2110
2141
2113
2078
1996
1894
1810
1736
1692
1680
1739
1837
2001
2218
2420
2600
2736
2790
2726
2589
2376
2107
1822
1567
1675
1904
2167
2371
2478
2462
2376
2245
2147
2082
2111
2151
2157
2138
2079
2020
1932
1833
1709
1632
1648
1715
1880
2112
2359
2551
2643
2612
2468
2282
2120
2017
1962
1944
1881
1769
1582
1391
1233
1155
1204
1374
1655
2024
2440
2840
3114
3157
2964
2592
2142
1743
1487
1361
1318
1314
1333
1390
1520
1688
1836
1941
1998
2088
2218
2407
2539
2532
2368
2091
1863
1789
1873
2073
2253
2364
2401
2422
2456
2421
2271
2018
1756
1624
1646
1816
1946
1970
1900
1759
1675
1728
1903
2149
2418
2694
2951
3160
3243
3150
2840
2452
2094
1894
1859
1885
1869
1798
1658
1525
1510
1616
1882
2239
2612
2890
2994
2886
2614
2266
1979
1846
1893
2088
2302
2468
2484
2372
2056
1863
1676
1542
1454
1487
1569
1774
2047
2306
2531
2708
2777
2727
2587
2394
2132
1901
1716
1593
1579
1656
1824
2018
2214
2396
2507
2566
2516
2406
2265
2107
1935
1852
1893
2004
2189
2414
2616
2773
2833
2774
2621
2393
2146
1874
1672
1573
1526
1616
1747
1906
2094
2186
2242
2183
2066
1865
1696
1550
1500
1590
1796
2072
2405
2687
2904
2970
2905
2729
2459
2136
1739
1489
1326
1287
1362
1587
1877
2172
2413
2606
2676
2616
2517
2318
2097
1919
1798
1736
1780
1873
2016
2117
2242
2340
2393
2407
2399
2338
2271
2232
2234
2278
2314
2357
2340
2260
2134
1988
1741
1488
1288
1180
1154
1248
1457
1768
2082
2380
2655
2748
2781
2690
2525
2300
2106
1891
991
1166
1449
1745
1990
2184
2377
2548
2628
2673
2724
2760
2718
2550
2226
1826
1457
1303
1217
1240
1446
1791
2222
2547
2711
2726
2613
2486
2415
2391
2311
2165
2023
1904
1824
1788
1754
1733
1748
1896
2231
2499
2622
2572
2535
2512
2391
2170
1848
1682
1659
1821
1917
1926
1907
2005
2247
2404
2504
2496
2522
2607
2638
2550
2264
2006
1707
1578
1562
1643
1729
1902
2122
2306
2418
2439
2440
2361
2158
1838
1582
1458
1440
1413
1316
1260
1441
1861
2312
2617
2778
2907
2997
3000
2883
2573
2233
1934
1649
1326
1094
949
928
1089
1242
1520
1881
2315
2749
3050
3215
3254
3221
3007
2622
2128
1680
1358
1128
1057
1150
1337
1592
1857
2082
2264
2414
2548
2021
1795
1646
1576
1654
1854
2098
2296
2446
2435
2320
2144
1948
1754
1666
1694
1864
2156
2555
2950
3290
3415
3327
3052
2556
1959
1391
969
803
903
1275
1820
2465
2972
3298
3344
3137
2672
2058
1483
1030
816
855
1188
1706
2319
2808
3086
3150
2987
2600
2065
1545
1170
1019
1175
1587
2184
2831
3302
3597
3608
3326
2883
2297
1760
1311
1030
877
945
1132
1412
1789
2148
2476
2703
2798
2796
2663
2470
2274
2145
1970
1858
1817
1816
1879
1950
2051
2080
2033
1952
1928
1929
1994
2144
2270
2386
2424
2391
2288
2171
1984
1685
1452
1222
1128
1191
1485
1925
2451
2932
3286
3447
3343
3021
2584
2098
1676
1416
1375
1535
1758
1954
2081
2067
1994
1906
2361
2298
2227
2146
2095
2087
2041
2076
2196
2393
2680
2956
3032
2885
2542
2222
1938
1680
1398
1080
825
788
995
1403
1841
2277
2661
2969
3223
3384
3340
3015
2528
2017
1705
1599
1586
1576
1506
1565
1807
2174
2500
2657
2695
2683
2712
2711
2588
2300
1876
1493
1210
1018
999
1099
1363
1667
1977
2288
2696
3101
3300
3184
2890
2530
2280
1997
1598
1181
863
807
956
1165
1358
1557
1931
2413
2782
2925
2787
2547
2360
2203
2008
1660
1302
1035
944
1084
1416
1817
2221
2552
2766
2904
3070
3177
3132
2874
2459
2040
1790
1644
1589
1527
1580
1778
2110
2440
2670
2744
2748
2688
2597
2424
2210
2050
1960
1900
1854
1789
1751
1828
2024
2290
2501
2585
2703
3892
4095
4095
4095
4095
3407
2048
679
2
1
1
3
253
1444
2742
3933
4095
4095
4095
4095
3728
2673
1651
793
207
4
88
514
1120
1841
2509
3005
3239
3170
2906
2512
2068
1670
1333
1124
992
1021
1170
1509
2006
2608
3198
3701
3968
4017
3781
3309
2700
2031
1446
1008
750
745
919
1203
1551
1859
2132
2315
2437
2435
2344
2164
1923
1759
1682
1772
1927
2096
2193
2207
2123
2033
2007
2065
2174
2329
2498
2636
2710
2726
2647
2478
2239
1978
1767
1620
1615
1661
1773
1924
2095
2260
2324
2337
2299
2244
2207
2236
2325
2437
2484
2431
2304
2105
1939
1896
1972
2111
2257
2286
2180
1908
1525
1102
733
512
520
791
1305
1968
2662
2223
2234
2344
2550
2832
3120
3377
3537
3583
3449
3141
2697
2169
1603
1079
655
385
286
365
613
1001
1477
2012
2559
3036
3424
3654
3728
3633
3358
2926
2394
1828
1305
887
648
605
766
1125
1642
2282
2946
3570
4089
4095
4095
4095
3991
3418
2715
1914
1098
306
2
3
2
2
4
2
395
1390
2433
3390
4095
4095
4095
4095
4095
4095
3878
3118
2296
1500
780
197
1
2
2
374
968
1631
2268
2782
3120
3244
3192
3021
2758
2446
2098
1731
1351
959
590
313
180
266
553
1010
1573
2136
2622
2965
3162
3240
3260
3264
3272
3333
3408
3489
3540
3538
3511
3413
3327
3223
3088
2903
2653
2300
1870
1362
833
297
4
2
2
4095
4095
4095
4095
3906
2435
885
3
2
1
2
1
2
1
1
3
1321
3017
4095
4095
4095
4095
4095
4095
4095
4095
3718
2494
1144
1
2
2
1
4
2
284
1794
3300
4095
4095
4095
4095
4095
4095
4095
4059
3104
2096
1124
261
2
2
2
2
2
3
192
948
1742
2455
3042
3462
3684
3746
3691
3545
3352
3107
2831
2504
2106
1596
995
299
0
2
2
3
0
177
1414
2864
4095
4095
4095
4095
4095
4095
4095
4040
2840
1535
334
1
1
1
2
2
2
2
404
1392
2388
3290
4000
4095
4095
4095
4095
4095
4095
4095
4095
4095
4095
4013
3550
2899
2037
1081
68
3
3
2
4
3
1
3
4
3
3
4
2
0
3
1
2
1276
3761
4095
4095
4095
4095
4095
4095
4095
4095
4095
4095
4095
4095
3048
431
2
6
4
4
3
4
4
2
3
2
3
1
610
3317
4095
4095
4095
4095
4095
4095
4095
4095
4095
4095
4095
4095
3988
1464
3
1
2
4
2
3
3
0
2
3
1
1
813
3321
4095
4095
4095
4095
4095
4095
4095
4095
4095
4095
4095
4095
3100
547
1
1
2
3
3
2
1
1
1
0
2
1
838
3733
4095
4095
4095
4095
4095
4095
4095
4095
4095
4095
4095
4095
3800
1121
2
2
2
4
3
2
1
1
0
1
2
1
421
3049
4095
4095
4095
4095
4095
