2092
2094
2092
2091
2098
2082
2096
2065
2084
2086
2092
2079
2076
2099
2099
2092
2082
2099
2087
2087
2079
2090
2076
2075
2058
2083
2110
2096
2089
2088
2113
2101
2090
2095
2096
2112
2112
2116
2109
2104
2109
2110
2101
2109
2106
2095
2094
2087
2093
2078
2087
2091
2096
2102
2094
2102
2078
2116
2082
2083
2061
2064
2097
2106
2091
2066
2090
2085
2078
2075
2085
2087
2093
2099
2085
2074
2079
2094
2080
2080
2094
2104
2079
2104
2098
2103
2077
2091
2103
2098
2079
2098
2118
2091
2092
2090
2093
2112
2108
2092
2109
2111
2092
2087
2099
2103
2090
2089
2062
2080
2096
2100
2094
2100
2104
2116
2100
2091
2089
2103
2104
2077
2093
2080
2107
2088
2077
2071
2100
2090
2079
2087
2089
2108
2097
2081
2090
2085
2088
2068
2050
2075
2080
2084
2101
2075
2047
2061
2077
2061
2086
2098
2085
2077
2094
2098
2081
2075
2075
2081
2084
2065
2083
2088
2067
2081
2085
2079
2087
2099
2064
2073
2080
2070
2077
2104
2079
2086
2068
2086
2091
2075
2064
2074
2077
2093
2096
2085
2113
2071
2094
2072
2083
2096
2090
2091
2084
2085
2087
2088
2095
2057
2108
2116
2111
2111
2117
2114
2079
2082
2077
2087
2117
2096
2090
2064
2096
2099
2108
2082
2105
2101
2088
2099
2103
2092
2092
2097
2116
2125
2104
2098
2128
2092
2110
2097
2087
2084
2099
2109
2097
2100
2106
2107
2099
2095
2089
2101
2097
2106
2112
2096
2084
2104
2111
2112
1985
1987
1995
1982
1978
1985
1996
1989
1992
1992
1993
2008
2014
2006
1996
2007
2023
2011
1997
1983
2014
2014
2017
2010
2038
2010
1988
1988
2000
2007
2033
2041
2071
2080
2083
2117
2143
2161
2166
2198
2233
2235
2223
2235
2239
2244
2252
2259
2245
2217
2222
2218
2203
2200
2166
2153
2156
2141
2175
2168
2155
2166
2133
2163
2172
2156
2155
2170
2171
2168
2173
2144
2134
2146
2165
2140
2118
2083
2103
2114
2104
2103
2082
2066
2057
2046
2048
2027
2011
1989
1966
1956
1924
1925
1922
1916
1896
1899
1913
1923
1961
1964
1990
1993
2021
2052
2094
2107
2129
2176
2199
2216
2230
2256
2284
2297
2304
2301
2263
2273
2279
2284
2266
2254
2202
2220
2214
2181
1978
1983
1961
1970
1987
2015
1986
2044
2076
2078
2090
2096
2115
2097
2106
2132
2144
2163
2161
2171
2148
2137
2104
2096
2099
2119
2145
2138
2174
2170
2162
2167
2171
2168
2173
2143
2137
2151
2133
2137
2137
2097
2091
2078
2036
2037
2024
2046
2043
2052
2046
2035
2030
2062
2051
2067
2056
2105
2083
2090
2104
2117
2115
2141
2190
2201
2208
2215
2208
2200
2186
2209
2193
2148
2144
2159
2121
2096
2037
2011
2022
2016
2014
2039
2050
2035
2011
1973
1969
1939
1950
1969
1994
2001
2050
2055
2049
2067
2098
2124
2154
2203
2240
2263
2284
2277
2239
2159
2119
2051
1995
1953
1945
1943
1958
1959
1991
1972
2008
1994
1986
2048
2094
2172
2262
2311
2351
2374
2158
2231
2306
2394
2399
2377
2349
2264
2172
2016
1889
1769
1669
1605
1625
1648
1688
1808
1914
1990
2071
2120
2138
2152
2126
2113
2086
2086
2074
2101
2130
2190
2253
2241
2275
2304
2263
2227
2138
2071
1991
1955
1921
1935
1937
1942
1951
1952
1973
1955
1991
2018
2077
2143
2256
2347
2439
2528
2599
2600
2575
2526
2458
2340
2216
2126
2027
1957
1907
1859
1881
1880
1927
1954
2035
2093
2176
2254
2273
2283
2267
2187
2072
1966
1903
1831
1758
1755
1751
1771
1790
1839
1841
1906
1900
1987
2050
2102
2148
2174
2215
2208
2210
2237
2231
2256
2252
2248
2244
2218
2185
2154
2135
2131
2117
2123
2140
2164
2201
2168
2135
2112
2091
2049
2021
1977
1991
2012
2055
1974
1936
1965
2010
2022
1943
1902
1880
1890
1953
2019
2088
2164
2283
2452
2522
2498
2407
2312
2255
2199
2135
2103
2044
1984
1912
1798
1749
1689
1756
1875
2027
2155
2191
2141
2160
2170
2200
2241
2244
2185
2106
2028
1959
1953
1960
1985
2026
2028
2087
2201
2345
2402
2428
2324
2256
2220
2208
2213
2136
2096
2042
2011
1978
1956
2003
2049
2069
2055
2069
2122
2194
2237
2254
2208
2200
2187
2218
2265
2201
2113
2067
2037
2099
2131
2089
2072
2111
2147
2201
2242
2295
2252
2217
2144
2109
2010
1947
1901
1832
1750
1699
1745
1844
1931
1993
2041
2108
2161
2182
2176
2149
2086
2083
2062
2077
2061
2038
1994
2006
1983
1985
1986
1995
2014
2034
2076
2085
1938
1853
1794
1770
1799
1870
1942
2054
2165
2272
2374
2461
2486
2467
2399
2312
2184
2065
1958
1861
1808
1728
1693
1684
1727
1857
2017
2243
2447
2589
2656
2623
2543
2413
2305
2214
2135
2086
2060
2017
2021
1954
1916
1883
1881
1911
1933
1989
2068
2120
2157
2207
2231
2245
2240
2193
2131
2025
1924
1848
1852
1880
1996
2170
2349
2494
2566
2575
2483
2352
2205
2049
1921
1845
1827
1805
1841
1863
1894
1922
1987
2072
2159
2231
2313
2357
2373
2382
2361
2255
2180
2063
1885
1733
1623
1590
1654
1760
1955
2193
2394
2516
2568
2525
2418
2258
2100
1962
1860
1785
1768
1748
1756
1761
1821
1835
1920
2016
2069
2132
2222
2257
2279
2277
2287
2257
2210
2110
2122
2113
2096
2043
2040
2094
2173
2207
2174
2083
2040
2052
2094
2097
2031
1941
1863
1857
1923
1986
2062
2105
2154
2251
2368
2499
2541
2511
2374
2144
1973
1822
1745
1664
1564
1505
1507
1619
1830
2089
2295
2410
2448
2403
2379
2336
2291
2206
2092
1998
1944
1926
1883
1886
1889
1924
1975
2078
2213
2316
2391
2408
2414
2402
2369
2306
2156
1979
1799
1633
1596
1675
1832
2041
2190
2287
2295
2258
2189
2147
2095
2029
2013
1977
1960
1916
1907
1929
2029
2137
2254
2359
2377
2317
2207
2094
2010
1964
1926
1862
1804
1742
1709
1758
1890
2092
2306
2483
2546
2490
2287
2001
1704
1506
1439
1516
1701
1932
2170
2337
2408
2423
2400
2385
2373
2363
2320
2318
2231
2155
2084
2051
2048
2029
2000
1954
1829
1696
1588
1555
1582
1717
1888
2124
2336
2460
2575
2575
2467
2315
2146
2037
1940
1963
2041
2172
2276
2323
2285
2201
2148
2043
1929
1839
1773
1708
1705
1790
1899
2013
2079
2069
2027
1981
2000
1990
2052
2111
2099
2032
1997
1982
2014
2000
1972
1937
1943
1985
2151
2386
2562
2665
2648
2467
2320
2199
2116
2056
2016
2052
2092
2152
2180
2142
1972
1752
1590
1541
1665
1887
2096
2270
2408
2473
2493
2408
2278
2088
1876
1715
1670
1708
1848
1945
2064
2127
2182
2148
2136
2077
2080
2148
2283
2392
2413
2275
2046
1832
1666
1607
1612
1688
1888
2192
2507
2788
2927
2856
2661
2404
2156
1946
1774
1678
1652
1772
1797
1900
2033
2163
2284
2357
2346
2328
2204
2035
1902
1789
1712
1660
1678
1781
1933
2105
2311
2467
2588
2621
2559
2424
2219
1990
1786
1615
1525
1544
1639
1832
2072
2258
2477
2589
2623
2566
2409
2214
1933
1646
1456
1349
1339
1485
1702
1976
2245
2472
2608
2616
2534
2370
2140
1901
1692
1544
1435
1437
1534
1681
1879
2080
2285
2434
2519
2526
2466
2390
2293
2208
2154
2125
2104
2093
2085
2059
2031
1980
1947
1906
1865
1858
1869
1867
1970
2106
2276
2441
2559
2622
2641
2614
2534
2414
2276
2142
1939
1806
1699
1604
1573
1620
1724
1851
1953
2065
2162
2257
2335
2397
2435
2418
2387
2307
2208
2133
2091
2124
2132
2163
2196
2193
2145
2108
2026
1974
2104
2248
2326
2309
2191
1986
1877
1933
2110
2286
2357
2312
2231
2132
2057
1964
1852
1709
1710
1918
2252
2547
2718
2722
2539
2268
1988
1766
1631
1571
1621
1776
1981
2200
2416
2497
2390
2189
1935
1804
1849
1984
2107
2170
2165
2145
2168
2214
2216
2090
1861
1770
1890
2180
2496
2672
2569
2299
1961
1726
1600
1590
1625
1773
2055
2375
2726
2890
2779
2441
2066
1868
1862
1995
2102
2128
2101
2103
2216
2358
2365
2124
1791
1556
1561
1835
2185
2420
2478
2384
2160
2024
1910
1830
1767
1731
1768
1925
2131
2369
2515
2544
2323
1937
1636
1514
1616
1829
1968
2041
2131
2352
2620
2698
2493
2082
1709
1555
1628
1766
1831
1810
1784
1900
2228
2537
2724
2212
2337
2395
2362
2359
2294
2199
2103
2005
1964
1987
2025
2119
2183
2258
2253
2209
2115
2031
1980
1933
1965
1992
2057
2142
2241
2299
2316
2257
2104
1855
1552
1281
1108
1065
1163
1387
1697
2094
2504
2906
3226
3402
3390
3228
2848
2359
1809
1334
975
765
784
1013
1443
1996
2553
3056
3371
3496
3415
3139
2724
2200
1639
1128
765
616
714
1038
1557
2138
2631
3016
3171
3159
3005
2762
2427
2047
1699
1375
1156
1106
1237
1523
1905
2316
2695
2988
3112
3121
2984
2774
2467
2109
1700
1338
1101
1053
1215
1586
2038
2493
2861
3063
3112
3014
2797
2490
2148
1810
1546
1361
1323
1449
1689
2002
2304
2544
2658
2590
2380
2063
1688
1365
1150
1107
1188
575
339
304
539
1057
1723
2381
2861
3203
3383
3443
3395
3329
3194
2920
2517
2032
1548
1105
832
730
795
1002
1244
1509
1791
2096
2366
2619
2842
2966
2948
2888
2817
2672
2449
2123
1745
1436
1240
1207
1275
1454
1738
2075
2427
2750
3051
3248
3358
3353
3174
2871
2409
1935
1463
1092
882
789
833
978
1250
1632
2153
2729
3224
3559
3628
3430
3114
2746
2356
2043
1699
1341
964
739
713
952
1392
1952
2503
2898
3194
3400
3494
3467
3330
3007
2521
1901
1244
709
386
305
445
711
1039
1378
1755
2284
2894
3474
3968
4095
4095
3817
3395
2936
2454
1961
1395
871
427
182
162
365
705
1146
1711
2290
2855
3358
3661
3755
3650
3318
2856
1479
2361
3122
3654
3949
3972
3765
3418
2954
2543
2170
1906
1760
1724
1700
1739
1711
1679
1640
1535
1444
1448
1437
1594
1857
2220
2662
3079
3413
3667
3814
3835
3678
3392
2945
2422
1846
1322
896
599
422
404
519
756
1227
1808
2415
3026
3466
3747
3857
3837
3670
3404
3041
2490
1900
1300
728
285
0
2
99
456
953
1495
1975
2378
2659
2755
2729
2635
2561
2500
2504
2500
2515
2565
2662
2826
2978
3108
3169
3073
2771
2313
1807
1302
896
606
451
412
528
779
1137
1597
2200
2833
3361
3778
3986
3991
3811
3531
3138
2709
2264
1835
1458
1120
812
605
493
451
477
596
767
1017
1377
1767
2181
2589
2917
3236
3501
3698
3755
3656
1379
639
14
0
0
1
0
0
1
201
775
1380
1986
2528
2984
3349
3598
3731
3750
3624
3417
3142
2785
2408
2031
1683
1377
1196
1082
1073
1194
1463
1786
2138
2570
2976
3364
3661
3845
3924
3839
3675
3378
2961
2433
1848
1217
625
103
1
1
0
2
0
0
290
922
1664
2407
3127
3796
4095
4095
4095
4095
4095
4095
4095
4095
3792
3007
2061
1064
52
1
1
1
1
0
0
1
0
3
33
988
2138
3165
4095
4095
4095
4095
4095
4095
4095
4095
4095
4095
4095
3677
2786
1896
1094
381
1
0
1
1
2
0
0
250
737
1199
1625
2030
2353
2620
2792
2911
2911
2860
2765
2603
2440
2265
2119
2042
2032
