2106
2093
2123
2121
2087
2096
2082
2091
2086
2087
2093
2124
2093
2096
2107
2088
2065
2098
2088
2094
2101
2123
2074
2086
2094
2094
2090
2088
2107
2101
2111
2077
2073
2094
2094
2083
2111
2101
2080
2088
2101
2084
2111
2113
2075
2085
2083
2104
2126
2115
2143
2116
2130
2115
2098
2123
2109
2070
2076
2080
2092
2086
2054
2095
2088
2092
2127
2078
2076
2063
2079
2086
2090
2083
2117
2107
2113
2097
2084
2101
2101
2096
2097
2114
2125
2088
2102
2088
2069
2056
2076
2105
2103
2081
2110
2103
2095
2094
2076
2102
2076
2125
2112
2093
2092
2090
2081
2073
2098
2115
2114
2101
2107
2101
2098
2088
2091
2103
2091
2095
2091
2102
2101
2110
2079
2066
2083
2081
2094
2076
2069
2087
2068
2082
2096
2089
2091
2104
2100
2063
2090
2111
2088
2106
2108
2111
2097
2071
2075
2100
2082
2083
2103
2089
2064
2064
2087
2126
2112
2132
2125
2094
2117
2088
2096
2054
2074
2081
2126
2122
2107
2089
2075
2096
2118
2106
2090
2090
2135
2108
2095
2082
2102
2109
2118
2101
2082
2109
2101
2083
2089
2095
2088
2088
2092
2074
2080
2074
2117
2106
2095
2096
2096
2099
2061
2063
2061
2070
2076
2072
2106
2109
2095
2064
2062
2089
2091
2082
2079
2094
2062
2121
2106
2074
2120
2124
2086
2072
2107
2086
2077
2081
2082
2069
2063
2064
2076
2089
2057
2057
2098
2102
2079
2088
2086
2083
2110
2102
2097
2100
2076
2088
2076
2094
2092
2106
2118
2117
2082
2079
2062
2058
2037
2022
2006
2011
1996
2008
2038
2057
2069
2080
2071
2090
2088
2114
2117
2174
2129
2143
2147
2156
2149
2171
2162
2134
2110
2084
2098
2084
2049
2075
2093
2076
2054
2081
2071
2071
2085
2109
2093
2121
2138
2131
2118
2108
2137
2148
2133
2137
2084
2083
2079
2024
2037
2058
2025
2059
2059
2052
2054
2043
2029
2050
2095
2069
2124
2135
2145
2171
2132
2161
2142
2163
2161
2166
2140
2170
2129
2089
2054
2090
2022
2000
2011
2003
2026
2045
2019
2034
2065
2029
2034
2070
2126
2112
2126
2159
2210
2159
2222
2169
2181
2181
2131
2095
2144
2089
2058
2069
2067
2029
2048
2073
2080
2081
2071
2054
2064
2077
2119
2086
2112
2123
2215
2149
2107
2078
2043
1982
1965
1968
1992
2009
1990
2074
2195
2256
2273
2277
2259
2216
2151
2086
2006
1977
1968
1993
2033
2110
2108
2100
2151
2196
2215
2207
2192
2151
2077
2029
2000
1971
1996
2062
2103
2196
2187
2174
2074
2070
1986
1967
1996
2011
2095
2106
2139
2160
2144
2152
2149
2130
2176
2171
2150
2072
2102
2028
2005
1943
1960
1948
2027
2065
2096
2078
2093
2081
2033
2037
1990
1967
1962
2002
2085
2124
2139
2134
2165
2145
2078
2089
2064
2044
2056
2057
2087
2126
2095
2152
2164
2224
2239
2182
2201
2171
2155
2190
2150
2091
2075
2066
2112
2123
2159
2065
2115
2071
2028
2003
2068
2105
2080
2119
2095
2107
2079
2033
2058
2077
2063
2065
2130
2082
2097
2095
2101
2076
2041
2021
1980
2021
2086
2234
2344
2336
2235
2074
1964
1989
2028
2155
2213
2255
2174
2068
2013
1967
1981
1992
2031
2104
2114
2157
2200
2169
2178
2124
2091
2082
2074
2087
2119
2110
2125
2106
2073
2069
2099
2088
2111
2091
2041
2080
2020
1960
1960
1984
2061
2165
2221
2258
2246
2140
2066
1985
1951
1932
2023
2135
2265
2313
2280
2199
2075
1957
1905
1925
1999
2112
2195
2207
2218
2180
2141
2092
2093
2101
2081
2101
2104
2143
2122
2072
2024
1968
1958
1973
2070
2172
2247
2288
2261
2183
2075
1986
1963
2006
2064
2141
2170
2186
2142
2077
2020
1955
1884
1956
2071
2199
2317
2309
2238
2092
1983
1912
1894
2006
2179
2261
2098
2113
2071
2040
2063
2100
2150
2161
2204
2181
2175
2098
2075
2091
2057
2030
2022
2024
2024
2052
2137
2176
2185
2145
2077
1998
2016
2024
2077
2137
2177
2129
2078
1980
1963
1971
2137
2134
2109
2130
2084
2037
2031
2085
2168
2167
2098
2104
2074
1999
1970
2026
2117
2141
2154
2127
2005
1959
1958
2027
2062
2146
2233
2115
2047
2011
1999
2037
2078
2170
2184
2120
2023
2020
2014
2068
2089
2151
2139
2105
1974
1963
2007
2074
2194
2222
2167
2078
2041
1991
2032
2021
2070
2146
2224
2147
2057
2005
2010
2011
2008
2081
2178
2109
2069
2135
2235
2195
2095
2034
2046
2055
2054
2086
2224
2325
2287
2171
2097
2058
2009
2053
2174
2203
2163
2027
1970
2015
2161
2183
2207
2223
2204
2091
2112
2055
2000
2064
2162
2156
2155
2179
2145
2111
2125
2077
2070
2110
2079
2034
2024
1926
1831
1966
2128
2166
2128
2140
2123
2092
2158
2217
2135
2050
2042
2025
2027
2023
2035
2072
2119
2177
2219
2196
2152
2081
2061
2046
2050
2135
2187
2139
2047
1912
1911
1982
2038
2102
2110
2025
1940
1929
1991
2058
2081
2155
2084
2028
2086
2106
2025
2079
2130
2099
2098
2058
2065
2045
2037
2068
2106
2101
2037
1939
1953
1968
2022
2200
2294
2235
2214
2147
2010
2014
2100
2146
2080
2066
2051
2055
2085
2154
2107
2065
2059
2072
1995
2003
1999
1960
1986
2069
2099
2179
2277
2285
2226
2199
2217
2144
2102
2031
1951
1920
2017
2048
2092
1936
1876
1962
2189
2295
2242
2066
1998
2080
2236
2219
1979
1838
1913
2100
2178
2086
2001
2074
2284
2403
2297
2012
1778
1851
2102
2278
2287
2196
2125
2114
2045
1907
1903
2022
2150
2280
2230
2035
1851
1786
1917
2097
2207
2248
2228
2091
1925
1860
2001
2236
2420
2442
2163
1815
1736
1978
2320
2373
2324
2274
2257
2106
1908
1874
1999
2144
2160
2096
1988
1941
1914
1933
2030
2126
2224
2212
2095
1928
1964
2190
2325
2226
2056
1990
2068
2064
2060
2147
2271
2300
2128
1892
1821
1968
2130
2236
2258
2269
2230
2131
2001
1882
1912
2008
2089
2077
2032
2115
2138
2092
2115
2085
2138
2101
2087
2042
2070
2147
2244
2156
2098
2130
2145
2113
2081
2142
2075
2218
2272
2224
2074
1919
1865
2034
2278
2366
2284
2036
1801
1747
1924
2178
2359
2360
2215
1940
1787
1807
1997
2280
2429
2317
2118
1916
1819
1871
1976
2065
2078
2008
1973
1979
2062
2191
2296
2260
2135
1962
1870
1865
1960
2093
2275
2378
2346
2239
2145
2045
1982
2003
2075
2120
2127
2113
2093
2057
2051
2077
2090
2112
2111
2101
2116
2103
2097
2139
2204
2260
2220
2066
1972
2008
2120
2256
2296
2217
2064
1909
1915
2095
2289
2358
2217
2068
2050
2099
2145
2113
2071
2020
2074
2181
2141
2102
2149
2232
2204
2013
1883
1955
2201
2357
2315
2142
2016
2050
2085
2023
1954
2032
2153
2153
2016
1850
1824
1973
2099
2084
1963
1973
2106
2209
2258
2211
2119
2265
2351
2309
2137
1934
1921
1978
2050
2002
1948
1984
2132
2290
2322
2153
1911
1794
1912
2181
2444
2496
2284
1944
1688
1623
1843
2098
2320
2379
2296
2202
2144
2132
2085
2035
2005
2069
2132
2145
2135
2083
2009
2006
1992
1960
1982
2063
2151
2281
2260
2111
1893
1791
1816
2082
2353
2398
2237
1954
1771
1737
1965
2253
2399
2401
2288
2158
1980
1909
1882
1923
1960
2090
2161
2208
2215
2234
2276
2336
2321
2158
1829
1521
1453
1652
2069
2430
2615
2525
2324
2140
1999
2011
2018
1938
1928
1917
1974
2086
2224
2398
2427
2326
2219
2098
1983
1813
1672
1702
1887
2160
2449
2579
2400
2101
1863
1723
1807
2039
2230
2251
2099
1890
1798
1899
2117
2347
2402
2395
2267
1929
1619
1677
1952
2189
2256
2221
2099
1915
1930
2164
2269
2165
2154
2075
1801
1703
2038
2359
2395
2218
2141
1981
1617
1515
1948
2420
2465
2417
2356
2202
2018
1899
1919
2001
2072
2041
2045
2191
2366
2423
2378
2199
1945
1595
1616
1961
2215
2216
2215
2110
1811
1656
1905
2115
2212
2218
2145
2075
2127
2277
2430
2380
2143
1854
1797
1857
1917
1942
1956
2164
2372
2223
1872
1847
2117
2233
2211
2315
2504
2433
2020
1580
1648
2074
2164
1812
1570
1883
2488
2866
2646
2030
1555
1583
1728
1925
2273
2625
2842
2738
2387
1944
1731
1777
1958
2091
2225
2315
2408
2386
2185
1810
1543
1518
1630
2007
2469
2683
2544
2331
2011
1674
1507
1728
2483
1409
605
461
947
1826
2691
3100
2910
2576
2438
2405
2205
1820
1533
1603
1920
2235
2337
2148
1772
1349
1289
1870
2897
3663
3613
2837
1965
1452
1385
1816
2508
3023
2870
2229
1679
1528
1647
1899
2133
2122
1951
1925
2250
2707
2839
2388
1549
856
761
1229
1883
2563
3130
3374
2902
1971
1325
1332
1534
1461
1305
1540
2035
2384
2584
2900
3190
2917
2025
1285
1266
1693
2013
2250
2553
2638
2183
1551
1377
1781
2340
2627
2587
2262
1784
1416
1421
1833
2442
2920
2968
2571
1877
1233
960
1141
1665
2323
2866
3166
3185
2965
2619
2244
1858
1417
1144
1199
1452
1792
2316
2958
3295
3112
2625
2107
1688
1389
1355
1657
2111
2408
2498
2396
2222
2182
4065
3977
3368
2256
967
21
0
78
865
1970
3111
3981
4095
4095
3467
2625
1811
1226
875
759
878
1202
1682
2046
2091
1892
1732
1790
2081
2611
3404
4095
4095
4095
3658
1993
34
1
1
0
419
2638
4095
4095
4095
4095
2824
982
1
0
0
411
1646
2892
3840
4095
4064
3234
2098
1044
401
257
527
1114
1902
2620
2998
2952
2746
2648
2747
3015
3198
3085
2486
1451
327
1
1
1
150
1592
3156
4095
4095
4095
4095
3735
3091
2200
1387
879
664
614
732
955
1250
1453
1540
1552
1626
1773
1969
2221
2592
3073
3536
3878
4017
3875
3470
2855
2270
1847
1638
1521
1237
839
599
714
1187
1777
2147
2138
1770
1278
874
578
7
1
0
0
646
2539
4095
4095
4095
4095
4095
4095
4095
4095
2211
0
2
1
0
0
0
0
0
1059
3944
4095
4095
4095
4095
4095
4095
4095
3602
1805
162
1
1
2
0
0
15
1062
2147
2856
3135
3020
2618
2168
1760
1538
1466
1502
1566
1681
1880
2213
2723
3476
4095
4095
4095
4095
4095
4095
3509
1998
458
0
0
0
0
0
0
53
1328
2766
3893
4095
4095
4095
3333
2436
1717
1445
1662
2197
2840
3326
3524
3291
2698
1880
1046
378
1
8
323
891
1483
1992
2306
2379
2281
2049
1784
1593
1587
1833
2318
2965
3684
4095
4095
4095
4095
4095
3399
2549
1656
854
249
1
1
1
3
1
0
1
4095
4095
4095
4095
4095
4095
4095
4095
4095
4095
4095
4095
4095
4095
4095
4095
4095
4095
4095
4095
4095
4095
4095
4095
4095
4095
4095
3158
2142
1123
174
0
1
1
0
1
0
0
1
1
0
0
1
1
0
1
1
0
0
160
942
1741
2500
3207
3821
4095
4095
4095
4095
4095
4095
4095
4095
4095
4095
4095
4095
4095
4095
4095
4095
4095
3556
2961
2309
1641
965
287
0
0
1
1
0
0
1
1
1
0
1
0
1
0
0
0
1
1
1
1
0
0
0
1
1
0
0
712
1679
2631
3500
4095
4095
4095
4095
4095
4095
4095
4095
4095
4095
4095
4095
4095
4095
4095
4095
4095
4095
4095
