2090
2081
2105
2086
2094
2096
2120
2094
2078
2079
2088
2092
2087
2085
2081
2089
2089
2089
2074
2086
2082
2089
2077
2096
2066
2070
2084
2088
2090
2092
2110
2088
2092
2096
2081
2065
2110
2081
2088
2090
2082
2097
2104
2093
2101
2096
2093
2084
2095
2081
2082
2090
2078
2102
2075
2086
2092
2086
2087
2082
2083
2086
2082
2078
2058
2081
2099
2094
2112
2091
2106
2096
2109
2097
2106
2093
2095
2088
2097
2085
2084
2106
2119
2111
2108
2107
2080
2089
2094
2083
2084
2095
2075
2075
2083
2087
2067
2074
2076
2095
2098
2069
2094
2104
2091
2096
2097
2102
2107
2104
2099
2098
2093
2105
2078
2096
2091
2090
2093
2086
2089
2093
2105
2122
2089
2103
2098
2089
2091
2079
2090
2090
2078
2107
2091
2083
2094
2081
2097
2106
2088
2096
2098
2090
2086
2076
2082
2091
2108
2095
2085
2116
2089
2084
2095
2101
2071
2096
2093
2115
2116
2109
2103
2107
2106
2083
2108
2093
2119
2092
2090
2100
2095
2099
2084
2073
2083
2086
2100
2080
2068
2065
2073
2080
2089
2093
2105
2080
2084
2096
2083
2073
2078
2084
2096
2099
2106
2096
2095
2099
2074
2111
2089
2088
2104
2107
2103
2110
2104
2082
2098
2089
2107
2077
2105
2120
2122
2096
2082
2090
2097
2094
2091
2072
2087
2085
2094
2081
2075
2101
2090
2093
2105
2105
2098
2094
2107
2096
2087
2096
2096
2113
2090
2097
2102
2083
2105
2097
2085
2103
2095
2089
2107
2107
2095
2094
2052
2060
2054
2065
2068
2062
2051
2031
2032
2042
2055
2070
2052
2063
2061
2058
2053
2063
2070
2063
2082
2040
2067
2085
2093
2092
2089
2094
2091
2112
2113
2088
2093
2094
2096
2108
2122
2100
2125
2124
2118
2137
2106
2086
2117
2138
2149
2108
2127
2126
2116
2116
2126
2145
2139
2141
2131
2121
2117
2103
2114
2119
2140
2154
2149
2130
2137
2150
2118
2115
2104
2102
2116
2091
2074
2078
2085
2077
2065
2079
2089
2079
2060
2050
2050
2067
2057
2050
2030
2033
2035
2038
2038
2048
2045
2019
2034
2050
2029
2038
2040
2031
2028
2044
2016
1998
2039
2023
2037
2043
2042
2056
2054
2070
2065
2072
2072
2073
2069
2072
2093
2063
2052
2077
2075
2078
2092
2101
2004
1996
2033
2051
2073
2085
2117
2146
2140
2140
2183
2159
2173
2168
2184
2204
2199
2161
2198
2178
2174
2177
2171
2165
2179
2159
2131
2107
2081
2086
2068
2067
2074
2056
2073
2070
2081
2069
2092
2092
2099
2089
2073
2060
2023
2022
1992
1959
1952
1945
1917
1896
1913
1912
1904
1922
1960
1968
2027
2058
2099
2168
2232
2275
2334
2347
2348
2328
2293
2248
2210
2146
2072
2007
1960
1904
1872
1838
1830
1841
1896
1909
1971
2036
2121
2174
2255
2294
2313
2327
2292
2275
2229
2178
2143
2056
2028
1991
1966
1940
1931
1953
1960
1968
2000
2029
2084
2103
2152
2206
2224
2232
2242
2225
2194
2190
2186
2153
2127
2070
2060
2021
1987
1990
1962
1978
1981
1994
2107
2075
2074
2091
2100
2100
2081
2075
2118
2163
2164
2183
2204
2237
2128
2022
1937
1908
1932
1954
1962
2040
2159
2183
2153
2084
2064
2038
2005
1909
1874
1853
1877
1949
2001
2048
2118
2130
2076
2037
2018
2045
2030
2016
2000
2090
2163
2201
2233
2261
2312
2317
2273
2192
2142
2145
2118
2106
2114
2100
2089
2081
2088
2087
2083
2095
2111
2087
2065
2035
1980
1968
1996
2014
2018
2055
2144
2210
2280
2291
2288
2267
2271
2215
2164
2115
2018
1942
1921
1900
1915
1955
2064
2165
2264
2286
2289
2231
2117
1974
1881
1839
1784
1723
1760
1810
1904
1965
2042
2161
2325
2432
2435
2390
2314
2292
2245
2193
2105
2032
1997
1994
2002
1954
1925
1941
2032
2080
2062
1970
1947
1969
2027
2122
2200
2240
2243
2190
2099
2028
2024
2039
2094
2153
2147
2142
2081
2015
1969
1944
1971
2015
2081
2151
2193
2180
2128
2077
2049
2036
2040
2044
2076
2042
2023
2027
2025
2018
2019
2092
2141
2171
2186
2163
2139
2084
2073
2104
2123
2127
2136
2134
2092
2064
2021
2011
2040
2107
2229
2291
2271
2246
2142
2030
1885
1784
1777
1856
2025
2156
2271
2304
2311
2240
2142
2067
2001
1990
2032
2071
2135
2142
2120
2051
1992
1984
1995
2060
2151
2224
2279
2300
2243
2146
2055
1980
1909
1928
1960
2048
2139
2188
2239
2233
2222
2214
2214
2192
2148
2104
2041
1949
1875
1876
1886
1973
2072
2182
2245
2262
2227
2131
2052
2010
2022
2085
2260
2193
2076
1980
1964
1954
1894
1840
1884
2001
2082
2100
2091
2090
2171
2263
2287
2175
1950
1812
1862
1942
2000
2090
2301
2441
2477
2432
2344
2120
1916
1888
2053
2165
2197
2219
2301
2443
2497
2356
2162
1968
1880
1810
1797
1809
1843
1983
2194
2327
2305
2260
2288
2283
2281
2234
2115
2004
2030
2152
2208
2256
2247
2158
1995
1929
1999
2054
2051
2142
2200
2169
2106
2017
1931
1961
2010
1958
1878
1977
2155
2245
2285
2380
2390
2257
2017
1894
1877
1890
1893
1928
2031
2209
2313
2283
2144
2083
2096
2025
1912
1873
1908
1988
2025
2064
2125
2212
2284
2221
2112
2139
2197
2187
2095
2064
2162
2237
2152
2057
2021
2043
1998
1951
1953
1995
2078
2090
1703
1585
1667
1848
2076
2250
2301
2233
2140
2036
1971
1996
2042
2101
2151
2196
2164
2116
1988
1873
1828
1867
1939
2016
2068
2098
2089
2107
2147
2191
2154
2115
2085
2145
2205
2283
2281
2227
2173
2150
2118
2096
2064
2038
2031
1965
1852
1801
1853
1983
2133
2162
2120
1998
1968
2010
2021
2039
2050
2117
2154
2106
2014
2020
2155
2231
2192
2095
2114
2140
2069
1966
1949
2097
2264
2274
2210
2142
2175
2081
1907
1864
1960
2141
2204
2204
2290
2379
2353
2143
2007
2059
2122
2087
2003
2007
2077
2108
2122
2144
2205
2189
2109
2046
2033
2022
1981
2030
2173
2278
2244
2099
1960
1918
1931
1948
1972
2031
2138
2253
2267
2235
2212
2184
2111
1971
1896
1978
1964
2184
2338
2335
2267
2120
1917
1781
1810
1961
2246
2491
2570
2480
2240
1958
1701
1562
1563
1623
1861
2168
2465
2579
2525
2356
2180
2007
1860
1774
1805
1964
2167
2245
2188
2043
1936
1976
2107
2247
2332
2368
2355
2265
2105
1947
1822
1818
1863
2017
2184
2305
2303
2203
2024
1895
1856
1961
2136
2288
2288
2226
2126
2057
2023
2012
1975
1941
1938
2052
2207
2344
2375
2286
2145
2057
2053
2086
2142
2181
2228
2249
2270
2210
2127
2030
1932
1904
1982
2054
2065
2028
1977
1968
2075
2226
2317
2319
2229
2054
1920
1871
1888
1960
1983
1985
1936
1890
1901
1993
2115
2203
2227
2211
2169
2128
2084
1984
1950
1960
1998
2078
2128
2126
2080
2011
2040
2109
1996
1812
1751
1839
2019
2025
1962
1922
1930
1964
2083
2177
2146
2010
2053
2314
2527
2612
2636
2514
2157
1813
1689
1817
1995
2126
2098
1879
1793
1890
2173
2386
2404
2101
1538
1150
1357
2010
2547
2721
2700
2615
2422
2190
1938
1704
1443
1256
1331
1724
2296
2730
2831
2575
2318
2335
2432
2332
2087
1862
1728
1816
2194
2688
2805
2478
2004
1720
1625
1697
1864
2020
2165
2333
2535
2667
2723
2579
2185
1598
1254
1378
1706
2074
2429
2639
2629
2556
2364
2018
1687
1579
1632
1702
1947
2368
2721
2623
2221
2024
1922
1729
1738
1963
2066
2039
2244
2618
2627
2298
2034
2059
1995
1852
1861
1891
1742
1634
1865
2388
2941
3127
2791
2096
1504
1210
1319
1618
1818
1556
1559
1835
2243
2650
2841
2735
2381
1907
1535
1371
1482
1797
2142
2377
2431
2289
2012
1848
1800
1955
2184
2369
2391
2290
2079
1852
1716
1741
1935
2263
2584
2732
2634
2344
1995
1759
1713
1806
2043
2310
2453
2398
2148
1860
1705
1741
1954
2266
2560
2702
2557
2202
1765
1432
1326
1488
1812
2225
2559
2687
2523
2167
1796
1598
1647
1876
2217
2544
2779
2797
2627
2311
1935
1613
1471
1552
1803
2134
2478
2663
2684
2487
2256
2066
2005
2024
2102
2132
2095
1916
1743
1618
1687
1926
2232
2467
2551
2481
2224
1921
1712
1770
2081
2455
2671
2578
2198
1690
1293
1218
1496
2011
2586
2955
2930
2516
1872
1322
1144
1458
2073
2732
3109
3100
2701
2067
2387
2146
1843
1782
2104
2406
2232
1862
1896
2268
2452
2328
2380
2923
3396
3196
2393
1637
1220
921
720
809
1379
2154
2606
2538
2346
2308
2200
1839
1520
1607
1905
1909
1545
1383
1674
1994
2124
2123
2280
2563
2670
2545
2287
2013
1842
1795
1816
1966
2337
2724
2843
2644
2288
1846
1321
893
832
1140
1658
2182
2712
3193
3333
2987
2350
1768
1336
1085
1128
1480
2007
2414
2585
2476
2195
1797
1465
1366
1558
1750
1832
1863
2060
2353
2499
2401
2182
2019
2000
1993
1904
1748
1635
1752
1983
2075
1959
1948
2247
2601
2736
2830
3065
3269
3038
2510
2018
1746
1624
1509
1444
1566
1901
2274
2454
2512
2621
2770
2726
2311
1629
1206
1117
1234
1397
1705
967
975
1261
1814
2500
3171
3590
3622
3348
2818
2197
1601
1077
705
518
505
703
1157
1819
2610
3328
3881
4095
3929
3420
2664
1834
1027
404
18
0
174
755
1634
2653
3726
4095
4095
4095
4095
3909
2722
1404
199
2
1
0
0
61
1065
2278
3404
4095
4095
4095
4095
4095
3939
2993
1913
898
34
1
2
1
0
84
813
1701
2601
3488
4095
4095
4095
4095
4095
4095
3868
2536
1003
1
1
0
1
0
0
325
1834
3338
4095
4095
4095
4095
4095
4095
4095
3391
2137
850
1
2
1
0
2
2
1
188
1036
1956
2807
3507
3963
4095
4044
3690
3183
2610
2130
1828
1775
1970
2402
2946
3517
3934
4095
3996
3546
1088
861
717
631
602
663
777
965
1176
1464
1763
2063
2427
2720
2990
3228
3410
3502
3521
3438
3311
3090
2825
2498
2200
1910
1647
1433
1257
1105
1029
916
865
866
875
942
1028
1158
1344
1558
1797
2067
2339
2610
2836
3036
3155
3263
3279
3245
3154
2999
2813
2587
2354
2134
1905
1699
1522
1382
1323
1286
1319
1399
1560
1738
1939
2166
2402
2600
2767
2880
2976
3032
3050
3036
2970
2937
2867
2778
2650
2516
2382
2231
2101
1989
1837
1714
1640
1570
1517
1508
1527
1522
1541
1553
1564
1569
1589
1579
1586
1620
1661
1736
1818
1852
1914
1974
2034
2077
2093
2136
2121
2104
2094
2038
1995
1927
1873
1814
1762
1709
1668
1671
1695
1760
1836
1932
1082
1329
1583
1830
2071
2304
2525
2795
3016
3211
3443
3620
3800
3962
4085
4095
4095
4095
4095
4095
4095
4095
4095
4095
4095
4095
4095
4095
4095
4095
4095
4095
3946
3785
3600
3390
3185
2977
2768
2541
2325
2095
1899
1675
1488
1269
1054
888
708
558
380
238
128
25
0
2
0
1
1
0
0
1
3
0
0
0
0
42
165
290
419
573
722
889
1023
1177
1334
1497
1650
1812
1960
2090
2252
2401
2529
2673
2782
2888
3022
3139
3242
3336
3444
3518
3600
3680
3734
3764
3822
3857
3891
3922
3928
3898
3907
3888
3871
3851
3786
3718
3695
3622
3566
3494
3421
3300
3213
3126
3034
2912
2809
2707
2584
2453
2356
2240
2125
2008
