2103
2093
2096
2092
2090
2092
2094
2099
2097
2093
2094
2098
2095
2093
2092
2093
2093
2091
2088
2083
2086
2090
2091
2088
2087
2099
2093
2094
2097
2092
2095
2093
2090
2094
2100
2101
2094
2088
2088
2090
2091
2096
2096
2099
2089
2097
2095
2096
2098
2088
2088
2092
2089
2089
2096
2092
2101
2088
2092
2097
2096
2092
2093
2095
2095
2104
2096
2090
2099
2096
2096
2097
2090
2092
2088
2084
2089
2090
2089
2093
2096
2095
2092
2098
2094
2091
2092
2089
2088
2093
2093
2101
2096
2096
2090
2093
2092
2092
2091
2087
2088
2091
2090
2093
2095
2091
2094
2091
2091
2092
2094
2091
2091
2089
2100
2094
2095
2092
2090
2090
2093
2087
2092
2090
2088
2094
2093
2096
2094
2093
2093
2095
2100
2096
2096
2093
2090
2095
2092
2096
2092
2094
2102
2096
2098
2093
2092
2097
2091
2093
2091
2088
2098
2096
2096
2097
2094
2104
2096
2096
2098
2096
2096
2101
2093
2096
2092
2094
2094
2097
2090
2090
2090
2094
2096
2099
2104
2096
2096
2084
2094
2100
2093
2091
2094
2094
2092
2093
2097
2090
2095
2097
2096
2096
2092
2098
2096
2090
2087
2091
2093
2093
2084
2083
2096
2094
2094
2096
2098
2098
2091
2102
2104
2096
2094
2093
2094
2096
2093
2098
2089
2094
2089
2094
2095
2091
2093
2096
2086
2088
2088
2095
2092
2097
2094
2096
2097
2095
2096
2097
2098
2096
2101
2103
2096
2093
2098
2101
2096
2094
2094
2088
2093
2093
2091
2090
2094
2102
2099
2092
2096
2092
2093
2097
2093
2097
2100
2100
2097
2094
2092
2092
2097
2099
2092
2093
2089
2087
2092
2091
2095
2094
2095
2092
2093
2092
2088
2096
2093
2096
2103
2101
2093
2091
2101
2102
2099
2099
2100
2104
2100
2096
2096
2084
2092
2094
2096
2096
2094
2097
2093
2099
2100
2101
2105
2103
2096
2092
2094
2096
2095
2104
2102
2099
2098
2102
2107
2098
2092
2101
2102
2094
2091
2092
2090
2083
2078
2086
2088
2090
2083
2078
2082
2085
2081
2069
2075
2074
2072
2066
2070
2077
2075
2070
2067
2069
2070
2066
2072
2060
2063
2063
2063
2057
2060
2046
2052
2053
2057
2058
2054
2060
2057
2055
2057
2059
2058
2054
2062
2054
2061
2056
2056
2057
2263
2264
2260
2245
2244
2235
2228
2223
2223
2228
2228
2212
2218
2218
2218
2210
2197
2201
2183
2177
2160
2147
2137
2114
2100
2078
2064
2044
2017
1991
1974
1949
1935
1920
1904
1884
1883
1877
1875
1868
1873
1874
1884
1899
1918
1938
1961
1983
2007
2040
2072
2096
2134
2158
2184
2200
2232
2253
2270
2283
2295
2305
2313
2318
2310
2307
2295
2283
2265
2245
2223
2201
2169
2148
2115
2080
2051
2018
1987
1962
1932
1906
1884
1863
1850
1845
1847
1845
1848
1856
1879
1889
1910
1931
1960
1989
2028
2056
2088
2118
2150
2166
2186
2214
2222
2244
2252
2256
2260
2257
2249
2233
2225
2214
2198
2177
2153
2131
2109
2076
2057
2037
2011
1992
1977
1965
1950
1936
1952
1902
1860
1836
1823
1836
1870
1921
1987
2062
2142
2215
2271
2318
2335
2339
2323
2293
2250
2210
2180
2164
2157
2153
2177
2207
2238
2260
2280
2284
2288
2276
2252
2222
2172
2120
2064
2004
1951
1894
1854
1818
1793
1796
1804
1824
1868
1926
1992
2062
2134
2202
2261
2297
2305
2297
2264
2203
2134
2063
2009
1958
1934
1928
1972
2030
2113
2220
2301
2386
2435
2452
2431
2382
2295
2204
2097
2010
1933
1877
1858
1852
1855
1867
1874
1890
1900
1896
1890
1880
1859
1862
1856
1864
1877
1890
1913
1939
1959
1986
2015
2034
2056
2078
2100
2126
2152
2176
2197
2221
2234
2240
2224
2213
2180
2145
2114
2099
2101
2104
2133
2184
2236
2272
2296
2305
2293
2269
2395
2412
2413
2416
2400
2368
2331
2277
2208
2140
2056
1977
1900
1828
1773
1728
1714
1716
1740
1782
1842
1911
1991
2072
2156
2234
2304
2361
2416
2447
2466
2472
2460
2429
2392
2348
2308
2248
2200
2144
2086
2032
1972
1913
1864
1819
1771
1738
1721
1712
1718
1752
1788
1842
1910
1988
2074
2148
2227
2283
2343
2386
2423
2430
2431
2414
2383
2347
2293
2235
2175
2104
2056
1999
1950
1913
1896
1881
1893
1905
1933
1960
1991
2030
2052
2084
2110
2131
2147
2155
2164
2172
2182
2191
2196
2195
2197
2194
2192
2180
2184
2173
2163
2164
2165
2159
2168
2170
2172
2160
2163
2161
2152
2142
2130
2106
2094
2078
2069
2065
2054
2044
2040
2034
2028
2026
2019
2016
2028
1851
1724
1644
1619
1636
1677
1734
1809
1909
2011
2104
2172
2216
2212
2178
2144
2121
2113
2142
2198
2274
2350
2396
2401
2367
2294
2223
2139
2082
2056
2030
1984
1910
1824
1745
1690
1711
1789
1928
2099
2272
2376
2422
2381
2299
2203
2129
2118
2141
2222
2297
2348
2348
2319
2228
2149
2080
2010
1957
1906
1894
1908
1932
1984
2054
2131
2208
2279
2302
2274
2191
2057
1902
1759
1669
1617
1626
1665
1709
1740
1768
1784
1817
1890
2006
2168
2324
2444
2498
2476
2400
2289
2201
2163
2179
2250
2319
2368
2374
2330
2231
2133
2020
1943
1885
1838
1782
1732
1708
1747
1873
2077
2336
2587
2788
2880
2848
2731
2574
2393
2238
2107
1991
1891
1791
1702
1640
2036
1925
1824
1736
1704
1708
1762
1850
1981
2128
2281
2425
2552
2637
2674
2668
2613
2517
2398
2269
2135
2030
1939
1897
1880
1894
1934
1992
2055
2127
2194
2261
2306
2323
2320
2275
2192
2083
1961
1842
1741
1674
1660
1690
1772
1894
2040
2194
2334
2455
2538
2592
2599
2573
2496
2390
2259
2100
1954
1811
1693
1607
1567
1565
1618
1719
1865
2017
2183
2329
2462
2540
2587
2568
2500
2382
2230
2070
1895
1749
1637
1563
1546
1585
1676
1807
1981
2165
2357
2522
2664
2760
2799
2782
2714
2601
2449
2276
2102
1942
1802
1704
1653
1639
1679
1744
1837
1952
2073
2176
2251
2282
2268
2214
2123
1999
1875
1760
1665
1608
1599
1644
1740
1887
2068
2256
2437
2600
1991
2036
2165
2316
2402
2354
2178
1974
1827
1747
1681
1604
1513
1517
1653
1914
2184
2403
2538
2661
2788
2916
2946
2862
2710
2547
2409
2325
2276
2260
2250
2213
2110
1927
1708
1521
1421
1388
1375
1347
1365
1459
1640
1868
2064
2173
2252
2366
2494
2608
2667
2644
2604
2586
2592
2579
2464
2271
2025
1797
1620
1542
1555
1666
1844
2024
2160
2274
2416
2595
2775
2851
2789
2617
2438
2311
2224
2073
1820
1545
1386
1368
1461
1616
1742
1862
2040
2333
2600
2748
2754
2672
2608
2581
2547
2423
2177
1860
1548
1312
1169
1093
1063
1048
1080
1157
1308
1608
2005
2440
2790
2994
3044
3021
2963
2889
2765
2556
2319
2093
1908
1780
1640
1506
1390
1324
1311
1362
1726
1454
1194
998
907
924
1058
1292
1596
1943
2267
2518
2670
2716
2656
2500
2290
2062
1825
1634
1494
1450
1495
1644
1870
2142
2447
2719
2932
3054
3073
3012
2880
2707
2514
2308
2110
1919
1747
1610
1520
1468
1466
1518
1597
1706
1841
1993
2137
2275
2372
2432
2455
2431
2377
2326
2276
2223
2192
2172
2179
2206
2236
2264
2272
2259
2214
2122
1992
1843
1689
1567
1496
1503
1595
1735
1906
2070
2182
2251
2271
2251
2216
2190
2165
2157
2158
2171
2203
2260
2346
2433
2499
2516
2461
2341
2162
1974
1811
1695
1623
1618
1658
1746
1875
2038
2233
2434
2608
2724
2762
2721
2610
2450
2271
2099
1959
1858
1802
1784
1791
1834
1885
1936
1982
2005
1979
1930
1693
1998
2319
2620
2889
3106
3250
3322
3295
3168
2959
2686
2386
2090
1841
1642
1522
1470
1484
1539
1619
1720
1822
1928
2030
2121
2202
2269
2320
2354
2372
2362
2335
2278
2184
2047
1860
1645
1430
1245
1126
1091
1162
1338
1594
1908
2249
2585
2891
3148
3348
3494
3584
3613
3570
3464
3293
3054
2760
2448
2132
1832
1572
1350
1161
1018
929
871
851
868
932
1040
1197
1399
1640
1900
2178
2444
2701
2919
3085
3199
3234
3190
3067
2879
2655
2415
2185
1978
1818
1731
1713
1752
1837
1958
2097
2229
2336
2404
2424
2396
2320
2198
2042
1865
1679
1498
1331
1190
1088
1024
1001
1029
1098
1228
1406
1633
1912
2221
2561
2878
3177
3417
3581
3659
3636
3524
1880
2112
2351
2594
2858
3124
3405
3681
3928
4095
4095
4095
3853
3433
2861
2215
1555
932
401
2
1
1
1
205
614
1069
1510
1900
2217
2481
2706
2909
3102
3282
3446
3570
3618
3565
3417
3183
2908
2586
2258
1937
1649
1417
1242
1155
1139
1193
1307
1455
1622
1762
1887
2002
2111
2222
2329
2440
2516
2542
2501
2366
2176
1970
1799
1699
1692
1786
1948
2125
2258
2307
2259
2126
1984
1882
1911
2042
2283
2554
2796
2944
2966
2832
2583
2264
1920
1593
1306
1062
900
805
795
882
1026
1257
1573
1951
2368
2779
3150
3426
3558
3544
3380
3082
2730
2376
2070
1837
1648
1490
1312
1128
918
728
589
536
612
841
1175
1579
1973
2329
2621
2858
3035
3029
2942
2784
2559
2294
2039
1766
1585
1427
1358
1351
1405
1488
1583
1706
1806
1904
1992
2057
2115
2144
2143
2099
2023
1914
1768
1621
1465
1347
1281
1296
1380
1557
1800
2083
2356
2616
2844
3003
3102
3107
3024
2892
2695
2437
2151
1849
1560
1302
1100
972
931
979
1124
1339
1624
1948
2300
2658
2965
3226
3384
3454
3408
3254
3007
2660
2264
1832
1414
1040
749
552
476
517
674
932
1272
1674
2090
2511
2907
3239
3496
3666
3734
3704
3580
3368
3101
2789
2427
2078
1744
1451
1211
1034
942
950
1060
1263
1514
1810
2114
2409
2637
2800
2877
2902
2866
2809
2714
2604
2473
2334
2171
1987
1797
1615
1447
1334
1305
1355
1485
1670
1876
2086
2327
2530
2669
2766
2781
2780
2740
2658
2531
2409
2242
2087
1971
1908
1887
1912
1990
2080
2158
2203
2236
2224
2251
2293
2372
2450
2499
2488
2416
2299
2168
2053
2003
2011
2096
2208
2314
2401
2462
2485
2520
2564
2636
2746
2886
3009
3057
3031
2909
2679
2359
2003
1658
1299
923
620
361
176
97
146
329
671
1175
1797
2542
3308
4052
4095
4095
4095
4095
4095
4095
4095
4095
4095
3632
2868
2041
1191
365
2
1
2
4
3
2
4
3
2
649
1544
2427
3266
3998
4095
4095
4095
4095
4095
4095
4095
4095
3571
2734
1930
1228
662
271
39
2
4
2
24
116
252
427
644
880
1137
1402
1661
1897
2130
2340
2527
2663
2695
2
2
3
1
2
2
1
833
2088
3323
4095
4095
4095
4095
4095
4095
4095
4095
4095
3220
2333
1574
991
528
265
93
14
6
51
126
200
317
434
605
829
1085
1416
1783
2178
2625
3069
3542
3953
4095
4095
4095
4095
4009
3366
2572
1681
843
156
3
3
2
79
642
1382
2160
2882
3486
3952
4095
4095
4095
4095
3896
3535
3164
2784
2445
2121
1832
1555
1231
840
477
86
2
3
3
1
1
3
0
303
1001
1810
2685
3545
4095
4095
4095
4095
4095
4095
4095
4095
3864
3206
2635
2150
1768
1534
1440
1472
1593
1735
1904
2036
2140
2181
2168
2124
2032
1891
1779
1680
1600
1637
1691
1815
1919
1963
1918
1797
1576
