2113
2080
2059
2112
2103
2080
2101
2087
2081
2082
2083
2074
2072
2077
2071
2073
2095
2080
2087
2104
2097
2107
2097
2100
2117
2092
2096
2092
2118
2073
2095
2099
2122
2104
2101
2088
2096
2106
2108
2094
2078
2096
2107
2079
2075
2093
2127
2108
2094
2077
2092
2097
2097
2062
2104
2106
2089
2071
2110
2100
2074
2052
2087
2074
2091
2099
2086
2073
2104
2093
2075
2092
2091
2097
2089
2088
2088
2091
2098
2100
2088
2110
2101
2086
2110
2097
2083
2086
2104
2120
2085
2095
2087
2088
2088
2096
2107
2094
2098
2082
2101
2101
2099
2095
2082
2102
2098
2099
2104
2117
2115
2100
2103
2109
2109
2089
2092
2103
2088
2088
2093
2105
2093
2104
2102
2099
2092
2098
2082
2078
2109
2109
2128
2094
2093
2086
2098
2077
2099
2096
2106
2108
2109
2108
2088
2121
2109
2110
2104
2088
2105
2112
2129
2131
2124
2128
2126
2098
2106
2114
2136
2146
2146
2103
2117
2108
2101
2112
2112
2126
2110
2110
2103
2115
2120
2120
2123
2124
2115
2105
2112
2109
2098
2093
2095
2072
2094
2103
2092
2128
2119
2098
2100
2094
2106
2079
2098
2079
2095
2088
2100
2084
2072
2061
2081
2093
2067
2052
2074
2080
2064
2046
2060
2052
2061
2051
2060
2042
2053
2041
2034
2025
2043
2038
2042
2061
2064
2055
2077
2077
2069
2046
2062
2073
2044
2080
2058
2059
2078
2065
2055
2042
2073
2074
2063
2051
2057
2081
2102
2069
2063
2070
2056
2063
2077
2085
2062
2096
2071
2055
2058
2024
2048
2045
2024
2033
2019
2008
2002
2027
1982
1997
2012
2000
1987
2002
1994
1995
2000
2013
2019
2003
2018
2027
2014
2031
2035
2029
2043
2070
2053
2093
2095
2120
2128
2143
2120
2137
2146
2146
2152
2152
2173
2165
2195
2186
2194
2161
2183
2184
2189
2165
2181
2227
2189
2191
2211
2186
2198
2205
2176
2190
2208
2196
2190
2169
2182
2190
2175
2155
2165
2128
2109
2090
2080
2092
2077
2086
2070
2043
2049
2048
2058
2047
1989
2007
1978
1968
1965
1954
1961
1957
1936
1921
1964
1940
1920
1935
1930
1941
1925
1955
1976
1953
1967
1970
1962
1978
1973
1990
1971
1976
2008
2022
2036
2039
2051
2071
2080
2117
2163
2164
2152
2182
2160
2151
2165
2167
2203
2296
2328
2355
2370
2414
2366
2310
2254
2203
2143
2081
2032
1956
1920
1869
1849
1806
1768
1743
1755
1767
1785
1807
1829
1908
1990
2020
2076
2167
2202
2323
2368
2436
2479
2476
2462
2407
2335
2264
2203
2150
2070
2026
1972
1931
1879
1818
1844
1823
1859
1893
1891
1927
1966
1985
2042
2060
2104
2156
2225
2256
2268
2265
2255
2220
2196
2151
2112
2070
2036
2018
1996
2006
1993
1944
1925
1932
1901
1924
1949
2008
2058
2109
2145
2175
2162
2169
2192
2208
2224
2261
2254
2222
2193
2162
2111
2139
2149
2170
2205
2247
2227
2201
2112
2024
1955
1912
1897
1947
1949
2004
2039
2063
2024
2033
2057
2072
2144
2197
2233
2286
2329
2319
2146
2094
2027
1938
1913
1890
1919
1963
2053
2122
2160
2199
2188
2170
2125
2108
2059
2065
2067
2067
2111
2122
2200
2192
2201
2193
2165
2101
2064
2052
2041
2058
2050
2100
2167
2213
2252
2261
2266
2280
2282
2275
2203
2170
2129
2072
2044
2019
2037
2067
2070
2079
2102
2038
2048
2033
2029
2029
2070
2092
2142
2197
2221
2280
2301
2279
2238
2188
2112
1988
1921
1865
1814
1780
1807
1893
1966
2079
2218
2355
2433
2482
2467
2452
2353
2262
2138
2021
1966
1906
1875
1912
1977
2048
2094
2173
2194
2147
2153
2143
2094
2040
2022
1967
1912
1860
1815
1817
1871
1888
1912
1967
2029
2090
2092
2117
2145
2184
2190
2208
2211
2228
2218
2204
2178
2192
2156
2094
2295
2196
2113
2025
1991
1984
1991
2013
2049
2077
2089
2089
2082
2084
2108
2121
2136
2158
2170
2160
2170
2185
2187
2126
2061
2023
2012
2017
1970
1943
1968
2078
2172
2272
2343
2388
2393
2306
2177
2079
2024
1985
1995
1976
2001
2020
2004
1997
2022
2111
2238
2269
2248
2184
2124
2098
2133
2142
2136
2089
2029
1996
1984
1969
1928
1916
1923
1978
2024
2102
2152
2177
2219
2242
2191
2081
1987
1999
2055
2088
2020
1938
1911
1977
2073
2142
2161
2182
2202
2173
2115
2060
2074
2104
2093
2069
1979
1900
1882
1934
2001
2033
1988
1910
1893
1981
2070
2192
2263
2251
2228
2175
2134
2126
2059
2062
2100
2113
2093
2024
1946
2014
2151
2302
2325
2247
2093
1952
2247
2151
2045
1967
1893
1866
1872
1951
2030
2102
2168
2200
2197
2193
2102
2007
1909
1860
1860
1867
1987
2086
2192
2256
2284
2287
2266
2218
2171
2069
1961
1847
1787
1803
1896
2052
2224
2378
2414
2379
2258
2118
1948
1866
1881
1988
2110
2239
2375
2407
2401
2280
2140
2027
1944
1916
1975
2062
2138
2227
2279
2261
2201
2123
2101
2064
2065
2030
2005
1943
1872
1887
1940
2055
2144
2267
2347
2353
2295
2195
2081
2016
1947
1956
1980
2057
2142
2208
2195
2169
2100
2021
1946
1901
1897
1867
1849
1886
1937
2086
2253
2419
2538
2579
2498
2325
2089
1842
1678
1612
1615
1668
1737
1848
1995
2137
2272
2363
2367
2299
2184
2073
2032
2054
2104
2141
2146
2060
2269
2323
2416
2484
2413
2300
2248
2287
2266
2191
2139
2035
1908
1757
1797
2063
2382
2503
2385
2194
2138
2167
2144
1965
1703
1499
1418
1542
1695
1880
2079
2195
2302
2405
2552
2651
2698
2630
2449
2221
1947
1772
1702
1783
1955
2084
2083
1976
1913
1909
1934
1906
1877
1931
1973
1935
1809
1811
1904
2142
2345
2484
2517
2524
2457
2362
2272
2196
2088
1987
1935
1953
2036
2110
2144
2157
2242
2360
2370
2197
1965
1823
1787
1863
1961
2012
2014
2092
2212
2355
2419
2364
2277
2175
2074
1949
1839
1795
1789
1897
2046
2240
2507
2751
2839
2725
2479
2223
2083
1993
1888
1741
1579
1540
1697
1973
2231
2431
2485
2488
2419
2329
2202
2027
1854
1719
1635
1616
1767
1475
1226
1136
1233
1513
1940
2340
2613
2668
2598
2443
2315
2262
2226
2241
2227
2128
1982
1762
1558
1466
1514
1706
2000
2299
2494
2495
2340
2078
1829
1695
1700
1816
1966
2235
2453
2681
2859
2871
2690
2415
2138
1917
1808
1866
1964
2036
2011
1892
1724
1586
1542
1645
1944
2344
2715
2894
2893
2652
2342
2010
1742
1523
1532
1756
2019
2278
2307
2111
1787
1637
1720
2024
2361
2457
2346
2023
1720
1568
1642
1879
2118
2370
2542
2625
2563
2391
2188
1979
1845
1680
1616
1649
1845
2091
2323
2398
2331
2156
2014
2096
2346
2612
2692
2524
2130
1644
1329
1195
1319
1609
2009
2419
2774
2932
2931
2805
2590
2352
2118
1918
1788
1658
1565
1432
1323
1388
2388
2275
2078
1874
1699
1567
1515
1525
1643
1794
1967
2161
2283
2430
2476
2436
2363
2209
2037
1925
1870
1914
1961
2025
2036
2024
2042
2024
2040
2057
2065
2052
2001
1998
1980
2065
2158
2253
2331
2358
2345
2264
2180
2075
1997
1954
1928
1927
2004
2072
2150
2218
2251
2250
2226
2177
2066
1938
1833
1826
1883
2025
2223
2440
2603
2671
2688
2585
2376
2080
1783
1541
1380
1360
1456
1656
1903
2156
2399
2569
2682
2653
2523
2285
2026
1760
1538
1445
1496
1696
2066
2464
2837
3125
3166
2976
2596
2132
1698
1362
1242
1329
1579
1878
2187
2449
2595
2628
2466
2201
1889
1611
1455
1461
1576
1753
1992
2231
2419
2522
2556
2484
2353
2185
1998
1861
1779
1707
1516
1593
1816
2027
2175
2317
2400
2310
2013
1700
1642
1981
2482
2864
2927
2625
2190
1752
1466
1382
1517
1962
2531
2908
2866
2539
2130
1913
1942
2126
2304
2397
2425
2367
2234
2017
1888
1882
2019
2117
2094
1941
1793
1655
1612
1750
2080
2608
3083
3189
2779
2074
1491
1296
1371
1453
1421
1460
1808
2358
2767
2731
2395
2159
2144
2326
2363
2163
1773
1401
1170
1118
1251
1580
1967
2335
2462
2360
2253
2329
2520
2672
2695
2674
2706
2712
2531
2036
1511
1253
1414
1854
2195
2187
2025
2037
2331
2547
2482
2194
2057
2247
2663
2847
2677
2195
1804
1729
2011
2327
2547
2603
2557
2398
2064
1645
1340
1336
1700
2130
2363
2378
2229
2070
1976
1885
1799
1794
1830
1805
1925
2223
2546
2852
3027
3011
2818
2500
2048
1664
1465
1454
1666
2120
2656
3197
3567
3620
3353
2752
1943
1062
336
3
6
432
1231
2152
3074
3704
3919
3616
2873
1837
833
109
3
312
1214
2329
3408
4095
4095
4089
3387
2392
1323
451
16
115
727
1662
2709
3660
4095
4095
4095
3480
2600
1632
824
335
325
723
1468
2413
3249
3852
4083
3859
3202
2253
1190
249
0
1
2
635
1648
2654
3425
3819
3789
3351
2635
1824
1048
509
358
657
1265
2102
2877
3424
3579
3355
2811
2033
1305
793
584
747
1239
1950
2738
3439
3800
3738
3246
2422
1459
548
0
1
337
1177
2199
3210
3968
4095
4095
3785
2951
1856
779
2
6
84
905
1943
3076
4095
4095
4095
4095
4095
4095
4095
4095
3286
1901
446
1
1
0
2
2
1
2
542
1795
2918
3799
4095
4095
4095
4095
4095
4095
4039
3506
2872
2189
1509
846
288
1
2
1
1
1
0
111
554
1139
1807
2621
3448
4095
4095
4095
4095
4095
4095
3874
2911
1867
933
200
0
0
11
381
910
1470
2051
2675
3340
4066
4095
4095
4095
4095
4095
3303
2168
1132
301
3
1
1
0
0
3
265
802
1497
2259
3111
3885
4095
4095
4095
4095
4095
3659
2884
2130
1445
893
555
390
391
426
582
749
942
1128
1397
1761
2246
2793
3291
3664
3808
3809
3615
3337
3039
2802
2617
2441
2292
2090
4095
4095
3835
3249
2550
1794
1019
280
0
3
2
0
0
1
313
922
1534
2153
2703
3252
3673
4003
4095
4095
4095
4095
4095
3991
3565
2992
2333
1665
1017
465
60
2
1
0
1
1
197
644
1167
1717
2280
2864
3422
3936
4095
4095
4095
4095
4095
4095
3647
3038
2358
1654
941
245
2
0
0
1
2
0
1
250
856
1579
2337
3098
3859
4095
4095
4095
4095
4095
4095
4095
4095
3317
2270
1172
124
0
0
0
1
0
0
1
3
459
1397
2354
3296
4095
4095
4095
4095
4095
4095
4095
4095
4095
4095
3058
1816
582
0
1
1
0
1
1
0
0
2
735
1709
2649
3536
4095
4095
4095
4095
4095
8
1
0
0
0
0
0
1
494
1678
2851
3934
4095
4095
4095
4095
4095
4095
4095
4095
4095
4095
4095
4095
4095
4095
4095
4095
4095
4095
4095
4095
4095
4095
4095
4095
4095
3730
2638
1525
411
3
2
1
2
0
1
1
0
0
1
0
1
0
0
1
0
1
1
0
0
0
0
1
1
0
0
2
222
1375
2540
3641
4095
4095
4095
4095
4095
4095
4095
4095
4095
4095
4095
4095
4095
4095
4095
4095
4095
4095
4095
4095
4095
4095
4095
4095
4095
4095
4095
4095
4095
3554
2613
1693
801
2
0
0
0
0
1
0
0
0
1
1
0
0
0
0
0
0
0
0
1
0
0
1
