2106
2104
2085
2092
2099
2095
2080
2092
2086
2098
2095
2093
2098
2088
2089
2091
2111
2090
2091
2088
2089
2094
2094
2100
2086
2092
2105
2107
2093
2093
2090
2087
2083
2073
2085
2094
2076
2081
2071
2098
2087
2088
2091
2083
2098
2104
2107
2095
2100
2103
2084
2089
2088
2100
2105
2102
2080
2107
2100
2090
2084
2112
2109
2107
2116
2096
2101
2089
2087
2099
2104
2096
2090
2088
2084
2096
2103
2096
2091
2111
2113
2122
2109
2102
2104
2089
2093
2100
2098
2111
2100
2105
2091
2095
2100
2093
2108
2097
2084
2085
2105
2077
2100
2082
2088
2098
2098
2095
2088
2083
2088
2080
2080
2100
2099
2110
2094
2088
2093
2090
2085
2103
2118
2117
2089
2100
2087
2090
2095
2099
2103
2089
2090
2095
2106
2096
2094
2088
2087
2098
2104
2104
2090
2094
2088
2085
2104
2093
2093
2103
2116
2085
2094
2094
2098
2104
2109
2084
2102
2096
2091
2106
2090
2096
2097
2104
2080
2098
2097
2098
2097
2086
2067
2102
2109
2095
2082
2102
2097
2096
2091
2088
2083
2089
2088
2093
2084
2083
2074
2095
2080
2070
2081
2114
2096
2095
2102
2096
2102
2107
2118
2106
2125
2122
2111
2119
2092
2112
2075
2103
2112
2108
2104
2116
2100
2097
2111
2109
2114
2109
2082
2104
2090
2112
2112
2117
2116
2113
2101
2099
2091
2084
2102
2124
2100
2113
2104
2116
2112
2118
2133
2110
2125
2133
2090
2109
2102
2119
2119
2126
2127
2117
2116
2120
2133
2126
2362
2336
2339
2340
2343
2340
2324
2291
2326
2310
2291
2286
2274
2260
2250
2218
2220
2192
2167
2154
2131
2110
2098
2084
2091
2062
2039
2026
2011
1993
1992
1975
1979
1948
1944
1941
1927
1934
1919
1938
1924
1950
1928
1931
1918
1932
1927
1954
1954
1947
1962
1952
1967
1952
1988
2009
2017
2019
2009
2025
2049
2054
2053
2047
2054
2057
2069
2063
2095
2083
2064
2085
2101
2099
2099
2100
2086
2094
2096
2088
2104
2105
2106
2098
2116
2132
2107
2114
2126
2136
2146
2140
2168
2166
2176
2182
2189
2188
2184
2198
2192
2204
2194
2195
2198
2212
2208
2176
2186
2173
2146
2154
2136
2136
2123
2115
2097
2076
2054
2067
2050
2050
2044
2042
2038
2036
2018
2028
2137
2119
2094
2101
2072
2045
2022
2011
1971
1930
1904
1869
1838
1848
1861
1863
1902
1933
1970
1978
1997
2014
2040
2083
2108
2130
2166
2204
2248
2280
2272
2264
2253
2228
2179
2144
2104
2093
2054
2026
2006
1992
1996
1999
1996
1978
1966
1951
1915
1929
1965
2025
2090
2147
2191
2203
2185
2169
2153
2141
2136
2145
2164
2180
2182
2156
2124
2080
2041
1998
1983
1983
1976
2015
2053
2099
2136
2138
2161
2167
2156
2165
2164
2198
2199
2240
2291
2300
2277
2258
2225
2175
2155
2135
2123
2119
2120
2082
2065
2011
1968
1958
1974
2016
2048
2084
2112
2120
2130
2145
2166
2185
2220
2273
2344
2423
2447
2442
2429
2433
2410
2364
2317
2263
2201
2142
2091
2058
2208
2210
2180
2166
2130
2133
2140
2172
2186
2210
2237
2248
2224
2216
2182
2166
2153
2133
2112
2112
2041
2000
1902
1826
1748
1709
1706
1760
1878
2030
2188
2328
2412
2462
2462
2394
2346
2300
2204
2144
2072
1994
1894
1810
1788
1795
1867
1947
2082
2220
2330
2383
2418
2385
2329
2241
2150
2068
1968
1910
1835
1781
1783
1849
1931
2022
2142
2226
2296
2310
2268
2196
2110
2031
1987
1955
1918
1926
1932
1954
1988
2023
2072
2177
2249
2275
2302
2308
2259
2224
2224
2195
2152
2123
2072
2016
1955
1894
1883
1845
1838
1822
1805
1786
1805
1854
1921
2038
2176
2312
2408
2494
2493
2445
2339
2232
2115
2036
2016
2005
2020
2027
2036
2008
1985
1996
1981
2033
1713
1642
1614
1711
1883
2058
2141
2188
2220
2272
2309
2320
2285
2274
2264
2213
2134
2050
2015
2017
2010
1987
1977
2032
2129
2216
2254
2279
2334
2410
2437
2401
2307
2185
2078
1986
1910
1891
1897
1875
1845
1828
1891
2031
2175
2252
2244
2209
2210
2280
2376
2422
2384
2253
2096
1983
1945
1978
1994
1948
1878
1852
1887
2007
2156
2260
2293
2283
2234
2232
2281
2329
2309
2196
2037
1915
1845
1813
1767
1732
1717
1761
1828
1911
2008
2111
2209
2274
2280
2238
2185
2132
2094
2072
2061
2052
2067
2101
2130
2200
2297
2338
2286
2128
1955
1886
1948
2087
2190
2224
2208
2230
2270
2302
2302
2285
2268
2251
2205
2138
2057
1997
1956
1912
1846
1818
1858
1926
2327
2225
2218
2233
2288
2370
2460
2512
2531
2549
2529
2437
2286
2116
1949
1860
1860
1956
2042
2084
2048
1944
1869
1871
1941
2056
2168
2228
2253
2316
2361
2442
2462
2453
2348
2248
2168
2152
2179
2257
2256
2214
2105
2002
1929
1889
1910
1937
1940
1957
2010
2089
2135
2106
1943
1738
1618
1665
1863
2086
2186
2164
2060
1949
1857
1821
1806
1827
1839
1866
1922
2018
2125
2214
2287
2344
2389
2359
2301
2202
2128
2093
2060
1954
1861
1748
1678
1673
1685
1739
1811
1875
1979
2057
2083
2047
1998
1983
2064
2164
2277
2326
2245
2115
2071
2080
2146
2165
2152
2113
2126
2156
2192
2156
2042
1901
1831
1888
2036
2186
2342
2411
2452
2382
2274
2075
1893
1793
2512
2533
2428
2252
2048
1860
1727
1666
1685
1786
1966
2198
2429
2610
2698
2683
2568
2384
2159
1944
1765
1657
1623
1684
1793
1947
2108
2243
2347
2405
2440
2454
2448
2419
2365
2278
2159
2030
1895
1790
1736
1761
1864
2046
2269
2501
2685
2784
2767
2620
2383
2069
1743
1460
1263
1201
1270
1462
1731
2005
2241
2372
2392
2302
2159
2019
1921
1894
1939
2032
2152
2257
2343
2392
2396
2352
2263
2133
1989
1870
1798
1792
1850
1966
2103
2247
2377
2461
2491
2449
2337
2170
1981
1802
1678
1618
1645
1750
1909
2091
2269
2415
2504
2527
2472
2340
2165
1991
1853
1790
1798
1896
2033
2170
2282
2336
2327
2272
2167
2031
1886
1760
1688
1684
1765
1923
2130
2342
1977
2258
2357
2246
2074
2001
2070
2247
2429
2618
2816
2965
2906
2592
2096
1660
1491
1638
1880
2056
2154
2296
2482
2600
2454
2115
1762
1713
1903
2010
1811
1441
1209
1323
1608
1823
1831
1885
2145
2496
2596
2334
1935
1711
1767
1848
1775
1620
1579
1706
1851
1896
1929
2071
2324
2552
2617
2468
2237
2055
1945
1946
1991
2096
2223
2386
2516
2591
2511
2296
2066
1866
1798
1773
1684
1592
1580
1698
1889
2161
2503
2836
3008
3007
2876
2681
2473
2213
1951
1703
1563
1547
1566
1588
1643
1744
1878
2043
2260
2548
2804
2902
2810
2620
2376
2074
1711
1387
1233
1343
1588
1814
1957
2096
2264
2422
2430
2313
2260
2405
2646
2725
2472
2058
1737
1687
1767
1760
1981
2251
2576
2904
3182
3373
3449
3344
3101
2732
2259
1794
1426
1186
1128
1282
1552
1897
2208
2446
2571
2568
2442
2306
2161
2022
1929
1914
1976
2070
2154
2178
2134
2000
1843
1683
1597
1628
1768
2004
2278
2562
2791
2898
2861
2641
2282
1860
1454
1142
1021
1103
1372
1769
2245
2701
3064
3230
3174
2915
2531
2078
1689
1413
1316
1351
1542
1782
2058
2291
2443
2479
2391
2220
2032
1923
1951
2116
2366
2631
2827
2903
2818
2580
2204
1780
1372
1030
828
808
1003
1373
1869
2383
2868
3224
3359
3233
2911
2401
1801
1247
840
645
676
947
1374
1949
2524
3029
3314
3340
3088
2712
2246
1830
1512
1336
1282
1354
1557
1879
2243
2576
2783
2812
2652
2369
2545
2520
2465
2262
1985
1762
1661
1649
1661
1714
1918
2224
2526
2788
2965
3067
2960
2686
2334
2047
1826
1607
1422
1382
1554
1916
2184
2357
2475
2672
2896
2946
2644
2176
1760
1533
1518
1542
1579
1700
1988
2441
2890
3216
3303
3220
3053
2883
2505
1925
1224
660
449
614
974
1328
1750
2376
3134
3771
4026
3950
3672
3307
2779
2164
1491
943
533
343
346
599
1087
1714
2236
2582
2840
3102
3256
3110
2623
1961
1363
1047
861
652
452
442
815
1491
2206
2774
3171
3495
3664
3667
3372
2859
2246
1631
1104
763
649
758
912
1137
1521
2143
2811
3259
3353
3256
3113
2873
2384
1744
1182
873
781
771
834
1084
1509
1950
2277
2467
2655
2821
2065
2040
2026
2076
2192
2368
2569
2784
3004
3129
3078
2821
2437
1994
1691
1591
1676
1850
2008
2028
1861
1571
1222
973
920
1156
1622
2176
2680
3030
3169
3102
2875
2566
2300
2171
2203
2284
2314
2200
1886
1417
913
558
591
1115
2027
3152
4095
4095
4095
4095
3152
1847
634
3
1
3
386
1233
2042
2643
2947
2965
2802
2607
2537
2685
3090
3585
4010
4095
4023
3494
2692
1754
824
2
1
1
2
3
469
1372
2301
3080
3597
3798
3669
3250
2637
1888
1191
674
454
527
845
1296
1745
2140
2420
2621
2780
2948
3135
3257
3271
3084
2693
2138
1521
962
561
401
469
695
1040
1501
2091
2748
3351
3784
4025
4072
3939
3583
2951
2088
3
3
2
2
1
629
1456
2234
2864
3288
3500
3501
3328
3024
2666
2261
1854
1508
1304
1238
1316
1525
1842
2191
2509
2724
2780
2747
2587
2379
2184
2016
1903
1865
1879
1966
2110
2284
2472
2624
2729
2755
2648
2420
2027
1568
1095
723
546
570
828
1275
1846
2472
3081
3611
4011
4095
4095
4080
3658
3024
2251
1419
618
2
2
1
2
1
2
219
807
1415
1976
2444
2748
2892
2922
2900
2845
2856
2944
3088
3300
3484
3656
3775
3801
3776
3614
3300
2847
2269
1609
930
342
1
1
1
314
912
1630
2376
3040
3577
3902
3982
3836
3491
2951
2317
1656
1048
570
297
256
470
905
1512
2206
2879
3447
3850
4010
3930
3611
3092
2311
1675
1064
467
2
2
2
2
2
2
1
1
2
2
154
1200
2490
3949
4095
4095
4095
4095
4095
4095
4095
4095
4095
3386
950
1
2
3
3
2
2
1
1
317
1664
2912
3853
4095
4095
4095
4095
4095
3927
3463
3076
2897
2936
3168
3478
3700
3688
3394
2820
2049
1136
211
3
3
5
3
2
2
2
497
1922
3440
4095
4095
4095
4095
4095
4095
4095
3087
1703
572
0
2
4
272
1021
1767
2344
2723
2882
2835
2599
2149
1544
816
31
1
2
4
1
1
691
2155
3683
4095
4095
4095
4095
4095
4095
4049
2755
1476
390
1
1
0
1
1
78
877
1804
2672
3364
3761
3792
3490
2936
2283
3
3
2
1
177
1912
3750
4095
4095
4095
4095
4095
4095
4095
4095
4095
4095
3664
1892
174
3
2
3
2
2
1
4
2
1
25
1775
3826
4095
4095
4095
4095
4095
4095
4095
4095
4095
4095
3352
1574
3
1
2
2
0
1
2
1
2
2
1
476
2579
4095
4095
4095
4095
4095
4095
4095
4095
4095
4095
4095
3113
998
1
2
4
3
2
2
3
1
3
1
10
1792
3983
4095
4095
4095
4095
4095
4095
4095
4095
4095
4095
4095
2448
668
3
2
3
4
3
3
4
3
2
2
30
1775
3690
4095
4095
4095
4095
4095
4095
4095
4095
4095
4095
4095
3714
2149
539
3
1
2
3
1
