2102
2112
2075
2055
2094
2065
2034
2054
2094
2106
2083
2108
2103
2103
2112
2093
2116
2087
2105
2100
2083
2074
2090
2115
2103
2105
2105
2110
2113
2111
2089
2072
2073
2079
2093
2091
2065
2086
2076
2084
2104
2096
2085
2098
2092
2088
2097
2073
2080
2084
2087
2098
2088
2084
2095
2079
2066
2075
2073
2085
2089
2097
2101
2094
2081
2069
2067
2088
2083
2078
2084
2108
2103
2113
2110
2102
2104
2116
2109
2115
2092
2107
2110
2083
2068
2099
2095
2123
2145
2101
2088
2110
2092
2103
2088
2081
2065
2091
2091
2092
2092
2100
2098
2074
2093
2104
2098
2073
2092
2105
2081
2101
2081
2086
2085
2063
2080
2082
2081
2094
2116
2096
2080
2079
2084
2084
2085
2076
2109
2133
2115
2115
2096
2115
2109
2121
2123
2087
2082
2072
2064
2085
2082
2117
2098
2087
2108
2122
2106
2077
2112
2091
2115
2103
2107
2077
2069
2093
2097
2045
2080
2106
2121
2115
2099
2112
2105
2067
2065
2095
2087
2067
2085
2113
2101
2089
2119
2134
2116
2132
2131
2141
2124
2099
2109
2090
2079
2057
2078
2101
2096
2091
2121
2110
2116
2084
2088
2111
2087
2067
2070
2100
2058
2061
2073
2085
2123
2111
2119
2144
2129
2086
2093
2108
2074
2040
2046
2061
2055
2092
2092
2088
2101
2093
2088
2111
2094
2113
2097
2096
2077
2088
2105
2106
2110
2095
2105
2118
2104
2110
2131
2090
2080
2056
2045
2072
2090
2086
2093
2089
2088
2091
2087
2083
2066
2057
2121
2124
2112
2090
2098
2087
2054
2089
2094
2122
2114
2128
2134
2140
2117
2092
2086
2084
2075
2081
2106
2101
2111
2128
2114
2108
2106
2078
2106
2076
2081
2112
2115
2145
2142
2122
2103
2095
2096
2084
2088
2092
2114
2117
2106
2105
2099
2094
2095
2079
2068
2066
2073
2073
2097
2103
2094
2099
2095
2103
2088
2058
2068
2043
2051
2069
2081
2112
2125
2111
2096
2084
2096
2093
2060
2079
2075
2083
2120
2135
2126
2144
2125
2117
2120
2121
2103
2099
2120
2107
2126
2130
2163
2179
2159
2172
2128
2144
2119
2130
2108
2126
2110
2127
2119
2120
2115
2097
2109
2075
2094
2114
2087
2088
2105
2080
2077
2080
2077
2069
2099
2091
2085
2071
2070
2062
2050
2044
2167
2169
2182
2179
2174
2189
2192
2177
2182
2138
2115
2093
2059
2023
2011
1982
1945
1951
1953
1971
2023
2075
2087
2136
2167
2199
2213
2227
2224
2195
2192
2149
2101
2084
2069
2094
2083
2058
2057
2060
2070
2074
2064
2056
2056
2080
2111
2109
2129
2123
2153
2125
2090
2078
2054
2016
1990
1968
1983
1983
2001
2020
2030
2066
2098
2124
2157
2149
2143
2140
2117
2098
2082
2068
2052
2056
2065
2088
2124
2139
2174
2187
2200
2187
2150
2148
2104
2104
2106
2116
2089
2070
2060
2075
2065
2054
2032
2025
2015
2008
2021
2053
2072
2111
2122
2124
2122
2156
2138
2125
2087
2087
2081
2052
2051
2029
2025
2009
1998
1994
2010
2010
2016
2021
2013
2005
2010
2006
2153
2195
2143
2034
1985
1907
1918
1972
2021
2109
2147
2220
2256
2242
2242
2254
2225
2186
2102
2075
2045
2050
2008
1995
2028
2097
2155
2217
2257
2241
2238
2220
2186
2172
2107
2072
2047
2048
2096
2118
2070
1941
1856
1871
1936
2040
2141
2181
2200
2174
2137
2119
2094
2097
2081
2075
2105
2151
2125
2091
2101
2137
2183
2142
2121
2100
2095
2140
2145
2145
2125
2113
2056
2093
2173
2193
2160
2080
2002
1979
2053
2108
2088
2064
2098
2096
2057
2002
2005
2080
2119
2098
2052
2029
1999
2001
2023
2098
2150
2179
2146
2147
2123
2078
2040
2009
2113
2233
2313
2343
2369
2376
2348
2272
2145
2022
1907
1801
1830
1964
2183
2354
2396
2314
2247
2196
2118
2011
2050
2076
2107
2107
2091
2075
2114
2170
2229
2215
2145
2060
2008
1970
1996
2040
2104
2130
2128
2094
2081
2130
2178
2231
2237
2230
2135
2045
1952
1938
2022
2111
2146
2152
2134
2154
2157
2143
2100
2051
2008
1992
1957
1963
2018
2125
2214
2201
2144
2081
2041
2043
2055
2066
2057
2026
2018
2015
2066
2098
2135
2145
2164
2130
2080
2053
2029
2052
2065
2062
2061
2012
2009
2070
2161
2239
2243
2212
2138
2077
2054
2061
2115
2135
2126
2084
2040
2031
2059
2117
2175
2228
2204
2149
2065
1997
1999
2085
2154
2214
2201
2149
2084
2067
2081
2119
2161
2174
2181
2124
2067
2044
2050
2076
2079
2099
2113
2089
2034
1994
1995
2029
2123
2177
2178
2128
2053
2033
2032
2036
2100
2169
2193
2110
2052
1992
1987
2032
2122
2184
2161
2105
2060
2056
2039
2045
2103
2140
2075
1955
1923
1941
1968
2049
2140
2189
2116
2028
1994
2021
2056
2064
2111
2143
2201
2175
2118
2121
2115
2078
2071
2057
2035
2091
2152
2143
2099
2150
2178
2108
2021
2032
2112
2197
2220
2241
2215
2150
2022
1938
2010
2122
2136
2063
1995
1999
2053
2134
2220
2205
2114
2064
2040
2040
1995
1970
2094
2239
2246
2116
1967
1970
2041
2092
2136
2114
2061
2015
1971
1997
2097
2171
2213
2182
2125
2072
2095
2139
2178
2128
2063
2054
2129
2220
2272
2187
2038
1919
1893
1958
2116
2248
2246
2112
2005
1963
2062
2238
2358
2300
2129
2023
2020
2082
2129
2154
2322
2228
2065
2007
2062
2157
2296
2245
2034
1926
1869
1897
2040
2161
2046
1941
1996
2084
2171
2256
2209
2068
2026
1997
1964
2107
2138
1991
2016
2084
2092
2164
2181
2021
1901
1855
1866
1954
2078
2077
1987
1912
1915
1998
2140
2192
2124
2050
2091
2136
2169
2251
2164
1974
1924
1950
2083
2250
2208
2069
1917
1846
1983
2187
2295
2298
2114
1890
1824
1998
2200
2291
2313
2114
1985
2020
2107
2174
2130
2007
1951
1992
2125
2189
2199
2176
2093
1998
2015
2152
2205
2147
2019
1928
1879
1999
2151
2185
1974
1834
1889
2067
2253
2311
2260
2140
2053
2076
2177
2211
2138
2056
1958
2008
2184
2374
2434
2278
2019
1904
1944
2100
2267
2407
2278
2051
1968
1996
1959
1904
2053
2124
2063
2013
1954
1895
1966
2122
2286
2397
2421
2399
2233
2073
1953
1898
2009
2098
2105
2097
2104
2163
2250
2123
2016
2075
2102
2036
2001
2069
2141
2083
1966
1993
2208
2361
2406
2366
2172
2032
1999
1871
1847
2104
2216
2087
2076
1999
2033
2348
2326
2099
2056
2009
1895
1988
1981
1970
2269
2360
2107
1978
2002
2035
2209
2308
2192
2036
1881
1848
1942
2179
2381
2370
2194
1990
1917
1899
2052
2256
2291
2182
2037
1909
2034
2276
2180
2077
2121
2035
2085
2273
2248
2267
2289
2074
1826
1713
1770
1990
2248
2326
2131
1917
1911
1925
1893
1994
2084
2124
2204
2270
2168
2070
2050
2061
2171
2213
2204
2201
2161
2051
1968
1975
2026
2025
1540
2049
2522
2475
2037
1750
1764
2008
2260
2489
2536
2288
1977
1815
1804
2021
2342
2620
2517
1976
1558
1645
2115
2480
2506
2222
1910
1753
1872
2105
2225
2137
1981
1888
1958
2223
2421
2257
1895
1769
1987
2402
2594
2438
2100
1899
1848
1840
1887
2058
2343
2372
1995
1607
1664
2013
2255
2188
1976
1875
2086
2325
2310
2218
2330
2483
2433
2086
1702
1641
1912
2271
2349
2104
1896
1962
2212
2385
2300
2014
1801
1863
2016
2019
2013
2170
2362
2377
2128
1860
1785
1970
2187
2104
1964
2067
2303
2345
2316
2328
2326
2228
2041
1822
1613
1784
2131
2150
2025
2096
2235
2312
2351
2278
2048
1931
1862
1715
1759
2129
2314
2197
2104
2106
1984
1884
2013
2227
2698
2391
1964
1722
1864
2234
2531
2484
2092
1709
1643
1908
2290
2456
2297
1993
1805
1912
2284
2596
2594
2250
1798
1568
1701
2116
2518
2709
2625
2322
1893
1549
1553
1866
2275
2584
2568
2249
1788
1622
1893
2329
2584
2496
2111
1645
1444
1620
2059
2481
2684
2505
2064
1567
1322
1508
2073
2595
2806
2561
2032
1619
1499
1757
2161
2358
2262
2049
1901
2002
2308
2499
2407
2027
1682
1621
1933
2426
2695
2599
2147
1660
1528
1834
2376
2776
2775
2377
1811
1453
1529
1911
2326
2555
2623
2503
2256
2064
1922
1895
2081
2328
2375
2124
1751
1494
1653
2150
2629
2676
2265
1810
1604
1723
2060
2408
2542
2339
1914
1531
1431
1696
2237
2731
2803
2432
1883
1554
1317
1383
1691
1977
2155
2310
2329
2229
2217
2350
2462
2225
1813
1585
1730
2144
2518
2727
2639
2226
1661
1264
1230
1608
2307
2976
3080
2633
1920
1339
1222
1564
2090
2580
2814
2681
2408
2115
1900
1738
1692
1668
1610
1610
1855
2378
2986
3294
3033
2250
1295
693
786
1554
2628
3495
3613
2813
1625
744
554
1135
2107
2976
3349
3097
2458
1872
1584
1569
1774
2014
2229
2388
2422
2233
1859
1539
1538
1781
2043
2323
2528
2478
2097
1645
1500
1753
2208
2652
2872
2689
2181
1603
1247
1299
1755
2377
2843
2874
2423
1797
1440
1473
1888
2441
2815
2815
2394
1845
1495
1515
1906
2524
2949
2891
2363
1701
1274
1292
1729
2286
2703
2721
2342
1797
1432
1485
3199
3044
2329
1423
765
442
521
1135
2275
3552
4095
4095
3100
1817
767
251
245
736
1619
2577
3154
3082
2474
1884
1661
1731
1945
2311
2748
3025
2905
2432
1807
1295
895
688
921
1536
2270
2675
2756
2815
3027
3134
2889
2420
2123
1946
1759
1461
1298
1468
1893
2222
2452
2671
2872
2800
2288
1546
915
730
1116
1862
2659
3322
3637
3559
3192
2500
1525
492
0
0
555
1465
2292
2985
3455
3502
3063
2334
1623
1210
1168
1330
1498
1772
2179
2588
2857
2951
2868
2591
2118
1560
1148
1138
1468
1921
2370
2774
3209
3385
3110
2357
1473
890
706
786
1045
1483
2216
3100
3781
3884
3404
2584
1765
1189
957
1057
1493
2143
2874
3377
3350
2905
6
3
0
2
576
1425
2342
3263
4095
4095
4095
4095
4095
4095
4095
3333
2383
1625
1041
610
298
37
1
0
0
0
0
0
2
1
801
2113
3630
4095
4095
4095
4095
4095
4095
4095
4095
4095
4095
3656
2188
823
2
0
1
0
0
0
1
0
1
2
105
578
1002
1274
1495
1678
1850
2035
2294
2633
3081
3607
4095
4095
4095
4095
4095
4095
4095
4095
4095
4095
4095
4095
3193
2192
1392
880
704
833
1223
1752
2267
2697
2941
3045
2938
2778
2539
2338
2172
2128
2113
2220
2280
2337
2397
2427
2443
2478
2531
2526
2465
2297
2018
1664
1170
656
100
0
1
1
0
0
1
1
1
1
1
752
2132
3470
6
0
0
0
1
1
1
0
0
0
1
1
2
1
360
1469
2560
3543
4095
4095
4095
4095
4095
4095
4095
4095
4095
4095
4095
4095
4095
4095
4095
4095
3319
2312
1314
409
0
2
0
1
0
1
0
0
0
1
0
0
2
600
1326
2055
2728
3319
3839
4095
4095
4095
4095
4095
4095
4095
4095
4095
4095
4095
3994
3585
3103
2592
2066
1523
1030
513
30
0
0
2
1
1
0
1
0
1
87
515
1054
1612
2176
2705
3232
3699
4095
4095
4095
4095
4095
4095
4095
4095
4095
4095
4095
4095
4095
4095
4095
3684
3028
2360
1645
938
239
1
3
1
1
1
0
3
1
1
1
2
0
1
