2084
2082
2110
2103
2064
2097
2092
2102
2112
2099
2105
2096
2118
2119
2099
2084
2067
2085
2086
2108
2101
2079
2089
2096
2087
2115
2114
2089
2091
2108
2085
2088
2089
2103
2104
2113
2111
2104
2079
2083
2096
2079
2094
2084
2106
2091
2107
2096
2096
2105
2132
2106
2092
2118
2079
2090
2132
2088
2096
2104
2087
2073
2092
2074
2103
2088
2098
2082
2104
2082
2102
2110
2093
2129
2143
2111
2101
2109
2075
2073
2100
2083
2110
2120
2076
2061
2096
2089
2040
2104
2104
2119
2096
2106
2117
2116
2115
2120
2073
2085
2086
2115
2098
2064
2048
2116
2063
2074
2090
2110
2085
2102
2088
2087
2073
2105
2079
2096
2101
2100
2094
2100
2093
2096
2126
2088
2102
2096
2078
2075
2070
2096
2113
2118
2084
2101
2101
2097
2108
2126
2095
2113
2096
2056
2069
2062
2137
2129
2116
2104
2109
2120
2090
2088
2098
2108
2095
2094
2134
2109
2128
2142
2133
2121
2111
2108
2097
2108
2100
2076
2117
2097
2085
2107
2083
2071
2070
2056
2079
2084
2109
2104
2103
2110
2100
2110
2109
2116
2097
2102
2106
2096
2094
2096
2088
2096
2070
2079
2072
2083
2085
2087
2081
2085
2103
2111
2090
2102
2089
2109
2084
2089
2072
2045
2054
2055
2055
2079
2088
2072
2077
2096
2096
2090
2069
2082
2089
2089
2096
2043
2084
2105
2100
2094
2088
2113
2135
2125
2095
2098
2102
2119
2090
2101
2087
2094
2132
2123
2134
2088
2086
2096
2097
2101
2091
2091
2116
2134
2127
2130
2133
2146
2157
2150
2158
2159
2164
2152
2141
2129
2147
2158
2158
2172
2138
2143
2149
2143
2142
2114
2126
2126
2120
2104
2098
2096
2104
2089
2087
2113
2087
2079
2072
2082
2090
2064
2048
2087
2092
2077
2050
2065
2056
2073
2055
2049
2054
2064
2031
2029
2036
2040
2050
2070
2075
2053
2057
2063
2064
2072
2054
2086
2107
2089
2087
2093
2070
2087
2074
2100
2090
2106
2091
2107
2091
2126
2121
2114
2105
2099
2105
2119
2138
2125
2106
2088
2126
2126
2105
2134
2136
2138
2114
2126
2133
2123
2163
2149
2136
2160
2143
2157
2165
2188
2160
2160
2165
2174
2174
2192
2163
2170
2205
2216
2185
2193
2194
2191
2217
2202
2214
2193
2191
2205
2266
2233
2213
2220
2191
2149
2124
2066
2061
2025
1995
2008
1998
1993
2019
2090
2133
2160
2210
2288
2320
2354
2358
2330
2286
2233
2187
2146
2096
2058
2007
1952
1965
1955
1983
1988
2082
2056
2128
2197
2201
2212
2262
2280
2238
2186
2187
2171
2102
2057
1992
1926
1923
1832
1861
1865
1928
1974
2064
2141
2192
2272
2332
2380
2386
2394
2368
2359
2335
2245
2188
2145
2088
2032
1940
1866
1843
1863
1862
1926
1957
1999
2031
2086
2133
2180
2222
2168
2196
2183
2151
2128
2079
2104
2064
2074
2078
2075
2088
2045
2064
2089
2122
2121
2133
2182
2175
2165
2146
2130
2158
2117
2103
2049
2032
2013
2012
2043
2028
1967
1971
1986
1917
1934
1942
1903
1925
1930
2152
2181
2198
2175
2169
2141
2084
2036
1952
1928
1965
2101
2208
2251
2232
2196
2195
2203
2236
2219
2228
2227
2254
2213
2145
2040
1960
1915
1832
1702
1552
1510
1634
1876
2140
2306
2396
2417
2360
2255
2147
2092
2075
2109
2161
2159
2141
2128
2123
2103
2105
2159
2204
2254
2246
2189
2131
2097
2094
2028
1954
1931
2030
2191
2314
2330
2253
2181
2172
2216
2250
2204
2158
2170
2196
2163
2012
1810
1702
1712
1814
1948
2019
2044
2084
2142
2226
2260
2272
2288
2316
2305
2220
2063
1949
1887
1902
1909
1898
1908
1935
1984
2036
2062
2101
2169
2236
2300
2301
2282
2223
2155
2111
2092
2066
2027
1970
1970
2048
2127
2161
2162
2153
2197
2283
2375
2408
2412
2020
1972
1940
1954
1977
2031
2091
2168
2237
2281
2293
2248
2185
2098
2015
1988
1981
2015
2063
2116
2168
2204
2242
2248
2228
2212
2194
2178
2148
2094
2042
1996
1984
1987
2025
2076
2137
2198
2233
2245
2219
2150
2096
2027
2001
1994
2050
2118
2176
2241
2253
2243
2176
2098
2008
1931
1912
1945
2033
2152
2264
2329
2352
2323
2264
2167
2070
1996
1963
1996
2063
2153
2213
2236
2204
2132
2035
1958
1890
1894
1938
2050
2160
2261
2296
2273
2189
2066
1949
1849
1806
1828
1920
2066
2196
2296
2320
2243
2136
2048
1970
1941
1965
2035
2139
2212
2251
2246
2196
2134
2080
2067
2081
2100
2162
2207
2223
2196
2133
2012
1914
1869
1854
1891
1968
2056
2110
2122
2186
2328
2352
2230
2062
1995
1975
1950
2021
2138
2171
2147
2081
2083
2094
2098
2043
1927
1791
1790
1932
2120
2272
2302
2243
2168
2030
1948
1916
2008
2073
2052
1991
2002
2026
2066
2195
2392
2505
2482
2376
2259
2118
1983
1864
1828
1831
1798
1775
1864
2024
2227
2361
2374
2348
2321
2212
2067
2001
2019
2048
2015
1990
2053
2146
2194
2126
2062
2085
2081
1955
1812
1900
2085
2167
2198
2320
2411
2351
2237
2212
2263
2188
2019
1897
1858
1845
1817
1860
1950
2017
2074
2104
2104
2118
2116
2040
1928
1873
1918
2002
2117
2254
2372
2408
2342
2214
2070
1978
1870
1789
1830
1907
1928
1923
2036
2171
2201
2147
2144
2165
2100
2011
2012
2036
2056
2076
2105
2172
2036
1888
1785
1778
1888
2063
2258
2384
2418
2337
2178
1976
1829
1802
1888
2038
2206
2329
2385
2344
2226
2080
1951
1906
1964
2066
2164
2215
2225
2178
2097
2016
1987
2033
2156
2278
2346
2322
2228
2093
1965
1883
1864
1896
1958
2017
2074
2136
2163
2160
2116
2025
1917
1838
1805
1831
1914
2050
2199
2330
2408
2402
2344
2240
2102
1958
1825
1740
1720
1786
1911
2100
2293
2440
2489
2426
2270
2101
1957
1866
1849
1903
2023
2169
2307
2378
2360
2277
2185
2131
2147
2212
2299
2370
2414
2394
2312
2180
2056
1992
1997
2037
2065
2067
2035
1991
1928
1847
1788
1808
1937
2141
2351
2490
2533
2447
2260
2023
1826
1749
1820
2007
2222
2374
2422
2366
2256
2616
2368
2149
1980
1830
1721
1756
1994
2334
2571
2574
2445
2284
2082
1830
1624
1513
1536
1680
2014
2367
2598
2632
2520
2276
2002
1844
1840
1903
1950
2039
2183
2308
2313
2255
2164
2084
2046
2022
1969
1915
2022
2269
2476
2463
2273
2079
1937
1807
1686
1652
1780
2027
2313
2494
2518
2435
2332
2182
1966
1814
1809
1855
1859
1916
2116
2350
2450
2453
2407
2233
1946
1751
1777
1941
2087
2196
2300
2392
2414
2344
2229
2106
2012
1929
1828
1811
1888
2019
2110
2247
2382
2370
2157
1893
1784
1856
1976
2056
2096
2177
2313
2327
2183
2032
1992
1930
1736
1552
1680
2068
2432
2621
2619
2450
2173
1858
1646
1559
1631
1886
2167
2355
2464
2508
2428
2132
1759
1852
1856
1876
1867
1834
1827
1885
1988
2116
2242
2323
2331
2263
2150
1998
1841
1746
1776
1915
2085
2214
2310
2410
2493
2504
2393
2181
1938
1800
1833
1997
2198
2336
2371
2337
2280
2229
2174
2064
1908
1755
1708
1812
2012
2230
2394
2452
2416
2278
2060
1796
1607
1605
1809
2136
2412
2502
2394
2170
1973
1878
1840
1805
1760
1768
1908
2138
2328
2350
2226
2108
2109
2204
2278
2230
2091
1990
1992
2021
1977
1851
1758
1800
1928
1983
1907
1795
1820
2044
2348
2534
2510
2369
2230
2119
2044
2009
2092
2332
2574
2661
2525
2227
1914
1702
1578
1575
1756
2120
2538
2787
2736
2468
2190
2007
1859
1678
1542
1617
1920
2248
2334
2213
2095
2098
2120
2051
1902
2239
2413
2402
2341
2298
2216
2015
1794
1763
1946
2104
2094
2001
2024
2221
2431
2491
2377
2200
2014
1812
1536
1276
1208
1451
1944
2432
2632
2544
2410
2425
2558
2576
2347
1990
1728
1658
1684
1731
1850
2092
2436
2734
2826
2640
2291
1963
1815
1852
1924
1890
1754
1678
1818
2199
2668
3028
3080
2787
2281
1761
1428
1376
1494
1708
1908
2088
2248
2368
2370
2256
2120
2081
2143
2225
2246
2198
2208
2340
2508
2511
2286
1923
1651
1602
1791
2061
2206
2152
1980
1822
1810
1984
2263
2524
2692
2701
2566
2383
2195
1984
1783
1596
1482
1497
1649
1897
2190
2468
2669
2742
2594
2228
1740
1349
1292
1678
2320
2945
3214
3054
2518
1903
1429
1237
1330
1641
2039
890
1206
1647
1896
1960
1998
2031
1899
1615
1395
1464
1648
1659
1455
1314
1494
1887
2285
2556
2805
3038
3074
2703
2101
1622
1543
1808
2241
2743
3138
3242
3069
2694
2271
1927
1766
1850
2076
2158
1855
1311
914
860
1001
1152
1439
2064
2826
3222
2995
2435
2164
2296
2505
2548
2625
2973
3408
3440
2984
2391
2017
1771
1372
977
928
1335
1767
1904
1845
1796
1718
1457
1241
1406
1951
2530
2873
2983
3011
2838
2380
1774
1455
1562
1870
2173
2489
2747
2761
2418
1908
1454
1203
1172
1322
1633
1970
2178
2295
2356
2309
2104
1906
1982
2300
2605
2684
2582
2359
2204
2084
2120
2328
2637
2858
2742
2353
1792
1243
899
823
1010
1486
2103
2586
2654
2302
1685
1681
1768
1887
1978
2014
2073
2177
2313
2434
2473
2443
2412
2397
2371
2304
2173
2021
1916
1906
1952
2020
2042
2010
1963
1930
1921
1960
2055
2196
2377
2524
2614
2600
2509
2346
2144
1916
1686
1487
1383
1414
1603
1903
2226
2465
2543
2453
2256
2052
1867
1707
1630
1605
1684
1868
2138
2429
2658
2761
2654
2343
1917
1500
1192
1092
1283
1743
2424
3148
3644
3731
3340
2561
1572
612
1
2
28
746
1783
2771
3450
3703
3510
2972
2229
1435
837
696
1075
1811
2600
3170
3416
3358
3090
2679
2242
1905
1812
1951
2179
2322
2254
2010
1688
1439
1332
1430
1728
2185
2616
2870
2886
2757
2607
2487
2373
2242
2124
2099
2167
2241
2194
2031
1889
1848
4008
4095
4095
3839
3164
2156
1067
260
52
431
1139
1766
2132
2216
2233
2264
2187
1831
1314
852
770
1148
1845
2588
3130
3360
3408
3360
3072
2517
1704
927
536
728
1385
2230
2894
3129
3031
2734
2272
1636
899
159
1
3
374
1292
2251
3076
3640
3967
4095
4040
3670
3140
2679
2508
2650
2817
2779
2352
1728
1166
730
275
3
1
2
1
3
1220
2731
4052
4095
4095
4095
4095
4095
4095
2820
1726
1076
692
324
16
2
393
1066
1739
2040
1953
1773
1836
2217
2737
3236
3755
4095
4095
4095
3810
2865
1686
571
1
3
3
3
99
1024
2260
3463
4095
4095
4095
4095
3404
2390
1406
653
234
222
660
1253
1838
2320
2560
4095
4095
4095
4095
4095
3197
1912
701
3
2
2
2
3
113
804
1539
2272
3025
3841
4095
4095
4095
4095
4095
3933
2782
1476
320
2
3
2
1
51
646
1453
2428
3533
4095
4095
4095
4095
4095
4095
4095
3111
1871
725
3
2
1
1
0
2
2
10
1224
2655
3951
4095
4095
4095
4095
4095
4095
4095
3621
2099
618
2
2
2
1
3
0
3
1
204
1000
2091
3438
4095
4095
4095
4095
4095
4095
4095
4050
3357
2562
1578
397
3
2
4
2
2
2
2
3
440
1664
2958
4095
4095
4095
4095
4095
4095
4095
4095
4095
4095
3047
1481
43
2
4
4
2
4
3
3
2
4
1156
3116
4095
