2097
2098
2103
2099
2096
2106
2115
2084
2109
2106
2096
2100
2110
2101
2093
2099
2100
2101
2088
2112
2096
2104
2103
2086
2098
2081
2092
2097
2082
2079
2095
2080
2082
2092
2095
2095
2099
2084
2082
2103
2104
2096
2100
2094
2089
2099
2102
2083
2096
2099
2092
2104
2096
2080
2090
2092
2099
2107
2090
2104
2098
2116
2114
2091
2113
2091
2088
2098
2065
2098
2109
2108
2104
2101
2085
2070
2084
2088
2082
2089
2093
2077
2086
2066
2069
2067
2083
2092
2087
2075
2071
2078
2091
2101
2103
2103
2096
2097
2100
2108
2084
2089
2083
2105
2091
2086
2104
2092
2092
2087
2106
2096
2085
2078
2093
2088
2097
2085
2078
2104
2098
2088
2074
2077
2072
2082
2083
2095
2096
2088
2106
2105
2115
2108
2088
2093
2094
2102
2105
2099
2107
2097
2085
2076
2070
2097
2105
2095
2088
2069
2083
2096
2091
2093
2102
2116
2106
2103
2099
2133
2109
2115
2095
2104
2098
2099
2101
2107
2114
2109
2101
2099
2103
2092
2103
2093
2086
2112
2079
2098
2103
2100
2074
2086
2101
2104
2076
2076
2090
2103
2106
2104
2084
2098
2086
2094
2086
2092
2085
2097
2094
2091
2098
2104
2098
2104
2095
2110
2097
2088
2105
2090
2082
2108
2096
2130
2110
2114
2089
2076
2084
2101
2108
2099
2089
2072
2084
2096
2106
2103
2111
2112
2111
2097
2118
2116
2100
2106
2106
2105
2096
2124
2116
2083
2088
2093
2116
2110
2114
2116
2108
2112
2097
2092
2092
2092
1971
1960
1959
1956
1950
1955
1954
1982
1967
1972
1964
1977
1998
1978
1972
1998
2012
2033
2038
2037
2042
2067
2076
2077
2092
2121
2129
2117
2126
2125
2139
2157
2169
2184
2213
2193
2225
2197
2209
2210
2219
2218
2201
2200
2218
2197
2204
2205
2180
2177
2173
2161
2151
2147
2136
2138
2108
2096
2109
2112
2085
2061
2045
2037
2029
2037
2036
2031
2003
1992
1999
2000
1989
1983
1996
1975
1970
1984
1999
1999
1972
1983
2006
2010
2016
2023
2046
2041
2055
2072
2077
2103
2104
2120
2130
2141
2152
2158
2196
2188
2197
2195
2204
2211
2222
2215
2223
2208
2232
2239
2254
2276
2258
2255
2264
2272
2254
2255
2244
2243
2223
2236
2205
2185
2188
2157
2146
2123
2322
2311
2270
2260
2229
2189
2135
2089
2053
2019
1967
1944
1941
1906
1893
1890
1890
1901
1932
1955
1962
1975
1992
2008
2015
2004
2014
1982
1979
1983
1966
1967
1944
1942
1928
1926
1924
1916
1926
1915
1922
1922
1938
1958
1971
1998
2020
2047
2071
2095
2079
2077
2095
2082
2087
2079
2094
2099
2120
2157
2196
2249
2309
2336
2378
2426
2453
2492
2476
2465
2437
2386
2326
2244
2173
2131
2066
2008
1992
1955
1968
2003
2048
2080
2119
2170
2194
2215
2253
2226
2218
2180
2142
2112
2056
2043
2024
1999
2010
2034
2071
2092
2114
2154
2172
2193
2190
2167
2112
2081
2038
1986
1950
1898
1861
1834
1820
1854
1866
1916
1971
2032
2098
2140
2206
2238
2270
2292
2275
2292
2293
2281
2279
2229
2200
2132
2080
2056
2048
2044
2030
2053
2073
2083
2092
2083
2099
2121
2122
2136
2138
2183
2184
2208
2236
2205
2192
2173
2156
2150
2139
2117
2110
2086
2077
2076
2034
2028
2002
1994
1976
1964
1983
1994
2027
2062
2108
2160
2211
2236
2239
2225
2222
2204
2177
2104
2060
2014
1997
1954
1935
1934
1933
1917
1928
1939
1960
1959
1972
1979
2001
2036
2067
2091
2107
2143
2161
2188
2200
2209
2224
2220
2192
2208
2220
2187
2177
2142
2110
2084
2072
2067
2037
2016
2021
1998
2000
2018
2025
2037
2059
2089
2134
2176
2238
2256
2262
2285
2264
2253
2231
2180
2140
2061
2014
1925
1871
1808
1769
1719
1710
1718
1745
1777
1846
1929
1996
1860
1752
1664
1619
1619
1662
1719
1775
1878
1991
2080
2159
2182
2200
2222
2200
2175
2135
2098
2091
2098
2129
2196
2269
2356
2439
2491
2492
2433
2389
2309
2195
2099
1983
1911
1835
1780
1764
1784
1778
1832
1913
1997
2094
2187
2255
2266
2228
2190
2120
2078
2062
2091
2152
2244
2378
2473
2546
2556
2520
2451
2333
2182
2088
1967
1901
1829
1822
1773
1780
1783
1776
1780
1845
1945
2048
2145
2220
2281
2281
2261
2202
2112
2043
2001
1992
2016
2068
2144
2203
2215
2214
2183
2143
2097
2061
2023
2038
2041
2060
2067
2071
2067
2036
2018
1969
1941
1894
1880
1866
1859
1850
1870
1902
1956
2029
2133
2211
2304
2368
2441
2485
2463
2418
2365
2284
2188
2184
2117
2067
2040
2027
2020
2048
2048
2089
2123
2139
2123
2087
2034
1956
1868
1792
1733
1721
1785
1870
1984
2084
2188
2256
2304
2307
2307
2280
2215
2147
2105
2070
2022
1966
1959
1954
1949
1964
1986
2032
2082
2116
2141
2176
2221
2219
2208
2182
2144
2124
2081
2035
1988
1927
1913
1905
1918
1893
1891
1904
1948
1966
1989
2001
2031
2080
2116
2164
2204
2256
2288
2318
2360
2368
2401
2414
2419
2375
2342
2317
2271
2198
2145
2073
2039
1981
1919
1896
1867
1866
1861
1891
1914
1952
2022
2061
2086
2136
2189
2199
2196
2162
2158
2151
2097
2058
2000
1939
1903
1896
1891
1897
1898
1898
1939
1939
1962
2002
2030
2057
2072
2101
2146
2154
2184
2208
2221
2339
2434
2493
2489
2400
2260
2134
2011
1905
1878
1797
1757
1687
1644
1655
1718
1819
1948
2059
2161
2207
2197
2174
2111
2020
1933
1905
1976
2142
2356
2569
2725
2791
2760
2648
2510
2315
2100
1861
1610
1383
1294
1322
1488
1707
1942
2072
2111
2077
2013
1972
1994
2066
2150
2215
2238
2266
2280
2278
2275
2208
2082
1948
1811
1767
1832
2026
2276
2527
2706
2718
2595
2412
2198
1927
1696
1484
1349
1308
1367
1547
1792
2019
2198
2310
2419
2528
2635
2743
2765
2750
2654
2563
2502
2476
2362
2183
1944
1691
1441
1299
1284
1316
1415
1542
1725
1949
2183
2416
2552
2634
2637
2598
2572
2504
2455
2383
2287
2189
2088
2012
1902
1838
1779
1745
1763
1779
1813
2461
2366
2291
2165
2033
1922
1831
1746
1693
1712
1784
1914
2070
2233
2387
2525
2632
2684
2714
2658
2575
2418
2217
1983
1772
1564
1379
1269
1255
1330
1521
1758
2028
2272
2491
2629
2694
2708
2613
2440
2276
2046
1816
1599
1408
1267
1201
1251
1424
1654
1989
2303
2612
2876
3068
3123
3096
2983
2820
2567
2320
2069
1845
1681
1569
1558
1611
1708
1861
2054
2215
2359
2462
2506
2479
2409
2318
2175
2052
1929
1837
1766
1732
1721
1743
1771
1808
1864
1929
1961
2007
2048
2050
2048
2036
2029
2062
2095
2218
2307
2415
2471
2499
2457
2392
2283
2135
1975
1838
1736
1674
1642
1691
1758
1940
2107
2290
2485
2622
2673
2660
2594
2459
2271
2093
1920
1819
1733
2271
2282
2319
2336
2270
2119
1922
1756
1651
1585
1598
1678
1764
1836
1844
1809
1751
1748
1857
2080
2357
2572
2637
2578
2514
2495
2529
2614
2657
2582
2388
2185
1997
1874
1801
1681
1574
1477
1436
1430
1441
1524
1640
1807
2011
2219
2361
2418
2358
2311
2307
2379
2496
2617
2656
2590
2443
2263
2096
2012
1915
1818
1702
1540
1399
1286
1230
1242
1369
1532
1772
2002
2242
2438
2621
2808
2980
3184
3340
3393
3308
3104
2840
2530
2281
2048
1813
1516
1205
940
772
729
788
926
1070
1217
1354
1580
1851
2125
2365
2600
2766
2913
3058
3144
3141
3095
2941
2789
2608
2443
2282
2078
1876
1708
1556
1430
1386
1345
1349
1321
1332
1376
1475
1645
1845
2038
1907
2253
2621
2979
3254
3448
3454
3299
3000
2548
2004
1510
1100
825
670
706
886
1190
1547
1918
2269
2526
2698
2759
2715
2616
2498
2406
2320
2276
2320
2322
2338
2317
2211
2061
1883
1681
1480
1291
1152
1109
1202
1426
1762
2203
2649
3102
3479
3717
3803
3739
3530
3175
2743
2276
1800
1352
968
692
523
479
538
696
908
1179
1513
1898
2254
2639
2987
3229
3367
3357
3246
2969
2648
2293
1938
1677
1510
1456
1523
1688
1885
2105
2304
2470
2576
2605
2572
2470
2364
2240
2172
2158
2193
2268
2333
2366
2358
2297
2174
2030
1840
1649
1462
1277
1126
1079
1147
1270
1519
1795
2121
2432
2711
2963
3150
3290
3357
3331
3234
3052
2752
2383
1976
1588
1028
1208
1438
1676
1972
2255
2543
2769
2994
3120
3179
3173
3085
2972
2802
2645
2452
2286
2166
2044
1993
1961
1949
1950
2041
2127
2234
2371
2490
2569
2594
2598
2528
2411
2287
2121
1925
1713
1430
1170
941
782
719
793
953
1241
1593
1980
2349
2711
3032
3288
3473
3539
3575
3504
3348
3089
2732
2324
1903
1473
1161
909
830
864
1017
1256
1516
1812
2036
2213
2321
2388
2387
2351
2301
2191
2029
1861
1698
1519
1413
1350
1382
1514
1707
1920
2176
2425
2639
2815
2957
3042
3079
3104
3084
2963
2777
2563
2317
2029
1768
1544
1359
1220
1124
1081
1072
1104
1142
1203
1365
1548
1797
2065
2357
2629
2838
2990
3046
3018
2920
2762
2577
2421
2264
2169
2079
2436
2770
2984
3182
3328
3373
3394
3352
3246
3154
3011
2884
2777
2666
2562
2396
2159
1857
1492
1119
837
626
480
470
574
789
1063
1409
1810
2231
2726
3219
3680
4072
4095
4095
4095
4095
3779
3200
2592
2010
1525
1184
965
849
823
848
936
1037
1184
1344
1492
1612
1686
1742
1784
1838
1964
2136
2332
2523
2708
2864
2998
3143
3252
3337
3373
3280
3076
2708
2259
1735
1280
920
748
722
824
993
1157
1297
1468
1646
1839
2085
2407
2714
2985
3164
3266
3228
3087
2911
2681
2515
2367
2284
2188
2113
2018
1906
1775
1583
1335
1091
910
806
829
933
1146
1424
1773
2144
2522
2848
3193
3433
3553
3532
3347
3018
2577
2176
1848
1607
1416
4095
4084
3920
3631
3241
2707
2144
1540
935
407
25
0
1
0
288
752
1272
1836
2420
2916
3370
3713
3958
4086
4088
3970
3645
3187
2623
1998
1389
828
391
136
93
253
586
1026
1581
2091
2579
3006
3329
3556
3686
3737
3662
3510
3188
2760
2270
1674
1052
493
18
1
0
0
173
720
1414
2118
2846
3495
4026
4095
4095
4095
4095
4095
3780
3209
2532
1805
1082
405
0
0
1
0
1
300
955
1740
2512
3243
3897
4095
4095
4095
4095
4095
4095
3546
2761
1894
1041
270
1
0
1
1
0
336
1048
1784
2498
3168
3775
4095
4095
4095
4095
4095
4095
3441
2643
1772
914
198
2
0
0
1
0
268
932
1656
23
623
1322
2120
2912
3711
4095
4095
4095
4095
4095
4095
4095
4095
4095
4015
3318
2618
1987
1462
995
611
232
1
4
1
0
1
1
0
1
0
576
1394
2270
3088
3758
4095
4095
4095
4095
4095
4095
4095
4095
3784
3418
3062
2701
2354
1995
1630
1273
913
563
211
1
2
1
2
147
568
1068
1644
2258
2800
3272
3596
3817
3864
3806
3656
3488
3282
3092
2937
2780
2587
2373
2108
1775
1352
921
484
80
0
1
1
129
662
1298
1972
2665
3246
3690
4024
4095
4095
4095
4095
4032
3953
3872
3827
3694
3474
3140
2635
1995
1193
256
0
0
0
1
0
1
0
0
0
0
357
1465
2515
3491
4095
4095
4095
