2103
2096
2126
2092
2098
2110
2112
2097
2104
2093
2109
2098
2098
2118
2115
2095
2143
2127
2112
2095
2084
2104
2104
2088
2100
2120
2082
2076
2100
2089
2084
2098
2080
2119
2089
2118
2123
2109
2077
2090
2142
2080
2055
2096
2082
2104
2107
2117
2100
2089
2095
2090
2077
2079
2096
2094
2095
2109
2079
2098
2088
2101
2087
2086
2065
2099
2093
2086
2082
2102
2094
2073
2082
2099
2078
2092
2073
2085
2079
2090
2096
2086
2097
2087
2091
2088
2072
2060
2078
2113
2110
2107
2076
2072
2084
2081
2075
2110
2082
2114
2092
2106
2104
2082
2072
2104
2104
2115
2091
2096
2092
2112
2088
2091
2078
2102
2080
2100
2069
2068
2115
2109
2075
2096
2064
2088
2050
2053
2094
2112
2102
2088
2105
2084
2089
2089
2079
2069
2107
2087
2084
2097
2104
2094
2069
2104
2100
2088
2067
2085
2068
2083
2067
2092
2094
2085
2087
2097
2081
2078
2088
2108
2100
2109
2086
2090
2089
2109
2099
2120
2088
2092
2090
2079
2083
2085
2119
2120
2088
2065
2101
2082
2084
2112
2100
2109
2104
2085
2099
2113
2124
2144
2108
2096
2089
2112
2113
2107
2109
2119
2107
2122
2095
2088
2103
2119
2086
2086
2098
2074
2089
2105
2101
2069
2101
2107
2091
2122
2110
2122
2096
2106
2114
2123
2117
2146
2122
2107
2119
2121
2081
2083
2102
2120
2124
2126
2102
2102
2123
2077
2107
2077
2101
2104
2134
2082
2095
2113
2101
2129
2102
2106
2108
2105
2094
2103
2086
2071
2090
2115
2135
2112
2137
2144
2154
2143
2141
2104
2152
2174
2141
2160
2126
2117
2142
2117
2117
2110
2123
2143
2120
2096
2072
2076
2097
2107
2087
2121
2126
2120
2131
2130
2142
2132
2115
2133
2138
2150
2143
2116
2110
2116
2080
2088
2071
2040
2036
2011
2018
2018
2020
2040
2025
2015
2040
2053
2084
2100
2112
2123
2139
2141
2135
2159
2160
2164
2161
2155
2142
2154
2139
2080
2063
2047
2040
2049
2023
2021
2006
2026
2031
1982
2023
2086
2119
2089
2093
2091
2111
2124
2117
2115
2130
2117
2122
2119
2105
2060
2044
2061
2049
2038
2038
2071
2055
2052
2090
2094
2122
2128
2134
2153
2173
2159
2144
2172
2168
2118
2110
2090
2047
2047
2024
2045
2070
2094
2092
2057
2008
1989
1996
1980
1979
1986
2033
2084
2147
2131
2166
2188
2223
2221
2198
2203
2177
2139
2120
2070
2096
2051
2051
2079
2109
2162
2145
2163
2182
2177
2198
2200
2164
2162
2120
2096
2047
2029
1975
2003
2033
2035
2039
2078
2069
2087
2087
2085
2052
2045
2030
2041
2072
2136
2119
2164
2212
2211
2183
2164
2117
2059
1993
2015
1961
1981
2002
2039
2069
2100
2120
2133
2132
2146
2135
2125
2108
2104
2045
2028
2028
2020
2080
2143
2174
2162
2178
2147
2107
2074
1996
1953
1978
1950
1974
1992
2025
2049
2092
2092
2078
2144
2095
2095
2105
2071
2067
2042
2021
2017
2077
2081
2105
2115
2124
2104
2111
2156
2137
2159
2191
2191
2168
2116
2202
2129
2043
1940
1963
1991
2118
2240
2362
2396
2281
2183
2055
1998
1963
2039
2089
2159
2140
2063
1985
1986
1999
1994
2033
2031
2082
2110
2094
2086
2058
2071
2057
2085
2105
2103
2091
2007
2014
2014
2123
2173
2184
2136
2071
2031
1970
1933
1968
1988
2055
2057
2075
2053
2085
2137
2153
2129
2143
2115
2158
2191
2145
2125
2099
2016
2008
1996
2030
2028
2092
2169
2179
2191
2197
2143
2132
2110
2090
2116
2135
2211
2216
2250
2263
2261
2259
2219
2171
2128
2062
2059
2002
1999
2068
2133
2104
2104
2103
2102
2126
2093
2066
2038
2002
2014
2061
2099
2114
2168
2172
2176
2157
2091
2030
1984
1951
1941
2008
2136
2209
2263
2279
2236
2124
2037
1954
1973
2127
2035
2042
2088
2137
2191
2201
2171
2055
1972
1920
1955
2075
2140
2175
2190
2090
1988
1945
1976
2055
2159
2201
2127
2044
2052
2080
2129
2172
2222
2171
2093
1995
2032
2097
2144
2207
2226
2134
2034
2003
1977
2052
2088
2087
2020
1957
1959
2026
2062
2140
2179
2113
2028
1933
1953
2008
2132
2170
2178
2119
2037
1968
1921
1957
2060
2127
2176
2201
2178
2130
2142
2182
2166
2107
2075
2087
2073
2091
2118
2072
2033
1985
1973
2009
2094
2209
2172
2166
2101
2044
2032
2112
2141
2158
2196
2161
2117
2064
2036
2028
2084
2094
2061
2050
2059
2042
2061
2122
2195
2145
2120
2145
2133
2138
2131
2171
2212
2121
2035
2038
2006
1978
2064
2108
2094
2061
2109
2274
2097
1916
1856
1883
1976
2045
2137
2176
2110
2031
2056
2056
2126
2260
2329
2292
2245
2115
1932
1832
1904
2020
2065
2088
2031
1941
2017
2157
2279
2322
2245
2082
1893
1908
1984
1981
2037
2120
2119
2127
2111
2050
2080
2142
2167
2159
2199
2201
2133
2106
2068
1994
2034
2164
2110
2044
2054
2139
2100
2146
2213
2093
2042
2050
2072
2142
2193
2146
2011
2007
2015
1991
1949
2023
2044
2063
2147
2194
2097
2076
2094
2014
2002
2074
2097
2172
2228
2166
2097
2096
2103
2122
2199
2203
2152
2067
2109
2114
2100
2133
2200
2118
2031
2127
2160
2134
2148
2136
2072
2046
1995
1975
2086
2160
2157
2110
2016
1934
1882
1878
2024
2192
2278
2269
2150
1977
1840
1999
1990
2064
2227
2274
2096
1913
1886
2059
2197
2143
2078
2154
2199
2091
1908
1896
1978
2073
2111
2115
2008
1928
1956
2062
2112
2126
2113
2092
2028
2001
2093
2197
2168
2012
2052
2126
2149
2091
2039
2044
2061
2126
2109
1931
1817
1946
2208
2283
2237
2206
2125
2010
1940
1918
1936
2110
2368
2406
2121
1857
1866
2106
2315
2418
2307
2078
1874
1875
1981
2148
2270
2326
2207
2041
1912
1920
2061
2253
2306
2111
1944
2021
2164
2153
2159
2271
2318
2216
2019
1786
1734
1912
2096
2207
2284
2230
2011
1845
1932
2240
2344
2244
2079
1929
1872
1871
1929
2056
2308
2434
2287
2010
1896
1945
1992
2013
2078
2138
2147
2084
2015
2070
2290
2387
2271
2097
1997
1904
1937
1940
2026
2123
2208
2275
2185
2036
1864
1781
1916
2066
2179
2230
2171
2108
2088
2155
2213
2259
2181
2043
1925
1933
2104
2239
2313
2244
2047
1920
1904
1914
1968
2057
2117
2140
2060
1946
1861
1927
2057
2164
2203
2123
2009
1983
2049
2161
2224
2287
2211
2057
1925
1981
2100
2250
2232
2090
1998
1952
2047
2201
2326
2330
2257
2115
1986
1972
2071
2184
2235
2194
2104
2050
2036
2018
2000
2013
2112
2205
2235
2154
2004
1889
1919
2099
2305
2430
2349
2147
1969
1859
1877
2019
2176
2366
2399
2320
2154
1934
1848
1930
2017
2022
2072
2153
2283
2398
2401
2266
2091
1981
1938
2036
2149
2217
2179
2140
2119
2163
2188
2073
1901
1817
1933
2075
2129
2205
2043
1818
1760
1916
2214
2357
2220
1904
1756
1796
2010
2195
2302
2298
2086
1875
1848
2116
2387
2483
2319
2072
1909
1915
2106
2285
2386
2307
2118
1892
1728
1728
1923
2249
2539
2671
2476
2133
1821
1702
1754
1981
2261
2379
2258
2110
1975
1931
1985
2151
2246
2185
2006
1885
1858
1997
2282
2455
2440
2307
2106
2013
2004
2020
2059
2071
2068
2155
2297
2391
2396
2161
1845
1641
1696
1995
2338
2482
2321
1997
1768
1730
2067
2487
2659
2450
2047
1623
1500
1756
2155
2513
2533
2344
2052
1845
1882
2134
2305
2267
2026
1771
1680
1866
2172
2416
2384
2171
1868
1663
1744
1981
2292
2560
2536
2264
1908
1690
1709
1920
2131
2241
2197
2054
1965
1952
1972
2034
1770
1875
2118
2360
2595
2547
2044
1593
1561
1797
2140
2443
2503
2216
1762
1448
1503
1948
2568
2998
2810
2227
1681
1282
1112
1523
2316
2826
2788
2563
2356
2049
1722
1778
2186
2403
2220
2043
2016
1985
2055
2289
2535
2637
2400
1916
1586
1639
1859
2067
2334
2453
2178
1868
1861
2157
2441
2358
2130
2022
2038
2054
2178
2402
2421
2136
1765
1540
1747
2320
2633
2353
1886
1822
1950
1973
1892
2035
2454
2755
2506
1958
1552
1605
2050
2486
2615
2437
2229
2152
2088
1974
1986
2005
1937
1814
1814
1860
1983
2238
2441
2547
2397
2041
1611
1456
1618
1904
2230
2523
2639
2339
1837
1523
1525
1697
2045
2537
2916
2960
2596
2031
1607
1539
1832
2214
2419
2800
2736
2596
2660
2722
2498
1871
1157
755
736
1162
2130
3220
3738
3401
2549
1667
1277
1441
1968
2316
2301
1983
1631
1573
1961
2472
2613
2301
1864
1656
1750
2064
2456
2644
2442
2099
1912
1973
2244
2614
2723
2249
1421
844
948
1656
2610
3457
3732
3099
1980
1190
949
1137
1748
2663
3300
3136
2304
1482
1042
964
1186
1749
2504
2993
3065
2956
2800
2471
1791
1043
688
1034
1746
2488
3236
3811
3830
2991
1602
593
472
1158
2222
3155
3616
3466
2719
1604
688
526
1170
2090
2703
2878
2777
2446
1796
1219
1231
1895
2526
2660
2492
2384
2235
1864
1418
1333
1600
1895
1978
2030
2207
2540
2731
2725
2520
2271
2011
1780
1700
1839
2187
2564
2716
1294
848
505
371
495
994
1877
3175
4095
4095
4095
4095
4095
2358
12
0
0
0
840
2803
3808
3651
2641
1463
839
1020
1902
3140
4080
4095
3592
2114
463
2
1
849
2784
4095
4095
4095
4095
2725
707
0
0
2
1
813
1736
2405
2850
3191
3522
3792
3987
3907
3664
3167
2513
1703
791
12
1
3
218
1037
2027
3008
3825
4095
4095
3604
2509
1147
1
0
0
14
1175
2870
4095
4095
4095
4095
4095
3814
2536
1423
852
742
778
730
460
1
1
0
0
869
2313
3876
4095
4095
4095
4095
3257
1610
87
0
1
0
234
1832
3554
4095
4095
4095
4095
4095
4095
4095
3165
1668
1
0
1
0
2
1
3329
3760
4095
4095
4095
4095
4095
4095
4095
3953
3143
2242
1348
584
49
0
0
1
3
194
352
449
453
452
515
763
1181
1914
2871
4024
4095
4095
4095
4095
4095
4095
4095
4095
4089
1990
0
0
1
1
0
0
0
1
1
1333
3327
4095
4095
4095
4095
4095
4095
4095
3624
2324
1020
2
1
1
0
0
2
200
1342
2587
3732
4095
4095
4095
4095
4095
4095
4095
4095
3445
2423
1470
643
1
1
1
0
0
10
392
820
1224
1549
1785
1949
2015
2069
2181
2305
2464
2669
2851
3039
3191
3313
3440
3605
3829
4056
4095
4095
4095
3955
3415
2621
1624
465
1
1
0
0
0
0
0
1
1
309
1545
278
0
1
0
0
1
0
0
0
1
0
13
361
813
1270
1751
2258
2729
3179
3608
3981
4095
4095
4095
4095
4095
4095
4095
4095
4095
4095
4080
3638
3114
2541
1908
1249
547
1
0
0
0
0
1
1
0
0
0
0
0
0
0
0
0
0
0
0
0
1
2
805
2180
3525
4095
4095
4095
4095
4095
4095
4095
4095
4095
4095
4095
4095
4095
4095
4095
4095
4095
4095
4095
4095
4095
4095
4095
4095
4095
3788
2554
1234
1
2
2
2
2
2
2
3
4
1
1
1
1
1
0
1
0
1
0
0
0
868
2193
3386
4095
4095
4095
4095
4095
4095
4095
4095
4095
4095
4095
4095
4095
