2100
2093
2101
2102
2097
2087
2087
2079
2092
2097
2101
2093
2094
2093
2098
2091
2094
2089
2097
2100
2099
2097
2096
2096
2112
2105
2096
2098
2094
2082
2093
2092
2097
2083
2093
2079
2090
2085
2098
2087
2089
2103
2102
2084
2104
2103
2098
2102
2096
2100
2089
2102
2097
2101
2100
2088
2095
2092
2095
2099
2102
2097
2099
2107
2112
2109
2090
2085
2103
2103
2104
2090
2096
2082
2093
2089
2091
2090
2100
2107
2106
2106
2098
2099
2102
2101
2095
2098
2088
2098
2105
2083
2095
2088
2086
2089
2104
2102
2093
2096
2093
2097
2094
2089
2089
2094
2101
2107
2099
2088
2102
2096
2102
2094
2106
2097
2092
2097
2096
2105
2105
2096
2089
2097
2091
2092
2098
2095
2100
2098
2088
2088
2088
2083
2080
2082
2092
2093
2101
2096
2092
2101
2111
2097
2097
2092
2101
2095
2098
2102
2096
2088
2098
2095
2100
2088
2097
2094
2094
2096
2096
2095
2096
2102
2096
2093
2101
2101
2095
2102
2101
2096
2100
2096
2091
2099
2100
2103
2102
2102
2098
2096
2096
2090
2091
2098
2098
2100
2096
2102
2092
2093
2090
2091
2096
2097
2104
2102
2094
2096
2094
2092
2091
2088
2105
2099
2091
2096
2088
2087
2092
2083
2096
2094
2100
2101
2098
2092
2095
2091
2095
2096
2094
2092
2100
2094
2090
2091
2097
2097
2102
2096
2103
2094
2097
2103
2108
2104
2100
2104
2106
2104
2093
2094
2100
2090
2087
2090
2096
2087
2095
2102
2102
2109
2106
2096
2101
2104
2091
2101
2101
2105
2103
2094
2099
2100
2096
2088
2101
2103
2088
2095
2094
2090
2097
2092
2103
2091
2087
2088
2096
2083
2085
2085
2090
2096
2102
2085
2090
2085
2085
2086
2074
2080
2078
2089
2085
2082
2079
2078
2084
2067
2079
2086
2075
2092
2078
2078
2080
2082
2067
2072
2064
2072
2081
2064
2064
2072
2072
2052
2078
2068
2064
2070
2071
2068
2067
2078
2074
2069
2075
2079
2076
2072
2072
2071
2069
2076
2087
2083
2076
2081
2080
2068
2077
2076
2072
2071
2072
2084
2076
2087
2088
2077
2084
2081
2073
2089
2093
2091
2098
2099
2086
2084
2081
2097
2093
2088
2101
2093
2098
2098
2092
2095
2102
2095
2105
2112
2102
2102
2106
2110
2106
2113
2179
2187
2178
2176
2206
2194
2209
2192
2200
2199
2205
2202
2208
2207
2197
2216
2213
2211
2219
2208
2211
2224
2226
2214
2207
2218
2215
2208
2220
2193
2196
2183
2195
2191
2176
2176
2172
2164
2138
2159
2152
2142
2136
2133
2127
2109
2101
2083
2086
2077
2068
2065
2059
2060
2052
2040
2023
2027
2017
2011
1992
1992
1986
1979
1988
1976
1970
1961
1954
1956
1954
1951
1945
1952
1939
1941
1953
1948
1957
1962
1966
1964
1960
1965
1970
1987
1989
1995
1980
1984
2000
2004
1994
2032
2028
2032
2027
2045
2053
2056
2076
2068
2091
2099
2113
2102
2112
2104
2110
2113
2126
2122
2115
2134
2139
2144
2155
2137
2155
2164
2160
2155
2155
2150
2150
2162
2148
2152
2073
2098
2135
2172
2176
2173
2177
2197
2194
2199
2215
2216
2228
2231
2254
2266
2289
2285
2295
2327
2327
2334
2325
2329
2334
2308
2287
2281
2268
2253
2244
2235
2229
2204
2174
2149
2126
2092
2056
2016
1980
1945
1911
1866
1824
1795
1780
1778
1781
1794
1792
1835
1877
1935
1970
2034
2077
2120
2174
2190
2237
2247
2249
2262
2252
2249
2229
2219
2198
2177
2160
2146
2133
2115
2111
2097
2082
2081
2079
2077
2080
2088
2084
2096
2113
2126
2133
2130
2141
2158
2155
2150
2148
2147
2146
2126
2127
2136
2140
2134
2129
2115
2087
2070
2053
2025
1984
1952
1913
1890
1856
1826
1816
1834
1853
1878
1907
1950
2014
2073
2144
2230
2295
2370
2419
2477
2501
2523
1886
1968
2037
2137
2209
2284
2342
2347
2358
2355
2334
2288
2244
2201
2174
2148
2126
2101
2078
2097
2084
2078
2072
2053
2035
2013
1985
1953
1924
1888
1888
1901
1909
1904
1936
2005
2046
2076
2112
2114
2123
2117
2089
2053
2021
1985
1969
1963
1959
1967
2010
2053
2109
2173
2200
2249
2246
2228
2188
2159
2104
2038
1969
1937
1918
1916
1948
1976
2029
2164
2236
2321
2390
2456
2473
2481
2457
2416
2355
2308
2245
2193
2167
2135
2085
2076
2059
2036
2059
2055
2078
2079
2093
2080
2069
2071
2051
2036
2034
2014
2007
1986
1975
1976
1986
1991
1998
2039
2073
2083
2097
2120
2117
2102
2094
2083
2062
2039
2041
2029
2054
2086
2120
2164
2175
2246
2307
2356
1849
1881
1932
1971
1994
2054
2122
2217
2306
2395
2408
2475
2521
2599
2589
2457
2234
2046
1922
1776
1562
1347
1294
1410
1649
1849
1929
1983
2131
2376
2543
2539
2392
2246
2188
2207
2149
2009
1850
1786
1839
1912
1927
1928
1930
2050
2259
2458
2587
2594
2499
2417
2347
2250
2072
1872
1708
1676
1725
1777
1756
1740
1756
1843
1937
2028
2069
2112
2160
2201
2215
2217
2179
2107
2065
2031
2032
2037
1988
1984
2033
2122
2205
2224
2223
2269
2344
2379
2346
2308
2298
2328
2310
2233
2163
2144
2142
2105
2060
2032
2037
1998
1932
1888
1938
2054
2098
2116
2100
2165
2265
2323
2283
2159
2065
2004
1996
1952
1888
1827
1792
1830
1896
1954
2017
2111
2254
2389
1708
1520
1443
1463
1603
1762
1931
2060
2135
2172
2211
2229
2242
2247
2228
2219
2191
2174
2178
2205
2211
2213
2152
2061
1975
1914
1875
1903
1955
2029
2104
2163
2207
2217
2189
2140
2069
1994
1915
1838
1812
1841
1912
2008
2117
2220
2274
2288
2265
2218
2160
2101
2055
2013
1982
1960
1966
1976
2000
2028
2047
2053
2057
2044
2063
2080
2106
2132
2130
2114
2061
1987
1914
1865
1840
1847
1896
1983
2078
2197
2317
2433
2531
2582
2577
2519
2405
2260
2106
1967
1887
1862
1884
1944
2013
2082
2157
2240
2307
2366
2402
2397
2358
2275
2178
2072
1963
1854
1761
1691
1642
1626
1677
1754
1900
2049
2190
2317
2418
2491
2524
2547
2531
2493
2420
2321
2225
2166
1827
1679
1601
1675
1857
2059
2255
2396
2439
2404
2337
2256
2128
1978
1913
1957
2003
1967
1923
1966
2065
2142
2171
2172
2121
2002
1874
1816
1791
1754
1752
1852
2028
2159
2211
2252
2347
2450
2479
2392
2216
2027
1882
1806
1769
1715
1663
1708
1917
2207
2440
2560
2614
2623
2565
2432
2267
2112
2000
1903
1840
1840
1910
1974
1967
1918
1940
2127
2389
2539
2492
2344
2214
2154
2138
2095
1993
1899
1909
2080
2312
2419
2338
2134
1957
1880
1869
1882
1903
1945
1971
1990
2001
2029
2094
2214
2334
2387
2321
2151
1954
1800
1698
1682
1736
1841
1935
2000
2071
2182
2352
2521
2631
2609
2444
2189
1931
1778
1744
1792
1837
1841
1828
1840
1939
2158
2434
2650
1490
1464
1483
1582
1695
1819
1971
2091
2157
2176
2171
2174
2196
2181
2110
2023
1924
1914
2055
2303
2436
2356
2045
1666
1374
1268
1400
1643
1910
2074
2216
2336
2472
2565
2577
2515
2487
2515
2624
2698
2675
2510
2231
1987
1738
1541
1368
1352
1540
1990
2508
2880
2918
2645
2292
1960
1808
1802
1880
2016
2211
2428
2559
2528
2276
1937
1552
1238
1091
1148
1452
1797
2116
2315
2375
2351
2281
2179
2155
2187
2246
2314
2285
2109
1771
1439
1233
1308
1596
1970
2353
2662
2902
3037
2977
2724
2312
1935
1666
1589
1578
1640
1745
1995
2347
2646
2739
2616
2377
2164
2071
2048
2014
2001
2134
2407
2806
3040
2970
2703
2322
2104
1974
1867
1767
1716
1762
1963
2462
2569
2600
2540
2480
2434
2383
2346
2270
2203
2014
1812
1608
1443
1314
1336
1456
1718
2081
2496
2890
3181
3286
3205
2904
2484
1982
1512
1155
975
1000
1232
1603
2055
2500
2830
2987
2963
2753
2406
2095
1749
1524
1468
1555
1801
2134
2535
2889
3107
3136
2984
2660
2256
1845
1483
1239
1122
1156
1342
1617
1992
2346
2614
2774
2807
2720
2535
2300
2064
1828
1666
1562
1539
1607
1744
1905
2088
2276
2401
2508
2567
2512
2428
2275
2095
1948
1846
1785
1770
1818
1851
1923
1998
2095
2174
2208
2181
2068
1892
1745
1625
1590
1580
1625
1684
1762
1895
2082
2276
2404
2459
2440
2340
2198
2040
1893
1808
1751
1754
1888
2081
2318
2526
2663
2630
2522
2324
2497
2824
3150
3288
3174
2784
2263
1732
1224
784
478
521
946
1652
2290
2689
2803
2707
2634
2619
2472
2135
1767
1616
1703
1856
1825
1572
1252
1155
1340
1737
2137
2441
2702
2961
3163
3164
2883
2424
2051
1888
1904
1969
2063
2199
2460
2788
2988
2917
2668
2447
2334
2302
2199
2040
1826
1643
1472
1267
1118
1168
1464
1965
2467
2848
3140
3397
3535
3406
2897
2208
1574
1262
1159
1127
1089
1234
1634
2178
2668
2876
2882
2812
2701
2454
2078
1714
1503
1454
1452
1347
1213
1161
1314
1628
1987
2380
2803
3220
3525
3532
3124
2451
1744
1234
876
605
494
600
1077
1802
2520
2980
3158
3178
3165
3065
2803
2348
1860
1442
1146
970
854
834
1041
1333
4095
3882
3080
2172
1353
694
298
188
373
826
1475
2246
2994
3531
3799
3758
3430
2899
2305
1753
1300
1032
917
1056
1409
1907
2456
2897
3152
3171
2965
2610
2193
1804
1474
1240
1095
1034
1072
1256
1616
2159
2797
3415
3816
3912
3611
2977
2136
1271
550
119
37
340
940
1724
2540
3266
3812
4050
3960
3582
2956
2243
1530
902
447
227
342
727
1360
2116
2842
3392
3597
3414
2898
2158
1367
658
209
118
392
992
1772
2530
3181
3650
3902
3971
3816
3538
3079
2473
1795
1046
349
2
2
1
3
276
1330
2594
3820
4095
4095
4095
4095
3802
2632
1352
220
3
0
2
240
1264
2317
3183
3744
4059
4095
3964
3640
3107
2479
1875
1955
1902
1876
1881
1946
2054
2162
2216
2151
1973
1756
1545
1467
1527
1660
1800
1971
2101
2296
2480
2677
2779
2713
2483
2182
1943
1853
1846
1928
2046
2204
2278
2331
2359
2435
2545
2651
2671
2532
2250
1850
1440
1066
869
822
953
1146
1357
1620
1951
2344
2800
3258
3642
3889
3960
3893
3727
3474
3187
2823
2382
1889
1362
918
588
343
288
331
523
786
1150
1634
2176
2736
3252
3660
3941
4036
3942
3651
3179
2580
1977
1414
1012
764
708
776
937
1143
1388
1660
1920
2224
2496
2722
2852
2832
2702
2477
2154
1776
1410
1112
931
923
1110
1444
1961
2501
3022
3462
3785
3984
4030
3948
3758
3432
2902
2201
1409
598
3
2
2
1
1
2777
3262
3562
3729
3826
3814
3648
3388
2989
2564
2255
2093
2147
2411
2832
3291
3640
3808
3696
3309
2682
1846
914
42
3
2
2
3
1
30
763
1647
2574
3454
4095
4095
4095
4095
4095
4095
3911
3102
2210
1312
488
2
4
2
3
446
1211
1935
2480
2744
2755
2616
2416
2230
2049
1901
1756
1662
1698
1933
2393
2956
3571
4036
4095
4095
4082
3659
3116
2470
1790
1074
378
3
1
1
2
1
2
3
269
925
1594
2142
2500
2698
2791
2908
3151
3579
4095
4095
4095
4095
4095
4095
4095
4095
3921
3273
2352
1226
1
1
1
3
3
3
1
1
3
2
1
991
2610
4095
4095
4095
4095
4095
4095
4095
4095
4095
