2225
2249
2216
2211
2202
2212
2214
2221
2228
2232
2215
2201
2214
2208
2187
2227
2201
2213
2194
2183
2178
2182
2177
2164
2175
2194
2166
2146
2134
2133
2133
2123
2130
2141
2122
2102
2102
2108
2108
2094
2110
2080
2100
2085
2094
2097
2079
2071
2070
2060
2059
2062
2073
2053
2064
2075
2051
2052
2061
2047
2060
2062
2018
2039
2072
2035
2034
2034
2030
2053
2036
2045
2038
2043
2043
2044
2033
2023
2031
2036
2034
2031
2016
2065
2068
2031
2018
2041
2058
2059
2040
2022
2024
2032
2072
2057
2029
2034
2026
2044
2008
2004
2056
2020
2030
2055
2041
2032
2038
2024
2024
2027
2026
2042
2028
2020
2033
2046
2037
2056
2028
2054
2048
2032
2057
2050
2050
2038
2108
2106
2121
2135
2136
2138
2135
2135
2139
2139
2146
2140
2138
2152
2160
2169
2182
2171
2186
2181
2200
2188
2180
2190
2188
2184
2195
2186
2200
2188
2179
2180
2165
2173
2153
2144
2139
2144
2128
2136
2129
2131
2122
2117
2111
2109
2096
2087
2084
2075
2072
2080
2077
2090
2075
2063
2064
2060
2069
2069
2057
2070
2079
2073
2083
2078
2047
2054
2058
2067
2076
2065
2077
2074
2073
2079
2096
2085
2094
2091
2112
2111
2108
2091
2120
2110
2106
2115
2092
2113
2125
2104
2124
2125
2136
2120
2135
2117
2118
2120
2120
2096
2103
2108
2102
2094
2069
2071
2067
2054
2057
2070
2056
2040
2043
2047
2021
2014
2023
2023
2028
2009
1994
1985
1985
1999
1987
1999
2213
2204
2185
2164
2142
2135
2124
2105
2085
2052
2045
2025
2019
2010
1993
1994
1995
1992
1985
1994
1990
2014
2006
2010
2028
2056
2061
2080
2092
2113
2126
2139
2157
2151
2152
2170
2178
2189
2205
2208
2221
2220
2212
2237
2208
2217
2208
2200
2202
2179
2176
2170
2157
2152
2133
2099
2074
2060
2036
2016
2002
1982
1957
1953
1937
1939
1944
1936
1918
1923
1939
1928
1951
1980
1988
2016
2035
2066
2077
2113
2136
2172
2192
2216
2235
2255
2268
2264
2283
2292
2283
2298
2288
2280
2273
2264
2258
2222
2201
2200
2164
2153
2148
2132
2111
2104
2075
2064
2047
2050
2038
2033
2032
2019
2018
2028
2028
2017
2017
2012
2007
1995
1995
1977
1968
1952
1938
1932
1844
1776
1733
1753
1773
1794
1803
1796
1761
1759
1771
1785
1808
1850
1861
1878
1856
1850
1856
1899
1957
2031
2117
2200
2299
2364
2439
2464
2490
2521
2570
2611
2623
2615
2562
2484
2365
2261
2179
2123
2072
2037
2004
1916
1884
1849
1789
1798
1779
1773
1765
1811
1858
1902
1970
2015
2051
2095
2128
2172
2241
2304
2354
2376
2397
2369
2342
2327
2303
2264
2242
2211
2171
2131
2090
2053
1978
1924
1880
1847
1839
1824
1752
1710
1639
1586
1547
1586
1652
1736
1783
1844
1866
1914
1982
2107
2225
2336
2412
2454
2498
2560
2627
2681
2725
2716
2694
2636
2608
2564
2527
2486
2412
2312
2179
2101
2035
1988
1956
1912
1862
1841
1829
1796
1709
1643
1554
1530
2325
2469
2563
2612
2588
2531
2411
2267
2116
1962
1838
1738
1689
1684
1716
1795
1913
2062
2230
2369
2510
2597
2640
2616
2551
2438
2300
2159
2028
1917
1833
1777
1739
1721
1726
1756
1805
1865
1938
2009
2076
2122
2152
2147
2103
2065
2027
1984
1960
1952
1953
1981
2021
2060
2106
2160
2189
2224
2232
2217
2197
2146
2101
2050
1997
1959
1931
1925
1931
1948
1999
2064
2152
2267
2384
2492
2584
2632
2641
2592
2497
2363
2199
2029
1864
1710
1593
1503
1457
1455
1544
1673
1867
2093
2338
2538
2698
2799
2817
2773
2650
2489
2291
2069
1851
1662
1501
1407
1393
1457
1611
1822
2065
2325
2559
2742
2853
2894
2834
2689
2481
2237
1954
1676
1432
1281
1210
1232
1933
2081
2264
2432
2500
2511
2442
2364
2264
2136
1998
1934
1890
1932
1953
1941
1920
1973
2024
2089
2129
2089
2042
2024
2085
2152
2216
2135
2009
1877
1784
1735
1692
1668
1651
1749
1863
2018
2102
2170
2215
2271
2324
2400
2435
2451
2522
2646
2786
2847
2803
2612
2360
2138
1971
1901
1792
1669
1570
1537
1626
1807
1979
2072
2097
2047
2005
2094
2214
2280
2253
2200
2189
2219
2253
2230
2119
1981
1925
1991
2136
2308
2392
2354
2304
2328
2370
2404
2426
2396
2303
2213
2169
2093
2085
2030
2004
1973
1908
1842
1767
1796
1922
2069
2196
2283
2313
2290
2275
2308
2304
2215
2119
2015
1980
2015
2031
2006
1916
1806
1685
1607
1556
1535
1567
1606
1677
1777
2387
2362
2283
2188
2093
1985
1907
1870
1854
1875
1927
1999
2056
2121
2190
2261
2314
2361
2383
2373
2320
2261
2170
2057
1948
1881
1846
1852
1912
1959
2040
2141
2225
2296
2354
2395
2426
2424
2424
2345
2281
2164
2085
1996
1921
1817
1812
1797
1799
1799
1823
1845
1867
1918
1975
2033
2085
2131
2196
2212
2220
2247
2251
2247
2190
2153
2050
1966
1877
1808
1766
1744
1770
1825
1901
1992
2105
2237
2385
2551
2700
2797
2843
2796
2690
2527
2316
2063
1885
1707
1626
1613
1604
1644
1702
1741
1837
1920
2031
2152
2236
2321
2333
2298
2218
2097
1990
1906
1873
1888
1941
2011
2109
2200
2292
2352
2384
2408
2364
2283
2203
2070
1953
1869
1823
1808
1840
1873
2721
2732
2682
2550
2371
2193
2060
1982
1956
1957
1984
2079
2237
2431
2574
2587
2486
2321
2135
1943
1687
1420
1208
1100
1086
1140
1239
1382
1602
1875
2186
2499
2771
2972
3101
3174
3243
3288
3254
3090
2802
2451
2109
1827
1612
1406
1206
1020
937
1031
1312
1696
2066
2320
2472
2586
2717
2834
2859
2759
2513
2209
1936
1735
1609
1521
1450
1395
1364
1392
1488
1662
1891
2127
2311
2420
2488
2598
2766
2920
2972
2869
2673
2467
2315
2178
1995
1731
1440
1233
1173
1256
1425
1629
1853
2072
2261
2432
2596
2745
2855
2878
2779
2589
2375
2209
2074
1919
1718
1500
1384
1409
1552
1728
1864
1985
2145
2373
2604
2742
2755
2652
2501
2340
2149
1910
1642
1432
1732
1928
2190
2489
2778
3024
3195
3221
3128
2887
2533
2085
1619
1215
919
801
859
1092
1439
1875
2336
2755
3083
3300
3401
3343
3131
2766
2329
1839
1375
1029
807
781
969
1306
1775
2279
2734
3096
3346
3396
3304
3053
2701
2256
1776
1336
962
710
661
785
1113
1518
1995
2486
2847
3087
3160
3072
2845
2501
2132
1742
1452
1240
1174
1308
1540
1894
2296
2702
3032
3257
3360
3275
3030
2664
2168
1641
1150
784
567
558
789
1186
1686
2230
2715
3112
3358
3470
3410
3204
2844
2389
1882
1386
976
731
713
910
1303
1795
2309
2767
3094
3276
3311
3184
2924
2583
2158
1710
1282
966
807
817
1059
1470
1980
2546
3048
3421
3635
3666
3494
3187
2520
2143
1590
995
529
365
444
784
1296
1878
2374
2750
2984
3078
3020
2840
2599
2434
2293
2193
2099
2104
2243
2422
2495
2374
2080
1727
1379
1120
1100
1286
1544
1745
1957
2239
2565
2797
2887
2857
2695
2445
2074
1661
1352
1284
1428
1648
1898
2156
2248
2246
2263
2346
2503
2622
2642
2622
2614
2705
2862
2976
2926
2735
2380
1918
1379
889
505
236
121
220
544
1124
1800
2511
3079
3457
3678
3845
3923
3952
3861
3642
3301
2973
2714
2479
2260
1938
1527
1109
750
524
454
556
735
1010
1319
1682
2116
2556
2930
3194
3304
3260
3063
2785
2499
2217
2004
1842
1675
1552
1552
1664
1852
2023
2063
1947
1757
1649
1662
1784
1880
1890
1873
1957
1540
1159
926
822
879
1176
1576
2036
2475
2838
3080
3148
3052
2841
2554
2178
1802
1415
1054
802
650
619
782
1167
1695
2280
2885
3360
3692
3782
3635
3286
2825
2275
1780
1342
1074
941
963
1147
1428
1863
2329
2818
3230
3500
3607
3506
3182
2663
1986
1269
595
77
3
2
88
681
1439
2314
3211
4002
4095
4095
4095
4095
4095
3604
2624
1568
510
1
3
2
0
2
144
1191
2381
3521
4095
4095
4095
4095
4095
4013
3063
1972
901
2
2
2
2
3
54
925
2023
3135
4070
4095
4095
4095
4095
4095
3352
2264
1228
308
3
2
3
3
504
1352
2298
3196
3925
4095
4095
4095
4095
3764
2925
2006
1067
266
1
1
3102
2720
2356
2060
1712
1360
1028
629
337
162
187
410
775
1258
1787
2366
2891
3404
3804
4019
3998
3803
3454
3044
2590
2086
1582
1072
606
396
446
749
1213
1648
2031
2337
2632
2934
3236
3496
3619
3577
3362
3085
2758
2535
2423
2330
2173
1848
1450
1048
796
699
688
720
743
843
1088
1590
2217
2919
3543
4061
4095
4095
4095
4095
4095
3911
3224
2321
1308
343
1
3
4
2
4
3
2
197
1124
2199
3240
4095
4095
4095
4095
4095
4095
3935
3328
2721
2059
1410
772
127
1
3
2
2
1
103
571
1058
1638
2314
2998
3655
4095
4095
4095
4095
4095
4095
4095
3789
3081
2250
1327
360
2
2
3
2
4
3
314
2
2
2
2
2
0
2
844
2821
4095
4095
4095
4095
4095
4095
4095
3979
2238
440
2
1
4
2
2
3
2
1222
2956
4095
4095
4095
4095
4095
4095
4095
4059
2575
985
3
3
1
2
1
2
68
1174
2343
3345
4095
4095
4095
4095
3921
3236
2458
1674
1017
532
277
267
506
1002
1703
2468
3192
3760
4038
4032
3700
3131
2434
1661
970
445
106
58
232
655
1137
1696
2267
2767
3222
3544
3736
3756
3518
3052
2396
1672
939
289
2
1
107
728
1561
2521
3467
4095
4095
4095
4095
4095
3949
3157
2156
1087
27
2
1
1
2
2
2
469
1812
3192
4095
4095
4095
4095
4095
4095
4095
4038
2933
3
1
3
3
1
2
1
2
2
2
860
3100
4095
4095
4095
4095
4095
4095
4095
4095
4095
4095
4095
3768
1716
1
0
1
1
1
1
3
1
3
2
1
733
2361
3772
4095
4095
4095
4095
4095
4095
4095
4095
4095
3481
2822
2223
1678
1234
858
611
455
430
516
738
985
1308
1572
1809
1952
1991
1942
1817
1606
1408
1241
1158
1171
1341
1662
2066
2566
3059
3504
3828
4013
4027
3875
3557
3054
2468
1807
1158
540
16
3
1
3
3
2
313
980
1715
2466
3206
3906
4095
4095
4095
4095
4095
4095
4095
4095
4095
4095
3231
2026
734
2
3
4
1
1
2
2
0
3
0
1
836
2429
3947
4095
4095
4030
2071
2
3
2
2
3
1
3
4
2
2
3
3
1
1
0
1182
3818
4095
4095
4095
4095
4095
4095
4095
4095
4095
4095
4095
4095
4095
4095
4095
2286
2
1
3
2
1
1
1
1
3
2
2
3
3
1
4
1535
4095
4095
4095
4095
4095
4095
4095
4095
4095
4095
4095
4095
4095
4095
4095
4095
1995
0
2
2
2
5
3
2
3
0
2
0
2
3
1
3
542
2886
4095
4095
4095
4095
4095
4095
4095
4095
4095
4095
4095
4095
4095
4095
4095
4038
2216
289
2
1
1
2
3
1
3
2
4
4
2
2
3
2
1
83
1666
3424
4095
4095
4095
4095
4095
4095
