2086
2088
2098
2087
2088
2088
2092
2079
2080
2081
2090
2094
2092
2090
2097
2097
2095
2091
2097
2093
2103
2086
2093
2086
2080
2082
2081
2080
2092
2085
2093
2094
2079
2089
2086
2092
2092
2090
2086
2088
2093
2102
2101
2098
2087
2088
2090
2095
2094
2092
2088
2092
2093
2102
2092
2112
2087
2097
2088
2094
2088
2091
2108
2102
2098
2094
2093
2084
2086
2084
2097
2095
2089
2090
2088
2090
2094
2085
2091
2090
2092
2092
2102
2102
2091
2089
2089
2090
2094
2100
2090
2089
2095
2094
2089
2087
2089
2097
2093
2096
2096
2088
2097
2093
2094
2100
2101
2099
2095
2099
2101
2091
2098
2099
2095
2093
2095
2102
2092
2102
2093
2093
2098
2099
2100
2093
2099
2104
2096
2097
2100
2109
2107
2118
2113
2116
2105
2115
2108
2100
2109
2114
2113
2107
2119
2111
2118
2117
2123
2118
2106
2116
2106
2099
2122
2118
2122
2122
2125
2122
2120
2124
2118
2105
2113
2107
2112
2114
2114
2109
2117
2113
2116
2120
2108
2096
2104
2118
2111
2119
2122
2117
2122
2121
2129
2108
2112
2111
2107
2105
2113
2116
2112
2092
2094
2098
2116
2108
2104
2093
2100
2094
2108
2103
2092
2106
2098
2102
2092
2094
2103
2105
2108
2117
2120
2105
2105
2096
2104
2107
2110
2106
2110
2114
2106
2099
2100
2100
2096
2092
2100
2100
2092
2091
2095
2096
2098
2097
2095
2084
2084
2090
2088
2079
2084
2080
2094
2095
2086
2094
2085
2094
2096
2090
2091
2093
2196
2198
2204
2199
2192
2201
2193
2202
2197
2192
2199
2192
2191
2183
2165
2151
2130
2104
2080
2052
2032
2023
2020
2022
2035
2056
2080
2105
2141
2177
2201
2210
2212
2208
2187
2172
2134
2098
2056
2017
1978
1959
1941
1939
1940
1946
1972
1996
2022
2054
2093
2112
2129
2151
2158
2158
2155
2144
2138
2128
2117
2108
2098
2088
2085
2075
2064
2056
2034
2028
2012
2004
1995
1985
1982
1986
1993
1998
2013
2032
2052
2076
2092
2116
2127
2142
2153
2166
2175
2189
2195
2207
2218
2237
2257
2267
2274
2283
2287
2279
2258
2230
2194
2147
2095
2040
2000
1963
1938
1926
1923
1938
1955
1982
2011
2039
2065
2084
2093
2091
2084
2070
2058
2049
2031
2023
2022
2020
2032
2077
2110
2158
2178
2201
2211
2192
2128
2044
1958
1884
1857
1856
1881
1936
2010
2103
2182
2234
2241
2205
2138
2076
2021
1989
1981
2006
2067
2127
2184
2239
2248
2215
2183
2108
2046
2015
2010
2019
2071
2132
2186
2199
2171
2116
2055
2019
2016
2034
2115
2177
2268
2318
2314
2272
2192
2064
1921
1810
1775
1795
1880
2005
2173
2293
2360
2337
2247
2122
1990
1901
1874
1879
1971
2051
2106
2121
2132
2106
2056
2036
2047
2093
2117
2147
2180
2174
2143
2127
2085
2018
1987
1943
1955
1964
1980
2007
2021
2078
2107
2157
2208
2220
2211
2203
2156
2070
2025
1994
2007
2057
2138
2190
2242
2240
2210
2177
2107
2056
2032
2026
2031
2068
2127
2152
2169
2139
1972
2204
2304
2252
2126
1978
1936
2054
2252
2377
2356
2208
2000
1928
2008
2138
2241
2246
2194
2059
1939
1893
1966
2164
2376
2411
2273
2045
1859
1853
1976
2197
2390
2443
2295
2041
1890
1940
2074
2179
2160
2092
2068
2054
2072
2114
2144
2103
2115
2141
2144
2086
2056
2024
1930
1930
2000
2148
2117
1986
1869
1855
1958
2014
2046
2136
2222
2224
2174
2094
2022
2048
2102
2128
2043
1966
1995
2092
2272
2316
2206
2128
2096
2144
2165
2145
2092
2064
2130
2182
2193
2193
2140
2129
2100
2100
2072
2008
1997
2034
2040
2042
2012
1988
1986
2060
2088
2127
2040
1981
1972
2026
2108
2168
2139
2024
1962
1974
2066
2158
2171
2090
1950
1863
1917
2082
2243
2343
1753
2122
2320
2343
2176
1950
1914
2044
2187
2181
2072
1988
1926
2019
2216
2286
2205
2066
1907
1826
2055
2208
2261
2280
2176
2129
2178
2123
2099
2080
2086
2087
2077
2081
2017
2152
2211
2148
2122
2068
1993
2057
2071
2063
2049
2005
1929
1897
1962
2058
2143
2222
2032
1849
1887
2040
2236
2335
2215
1962
1855
1940
2119
2228
2210
2132
2104
2083
2044
2035
2064
2113
2086
2143
2164
2078
1968
2004
2078
2120
2254
2220
2120
2112
2005
2023
2200
2172
2094
2022
1877
1882
2064
2345
2418
2328
2151
1928
1836
1984
2183
2316
2206
2065
1927
1904
2104
2283
2246
2076
2039
2098
2132
2252
2267
2076
1974
1986
2050
2191
2248
2127
1990
1931
1887
1965
2118
2112
2136
1979
1972
2109
1959
2074
2205
2138
2297
2039
1772
1962
2077
2260
2245
1899
1751
1808
1926
2010
1954
1930
1952
1977
2225
2318
2220
2091
1832
1799
2020
2186
2179
2102
2072
2064
2223
2266
2120
2128
2006
1796
1861
1893
2042
2236
2197
2104
2131
2179
2336
2467
2295
1981
1827
1831
2031
2284
2348
2239
1932
1860
2057
2060
2116
2071
1951
1999
1984
2056
2114
2123
2186
2114
2060
2089
1985
1819
1756
1891
2193
2443
2399
2216
2096
2051
2091
2124
2088
2070
2107
2084
2140
2202
2057
1948
1934
1997
2182
2317
2225
2004
1851
1901
2248
2474
2342
2084
1808
1791
2071
2421
2528
2304
2070
2026
2075
2289
2314
2035
1921
1984
2111
2246
2160
1989
1902
2047
1930
1772
1977
2264
2397
2350
2068
1659
1584
1934
2305
2476
2444
2190
1892
1907
2152
2276
2176
2136
2303
2334
2018
1827
2069
2439
2433
2150
2060
2149
2183
2141
2088
1952
1875
2005
2123
2192
2207
2125
1913
1854
2196
2594
2464
1912
1624
1727
1885
2087
2276
2363
2240
1926
1976
2322
2316
2127
2062
2114
2161
1994
1940
2238
2312
2062
1884
1943
2153
2191
2116
2220
2362
2407
2339
2261
2204
1949
1801
2033
2242
2307
2242
1993
1930
2057
2154
2253
2103
1796
1783
2050
2404
2620
2450
2043
1610
1556
1961
2257
2162
1876
1717
1959
2281
2470
2691
2588
1982
1444
1507
2050
2460
2368
2089
1804
1652
1990
2519
2641
2260
1752
1677
1924
2129
2293
2359
2001
2288
2336
2258
1986
1830
2063
2544
2789
2643
2363
2072
1741
1679
1931
2268
2309
2007
1660
1662
2001
2440
2684
2528
2125
1835
1931
2118
2076
1916
1904
1996
2011
1978
2098
2289
2240
1974
1848
1972
2198
2498
2632
2380
1948
1687
1820
2224
2428
2178
1722
1646
2021
2256
2039
1872
2084
2276
2269
2244
2224
2066
1832
1959
2177
2041
1707
1757
2176
2525
2478
2129
1753
1684
2023
2530
2864
2826
2504
1971
1645
1860
2243
2277
1986
1690
1550
1831
2377
2549
2071
1560
1534
1761
2046
2267
2563
2620
2311
1694
1301
1621
2370
2752
2562
2026
1653
1609
1766
1993
2202
2333
2374
2333
2170
1987
1980
2286
2552
2353
1842
1676
1956
2417
2615
2163
1500
1364
1679
1564
2358
2908
2849
2260
1618
1271
1570
2316
2903
2779
2002
1163
1072
1880
2948
3410
2879
1680
656
599
1624
2676
2818
2099
1327
1274
2035
2986
3260
2713
1848
1517
1927
2717
3060
2562
1662
1067
1269
2118
2956
3126
2350
1370
1066
1569
2462
3100
2986
2328
1828
1830
2116
2326
2281
2045
1831
1896
2118
2340
2353
2179
1933
1776
1820
2228
2694
2666
2062
1330
1114
1678
2657
3270
3011
2249
1660
1646
2163
2729
2840
2380
1781
1533
1763
2293
2618
2376
1869
1608
1798
2203
2565
2683
2367
1820
1307
1133
1574
2567
3253
3118
2333
1550
1323
1693
2260
2587
2498
2101
1700
1659
1913
2243
2400
2389
2130
1806
1735
2022
2477
2774
2605
2162
1791
1714
2039
2891
1767
562
349
1324
2700
3522
3504
2776
1613
635
572
1622
3045
3834
3508
2385
1189
483
527
1260
2312
3105
3352
3029
2288
1473
1146
1442
2089
2526
2450
2105
1823
1649
1636
1847
2352
2888
2981
2588
1944
1482
1380
1666
2209
2755
2952
2690
2061
1459
1292
1706
2274
2554
2354
1899
1522
1575
2194
3065
3549
3272
2381
1475
929
908
1467
2447
3342
3520
2951
2160
1662
1521
1695
2094
2394
2144
1456
982
1139
1746
2353
2767
3010
3001
2682
2191
1734
1424
1303
1423
1785
2232
2499
2503
2328
2089
1892
1779
1828
2009
2217
2399
2460
2400
2329
2213
2126
2114
2210
2361
2425
2374
2228
2064
1900
1687
1528
1702
2302
2952
3206
2962
2493
1924
1412
2
0
0
0
799
2819
4095
4095
4095
4095
4095
3542
2193
1032
134
3
4
3
1
552
1368
2078
2601
2871
2926
2811
2753
2816
3061
3309
3428
3394
3172
2822
2407
1925
1419
958
536
263
265
600
1257
2073
2880
3358
3457
3134
2518
1810
1236
1009
1230
1898
2870
3884
4095
4095
4095
4025
3015
1799
600
0
4
2
1
0
127
1292
2550
3620
4095
4095
4095
4095
3609
2976
2357
1815
1433
1184
1037
978
966
963
931
883
824
763
682
646
720
961
1471
2173
3024
3890
4095
4095
4095
4095
3964
2888
1674
607
0
25
535
1409
2319
2978
3289
3127
2584
1789
887
123
1
1
559
1711
3086
4095
4095
4095
4095
4095
6
2
0
3
3
2
1
1
2
2
1
2
1
2
240
1015
1812
2611
3385
4095
4095
4095
4095
4095
4095
4095
4095
4095
4095
4095
4095
4095
4095
3660
2142
570
3
0
2
2
3
1
0
1
2
1
1
1
229
2189
4095
4095
4095
4095
4095
4095
4095
4095
4095
4095
4095
4095
4095
4095
4095
2385
493
2
2
1
4
2
3
3
2
2
3
1
1
2
0
145
1878
3733
4095
4095
4095
4095
4095
4095
4095
4095
4095
4095
4095
4095
4095
4095
3052
1466
1
2
1
1
3
0
2
1
1
3
0
1
2
1
616
2359
4040
4095
4095
4095
4095
4095
4095
4095
4095
4095
4095
4095
4095
4095
4095
4095
4095
4095
4095
3830
2701
1581
546
2
2
1
1
2
1
2
3
2
2
1
1
1
2
2
0
0
2
1
2
542
1575
2623
3666
4095
4095
4095
4095
4095
4095
4095
4095
4095
4095
4095
4095
4095
4095
4095
4095
4095
4095
4095
4095
4095
4095
4095
4095
4049
2685
1216
2
2
1
2
2
1
1
1
3
2
2
3
0
2
0
2
1
1
1
2
1
1
1
1
0
2
0
2
1
615
1848
3045
4095
4095
4095
4095
4095
4095
4095
4095
4095
4095
4095
4095
4095
4095
4095
4095
4095
4095
4095
4095
4095
4095
4095
4095
4095
4095
4095
4095
3311
1976
658
1
2
2
2
0
1
2
1
1
2
1
0
1
0
2
0
0
58
513
992
1480
1956
2426
2886
3335
3783
4095
4095
4095
4095
4095
4095
4095
4095
4095
4095
4095
4095
4095
4095
4095
4095
4095
4095
4095
4095
4095
4095
4095
4095
4095
4095
4095
4095
4095
4095
4095
4095
4095
4095
4095
4095
4095
4095
4095
4095
4095
4095
4095
4095
4095
4095
4095
4095
4095
4095
4095
4095
4095
4095
4095
4095
4095
4095
4095
4095
4095
4095
4095
4095
4095
4095
3664
3112
2563
2048
1567
1097
642
215
4
4
3
1
2
5
3
4
2
5
3
5
2
4
3
6
4
4
4
2
3
2
3
1
4
2
2
3
5
2
5
