2126
2110
2103
2116
2085
2104
2113
2119
2090
2100
2096
2120
2099
2113
2088
2097
2074
2103
2119
2106
2095
2098
2123
2108
2090
2107
2121
2096
2092
2120
2119
2094
2100
2106
2088
2094
2116
2088
2084
2068
2110
2101
2090
2107
2106
2082
2082
2098
2096
2093
2120
2109
2100
2103
2110
2080
2091
2084
2100
2111
2107
2100
2097
2114
2096
2112
2121
2112
2105
2101
2100
2080
2104
2109
2088
2096
2101
2070
2071
2076
2094
2119
2099
2095
2100
2080
2088
2071
2070
2068
2089
2088
2107
2107
2101
2106
2119
2107
2102
2076
2083
2091
2091
2091
2098
2070
2060
2057
2075
2096
2092
2096
2086
2100
2086
2077
2091
2072
2084
2096
2086
2088
2097
2082
2063
2080
2078
2098
2086
2079
2074
2064
2080
2101
2071
2095
2079
2099
2107
2110
2108
2100
2091
2117
2088
2069
2071
2087
2084
2102
2124
2115
2069
2070
2087
2118
2104
2091
2085
2069
2072
2092
2084
2067
2092
2109
2120
2136
2112
2126
2081
2080
2084
2076
2111
2093
2056
2081
2066
2063
2073
2082
2091
2069
2088
2070
2059
2074
2063
2069
2091
2084
2097
2084
2103
2077
2070
2099
2087
2100
2094
2093
2090
2080
2089
2102
2079
2082
2102
2088
2096
2077
2104
2090
2074
2103
2095
2090
2082
2096
2059
2057
2061
2089
2055
2070
2064
2065
2093
2087
2089
2104
2093
2103
2089
2096
2107
2089
2098
2104
2097
2113
2083
2095
2088
2068
2074
2106
2095
2096
2079
2087
2090
2108
2114
2109
2043
2036
2050
2035
2045
2042
2053
2064
2042
2047
2067
2080
2072
2067
2097
2096
2102
2095
2109
2118
2119
2107
2114
2098
2134
2120
2113
2131
2135
2112
2121
2101
2106
2113
2124
2123
2119
2114
2117
2099
2097
2096
2065
2061
2058
2036
2026
2027
2010
2002
2001
2010
1986
1984
1969
1977
1981
1966
1937
1972
1960
1958
1956
1966
1970
1978
1989
1988
2021
2039
2049
2085
2105
2138
2174
2155
2197
2209
2209
2206
2232
2263
2262
2239
2240
2242
2232
2183
2187
2163
2163
2135
2107
2084
2063
2056
2034
2035
2032
2022
2028
2029
2024
2039
2054
2049
2051
2082
2103
2109
2104
2123
2124
2144
2149
2146
2115
2117
2099
2094
2074
2081
2089
2081
2060
2056
2053
2046
2000
2019
2056
2125
2150
2173
2176
2192
2162
2122
2107
2034
2078
2060
2051
2086
2067
2080
2128
2119
2130
2129
2110
2124
2083
2074
2047
2065
2098
2087
2099
2101
2089
2103
2114
2114
2119
2089
2083
2067
2069
2087
2088
2085
2100
2112
2117
2123
2146
2133
2131
2097
2071
2092
2118
2123
2212
2231
2226
2217
2205
2154
2115
2086
2038
2013
2030
2041
2093
2117
2159
2160
2149
2148
2155
2135
2120
2090
2063
2047
2034
2059
2052
2079
2094
2077
2106
2130
2152
2143
2132
2136
2077
2086
2095
2085
2079
2091
2072
2108
2109
2122
2106
2080
2053
2042
2064
2071
2085
2115
2116
2147
2136
2119
2125
2088
2070
2038
2048
2049
2063
2089
2151
2173
2184
2187
2104
2062
2038
2085
2153
2183
2171
2169
2118
2088
2095
2085
2031
2056
2078
2084
2083
2088
2135
2139
2162
2199
2177
2112
2029
1988
1992
2091
2176
2248
2252
2177
2021
1943
1878
1945
2138
2294
2346
2327
2207
2013
1897
1898
1979
2102
2193
2235
2262
2185
2107
2064
2051
2037
2041
2059
2069
2127
2109
2131
2210
2214
2162
2102
2044
2042
2015
2033
2064
2082
2107
2126
2123
2188
2206
2147
2093
2032
1963
1933
2016
2093
2184
2211
2184
2143
2062
2032
2066
2104
2131
2165
2171
2093
2011
2015
2044
2044
2037
2043
2049
2081
2091
2110
2130
2147
2082
1993
1958
2007
2121
2174
2188
2161
2058
1943
1877
1930
2014
2150
2191
2153
2108
2037
1982
2008
2132
2248
2259
2161
1905
1839
1944
2139
2222
2241
2258
2172
2101
2026
1938
1947
1964
1956
1996
2014
2077
2199
2197
2140
2149
2124
2092
2109
2143
2160
2226
2227
2115
1980
1978
1970
1953
2014
2106
2194
2229
2207
2134
2079
2061
2122
2183
2128
2052
1963
1890
1948
2076
2185
2307
2323
2227
2076
2056
2052
2077
2163
2235
2229
2238
2205
2131
2096
2051
1991
1996
2021
2072
2173
2182
2209
2245
2159
2047
1937
1889
1956
2147
2252
2349
2394
2303
2161
2047
1933
1960
2041
2033
2038
2063
2017
2051
2129
2076
2089
2184
2171
2148
2064
1938
1914
1948
2008
2094
2147
2120
2076
1994
1909
1940
2026
2081
2118
2147
2163
2179
2116
2050
1970
1910
1942
2033
2064
2092
2185
2216
2212
2210
1980
1854
2017
2245
2285
2248
2179
2071
1946
1935
2058
2166
2251
2269
2092
1899
1928
2151
2274
2178
2003
1949
2027
2054
2113
2241
2334
2231
2011
1847
1830
1998
2201
2244
2202
2162
2044
1849
1761
1972
2307
2438
2242
2027
1999
2061
2088
2150
2164
2067
1844
1702
1805
2038
2297
2388
2267
2041
1833
1830
1997
2158
2182
2131
2078
2018
1925
1992
2277
2458
2392
2207
2058
1806
1663
1839
2167
2275
2126
1945
1900
1985
2008
2062
2273
2333
2152
2032
2041
1998
2033
2140
2224
2259
2207
2102
2086
2075
1956
1923
2046
2151
2196
2202
2119
2081
2107
2063
2092
2196
2115
1953
1859
1899
2030
2197
2246
2202
2117
2075
2045
2029
2092
2139
2144
2064
2000
1979
1940
2081
2243
2294
2204
2089
2037
2026
2022
2089
2133
2143
2072
2024
2141
2311
2341
2160
1941
1801
1898
2081
2155
2156
2074
2054
2094
2157
2226
2294
2270
2170
2052
2034
2133
2187
2127
1962
1928
2082
2143
2113
1975
1971
2018
2097
2187
2254
2248
2120
1965
1971
2097
2147
2066
1934
1902
1944
2080
2197
2234
2074
1836
1736
1922
2216
2343
2227
1984
1845
1882
2068
2271
2336
2268
2085
1920
1985
2173
2287
2149
1820
1598
1712
2058
2353
2385
2224
1978
1868
1921
2096
2217
2159
1985
1912
2001
2104
2147
2120
2056
1931
1844
1922
2142
2255
2205
2062
1982
2062
2121
2148
2148
2040
1895
1907
2082
2286
2326
2154
1879
1718
1719
1886
2192
2340
2251
2186
2424
2412
2168
1816
1682
1878
2267
2427
2240
1837
1536
1686
2193
2619
2576
2092
1593
1456
1917
2553
2778
2400
1718
1334
1554
2256
2773
2693
2071
1556
1608
2121
2596
2624
2198
1623
1372
1596
2121
2542
2558
2188
1763
1644
1938
2375
2655
2556
2214
1967
1962
2184
2344
2323
2101
1979
2002
2180
2305
2187
1970
1850
1946
2120
2286
2297
2189
2089
2032
2077
2091
2117
2058
2039
2062
2029
1885
1796
1896
2165
2441
2500
2217
1850
1705
1860
2157
2391
2327
2097
1924
1881
2048
2203
2221
2090
1867
1793
1963
2296
2498
2437
2154
1942
1928
2043
2237
2249
2092
1874
1798
1857
2088
2294
2297
2136
1980
1955
2044
2054
1917
1747
1743
1982
2350
2544
2484
2364
1945
1950
2178
2171
2248
2394
2272
2059
1950
1950
1992
2023
2178
2282
2148
1942
1907
1909
2031
2312
2412
2237
1983
1979
2235
2414
2365
2106
1789
1595
1793
2201
2423
2402
2299
2169
2072
1959
1936
1988
1851
1792
2042
2269
2196
2020
1984
2003
2055
2145
2232
2222
2129
2201
2359
2203
1834
1710
1936
2067
1985
1882
1946
2028
2072
2026
1954
2038
2154
2127
2051
2007
2045
2053
2101
2146
2086
1831
1660
1897
2326
2377
2019
1694
1761
2158
2475
2423
2140
1938
1993
2176
2173
2014
1825
1694
1755
1998
2335
2521
2285
1750
1452
1655
2126
2524
2643
2515
2186
1875
1850
2161
2515
2462
2002
1544
1622
2061
2468
2464
2070
1646
1578
1928
2295
2312
2059
2477
3004
2779
2445
2168
1720
1499
1815
2238
2555
2782
2381
1704
1837
2389
2491
2557
2669
2261
1606
1343
1600
2187
2728
2929
2532
1885
1620
1884
2453
2970
2809
1987
1209
847
1149
2009
2968
3396
2940
1969
1264
1214
1760
2532
2989
2882
2184
1323
1015
1360
1964
2458
2583
2356
1880
1327
1184
1492
2135
2843
3142
2967
2421
1743
1288
1308
1800
2429
2816
2755
2252
1733
1683
1900
2078
2482
2595
2232
1977
1862
1827
2199
2682
2618
2282
1833
1419
1554
2097
2490
2665
2547
2073
1567
1551
1870
2102
2190
2064
1763
1451
1342
1738
2468
2723
2466
2091
1530
1169
1454
2241
2928
3014
2516
1951
1571
1553
2041
2533
2776
2690
2114
1408
1240
1719
2446
3024
4095
4095
2991
1254
1
0
63
1320
2882
4072
4095
4095
3640
2707
1814
1208
858
691
659
760
1087
1625
2410
3039
3240
2902
2146
1300
856
1089
1883
3072
4095
4095
4095
3683
2275
823
0
0
1
167
820
1504
2330
3271
4078
4095
3858
2929
1810
826
326
631
1733
3161
4095
4095
4095
3626
2874
2254
1863
1564
1161
617
1
0
1
353
1739
3196
4095
4095
3895
3049
2054
1211
735
700
1029
1701
2656
3610
4095
4095
3536
2401
934
2
2
3
1088
2718
3958
4095
3537
2064
632
3
1
440
1153
1936
2799
3574
4095
4095
3992
3537
2911
1956
680
1
2
3
602
1662
2291
2606
2855
3118
3477
3666
3384
2613
1565
488
4095
2552
2
0
1
0
0
1
1
1709
4095
4095
4095
4095
4095
4095
4095
2730
125
1
2
1
0
1
115
1527
2769
3415
3604
3532
3473
3634
4078
4095
4095
4095
4095
4095
4095
2523
1
2
1
2
0
0
1
1355
4095
4095
4095
4095
4095
4095
4095
3052
0
0
1
0
1
0
0
561
3292
4095
4095
4095
4095
4095
4095
3712
1856
357
0
1
1
366
981
1427
1623
1616
1485
1304
1195
1197
1304
1624
2177
3057
4089
4095
4095
4095
4095
4095
4095
2874
881
0
0
2
1
1
2
2
417
2162
3896
4095
4095
4095
4095
4095
4095
4095
3439
1997
621
2
0
1
1
0
1
0
330
1248
4095
4095
4095
4095
4095
4095
4095
4095
4095
4095
4095
4095
4095
4013
3202
2277
1338
376
0
0
1
0
0
0
0
0
0
0
0
0
0
1
0
0
1
586
1801
2960
4090
4095
4095
4095
4095
4095
4095
4095
4095
4095
4095
4095
4095
4095
4095
4095
3664
2562
1438
406
2
0
0
1
2
1
1
3
1
0
0
2
1
340
1289
2237
3145
3982
4095
4095
4095
4095
4095
4095
4095
4095
4095
4095
4095
4095
4095
4073
3349
2545
1717
870
79
0
1
0
0
0
0
0
1
1
0
0
0
0
1
2
607
1693
2766
3804
4095
4095
4095
4095
4095
4095
4095
4095
4095
4095
4095
4095
4095
4095
1480
2202
2812
3392
3895
4095
4095
4095
4095
4095
4095
4095
4095
4095
4095
4095
4095
4095
4095
4095
4095
4095
4095
4095
4095
4095
4095
4095
4095
4000
3809
3611
3457
3290
3159
3027
2915
2786
2698
2629
2560
2472
2410
2380
2336
2294
2270
2237
2222
2218
2218
2169
2189
2175
2165
2162
2117
2104
2063
2034
1992
1930
1886
1855
1747
1659
1606
1502
1398
1304
1182
1073
946
800
649
546
417
244
120
1
1
2
2
1
0
0
0
1
0
0
0
1
0
0
0
0
0
0
0
0
0
0
0
0
0
0
0
0
0
0
0
0
0
0
0
0
0
0
0
177
418
662
903
1168
1408
1650
1839
2061
