2104
2086
2079
2114
2079
2090
2089
2103
2090
2119
2124
2077
2060
2074
2097
2114
2117
2040
2052
2094
2099
2121
2109
2073
2089
2104
2073
2047
2052
2111
2096
2063
2066
2095
2080
2094
2083
2081
2081
2087
2116
2106
2099
2072
2078
2070
2066
2118
2089
2044
2090
2075
2088
2071
2105
2072
2081
2077
2108
2113
2092
2104
2084
2111
2076
2106
2064
2086
2077
2093
2093
2092
2115
2090
2110
2126
2090
2087
2100
2086
2119
2124
2087
2117
2075
2094
2089
2090
2117
2082
2051
2089
2100
2076
2094
2086
2111
2091
2079
2071
2090
2104
2091
2092
2111
2077
2119
2089
2097
2093
2103
2087
2085
2093
2100
2092
2080
2068
2072
2070
2092
2065
2080
2073
2081
2104
2113
2125
2133
2135
2148
2099
2131
2121
2129
2106
2102
2113
2121
2106
2070
2115
2098
2081
2064
2080
2069
2054
2084
2085
2079
2087
2032
2065
2084
2072
2053
2046
2069
2078
2106
2066
2063
2076
2092
2098
2098
2102
2088
2115
2114
2112
2112
2120
2115
2144
2126
2087
2085
2095
2100
2086
2096
2121
2107
2114
2117
2108
2110
2065
2093
2102
2054
2056
2081
2105
2090
2060
2053
2041
2055
2015
2087
2054
2055
2072
2066
2030
2040
2029
2034
2055
2054
2069
2066
2065
2078
2057
2090
2081
2097
2106
2117
2099
2082
2107
2145
2135
2130
2156
2169
2178
2170
2169
2195
2186
2182
2184
2217
2233
2211
2232
2216
2198
2213
2249
2207
2192
2221
2180
2188
2192
2181
2172
2168
2149
2207
2211
2199
2220
2211
2225
2244
2290
2291
2325
2320
2345
2337
2316
2302
2285
2229
2182
2161
2104
2046
1987
1958
1919
1898
1858
1830
1813
1807
1802
1792
1805
1793
1799
1837
1848
1857
1860
1881
1906
1939
1967
1999
2027
2063
2056
2136
2172
2195
2231
2196
2191
2245
2215
2226
2202
2206
2198
2216
2221
2189
2216
2198
2185
2191
2193
2183
2147
2144
2119
2090
2086
2079
2053
2055
2040
2035
2017
2031
2042
2023
2070
2112
2135
2142
2156
2174
2187
2228
2205
2214
2209
2215
2225
2216
2241
2224
2211
2213
2225
2240
2229
2270
2253
2247
2236
2234
2222
2215
2180
2174
2153
2114
2048
1997
1949
1940
1894
1875
1852
1846
1834
1818
1828
1836
1864
1890
1937
1984
1984
1964
2018
2015
2036
2050
2097
2100
2093
2114
2125
2105
2119
2107
2096
2111
2104
2094
2063
2047
2021
2008
1992
1957
1948
1950
1925
1977
1968
1995
2051
2064
2106
2130
2134
2205
2192
2196
2177
2151
2135
2154
2127
2108
2083
2023
2023
2048
1999
2012
2032
2018
2067
2069
2085
2116
2135
2176
2198
2208
2216
2207
2209
2213
2197
2171
2124
2127
2147
2117
2094
2104
2081
2114
2063
2074
2049
2069
2072
2075
2075
2064
2100
2093
2134
2139
2143
2163
2180
2180
2227
2214
2228
2203
2180
2149
2116
2102
2040
2052
2004
1962
1987
1997
2011
2030
2061
2055
2086
2112
2142
2172
2174
2216
2237
2202
2235
2215
2192
2174
2100
2080
2006
1981
1895
1848
1835
2164
2181
2200
2159
2124
2056
2041
2086
2126
2222
2289
2334
2298
2259
2247
2267
2260
2275
2273
2235
2207
2188
2175
2142
2167
2131
2058
1957
1837
1776
1790
1890
2018
2164
2269
2332
2321
2334
2337
2354
2323
2248
2118
2015
1944
1933
1902
1872
1853
1809
1745
1739
1740
1821
1903
1967
2044
2138
2260
2392
2435
2386
2283
2175
2096
2066
2089
2098
2076
2023
1979
1978
1989
2026
1993
1960
1956
2043
2162
2273
2352
2397
2356
2318
2258
2171
2116
2042
1963
1884
1835
1817
1828
1842
1866
1886
1948
2009
2059
2128
2193
2243
2263
2281
2321
2415
2447
2448
2411
2320
2220
2140
2053
1933
1847
1762
1772
1808
1916
1992
2031
2073
2082
2116
2195
2217
2214
2257
1882
1930
2013
2088
2171
2225
2283
2302
2335
2340
2297
2237
2205
2134
2076
2029
2024
2019
2024
2035
2034
2077
2097
2080
2093
2120
2099
2074
2048
2028
2017
2049
2055
2081
2114
2104
2159
2182
2205
2220
2232
2225
2219
2191
2180
2140
2083
2037
2026
2008
1979
1947
1939
1968
1971
1988
2041
2064
2136
2168
2227
2269
2316
2318
2291
2270
2207
2166
2087
2038
2003
1997
1995
1989
2008
2037
2061
2073
2096
2101
2084
2069
2025
1977
1951
1962
1973
1977
2015
2049
2144
2212
2256
2303
2330
2309
2240
2160
2104
1986
1952
1932
1951
1991
2073
2118
2172
2194
2252
2259
2225
2205
2183
2131
2080
2036
1999
2009
2044
2083
2124
2194
2209
2233
2257
2256
2241
2167
1832
1772
1784
1771
1810
1819
1883
1993
2131
2205
2232
2230
2194
2171
2144
2116
2110
2011
1866
1698
1610
1608
1717
1917
2160
2344
2548
2613
2609
2601
2518
2358
2195
2023
1895
1816
1735
1691
1619
1585
1567
1614
1765
1908
2150
2352
2544
2673
2710
2641
2519
2304
2068
1897
1758
1661
1630
1657
1671
1697
1801
1995
2197
2335
2376
2396
2437
2453
2461
2399
2318
2151
1997
1924
1877
1846
1792
1742
1757
1842
1977
2107
2168
2207
2175
2194
2247
2316
2333
2235
2085
1929
1898
1872
1866
1855
1850
1905
2046
2225
2391
2468
2480
2456
2428
2325
2185
2048
1965
1982
2039
2064
2068
2113
2168
2248
2294
2272
2226
2241
2281
2329
2311
2196
2086
1966
1888
1876
2494
2415
2269
2094
1871
1650
1452
1332
1303
1365
1511
1719
2007
2296
2585
2789
2919
2985
2883
2698
2435
2150
1863
1633
1474
1413
1436
1554
1728
1950
2205
2409
2539
2608
2557
2471
2280
2094
1930
1780
1709
1699
1760
1848
1987
2101
2196
2264
2251
2205
2096
1985
1879
1843
1832
1886
1986
2137
2339
2471
2595
2683
2647
2589
2429
2241
2011
1813
1649
1565
1572
1624
1750
1925
2083
2211
2344
2440
2455
2382
2266
2118
1954
1848
1811
1820
1891
1991
2100
2222
2342
2381
2380
2308
2241
2165
2094
2058
2047
2050
2054
2069
2095
2080
2064
2055
2018
2003
1969
1961
1981
2006
2079
2160
2243
2308
2309
2305
2240
2147
2036
1951
1883
1812
1782
1797
1839
1899
2233
2375
2474
2475
2356
2219
2106
2058
2028
1997
1894
1833
1780
1868
1988
2143
2245
2319
2323
2310
2288
2277
2263
2245
2198
2150
2147
2152
2155
2196
2182
2155
2200
2236
2290
2313
2237
2176
2129
2096
2030
1938
1804
1697
1669
1716
1761
1814
1848
1913
1997
2113
2197
2268
2297
2362
2389
2364
2266
2116
1968
1868
1869
1907
1951
1958
1988
2057
2150
2233
2213
2193
2200
2244
2307
2266
2142
1996
1847
1719
1672
1691
1742
1872
2079
2298
2481
2551
2507
2409
2405
2462
2508
2382
2108
1819
1702
1721
1808
1881
1922
1983
2075
2184
2232
2298
2380
2383
2343
2297
2197
2065
1920
1776
1633
1528
1488
1533
1610
1791
2005
2175
2314
2500
2679
2850
2861
2694
2217
2003
1800
1672
1629
1690
1821
1965
2073
2163
2173
2093
1982
1880
1733
1704
1714
1824
2021
2267
2483
2627
2641
2542
2369
2176
1944
1768
1628
1589
1651
1773
1933
2113
2313
2491
2635
2665
2623
2494
2321
2095
1884
1702
1579
1517
1534
1580
1679
1811
1993
2191
2386
2537
2656
2657
2547
2367
2084
1807
1581
1463
1485
1641
1865
2148
2406
2555
2597
2508
2331
2046
1700
1396
1150
1031
1110
1381
1823
2280
2716
3059
3302
3371
3291
3088
2819
2497
2110
1727
1358
996
803
766
932
1259
1658
2073
2399
2631
2736
2764
2704
2591
2433
2289
2131
1968
1825
1741
1675
1687
1767
1897
2095
2282
2496
2658
2727
2735
2653
2529
2364
2133
1914
1689
1525
1513
1487
1618
1826
1955
1993
1972
2052
2284
2536
2715
2735
2635
2529
2433
2324
2196
2010
1833
1741
1744
1820
1906
1921
1900
1901
2054
2250
2410
2396
2208
1999
1953
2090
2211
2131
1889
1577
1479
1633
1876
2018
2060
2079
2208
2529
2817
2937
2924
2799
2683
2584
2393
2070
1733
1423
1219
1147
1268
1522
1783
1969
2113
2239
2438
2670
2803
2726
2486
2228
2035
1942
1912
1863
1836
1914
2099
2309
2386
2441
2417
2351
2228
2041
1872
1796
1811
1850
1815
1732
1698
1837
2045
2253
2428
2566
2739
2888
2913
2715
2338
1848
1445
1245
1245
1384
1497
1683
2013
2435
2922
3292
3378
3192
2887
2570
2280
2007
1731
1405
1042
694
469
493
862
1512
2211
2709
2944
1136
1174
1288
1541
1842
2226
2599
2954
3182
3312
3272
3128
2876
2633
2367
2129
1912
1726
1557
1441
1411
1452
1537
1663
1844
1984
2109
2232
2329
2454
2554
2571
2532
2386
2204
1971
1716
1522
1407
1390
1485
1682
1908
2160
2371
2549
2664
2685
2593
2416
2138
1833
1564
1380
1316
1378
1584
1863
2168
2496
2754
2931
2954
2852
2670
2405
2082
1761
1480
1274
1216
1263
1366
1539
1693
1806
1820
1849
1818
1807
1853
2007
2257
2533
2798
2967
3053
3051
3003
2955
2872
2727
2514
2207
1818
1422
1022
680
520
534
772
1200
1728
2262
2726
3024
3160
3139
2973
2698
2371
2062
1816
1621
1491
1400
1350
1371
1437
1567
1670
1819
2014
2271
2579
2906
3160
3276
3491
3658
3723
3631
3472
3260
3038
2748
2561
2411
2287
2209
2209
2236
2243
2199
2114
1989
1804
1569
1314
1069
868
698
585
525
587
743
976
1317
1640
1987
2283
2538
2675
2752
2784
2773
2737
2700
2710
2660
2647
2633
2624
2658
2730
2784
2798
2732
2607
2396
2152
1878
1620
1410
1218
1128
1154
1248
1369
1528
1720
1897
2039
2116
2083
2003
1894
1729
1603
1526
1535
1608
1814
2127
2476
2889
3310
3692
4010
4095
4095
3846
3435
2850
2120
1408
700
136
2
1
1
36
513
1153
1861
2553
3140
3578
3833
3845
3640
3246
2727
2211
1752
1398
1214
1181
1320
1599
1928
2337
2758
3089
3283
3312
3152
2779
2240
1593
930
402
88
71
298
747
411
433
423
472
652
1044
1746
2673
3704
4095
4095
4095
4095
4095
4095
4095
4095
3115
1546
14
0
1
0
1
1
1
138
1422
2804
3981
4095
4095
4095
4095
4095
3653
2860
2155
1658
1287
1118
1033
971
865
732
657
611
751
1070
1553
2113
2734
3318
3872
4095
4095
4095
4095
4095
4095
3446
2608
1595
552
0
0
0
1
1
0
0
48
1228
2600
3874
4095
4095
4095
4095
4095
4095
4095
4095
3591
2256
946
1
1
0
1
0
1
0
0
58
734
1501
2292
3110
3884
4095
4095
4095
4095
4095
4095
4095
3345
2517
1664
907
334
3
0
72
395
889
1416
1953
2482
2920
3232
3360
3294
3051
2661
2146
1617
2890
2466
2012
1515
1066
674
388
222
224
391
719
1130
1638
2186
2747
3232
3617
3887
4030
3980
3784
3400
2852
2232
1504
760
48
1
1
2
0
0
1
140
1012
2027
3125
4095
4095
4095
4095
4095
4095
4095
4095
4095
4095
4095
3315
1639
1
1
0
0
1
0
0
0
0
0
0
1
1506
3806
4095
4095
4095
4095
4095
4095
4095
4095
4095
4095
4095
3648
1306
0
0
0
0
0
0
0
0
0
1
1
202
2385
4095
4095
4095
4095
4095
4095
4095
4095
4095
4095
4095
3968
1854
0
0
1
0
1
0
0
0
1
1
4
1064
3136
4095
4095
4095
4095
4095
4095
4095
4095
4095
4095
3987
2405
