2102
2081
2095
2125
2126
2117
2106
2096
2088
2100
2074
2075
2057
2092
2079
2094
2076
2083
2057
2072
2093
2081
2104
2085
2099
2115
2121
2109
2091
2119
2121
2074
2061
2076
2073
2096
2109
2120
2098
2062
2075
2075
2102
2088
2114
2091
2064
2058
2104
2115
2072
2095
2101
2108
2135
2112
2087
2068
2066
2106
2076
2062
2071
2097
2108
2096
2086
2077
2083
2078
2082
2092
2103
2097
2077
2113
2083
2094
2123
2079
2123
2125
2122
2119
2105
2100
2056
2075
2080
2068
2070
2111
2077
2101
2112
2074
2109
2082
2101
2060
2087
2095
2079
2080
2096
2074
2074
2108
2120
2108
2105
2091
2088
2103
2087
2091
2099
2082
2086
2115
2101
2126
2119
2076
2101
2083
2063
2095
2084
2065
2064
2087
2078
2067
2089
2056
2069
2087
2111
2086
2052
2088
2072
2084
2093
2098
2103
2127
2121
2094
2119
2110
2147
2110
2107
2109
2147
2158
2149
2100
2125
2126
2108
2103
2127
2083
2066
2102
2105
2086
2098
2098
2096
2117
2108
2129
2088
2113
2107
2096
2122
2097
2073
2063
2107
2108
2071
2108
2128
2087
2107
2092
2127
2111
2125
2155
2147
2115
2128
2147
2121
2065
2058
2096
2105
2086
2094
2080
2065
2040
2051
2122
2106
2100
2100
2093
2085
2086
2098
2072
2083
2061
2062
2037
2027
2062
2024
2069
2077
2045
2083
2090
2090
2102
2082
2093
2059
2101
2121
2105
2102
2121
2111
2130
2139
2151
2147
2127
2147
2126
2145
2118
2152
2115
2130
2120
2206
2158
2117
2113
2080
2074
2057
2069
2075
2093
2081
2086
2103
2122
2142
2129
2152
2149
2117
2104
2119
2123
2104
2088
2063
2066
2035
2017
2002
2026
2030
2032
2031
2044
2051
2041
2052
2044
2090
2094
2087
2079
2073
2093
2093
2082
2088
2101
2081
2062
2066
2099
2069
2105
2094
2096
2129
2103
2138
2133
2128
2115
2104
2120
2092
2103
2078
2055
2046
2057
2056
2049
2088
2093
2108
2157
2138
2170
2192
2198
2205
2160
2152
2147
2121
2112
2059
2082
2055
2068
2061
2036
2040
2049
2093
2114
2134
2152
2130
2149
2154
2136
2121
2114
2049
2040
2016
2013
2015
2000
2007
2020
2059
2068
2040
2046
2051
2071
2103
2089
2068
2077
2091
2033
2023
2022
2040
2020
2175
2198
2174
2166
2097
2046
2024
1986
1988
2062
2063
2121
2198
2254
2215
2154
2094
2092
2022
1948
1968
1976
2015
2065
2086
2119
2136
2118
2051
2026
2022
2020
2035
2047
2080
2151
2124
2107
2069
2049
2009
2036
2055
2104
2253
2249
2244
2277
2260
2175
2135
2081
2074
2056
2043
2008
2050
2035
2010
2069
2056
2088
2121
2160
2147
2144
2166
2151
2134
2057
2034
1995
1995
2031
2024
2049
2143
2141
2183
2203
2164
2102
2083
2035
1992
2006
1993
2036
2110
2171
2189
2186
2231
2212
2170
2175
2109
2096
2107
2084
2082
2071
2050
2112
2122
2126
2107
2152
2164
2138
2064
1987
1943
1964
2018
2017
2024
2100
2130
2149
2088
2063
2037
1987
2016
2021
2064
2093
2056
2062
2034
1990
2030
2031
2123
2165
2188
2182
2106
2087
2075
2045
2053
2072
2098
2088
2159
2237
2200
2129
2161
2140
2041
1938
1955
2001
2057
2144
2225
2169
2056
1958
1966
1958
1944
2005
2088
2109
2105
2137
2100
2097
2112
2134
2185
2184
2187
2173
2117
2068
1983
1987
1963
2019
2016
2035
2082
2092
2066
2035
2040
1993
2037
2068
2044
2042
2170
2179
2187
2209
2244
2204
2194
2205
2244
2197
2123
2036
1989
1983
1968
1998
2034
2058
2097
2160
2195
2182
2108
2046
1990
1935
2050
2176
2237
2270
2314
2293
2163
2007
1945
1875
1936
2079
2176
2234
2224
2160
2064
1996
1980
2006
2050
2053
2157
2218
2209
2158
2070
2004
2027
1994
2077
2152
2197
2226
1962
1950
2018
2155
2291
2372
2366
2206
2000
1911
1939
2090
2218
2271
2197
2051
1972
1984
1999
2098
2116
2125
2199
2176
2157
2049
2016
1982
1976
2074
2165
2234
2223
2221
2177
2185
2266
2233
2116
1863
1752
1825
2005
2117
2139
2094
2088
2109
2109
2055
2054
2063
2156
2181
2131
2078
2080
2107
2108
2123
2182
2205
2147
2008
1935
1944
1957
1905
1891
2015
2146
2266
2231
2170
2030
2026
2050
2044
2090
2085
2121
2154
2165
2217
2206
2187
2151
2127
2102
2056
2097
2104
2129
2180
2108
2014
1937
2054
2183
2254
2120
1942
1869
1959
2070
2123
2190
2263
2327
2168
2036
1946
1971
2017
2057
2050
2046
2115
2158
2177
2126
2070
2050
2098
2193
2177
2096
2034
2113
2211
2197
2074
1958
1944
2000
2128
2222
2295
2231
2107
2001
2000
2066
2176
2190
2195
2122
2005
1897
1906
1948
2100
2139
2194
2161
2131
2067
2052
2131
2225
2260
2155
2082
1976
1988
2057
2192
2260
2233
2189
2115
2042
2054
2036
2096
2101
2131
2164
2162
2156
2152
2154
2109
2093
2038
2037
2107
2227
2231
2175
2036
1957
1977
2084
2195
2285
2291
2144
2045
2015
2012
1987
2023
2093
2155
2116
2130
2068
1975
2010
1985
1984
2066
2160
2139
2114
1980
1990
2102
2221
2282
2170
1982
1854
1844
2024
2226
2258
2214
2067
1932
1922
1991
2015
1946
1995
2082
2188
2338
2407
2278
2064
1893
1841
1885
2024
2195
2230
2187
2139
2068
2010
2077
2155
2279
2312
2045
2032
2125
2246
2292
2151
2019
1950
2019
2063
2096
2195
2206
2123
2081
2061
2062
2001
1978
2101
2175
2180
2117
2127
2207
2163
2130
2036
2035
2050
2086
2096
2137
2126
2075
1924
1916
2016
2122
2104
2066
2064
2128
2002
1975
2049
2195
2272
2167
2101
2137
2212
2193
2090
2005
2058
2152
2229
2150
1925
1839
2024
2231
2379
2410
2247
2078
1992
2006
2042
2050
2102
2178
2147
1987
1870
1890
2048
2214
2314
2302
2180
2080
1988
1945
1979
2106
2201
2242
2190
2104
1992
1963
1968
2083
2236
2300
2269
2184
2098
2043
1999
2054
2122
2202
2177
2148
2006
1923
1962
2051
2088
2060
2053
2088
2135
2159
2103
2099
2023
2025
2032
2113
2195
2206
2279
2221
2185
2090
1981
2002
2108
2290
2352
2254
2098
1951
1907
2004
2158
2321
2392
2255
2088
1991
1933
2052
2280
2318
2293
2176
1968
1792
1893
2036
2215
2268
2256
2068
1961
2003
2127
2169
2220
2236
2131
1971
2041
2108
2120
2096
2074
1950
1908
1997
2189
2379
2347
2213
2018
1801
1839
2108
2313
2401
2333
2053
1820
1808
1928
2131
2288
2283
2104
1898
1749
1837
2107
2359
2470
2438
2138
1879
1785
1830
2014
2214
2273
2191
2021
1936
1955
1990
2142
2250
2222
2116
2049
1910
1996
2145
2113
2029
2010
2008
2007
2065
2171
2225
2216
2165
2127
2077
2123
2226
2211
2150
2152
2098
2068
2123
2110
2002
1874
1755
1816
1924
2075
2245
2336
2232
2099
2036
2016
2002
2080
1912
2362
2622
2500
2090
1840
2077
2524
2659
2446
2114
1901
1754
1685
1688
1779
2108
2444
2480
2206
2034
2169
2437
2426
2207
2029
1975
1936
1905
1722
1432
1424
2002
2688
2816
2528
2343
2221
1986
1900
2056
2187
2288
2596
2804
2355
1764
1449
1413
1552
1905
2401
2604
2496
2395
2200
1891
1774
1960
2202
2245
2095
1917
1977
2070
2077
2080
2267
2363
2238
2176
2126
1960
1895
2043
2194
2147
2078
2088
2115
2083
2104
2046
2092
2139
2064
1966
2032
2205
2277
2350
2422
2145
1680
1526
1743
1873
1914
2094
2210
2059
1915
2016
1992
1979
2225
2446
2388
2246
2124
1758
1480
1705
1999
2018
1975
2118
2206
2153
2115
2157
2146
2157
2302
2438
2326
1960
1647
1264
1291
1856
2533
2915
2798
2364
1896
1692
1826
2217
2479
2454
2115
1713
1441
1475
1825
2247
2583
2535
2249
1921
1706
1604
1633
1909
2313
2596
2703
2588
2433
2287
2138
2004
1846
1788
1769
1848
2045
2334
2620
2728
2594
2211
1811
1638
1662
1790
1941
2107
2273
2408
2384
2145
1846
1726
1900
2168
2363
2377
2188
1969
1970
2174
2312
2365
2336
2265
2234
2158
1969
1696
1677
2000
2301
2253
2018
1787
1730
1923
2164
2247
2157
2123
2252
2348
2239
1998
1809
1763
1786
1865
2009
2114
2156
2056
1825
1553
1626
1938
2243
2279
2146
2096
2159
2134
1909
1698
1756
2112
2460
2621
2519
2260
1976
1738
1619
1689
1977
2408
2727
2656
2318
1912
1661
1689
1912
2740
2298
1768
1333
1090
1233
1893
2669
3202
3229
2812
2183
1544
1141
1337
2010
2765
3164
2997
2353
1504
877
790
1437
2450
3250
3503
3060
2162
1258
797
1053
1847
2738
3176
2954
2189
1363
801
745
1144
1868
2673
3168
3122
2561
1869
1359
1168
1304
1741
2340
2850
2903
2468
1831
1288
1105
1269
1848
2557
3132
3160
2587
1748
1068
830
1131
1890
2798
3307
3128
2276
1173
368
275
1074
2463
3747
4095
3736
2399
891
1
168
1318
2839
3951
4095
3324
1918
600
38
675
2089
3531
4095
3770
2638
1354
617
747
1705
3012
3904
3953
3086
1814
770
364
728
1592
2524
3160
3321
3066
2584
2107
1665
1316
1128
1232
1726
2451
3076
3253
2966
2197
3018
2903
2607
2273
2057
2030
2195
2420
2515
2436
2091
1599
971
336
2
2
2
514
1677
3060
4095
4095
4095
4095
4095
3317
1990
790
1
1
36
714
1707
2575
3084
3066
2594
1853
1087
581
570
1044
1895
2964
3970
4095
4095
4095
4095
3477
1960
408
3
2
2
3
597
1638
2478
3040
3376
3471
3292
2904
2485
2085
1814
1706
1696
1751
1960
2346
2935
3548
3940
4051
3721
2977
1982
870
2
3
1
0
1
580
2176
3622
4095
4095
4095
3910
2654
1207
112
1
218
1313
2732
3992
4095
4095
4095
3023
1074
1
0
0
0
1
1051
3583
4095
4095
4095
4095
4095
2582
752
1
1
601
1997
3368
4095
4095
3664
2233
4095
4095
4095
4095
4095
4095
4095
4095
4095
4095
4095
3460
2717
1982
1307
671
79
0
1
1
1
0
3
0
0
0
0
53
509
1075
1596
2087
2530
2921
3210
3425
3565
3613
3609
3491
3328
3120
2884
2637
2389
2146
1933
1758
1677
1611
1590
1661
1771
1891
2070
2265
2481
2665
2868
3024
3171
3290
3319
3309
3248
3108
2959
2684
2369
2035
1661
1262
878
490
154
3
1
0
1
0
0
0
20
304
712
1102
1561
2059
2485
2909
3286
3656
3948
4095
4095
4095
4095
4095
3905
3608
3243
2842
2449
2064
1668
1369
1094
932
817
777
815
885
1005
1150
1325
1529
1724
1892
2072
2220
2348
2461
2571
2654
2740
2736
2764
2742
7
0
0
134
730
1323
1964
2509
3059
3598
4082
4095
4095
4095
4095
4095
4095
4095
4095
4095
4095
4095
4095
4095
4095
4095
4095
4095
4095
4095
4095
4095
4095
4095
4095
4095
4095
4095
4095
4095
4095
4095
4095
4095
4095
3523
2895
2255
1612
976
354
1
2
2
1
1
1
0
0
0
1
0
0
1
1
1
1
0
0
2
1
0
0
2
0
1
1
1
1
0
0
1
1
0
1
0
0
1
1
1
117
977
1908
2762
3616
4095
4095
4095
4095
4095
4095
4095
4095
4095
4095
4095
4095
4095
4095
4095
4095
4095
4095
4095
4095
4095
4095
4095
4095
4095
4095
4095
4095
4095
4095
4095
4095
4095
