2115
2086
2095
2084
2084
2080
2088
2102
2103
2102
2097
2091
2091
2081
2086
2083
2100
2091
2107
2080
2102
2096
2093
2103
2094
2082
2085
2108
2100
2107
2089
2105
2102
2102
2104
2073
2070
2098
2084
2092
2095
2108
2117
2105
2074
2089
2094
2088
2097
2100
2100
2097
2103
2104
2092
2100
2123
2125
2103
2093
2099
2111
2099
2089
2097
2104
2107
2120
2116
2109
2087
2098
2104
2097
2102
2104
2092
2098
2092
2081
2085
2081
2076
2070
2066
2081
2104
2109
2102
2103
2113
2082
2077
2070
2084
2115
2101
2097
2108
2090
2088
2095
2095
2086
2084
2100
2084
2093
2087
2091
2089
2097
2088
2096
2091
2091
2097
2066
2088
2089
2102
2080
2074
2083
2084
2085
2089
2095
2128
2136
2131
2135
2125
2130
2120
2119
2136
2128
2132
2134
2123
2135
2138
2125
2136
2114
2122
2126
2120
2115
2100
2096
2125
2136
2134
2124
2143
2138
2129
2113
2125
2138
2124
2113
2121
2123
2136
2137
2120
2112
2122
2117
2109
2141
2143
2137
2117
2112
2128
2128
2130
2134
2126
2131
2122
2122
2114
2106
2094
2102
2099
2102
2104
2107
2099
2094
2106
2105
2102
2076
2087
2076
2081
2089
2092
2090
2091
2095
2088
2068
2087
2075
2075
2061
2070
2065
2047
2058
2042
2029
2043
2039
2036
2040
2027
2040
2039
2033
2032
2016
2004
2009
2006
2014
2009
2007
2025
2003
1996
1999
1997
1988
2005
2017
2004
1997
1997
1976
1982
2004
1980
1987
2005
2008
2009
2019
2234
2210
2188
2172
2160
2163
2168
2185
2194
2213
2227
2242
2254
2252
2262
2227
2213
2207
2179
2162
2133
2108
2100
2096
2091
2079
2087
2058
2073
2064
2056
2052
2045
2033
2032
2008
1986
1938
1934
1929
1904
1881
1876
1898
1887
1913
1924
1918
1942
1956
1983
2000
2010
2015
2014
2023
2038
2028
1991
1986
1979
1960
1968
1956
1962
1958
1959
1982
2002
2039
2042
2065
2081
2098
2119
2149
2154
2158
2151
2165
2179
2196
2203
2216
2248
2261
2293
2319
2366
2378
2382
2402
2402
2385
2374
2356
2310
2284
2275
2225
2184
2174
2150
2113
2085
2099
2088
2093
2099
2100
2087
2063
2034
2034
2010
1994
1973
1963
1957
1929
1916
1930
1918
1939
1964
1994
1979
2007
2189
2221
2277
2300
2310
2326
2299
2253
2212
2156
2102
2063
2027
1999
1983
1981
1974
1971
1968
1990
1998
2001
2028
2038
2091
2095
2133
2159
2188
2211
2233
2255
2253
2265
2242
2224
2196
2162
2131
2091
2051
2018
2004
1992
1992
1986
2008
2032
2057
2067
2111
2141
2172
2177
2180
2185
2167
2126
2069
2038
1976
1930
1906
1893
1885
1902
1964
2022
2082
2140
2185
2253
2289
2300
2308
2277
2223
2156
2052
1984
1907
1830
1780
1749
1755
1831
1886
1970
2062
2159
2233
2317
2356
2389
2393
2367
2322
2251
2186
2107
2017
1946
1902
1868
1860
1878
1901
1941
1985
2019
2074
2139
2173
2192
2227
2224
2237
2201
2189
2155
2164
2137
2116
2078
2059
2052
2018
2024
1808
1915
2064
2174
2305
2399
2416
2347
2222
2048
1877
1759
1714
1768
1840
1882
1952
1999
2045
2136
2225
2288
2367
2346
2323
2297
2259
2224
2184
2127
2044
1975
1944
1864
1821
1774
1781
1878
2018
2146
2225
2228
2156
2104
2072
2109
2134
2146
2116
2099
2042
2010
1968
1930
1878
1886
1937
2014
2044
2026
2024
2022
2071
2177
2345
2490
2600
2601
2501
2313
2172
2063
2082
2179
2267
2280
2168
2029
1933
1859
1824
1808
1756
1756
1817
1922
2104
2229
2290
2288
2268
2221
2181
2187
2163
2171
2213
2264
2276
2213
2120
2041
1967
1916
1870
1868
1894
1928
1998
2038
2095
2087
2117
2119
2070
1992
1920
1900
1977
2124
2214
2207
2093
1986
1964
2012
2104
2216
2113
2121
2122
2132
2169
2169
2153
2123
2051
1999
1961
1966
2012
2089
2129
2172
2172
2140
2114
2084
2071
2032
1995
1979
1964
1983
2025
2100
2217
2342
2408
2439
2434
2335
2195
2031
1875
1773
1679
1648
1672
1726
1816
1920
2056
2153
2207
2194
2177
2135
2090
2036
2014
2024
2017
2073
2120
2160
2176
2174
2123
2029
1930
1826
1760
1729
1764
1844
1970
2091
2226
2341
2426
2486
2485
2432
2303
2167
2020
1874
1788
1750
1804
1902
2018
2125
2231
2318
2350
2313
2246
2145
2056
1992
1972
1987
2037
2089
2139
2181
2157
2086
2008
1935
1880
1837
1869
1924
2008
2150
2262
2358
2419
2427
2380
2281
2160
2048
1975
1958
1981
2051
2136
2219
2298
2384
2384
2357
1202
1098
1308
1767
2289
2655
2837
2869
2869
2791
2600
2268
1906
1622
1522
1453
1415
1425
1582
1908
2221
2454
2569
2629
2661
2605
2420
2175
1942
1807
1756
1786
1870
2031
2240
2361
2362
2265
2150
2177
2244
2298
2245
2135
2013
1926
1869
1919
2034
2248
2461
2533
2474
2391
2324
2317
2285
2169
1977
1791
1675
1572
1528
1655
1928
2202
2324
2311
2297
2368
2415
2335
2134
1916
1736
1613
1522
1542
1808
2204
2565
2678
2609
2489
2349
2159
1955
1830
1880
2023
2120
2094
2092
2192
2335
2334
2216
2045
1927
1819
1647
1459
1464
1679
1911
2124
2290
2481
2638
2663
2611
2528
2454
2302
2069
1820
1639
1588
1621
1739
1842
1899
1904
1973
2110
2310
2458
2522
2288
2521
2614
2622
2518
2289
2034
1848
1705
1628
1650
1789
2016
2241
2441
2542
2509
2368
2178
1930
1741
1651
1597
1646
1729
1872
2018
2127
2235
2312
2333
2341
2327
2316
2306
2260
2149
2020
1877
1764
1702
1664
1719
1828
1990
2133
2239
2281
2248
2160
1982
1791
1651
1624
1717
1924
2183
2394
2545
2624
2591
2478
2261
1998
1795
1681
1706
1865
2123
2361
2533
2635
2583
2455
2243
1990
1761
1606
1583
1702
1934
2231
2489
2677
2722
2673
2508
2312
2106
1893
1750
1647
1665
1766
1935
2103
2255
2332
2350
2343
2286
2244
2170
2106
2048
2020
1976
2022
2105
2216
2304
2364
2368
2359
2278
2161
2002
1832
1704
1651
1668
1795
2009
2236
2428
2528
2532
2426
2268
2506
2444
2234
2175
2237
2320
2212
1921
1709
1660
1745
1863
1896
1932
2115
2372
2534
2560
2484
2409
2314
2175
2063
1999
1993
1961
1885
1812
1787
1729
1703
1778
1850
1845
1726
1633
1733
1958
2075
1944
1799
1861
2057
2236
2311
2437
2646
2740
2602
2313
2034
1798
1568
1332
1212
1348
1681
2060
2340
2510
2647
2776
2856
2765
2507
2177
1899
1823
1926
2102
2248
2368
2497
2644
2699
2630
2431
2250
2100
1848
1531
1389
1621
2077
2404
2405
2295
2351
2597
2765
2637
2200
1750
1435
1278
1305
1452
1639
1807
1889
1976
2171
2505
2847
2959
2757
2438
2271
2296
2321
2136
1795
1496
1398
1540
1745
1926
2049
2173
2319
2372
2364
2385
2436
2383
2056
1517
2314
2265
2087
1919
1785
1729
1757
1886
2081
2310
2490
2619
2617
2546
2409
2252
2082
1962
1912
1908
1909
1935
1960
1861
1727
1552
1345
1212
1196
1314
1559
1908
2336
2748
3072
3218
3136
2857
2411
1934
1525
1226
1120
1179
1449
1830
2248
2631
2832
2824
2681
2391
2034
1623
1335
1176
1280
1563
1986
2428
2852
3145
3275
3145
2714
2053
1323
699
345
357
722
1392
2168
2963
3594
3871
3797
3309
2557
1740
1039
617
577
924
1544
2256
2854
3224
3300
3141
2752
2188
1582
1099
892
1047
1532
2200
2886
3391
3647
3588
3197
2606
1905
1253
794
574
639
1042
1625
2328
2962
3436
3584
3443
3109
2625
2060
1505
1057
788
837
1128
1602
2169
2692
3104
1895
1743
1561
1404
1301
1276
1398
1673
2002
2186
2192
2055
1833
1557
1311
1138
1138
1330
1627
1988
2272
2478
2668
2911
3183
3380
3410
3230
2959
2625
2320
2032
1710
1481
1418
1582
1895
2226
2423
2515
2547
2557
2545
2517
2399
2308
2272
2301
2358
2376
2391
2524
2795
3069
3195
3053
2767
2470
2265
2067
1793
1378
964
771
812
963
1035
1018
1042
1221
1477
1676
1784
1864
2070
2343
2572
2677
2608
2434
2314
2235
2184
2087
1921
1741
1680
1756
1972
2220
2389
2504
2546
2548
2514
2416
2296
2136
2051
2043
2078
2103
2061
1979
1866
1823
1854
1956
2093
2185
2238
2212
2143
2009
1951
2012
2188
2354
2441
2379
2172
1965
1849
1869
1953
2035
2064
2068
346
326
568
935
1255
1478
1532
1528
1472
1462
1508
1652
1840
2102
2409
2729
3073
3397
3727
3970
4095
4095
3835
3289
2558
1661
622
1
0
1
2
1
132
835
1636
2392
2995
3398
3598
3733
4000
4095
4095
4095
4095
4095
3956
2845
1551
244
0
1
0
1
1
3
3
637
1709
2713
3560
4095
4095
4095
4095
4095
4095
4095
3590
2893
2116
1246
369
0
1
1
0
0
0
0
0
1288
3220
4095
4095
4095
4095
4095
4095
4095
2590
762
0
0
0
0
0
568
1542
2165
2373
2188
1932
1853
2185
2939
4000
4095
4095
4095
4095
4095
3854
2416
930
1
0
0
0
0
0
285
1708
3099
4095
4095
4095
4095
4095
4095
4095
4095
4095
3406
1984
576
0
0
0
0
0
0
0
523
1785
3108
4095
4095
4095
4095
4095
4095
4095
3448
1854
284
1
1
0
0
0
1
87
1344
2785
4093
4095
4095
4095
4095
4095
4095
3709
2255
760
0
3
1
1
0
1
46
1196
2523
3753
4095
4095
4095
4095
4095
4095
4095
3718
2012
187
0
1
1
1
1
0
3
123
1601
3195
4095
4095
4095
4095
4095
4095
4095
4095
3534
1879
268
3
1
0
1
0
1
0
1
869
2365
3779
4095
4095
4095
4095
4095
4095
4095
3801
2508
1082
1
1
0
0
0
0
0
40
1241
2658
3932
4095
4095
4095
4095
4095
4095
4095
4095
7
0
0
1
2
0
1
2
0
409
1623
2820
3928
4095
4095
4095
4095
4095
4095
4095
4095
4095
4095
4095
4095
4095
4095
4095
4095
4095
4095
4095
3461
2273
1084
0
2
0
1
1
0
1
1
0
0
0
0
0
0
0
1
2
0
0
1
1
599
1825
2989
4052
4095
4095
4095
4095
4095
4095
4095
4095
4095
4095
4095
4095
4095
4095
4095
4095
4095
4095
4095
4095
4095
3901
2730
1506
269
1
1
0
0
1
0
0
0
0
0
1
0
0
1
0
0
0
0
1
0
1
0
434
1728
2992
4095
4095
4095
4095
4095
4095
4095
4095
4095
4095
4095
4095
4095
4095
4095
4095
4095
4095
5
0
0
0
0
0
0
0
0
0
0
0
0
0
0
0
0
0
0
826
1882
2929
3870
4095
4095
4095
4095
4095
4095
4095
4095
4095
4095
4095
4095
4095
4095
4095
4095
4095
4095
4095
4095
4095
4095
4095
4095
4095
4095
4095
4095
4095
4095
4095
4095
4095
4095
4095
4095
4095
4095
4095
3764
2980
2204
1454
742
57
1
1
2
1
0
0
2
1
2
1
1
1
0
1
1
1
1
2
1
3
1
0
0
0
1
2
1
0
3
515
1145
1742
2323
2865
3368
3862
4095
4095
4095
4095
4095
4095
4095
4095
4095
4095
4095
4095
4095
4095
4095
4095
4095
4095
4095
4095
4095
4095
4095
4095
