2194
2192
2189
2200
2198
2189
2189
2182
2186
2183
2178
2166
2168
2155
2161
2152
2160
2152
2156
2142
2150
2141
2147
2140
2141
2137
2139
2143
2140
2151
2136
2137
2134
2143
2143
2127
2142
2153
2162
2155
2157
2144
2154
2146
2160
2164
2169
2167
2165
2152
2146
2152
2158
2146
2143
2130
2142
2118
2122
2115
2106
2106
2103
2087
2073
2080
2066
2075
2058
2047
2051
2030
2037
2027
2021
2011
2012
2008
1997
1993
2002
2000
1989
1993
1996
1987
2002
1997
2002
2001
2004
1987
1998
1999
2001
2012
2005
2018
2030
2034
2027
2027
2035
2028
2044
2055
2032
2068
2062
2074
2080
2070
2072
2059
2068
2066
2064
2060
2070
2072
2073
2058
2054
2062
2072
2066
2064
2068
2110
2103
2104
2088
2092
2088
2078
2090
2078
2082
2070
2076
2067
2074
2065
2062
2046
2052
2054
2055
2057
2052
2048
2056
2057
2051
2045
2058
2062
2047
2054
2061
2069
2067
2063
2064
2056
2056
2056
2061
2075
2066
2078
2081
2078
2080
2081
2096
2097
2085
2088
2093
2094
2100
2091
2086
2084
2088
2086
2087
2091
2098
2101
2096
2081
2067
2076
2083
2076
2071
2071
2083
2069
2075
2065
2075
2074
2086
2081
2082
2071
2069
2056
2054
2056
2045
2060
2054
2053
2058
2047
2040
2055
2041
2041
2063
2053
2046
2056
2044
2049
2071
2064
2062
2084
2061
2068
2066
2066
2068
2082
2072
2074
2097
2080
2090
2091
2101
2108
2104
2103
2099
2118
2113
2112
2113
2112
2116
2036
2054
2061
2090
2120
2133
2144
2168
2161
2174
2193
2177
2177
2183
2172
2158
2147
2140
2133
2128
2115
2103
2104
2097
2100
2085
2088
2097
2085
2087
2104
2088
2080
2078
2079
2078
2060
2057
2060
2039
2047
2051
2040
2059
2050
2046
2060
2067
2087
2096
2123
2139
2171
2172
2182
2203
2202
2213
2213
2205
2194
2156
2126
2101
2070
2042
2020
1998
1971
1963
1962
1960
1965
1988
2006
2018
2050
2068
2102
2135
2162
2169
2186
2196
2198
2179
2169
2142
2111
2093
2056
2021
2008
1986
1973
1974
1980
1992
2010
2036
2071
2112
2146
2175
2193
2217
2224
2226
2203
2179
2148
2098
2066
2003
1963
1920
1895
1873
1863
1865
1866
1879
1933
1984
2040
2106
2176
2241
2156
2185
2189
2145
2068
2039
2023
2051
2056
2044
2008
2000
2049
2102
2146
2158
2150
2161
2175
2198
2192
2168
2185
2211
2274
2294
2256
2147
2031
1973
1955
1968
1961
1978
2050
2157
2256
2287
2239
2150
2123
2128
2105
2048
1961
1928
1947
1963
1980
1971
1978
2012
2055
2106
2152
2210
2259
2295
2292
2277
2236
2147
2042
1934
1875
1885
1920
1978
1967
2013
2055
2064
2042
2031
2082
2156
2234
2272
2279
2225
2160
2073
1957
1896
1883
1914
1958
2008
2032
2056
2078
2089
2125
2198
2270
2335
2373
2352
2266
2126
1988
1883
1851
1865
1892
1950
2024
2121
2192
2231
2252
2291
2340
2386
2390
2328
2248
2161
2056
1938
1871
1886
1926
1994
2042
2058
2070
2072
2180
2178
2151
2104
2084
2070
2060
2067
2084
2090
2101
2096
2096
2080
2044
2054
2084
2105
2133
2157
2152
2137
2098
2054
2032
2032
2021
2048
2079
2113
2169
2198
2181
2135
2105
2078
2061
2062
2080
2096
2117
2114
2105
2093
2049
2037
2035
2064
2104
2153
2185
2198
2173
2130
2089
2031
2001
1968
1990
2031
2084
2140
2169
2172
2150
2127
2091
2058
2044
2060
2085
2120
2156
2164
2172
2156
2131
2128
2106
2093
2102
2120
2144
2155
2155
2156
2122
2103
2063
2045
2036
2029
2036
2046
2057
2083
2123
2172
2205
2209
2179
2126
2042
1984
1943
1936
1979
2062
2144
2204
2230
2214
2165
2095
2050
2047
2075
2120
2165
2174
2166
2111
2056
1997
1982
1997
2038
2105
2184
2280
2372
2339
2128
1956
1989
2090
2104
2038
2021
2054
2065
2043
2040
1971
1856
1851
2007
2239
2411
2430
2316
2177
2093
2099
2107
2008
1905
1885
1888
1951
2112
2266
2302
2240
2232
2282
2216
2046
1928
1954
2018
2070
2153
2207
2164
2104
2099
2153
2138
2025
1906
1806
1870
2033
2199
2262
2258
2292
2296
2196
2104
2047
1979
1888
1899
2069
2258
2287
2243
2208
2170
2131
2040
1968
1934
1941
1962
2024
2125
2238
2276
2231
2219
2195
2161
2048
1954
1945
1997
2088
2224
2293
2287
2244
2211
2192
2180
2119
1990
1835
1822
1919
2029
2108
2192
2278
2280
2187
2155
2169
2144
2009
1903
1900
1928
1941
1973
2066
2154
2213
2262
2342
2361
2258
2143
2024
1997
2021
2053
2093
2162
2217
2250
2232
2147
2019
1890
1810
1844
1982
2172
2308
2358
2282
2115
1937
1814
1822
1956
2141
2296
2350
2293
2129
1964
1874
1884
1996
2152
2264
2288
2241
2135
2037
1989
2002
2070
2146
2183
2185
2134
2087
2072
2104
2139
2155
2154
2126
2071
2043
2047
2074
2115
2150
2155
2162
2146
2137
2095
2076
2056
2066
2098
2112
2135
2163
2178
2176
2126
2056
2007
2016
2031
2074
2102
2115
2113
2102
2059
2046
2055
2078
2120
2159
2191
2193
2151
2081
2016
1968
1945
1979
2032
2077
2144
2178
2154
2106
2058
2030
2014
2054
2100
2145
2161
2142
2119
2050
2012
2004
2024
2081
2141
2178
2175
2141
2086
2023
2006
2029
2099
2160
2234
2283
1978
2066
2156
2204
2185
2089
1969
1933
1964
2027
2078
2085
2041
2019
2074
2173
2282
2387
2391
2243
2014
1884
1901
1977
2007
2066
2198
2348
2408
2374
2254
2098
1929
1848
1921
2072
2126
2063
2034
2106
2166
2080
1989
1990
1997
1940
1934
2105
2338
2414
2320
2159
2060
1970
1811
1749
1884
2083
2187
2284
2468
2528
2394
2178
2030
1963
1967
2008
2070
2164
2322
2404
2280
1997
1732
1651
1764
1918
2002
2154
2351
2435
2318
2098
1864
1760
1789
1937
2107
2241
2306
2316
2267
2184
2023
1886
1865
1918
1921
1973
2163
2361
2427
2385
2311
2152
1940
1785
1724
1744
1813
1978
2174
2356
2390
2229
2040
1920
1850
1858
1972
2155
2332
2458
2473
2348
2196
2155
1863
2236
2614
2797
2755
2528
2188
1834
1579
1522
1664
1941
2240
2410
2457
2406
2227
1953
1615
1356
1300
1488
1786
2066
2293
2470
2495
2325
1976
1640
1416
1362
1456
1725
2104
2445
2584
2472
2235
2023
1904
1838
1890
2079
2360
2573
2623
2564
2464
2348
2236
2176
2205
2296
2382
2430
2461
2436
2301
2098
1958
1956
2076
2231
2308
2248
2124
1986
1911
1901
1958
2051
2146
2178
2157
2115
2128
2156
2126
2071
2063
2075
2037
1985
2026
2152
2249
2232
2156
2059
1961
1870
1876
1937
2027
2129
2225
2286
2267
2148
1994
1815
1665
1684
1922
2213
2383
2457
2451
2315
2058
1872
1880
1997
2077
2175
2251
2267
2171
2122
2128
2104
2004
2000
2123
2253
2313
2325
1770
1728
1866
2100
2313
2380
2261
2040
1816
1656
1652
1765
1977
2238
2440
2498
2426
2206
1939
1726
1676
1802
2056
2338
2536
2578
2455
2213
1942
1742
1714
1840
2066
2305
2451
2460
2327
2141
1944
1839
1872
2019
2198
2272
2219
2092
1927
1800
1756
1845
2054
2270
2400
2383
2246
2029
1829
1718
1744
1902
2109
2273
2327
2240
2072
1904
1796
1781
1903
2129
2326
2432
2382
2234
2061
1930
1860
1910
2046
2200
2277
2235
2116
1990
1953
1976
2072
2192
2325
2366
2280
2122
1950
1865
1831
1912
2037
2202
2320
2335
2224
2037
1852
1748
1760
1862
2045
2224
2336
2305
2135
1931
1784
1751
1890
2105
2318
2428
2390
2213
2009
1854
1821
1903
2067
2213
2258
2179
812
1619
2276
2623
2804
2935
3015
2928
2674
2323
1824
1252
947
1055
1482
2147
2896
3339
3063
2244
1522
1342
1602
1999
2382
2708
2712
2349
1860
1589
1665
1862
2040
2127
2044
1882
1874
2222
2805
3196
3103
2646
2156
1804
1362
871
764
1330
2237
2818
2889
2780
2700
2628
2515
2248
1768
1242
1034
1264
1650
1731
1612
1882
2723
3492
3439
2607
1584
984
1080
1699
2354
2553
2328
2012
1866
1854
1858
1919
2038
1964
1697
1641
2060
2702
3113
3110
2797
2315
1720
1127
796
933
1502
2185
2715
3006
3062
2958
2741
2404
1924
1433
1217
1309
1444
1571
1833
2362
2944
3211
3023
2578
2202
1939
1690
1481
1446
1646
1882
2035
2152
2398
2669
2766
2584
2213
2386
2357
2172
1916
1796
1904
2253
2724
3108
3268
3134
2649
1968
1293
910
969
1448
2163
2798
3060
2800
2179
1505
1127
1214
1674
2240
2646
2692
2368
1816
1340
1204
1507
2128
2811
3262
3262
2756
1912
1041
539
664
1396
2463
3447
3920
3645
2728
1536
535
83
401
1408
2705
3830
4095
4095
3191
1875
660
3
118
998
2288
3459
4060
3876
3008
1748
597
68
417
1510
2871
3939
4095
3989
3012
1701
520
2
72
952
2216
3358
4032
4037
3397
2316
1152
309
106
673
1746
2868
3622
3826
3409
2653
1776
1123
945
1240
1809
2356
2683
2704
2459
2056
1614
1309
1226
1431
1822
2258
2608
2696
2554
2195
1746
1372
1218
1380
1778
2287
2685
2858
5
0
4
427
1926
3469
4095
4095
4095
3431
2067
757
3
3
2
2
3
56
1116
2210
2938
3166
2974
2416
1543
509
1
1
1
2
867
1923
2692
3100
3308
3359
3308
3198
3122
3097
3146
3160
3056
2801
2498
2258
2139
2208
2411
2604
2715
2735
2713
2616
2472
2308
2156
2116
2285
2680
3154
3489
3559
3334
2840
2246
1651
1195
944
857
982
1248
1665
2099
2441
2551
2402
2036
1631
1186
740
286
2
2
3
531
1492
2544
3550
4095
4095
4095
4095
4095
3998
2946
1748
650
4
1
45
859
2049
3358
4095
4095
4095
4095
4095
3300
2054
915
28
2
1
38
849
1842
2726
3291
3496
3354
2920
2260
1514
832
475
600
3478
2350
1217
328
2
2
400
1042
1659
2186
2544
2709
2802
2837
2840
2780
2603
2265
1769
1232
804
638
864
1463
2287
3149
3876
4095
4095
3876
3364
2829
2287
1719
1129
487
2
2
1
2
3
2
360
1625
3000
4095
4095
4095
4095
4095
4095
4095
4095
4095
2613
232
3
2
2
1
1
1
3
124
2593
4095
4095
4095
4095
4095
4095
4095
4095
3308
157
4
3
2
2
4
3
4
297
3168
4095
4095
4095
4095
4095
4095
4095
4095
2477
1
1
2
1
3
2
0
2
539
3621
4095
4095
4095
4095
4095
4095
4095
4095
2795
3
1
0
2
1
2
0
3
1
2438
4095
4095
4095
4095
4095
4095
4095
4095
4095
4095
4095
4095
4095
4095
4095
4045
2892
1693
565
1
3
1
2
2
3
3
4
2
3
2
4
4
2
3
5
4
1
4
3
3
3
2
5
870
2214
3512
4095
4095
4095
4095
4095
4095
4095
4095
4095
4095
4095
4095
4095
4095
4095
4095
4095
4095
4095
4095
4090
3064
1968
952
38
2
1
1
1
3
3
2
1
0
2
2
2
2
2
2
3
2
1
3
0
1
123
1152
2305
3447
4095
4095
4095
4095
4095
4095
4095
4095
4095
4095
4095
4095
4095
4095
4095
4095
4095
4095
4095
4095
4095
4095
4095
4095
4095
4095
4095
3354
1741
113
2
1
1
1
1
3
1
4
