2084
2088
2085
2078
2081
2072
2070
2082
2078
2064
2059
2071
2076
2080
2084
2071
2076
2069
2093
2076
2071
2076
2078
2084
2081
2084
2094
2088
2101
2091
2091
2092
2089
2099
2100
2092
2098
2101
2102
2080
2101
2093
2106
2093
2077
2099
2106
2098
2087
2085
2092
2094
2096
2077
2086
2088
2080
2068
2080
2072
2065
2085
2076
2070
2074
2088
2068
2065
2067
2070
2071
2074
2068
2074
2074
2079
2061
2064
2085
2076
2075
2069
2071
2080
2076
2065
2074
2085
2086
2093
2100
2095
2093
2105
2107
2103
2101
2100
2097
2108
2120
2104
2103
2104
2108
2123
2122
2115
2110
2113
2107
2121
2120
2110
2130
2122
2117
2123
2116
2117
2102
2102
2102
2093
2100
2097
2097
2095
2182
2165
2164
2151
2154
2126
2115
2106
2097
2084
2071
2071
2069
2056
2044
2040
2032
2024
2036
2038
2034
2045
2044
2053
2045
2046
2060
2057
2068
2056
2058
2055
2053
2053
2059
2054
2057
2058
2064
2080
2090
2114
2122
2124
2138
2160
2188
2187
2198
2213
2211
2224
2228
2226
2234
2232
2221
2206
2208
2184
2180
2150
2115
2115
2086
2051
2031
2000
1976
1951
1938
1932
1907
1904
1905
1918
1919
1931
1964
1976
1991
2026
2048
2064
2083
2102
2118
2140
2147
2149
2157
2141
2137
2128
2121
2102
2084
2064
2051
2046
2040
2032
2036
2027
2045
2042
2076
2083
2097
2115
2130
2142
2157
2168
2172
2185
2176
2173
2177
2153
2140
2116
2110
2088
2066
2064
2065
2038
1866
1867
1904
1986
2030
2073
2085
2151
2195
2235
2230
2191
2153
2187
2242
2271
2243
2163
2069
1988
1961
1967
1976
2003
2079
2165
2274
2329
2330
2303
2241
2199
2156
2134
2099
2048
2032
1994
1955
1896
1864
1891
1966
2049
2150
2236
2304
2344
2364
2335
2260
2176
2101
2053
2036
2020
2043
2048
2058
2073
2121
2207
2298
2342
2342
2301
2254
2188
2089
1942
1777
1697
1700
1776
1870
1970
2049
2135
2250
2319
2337
2284
2202
2163
2132
2097
2056
1989
1962
1960
1968
2016
2072
2104
2123
2113
2107
2090
2119
2122
2116
2104
2079
2097
2098
2101
2031
1950
1908
1934
2016
2088
2166
2222
2293
2351
2331
2290
2207
2107
2024
1984
1970
1957
1968
1984
2010
2035
2024
2029
2040
2084
2108
2117
2120
2130
2100
2084
2067
2060
2052
2042
2072
2123
2156
2189
2190
2143
2063
2002
1930
1888
1879
1924
1971
2056
2155
2220
2248
2218
2178
2099
2043
2006
2006
2017
2038
2066
2084
2120
2140
2144
2130
2090
2081
2072
2092
2097
2088
2090
2083
2080
2114
2146
2166
2161
2144
2116
2083
2046
1996
1974
1982
2016
2082
2150
2203
2220
2182
2141
2078
2028
1990
2006
2027
2088
2146
2186
2204
2182
2166
2146
2156
2152
2157
2168
2171
2159
2149
2128
2083
2031
2027
2047
2092
2141
2155
2132
2060
2004
1975
1966
1989
2035
2086
2139
2179
2204
2189
2172
2133
2107
2106
2127
2190
2240
2293
2289
2229
2153
2065
1975
1939
1957
2003
2054
1941
1888
1998
2096
2089
2089
2215
2345
2322
2234
2166
2049
1853
1772
1802
1896
1999
2155
2323
2384
2292
2175
2060
1948
1936
2051
2168
2141
2077
2061
2049
1992
2025
2084
2046
1947
1948
2050
2106
2167
2280
2342
2261
2133
2077
2063
2045
2060
2095
2080
2001
1981
2053
2174
2272
2306
2270
2132
2006
2054
2137
2185
2176
2136
2056
1958
1957
2043
2120
2133
2157
2183
2193
2160
2178
2179
2072
1944
1890
1934
1997
2078
2203
2277
2233
2166
2184
2152
2066
2028
2022
1958
1868
1961
2179
2263
2200
2146
2135
2100
2122
2219
2242
2096
1913
1892
1986
2102
2188
2213
2194
2128
2093
2122
2115
1979
1851
1798
1940
2142
2286
2324
2254
2117
2045
2092
2152
2158
2040
2120
2191
2207
2156
2078
2044
2045
2078
2092
2058
2024
1968
1947
1985
2085
2146
2186
2165
2089
2050
2044
2078
2128
2151
2115
2041
1981
2006
2067
2180
2254
2238
2130
2012
1924
1934
2035
2154
2239
2258
2192
2118
2030
1995
1970
1994
2027
2048
2090
2148
2221
2272
2266
2166
1998
1853
1805
1885
2065
2228
2304
2260
2123
1982
1903
1958
2116
2302
2417
2392
2265
2090
1976
1947
2008
2098
2158
2170
2128
2082
2068
2103
2159
2169
2146
2064
1996
2038
2169
2321
2392
2346
2188
1970
1806
1770
1919
2165
2375
2472
2391
2182
1967
1838
1854
1992
2181
2320
2381
2314
2191
2031
1930
1910
1966
2090
2194
2246
2226
2164
2056
1982
1942
1964
2036
2119
2206
2312
2290
2227
2119
2045
2073
2081
2016
2015
2123
2224
2202
2128
2152
2188
2110
1990
1936
1972
2101
2208
2297
2338
2373
2373
2360
2255
2092
1938
1892
1914
1920
1962
2080
2214
2241
2222
2198
2129
2055
2084
2153
2106
2054
2056
2086
2088
2080
2072
2086
2115
2096
1999
1957
2019
2088
2084
2023
1948
1937
1999
2036
2006
2023
2126
2190
2119
2011
1925
1958
2038
2045
1967
1949
2034
2095
2097
2108
2152
2238
2323
2275
2026
1826
1831
1882
1854
1868
2106
2403
2442
2165
1909
1944
2099
2089
1961
1913
1989
2021
1965
2003
2192
2361
2333
2224
2244
2302
2192
2030
1981
2022
2063
2114
2178
2173
2089
1991
1972
2083
2240
2276
2198
2090
2031
1951
1882
1843
2324
2287
2180
2068
1987
1962
2018
2102
2199
2262
2273
2215
2098
1968
1874
1835
1837
1911
2035
2168
2258
2309
2290
2214
2104
2005
1995
2056
2165
2278
2368
2376
2261
2102
1926
1836
1871
2009
2162
2294
2310
2257
2136
2045
1994
2008
2048
2067
2052
2010
1997
2004
2050
2108
2141
2170
2171
2188
2206
2231
2229
2178
2111
2056
2065
2121
2191
2227
2181
2104
1996
1917
1902
1915
1979
2083
2162
2207
2199
2124
2033
1942
1896
1887
1900
1949
2044
2168
2259
2268
2178
2012
1860
1800
1862
1966
2044
2046
2026
1984
1956
1940
1950
2009
2112
2254
2371
2436
2425
2323
2167
1992
1875
1898
2073
2329
2524
2584
2517
2368
2208
2020
1801
1679
1775
2095
2488
2747
2346
2386
2117
1740
1578
1710
1921
2014
2080
2278
2570
2690
2378
1765
1254
1190
1600
2185
2531
2527
2316
2160
2125
2103
2034
1912
1852
1920
2168
2423
2489
2264
1909
1670
1658
1768
1906
2035
2171
2253
2241
2229
2246
2229
2192
2140
2178
2262
2313
2290
2214
2125
2073
2030
2022
2005
2028
2110
2166
2128
2054
2013
2071
2153
2189
2142
2067
2016
2036
2061
2057
2033
2018
2022
2030
2067
2182
2333
2441
2468
2362
2145
1879
1667
1583
1625
1796
2016
2182
2239
2188
2147
2124
2098
2085
2122
2223
2334
2425
2384
2223
1997
1762
1618
1671
1883
2205
2464
2596
2543
2371
2108
1831
1635
1562
1679
1924
2203
2411
2476
2395
2146
1848
1615
1568
1715
1967
2232
2568
2262
1887
1497
1246
1330
1763
2327
2781
3058
3161
3015
2677
2310
2065
1948
1903
1964
2123
2250
2234
2079
1995
2087
2267
2353
2284
2105
1861
1629
1456
1435
1543
1739
1937
2110
2219
2228
2142
2030
2052
2267
2622
2924
2992
2794
2432
2032
1734
1603
1780
2194
2636
2880
2877
2724
2444
1973
1434
1137
1257
1558
1719
1775
1887
2018
1961
1802
1851
2135
2352
2334
2226
2249
2208
1995
1828
1964
2322
2548
2587
2610
2668
2559
2258
2022
2036
2135
2097
1937
1772
1681
1703
1855
2117
2276
2258
2113
1897
1674
1592
1719
2002
2313
2609
2731
2550
2137
1872
1990
2355
2591
2669
2645
2386
1883
1456
1365
1618
2030
2445
2731
2613
2124
1511
1149
1110
1383
2458
2299
2167
2054
1970
1901
1895
1982
2148
2368
2549
2568
2368
2051
1776
1704
1873
2189
2460
2523
2325
1982
1708
1625
1754
2004
2278
2469
2514
2357
2049
1770
1686
1816
2077
2346
2468
2422
2167
1765
1424
1364
1697
2287
2812
3029
2875
2458
1964
1585
1453
1627
2021
2424
2644
2621
2384
2014
1640
1362
1342
1621
2119
2583
2762
2570
2168
1776
1606
1722
2031
2317
2428
2328
2089
1899
1845
1938
2100
2210
2227
2101
1884
1723
1737
1971
2382
2823
3098
3059
2661
2014
1359
976
1013
1409
2012
2557
2860
2812
2402
1829
1358
1241
1479
1900
2317
2555
2518
2226
1785
1475
1435
1690
2101
2490
2688
2601
2198
1700
1291
1198
1495
2081
2668
2962
2789
2231
1722
2829
3699
4091
3879
3261
2484
1752
1156
772
734
1058
1591
2116
2510
2737
2922
3066
3158
3041
2696
2278
1972
1910
1856
1522
782
2
1
2
752
2259
3562
4095
4095
4095
4095
4095
4095
3639
2150
598
3
1
2
2
2
680
1755
2911
3820
4095
3938
3278
2609
2260
2126
1960
1672
1433
1432
1803
2472
3155
3550
3552
3194
2691
2160
1646
1278
1066
1030
1145
1299
1390
1454
1528
1656
1803
1930
2073
2262
2557
2847
2917
2674
2181
1594
1308
1486
2054
2691
3167
3403
3475
3408
3168
2715
2120
1574
1290
1356
1601
1642
1344
898
539
472
688
1018
1302
1438
1540
1687
1981
2417
2982
3652
4095
4095
4095
4095
4095
4090
2393
365
3
4
3
1
467
2332
4095
4095
4095
4095
4095
4095
2466
372
3
4
2
3
2
1323
3632
4095
4095
4095
4095
4095
4095
2632
3
3
2
2
2
3
18
2488
4095
4095
4095
4095
4095
4095
2512
3
4
2
1
3
1
0
1577
4095
4095
4095
4095
4095
4095
4095
1223
1
3
2
3
3
0
716
4095
4095
4095
4095
4095
4095
4095
2056
3
2
3
3
3
2
735
4095
4095
4095
4095
4095
4095
4095
2667
2
3
1
2
1
0
1
2090
4095
4095
4095
4095
4095
4095
2971
197
1
4
1
2
2
700
3028
4095
4095
4095
4095
4095
3245
1368
3
3
4
3
235
2373
4095
4095
4095
4095
3
2
1
58
1634
3408
4095
4095
4095
4095
4095
4095
4095
4095
4095
4095
4095
4095
4095
4095
4095
4095
4095
4095
3712
2567
1479
524
1
1
1
0
3
3
2
2
1
2
3
190
713
1175
1566
1866
2061
2187
2214
2136
1980
1667
1422
1239
1090
943
839
784
781
843
953
1092
1284
1497
1739
1989
2180
2346
2610
2908
3178
3449
3714
3973
4095
4095
4095
4095
4095
4095
4095
4095
4095
4095
4095
4095
4095
4095
4095
3785
3365
2913
2461
2020
1598
1191
817
522
256
39
4
1
1
0
2
3
64
145
220
281
312
328
310
278
202
142
73
21
4
21
104
243
453
769
1122
1561
2061
2590
3152
3707
3
1
2
2
1
3
2
2
2
3
328
818
1320
1812
2329
2840
3331
3841
4095
4095
4095
4095
4095
4095
4095
4095
4095
4095
4095
4095
4095
4095
4095
4095
4095
4095
4095
4095
4095
4095
4095
4095
4095
4095
4095
4095
4095
4095
4095
4095
4095
4095
4095
4095
4095
3802
3333
2830
2374
1920
1487
1067
664
283
1
2
2
2
2
1
1
3
2
2
2
3
2
3
2
1
4
3
2
3
2
5
1
2
4
3
3
1
2
2
2
3
3
1
1
1
2
2
3
85
668
1293
1907
2478
3059
3603
4095
4095
4095
4095
4095
4095
4095
4095
4095
4095
4095
4095
4095
4095
4095
4095
4095
4095
