2089
2070
2082
2082
2070
2096
2085
2067
2080
2082
2091
2074
2099
2097
2077
2089
2084
2103
2100
2101
2107
2105
2136
2122
2110
2103
2109
2123
2124
2107
2128
2118
2104
2100
2124
2112
2100
2108
2091
2114
2134
2116
2113
2109
2096
2109
2107
2096
2088
2095
2104
2091
2047
2076
2076
2071
2068
2050
2053
2071
2082
2061
2068
2049
2056
2044
2048
2049
2064
2044
2055
2043
2044
2053
2063
2048
2060
2056
2045
2073
2052
2054
2066
2068
2094
2081
2090
2071
2088
2085
2091
2095
2088
2106
2116
2104
2109
2119
2120
2104
2122
2124
2100
2112
2093
2125
2122
2110
2105
2108
2103
2119
2117
2097
2097
2102
2110
2132
2117
2107
2104
2115
2114
2094
2094
2086
2084
2090
2095
2075
2088
2056
2046
2054
2067
2046
2061
2049
2036
2056
2084
2106
2098
2079
2092
2108
2109
2099
2106
2090
2098
2102
2088
2092
2109
2099
2099
2083
2093
2092
2077
2096
2096
2120
2135
2117
2147
2152
2157
2165
2161
2150
2155
2167
2157
2155
2123
2125
2126
2088
2084
2058
2041
2043
2058
2084
2118
2126
2141
2183
2179
2160
2160
2158
2137
2129
2121
2103
2057
2057
2031
2014
2004
1998
2010
2042
2092
2110
2131
2120
2146
2157
2138
2130
2125
2118
2092
2055
2020
2032
2039
2018
1992
2004
2020
2062
2071
2092
2098
2105
2128
2131
2127
2129
2091
2079
2049
2055
2047
2052
2038
2020
2039
2068
2081
2078
2092
2120
2124
2125
2140
2116
2115
2093
2076
2038
2131
2165
2208
2249
2230
2204
2174
2168
2129
2099
2057
2019
2006
1996
1985
1999
1992
1995
2026
2056
2070
2101
2160
2203
2249
2238
2221
2204
2196
2162
2115
2048
2009
1987
1947
1963
1955
1992
2049
2089
2136
2200
2259
2274
2291
2285
2234
2201
2184
2129
2040
1952
1914
1904
1926
1935
1981
2020
2067
2140
2186
2214
2239
2245
2257
2317
2280
2193
2111
2046
2016
1969
1937
1930
1937
1998
2036
2067
2096
2130
2160
2240
2268
2248
2184
2095
2029
1996
1989
1977
1945
1934
1952
1988
2038
2053
2086
2096
2151
2209
2218
2195
2148
2128
2095
2063
2036
1972
1927
1927
1964
2003
2040
2116
2091
2067
2071
2073
2132
2180
2195
2163
2137
2113
2116
2138
2154
2129
2155
2159
2176
2099
2046
2002
1958
1970
2019
2111
2166
2222
2214
2210
2172
2109
2080
2028
2051
2095
2135
2193
2217
2231
2193
2103
2060
1993
1949
1966
2016
2078
2153
2193
2179
2144
2073
2009
1965
1961
1962
2016
2100
2175
2223
2212
2207
2132
2042
2006
1976
2019
2065
2149
2202
2228
2238
2196
2138
2063
1976
1894
1881
1901
1977
2041
2125
2203
2197
2150
2080
2029
1968
1961
1982
2004
2058
2141
2201
2207
2216
2162
2118
2083
2034
2024
1999
2064
2130
2199
2222
2202
2141
2098
2017
1993
2003
2026
2083
2150
2206
2226
2221
2203
2155
2076
2036
1996
2006
2055
2092
2129
2166
2211
2194
2175
2113
2061
2024
2018
2026
2061
2093
2157
2194
2193
2181
2126
2047
2049
1973
1966
2027
2063
2177
2241
2214
2167
2115
2113
2076
2025
2027
2061
2083
2135
2120
2140
2145
2123
2117
2096
2049
2053
2048
2085
2136
2178
2192
2167
2078
2024
1994
2002
2109
2222
2216
2184
2134
2083
2018
1988
2021
2065
2116
2147
2098
2086
2112
2205
2157
2091
2085
2090
2051
1975
1959
1984
2069
2105
2108
2127
2202
2261
2267
2186
2065
1968
1937
1926
1911
1943
2069
2216
2295
2258
2220
2176
2149
2060
1989
1930
1953
2017
2164
2275
2276
2191
2073
2059
2038
2064
2049
2033
2017
2032
2105
2172
2173
2065
1961
1915
1958
2039
2100
2144
2194
2217
2217
2215
2157
2060
1972
1880
1897
1963
2089
2182
2216
2207
2178
2124
2071
2057
2033
2020
2159
2065
2006
2042
2096
2136
2139
2158
2145
2119
2064
2018
1977
2000
2019
2036
2073
2147
2221
2229
2133
2034
1959
1933
1953
1973
2031
2113
2175
2197
2185
2143
2086
2042
2083
2152
2204
2277
2302
2274
2168
2059
2036
2042
2018
2017
2046
2116
2167
2124
2112
2117
2057
2004
1964
1985
1957
1941
1943
2007
2103
2184
2220
2205
2192
2124
2034
1994
1960
1983
2034
2104
2154
2228
2269
2259
2155
2047
1980
1958
1957
2004
2088
2200
2244
2237
2185
2162
2080
1945
1974
2047
2100
2107
2115
2175
2173
2176
2141
2122
2140
2060
1974
1980
2063
2107
2138
2170
2198
2143
2017
1871
1824
1815
1811
1891
2042
2134
2170
2189
2173
2136
2071
2053
2052
2053
2086
2184
2090
2055
2068
2056
2064
2123
2153
2175
2162
2135
2087
2048
2006
1988
2020
2074
2150
2195
2206
2175
2096
2029
2013
2056
2098
2130
2131
2118
2073
2016
1964
1978
2013
2096
2176
2222
2161
2091
2012
1922
1950
2015
2118
2220
2269
2206
2074
1953
1856
1894
2041
2192
2303
2352
2265
2117
1961
1896
1907
2045
2212
2333
2280
2181
2004
1896
1886
1953
2095
2267
2331
2307
2178
2015
1922
1900
1986
2087
2205
2246
2208
2131
2057
2029
2031
2108
2153
2157
2125
2058
1970
1930
1971
2053
2109
2161
2160
2110
2057
1999
2044
2174
2279
2349
2331
2232
2070
1942
1930
1944
2053
2182
2269
2287
2188
2049
1919
1884
1962
2093
2242
2267
2153
2029
1887
1851
1923
2090
2246
2039
1933
1916
1999
2128
2291
2401
2380
2262
2144
2024
2005
2000
2003
1987
1998
2060
2129
2270
2434
2462
2331
2074
1839
1656
1607
1752
1982
2191
2339
2359
2260
2123
1986
1881
1894
2016
2160
2273
2405
2501
2425
2231
2042
1845
1645
1541
1613
1799
1937
2101
2278
2424
2416
2287
2141
2065
1957
1864
1841
1967
2130
2278
2416
2465
2319
2055
1890
1809
1711
1628
1678
1856
2009
2153
2289
2389
2420
2352
2217
2104
2020
2018
2042
2092
2101
2114
2119
2072
1935
1838
1791
1860
1998
2225
2314
2298
2251
2173
2109
2093
2114
2075
2016
2066
2150
2273
2359
2436
2443
2360
2221
2103
2002
2019
2040
2069
2103
2277
2379
2320
2212
2187
2115
1961
1864
1932
2167
2181
2148
2092
2099
2101
2165
2223
2302
2323
2264
2155
1996
1827
1712
1695
1847
2102
2381
2573
2607
2451
2153
1825
1582
1501
1676
1930
2254
2491
2599
2518
2308
1954
1657
1504
1555
1828
2188
2529
2651
2552
2283
1947
1627
1502
1574
1797
2138
2466
2649
2647
2406
2049
1714
1463
1411
1578
1924
2302
2612
2728
2583
2274
1897
1556
1400
1473
1767
2182
2555
2803
2850
2674
2312
1868
1482
1302
1381
1662
2085
2494
2761
2842
2689
2376
1987
1638
1468
1471
1706
1994
2277
2482
2539
2465
2287
2096
1870
1771
1835
1995
2225
2383
2495
2437
2242
2002
1766
1645
1687
1903
2234
2544
2721
2691
2537
2214
1892
1621
1520
1600
1828
2098
2366
2568
2631
2526
1567
1814
2205
2595
2872
2805
2508
2148
1878
1640
1526
1598
1784
1919
1997
2079
2292
2526
2652
2550
2265
1966
1768
1710
1619
1565
1727
2147
2674
2975
2914
2573
2128
1768
1580
1633
1868
2153
2301
2310
2272
2246
2209
2133
2018
1947
1996
2124
2224
2189
2002
1745
1629
1748
2038
2399
2622
2581
2320
1996
1910
2047
2223
2253
2088
1905
1884
2009
2149
2207
2094
1953
1883
1929
2096
2229
2335
2346
2251
2074
1931
1784
1729
1775
1863
1991
2178
2466
2745
2793
2504
2024
1618
1415
1403
1532
1813
2220
2567
2699
2608
2357
2095
1879
1719
1664
1759
1921
2079
2300
2504
2626
2590
2326
1985
1676
1517
1485
1495
1555
1824
2309
2910
3307
3251
2664
1783
1085
1905
1666
1554
1580
1853
2248
2706
3063
3212
3196
2969
2562
1977
1366
909
801
1024
1389
1768
2144
2500
2744
2739
2465
2017
1516
1179
1082
1216
1610
2149
2676
3016
3070
2948
2599
2142
1674
1344
1276
1442
1757
2146
2453
2627
2576
2318
1930
1585
1385
1423
1618
1879
2126
2327
2462
2445
2382
2304
2200
2084
1978
1924
1953
2102
2178
2189
2173
2200
2265
2298
2270
2222
2175
2126
2030
1866
1740
1729
1856
2103
2394
2702
3004
3121
2965
2597
2114
1633
1189
841
607
705
1206
1950
2663
3273
3739
3962
3840
3326
2555
1704
1021
547
347
422
880
1682
2561
3317
3791
3956
3806
3289
2445
1512
744
341
355
651
1085
1643
2282
2850
3203
3219
2982
4095
4095
3859
2786
1389
1
0
1
1
116
1714
3645
4095
4095
4095
4095
4095
3229
901
1
1
1
2
0
1023
3342
4095
4095
4095
4095
4095
2707
498
0
1
1
1
424
2425
4095
4095
4095
4095
4095
3341
1556
0
1
1
1
34
1487
3225
4095
4095
4095
4095
3702
2176
573
1
3
1
1
907
2687
4095
4095
4095
4095
4095
3033
1295
1
2
1
2
1
1207
2968
4095
4095
4095
4095
4064
2672
1002
1
0
1
0
605
2038
3331
4095
4095
4095
4095
3466
2282
1035
0
1
0
189
1203
2349
3343
3980
4095
4095
3656
2964
2084
1185
395
2
13
456
1284
2207
3061
3575
3772
3616
3176
2569
1823
7
0
69
1409
2924
4095
4095
4095
4095
4095
4095
4095
4095
4095
4091
2788
1274
0
0
0
0
0
1
0
0
1
0
727
2044
3301
4095
4095
4095
4095
4095
4095
4095
4095
4095
4095
3615
2024
442
2
1
0
1
1
0
1
3
2
1
255
1394
2497
3513
4095
4095
4095
4095
4095
4095
4095
4095
4095
4095
4095
3156
1990
790
1
0
0
1
1
1
1
0
0
806
2005
3077
4024
4095
4095
4095
4095
4095
4095
4095
3801
2812
1786
737
0
1
0
1
0
1
0
0
72
985
2019
3022
3956
4095
4095
4095
4095
4095
4095
4095
4095
3677
2790
1841
956
161
1
1
0
0
0
1
2
9
1
0
344
1418
2462
3427
4095
4095
4095
4095
4095
4095
4095
4095
4095
4095
4095
4095
4095
4095
4095
4095
4095
4095
4095
4095
4095
4095
4095
4095
4095
4095
4095
4095
3660
2575
1445
307
2
0
1
1
1
1
1
0
0
1
1
0
0
1
0
0
0
0
0
0
0
0
1
1
0
1
1
3
512
1655
2733
3759
4095
4095
4095
4095
4095
4095
4095
4095
4095
4095
4095
4095
4095
4095
4095
4095
4095
4095
4095
4095
4095
4095
4095
4095
4095
4095
4095
4095
4095
3184
1687
132
1
0
0
0
0
0
0
0
1
1
0
0
0
0
0
0
0
1
0
0
0
0
0
0
0
4095
4095
4095
4095
4095
4095
4095
4095
4095
4095
4095
4095
4095
4095
4095
4095
4095
4095
4095
4095
4095
4095
4095
4095
4095
4095
4095
4095
4095
3807
3353
2904
2443
1989
1542
1083
610
178
0
3
0
0
0
0
0
1
0
0
1
0
0
0
0
0
0
0
1
0
0
0
1
0
0
0
0
0
0
0
0
0
0
0
0
0
0
0
0
0
0
0
2
1
0
0
0
0
0
1
1
0
1
0
1
1
0
1
0
1
0
122
686
1193
1676
2130
2564
2966
3318
3692
4043
4095
4095
4095
4095
4095
4095
4095
4095
4095
4095
4095
4095
4095
4095
4095
4095
4095
4095
4095
