2018
2002
2002
2005
1973
1968
1965
1962
1938
1946
1942
1936
1936
1920
1936
1948
1952
1924
1934
1940
1955
1966
1979
1966
1977
1965
1996
1994
2011
2008
1998
2012
2019
2028
2027
2036
2036
2048
2039
2050
2064
2068
2062
2079
2078
2076
2092
2098
2107
2127
2142
2141
2144
2156
2165
2185
2192
2183
2183
2188
2198
2200
2189
2184
2183
2161
2152
2151
2145
2136
2118
2107
2096
2087
2084
2059
2059
2028
2033
2018
2005
2022
2011
2008
2021
2014
2028
2032
2038
2044
2065
2064
2092
2102
2104
2126
2150
2174
2200
2210
2211
2220
2229
2237
2231
2247
2246
2234
2235
2228
2213
2205
2190
2173
2157
2154
2128
2114
2111
2072
2056
2048
2026
2018
2011
2003
1981
1988
2121
2124
2136
2152
2160
2164
2169
2161
2152
2141
2124
2110
2099
2095
2086
2085
2068
2064
2067
2085
2086
2096
2117
2140
2146
2155
2171
2170
2168
2161
2145
2128
2098
2075
2054
2028
2019
2011
2034
2048
2067
2088
2120
2147
2175
2174
2185
2188
2180
2158
2120
2090
2058
2041
2009
2016
2026
2040
2067
2102
2132
2162
2192
2216
2221
2191
2173
2142
2106
2052
2031
2001
1972
1966
1959
1972
1996
2031
2085
2122
2176
2192
2222
2224
2226
2208
2170
2131
2086
2056
2037
2012
2018
2034
2066
2109
2153
2192
2210
2232
2243
2232
2203
2180
2135
2097
2064
2041
2018
2000
2008
2019
2043
2079
2120
2149
2159
2176
2157
2134
2085
2058
2029
2032
2016
2006
2004
2020
2054
2085
2089
2094
2107
2099
2093
2075
2035
2060
2096
2127
2117
2100
2080
2042
1987
1963
1994
2038
2061
2081
2146
2218
2255
2278
2302
2323
2292
2222
2109
2002
1908
1866
1890
1943
2000
2032
2081
2150
2232
2264
2257
2253
2238
2224
2184
2130
2065
1992
1944
1925
1896
1870
1863
1918
1996
2063
2106
2154
2206
2247
2245
2210
2165
2107
2063
1983
1962
1942
1974
2034
2081
2100
2092
2104
2133
2156
2133
2099
2087
2063
2032
2009
2008
2070
2103
2135
2140
2174
2201
2213
2174
2102
2061
2072
2055
2008
1974
1967
2001
2070
2176
2241
2298
2346
2357
2323
2228
2131
2061
2018
2017
1984
1925
1868
1888
1986
2114
2223
2306
2342
2363
2323
2256
2137
2062
2012
2136
2230
2291
2295
2239
2145
2033
1957
1925
1968
2058
2169
2263
2348
2356
2317
2221
2093
1982
1928
1948
2018
2120
2194
2236
2221
2133
2036
1920
1855
1850
1894
2018
2145
2273
2362
2402
2379
2264
2122
1979
1868
1824
1864
1957
2097
2232
2337
2392
2353
2237
2096
1944
1814
1759
1768
1832
1957
2085
2192
2250
2252
2229
2180
2126
2095
2073
2063
2081
2124
2206
2258
2291
2266
2183
2056
1947
1866
1885
1946
2050
2116
2134
2104
2071
2040
2042
2033
2052
2067
2088
2107
2140
2148
2154
2133
2096
2043
2053
2100
2174
2248
2260
2223
2152
2083
2054
2053
2071
2090
2129
2161
2165
2146
2080
2001
1911
1885
1939
2044
2157
2234
2256
2232
2209
2156
2035
1927
2069
2070
2067
2161
2252
2260
2148
2004
1911
1899
2007
2108
2156
2136
2132
2163
2167
2130
2072
1967
1915
1951
2062
2165
2228
2263
2294
2258
2147
2040
1980
1961
1934
1905
1968
2139
2320
2431
2468
2411
2288
2081
1886
1813
1838
1920
2034
2175
2302
2343
2270
2127
2023
1998
2005
2027
2074
2116
2122
2094
2030
2018
2075
2130
2138
2086
2064
2096
2141
2144
2079
2048
2064
2118
2104
2062
2096
2213
2263
2180
2014
1929
2002
2114
2176
2120
2032
2010
2061
2070
2018
1994
2043
2155
2224
2194
2122
2024
2001
2036
2093
2095
2081
2078
2128
2192
2245
2226
2128
1974
1866
1859
1970
2116
2246
2283
2246
2187
2147
2151
2173
2148
2086
2016
1976
1976
2008
2054
2072
2048
1987
1893
1867
1954
2022
1973
1919
1963
2079
2162
2224
2330
2363
2236
2079
2028
2140
2260
2334
2377
2416
2369
2226
2105
2095
2137
2156
2147
2157
2212
2246
2218
2182
2112
2009
1921
1927
2011
2059
2078
2107
2116
2069
2034
2086
2148
2122
2096
2141
2180
2094
2025
2109
2214
2216
2171
2208
2274
2167
2023
1973
2067
2043
1940
1894
1961
2020
2035
2028
2039
1966
1793
1688
1788
1962
2061
2072
2084
2120
2134
2126
2089
2064
1998
1952
2016
2201
2346
2328
2217
2130
2129
2110
2028
1993
2018
2000
1951
1992
2135
2268
2276
2222
2177
2128
2055
1972
1903
1910
2022
2194
2379
2434
2382
2237
2066
1983
2041
2200
2288
2279
2233
2212
2133
2018
1907
1936
2085
2222
2286
2270
2172
2044
1913
1859
1927
2087
2250
2351
2339
2189
2000
1834
1773
1894
2127
2393
2561
2537
2318
2008
1732
1623
1742
2005
2312
2497
2486
2267
1973
1753
1707
1862
2130
2364
2477
2390
2155
1941
1800
1821
1963
2168
2310
2329
2211
2045
1902
1856
1923
2107
2296
2385
2354
2172
1962
1825
1803
1923
2088
2278
2372
2305
2106
1870
1724
1767
1996
2313
2559
2635
2465
2155
1830
1691
1786
2054
2306
2464
2422
2232
2000
1848
1879
2045
2268
2387
2311
2109
1859
1726
1783
1984
2240
2415
2440
2289
2056
1832
1760
1837
2032
2216
2296
2243
2139
2054
2058
2139
2207
2207
2113
1975
1852
1860
1990
2179
2322
2339
2220
1997
1834
1798
1957
1970
1775
1608
1587
1728
1976
2308
2574
2674
2603
2440
2303
2316
2377
2377
2261
2148
2049
2040
2147
2287
2237
1999
1728
1613
1625
1786
2039
2264
2402
2428
2474
2506
2445
2268
2120
2069
2092
2136
2174
2170
2072
1975
1942
1924
1885
1964
2076
2073
2004
2052
2176
2211
2152
2014
1864
1795
1820
1840
1926
2176
2390
2380
2309
2282
2261
2102
1944
1883
1888
1937
2054
2202
2385
2468
2312
2008
1823
1788
1700
1667
1864
2192
2424
2505
2506
2466
2357
2210
1984
1783
1744
1912
2150
2310
2299
2191
2078
2016
1879
1720
1679
1733
1828
1954
2185
2408
2404
2223
2048
1945
1740
1586
1651
1844
1980
2127
2356
2501
2472
2412
2367
2238
2082
2006
1944
1971
2118
2212
2502
2634
2561
2358
2082
1863
1760
1824
2006
2243
2399
2420
2280
2041
1806
1694
1735
1909
2167
2402
2517
2451
2259
2006
1764
1644
1631
1786
2034
2342
2561
2597
2482
2208
1930
1719
1626
1682
1875
2169
2436
2617
2624
2521
2320
2098
1895
1721
1647
1712
1908
2183
2419
2532
2496
2328
2080
1810
1621
1580
1679
1851
2088
2254
2333
2313
2240
2145
2073
2066
2132
2254
2376
2391
2287
2081
1879
1740
1713
1836
2005
2221
2382
2436
2344
2156
1950
1792
1765
1837
1974
2125
2216
2258
2216
2136
2064
2030
2054
2103
2163
2206
2213
2189
2127
2063
2013
1966
1940
1967
2004
2090
2192
2260
2273
2216
2123
2087
2108
2182
2222
2195
2156
2171
2242
2350
2430
2346
3240
3815
3804
3176
2215
1298
693
618
1158
2051
2873
3322
3388
3124
2585
1870
1159
773
825
1297
2053
2841
3393
3454
3047
2339
1641
1054
671
558
856
1670
2827
3865
4095
3732
2617
1437
605
244
258
715
1652
2782
3720
4095
4077
3350
2206
1079
364
294
770
1512
2375
3218
3828
3888
3310
2272
1146
367
215
711
1625
2571
3292
3634
3521
2944
2052
1137
619
736
1399
2201
2806
3106
3129
2908
2524
2132
1951
1959
1975
1912
1825
1824
1922
2093
2274
2527
2864
3120
2990
2328
1297
290
1
366
1708
3308
4095
4095
3488
2070
735
3
3
425
1328
2464
3593
4095
4095
4046
2726
1028
3
4
70
1394
2938
4038
4095
3962
3080
3745
4095
4095
4095
3614
2600
1486
463
3
2
2
528
1714
3050
4095
4095
4095
4095
3982
2610
1034
2
2
1
3
3
953
2507
3813
4095
4095
4095
4095
3526
2258
951
1
2
2
1
2
284
1560
2893
3977
4095
4095
4095
4095
4095
3572
2546
1476
525
2
2
102
872
1910
2900
3645
3960
3859
3428
2823
2188
1640
1251
1081
1150
1494
2052
2621
3003
3004
2699
2085
1307
526
3
1
313
1152
2218
3240
4041
4095
4095
3502
2350
1103
106
2
2
1
592
1661
2827
3852
4095
4095
4095
3786
2812
1592
319
3
2
2
109
1342
2730
3989
4095
4095
4095
4095
3671
2338
1055
72
0
1
88
924
1937
2863
3540
4095
4095
4095
3865
2722
1430
239
1
0
0
114
1386
2938
4095
4095
4095
4095
4095
3269
1528
2
1
2
3
0
4
1596
3578
4095
4095
4095
4095
4095
3870
1916
2
1
1
1
2
1
1449
3872
4095
4095
4095
4095
4095
3876
1569
3
3
1
0
1
0
1849
4095
4095
4095
4095
4095
4095
2829
317
1
1
4
0
1
712
3297
4095
4095
4095
4095
4095
3745
1400
3
1
1
0
0
2
2050
4095
4095
4095
4095
4095
4095
3298
430
2
1
1
0
1
0
2196
4095
4095
4095
4095
4095
4095
2745
31
1
0
3
3
0
1440
3702
4095
4095
4095
4095
4095
3257
613
2
1
1
1
2
498
128
1
2
175
558
1104
1760
2506
3254
3954
4095
4095
4095
4095
4095
4095
3944
3027
1932
745
3
2
2
2
2
1
2
1
2
4
2
83
1426
2866
4095
4095
4095
4095
4095
4095
4095
4095
4095
4095
4095
4095
2676
805
2
2
1
3
1
2
2
0
2
2
10
1791
3957
4095
4095
4095
4095
4095
4095
4095
4095
4095
4095
4095
3645
1217
2
0
2
2
4
2
3
3
1
2
1
0
1533
4095
4095
4095
4095
4095
4095
4095
4095
4095
4095
4095
4095
4095
1721
1
3
2
1
1
4
2
2
3
3
2
2
2
3070
4095
4095
4095
4095
4095
4095
4095
4095
4095
4095
4095
4095
4095
4095
4095
4095
4095
4095
4095
4095
4095
4095
4095
4095
4095
4095
4095
4095
4095
4095
4095
4095
2944
1571
251
2
4
3
4
1
3
2
3
3
3
3
4
2
4
4
2
2
4
4
3
0
4
4
3
4
2
3
3
5
3
3
4
3
2
614
2180
3696
4095
4095
4095
4095
4095
4095
4095
4095
4095
4095
4095
4095
4095
4095
4095
4095
4095
4095
4095
4095
4095
4095
4095
4095
4095
4095
4095
4095
4095
4095
4095
4095
4095
4095
4095
4095
4095
4095
4095
4064
2986
1845
771
2
1
0
2
2
4
4
3
3
3
3
2
3
3
2
2
5
2
3
2
3
2
3
4
3
4095
4095
4095
4095
4095
4095
4095
4095
4095
4095
4095
4095
4095
4095
4095
4095
4095
4095
4095
4095
4095
4095
4095
4095
4095
4095
4095
4095
4095
4095
4095
4095
4095
4095
4095
4095
4095
4095
4095
4095
4095
4095
4095
4095
4095
4095
4095
4095
4095
4095
4095
4095
4095
4095
4095
4095
4095
4095
4095
4095
4095
4095
4095
4095
4095
4095
4095
4095
4095
4095
4095
4095
4095
4095
4095
4095
4095
4095
4095
4095
4095
3872
3431
3019
2619
2234
1876
1536
1204
894
610
342
103
1
2
4
0
1
2
2
3
2
2
1
3
1
1
3
3
2
3
2
2
2
3
1
2
1
1
2
2
2
3
2
2
2
0
1
