2097
2103
2109
2108
2094
2097
2089
2099
2087
2095
2104
2096
2082
2095
2100
2092
2087
2083
2082
2082
2094
2085
2082
2076
2088
2085
2095
2093
2092
2100
2089
2092
2109
2106
2098
2094
2115
2108
2105
2100
2108
2110
2100
2097
2094
2090
2095
2103
2104
2097
2096
2092
2098
2100
2100
2102
2099
2096
2094
2104
2095
2104
2092
2094
2098
2091
2095
2103
2093
2108
2098
2100
2105
2108
2098
2099
2099
2099
2093
2094
2092
2095
2108
2100
2093
2098
2092
2093
2089
2092
2087
2090
2092
2102
2101
2098
2102
2097
2094
2099
2096
2096
2093
2094
2096
2082
2085
2095
2112
2103
2097
2097
2100
2103
2102
2093
2077
2093
2087
2080
2086
2093
2084
2092
2094
2089
2092
2107
2094
2102
2099
2106
2109
2091
2094
2099
2104
2117
2105
2117
2113
2110
2109
2094
2094
2095
2095
2098
2104
2101
2098
2111
2117
2090
2114
2121
2106
2095
2102
2100
2107
2106
2102
2104
2099
2090
2108
2089
2099
2096
2105
2096
2097
2095
2098
2098
2100
2091
2094
2080
2104
2079
2086
2089
2090
2078
2077
2080
2085
2085
2081
2076
2090
2084
2089
2083
2085
2093
2100
2094
2079
2096
2096
2098
2094
2100
2097
2094
2083
2092
2098
2083
2093
2088
2099
2100
2091
2096
2095
2083
2098
2086
2089
2093
2097
2100
2100
2092
2107
2097
2110
2107
2105
2097
2084
2097
2096
2100
2099
2099
2097
2102
2104
2102
2102
2111
2104
2113
2117
2104
2105
2111
2099
2109
2115
2107
2050
2088
2144
2193
2220
2234
2258
2265
2251
2223
2177
2138
2081
2030
2004
1961
1936
1926
1928
1941
1972
2002
2032
2072
2096
2131
2170
2179
2201
2192
2178
2151
2133
2099
2070
2043
2008
1985
1984
1980
1994
2031
2036
2076
2120
2155
2188
2220
2245
2250
2242
2240
2222
2197
2168
2141
2097
2057
2021
1997
1968
1956
1953
1970
1990
2002
2035
2062
2091
2138
2171
2198
2208
2215
2228
2208
2183
2137
2104
2060
2013
1961
1920
1904
1888
1883
1912
1934
1986
2032
2091
2156
2205
2254
2280
2306
2310
2290
2279
2251
2205
2154
2115
2082
2063
2036
2019
2018
2035
2048
2077
2119
2148
2159
2153
2168
2180
2151
2138
2112
2074
2022
2007
1984
1958
1951
1958
1964
2027
2016
2069
2149
2218
2221
2176
2122
2067
2044
2052
2075
2129
2207
2218
2144
2016
1923
1944
2044
2144
2210
2242
2248
2168
2018
1890
1878
1992
2098
2130
2090
2126
2204
2256
2207
2150
2160
2212
2217
2139
2046
2042
2075
2057
1984
1944
1976
2040
2106
2141
2168
2207
2199
2137
2073
2036
2068
2140
2188
2173
2089
1972
1882
1816
1831
1896
2006
2126
2178
2192
2146
2066
2024
2020
2054
2095
2124
2144
2137
2069
2000
1992
2020
2058
2082
2105
2138
2196
2235
2241
2216
2200
2153
2100
2004
1944
1919
1973
2024
2054
2016
1986
1987
2026
2080
2136
2194
2246
2267
2193
2101
2029
2037
2062
2032
2010
2013
2061
2107
2138
2157
2193
2222
2187
2141
2144
2198
2156
2070
1970
1925
1908
1940
2011
2102
2197
2247
2257
2205
2105
2020
1926
1865
1856
1905
1979
2069
2158
2224
2223
2187
2131
2064
2029
2006
2034
2080
2157
2212
2233
2246
2205
2162
2100
2058
2032
2037
2070
2105
2144
2153
2147
2121
2088
2053
2060
2075
2104
2146
2186
2218
2212
2175
2114
2046
1991
1966
1979
2015
2068
2116
2137
2141
2128
2102
2063
2046
2042
2057
2088
2119
2158
2172
2149
2128
2098
2078
2076
2070
2081
2094
2078
2058
2046
2023
2039
2079
2125
2183
2242
2263
2258
2215
2130
2047
1980
1951
1962
2023
2093
2153
2202
2201
2169
2112
2052
2012
1980
1967
1988
2029
2076
2104
2104
2083
2082
2065
2052
2054
2076
2096
2130
2161
2161
2137
2038
2043
2078
2074
2053
2021
1984
1977
2008
2101
2216
2296
2314
2303
2274
2243
2185
2120
2049
1965
1916
1892
1885
1914
2004
2102
2137
2126
2078
2000
1926
1924
1982
2046
2072
2055
2051
2068
2044
1998
2012
2089
2175
2182
2163
2169
2182
2165
2137
2154
2172
2138
2061
1989
2007
2059
2092
2095
2095
2071
2045
2047
2091
2176
2250
2312
2373
2407
2402
2342
2267
2220
2165
2092
2002
1948
1948
2007
2048
2087
2125
2159
2168
2148
2140
2099
2072
2087
2117
2148
2120
2076
2029
1996
1976
2008
2072
2129
2145
2157
2147
2133
2102
2088
2031
1978
1891
1846
1845
1870
1948
2015
2083
2198
2329
2388
2367
2298
2194
2087
1938
1819
1748
1722
1767
1842
1934
2062
2445
2442
2308
2108
1919
1792
1772
1843
1993
2161
2280
2326
2315
2241
2152
2088
2061
2093
2134
2184
2174
2131
2056
1974
1921
1890
1915
1971
2063
2161
2245
2294
2278
2226
2146
2075
1998
1962
1944
1968
2009
2031
2065
2103
2116
2140
2136
2134
2128
2132
2162
2171
2185
2151
2131
2094
2022
1955
1942
1953
2011
2110
2173
2227
2230
2177
2095
2025
1976
2005
2080
2159
2246
2276
2261
2181
2059
1965
1904
1882
1941
2028
2098
2153
2156
2105
2041
1995
1984
2023
2086
2147
2193
2201
2144
2092
2061
2046
2070
2113
2170
2224
2238
2211
2145
2061
1992
1956
1990
2058
2136
2194
2230
2241
2208
2147
2111
2085
2071
2065
2083
2076
2068
2040
2025
2034
2081
2147
2616
2457
2234
2072
1916
1777
1726
1794
1913
2053
2130
2126
2102
2103
2103
2047
1975
1962
1947
1943
2061
2244
2346
2353
2356
2335
2157
1918
1750
1726
1783
1824
1874
1968
2116
2233
2272
2232
2263
2347
2336
2167
2035
1996
1975
1894
1866
1958
2136
2302
2397
2405
2339
2211
2034
1882
1793
1780
1828
1915
2036
2155
2218
2280
2321
2330
2257
2128
1971
1906
1949
2026
2056
2088
2094
2080
2064
2143
2233
2207
2135
2135
2155
2096
2009
2033
2096
2149
2165
2150
2112
2102
2149
2164
2134
2080
2035
1932
1879
1960
2064
2092
2142
2252
2357
2338
2264
2169
2070
1982
1902
1865
1891
2008
2111
2178
2241
2324
2305
2233
2172
2111
2027
1967
1931
1950
1938
1984
2327
2142
1926
1760
1658
1664
1807
2028
2280
2472
2538
2482
2317
2101
1923
1830
1844
1968
2161
2357
2497
2518
2446
2291
2131
2017
1988
2050
2152
2242
2325
2334
2295
2195
2022
1852
1649
1551
1558
1675
1884
2125
2333
2439
2450
2337
2142
1978
1877
1899
2020
2187
2346
2425
2407
2350
2207
2027
1851
1726
1686
1768
1989
2264
2525
2665
2638
2448
2168
1860
1652
1568
1602
1704
1894
2077
2231
2340
2348
2224
2017
1805
1669
1617
1707
1924
2176
2406
2538
2549
2455
2300
2138
2019
1916
1877
1924
2026
2245
2512
2718
2787
2672
2455
2162
1900
1723
1630
1629
1721
1847
2031
2196
2341
2393
2330
2172
2003
1838
1770
1784
1801
1838
1880
1929
2024
2113
2173
2675
2675
2422
2112
1875
1737
1661
1652
1696
1784
1845
1990
2222
2398
2374
2242
2114
2053
1976
1876
1860
1957
2091
2155
2159
2174
2215
2251
2220
2151
2115
2119
2069
2002
1926
1909
1904
1938
2009
2121
2218
2251
2241
2156
2078
2006
1992
2036
2074
2130
2243
2368
2393
2296
2191
2044
1870
1700
1646
1756
1966
2158
2300
2419
2519
2561
2490
2281
2033
1854
1784
1805
1867
1939
2010
2098
2164
2214
2218
2172
2113
2080
2078
2053
2052
2124
2259
2336
2325
2283
2246
2216
2101
1945
1786
1710
1743
1838
1947
2070
2274
2490
2568
2487
2365
2258
2106
1887
1676
1620
1766
1996
2196
2316
2358
2372
2350
2224
1984
1739
1630
1682
1853
1973
2112
2268
2448
2470
1952
1999
2035
2041
2014
1960
1908
1909
1974
2086
2202
2241
2203
2102
1926
1754
1652
1657
1748
1944
2129
2252
2281
2242
2098
1909
1711
1499
1351
1280
1326
1434
1582
1724
1851
1916
2000
2116
2297
2448
2496
2424
2264
2159
2158
2238
2322
2333
2329
2409
2597
2844
3016
3038
2939
2748
2550
2381
2230
2074
1945
1950
2122
2420
2720
2860
2706
2353
1943
1591
1347
1221
1192
1293
1525
1838
2120
2298
2314
2247
2135
2037
1987
2020
2118
2193
2180
2136
2118
2212
2324
2368
2355
2350
2410
2496
2489
2316
1997
1623
1297
1111
1078
1172
1305
1501
1795
2138
2351
2292
2025
1718
1525
1396
1288
1206
1271
1526
1932
2287
2435
2392
2283
2258
2356
2473
2540
2456
2136
1998
1798
1673
1712
1936
2285
2666
2930
3007
2883
2552
2058
1583
1270
1154
1155
1278
1546
1964
2408
2804
3075
3106
2884
2408
1821
1253
876
767
963
1432
1978
2409
2662
2800
2856
2773
2508
2031
1546
1191
1074
1241
1628
2152
2631
2900
2952
2804
2568
2220
1829
1457
1254
1317
1592
1983
2393
2732
2957
3033
2932
2670
2261
1784
1338
1047
1031
1333
1944
2688
3326
3608
3486
3072
2508
1939
1501
1220
1082
1120
1371
1840
2436
3036
3429
3447
3027
2289
1400
625
207
281
816
1654
2548
3245
3587
3547
3146
2545
1888
1349
1036
989
1200
1620
2114
2568
2840
2889
2691
2378
2016
1765
1666
1704
1825
1988
2097
2137
2134
2154
2266
2464
2720
2969
1495
1111
913
972
1252
1703
2267
2833
3280
3530
3531
3359
3000
2569
2111
1683
1326
1085
956
966
1074
1258
1455
1672
1897
2217
2686
3227
3660
3774
3506
2928
2230
1583
1162
958
937
1059
1315
1723
2314
2897
3295
3372
3102
2548
1954
1414
1008
720
595
714
1136
1893
2821
3679
4095
4095
4095
3533
2766
1917
1100
386
3
2
313
1116
2012
2732
3186
3380
3343
3132
2792
2360
1909
1637
1738
2117
2520
2696
2602
2403
2262
2282
2459
2715
2910
2888
2602
2151
1733
1371
975
475
1
2
108
959
1989
2902
3634
4095
4095
4095
4095
3699
2826
2147
1708
1425
1311
1368
1459
1301
919
695
843
1271
1637
1697
1593
1559
1608
1648
1906
2648
2344
3472
4095
4095
4095
4038
3218
2230
1238
372
1
1
1
292
1187
2281
3390
4095
4095
4095
4095
4095
3031
1646
246
1
2
1
2
0
352
2065
3865
4095
4095
4095
4095
4095
4095
3191
1486
2
3
3
2
0
3
584
2284
3962
4095
4095
4095
4095
4095
4095
2829
1225
2
1
1
0
0
160
1641
3285
4095
4095
4095
4095
4095
3506
1987
503
1
1
1
0
1
1004
2415
3731
4095
4095
4095
4095
4095
3473
2251
1107
187
2
1
1
396
1254
2208
3081
3768
4095
4095
3852
3242
2468
1675
947
467
309
478
938
1587
2296
2937
3356
3529
3390
3004
2400
1717
1067
567
323
417
882
1643
2584
3511
4095
4095
4095
4095
3984
3664
3341
2953
2539
2118
1682
1266
879
515
190
1
1
1
0
0
1
2
125
580
1108
1681
2243
2812
3366
3924
4095
4095
4095
4095
4095
4095
4095
4095
4095
4095
4095
4095
4070
3060
1831
563
1
1
1
2
1
1
2
2
1
3
0
1
2
794
2240
3642
4095
4095
4095
4095
4095
4095
4095
4095
4095
4095
4095
4095
4095
3014
1802
704
1
0
2
2
1
3
1
1
2
2
1
28
821
1716
2558
3338
4026
4095
4095
4095
4095
4095
4095
4095
4095
4095
3644
2900
2072
1215
390
1
2
3
2
3
3
1
214
933
1675
2368
2954
3399
3680
3802
3796
3675
3492
3332
3182
