2078
2072
2072
2076
2075
2079
2080
2086
2106
2099
2114
2117
2105
2122
2135
2141
2162
2156
2175
2176
2178
2192
2168
2181
2205
2214
2205
2213
2225
2232
2226
2240
2233
2240
2231
2246
2230
2228
2225
2232
2226
2220
2218
2217
2205
2189
2184
2169
2166
2149
2135
2132
2116
2122
2099
2098
2078
2068
2073
2056
2061
2057
2029
2028
2036
2020
2009
2010
2003
2004
1992
1999
1981
1988
1998
1998
1997
1999
1986
1983
1990
1986
1982
1980
1998
1992
2006
2004
2008
1999
1999
1995
2015
2022
2036
2032
2021
2030
2025
2035
2047
2043
2059
2059
2070
2083
2098
2084
2088
2118
2130
2130
2136
2150
2169
2166
2171
2174
2189
2185
2212
2204
2197
2188
2195
2202
2208
2203
2110
2102
2112
2117
2123
2107
2109
2115
2115
2120
2117
2123
2126
2126
2136
2121
2134
2136
2140
2145
2144
2145
2137
2138
2150
2147
2138
2154
2158
2149
2156
2155
2159
2166
2164
2170
2168
2161
2165
2148
2154
2166
2155
2161
2148
2155
2137
2132
2128
2138
2128
2133
2120
2114
2112
2099
2097
2104
2105
2094
2086
2090
2084
2088
2073
2076
2084
2076
2079
2076
2076
2070
2071
2074
2058
2052
2059
2066
2085
2072
2063
2062
2064
2079
2075
2073
2059
2072
2073
2071
2069
2072
2068
2071
2064
2070
2066
2069
2062
2071
2055
2060
2055
2058
2060
2050
2038
2041
2044
2047
2048
2039
2038
2039
2053
2052
2037
2056
2060
2047
2056
2062
2060
2061
2065
2080
2077
2076
2074
2068
2085
2105
2126
2123
2113
2109
2113
2093
2097
2074
2075
2038
2045
2040
2044
2040
2040
2046
2056
2065
2078
2078
2082
2095
2081
2077
2071
2080
2077
2079
2103
2099
2121
2156
2158
2186
2186
2211
2204
2200
2180
2171
2134
2116
2088
2059
2035
2016
2008
1999
2003
2016
2059
2095
2119
2152
2166
2185
2193
2200
2194
2167
2132
2094
2073
2042
2027
2012
2030
2031
2068
2088
2121
2169
2204
2229
2228
2224
2205
2190
2133
2098
2048
2004
1982
1946
1943
1954
1976
2016
2046
2085
2145
2182
2202
2195
2194
2164
2129
2073
2023
1971
1940
1890
1892
1905
1932
1968
2034
2100
2158
2208
2255
2290
2280
2266
2244
2179
2146
2091
2040
1978
1942
1918
1936
1953
1838
1818
1858
1894
1901
1932
2004
2111
2165
2175
2172
2160
2162
2141
2109
2087
2052
2024
2022
2023
2063
2115
2160
2189
2192
2208
2209
2196
2152
2076
2001
1964
1949
1965
2009
2071
2128
2136
2133
2147
2205
2263
2257
2233
2223
2204
2175
2108
2024
1976
1973
2020
2063
2087
2130
2177
2216
2203
2210
2243
2286
2259
2192
2140
2130
2145
2156
2167
2147
2112
2080
2036
1982
1958
2007
2076
2134
2149
2166
2172
2157
2138
2152
2142
2109
2032
1959
1942
1912
1898
1928
2006
2095
2147
2168
2160
2175
2199
2184
2125
2047
2004
2002
1991
1945
1928
1947
1962
1974
2009
2076
2149
2200
2197
2188
2198
2216
2205
2154
2054
1964
1897
1870
1911
1978
2091
2184
2196
2116
2212
2236
2170
2035
1903
1832
1814
1864
1981
2104
2169
2174
2135
2064
2014
2000
2037
2096
2157
2223
2280
2293
2284
2236
2174
2125
2081
2089
2094
2125
2176
2219
2269
2280
2262
2215
2147
2092
2042
1989
1978
1984
2020
2064
2096
2088
2072
2040
1997
1991
1987
2051
2116
2171
2183
2154
2123
2088
2067
2065
2091
2106
2134
2174
2175
2130
2062
1984
1947
1956
2020
2100
2128
2117
2076
2036
2026
2038
2080
2145
2210
2216
2178
2082
2014
1999
2025
2057
2091
2073
2063
2048
2052
2056
2026
2018
2070
2113
2102
2041
1993
2006
2065
2165
2245
2297
2344
2382
2321
2172
2016
1927
1949
2038
2155
2248
2334
2363
2307
2159
2010
1941
1937
1968
1989
2035
2095
2227
2167
2209
2230
2138
1972
1872
1937
2120
2262
2298
2200
2060
1960
1929
1954
1984
2044
2147
2199
2200
2111
2022
1952
1915
1967
2075
2182
2220
2170
2073
1988
1930
1955
2016
2064
2124
2177
2219
2224
2163
2084
2015
1993
1973
2004
2089
2177
2214
2181
2112
2058
2006
1978
1964
1982
2024
2089
2138
2139
2095
2052
1996
1958
1954
2007
2086
2153
2150
2134
2080
2002
1934
1922
1924
1979
2072
2145
2204
2207
2166
2137
2098
2077
2056
2056
2075
2104
2096
2086
2075
2084
2128
2179
2172
2115
2039
1978
1980
2001
2069
2168
2264
2305
2272
2189
2065
1970
1929
1961
2064
2190
2319
2384
2356
2260
2108
1986
1909
1899
1961
2106
2250
2332
2322
2230
2113
2025
2036
1978
2054
2236
2329
2268
2196
2160
2082
2045
2184
2305
2211
2020
1936
1895
1870
2002
2236
2304
2132
1958
1944
1982
2072
2240
2363
2300
2140
2031
2013
2049
2120
2203
2212
2093
2017
2122
2269
2328
2316
2232
2040
1828
1799
1918
2059
2201
2282
2156
1935
1864
2016
2227
2264
2222
2240
2294
2347
2395
2358
2167
1914
1781
1784
1894
2118
2383
2453
2284
2058
1930
1896
1938
1981
1943
1847
1843
1955
2035
2044
2017
1961
1902
1940
2083
2316
2442
2404
2240
2109
1970
1908
1938
1953
1918
1925
1991
2034
2053
2091
2093
2008
1988
2072
2241
2366
2426
2455
2355
2198
2092
2118
2123
2039
1948
1943
1969
2004
2141
2273
2244
2112
2043
2106
2209
2286
2340
2287
2535
2570
2363
2029
1727
1616
1700
1911
2094
2172
2165
2143
2132
2175
2246
2272
2194
2026
1850
1789
1893
2146
2394
2512
2423
2136
1792
1563
1582
1855
2220
2508
2550
2362
2042
1809
1776
1948
2156
2278
2252
2122
1988
1951
2039
2189
2290
2288
2143
1942
1792
1813
1997
2248
2431
2456
2312
2083
1898
1824
1858
1977
2098
2202
2223
2230
2233
2264
2268
2232
2126
1990
1835
1732
1760
1924
2170
2388
2506
2498
2373
2216
2070
2019
2030
2061
2086
2080
2055
2026
1995
1981
2004
2028
2038
2012
2002
2010
2054
2122
2161
2148
2064
1918
1824
1860
2030
2303
2544
2624
2491
2211
1928
1770
1787
1986
2240
2415
2441
2300
2016
1738
1565
1621
1922
2303
2561
1667
1274
1140
1526
2234
2711
2812
2818
2659
2150
1439
1112
1265
1579
1843
2144
2420
2503
2444
2339
2134
1838
1761
1936
2084
2148
2329
2480
2362
2063
1796
1696
1821
2105
2355
2424
2465
2605
2679
2484
2040
1560
1262
1208
1344
1700
2263
2839
3048
2764
2209
1728
1507
1484
1538
1687
1978
2301
2426
2369
2260
2115
2023
2038
2082
2030
1897
1878
2139
2597
2919
2816
2364
1898
1608
1427
1399
1678
2184
2706
2947
2824
2471
2118
1872
1620
1470
1640
2043
2321
2371
2368
2371
2209
1874
1554
1497
1746
2173
2479
2504
2312
2096
1870
1598
1372
1428
1856
2354
2544
2353
2177
2162
2068
1749
1532
1677
2003
2196
2187
2175
2260
2376
2305
2042
1836
1950
2287
1860
1895
2018
2181
2357
2441
2396
2262
2089
1961
1934
1987
2058
2156
2278
2410
2493
2443
2248
2001
1800
1768
1910
2113
2271
2352
2383
2403
2356
2216
2029
1829
1739
1762
1894
2016
2078
2096
2136
2182
2169
2065
1924
1833
1884
2027
2157
2171
2100
1970
1839
1685
1552
1522
1663
1956
2276
2514
2654
2700
2698
2555
2274
1940
1735
1730
1873
2009
2108
2176
2251
2282
2142
1884
1604
1476
1510
1684
1904
2168
2433
2640
2712
2609
2372
2134
1998
1988
2137
2372
2622
2750
2679
2380
1891
1366
964
852
1071
1560
2170
2696
2968
2892
2522
2032
1577
1376
1466
1850
2411
2990
3433
3540
3323
2825
2240
1733
1366
1154
1149
1305
1559
1839
2089
2293
2382
2298
1944
1399
952
806
1096
1739
2476
2984
3067
2744
2178
1675
1437
1526
1768
1876
1831
1851
2195
2774
3228
3155
2504
1623
992
970
1508
2213
2640
2565
2080
1516
1295
1605
2276
2916
3165
2887
2275
1636
1323
1486
1993
2570
2877
2771
2273
1709
1432
1711
2436
3211
3560
3257
2404
1434
775
722
1308
2284
3256
3803
3688
2905
1752
696
186
430
1306
2399
3260
3602
3329
2538
1565
924
906
1499
2272
2769
2736
2293
1785
1521
1621
2038
2469
2671
2464
1938
1323
953
984
1493
2341
3225
3784
3732
3054
1901
718
4
5
775
2102
3385
4089
3953
3099
1914
926
464
590
1229
2120
2940
3387
3357
2975
2454
1982
1663
1512
1487
1644
1953
2328
2569
1
0
678
2168
3626
4095
4095
4095
4095
3524
1984
478
2
1
3
2
1226
2848
4095
4095
4095
4095
3106
1816
631
3
1
2
110
815
1568
2308
3102
3885
4095
4095
4095
4091
3301
2122
722
3
2
2
2
19
1395
3080
4095
4095
4095
4095
3405
1964
842
238
183
548
1257
2140
2944
3401
3463
3218
2830
2433
1985
1485
945
479
167
118
389
991
1905
3018
4095
4095
4095
4095
4081
2863
1390
3
3
4
4
2
1087
2672
3959
4095
4095
4095
4095
3424
2549
1777
1138
699
325
34
2
250
1000
2114
3296
4095
4095
4095
4095
3840
2522
1188
106
0
1
2
450
1749
3107
4095
4095
4095
3869
3107
2279
1548
759
585
548
723
1097
1666
2363
3043
3640
4000
4023
3689
3081
2312
1558
866
300
1
2
0
85
829
1983
3360
4095
4095
4095
4095
4095
4095
3055
1304
3
3
3
2
3
3
720
2750
4095
4095
4095
4095
4095
4095
3886
1905
2
4
3
2
1
0
574
2253
3979
4095
4095
4095
4095
4095
2887
921
2
2
2
3
3
596
2202
3902
4095
4095
4095
4095
4095
2957
937
2
1
2
2
2
146
1848
3778
4095
4095
4095
4095
4095
3752
1776
1
1
1
2
1
5
1411
3205
4095
4095
4095
4095
4095
3930
2082
198
2
0
2
3
24
1390
3079
4095
4095
4095
4095
4095
4095
2975
1026
2
2
3
2
2
2
1
3
1658
4095
4095
4095
4095
4095
4095
4095
4095
4095
4095
4095
4095
4095
4095
4095
4095
3628
1440
2
2
2
2
3
2
3
3
3
3
4
2
1
3
1
2
1741
4095
4095
4095
4095
4095
4095
4095
4095
4095
4095
4095
4095
4095
4095
4095
4095
2644
762
3
2
1
3
3
1
4
3
3
1
3
2
3
3
3
2
407
2270
4095
4095
4095
4095
4095
4095
4095
4095
4095
4095
4095
4095
4095
4095
4095
4095
4095
3670
1844
44
1
1
3
4
6
4
3
4
3
4
2
1
3
1
2
2
2
637
2357
4024
4095
4095
4095
4095
4095
4095
4095
4095
4095
4095
4095
1
2
2
2
2
1
2
0
1
1
2
1
1
1
0
2
0
1
1
537
1940
3331
4095
4095
4095
4095
4095
4095
4095
4095
4095
4095
4095
4095
4095
4095
4095
4095
4095
4095
4095
4095
4095
4095
4095
4095
4095
4095
4095
4095
4095
4095
4095
4095
4095
4095
4095
4095
4095
3655
2362
1091
2
3
1
3
3
0
1
1
1
1
1
1
1
2
0
2
1
1
2
1
3
4
2
1
3
2
2
2
1
3
1
1
3
3
1
2
1
0
1
0
3
1
651
1954
3217
4095
4095
4095
4095
4095
4095
4095
4095
4095
4095
4095
4095
4095
4095
4095
4095
4095
4095
4095
4095
4095
