2107
2120
2110
2099
2106
2100
2113
2115
2102
2108
2106
2103
2114
2105
2100
2107
2107
2092
2098
2092
2087
2078
2074
2074
2072
2077
2073
2068
2064
2072
2051
2053
2060
2047
2036
2051
2044
2045
2034
2034
2030
2036
2035
2037
2030
2025
2036
2042
2040
2043
2044
2046
2064
2054
2056
2055
2071
2070
2087
2085
2083
2096
2100
2113
2114
2122
2126
2125
2123
2133
2136
2152
2148
2146
2146
2152
2160
2165
2172
2162
2172
2165
2166
2169
2167
2178
2176
2166
2171
2175
2158
2159
2167
2152
2140
2150
2150
2139
2130
2130
2120
2107
2114
2104
2096
2091
2081
2086
2087
2080
2091
2077
2076
2071
2070
2069
2067
2063
2072
2060
2059
2053
2050
2061
2064
2072
2069
2069
2027
2027
2036
2047
2066
2089
2093
2124
2133
2146
2178
2169
2171
2173
2161
2173
2174
2150
2133
2130
2118
2120
2113
2091
2102
2092
2073
2073
2074
2088
2085
2096
2112
2114
2133
2126
2140
2136
2111
2109
2108
2081
2058
2037
2023
2010
1991
1987
2008
2016
2029
2063
2092
2136
2177
2196
2197
2211
2216
2181
2170
2128
2086
2065
2027
1995
1989
1981
1981
2001
2038
2057
2101
2137
2175
2202
2224
2232
2224
2213
2188
2164
2119
2081
2070
2047
2025
2011
2018
2038
2055
2060
2092
2122
2156
2179
2200
2196
2206
2189
2189
2159
2117
2098
2065
2035
2023
2009
2013
2002
2007
2021
2039
2078
2084
2100
2091
2114
2097
2086
2065
2037
2012
2002
1991
1990
1973
2002
2272
2226
2152
2068
2016
1970
1961
1926
1916
1912
1955
2016
2057
2098
2113
2135
2160
2212
2216
2233
2240
2243
2212
2157
2062
2010
1977
1933
1900
1886
1894
1936
1998
2062
2139
2198
2288
2335
2328
2313
2276
2211
2129
2062
1960
1900
1879
1868
1839
1830
1866
1961
2087
2211
2267
2310
2328
2347
2333
2289
2210
2129
2085
2047
1973
1867
1777
1751
1773
1856
1922
2005
2104
2198
2287
2316
2297
2247
2214
2210
2207
2119
1994
1851
1798
1845
1936
2012
2045
2081
2152
2218
2286
2316
2310
2278
2247
2227
2174
2097
1992
1940
1904
1920
1940
1956
1958
2009
2115
2231
2312
2324
2297
2203
2187
2188
2216
2264
2219
2129
2059
2012
2011
2060
2078
2075
2039
2005
2116
2054
1961
1951
1983
2063
2172
2264
2321
2313
2264
2164
2087
1988
1940
1955
2013
2097
2142
2159
2148
2080
2011
1922
1873
1889
1911
2004
2125
2216
2255
2224
2156
2054
1984
1947
1960
2020
2128
2234
2319
2342
2303
2224
2115
2029
1952
1942
1995
2067
2154
2220
2245
2216
2135
2035
1914
1834
1802
1852
1936
2080
2212
2310
2347
2325
2234
2120
2026
1980
1976
2041
2135
2222
2296
2321
2310
2257
2173
2088
2032
1986
1985
2017
2088
2169
2244
2249
2225
2135
2032
1936
1909
1945
2016
2101
2179
2236
2237
2200
2133
2042
1989
1928
1903
1942
2005
2096
2167
2200
2207
2179
2112
2037
1980
1941
1962
1999
2069
2126
2174
2184
2180
2110
2032
1968
1930
1928
2142
2113
2184
2292
2346
2337
2256
2138
2035
1974
1979
2009
2044
2110
2193
2220
2194
2134
2127
2087
2034
2003
2008
2036
2069
2108
2182
2220
2194
2085
1994
1949
1967
2031
2159
2268
2242
2106
1978
1887
1878
1928
2010
2121
2188
2220
2180
2116
2102
2156
2175
2064
1981
1981
2036
2035
2016
2086
2214
2290
2250
2171
2183
2212
2150
1994
1826
1752
1828
1962
2102
2202
2323
2429
2407
2238
2017
1922
1928
1912
1895
1918
2002
2163
2311
2381
2279
2073
1874
1817
1896
1987
2052
2076
2082
2116
2168
2220
2215
2096
1963
1940
2066
2230
2315
2284
2244
2188
2132
2049
1960
1910
1900
1924
2013
2170
2293
2372
2317
2196
2082
1998
1950
1962
2003
2054
2123
2160
1904
1938
2074
2177
2187
2114
2061
2005
1964
1948
1984
2055
2118
2156
2189
2205
2210
2187
2086
1922
1868
1933
2071
2164
2256
2342
2379
2296
2197
2109
2044
2022
2074
2200
2261
2233
2164
2047
1888
1749
1748
1852
1987
2024
2079
2156
2190
2120
2001
1956
1956
1948
1934
1957
2044
2106
2159
2221
2336
2416
2360
2206
2072
2023
1975
1934
2005
2109
2212
2244
2269
2260
2224
2135
2022
1901
1872
1923
2024
2134
2242
2336
2353
2229
2072
1994
1954
1900
1938
2104
2232
2226
2144
2111
2136
2094
2010
1958
1971
1986
1929
1930
2055
2183
2171
2094
2061
2023
1909
1790
1808
1959
2122
2275
2444
2528
2477
2334
2228
2150
2096
2089
2141
2196
2232
2281
2294
2275
2012
2043
2072
2124
2160
2152
2117
2054
2018
1974
1967
1997
2064
2152
2238
2254
2196
2102
1996
1945
1953
2022
2088
2147
2164
2126
2064
2003
1990
2027
2138
2228
2272
2248
2150
2023
1953
1947
2014
2179
2309
2363
2296
2152
1986
1888
1895
2039
2251
2415
2456
2350
2120
1888
1751
1785
1958
2194
2377
2405
2264
2020
1838
1766
1882
2100
2328
2463
2438
2233
1994
1793
1742
1858
2074
2268
2353
2321
2190
2021
1912
1905
1978
2092
2172
2161
2100
1988
1929
1953
2064
2210
2302
2303
2244
2135
2037
2028
2098
2212
2302
2294
2176
1976
1796
1704
1761
1937
2128
2309
2350
2253
2052
1862
1765
1846
2039
2238
2346
2293
2084
1893
1784
1832
2053
2290
2478
2470
1656
1798
2064
2274
2368
2374
2216
1933
1715
1660
1736
1903
2016
2047
2076
2153
2232
2275
2271
2183
1928
1604
1437
1488
1703
2064
2453
2676
2652
2433
2130
1884
1773
1801
1921
2138
2368
2456
2364
2226
2017
1692
1433
1419
1513
1662
1955
2380
2659
2686
2638
2612
2459
2147
1863
1767
1823
1897
1978
2157
2367
2471
2419
2299
2047
1670
1444
1560
1826
1992
2165
2444
2693
2758
2672
2526
2369
2164
1927
1788
1781
1873
1974
2061
2150
2153
2096
2036
1970
1924
1983
2187
2456
2635
2656
2472
2231
2050
1961
1962
2056
2163
2179
2155
2219
2367
2419
2324
2168
1963
1756
1646
1660
1792
1982
2092
2134
2173
2289
2182
1891
1710
1718
1713
1671
1788
2052
2160
2126
2046
2023
2076
2151
2200
2192
2131
1995
1850
1692
1630
1716
1922
2239
2549
2742
2694
2437
2020
1595
1312
1311
1592
2059
2543
2832
2863
2637
2246
1796
1448
1304
1466
1857
2357
2794
2950
2760
2294
1792
1384
1280
1474
1912
2404
2796
2957
2832
2432
1920
1424
1198
1272
1642
2170
2688
3012
3035
2762
2264
1699
1307
1199
1424
1922
2492
2948
3142
2985
2566
1975
1405
1027
953
1230
1802
2434
2956
3206
3088
2687
2123
1539
1146
1036
1263
1714
2228
2676
2908
2889
2656
2310
1960
1709
1622
1719
1980
2286
2522
2603
2497
2236
1905
1629
1525
1629
1950
2360
2727
2892
2777
2419
1918
1484
1231
1237
1507
1924
2380
2726
2862
2789
2536
2144
1724
1426
2806
3017
2898
2449
1784
1204
1015
1177
1470
1848
2282
2592
2652
2585
2534
2530
2439
2150
1733
1406
1344
1550
1856
2076
2324
2712
3090
3110
2625
1846
1198
948
1120
1601
2152
2533
2612
2427
2144
1984
1945
1932
1884
1845
1892
2074
2207
2173
1958
1734
1736
2044
2500
2841
2874
2557
2020
1531
1417
1741
2136
2246
2031
1759
1727
1962
2222
2306
2185
1977
1887
1998
2222
2403
2396
2260
2024
1797
1676
1698
1835
2068
2314
2506
2615
2676
2667
2441
1946
1300
932
1080
1601
2218
2693
3017
3137
2909
2363
1771
1389
1319
1464
1764
2124
2434
2603
2648
2585
2406
2120
1726
1371
1220
1372
1751
2170
2514
2800
3100
3336
3256
2640
1597
531
56
447
1537
1656
2086
2583
3026
3264
3167
2752
2101
1387
717
225
16
228
856
1788
2674
3227
3414
3316
3032
2570
1936
1327
992
1084
1574
2272
2968
3535
3750
3558
2955
2176
1464
926
694
813
1296
2002
2669
3106
3204
2973
2511
1888
1340
1091
1217
1683
2260
2749
3031
3094
2968
2692
2352
2083
1904
1819
1795
1820
1955
2163
2338
2332
2247
2173
2173
2196
2151
2045
1942
1876
1865
1840
1845
1998
2275
2579
2789
2824
2693
2383
1834
1200
683
465
582
946
1484
2198
3095
3958
4095
4095
3909
3109
2110
985
3
4
4
4
775
1855
2947
3921
4095
4095
4095
3208
2002
842
2
3
1
3
921
2166
3159
3823
4095
4095
3743
3017
2116
1313
828
1833
137
2
2
2
526
2600
4095
4095
4095
4095
4095
4095
1682
1
2
3
3
4
3
1923
4095
4095
4095
4095
4095
4095
2064
3
2
4
4
4
298
3362
4095
4095
4095
4095
4095
3114
336
3
1
1
4
1
1705
4095
4095
4095
4095
4095
3992
1640
1
1
1
2
2
871
3360
4095
4095
4095
4095
4095
2522
1
3
1
3
2
2
1719
4095
4095
4095
4095
4095
4095
2308
1
1
4
4
2
290
2727
4095
4095
4095
4095
4095
3543
1659
1
2
2
2
4
916
2911
4095
4095
4095
4095
4059
2646
1155
1
2
2
1
5
1165
2698
4062
4095
4095
4095
3666
2425
1183
184
3
2
16
4095
4095
4095
4095
4095
4095
4095
4095
2131
0
2
1
2
1
2
1
3
0
1
381
2450
4095
4095
4095
4095
4095
4095
4095
4095
4095
4095
4095
4029
2065
1
1
2
4
1
1
3
3
3
3
1
357
2523
4095
4095
4095
4095
4095
4095
4095
4095
4095
4095
4095
4095
3893
2371
812
3
2
3
0
2
1
2
3
1
2
1
1020
2942
4095
4095
4095
4095
4095
4095
4095
4095
4095
4095
2616
999
2
1
1
3
1
0
1
2
1
319
1865
3446
4095
4095
4095
4095
4095
4095
4095
4095
4095
4095
3318
1747
195
2
3
1
1
1
1
0
1
2
0
904
2184
3412
4095
4095
4095
4095
4095
4095
4095
4095
4095
4095
4095
4095
4095
4095
4095
4095
4095
4095
3247
1913
634
1
1
1
1
2
1
2
1
0
3
1
3
4
3
3
4
3
2
2
4
2
3
2
3
2
3
3
2
0
1295
3164
4095
4095
4095
4095
4095
4095
4095
4095
4095
4095
4095
4095
4095
4095
4095
4095
4095
4095
4095
4095
4095
4095
4095
4095
4095
4095
4095
4095
4095
4095
4095
2874
1273
4
3
1
1
1
2
3
1
1
1
2
1
3
3
3
1
2
1
4
1
1
1
1
0
1
1
1
1
0
1899
4095
4095
4095
4095
4095
4095
4095
4095
4095
4095
4095
4095
4095
4095
4095
4095
1
0
1
2
2
0
0
3
2
2
1
2
2
1
2
3
2
2
3
1
0
0
2
1
1
2
2
2
3
3
2
1
1
2
0
2
2
1
2
1
1
0
3
1
2
2
3
0
1
1
1
2
1
3
1
0
1
1
125
1013
1950
2846
3685
4095
4095
4095
4095
4095
4095
4095
4095
4095
4095
4095
4095
4095
4095
4095
4095
4095
4095
4095
4095
4095
4095
4095
4095
4095
4095
4095
4095
4095
4095
4095
4095
4095
4095
4095
4095
4095
4095
4095
4095
4095
4095
4095
4095
4095
4095
4095
4095
4095
4095
4095
4095
4095
4095
4095
4095
4095
4095
4095
4095
4095
4095
4095
4095
4095
