2088
2111
2110
2106
2111
2115
2114
2112
2125
2122
2136
2132
2134
2142
2134
2143
2145
2142
2148
2135
2132
2134
2140
2143
2140
2147
2135
2135
2145
2147
2139
2135
2144
2124
2124
2137
2143
2122
2136
2120
2112
2111
2102
2113
2106
2098
2099
2092
2095
2082
2078
2090
2086
2090
2079
2076
2070
2079
2072
2091
2072
2078
2074
2056
2073
2070
2061
2065
2075
2063
2055
2052
2063
2067
2059
2068
2068
2054
2062
2063
2062
2077
2075
2080
2080
2089
2088
2102
2100
2105
2102
2101
2099
2115
2117
2105
2105
2112
2118
2117
2120
2114
2119
2122
2117
2120
2111
2124
2117
2106
2091
2098
2105
2092
2091
2075
2076
2072
2074
2062
2071
2058
2054
2059
2045
2061
2057
2052
2002
2048
2076
2105
2145
2179
2182
2188
2199
2170
2143
2106
2072
2025
1997
1976
1942
1939
1940
1948
1957
2003
2028
2079
2106
2122
2127
2158
2146
2120
2118
2092
2078
2053
2042
2023
2024
2033
2050
2065
2080
2109
2110
2122
2120
2107
2104
2089
2080
2076
2053
2037
2024
2022
2031
2030
2046
2063
2080
2089
2098
2102
2101
2097
2105
2091
2098
2097
2105
2098
2110
2108
2114
2130
2144
2135
2132
2128
2114
2098
2082
2055
2044
2038
2043
2062
2087
2113
2147
2163
2204
2211
2223
2226
2216
2194
2147
2115
2072
2036
1993
1969
1968
1973
2000
2019
2068
2106
2160
2208
2247
2278
2306
2322
2316
2298
2281
2242
2218
2181
2164
2103
2073
2046
2027
2014
1999
1983
2116
2117
2137
2130
2082
2020
1990
1986
2009
2054
2056
2057
2057
2092
2128
2132
2148
2157
2150
2131
2129
2121
2098
2070
2068
2054
2054
2062
2060
2054
2061
2078
2101
2096
2110
2139
2151
2125
2094
2056
2041
2035
2028
2012
1989
1978
2013
2047
2110
2166
2224
2264
2260
2234
2190
2159
2119
2087
2039
2006
1944
1872
1811
1811
1850
1902
1966
2050
2137
2234
2318
2356
2371
2376
2366
2328
2240
2139
2028
1936
1833
1784
1766
1804
1888
1982
2097
2227
2318
2339
2304
2211
2158
2152
2132
2098
2056
1966
1906
1904
1930
1971
2042
2107
2184
2270
2361
2416
2347
2202
2068
2019
2036
2045
1992
1884
1796
1788
1845
1937
2002
2049
2121
2216
2308
2345
2322
2232
2108
2194
2226
2205
2166
2124
2106
2118
2145
2180
2200
2174
2154
2132
2118
2108
2132
2152
2166
2162
2128
2089
2052
2057
2075
2126
2179
2201
2199
2153
2114
2094
2075
2052
2038
2028
2042
2048
2054
2055
2039
2037
2029
2045
2047
2072
2126
2140
2120
2096
2048
1999
1966
1979
2024
2064
2114
2147
2148
2128
2100
2065
2061
2062
2078
2089
2090
2068
2040
2026
2010
1996
2019
2066
2112
2140
2160
2157
2124
2093
2079
2085
2122
2158
2170
2173
2131
2092
2065
2065
2090
2129
2180
2217
2232
2221
2196
2156
2132
2130
2132
2133
2148
2127
2126
2084
2040
2019
2002
2017
2034
2079
2102
2143
2180
2196
2202
2191
2156
2144
2107
2067
2039
1990
1967
1951
1939
1944
2180
2127
2082
2074
2095
2167
2194
2204
2205
2232
2196
2104
2077
2142
2176
2164
2232
2324
2321
2211
2163
2164
2124
2059
2063
2161
2221
2232
2243
2247
2165
2062
2058
2108
2105
2067
2112
2159
2137
2097
2113
2113
2084
2103
2182
2140
2053
1994
2015
2063
2094
2147
2230
2272
2245
2206
2157
2066
1984
1976
2096
2140
2081
2018
2055
2121
2122
2078
2082
2103
2068
1983
1864
1840
1874
1968
2084
2163
2129
2102
2096
2042
1944
1900
1972
2106
2175
2170
2132
2167
2189
2121
2046
2083
2093
1973
1873
1961
2149
2229
2214
2150
2045
1973
1956
1959
1930
1886
1860
1982
2167
2292
2291
2264
2251
2135
1951
1891
1986
2075
2099
2143
2268
2360
2304
2142
2042
2016
1936
2064
2234
2322
2306
2220
2079
1888
1732
1656
1750
1921
2071
2204
2288
2299
2202
2033
1923
1902
1903
1931
1966
2061
2185
2253
2239
2207
2193
2132
2085
2082
2129
2205
2279
2299
2323
2342
2303
2207
2093
1964
1852
1841
1952
2146
2279
2323
2273
2147
2000
1833
1744
1762
1886
2029
2140
2210
2221
2159
2032
1938
1939
2034
2130
2206
2287
2316
2272
2191
2134
2091
2084
2080
2110
2173
2164
2049
1924
1911
1976
2088
2166
2220
2241
2121
1966
1875
1909
1971
2015
2079
2155
2148
2056
1984
2055
2188
2311
2374
2377
2240
2028
1890
1890
1938
2032
2181
2315
2312
2207
2142
2127
2006
1889
1916
2046
2116
2114
2210
2332
2270
2049
1964
1988
1998
1951
2004
1974
2042
2142
2227
2274
2275
2186
2044
1873
1754
1770
1911
2112
2290
2386
2404
2285
2137
1941
1785
1738
1813
1974
2169
2324
2356
2280
2116
1954
1848
1818
1872
1959
2094
2208
2272
2272
2195
2094
1968
1904
1902
1953
2067
2179
2267
2298
2261
2164
2020
1888
1827
1886
2057
2249
2418
2452
2345
2138
1907
1790
1835
2038
2287
2404
2380
2187
2000
1874
1864
1972
2095
2222
2300
2315
2250
2136
2032
1998
2024
2109
2181
2200
2169
2113
2083
2067
2057
2038
2025
2065
2144
2230
2239
2141
2009
1919
1921
2022
2165
2261
2255
2144
1996
1892
1855
1914
2037
2164
2286
2326
2276
2126
1925
1804
1788
1923
2160
2396
2550
2552
2379
2097
1816
1644
1644
1837
2145
1720
1892
2186
2381
2416
2310
2088
1867
1853
1958
2067
1970
1728
1615
1816
2208
2437
2538
2662
2592
2285
1919
1865
1991
2021
2034
1963
1701
1572
1901
2447
2686
2529
2379
2347
2248
2098
2076
2209
2206
1859
1536
1688
2203
2509
2427
2380
2524
2455
2089
1873
1936
1980
1884
1775
1675
1653
1901
2376
2671
2530
2182
2086
2213
2298
2151
1909
1763
1753
1729
1689
1833
2207
2570
2702
2660
2378
1872
1572
1741
2066
2023
1713
1571
1697
1972
2320
2623
2679
2494
2285
2154
2100
2142
2245
2176
1892
1700
1781
1978
2089
2105
2131
2188
2311
2441
2501
2407
2223
2046
1863
1711
1652
1736
1992
2309
2541
2631
2603
2398
2006
1588
1411
1499
1660
1819
2069
2391
1812
2226
2587
2705
2529
2100
1618
1310
1387
1793
2389
2912
3106
2840
2262
1583
1108
1065
1408
1926
2420
2659
2610
2343
2024
1854
1847
1940
2032
2089
2084
2068
2076
2141
2292
2408
2448
2358
2190
1978
1833
1855
2010
2242
2401
2383
2210
1905
1644
1531
1615
1911
2272
2537
2620
2513
2266
1947
1675
1606
1753
2038
2376
2604
2606
2376
2006
1607
1368
1384
1650
2104
2584
2922
2994
2721
2226
1681
1345
1316
1591
2074
2560
2841
2782
2396
1855
1422
1243
1414
1820
2332
2724
2819
2622
2126
1580
1209
1136
1409
1934
2544
3023
3159
2906
2312
1634
1108
948
1196
1771
2495
3056
3266
3038
2484
1795
1269
1075
1269
1786
2422
2940
3168
3008
2546
1967
1429
3007
2482
1664
1096
1044
1306
1541
1631
1744
1998
2278
2422
2462
2596
2841
3008
2942
2700
2371
1988
1571
1216
1054
1102
1258
1586
2142
2722
3008
2882
2639
2538
2482
2234
1793
1449
1394
1466
1436
1400
1669
2245
2741
2885
2759
2600
2512
2383
2177
2004
1951
1981
2011
1924
1659
1327
1168
1362
1836
2362
2867
3203
3184
2728
2064
1503
1210
1205
1513
2074
2779
3376
3673
3675
3406
2846
2026
1068
309
23
205
680
1282
2028
2821
3392
3463
3106
2561
1962
1311
696
342
431
939
1708
2581
3416
3937
3981
3604
2940
2246
1684
1382
1302
1472
1940
2611
3208
3378
3064
2468
1798
1018
140
1
2
171
1240
2335
3172
3678
3766
3368
2536
1539
696
929
692
873
1407
2076
2668
3038
3059
2785
2329
1819
1397
1173
1221
1508
1951
2435
2824
3025
2970
2687
2282
1885
1592
1505
1584
1795
2088
2344
2533
2613
2576
2423
2209
2018
1907
1911
1963
2033
2069
2054
2049
2052
2057
2090
2125
2172
2250
2338
2416
2426
2359
2255
2110
2013
1961
1986
2047
2136
2215
2258
2234
2106
1930
1757
1648
1640
1772
1993
2208
2357
2393
2300
2066
1763
1430
1198
1168
1405
1870
2436
2928
3236
3277
3121
2839
2564
2299
2079
1840
1617
1407
1260
1211
1292
1488
1748
2055
2392
2746
3042
3293
3398
3320
3049
2587
2051
1504
1009
634
445
484
785
1336
2020
2723
3276
3568
3551
3228
2710
2143
1688
1448
1461
1735
2157
2624
4095
4095
4095
4095
4095
4095
3808
2645
1314
3
2
2
0
1
0
1
1
1517
3561
4095
4095
4095
4095
4095
4095
4095
4095
2342
192
2
4
1
1
0
1
1
1437
3619
4095
4095
4095
4095
4095
4095
4095
2560
625
2
2
2
2
3
1
156
1796
3534
4095
4095
4095
4095
4095
4095
3454
1925
506
4
2
3
3
1
433
1396
2398
3339
4095
4095
4095
4095
4095
4095
3354
2242
1072
2
2
3
1
3
3
212
1488
2982
4095
4095
4095
4095
4095
4095
3617
2095
578
4
2
3
1
1
1
2
660
2446
4095
4095
4095
4095
4095
4095
4095
3560
2120
840
2
2
2
3
2
4
4
440
2
945
2646
4095
4095
4095
4095
4095
4095
4095
4095
4095
3923
2396
776
2
3
3
0
3
4
3
1
3
1145
2817
4095
4095
4095
4095
4095
4095
4095
4095
4095
3939
2690
1368
165
1
1
2
4
1
3
1
2
2
980
2233
3412
4095
4095
4095
4095
4095
4095
4095
4095
3902
2925
1958
1221
467
3
3
3
1
1
3
1
2
256
902
1639
2403
3193
3936
4095
4095
4095
4095
4095
4095
4095
3968
3211
2429
1680
1042
492
41
2
3
1
0
2
2
9
338
811
1359
1964
2592
3200
3751
4095
4095
4095
4095
4095
4095
3802
3300
2781
2224
1697
1224
819
516
310
180
172
284
479
784
1111
1453
4
3
1
3
1
2
2
2
1
2
2
2
3
1
2
2
1
3
346
810
1304
1780
2244
2685
3120
3515
3868
4095
4095
4095
4095
4095
4095
4095
4095
4095
4095
4095
4095
4095
4095
4045
3659
3213
2799
2339
1874
1408
941
502
72
3
4
2
2
3
3
3
4
4
2
1
3
3
2
2
3
4
80
601
1163
1734
2319
2910
3486
4045
4095
4095
4095
4095
4095
4095
4095
4095
4095
4095
4095
4095
4095
4095
4095
4095
4095
4095
4095
4095
4095
4095
4095
4095
4095
4095
4095
4095
3985
3388
2777
2188
1614
1067
544
44
1
2
1
4
3
1
1
2
3
4
1
3
4
4
2
3
3625
3427
3251
3041
2856
2648
2467
2276
2085
1883
1667
1463
1273
1060
846
648
435
231
49
2
3
3
1
3
1
4
3
4
3
2
3
3
3
2
2
4
3
4
3
2
2
4
4
1
3
2
3
3
1
2
3
2
4
4
2
3
2
2
2
3
3
4
2
2
4
1
1
4
2
3
2
1
2
2
3
3
1
3
3
1
3
3
2
0
2
10
272
581
882
1168
1531
1698
1961
2214
2453
2670
2877
3089
3274
3467
3636
3796
3988
4095
4095
4095
4095
4095
4095
4095
4095
4095
4095
4095
4095
4095
4095
4095
4095
4095
4095
4095
4095
4095
4095
4095
4095
4095
