2099
2120
2125
2124
2144
2137
2132
2132
2134
2125
2087
2103
2096
2090
2081
2086
2064
2045
2047
2048
2037
2043
2055
2062
2070
2118
2144
2144
2150
2153
2126
2067
2052
2029
1979
1994
1990
2006
2040
2104
2112
2161
2182
2180
2173
2158
2122
2063
2036
1999
2012
2022
2021
2054
2088
2131
2149
2188
2198
2204
2163
2142
2099
2059
2037
2027
2024
2035
2043
2091
2117
2106
2138
2152
2144
2141
2119
2116
2110
2115
2086
2085
2068
2062
2063
2071
2079
2096
2093
2101
2098
2094
2102
2116
2120
2112
2109
2092
2099
2097
2078
2083
2092
2077
2070
2049
2077
2075
2085
2082
2073
2083
2099
2122
2110
2077
2087
2070
2025
2056
2045
2048
2065
2094
2126
2164
2182
2188
2104
2121
2096
2071
2072
2049
2028
2027
2024
2043
2073
2081
2076
2107
2102
2115
2072
2100
2117
2110
2118
2124
2136
2132
2132
2102
2094
2048
2051
2073
2075
2081
2073
2085
2060
2034
2049
2102
2127
2146
2162
2172
2132
2123
2106
2110
2121
2129
2121
2071
2060
2040
2072
2052
2035
2062
2064
2078
2064
2107
2121
2186
2209
2219
2206
2195
2165
2132
2072
2044
2010
2004
1988
1978
1969
1991
2053
2068
2128
2184
2239
2232
2196
2153
2138
2118
2091
2064
2001
1984
2002
1975
1957
1950
1979
2028
2068
2088
2129
2164
2179
2183
2187
2158
2150
2111
2070
2030
1978
1974
2006
1999
2036
2104
2139
2170
2172
2144
2168
2182
2169
2132
2089
2057
2030
1991
1989
1986
2158
2198
2219
2183
2130
2109
2088
2115
2163
2201
2224
2209
2134
2058
1991
1946
1964
2010
2066
2129
2148
2120
2078
2026
1970
1949
1988
2021
2063
2075
2079
2063
2058
2073
2087
2121
2153
2171
2178
2157
2135
2078
2062
2047
2034
2055
2097
2137
2185
2203
2241
2218
2157
2093
2040
2009
1975
2042
2092
2154
2188
2203
2168
2107
2072
2020
2020
2040
2104
2166
2173
2153
2104
2050
2006
1966
1996
2075
2111
2168
2171
2127
2060
2015
1952
1983
2039
2111
2162
2206
2190
2118
2050
1995
1949
1976
2008
2080
2145
2195
2225
2190
2138
2062
2046
2036
2076
2128
2184
2217
2219
2171
2096
2013
1943
1913
1940
1990
2084
2159
2181
2167
2152
2114
2059
2046
2072
2113
2135
2145
2161
2139
2154
2098
2068
2039
2028
2049
2039
2003
1999
2062
2081
2108
2136
2192
2239
2218
2152
2126
2112
2078
2038
1976
1991
2027
2092
2112
2142
2188
2196
2165
2162
2159
2120
2089
2052
2025
2026
2010
2013
2043
2073
2112
2117
2157
2209
2166
2095
2011
1969
1957
1946
1943
1962
2078
2185
2224
2242
2241
2247
2164
2113
2028
1983
1984
2001
2002
2049
2078
2110
2146
2171
2194
2159
2123
2116
2098
2118
2088
2061
2094
2133
2146
2122
2109
2114
2133
2071
2006
1985
1983
2006
2043
2103
2188
2222
2208
2166
2155
2143
2098
2070
2028
2012
2003
2002
2023
2072
2127
2156
2165
2145
2146
2155
2102
2041
2014
2009
2029
2014
2088
2150
2207
2239
2226
2060
2089
2120
2149
2158
2130
2082
2085
2086
2095
2070
2060
2088
2120
2124
2124
2086
2061
2025
2033
2044
2041
2056
2070
2070
2096
2115
2147
2160
2144
2118
2099
2056
2057
2064
2075
2087
2117
2159
2192
2195
2155
2106
2082
2056
2040
2060
2094
2148
2191
2210
2185
2156
2084
2023
1961
1966
1990
2022
2054
2096
2127
2147
2087
2074
2074
2077
2102
2115
2146
2167
2151
2105
2079
2033
2007
2026
2048
2077
2123
2138
2129
2105
2075
2044
2024
2050
2059
2095
2156
2159
2168
2136
2116
2135
2120
2094
2071
2055
2048
2090
2098
2114
2118
2101
2089
2083
2050
2034
2016
2026
2094
2149
2209
2237
2233
2178
2149
2075
2003
1986
2009
2018
2045
2104
2150
2157
2174
2125
2124
2140
2138
2104
2103
2132
2197
2202
2142
2113
2104
2050
2021
1992
1999
2008
1984
1973
2023
2090
2146
2171
2200
2214
2191
2177
2122
2055
2049
2090
2114
2169
2154
2128
2110
2134
2193
2197
2162
2092
2026
2027
2043
2120
2168
2159
2087
1964
1857
1851
1902
1967
2032
2100
2159
2161
2228
2289
2298
2248
2089
1841
1741
1857
2106
2259
2259
2155
2077
2088
2104
2073
1986
1899
1965
2066
2226
2326
2325
2210
2021
1904
1827
1849
1898
1951
2081
2249
2376
2410
2320
2147
1952
1810
1777
1877
2060
2245
2334
2375
2334
2180
1981
1749
1677
1751
1941
2161
2315
2353
2345
2308
2190
2003
1850
1796
1933
2088
2262
2338
2284
2239
2160
2070
1947
1885
1956
2124
2110
2104
2087
2141
2184
2184
2208
2214
2204
2175
2094
2015
1920
1867
1831
1882
1987
2124
2172
2169
2138
2045
2003
1989
2070
2137
2209
2209
2211
2142
2019
1921
1896
1929
1957
1968
1982
2004
2025
2036
2024
2056
2162
2289
2318
2302
2234
2203
2190
2181
2116
2042
2014
2004
1997
1959
1949
2057
2195
2239
2175
2116
2107
2085
2116
2187
2274
2280
2246
2164
2098
2032
1980
1935
1918
1972
2013
2037
2074
2134
2224
2256
2208
2141
2142
2172
2113
1974
1845
1827
1873
1944
2033
2181
2275
2250
2179
2142
2139
2070
1937
1918
1988
2069
2101
2067
2058
2046
2034
1983
1951
1952
2011
2129
2197
2265
2248
2226
2164
2103
2038
2008
2072
2129
2172
2120
2076
2051
2023
2036
2035
2055
2079
2103
2092
2072
2086
2124
2181
2206
2235
2180
2119
2084
2063
2066
2128
2182
2168
2128
2077
2064
2117
2179
2229
2245
2177
2056
1904
1835
1838
1893
1986
2109
2176
2208
2191
2151
2112
2061
1993
1874
1847
1839
1873
1968
2120
2248
2370
2369
2326
2205
2042
1919
1907
2008
2205
2398
2536
2602
2490
2270
1972
1690
1508
1478
1597
1873
2137
2368
2469
2428
2255
2055
1819
1696
1710
1832
2038
2250
2418
2489
2452
2316
2183
2025
1883
1854
1918
2012
2156
2241
2305
2304
2233
2115
2031
1917
1846
1868
1939
2084
2217
2304
2360
2320
2204
2084
1996
1957
1977
2066
2128
2201
2218
2190
2103
1999
1932
1904
1940
2020
2097
2153
2165
2413
2250
2017
1962
2262
2448
2380
2278
2482
2696
2479
1990
1989
2356
2495
2090
1626
1637
2020
2141
1762
1347
1351
1594
1685
1813
2190
2389
2218
2214
2460
2382
2080
2167
2562
2582
2320
2345
2386
2095
1737
1735
1862
1841
1775
1755
1876
2133
2268
2104
1962
1970
1885
1704
1748
1950
2037
2042
2112
2165
2153
2250
2444
2589
2577
2617
2586
2407
1893
1372
1203
1408
1701
1895
2024
2118
2135
1987
1755
1645
1699
1732
1659
1702
2002
2297
2452
2524
2567
2660
2707
2682
2682
2634
2456
2154
1734
1336
1169
1290
1545
1928
2329
2549
2460
2306
2178
1976
1824
1965
2188
2301
2417
2551
2537
2480
2402
2163
1884
1888
2031
2008
1944
1876
1678
1611
1843
2072
907
1329
1972
2639
3163
3343
3168
2674
1970
1305
819
676
939
1487
2218
2853
3307
3464
3285
2802
2100
1377
852
640
890
1459
2219
2965
3436
3539
3248
2640
1904
1262
918
933
1301
1902
2556
3065
3328
3239
2851
2271
1596
1100
872
1051
1564
2222
2812
3203
3274
3073
2665
2086
1526
1145
1016
1201
1603
2102
2560
2892
2980
2809
2430
1952
1530
1205
1169
1410
1734
2106
2425
2678
2770
2722
2465
2079
1606
1258
1094
1234
1597
2109
2609
2937
3063
2912
2588
2155
1748
1518
1455
1618
1938
2392
2752
2932
2814
2449
1934
1426
1135
1146
1427
1848
2312
2626
2733
2627
2334
1947
1579
1354
1314
1491
1885
2307
2662
2819
2743
2478
2133
1871
1781
1857
2002
1880
2070
2198
1964
1633
1542
1618
1651
1611
1670
1796
1758
1648
1796
2132
2340
2312
2270
2303
2235
2001
1902
2242
2739
3065
3132
3080
2815
2108
1122
221
2
0
1
0
996
2689
4095
4095
4095
4095
4095
3777
2797
1997
1192
443
106
362
884
1325
1724
2233
2810
3219
3531
3977
4095
4095
4095
3688
2718
1795
856
0
0
2
224
1414
2807
4095
4095
4095
4095
4095
3166
2052
970
11
1
1
639
1406
1974
2338
2525
2654
2663
2651
2737
2886
2885
2685
2350
2022
1590
948
223
1
0
241
879
1638
2518
3428
4095
4095
3933
3340
2720
2173
1805
1688
1858
2224
2540
2593
2467
2312
2078
1726
1367
1288
1623
2290
2999
3458
3608
4095
4095
4095
4095
4038
2491
787
0
0
0
0
244
1816
3531
4095
4095
4095
4095
4095
3106
1361
0
1
0
1
0
687
2571
4095
4095
4095
4095
4095
4095
2409
195
0
0
0
0
1
995
3270
4095
4095
4095
4095
4095
4095
2317
111
0
0
0
0
0
1008
3318
4095
4095
4095
4095
4095
3138
952
0
0
1
0
0
824
2721
4095
4095
4095
4095
4095
3615
1811
39
0
0
0
0
68
1593
3391
4095
4095
4095
4095
4095
3182
1279
2
0
1
0
1
672
2525
4095
4095
4095
4095
4095
3942
2594
1107
1
1
0
1
44
1480
3247
4095
4095
4095
4095
4021
2623
1050
1
0
1
1
4095
4095
4095
4095
3708
2528
1307
35
0
0
1
0
0
0
1
1
1
0
0
0
0
1
0
0
0
978
2476
3882
4095
4095
4095
4095
4095
4095
4095
4095
4095
4095
4095
4095
4095
4095
4095
4095
4095
3477
2356
1284
272
1
1
1
0
0
1
0
0
0
1
0
0
1
2
0
0
578
1483
2358
3222
4044
4095
4095
4095
4095
4095
4095
4095
4095
4095
4095
4095
4095
4095
4095
4095
3527
2336
1150
5
1
1
0
0
0
1
0
0
0
0
0
1
1
0
0
493
1415
2307
3122
3903
4095
4095
4095
4095
4095
4095
4095
4095
4095
4095
4095
4095
4095
4095
4095
4095
3455
2659
1815
4095
4095
4095
4095
4095
4095
4095
4095
4095
4095
4095
4095
4095
4095
4095
4095
4095
4095
4095
4095
4095
4095
4095
4095
4095
4095
3583
2456
1299
178
0
0
0
0
0
1
0
0
0
0
1
0
1
0
1
1
1
0
1
1
2
1
0
0
0
0
1
44
1203
2457
3651
4095
4095
4095
4095
4095
4095
4095
4095
4095
4095
4095
4095
4095
4095
4095
4095
4095
4095
4095
4095
4095
4095
4095
4095
4095
4095
4095
4095
4095
3745
2927
2143
1371
654
1
1
1
0
0
0
0
2
0
0
1
0
0
0
0
2
0
0
0
2
0
1
0
0
0
0
0
1
0
0
0
0
487
4095
4095
4095
4095
4095
4095
4095
4095
4095
4095
4095
4095
4095
4095
4095
4095
4095
4095
4095
4095
4095
4095
4095
4095
4095
4095
4095
4095
4095
4095
4095
4095
4095
4095
4095
4095
3990
3469
2948
2445
1945
1493
1019
582
146
1
1
2
2
1
0
0
1
0
0
0
0
0
1
0
0
0
0
0
2
0
0
1
1
1
1
1
0
0
0
0
0
0
0
0
1
0
0
0
0
0
0
2
0
0
0
0
0
0
0
1
1
0
0
0
0
0
1
0
1
0
0
1
0
1
0
1
0
0
1
1
0
1
0
1
1
0
1
2
2
138
374
610
