2098
2102
2101
2106
2096
2086
2084
2107
2115
2099
2090
2103
2104
2089
2100
2106
2104
2108
2094
2086
2097
2095
2098
2114
2115
2103
2111
2106
2101
2108
2103
2104
2098
2098
2087
2078
2072
2091
2087
2093
2080
2092
2074
2079
2087
2092
2094
2091
2105
2102
2090
2096
2092
2077
2074
2088
2080
2097
2107
2090
2090
2087
2092
2084
2095
2089
2067
2065
2059
2081
2089
2085
2072
2086
2100
2083
2086
2085
2088
2069
2092
2075
2084
2087
2079
2116
2093
2087
2108
2096
2084
2102
2097
2124
2118
2117
2103
2123
2117
2123
2104
2092
2098
2106
2093
2107
2126
2106
2105
2096
2089
2107
2086
2089
2088
2104
2103
2102
2092
2075
2096
2081
2096
2111
2107
2084
2088
2077
2095
2073
2073
2107
2102
2104
2094
2103
2095
2088
2083
2091
2063
2086
2086
2085
2095
2096
2102
2101
2086
2086
2083
2072
2062
2078
2082
2083
2095
2082
2098
2080
2086
2068
2086
2079
2099
2084
2088
2072
2079
2084
2075
2080
2101
2111
2115
2114
2100
2098
2104
2100
2109
2094
2103
2089
2100
2115
2103
2106
2120
2109
2101
2098
2090
2080
2076
2076
2095
2086
2085
2065
2053
2056
2084
2069
2059
2052
2045
2061
2057
2059
2055
2062
2046
2055
2067
2070
2060
2054
2057
2062
2088
2093
2076
2109
2093
2079
2107
2120
2114
2103
2104
2112
2104
2125
2125
2122
2138
2123
2116
2142
2130
2135
2137
2137
2137
2139
2125
2169
2163
2154
2152
2162
2162
2142
2111
2144
2108
2149
2149
2164
2142
2115
2076
2053
2051
2025
2018
2034
2050
2097
2115
2108
2139
2151
2155
2121
2097
2078
2042
2007
1998
2016
2043
2064
2119
2182
2207
2215
2234
2213
2162
2127
2087
2023
2002
1987
1975
2034
2048
2117
2165
2204
2215
2217
2211
2194
2123
2057
1989
1950
1918
1912
1923
1978
2044
2080
2131
2186
2221
2222
2212
2182
2138
2079
2043
1994
1982
1953
1984
2004
2059
2068
2092
2124
2118
2102
2096
2058
2033
2012
2017
2031
2052
2063
2103
2120
2143
2151
2173
2169
2139
2132
2098
2074
2049
2045
2028
2024
2043
2048
2089
2094
2107
2111
2114
2129
2147
2160
2165
2167
2169
2135
2122
2090
2056
2024
2034
2038
2038
2044
2079
2104
2151
2175
2141
2122
2104
2080
2060
2044
2029
1972
1970
2008
2063
2122
2157
2189
2177
2159
2108
2102
2052
2064
2067
2040
2024
2027
2032
2066
2080
2089
2095
2120
2145
2130
2132
2125
2105
2118
2073
2053
2023
2074
2061
2081
2087
2125
2171
2178
2144
2126
2109
2081
2022
2009
2022
2040
2093
2115
2120
2126
2132
2138
2120
2126
2112
2111
2083
2056
2032
2011
2006
1990
1984
2010
2070
2137
2130
2168
2211
2207
2188
2126
2094
2098
2096
2071
2052
2018
2026
2066
2096
2150
2186
2213
2245
2227
2197
2119
2055
2010
1978
1981
2014
2054
2092
2143
2147
2152
2168
2206
2167
2164
2126
2091
2045
1979
1950
1952
1964
1987
2036
2118
2180
2228
2252
2223
2208
2187
2127
2105
2129
2128
2149
2149
2122
2072
2021
2018
2027
2125
2187
2201
2213
2154
2100
2032
2017
2044
2095
2117
2154
2132
2113
2055
2046
2078
2115
2155
2160
2159
2137
2106
2112
2121
2158
2153
2140
2067
1961
1926
1921
2002
2103
2137
2190
2192
2129
2027
1979
1968
1990
2056
2121
2175
2174
2106
2018
1965
1948
1992
2076
2153
2206
2197
2151
2065
1983
1946
1962
2025
2125
2179
2209
2163
2102
2039
2018
2040
2083
2101
2155
2174
2130
2084
2041
2022
2034
2066
2119
2160
2153
2136
2092
2042
2008
2008
2060
2098
2144
2168
2164
2150
2113
2068
2026
2048
2086
2129
2153
2178
2147
2127
2087
2024
2019
2020
2053
2089
2128
2144
2154
2123
2104
2123
2129
2148
2149
2145
2120
2144
2173
2156
2135
2143
2097
2091
2085
2060
1976
1927
1981
2004
2041
2105
2235
2264
2170
2119
2090
2025
2030
2079
2123
2120
2138
2178
2159
2146
2152
2143
2120
2086
2042
2026
2001
2004
2047
2088
2097
2118
2104
2051
2056
2079
2058
2020
2104
2154
2138
2127
2118
2107
2087
2108
2135
2156
2146
2156
2097
2008
1943
1966
1981
2020
2066
2085
2082
2084
2099
2093
2049
2031
2071
2040
1995
2022
2056
2070
2136
2227
2269
2213
2134
2040
1956
1990
2130
2238
2274
2262
2288
2216
2103
2005
1996
2002
2026
2085
2176
2166
2144
2116
2077
2046
2065
2082
2070
2011
2015
2090
2153
2120
2079
2040
2055
2025
2009
2087
2200
2257
2206
2142
2071
1992
1902
1893
2023
2184
2321
2334
2240
2149
2030
1955
1944
1968
2019
2056
2069
2100
2140
2158
2087
2044
2008
2004
1999
2042
2100
2155
2179
2178
2183
2120
2012
1949
1968
2067
2128
2232
2264
2242
2175
2109
2078
2050
2038
2057
2090
2141
2170
2149
2132
2072
2112
2181
2153
2080
1974
1910
1917
1982
2123
2224
2264
2231
2170
2033
1878
1832
1898
2036
2194
2274
2282
2192
2066
2009
1962
1991
2060
2093
2121
2107
2102
2148
2197
2225
2179
2072
1927
1842
1914
2042
2159
2260
2304
2293
2203
2118
2027
1960
1965
2032
2097
2119
2141
2194
2199
2098
2035
2044
2080
2088
2112
2100
2063
2026
2116
2170
2135
2059
2015
1940
1912
1991
2167
2293
2292
2253
2163
2014
1928
1945
2104
2148
2148
2102
2049
1993
1969
2002
2067
2159
2205
2205
2121
1991
1900
1887
1952
2126
2268
2361
2320
2170
1962
1825
1771
1875
2098
2298
2375
2325
2186
2033
1921
1894
1936
2028
2116
2171
2190
2170
2106
2035
1978
1966
2025
2093
2160
2163
2105
2019
1997
2019
2086
2178
2240
2199
2123
2032
1979
1954
2017
2101
2197
2229
2220
2149
2107
2073
2076
2103
2080
2047
2014
1976
2006
2100
2187
2266
2287
2199
2083
1964
1887
1877
1944
2065
2163
2202
2217
2183
2093
2007
1933
1938
2007
2110
2197
2245
2217
2139
2020
1964
2005
2152
2282
2334
2235
2103
1957
1909
1951
2093
2257
2314
2296
2169
2056
1982
2001
2065
2143
2162
2148
2115
2043
2031
2035
2089
1920
2049
2034
2027
2216
2379
2504
2453
2210
1787
1548
1649
1852
1986
2012
2066
2253
2524
2678
2537
2174
1803
1591
1521
1653
1886
2189
2386
2400
2317
2306
2254
2056
1862
1815
1930
2119
2310
2396
2294
2085
1974
1984
1922
1930
2028
2214
2274
2297
2416
2458
2283
1952
1669
1573
1685
2026
2382
2459
2343
2264
2333
2248
1982
1688
1602
1754
2001
2163
2253
2306
2418
2460
2313
2094
1908
1843
1895
1965
2054
2123
2165
2182
2135
2065
1957
1892
1941
2087
2197
2248
2259
2158
1957
1811
1835
1878
1868
1869
1885
2012
2251
2476
2427
2182
1992
1915
1937
1944
2024
2048
2045
2118
2284
2461
2514
2409
2121
1875
1686
1716
1939
2135
2221
2254
2335
2328
2220
2127
2038
1985
1964
2086
2268
2432
2453
2343
2064
1772
1563
1539
1694
2034
2402
2641
2676
2458
2095
1706
1474
1485
1730
2107
2481
2658
2625
2376
2037
1720
1521
1562
1810
2140
2402
2480
2386
2179
1986
1894
1937
2053
2232
2376
2391
2296
2123
1901
1770
1780
1908
2081
2203
2250
2168
1998
1851
1816
1911
2120
2342
2503
2501
2331
2010
1716
1532
1577
1818
2199
2510
2645
2621
2348
1946
1589
1384
1444
1736
2168
2566
2838
2859
2676
2334
1981
1720
1650
1742
1975
2224
2407
2456
2376
2189
1978
1798
1759
1809
1922
2047
2139
2142
2075
1967
1917
1929
2018
2154
2333
2471
2485
2400
2185
1940
1700
1596
1620
1750
2008
2316
2505
2525
2367
2069
1758
1549
636
316
641
1372
2121
2785
3397
3733
3521
2758
1787
937
423
432
889
1690
2644
3358
3587
3314
2713
2036
1488
1292
1358
1766
2308
2811
3092
3179
3117
3010
2850
2585
2213
1797
1419
1125
1056
1276
1780
2424
2871
3085
2925
2497
1931
1409
1060
992
1318
2010
2661
2912
2830
2662
2378
1957
1503
1249
1289
1596
2000
2326
2524
2675
2729
2568
2180
1798
1624
1704
1926
2119
2240
2305
2287
2007
1568
1308
1454
1812
2098
2151
2257
2524
2800
2680
2292
1987
1966
2054
1935
1614
1321
1372
1685
2029
2328
2736
3202
3419
3033
2189
1335
886
915
1222
1678
2227
2811
3244
3297
2804
1980
1234
889
848
1045
1469
2073
2655
3072
3256
3217
2866
2273
1554
3734
4052
3950
3440
2688
1822
987
419
170
319
846
1592
2417
3114
3548
3669
3503
3095
2501
1861
1298
910
784
1008
1539
2224
2870
3326
3440
3229
2726
2107
1540
1116
927
930
1167
1565
2097
2587
2979
3167
3203
3063
2796
2427
1950
1524
1150
979
1053
1296
1726
2195
2515
2680
2600
2331
1937
1537
1288
1213
1389
1766
2247
2741
3115
3346
3330
3097
2737
2230
1704
1176
741
435
334
501
932
1598
2407
3181
3788
4085
4020
3669
3059
2316
1625
1055
766
773
1090
1650
2272
2783
3081
3130
2873
2453
1907
1362
826
466
382
591
1039
1760
2576
3396
4067
4095
4095
4063
3352
2429
1493
717
191
2
92
515
1164
2001
2765
3350
3624
3567
4095
4095
4095
4095
4095
4095
4095
3559
2450
1360
414
1
1
1
1
0
1
92
739
1384
1911
2316
2606
2760
2827
2830
2788
2755
2758
2774
2815
2927
3095
3306
3552
3746
3910
3939
3849
3596
3197
2669
2056
1413
778
188
1
3
2
1
26
586
1320
2231
3110
3947
4095
4095
4095
4095
4095
4095
4095
3424
2492
1550
645
0
2
3
1
1
8
649
1553
2447
3235
3880
4095
4095
4095
3980
3439
2757
1961
1124
346
1
1
2
0
0
0
2
741
1763
2770
3682
4095
4095
4095
4095
4095
3823
3026
2170
1318
576
7
0
1
1
94
675
1477
2400
3292
4095
4095
4095
4095
4095
4095
4095
3513
2556
1568
576
4095
4095
4095
4095
4095
4095
4095
2542
272
1
1
1
0
0
0
1
0
0
3
1
0
1
0
1222
3567
4095
4095
4095
4095
4095
4095
4095
4095
4095
4095
4095
4095
4095
4095
4095
2007
0
0
0
0
0
1
0
0
2
1
1
2
1
1
2
433
2819
4095
4095
4095
4095
4095
4095
4095
4095
4095
4095
4095
4095
4095
4095
4095
4095
2772
229
0
1
0
0
2
1
1
0
0
2
0
1
0
1
149
2026
3950
4095
4095
4095
4095
4095
4095
4095
4095
4095
4095
4095
4095
4095
4095
3611
1894
182
0
0
1
0
0
0
0
0
1
0
0
0
0
1157
2527
3802
4095
4095
4026
4027
4016
4013
4020
4027
4005
3979
3968
3976
3964
3924
3901
3889
3877
3828
3793
3774
3754
3750
3715
3683
3653
3638
3610
3599
3554
3559
3545
3529
3507
3511
3482
3484
3471
3472
3458
3457
3445
3442
3429
3407
3388
3360
3355
3320
3317
3269
3244
3209
3164
3127
3093
3032
2969
2919
2848
2774
2697
2618
2529
2442
2352
2240
2132
2018
1921
1800
1700
1577
1459
1325
1199
1077
954
812
681
549
441
294
184
63
1
1
1
0
1
2
2
0
0
3
0
3
2
1
1
1
1
1
1
0
0
3
1
0
2
1
0
0
1
0
0
0
1
1
0
0
2
0
2
2
0
0
15
182
419
599
