2089
2088
2098
2095
2088
2085
2077
2100
2112
2113
2080
2076
2068
2111
2093
2072
2091
2110
2119
2113
2132
2170
2175
2168
2142
2142
2120
2116
2086
2061
2044
2054
2057
2057
2050
2056
2034
2028
2025
2032
2019
2036
2048
2031
2047
2058
2064
2073
2034
2028
2017
2032
2031
2048
2045
2021
2041
2079
2095
2091
2109
2110
2127
2144
2130
2104
2098
2116
2154
2192
2174
2172
2178
2165
2205
2223
2213
2207
2220
2217
2205
2187
2171
2151
2139
2139
2120
2125
2105
2075
2080
2078
2057
2012
1985
1973
1986
1982
1985
1966
1954
1968
1999
2000
1996
1995
2027
2049
2049
2092
2092
2081
2070
2070
2116
2123
2103
2080
2119
2142
2139
2133
2108
2138
2140
2156
2113
2127
2032
2033
2045
2034
2051
2072
2058
2052
2042
2078
2085
2071
2090
2094
2102
2112
2124
2119
2125
2111
2091
2119
2104
2121
2100
2096
2080
2069
2051
2078
2072
2058
2035
2015
2030
2006
2007
1981
2012
1991
2007
2006
2000
2010
2005
2013
2016
2021
2059
2095
2086
2093
2092
2115
2142
2143
2168
2182
2166
2181
2192
2193
2180
2190
2190
2170
2181
2166
2146
2132
2126
2119
2092
2107
2082
2066
2071
2042
2045
2045
2039
2035
2048
2040
2055
2060
2057
2074
2080
2089
2093
2140
2137
2155
2161
2200
2219
2233
2244
2239
2261
2252
2256
2274
2270
2267
2269
2246
2203
2192
2196
2198
2165
2135
2108
2105
2070
2037
2051
2000
1992
1969
1950
1940
1904
1930
1928
1915
2183
2200
2174
2168
2156
2139
2122
2081
2058
2043
2019
1995
2003
2014
2015
2043
2070
2089
2136
2136
2161
2176
2172
2146
2149
2129
2108
2111
2094
2062
2056
2046
2031
2018
2014
2019
2007
2013
2037
2055
2070
2077
2088
2087
2089
2088
2092
2104
2123
2141
2143
2152
2178
2162
2179
2152
2143
2123
2081
2057
2039
1997
1980
2007
2022
2039
2067
2093
2108
2133
2116
2123
2127
2126
2124
2145
2132
2130
2125
2146
2139
2132
2117
2086
2046
2033
2017
2004
1987
2019
2015
2020
2044
2059
2074
2064
2074
2059
2073
2060
2120
2168
2175
2213
2231
2226
2221
2189
2128
2078
2002
1964
1928
1914
1928
1929
1994
2034
2060
2062
2067
2090
2079
2104
2092
2122
2139
2144
2002
1983
2004
2053
2075
2094
2080
2044
2048
2056
2049
2114
2125
2152
2162
2148
2134
2133
2125
2107
2095
2071
2041
2000
2012
2055
2108
2140
2144
2141
2129
2101
2118
2113
2091
2090
2086
2121
2109
2148
2201
2154
2117
2038
2000
2008
2052
2118
2127
2108
2086
2089
2100
2120
2114
2080
2052
2052
2072
2098
2158
2174
2200
2186
2166
2152
2120
2102
2104
2116
2119
2095
2036
1973
1944
1954
1984
2077
2150
2201
2224
2215
2154
2117
2036
2004
2030
2093
2146
2169
2179
2124
2070
2033
2022
2028
2060
2104
2100
2108
2106
2116
2129
2124
2126
2103
2116
2093
2056
2051
2066
2096
2092
2093
2072
2037
1988
1991
2019
2043
2094
2147
2175
2188
2186
2173
2170
2130
2030
2064
2080
2108
2122
2147
2203
2271
2280
2232
2165
2084
2002
1932
1962
1988
2031
2062
2088
2087
2074
2097
2092
2077
2049
2006
1943
1899
1888
1920
1958
2047
2088
2113
2131
2129
2112
2096
2064
2056
2046
2067
2080
2082
2082
2111
2159
2163
2196
2184
2178
2138
2107
2078
2046
2039
2051
2086
2087
2139
2146
2175
2190
2182
2159
2125
2086
2024
1993
1996
2013
2008
2043
2076
2099
2136
2168
2208
2210
2204
2132
2068
2005
1993
1986
2017
2061
2093
2133
2152
2159
2146
2144
2140
2167
2155
2144
2111
2063
1997
2031
2074
2128
2143
2162
2164
2167
2123
2089
2081
2075
2064
2059
2072
2100
2131
2134
2164
2143
2128
2117
2127
2101
2120
2062
2019
1993
1994
2003
1956
1955
1967
1990
2037
2135
2195
2211
2217
2229
2207
2135
2027
1924
1877
1882
1903
1928
1998
2104
2190
2245
2260
2260
2239
2175
2090
1979
1901
1906
1909
1938
1965
2027
2130
2215
2274
2288
2315
2265
2195
2078
1996
1932
1926
1952
1999
2076
2142
2183
2197
2169
2133
2133
2135
2091
2009
1884
1860
1913
2063
2160
2275
2279
2253
2196
2141
2119
2097
2067
1985
1901
1917
1970
2073
2206
2266
2281
2314
2331
2308
2227
2102
1966
1895
1866
1885
1912
1969
2067
2164
2246
2288
2254
2145
2035
1982
1923
1938
1952
2005
2069
2130
2141
2185
2202
2195
2135
2096
2085
2069
2057
2025
2037
2061
2122
2168
2198
2213
2185
2185
2139
2072
2004
1944
1921
1954
2072
2031
2024
2015
2064
2120
2167
2168
2165
2141
2076
2005
1967
1984
2056
2129
2190
2200
2163
2093
2038
2011
2022
2000
2040
2085
2126
2190
2182
2172
2077
1986
1952
1935
1988
2045
2065
2040
1995
1965
1981
1990
2007
2027
2043
2077
2097
2102
2123
2078
2069
2073
2100
2126
2110
2099
2059
2042
2017
1998
1958
1939
1951
2008
2079
2128
2166
2192
2197
2208
2219
2174
2109
2022
1953
1947
1982
2038
2106
2196
2255
2312
2305
2249
2194
2106
2056
2059
2087
2113
2130
2132
2128
2100
2070
2043
2030
2064
2086
2098
2055
2033
2059
2033
2053
2055
2114
2163
2227
2232
2180
2107
2062
2069
2080
2079
2096
2135
2222
2216
2198
2136
2065
2028
2024
2013
1976
1931
2043
2082
2092
2124
2192
2210
2175
2131
2074
2052
2058
2088
2094
2080
2045
2018
2016
2077
2146
2151
2125
2049
1996
1992
2026
2080
2129
2139
2171
2179
2176
2182
2155
2122
2035
1955
1934
1982
2029
2072
2104
2093
2054
2029
2063
2061
2078
2089
2056
2075
2153
2219
2284
2303
2279
2212
2148
2054
1980
1974
1975
2026
2068
2063
2100
2124
2144
2158
2103
2061
1995
1931
1949
1978
2044
2124
2185
2231
2258
2217
2170
2106
2069
2049
2058
2064
2123
2144
2157
2148
2111
2099
2085
2077
2105
2090
2101
2116
2127
2127
2130
2120
2086
2003
1952
1937
1937
1997
2052
2127
2184
2188
2158
2114
2050
2021
2020
2056
2121
2181
2258
2308
2307
2262
2218
2146
2065
2026
2056
2201
2293
2316
2265
2208
2195
2225
2246
2222
2104
1974
1903
1900
1957
2065
2222
2392
2558
2599
2502
2276
2032
1811
1670
1618
1666
1769
1915
2030
2111
2135
2183
2183
2220
2197
2114
2003
1939
1850
1799
1738
1782
1916
2131
2315
2435
2469
2437
2324
2206
2084
2070
2123
2163
2158
2054
1948
1948
2008
2149
2273
2273
2213
2138
2079
1974
1846
1836
1936
2104
2260
2185
1963
1784
1773
1956
2134
2208
2161
2097
2065
2041
1995
1965
1941
2035
2194
2339
2428
2427
2302
2114
2060
2106
2204
2264
2200
2051
1989
2032
2136
2144
2011
1834
1785
1901
2054
2120
2072
1940
1787
1657
1651
1782
2030
2284
2440
2496
2428
2361
2260
2212
2185
2131
2057
1917
1880
2388
2362
2279
2220
2119
2033
1996
1945
1948
1950
1983
2012
2066
2130
2201
2266
2312
2249
2186
2089
1959
1842
1784
1784
1852
1987
2124
2267
2359
2381
2293
2225
2072
1938
1884
1864
1905
2010
2120
2208
2267
2282
2233
2199
2166
2148
2110
2071
2043
2016
2000
2005
2011
2056
2106
2168
2192
2198
2156
2098
2010
1922
1896
1925
1994
2116
2249
2336
2379
2323
2190
2023
1894
1800
1795
1841
1948
2086
2196
2275
2278
2295
2230
2168
2104
2071
2056
2037
2069
2069
2071
2051
2034
2037
2068
2096
2122
2169
2184
2192
2173
2113
2077
2018
1999
2004
1992
2011
2009
2040
2068
2134
2190
2233
2245
2231
2161
2094
1976
1911
1887
1932
2007
2132
2244
2310
2325
2234
1579
1738
1927
2276
2664
2802
2646
2346
2226
2167
2081
2010
2059
2182
2216
2026
1753
1622
1790
2101
2359
2509
2630
2701
2588
2375
2064
1740
1437
1227
1253
1572
2029
2483
2912
3213
3202
2898
2424
2111
1843
1459
1137
1130
1529
2030
2216
2091
1907
1860
2066
2406
2677
2672
2360
2038
1940
1999
2024
2043
2145
2285
2231
2010
1761
1598
1541
1506
1600
1886
2216
2307
2212
2090
2061
2040
1944
1846
1899
2021
2149
2265
2415
2509
2532
2458
2265
1913
1436
1123
1234
1593
1979
2280
2583
2794
2778
2401
2000
1766
1729
1769
1879
1969
2000
1914
1869
1938
2080
2236
2376
2536
2646
2623
2445
2275
2171
2138
2159
2218
2244
2153
1952
1774
1639
1590
1701
1962
1591
1925
2271
2544
2704
2684
2522
2267
1991
1750
1609
1587
1701
1874
2095
2296
2472
2556
2584
2469
2273
2070
1846
1639
1533
1540
1665
1837
2078
2326
2506
2611
2544
2401
2208
2033
1895
1850
1883
1982
2108
2245
2319
2332
2280
2178
2071
1970
1910
1907
1902
1934
1990
2105
2183
2274
2260
2251
2205
2141
2044
1979
1913
1902
1942
2022
2089
2187
2215
2213
2170
2118
2024
1956
1879
1871
1879
1967
2071
2129
2192
2183
2206
2174
2060
1945
1870
1849
1927
2054
2174
2260
2301
2249
2214
2127
2083
2062
2091
2176
2241
2327
2339
2266
2109
1900
1682
1533
1524
1688
1948
2261
2580
2825
2897
2813
2504
2101
1688
1361
1234
1316
1603
2022
2421
2699
2809
2702
1523
1492
1568
1729
1872
1957
1996
2013
1997
1759
1464
1419
1641
1865
2006
2339
2884
3307
3463
3534
3579
3339
2762
2110
1599
1207
906
658
503
448
584
896
1292
1769
2396
3008
3355
3435
3447
3404
3202
2862
2590
2507
2398
2199
2030
1948
1826
1461
907
446
289
393
778
1375
2109
2843
3450
3836
3962
3835
3509
3051
2504
2038
1760
1714
1736
1710
1613
1493
1365
1171
916
747
726
906
1290
1844
2475
3146
3797
4095
4095
3836
3235
2652
2113
1565
1083
872
852
920
957
987
1089
1145
1177
1252
1620
2224
2884
3529
4036
4095
3911
3291
2429
1492
592
3
3
1
259
1068
1968
2858
3569
3926
3932
3679
3443
3197
2889
2515
2132
1818
6
170
716
1411
2142
2791
3339
3666
3791
3664
3337
2826
2271
1724
1313
1097
1036
1166
1387
1616
1826
2001
2155
2216
2268
2283
2234
2174
2113
2087
2121
2210
2374
2552
2656
2687
2585
2398
2155
1870
1633
1441
1378
1460
1693
2007
2330
2614
2839
2908
2792
2545
2224
1899
1563
1297
1085
1003
1071
1287
1601
2056
2534
2976
3281
3408
3323
3043
2572
2009
1451
1023
795
832
1103
1551
2111
2751
3261
3611
3769
3690
3399
2842
2133
1350
629
85
0
27
529
1336
2300
3161
3786
4095
4090
3758
3164
2423
1641
909
387
162
264
678
1321
2104
2838
3444
3806
3891
3617
3123
2499
1846
1302
917
779
857
1146
1585
2062
2550
2947
3174
3203
3031
3860
3877
3832
3738
3589
3410
3212
2999
2748
2510
2299
2128
1902
1768
1596
1516
1444
1385
1316
1288
1252
1182
1125
1064
1003
964
941
936
947
950
995
1008
1031
1067
1107
1152
1256
1344
1489
1648
1782
1980
2182
2398
2672
2959
3231
3522
3787
4079
4095
4095
4095
4095
4095
4095
4095
4095
4095
4095
4095
4095
3725
3250
2772
2234
1720
1200
694
216
2
1
0
2
0
1
2
0
2
0
1
1
10
502
1065
1636
2207
2729
3232
3680
4083
4095
4095
4095
4095
4095
4095
4095
4095
4095
4095
4095
4095
3930
3552
3146
2724
2334
1938
1578
1220
881
583
300
83
1
1
1
1
3
0
0
77
273
470
666
906
1166
