2091
2100
2112
2082
2079
2091
2083
2061
2084
2086
2075
2065
2077
2087
2103
2118
2124
2106
2088
2093
2096
2107
2125
2122
2114
2096
2117
2115
2111
2121
2125
2122
2129
2103
2120
2141
2123
2113
2111
2112
2108
2116
2120
2119
2116
2102
2099
2102
2132
2130
2115
2104
2100
2120
2133
2121
2124
2103
2107
2113
2115
2094
2107
2085
2102
2109
2079
2069
2100
2116
2113
2088
2079
2081
2095
2088
2072
2091
2078
2060
2066
2089
2076
2089
2075
2069
2082
2082
2079
2086
2091
2054
2047
2070
2072
2073
2080
2069
2077
2075
2061
2070
2081
2063
2061
2096
2088
2091
2103
2097
2095
2083
2076
2074
2091
2099
2089
2079
2104
2104
2091
2098
2095
2115
2113
2128
2104
2091
2167
2173
2149
2171
2166
2127
2128
2124
2106
2115
2107
2101
2056
2089
2088
2093
2087
2097
2084
2098
2118
2125
2137
2123
2123
2113
2122
2119
2109
2082
2082
2062
2075
2057
2050
2050
2025
2027
2020
1998
2032
2035
2016
2024
2042
2041
2046
2073
2084
2052
2056
2042
2060
2053
2025
2037
2001
2017
1987
2019
2012
2021
2026
2054
2072
2095
2113
2129
2160
2177
2177
2168
2185
2195
2184
2185
2155
2139
2113
2091
2076
2043
2028
2006
2003
2007
2021
2064
2081
2146
2175
2162
2200
2224
2224
2217
2197
2177
2148
2156
2133
2093
2096
2085
2070
2039
2024
2018
2061
2100
2132
2152
2163
2164
2202
2198
2182
2143
2096
2054
2030
1993
1955
1934
1941
1952
1957
1986
2232
2225
2197
2147
2082
2063
2031
2022
2034
2051
2062
2069
2091
2079
2067
2086
2073
2099
2165
2175
2162
2109
2077
2064
2019
2004
2027
2058
2096
2121
2147
2134
2120
2117
2101
2107
2102
2091
2093
2060
2029
2006
1992
1997
2061
2136
2172
2176
2131
2120
2095
2025
1978
1974
2010
2051
2109
2167
2191
2175
2162
2136
2123
2085
2091
2096
2088
2102
2091
2063
2087
2068
2077
2084
2086
2100
2083
2087
2045
2044
2100
2161
2184
2168
2106
2051
2021
1951
1922
1921
1962
2067
2127
2172
2173
2163
2147
2106
2082
2042
2024
2035
2028
2054
2084
2104
2116
2119
2102
2067
2067
2076
2092
2114
2140
2216
2259
2229
2190
2102
2027
1978
1945
1908
1930
1985
2072
2120
1972
1992
2029
2108
2146
2138
2113
2090
2061
2033
2023
2064
2070
2083
2105
2141
2144
2126
2107
2071
2025
1964
1981
2034
2128
2214
2249
2241
2162
2036
1969
1914
1927
1997
2120
2225
2257
2216
2121
1981
1900
1907
2006
2116
2212
2236
2207
2119
2007
1938
1930
2008
2117
2228
2236
2213
2114
2006
1955
1977
2059
2166
2222
2197
2140
2056
1992
1975
2025
2110
2172
2188
2170
2086
1980
1936
1974
2046
2128
2192
2191
2132
2021
1926
1916
1996
2104
2198
2264
2265
2214
2115
2003
1964
2012
2118
2220
2277
2256
2191
2057
2006
2018
2055
2132
2201
2189
2143
2077
2004
2013
2057
2123
2176
2199
2182
2149
2093
2038
2007
2035
2062
2123
2135
2144
2140
2125
2103
2096
2006
1959
2011
2077
2055
2015
2083
2146
2194
2192
2203
2160
2096
2043
2096
2197
2208
2179
2201
2239
2298
2292
2338
2351
2290
2203
2204
2233
2216
2184
2181
2161
2151
2180
2226
2210
2186
2120
2099
2101
2100
2081
2091
2078
2090
2181
2211
2195
2123
2027
2000
1977
1982
2029
2040
2013
2020
2048
2093
2113
2100
2082
2074
2088
2063
2057
2024
1990
1985
2004
2054
2066
2078
2043
2004
1998
2026
2014
2033
2056
2056
2057
2075
2092
2078
2052
2024
1963
1906
1881
1864
1841
1864
1929
2010
2089
2086
2110
2070
2001
1939
1932
1922
1897
1899
1920
2007
2085
2158
2258
2281
2185
2086
1986
1926
1912
1992
2072
2166
2258
2294
2298
2279
2226
2112
2048
2052
2040
2102
2178
2230
2190
2073
1991
1939
1988
2053
2178
2266
2280
2240
2112
1991
1937
1944
2010
2088
2177
2181
2162
2119
2065
1982
1940
1977
2036
2094
2153
2172
2134
2054
1976
1933
1989
2052
2155
2205
2232
2150
2062
1980
1929
1960
2051
2130
2234
2245
2197
2111
1997
1926
1901
1946
2038
2129
2175
2174
2127
2055
2018
2005
2038
2112
2183
2204
2177
2110
2040
2021
2031
2082
2122
2154
2127
2105
2069
2062
2082
2112
2206
2226
2268
2240
2174
2105
2026
1978
1959
1990
2085
2182
2228
2240
2192
2133
2088
2082
2067
2117
2152
2211
2189
2107
2029
1974
1952
1950
2003
2066
2141
2188
2195
2177
2098
2044
2034
2027
2051
2084
2092
2080
2077
2011
2004
1961
2067
2128
2182
2112
2005
2005
2075
2062
2009
2049
2172
2268
2209
2068
1998
2052
2091
2122
2159
2185
2192
2208
2183
2046
2000
2088
2199
2171
2016
1964
2054
2138
2091
2018
2024
2056
2029
2062
2120
2210
2207
2179
2187
2227
2213
2131
2109
2123
2171
2165
2202
2243
2231
2147
2042
2036
2057
2102
2113
2186
2268
2315
2303
2264
2176
2078
1981
2013
2149
2260
2312
2342
2313
2213
2088
2042
2011
1933
1824
1763
1823
1966
2120
2245
2353
2377
2259
2080
1916
1900
1893
1912
1991
2106
2192
2186
2153
2085
1966
1853
1877
1973
2045
2059
2114
2141
2160
2103
2139
2217
2243
2161
2015
1924
1975
2049
2055
2054
2095
2083
2008
1982
2052
2064
1937
1825
1937
2183
2102
2087
2109
2116
2108
2083
2102
2070
2048
2025
2049
2135
2194
2140
2052
1975
1947
1953
1999
2038
2079
2152
2179
2140
2093
2080
2080
2082
2093
2065
2028
1985
1943
1987
2138
2272
2352
2377
2367
2275
2104
1939
1890
1972
2076
2177
2270
2349
2377
2284
2071
1911
1878
1898
1940
2047
2187
2277
2254
2165
2050
1931
1848
1854
1956
2075
2165
2208
2264
2222
2154
2039
2018
2045
2051
2026
2007
2047
2133
2238
2262
2221
2174
2118
2015
1920
1855
1910
2023
2075
2123
2199
2266
2224
2115
1996
1893
1906
1968
2099
2282
2352
2298
2160
2030
1949
1977
2123
2178
2172
2190
2225
2244
2226
2216
2136
1993
1848
1827
2000
2189
2366
2497
2514
2414
2239
2100
1949
2632
2623
2398
2066
1749
1553
1571
1726
2043
2374
2587
2609
2407
2081
1758
1551
1567
1792
2138
2467
2625
2628
2446
2148
1889
1739
1709
1872
2107
2365
2527
2513
2287
1954
1685
1595
1737
2011
2339
2555
2590
2455
2142
1843
1640
1604
1691
1942
2218
2407
2479
2394
2191
1981
1783
1757
1860
2013
2163
2252
2274
2244
2159
2092
2033
1987
2024
2061
2151
2160
2128
2094
2052
2040
2076
2093
2123
2132
2081
2070
2082
2097
2174
2257
2311
2310
2243
2137
2019
1927
1910
1945
2055
2203
2304
2305
2189
2036
1853
1804
1841
2005
2198
2362
2409
2320
2146
1951
1802
1806
1899
2052
2207
2335
2348
2233
2094
1903
1759
1717
1842
2022
2228
2320
2285
2168
2031
1962
2282
2196
2118
2007
1886
1962
2259
2589
2659
2421
2077
1910
1845
1732
1629
1732
2054
2206
2014
1651
1545
1922
2457
2716
2596
2376
2295
2220
1952
1612
1571
1994
2342
2350
2155
2132
2372
2536
2375
1994
1616
1478
1505
1610
1738
1945
2294
2737
3046
2963
2570
2232
2105
1947
1509
1041
983
1336
1772
2155
2557
2953
3140
2845
2246
1791
1741
1913
1934
1770
1683
1862
2141
2293
2264
2162
2131
2014
1797
1564
1588
1855
2172
2376
2390
2304
2221
2190
2311
2493
2592
2405
1925
1438
1240
1380
1765
2223
2577
2767
2686
2454
2184
1890
1664
1712
1940
2118
2218
2292
2250
2021
1634
1476
1849
2485
2760
2499
2073
1928
2062
2121
2082
2250
2706
3026
2696
1753
1113
1297
1694
2209
2607
2813
2798
2533
2155
1797
1499
1417
1554
1861
2278
2659
2912
2909
2671
2265
1840
1534
1428
1610
1970
2404
2767
2934
2875
2586
2183
1756
1482
1458
1672
2030
2359
2605
2710
2634
2450
2203
1951
1712
1524
1475
1578
1797
2055
2239
2341
2312
2238
2059
1887
1727
1734
1820
2026
2324
2617
2787
2730
2373
1884
1506
1388
1563
1923
2344
2696
2895
2809
2373
1736
1240
1100
1439
2132
2861
3352
3368
2823
1880
979
555
737
1425
2330
3161
3581
3435
2670
1509
482
72
422
1331
2466
3362
3773
3467
2619
1435
505
203
669
1698
2794
3503
3594
3025
2051
1100
663
977
1895
2959
3715
3845
3361
2406
1315
466
284
845
1972
3216
282
1
1
0
0
566
1695
2768
3666
4095
4095
4095
4063
3507
2822
2031
1220
507
1
1
1
1
447
1172
1974
2684
3246
3557
3594
3408
3189
2984
2884
2914
2940
2917
2729
2307
1757
1126
493
2
0
0
1
465
1312
2204
3076
3745
4095
4095
4095
3799
3354
2872
2406
2018
1698
1492
1385
1411
1445
1470
1455
1484
1698
1986
2364
2701
2968
3104
3059
2797
2406
1941
1410
809
235
0
0
0
0
153
948
1956
3008
4038
4095
4095
4095
4095
4095
4095
4095
3269
1705
95
0
0
1
0
0
335
1506
2454
3055
3365
3459
3485
3449
3450
3486
3542
3543
3464
3185
2794
2234
1673
1184
784
528
362
296
371
530
824
7
0
0
0
0
1
0
2
2408
4095
4095
4095
4095
4095
4095
4095
4095
3082
1
0
1
2
1
0
1
0
1138
4095
4095
4095
4095
4095
4095
4095
4095
3919
928
1
0
0
0
1
0
0
36
2858
4095
4095
4095
4095
4095
4095
4095
4095
3196
0
0
0
0
0
0
0
0
602
3888
4095
4095
4095
4095
4095
4095
4095
4095
2252
2
1
0
1
1
0
0
1
1213
4095
4095
4095
4095
4095
4095
4095
4095
3854
1203
1
0
0
1
1
1
1
773
3286
4095
4095
4095
4095
4095
4095
4095
2887
778
0
0
0
1
0
0
272
2291
4095
4095
4095
4095
4095
4095
4095
2784
1073
8
195
654
1149
1633
2096
2534
2972
3334
3699
4019
4095
4095
4095
4095
4095
4095
4095
4095
4095
4095
4095
3988
3649
3236
2795
2347
1851
1374
887
419
1
1
0
0
1
0
2
0
1
0
1
0
1
0
2
12
526
1173
1839
2472
3144
3784
4095
4095
4095
4095
4095
4095
4095
4095
4095
4095
4095
4095
4095
4095
4095
4095
4095
4095
4095
4095
4095
3409
2380
1308
245
0
0
0
0
0
0
0
0
0
0
0
0
1
0
0
0
0
0
0
0
1
0
1
1
578
2119
3656
4095
4095
4095
4095
4095
4095
4095
4095
4095
4095
4095
4095
4095
4095
4095
4095
4095
4095
4095
4095
4095
4095
4095
2760
2760
2771
2774
2771
2774
2762
2775
2765
2751
2773
2789
2778
2764
2774
2776
2778
2763
2774
2764
2767
2777
2755
2733
2738
2727
2730
2722
2719
2708
2693
2687
2675
2670
2669
2654
2657
2628
2608
2575
2581
2576
2555
2520
2519
2504
2502
2486
2451
2436
2424
2397
2401
2365
2341
2321
2298
2294
2268
2240
2229
2192
2174
2186
2140
2128
2106
2080
2038
2052
2031
1996
1978
1971
1942
1917
1895
1872
1880
1848
1815
1812
1782
1741
1713
1699
1701
1666
1644
1641
1625
1624
1610
1601
1569
1553
1552
1526
1504
1495
1453
1448
1472
1462
1444
1431
1410
1415
1419
1395
1369
1353
1342
1333
1336
1336
1335
1347
1304
1292
1286
1293
1309
1270
1274
1280
1261
1280
