2082
2086
2074
2082
2076
2071
2080
2094
2090
2080
2090
2080
2083
2076
2085
2081
2089
2086
2099
2101
2094
2096
2111
2106
2117
2109
2122
2112
2116
2114
2122
2124
2114
2109
2105
2117
2118
2123
2123
2121
2127
2113
2132
2112
2121
2123
2129
2128
2125
2117
2131
2126
2110
2115
2117
2115
2113
2112
2110
2117
2115
2110
2102
2105
2102
2104
2104
2100
2110
2108
2112
2103
2101
2095
2107
2101
2094
2105
2104
2095
2103
2097
2092
2095
2088
2087
2094
2094
2091
2102
2096
2099
2098
2101
2101
2116
2095
2106
2106
2104
2092
2093
2102
2099
2104
2106
2105
2103
2118
2113
2107
2098
2106
2119
2111
2095
2097
2106
2101
2102
2108
2107
2103
2110
2106
2101
2106
2100
2104
2108
2096
2107
2095
2104
2104
2106
2085
2089
2093
2089
2098
2098
2101
2109
2105
2102
2094
2104
2110
2104
2096
2097
2098
2105
2095
2103
2098
2092
2089
2096
2089
2106
2097
2106
2096
2098
2105
2095
2097
2107
2108
2107
2110
2103
2107
2111
2116
2120
2125
2111
2117
2117
2122
2111
2107
2120
2117
2108
2122
2126
2124
2127
2122
2116
2119
2129
2136
2126
2128
2126
2130
2123
2112
2113
2120
2116
2124
2133
2122
2112
2117
2129
2109
2106
2106
2107
2119
2114
2115
2104
2106
2099
2105
2100
2094
2097
2085
2091
2100
2096
2090
2103
2095
2102
2098
2108
2106
2103
2096
2104
2100
2098
2095
2107
2108
2097
2100
2098
2106
2109
2116
2110
2117
2112
2116
2112
2024
2018
2040
2045
2066
2082
2112
2112
2140
2149
2166
2171
2176
2183
2177
2174
2167
2141
2110
2100
2067
2030
2030
2016
2013
2003
1987
1990
2005
2019
2038
2044
2058
2091
2107
2128
2132
2146
2160
2164
2166
2166
2147
2139
2130
2126
2119
2126
2130
2116
2123
2129
2135
2148
2163
2172
2170
2161
2167
2145
2144
2123
2114
2104
2088
2060
2052
2033
2017
2019
2020
2021
2022
2031
2047
2056
2067
2084
2099
2109
2119
2119
2126
2122
2118
2114
2110
2095
2088
2093
2088
2096
2088
2104
2108
2120
2118
2112
2134
2143
2126
2134
2134
2136
2137
2127
2125
2123
2112
2105
2101
2096
2115
2118
2115
2132
2129
2135
2141
2124
2122
2125
2117
2088
2073
2064
2040
2023
2071
2059
2053
2041
2039
2049
2064
2061
2088
2097
2132
2152
2191
2220
2241
2243
2239
2194
2140
2090
2057
2017
1994
1970
1960
1976
2010
2043
2076
2116
2145
2164
2180
2213
2218
2243
2230
2196
2149
2133
2124
2119
2116
2110
2084
2044
2036
2030
2051
2076
2085
2074
2088
2085
2109
2103
2078
2041
2018
2006
2030
2059
2072
2054
2026
2008
2025
2069
2118
2127
2132
2121
2130
2103
2104
2086
2037
2052
2066
2099
2111
2079
2042
2017
2008
2009
2022
2033
2055
2074
2115
2159
2193
2186
2158
2160
2158
2161
2189
2224
2244
2261
2264
2275
2238
2197
2152
2112
2079
2071
2076
2078
2096
2097
2082
2028
1987
1963
1964
1995
2038
2075
2102
2123
2119
2111
2091
2075
2160
2152
2118
2075
2053
2030
2017
2024
2049
2091
2114
2126
2148
2168
2167
2151
2127
2082
2055
2007
1979
1965
1980
2020
2070
2127
2182
2219
2230
2193
2138
2061
1999
1935
1914
1937
2000
2068
2127
2196
2220
2221
2197
2157
2093
2047
1994
1977
1981
2032
2101
2154
2215
2246
2224
2199
2133
2061
1998
1962
1940
1958
2007
2061
2144
2186
2211
2205
2197
2167
2136
2113
2097
2102
2112
2125
2118
2105
2082
2049
2030
2019
2040
2080
2112
2125
2158
2165
2168
2146
2111
2096
2056
2036
2029
2030
2046
2066
2109
2152
2177
2170
2182
2171
2138
2118
2094
2066
2044
2029
2024
2043
2073
2107
2124
2153
2157
2144
2116
2090
2057
2038
2031
2029
2042
2067
2106
2152
2232
2174
2122
2058
1976
1935
1969
2060
2116
2096
2059
2050
2048
2076
2068
2092
2138
2140
2103
2030
1984
2028
2087
2092
2056
2039
2080
2088
2064
2091
2160
2180
2092
2017
2030
2116
2142
2130
2149
2175
2154
2094
2101
2144
2143
2101
2033
2007
2013
2022
2053
2072
2046
2034
2027
2046
2081
2121
2162
2133
2066
2020
2033
2040
2036
2029
2058
2088
2099
2110
2151
2179
2213
2191
2144
2094
2081
2094
2109
2071
2052
2088
2135
2126
2097
2153
2246
2267
2176
2079
2049
2015
1945
1924
1975
2065
2080
2046
2062
2134
2141
2058
2012
2049
2072
2072
2076
2118
2191
2220
2201
2180
2172
2152
2084
2030
2028
2056
2032
1952
1941
2031
2141
2197
2217
2268
2290
2216
2128
2113
2094
2073
2070
2048
2043
2064
2081
2102
2128
2174
2192
2192
2127
2054
1990
1958
1955
2024
2107
2204
2252
2248
2166
2050
1935
1874
1887
1993
2122
2233
2303
2294
2226
2089
1961
1865
1862
1940
2058
2180
2261
2301
2246
2148
2041
1972
1952
1968
2037
2136
2196
2237
2203
2150
2077
2009
1975
1941
1973
1997
2047
2111
2152
2190
2216
2211
2198
2167
2130
2088
2056
2025
2029
2032
2056
2078
2094
2114
2116
2082
2070
2055
2070
2081
2119
2172
2177
2166
2149
2104
2069
2056
2090
2139
2182
2183
2176
2098
2023
1964
1916
1923
1977
2095
2233
2338
2361
2309
2218
2052
1901
1827
1836
1925
2044
2198
2302
2337
2313
2214
2112
2030
1999
1990
2042
2085
1896
1902
1932
2003
2118
2226
2278
2279
2241
2178
2092
2014
1994
2007
2036
2062
2088
2117
2087
2065
2060
2099
2124
2119
2100
2104
2132
2158
2164
2143
2103
2036
1959
1930
1958
2006
2072
2133
2160
2188
2218
2218
2206
2140
2068
1970
1926
1923
1972
2017
2051
2080
2096
2082
2068
2058
2077
2081
2080
2064
2068
2128
2206
2224
2200
2114
2089
2048
2014
1966
1985
2026
2084
2134
2201
2236
2229
2184
2130
2087
2049
2012
1952
1902
1931
2036
2151
2184
2216
2249
2295
2259
2159
2073
2016
2022
2047
2022
2032
2115
2238
2278
2230
2147
2071
1998
1927
1902
1917
1966
2054
2151
2257
2349
2391
2334
2206
2055
1954
1866
1818
1831
1942
2050
2165
2232
2277
2294
2128
2170
2174
2163
2147
2134
2113
2107
2110
2105
2098
2100
2101
2069
2030
1987
1979
2041
2169
2288
2379
2379
2292
2171
2035
1932
1896
1952
2088
2238
2342
2372
2333
2230
2119
1994
1894
1827
1850
1918
2058
2212
2309
2326
2254
2127
1963
1795
1688
1684
1800
1975
2124
2176
2157
2117
2125
2217
2302
2307
2233
2128
2025
1952
1945
2009
2105
2221
2274
2262
2177
2105
2052
2044
2020
1967
1944
1959
2026
2095
2132
2144
2141
2126
2091
2054
2046
2140
2279
2405
2418
2304
2171
2035
1978
2003
2080
2090
2039
1959
1832
1761
1783
1871
1998
2084
2121
2117
2107
2110
2096
2083
2082
2131
2209
2294
2360
2378
2328
2177
2014
1920
1949
2092
2223
2232
2142
1984
2157
2185
2184
2158
2109
2044
2041
2083
2175
2220
2244
2192
2128
2085
2091
2092
2107
2103
2103
2107
2147
2204
2268
2293
2287
2240
2151
2040
1944
1897
1944
2067
2230
2359
2427
2368
2223
2040
1887
1760
1744
1796
1924
2073
2235
2346
2391
2365
2256
2087
1939
1842
1816
1871
2009
2163
2265
2269
2176
2010
1829
1711
1709
1849
2062
2279
2433
2474
2384
2203
2012
1848
1772
1802
1901
2040
2180
2268
2274
2239
2144
2049
1984
1993
2046
2118
2178
2188
2160
2112
2064
2032
2066
2128
2212
2291
2325
2314
2240
2137
2056
2013
2017
2055
2102
2147
2163
2142
2112
2047
2013
1999
2015
2056
2103
2130
2131
2094
2012
1942
1922
1951
2049
2166
2270
2325
2291
2174
1856
1831
1722
1790
2124
2521
2775
2817
2662
2336
1934
1646
1634
1737
1747
1732
1904
2248
2472
2382
2209
2236
2368
2366
2166
1936
1871
1911
1950
1976
2006
2060
2099
2141
2146
2028
1900
1909
2034
2094
2044
2065
2308
2551
2479
2164
1888
1780
1706
1666
1770
1991
2116
2134
2182
2266
2250
2187
2262
2491
2486
2148
1746
1610
1660
1714
1818
2074
2347
2388
2246
2177
2231
2228
2151
2115
2058
1842
1545
1473
1699
1989
2168
2284
2389
2427
2335
2205
2152
2107
1972
1810
1736
1698
1743
1876
2092
2308
2381
2291
2182
2111
2118
2168
2222
2190
2069
1878
1761
1805
1953
2178
2451
2690
2720
2437
2060
1878
1987
2145
2301
2517
2710
2634
2208
1837
1803
1871
1863
1940
2063
2188
2259
2221
2114
1968
1864
1847
1919
2079
2274
2452
2524
2481
2354
2148
1913
1750
1662
1666
1745
1895
2052
2162
2222
2234
2226
2200
2183
2163
2145
2080
2002
1966
1965
2022
2112
2213
2333
2402
2410
2330
2194
2007
1858
1788
1835
1976
2152
2294
2376
2342
2249
2070
1910
1778
1757
1822
1984
2182
2354
2448
2409
2254
2047
1820
1666
1650
1772
2019
2318
2558
2679
2598
2354
2006
1666
1433
1402
1554
1861
2254
2601
2822
2832
2632
2277
1866
1538
1382
1461
1716
2087
2460
2736
2857
2773
2515
2141
1770
1496
1399
1506
1778
2101
2389
2558
2580
2472
2292
2109
1979
1948
2003
2089
2199
2271
2294
2237
2128
2012
1932
1913
1961
2093
2216
2376
2377
2282
2052
1819
1758
1838
2017
2255
2539
2804
2963
2928
2754
2505
2236
1918
1577
1327
1299
1426
1608
1811
2079
2400
2609
2586
2416
2303
2320
2356
2277
2071
1907
1902
1955
1912
1787
1721
1759
1867
1912
1923
2014
2202
2353
2410
2383
2376
2405
2358
2222
2036
1935
1922
1930
1981
2093
2245
2301
2185
1976
1826
1846
1972
2045
2006
1952
1993
2186
2469
2670
2728
2591
2335
2075
1900
1794
1693
1562
1527
1678
2020
2432
2754
2890
2829
2571
2231
1888
1640
1481
1341
1155
1020
1072
1292
1640
2052
2514
2994
3324
3343
3044
2508
1904
1366
982
890
1161
1716
2251
2559
2600
2526
2486
2517
2528
2463
2234
1908
1540
1228
1135
1359
1832
2399
2845
189
509
1104
1921
2809
3634
4095
4095
4095
3796
2926
1888
862
17
3
2
0
300
1257
2360
3447
4095
4095
4095
4095
4023
3154
2116
1118
248
3
2
2
73
885
1873
2840
3640
4095
4095
4095
3728
3145
2492
1844
1270
792
474
370
471
794
1251
1728
2169
2562
2876
3123
3240
3222
3014
2687
2231
1723
1228
785
490
415
590
1007
1608
2277
2882
3351
3644
3708
3565
3194
2684
2128
1594
1206
1040
1090
1337
1730
2198
2678
3074
3299
3331
3102
2670
2094
1458
908
532
378
465
791
1296
1932
2632
3288
3794
4054
4011
3623
3025
2288
1564
981
612
474
533
720
1005
1313
1693
2156
2697
3261
3747
4026
4014
3702
3160
2479
1780
2556
2388
2197
1933
1666
1391
1183
1080
1151
1362
1695
2132
2676
3233
3731
4095
4095
4095
3856
3364
2728
2049
1398
800
312
2
0
1
66
384
843
1404
2041
2675
3212
3595
3732
3641
3329
2838
2300
1812
1500
1418
1601
1976
2432
2856
3143
3245
3172
2939
2607
2195
1774
1346
916
506
118
1
2
0
1
471
1283
2247
3213
4095
4095
4095
4095
4095
4095
3596
2830
2119
1556
1172
1024
1047
1234
1472
1716
1922
2102
2247
2348
2419
2406
2300
2046
1680
1232
807
476
368
538
990
1636
2374
3077
3644
4000
4095
4095
3999
3822
3591
3352
3070
2746
2351
1918
1501
1136
873
699
658
706
839
1027
1263
1535
1819
2107
2395
2658
2913
