2112
2112
2108
2114
2121
2121
2113
2112
2118
2121
2115
2120
2126
2129
2128
2121
2119
2122
2122
2122
2121
2120
2120
2126
2121
2123
2130
2129
2127
2120
2117
2120
2120
2123
2112
2108
2102
2110
2116
2111
2114
2109
2115
2109
2114
2108
2105
2109
2103
2107
2100
2094
2098
2094
2098
2104
2098
2098
2096
2096
2094
2089
2092
2095
2098
2109
2094
2100
2093
2095
2106
2099
2096
2088
2097
2092
2101
2093
2091
2099
2095
2098
2085
2092
2095
2099
2100
2097
2091
2100
2092
2099
2097
2099
2105
2107
2096
2098
2104
2096
2100
2089
2101
2099
2109
2110
2112
2104
2108
2099
2104
2106
2111
2100
2104
2104
2099
2101
2099
2098
2097
2096
2107
2107
2110
2107
2103
2094
2103
2098
2078
2084
2103
2094
2096
2076
2087
2092
2092
2082
2086
2085
2103
2087
2089
2088
2090
2082
2090
2088
2088
2075
2087
2088
2098
2089
2091
2097
2101
2099
2096
2108
2108
2114
2114
2107
2110
2109
2108
2120
2117
2118
2106
2120
2123
2120
2111
2117
2116
2121
2124
2120
2111
2106
2112
2105
2099
2100
2110
2097
2098
2102
2104
2104
2104
2092
2093
2093
2098
2095
2094
2087
2091
2095
2084
2085
2075
2082
2087
2070
2070
2075
2071
2064
2070
2068
2074
2062
2066
2072
2066
2056
2058
2057
2058
2057
2047
2056
2061
2059
2064
2061
2064
2067
2064
2057
2062
2054
2057
2070
2066
2060
2063
2060
2078
2070
2082
2075
2080
2080
2088
2087
2101
2093
2101
2083
2091
2090
2082
2081
2080
2071
2077
2090
2112
2105
2115
2109
2106
2085
2083
2077
2070
2049
2059
2046
2053
2048
2066
2079
2093
2101
2120
2132
2142
2152
2151
2147
2121
2114
2076
2053
2031
1990
1977
1963
1930
1932
1948
1992
2022
2050
2090
2140
2192
2233
2264
2268
2278
2264
2253
2214
2180
2144
2071
1994
1950
1905
1901
1899
1914
1943
1991
2012
2091
2147
2234
2268
2314
2326
2328
2310
2266
2212
2149
2074
1997
1933
1884
1834
1835
1834
1840
1875
1907
1956
2000
2049
2090
2143
2162
2178
2202
2200
2186
2181
2145
2129
2121
2090
2083
2094
2110
2092
2107
2097
2105
2122
2117
2124
2116
2113
2106
2102
2102
2081
2082
2059
2070
2057
2044
2065
2046
2044
2098
2054
1995
1959
1958
1986
2017
2027
2022
2042
2076
2131
2163
2214
2228
2235
2245
2207
2144
2070
2034
2005
2023
2043
2063
2088
2131
2146
2171
2173
2133
2104
2075
2067
2039
1988
1928
1913
1934
1981
1995
2043
2104
2170
2221
2244
2238
2225
2225
2239
2238
2214
2153
2088
2023
1951
1914
1913
1917
1944
2016
2107
2163
2188
2158
2123
2082
2046
2045
2047
2071
2085
2096
2097
2117
2139
2117
2096
2068
2066
2095
2113
2110
2130
2160
2195
2232
2224
2229
2183
2150
2116
2093
2084
2110
2130
2144
2162
2122
2094
2084
2084
2082
2045
2056
2108
2172
2204
2176
2114
2050
2032
2007
1978
1993
2032
2102
2177
2178
2134
2091
2026
1981
1952
1945
1975
2055
2127
2034
2029
2049
2098
2132
2182
2202
2187
2149
2083
2014
1959
1951
1950
2000
2060
2112
2154
2195
2211
2205
2196
2137
2094
2036
1975
1955
1969
2018
2102
2158
2228
2243
2219
2155
2072
1982
1939
1914
1936
2018
2102
2180
2227
2238
2192
2126
2039
1965
1916
1925
1993
2088
2183
2256
2270
2215
2115
1973
1886
1849
1877
1983
2135
2262
2315
2278
2168
2057
1956
1897
1927
2019
2135
2238
2277
2239
2152
2064
2003
1993
2030
2133
2196
2248
2199
2134
2075
2023
2037
2095
2168
2220
2219
2159
2055
1983
1945
1973
2048
2152
2226
2257
2226
2168
2108
2064
2058
2094
2152
2209
2227
2222
2172
2121
2079
2048
2036
2043
2075
2086
2114
2106
2080
2065
2054
2050
2068
2094
2134
2156
2214
2261
2268
2216
2185
2182
2128
2027
1978
2053
2117
2098
2106
2114
2108
2072
2080
2091
2096
2099
2130
2168
2177
2171
2130
2067
2011
1978
1986
2024
2085
2125
2176
2245
2284
2324
2353
2332
2205
2035
1960
1971
2022
2065
2145
2253
2323
2288
2251
2177
2067
1927
1870
1893
1934
1968
1978
2060
2158
2230
2264
2218
2132
2022
1957
1942
1969
1994
2018
2032
2041
2028
2005
1985
1978
1976
2030
2035
2002
1996
2045
2085
2052
1976
1943
1925
1955
2035
2110
2125
2120
2161
2225
2189
2073
2022
2009
2018
2032
2092
2142
2131
2110
2141
2134
2113
2124
2195
2246
2218
2198
2179
2138
2102
2098
2082
2028
2008
2040
2109
2143
2161
2188
2226
2241
2284
2228
2065
1909
1800
1828
1985
2190
2360
2410
2324
2120
1912
1769
1777
1896
2124
2322
2416
2368
2200
1966
1782
1725
1795
1952
2152
2306
2371
2305
2152
2021
1937
1933
2010
2105
2201
2226
2172
2067
1970
1907
1914
1996
2091
2168
2189
2170
2091
2016
1990
2023
2104
2224
2322
2349
2274
2167
2033
1914
1865
1922
2035
2164
2279
2310
2291
2190
2086
2009
1993
2063
2143
2240
2298
2287
2216
2100
1994
1934
1925
1974
2073
2185
2250
2251
2211
2124
2036
1980
1958
1988
2047
2089
2108
2110
2090
2065
2062
2077
2139
2173
2223
2233
2211
2120
2024
1956
1928
1944
1979
2064
2131
2144
2111
2059
2008
1990
1988
2050
2139
2223
2272
2278
2223
2151
2064
1997
1942
1921
2006
2163
2328
2429
2482
2433
2253
2028
1936
2046
2161
2171
2119
2099
2097
2052
2020
2011
1944
1789
1711
1840
2135
2388
2433
2236
2005
1860
1800
1775
1867
2006
2168
2263
2295
2322
2340
2273
2061
1893
1855
1922
1993
2064
2112
2216
2349
2449
2405
2206
2006
2009
2171
2330
2372
2296
2178
2098
2074
2074
2048
2066
2127
2190
2228
2202
2147
2106
2088
2075
2063
2023
1955
1926
1972
2068
2147
2167
2130
2068
1982
1940
1932
1942
1985
2029
2098
2163
2176
2155
2175
2203
2202
2150
2060
1987
1926
1899
1934
2002
2102
2184
2260
2258
2195
2104
2022
2002
2005
2032
2069
2119
2144
2125
2092
2072
2044
2038
2069
2086
2092
2085
2057
2048
2143
2259
1880
1817
1835
1932
2145
2383
2489
2402
2230
2120
2092
2062
2093
2189
2276
2291
2242
2235
2272
2296
2239
2149
2056
1994
2052
2152
2226
2194
2066
1938
1934
2040
2201
2274
2200
2017
1852
1818
1892
2026
2077
1996
1896
1870
1985
2185
2340
2385
2321
2141
2028
2002
1986
1907
1795
1836
2026
2242
2452
2540
2464
2187
1888
1803
1848
1844
1828
1891
2051
2199
2346
2525
2596
2395
2111
1994
1939
1813
1807
1973
2165
2227
2295
2413
2356
2028
1703
1718
1868
1878
1827
1941
2057
2013
1968
2066
2149
2096
2005
1998
2072
2120
2209
2351
2429
2434
2476
2501
2368
2139
2058
2054
2020
2002
2137
2246
2149
1960
1856
1826
1738
1691
1772
1861
1891
1897
1982
2088
2084
2368
2544
2548
2368
2082
1791
1606
1596
1805
2116
2446
2650
2621
2402
2059
1735
1562
1608
1842
2176
2498
2668
2614
2375
2032
1745
1610
1668
1875
2132
2340
2429
2370
2184
1997
1884
1873
1979
2116
2269
2333
2316
2179
2006
1851
1790
1831
1979
2179
2360
2426
2356
2186
1985
1842
1778
1812
1923
2073
2224
2306
2295
2257
2197
2131
2080
2015
1957
1906
1885
1940
2057
2206
2358
2406
2364
2231
2032
1860
1761
1805
1968
2166
2322
2338
2246
2082
1891
1784
1815
2006
2294
2564
2695
2644
2421
2058
1688
1460
1480
1717
2079
2425
2642
2673
2538
2284
1997
1752
1636
1650
1756
1890
2003
2022
1983
1957
1978
2041
2144
2256
2370
2433
2381
2257
2079
1912
1648
1621
1814
2174
2432
2519
2523
2492
2400
2122
1937
1916
1880
1753
1697
1889
2207
2368
2319
2152
1934
1591
1253
1111
1489
2360
3349
4000
4046
3545
2770
1884
1030
442
280
555
1131
1747
2230
2622
2966
3297
3576
3656
3405
2736
1847
1033
664
742
1084
1484
1877
2296
2719
2996
3007
2696
2186
1696
1343
1190
1346
1771
2267
2706
2973
2940
2574
2012
1607
1608
1884
2030
1858
1658
1812
2218
2435
2407
2466
2719
2826
2456
1817
1409
1492
1839
2145
2288
2287
2167
2030
1942
1858
1703
1495
1410
1620
2100
2600
2952
3121
3052
2652
2020
1463
1256
1328
1346
1346
1583
2166
2737
2882
2676
2678
3139
3601
3401
2424
1394
1003
1340
1790
1746
1228
900
3818
2713
1504
682
504
878
1591
2301
2800
3034
3072
2954
2712
2348
1862
1408
1103
1023
1207
1600
2116
2706
3144
3249
2853
2086
1264
765
806
1292
2006
2572
2742
2472
2000
1739
1915
2514
3179
3478
3244
2505
1465
484
1
228
1333
2887
4095
4095
4095
2767
1031
3
2
285
1848
3492
4095
4095
3415
1935
596
2
242
1291
2608
3571
3753
3117
2009
986
501
749
1622
2763
3678
3969
3476
2393
1193
350
218
884
2095
3366
4095
4095
3306
2141
1067
449
436
1003
1874
2738
3264
3256
2775
2098
1488
1182
1265
1626
2142
2548
2674
2482
2147
1846
1657
1652
1764
1943
2172
2385
2517
2488
2335
2175
2038
1999
2009
2053
2086
2102
2105
2098
2345
1308
368
3
1
2
100
1001
2027
2952
3646
4034
4016
3583
2946
2360
2002
1894
1946
2058
2156
2317
2448
2385
2032
1528
1133
1133
1554
2108
2497
2614
2579
2624
2839
3134
3338
3406
3384
3412
3445
3286
2716
1778
651
0
1
3
1
2
3
528
1718
2911
3908
4095
4095
3952
3109
2101
1265
725
469
445
533
763
1157
1636
2089
2383
2438
2526
2677
2921
3121
3070
2752
2334
1990
1864
1950
2064
2148
2162
2224
2412
2736
3028
3218
3217
3128
2976
2759
2406
1924
1341
895
721
822
1061
1318
1531
1693
1922
2276
2645
2886
2864
2561
2107
1643
1188
697
282
62
266
865
1809
2728
3388
3707
3682
3468
3188
2830
2402
1988
1720
3092
3421
3571
3527
3358
3113
2798
2467
2124
1754
1375
1030
759
599
588
733
1014
1414
1871
2366
2866
3304
3669
3867
3882
3716
3390
2970
2531
2155
1836
1590
1368
1196
1078
992
990
1047
1166
1347
1570
1807
2074
2328
2579
2837
3039
3241
3403
3484
3460
3318
3044
2606
2002
1292
561
1
2
0
3
0
462
1422
2463
3487
4095
4095
4095
4095
4095
4095
4064
3040
1807
549
1
1
2
2
1
1
16
1280
2848
4095
4095
4095
4095
4095
4095
4095
3940
2617
1234
3
3
1
1
1
4
2
134
1579
3236
4095
4095
4095
4095
4095
4095
4095
3659
1994
359
4
1
1
5
2
3
1
84
1504
3135
4095
4095
4095
4095
4095
4095
4095
4095
4095
4095
4095
4095
4095
4095
3344
2207
1083
72
4
1
3
1
1
2
3
2
1
1
2
2
2
2
2
4
2
138
928
1788
2654
3491
4095
4095
4095
4095
4095
4095
4095
4095
4095
4095
4095
4095
4095
4095
4095
4095
4095
4095
4095
3547
2571
1532
471
1
1
3
2
2
3
2
1
2
1
1
0
0
1
2
1
1
38
1576
3320
4095
4095
4095
4095
4095
4095
4095
4095
4095
4095
4095
4095
4095
4095
4095
4095
4095
4095
3336
2023
768
1
0
1
1
1
3
2
1
1
4
3
1
2
3
1
0
0
1
0
89
1138
2255
3312
4095
4095
4095
4095
