2112
2134
2159
2167
2169
2171
2176
2174
2158
2184
2174
2165
2161
2201
2178
2156
2158
2158
2147
2137
2115
2120
2084
2107
2089
2083
2085
2087
2087
2078
2051
2066
2054
2077
2083
2100
2099
2097
2108
2131
2128
2147
2150
2147
2159
2145
2157
2160
2133
2154
2135
2131
2139
2123
2112
2135
2121
2104
2108
2105
2104
2086
2085
2085
2088
2100
2082
2072
2071
2080
2073
2069
2084
2087
2092
2064
2053
2053
2082
2064
2064
2057
2064
2050
2065
2078
2057
2053
2051
2056
2072
2061
2057
2064
2033
2057
2049
2045
2034
2058
2060
2070
2061
2082
2091
2088
2084
2113
2123
2104
2096
2097
2095
2111
2118
2110
2096
2093
2069
2085
2092
2088
2083
2085
2086
2078
2100
2082
2100
2087
2084
2065
2062
2087
2077
2088
2087
2077
2077
2102
2097
2121
2108
2095
2079
2073
2092
2078
2070
2074
2060
2074
2073
2084
2071
2075
2102
2062
2071
2081
2052
2078
2100
2095
2113
2107
2086
2079
2074
2100
2089
2083
2091
2105
2099
2119
2088
2096
2078
2108
2105
2103
2107
2103
2087
2100
2094
2108
2131
2110
2109
2092
2109
2080
2113
2090
2093
2082
2089
2100
2104
2110
2100
2092
2072
2071
2088
2068
2081
2082
2099
2100
2112
2126
2107
2137
2111
2111
2122
2117
2117
2132
2127
2075
2084
2098
2082
2086
2082
2079
2085
2088
2088
2095
2096
2081
2089
2077
2089
2092
2095
2083
2079
2105
2109
2096
2086
2083
2077
2098
2105
2090
2104
2096
2089
2104
2126
2113
2148
2137
2126
2139
2127
2112
2105
2086
2073
2067
2070
2079
2063
2064
2077
2081
2099
2098
2089
2076
2108
2105
2095
2095
2080
2052
2069
2096
2093
2081
2101
2119
2127
2124
2133
2139
2133
2135
2153
2140
2144
2138
2125
2110
2111
2118
2116
2104
2108
2121
2113
2106
2104
2086
2072
2091
2063
2074
2080
2082
2080
2071
2082
2092
2112
2102
2110
2101
2082
2088
2082
2081
2070
2079
2083
2094
2085
2104
2105
2104
2083
2087
2056
2054
2031
2045
2028
2017
2034
2024
2052
2056
2100
2102
2099
2106
2121
2141
2136
2140
2129
2147
2134
2136
2139
2123
2129
2138
2132
2125
2128
2094
2117
2105
2096
2076
2060
2064
2056
2060
2074
2067
2052
2041
2051
2060
2031
2024
2029
2040
2037
2057
2098
2123
2128
2127
2124
2119
2125
2116
2056
2044
2040
2006
1990
1994
2012
2036
2071
2059
2091
2085
2088
2103
2119
2122
2128
2119
2113
2118
2087
2075
2055
2023
2028
2053
2048
2078
2094
2124
2132
2135
2137
2160
2112
2055
2044
2028
2014
2021
1999
2035
2070
2074
2100
2131
2126
2119
2118
2110
2101
2069
2053
2028
2014
2026
2054
2102
2125
2146
2167
2200
2160
2141
2118
2116
2098
2072
2070
2041
2012
2001
2010
2064
2079
2078
2094
2099
2092
2103
2128
2128
2128
2110
2092
2090
2119
2127
2118
2102
2084
2079
2064
2092
2094
2103
2073
2062
2046
2047
2057
2083
2080
2073
2093
2095
2116
2136
2130
2131
2115
2103
2090
2076
2074
2074
2063
2087
2092
2056
2059
2072
2061
2056
2098
2098
2119
2089
2110
2148
2143
2121
2110
2072
2068
2046
2031
2009
2017
2011
2024
1996
2023
2046
2097
2150
2192
2207
2197
2166
2159
2118
2072
2046
2033
2012
2017
2038
2044
2050
2085
2117
2141
2134
2124
2124
2087
2070
2080
2069
2072
2096
2104
2125
2163
2178
2186
2175
2159
2145
2112
2070
2080
2035
2037
2030
2041
2055
2064
2096
2123
2163
2183
2183
2174
2129
2102
2098
2067
2057
2052
2037
2034
2071
2079
2100
2120
2129
2132
2130
2105
2081
2064
2051
2052
2072
2041
2052
2049
2072
2087
2080
2105
2115
2130
2126
2101
2107
2090
2084
2091
2082
2096
2097
2062
2077
2077
2098
2093
2125
2128
2129
1932
1999
2067
2118
2123
2108
2139
2132
2077
2009
2039
2089
2128
2147
2141
2172
2157
2130
2074
2082
2074
2074
2091
2122
2109
2126
2108
2108
2097
2101
2059
2031
2058
2048
2035
2056
2100
2090
2097
2085
2063
2029
2004
2029
2063
2081
2092
2119
2129
2089
2056
2005
2034
2051
2084
2082
2100
2116
2136
2121
2085
2076
2095
2092
2064
2034
2022
2055
2107
2124
2162
2155
2165
2179
2187
2162
2133
2123
2122
2097
2012
1962
1953
1967
1966
2001
2045
2115
2152
2120
2111
2095
2056
2011
1938
1957
1999
2063
2124
2161
2174
2172
2129
2116
2110
2121
2145
2137
2121
2087
2055
2024
2001
1983
2004
2104
2154
2216
2233
2218
2183
2125
2055
2006
1983
2001
2013
2018
2012
2003
2027
2058
2099
2130
2149
2174
2152
2129
2115
2083
2059
2040
2051
2059
2106
2137
2143
2114
2095
2086
2072
2069
2060
2058
2053
2072
2101
2128
2116
2109
2104
2081
2075
2083
2076
2076
2097
2091
2096
2104
2086
2070
2043
2060
2031
2053
2094
2118
2135
2162
2180
2169
2126
2090
2054
2039
2033
2010
2016
2072
2120
2130
2145
2157
2154
2080
2056
2003
1975
1955
1977
2010
2069
2108
2177
2194
2190
2155
2134
2068
2025
1977
2010
2069
2124
2189
2217
2224
2188
2145
2094
2026
1992
2001
2029
2071
2127
2184
2217
2227
2186
2121
2050
1996
1975
2016
2063
2115
2154
2187
2187
2158
2101
2056
2035
2005
2027
2051
2081
2119
2124
2122
2104
2072
2051
2016
2118
2182
2133
2075
1999
1969
1992
2047
2119
2164
2205
2201
2178
2160
2165
2143
2061
1974
1908
1940
2009
2034
2033
2079
2123
2127
2109
2118
2184
2220
2190
2095
2041
2059
2080
2117
2116
2107
2107
2160
2199
2182
2125
2101
2116
2104
2065
2040
2066
2082
2115
2140
2124
2083
2100
2109
2069
1973
1909
1927
1925
1948
1965
2041
2153
2272
2250
2199
2155
2144
2055
1935
1878
1876
1968
2077
2128
2196
2220
2214
2149
2128
2163
2159
2136
2113
2084
2115
2171
2190
2172
2136
2094
2080
2086
2112
2134
2121
2074
2000
1933
1872
1883
1995
2150
2237
2250
2240
2218
2186
2108
1995
1988
1989
1990
1966
2012
2111
2145
2158
2166
2173
2152
2088
2077
2099
2112
2085
2234
2235
2251
2216
2139
2085
2025
1926
1902
1930
1985
2061
2151
2207
2243
2233
2168
2097
2024
1957
1950
2016
2103
2169
2237
2275
2245
2162
2067
1980
1942
1953
1993
2067
2126
2172
2206
2190
2142
2129
2110
2148
2163
2163
2177
2156
2100
2068
2054
2058
2071
2088
2084
2092
2081
2058
2018
2015
2052
2080
2137
2187
2184
2168
2125
2069
2005
1990
1989
2052
2080
2145
2160
2186
2192
2151
2107
2058
2005
1968
1955
1986
2010
2083
2163
2220
2237
2219
2189
2101
2078
2048
2033
2051
2065
2064
2039
2026
2026
2063
2080
2116
2136
2099
2035
2009
2015
2041
2108
2165
2189
2176
2137
2103
2067
2048
2060
2065
2046
2029
2037
2089
2122
2174
2174
2150
2106
2067
2064
2110
2159
2093
1952
1866
1892
1970
2051
2119
2135
2210
2327
2320
2242
2069
1971
1964
1899
1890
1923
1974
2014
2080
2155
2183
2175
2109
2132
2128
2099
2035
1986
1955
1999
2066
2163
2257
2312
2278
2178
2025
1940
1951
2036
2101
2090
2021
2018
2147
2297
2316
2258
2090
1982
1968
1964
1984
1960
1915
1912
2016
2166
2272
2301
2242
2170
2109
2126
2097
2000
1874
1880
1969
2074
2141
2190
2224
2243
2192
2118
2091
2048
1976
1928
1930
1992
2063
2161
2216
2213
2230
2259
2241
2207
2129
2071
2028
1997
2005
1997
1993
1998
2035
2095
2123
2134
2185
2214
2169
2106
2084
2075
2045
2020
2000
2070
2096
2122
2129
2107
2058
2024
2032
2032
2014
2050
2113
2026
2043
2066
2105
2128
2130
2126
2119
2065
1989
1932
1915
1929
1990
2036
2098
2148
2163
2163
2160
2111
2044
2014
1971
1970
1984
2004
2055
2120
2209
2242
2231
2126
2031
1933
1885
1906
1970
2038
2131
2161
2228
2209
2187
2164
2124
2096
2072
2065
2078
2080
2068
2110
2168
2223
2263
2232
2096
2003
1927
1922
1988
2034
2117
2167
2249
2310
2335
2309
2268
2217
2181
2195
2184
2145
2108
2141
2216
2303
2358
2363
2319
2274
2213
2068
1924
1790
1697
1707
1768
1798
1846
1906
1979
1999
2014
1994
1993
1923
1839
1750
1726
1800
1920
2044
2121
2181
2232
2310
2371
2386
2370
2355
2326
2260
2135
2011
1921
1921
1968
1975
2052
2138
2192
2193
2088
1927
1856
2024
1840
1710
1696
1869
2180
2452
2564
2525
2332
2124
1971
1911
1931
1966
2003
2004
1999
2006
2066
2125
2168
2246
2300
2287
2232
2066
1861
1726
1697
1813
2006
2203
2344
2397
2335
2219
2105
2018
1975
1987
1958
1925
1882
1861
1917
2058
2209
2343
2358
2320
2186
2068
1967
1942
1981
2065
2150
2213
2226
2212
2189
2169
2153
2155
2137
2134
2063
2019
1990
2004
2038
2121
2224
2239
2265
2226
2165
2086
2033
2006
1991
2019
1995
2014
2064
2055
2090
2133
2170
2202
2220
2183
2134
2062
1990
1951
1942
1968
2057
2126
2183
2242
2250
2218
2175
2116
2039
1976
1924
1907
1972
2020
2092
2176
2213
2230
2187
2108
2014
1901
1858
1801
1848
1957
2091
2219
2337
1869
1738
1693
1781
1982
2214
2461
2603
2595
2423
2187
1973
1849
1816
1880
2049
2183
2221
2126
1815
1501
1289
1264
1481
1830
2224
2630
2903
3006
2875
2560
2192
1915
1769
1756
1782
1861
1975
2098
2119
1980
1806
1816
1936
2126
2242
2296
2312
2252
2131
1948
1834
1820
1984
2190
2296
2288
2163
2019
1910
1796
1797
1935
2252
2612
2794
2689
2327
1955
1808
1837
1886
1876
1918
2043
2190
2188
2068
1929
2039
2441
2831
3038
2987
2696
2383
2127
1909
1812
1882
2160
2466
2579
2364
1992
1754
1789
2046
2271
2293
2182
2080
2004
1902
1710
1609
1760
2139
2462
2409
2001
1503
1307
1385
1559
1628
1648
1733
1870
1977
1888
1852
2041
2465
2852
2975
2760
2409
1626
1824
2103
2355
2494
2525
2389
2139
1842
1582
1440
1479
1638
1898
2166
2425
2554
2540
2381
2165
1960
1804
1752
1846
1991
2155
2322
2437
2463
2387
2265
2095
1986
1995
2064
2193
2355
2451
2510
2424
2260
2020
1824
1715
1701
1798
1949
2139
2321
2419
2384
2288
2119
1932
1775
1698
1689
1778
1930
2113
2268
2372
2393
2367
2252
2082
1827
1590
1453
1431
1551
1779
2116
2440
2723
2794
2691
2451
2080
1697
1433
1375
1513
1864
2257
2628
2866
2954
2814
2513
2159
1802
1568
1537
1660
1942
2285
2598
2776
2748
2484
2103
1716
1390
1255
1352
1649
2044
2403
2665
2735
2580
2210
1762
1367
1218
1358
1728
2277
2783
3069
3104
2844
2340
1769
1278
996
1037
2655
2218
1470
842
714
971
1216
1271
1363
1560
1762
1835
1804
1742
1680
1629
1605
1638
1738
1840
2068
2543
3169
3710
3938
4015
4095
4095
4095
3537
2669
1988
1466
848
74
0
1
42
567
969
1352
2110
3189
4039
4095
4051
3848
3759
3583
3003
2162
1549
1349
1376
1292
997
763
804
984
1099
1070
1074
1348
1947
2598
3221
3798
4095
4095
4095
4095
3508
2600
1532
399
2
1
1
1
220
1332
2564
3783
4095
4095
4095
4095
3589
2536
1614
854
241
2
88
717
1621
2428
2941
3104
3017
2821
2552
2221
1812
1431
1139
1021
1045
1151
1290
1521
1836
2148
2443
2655
2811
2985
3168
3342
3392
3299
3019
2704
2370
2010
1589
1176
804
