2074
2089
2068
2066
2064
2056
2054
2055
2055
2058
2060
2066
2066
2060
2068
2075
2082
2081
2097
2101
2105
2106
2110
2098
2118
2116
2120
2112
2121
2128
2117
2107
2110
2118
2111
2109
2106
2096
2099
2097
2098
2091
2089
2088
2081
2083
2093
2095
2083
2074
2090
2089
2087
2073
2083
2091
2088
2094
2093
2094
2095
2096
2090
2085
2084
2094
2079
2086
2085
2085
2090
2081
2090
2094
2100
2100
2100
2086
2097
2087
2098
2089
2099
2094
2095
2100
2103
2118
2108
2106
2112
2113
2110
2108
2118
2109
2104
2100
2109
2114
2119
2117
2096
2103
2102
2102
2099
2099
2096
2085
2079
2081
2088
2081
2104
2093
2093
2097
2080
2082
2087
2079
2079
2088
2078
2076
2093
2076
2125
2125
2127
2115
2127
2130
2132
2114
2112
2111
2107
2096
2090
2087
2092
2087
2078
2068
2072
2074
2061
2058
2063
2060
2066
2063
2061
2070
2058
2066
2056
2061
2072
2077
2083
2092
2082
2094
2114
2111
2118
2120
2121
2121
2127
2128
2132
2138
2130
2138
2144
2145
2142
2142
2152
2140
2142
2131
2120
2119
2103
2104
2102
2095
2085
2085
2087
2096
2085
2076
2064
2062
2054
2047
2045
2038
2055
2053
2055
2054
2056
2058
2045
2058
2064
2060
2066
2054
2070
2068
2067
2075
2076
2060
2074
2075
2072
2071
2082
2082
2082
2080
2083
2084
2082
2083
2084
2080
2084
2090
2068
2074
2072
2074
2080
2081
2080
2084
2092
2097
2098
2102
2099
2103
2100
2114
2111
2103
2010
2027
2042
2077
2082
2102
2130
2146
2160
2147
2134
2114
2087
2055
2045
2016
2011
2022
2033
2049
2071
2101
2119
2136
2162
2161
2160
2127
2111
2072
2057
2047
2038
2048
2064
2082
2093
2116
2148
2164
2167
2163
2148
2130
2104
2074
2064
2034
2023
2010
2021
2044
2057
2094
2126
2149
2159
2158
2150
2148
2118
2093
2069
2045
2033
2013
2019
2021
2040
2054
2072
2094
2096
2122
2121
2122
2120
2110
2103
2090
2084
2073
2075
2064
2080
2067
2078
2083
2091
2078
2092
2094
2081
2088
2092
2105
2124
2127
2129
2147
2147
2155
2161
2164
2144
2138
2109
2093
2094
2075
2050
2041
2048
2049
2056
2066
2080
2085
2099
2108
2104
2106
2104
2097
2091
2097
2094
2090
2080
2051
2036
2056
2060
2065
2085
2092
2081
2069
2074
2087
2104
2147
2172
2182
2173
2142
2080
2021
1957
1936
1952
1996
2074
2124
2165
2202
2209
2176
2126
2087
2072
2079
2072
2097
2090
2106
2102
2089
2059
2043
2061
2075
2090
2082
2088
2082
2110
2126
2139
2133
2132
2146
2149
2134
2097
2049
2037
2058
2064
2088
2103
2117
2116
2119
2147
2162
2168
2148
2099
2066
2033
2046
2056
2064
2046
2052
2081
2108
2131
2112
2106
2091
2089
2097
2091
2087
2089
2088
2096
2117
2093
2065
2036
2032
2023
2046
2082
2100
2132
2147
2130
2118
2105
2103
2095
2076
2080
2056
2064
2049
2060
2070
2078
2087
2110
2118
2124
2124
2105
2071
2066
2055
2052
2059
2071
2065
2114
2132
2118
2106
2066
2018
1959
1893
1896
1946
2031
2104
2141
2173
2180
2168
2148
2110
2065
2058
2080
2104
2116
2098
2081
2070
2065
2085
2106
2126
2137
2146
2145
2133
2093
2050
2042
2064
2104
2148
2180
2152
2137
2108
2081
2077
2098
2127
2144
2174
2181
2159
2105
2066
2046
2044
2075
2096
2105
2106
2122
2116
2126
2100
2091
2090
2098
2085
2077
2081
2060
2056
2053
2032
2026
2032
2033
2036
2034
2091
2147
2196
2191
2140
2072
2032
2026
2037
2077
2123
2160
2188
2147
2112
2075
2072
2098
2109
2082
2050
2024
2016
1986
1986
2010
2062
2137
2173
2151
2127
2106
2101
2087
2060
2044
2033
2041
2064
2115
2152
2172
2174
2141
2120
2108
2109
2135
2152
2126
2142
2120
2107
2092
2085
2088
2102
2124
2144
2139
2115
2084
2056
2030
2022
2032
2034
2054
2091
2120
2135
2153
2160
2151
2102
2066
2042
2020
2012
2035
2081
2104
2136
2167
2165
2171
2168
2163
2142
2103
2072
2034
2009
1992
2013
2048
2077
2116
2135
2148
2142
2125
2083
2069
2055
2059
2068
2062
2074
2100
2119
2124
2136
2124
2136
2141
2123
2109
2100
2084
2060
2048
2040
2049
2067
2079
2100
2109
2092
2092
2078
2072
2075
2084
2101
2105
2094
2101
2081
2074
2082
2097
2108
2128
2152
2136
2136
2096
2059
2045
2015
2020
2060
2092
2122
2176
2175
2170
2139
2102
2063
2046
2042
2058
2082
2127
2144
2144
2141
2108
2094
2068
2051
2052
2045
2064
2090
2102
2187
2202
2133
2076
2052
2043
2030
2005
1994
2047
2086
2111
2093
2111
2163
2165
2062
1960
1937
2015
2112
2127
2103
2085
2107
2131
2089
2100
2154
2237
2241
2166
2075
2078
2134
2181
2186
2163
2146
2137
2130
2118
2119
2165
2228
2219
2134
2037
1975
1968
1944
1926
1955
1998
2012
1989
1998
2084
2176
2216
2208
2174
2152
2118
2091
2074
2100
2128
2145
2168
2160
2159
2138
2145
2175
2207
2189
2152
2108
2077
2086
2072
2065
2080
2116
2136
2080
2003
1966
1945
1902
1848
1878
1965
2034
2086
2127
2195
2234
2191
2119
2099
2172
2221
2183
2108
2077
2080
2101
2087
2071
2057
2061
2020
1940
1888
1915
2059
2159
2174
2142
2127
2137
2136
2130
2129
2139
2072
2077
2094
2139
2172
2182
2165
2132
2053
2018
1990
2005
2032
2084
2136
2171
2176
2172
2150
2143
2132
2131
2148
2164
2164
2144
2089
2018
1975
1945
1957
1994
2048
2080
2110
2115
2083
2062
2030
2032
2070
2150
2225
2274
2291
2266
2183
2077
2008
1948
1952
1988
2052
2113
2179
2187
2161
2118
2074
2022
2021
2040
2088
2144
2185
2206
2194
2172
2116
2068
2039
2058
2085
2100
2119
2112
2088
2027
1979
1958
1956
1989
2056
2132
2188
2205
2200
2159
2102
2058
2060
2101
2144
2213
2238
2224
2182
2076
1991
1930
1897
1920
1966
2051
2125
2154
2144
2128
2090
2072
2052
2058
2088
2124
2136
2139
2136
2112
2095
2076
2085
2089
2085
2058
2040
2008
1997
2000
2087
2110
2129
2115
2078
2076
2052
2047
2043
2029
2040
2024
2050
2074
2074
2062
2089
2125
2109
2071
2074
2093
2121
2121
2133
2136
2120
2082
2034
2005
2014
2053
2052
2028
2029
2088
2167
2174
2134
2086
2005
1965
1939
1961
2004
2032
2104
2149
2210
2275
2326
2316
2228
2130
2052
2001
2023
2038
2040
2028
2090
2207
2279
2254
2168
2086
2030
2001
1986
1978
1970
1986
2084
2186
2244
2206
2150
2096
2095
2076
2056
1997
1971
2014
2074
2121
2132
2158
2193
2216
2224
2208
2144
2095
2056
2015
2006
2022
2061
2111
2164
2232
2225
2164
2060
1977
1949
1912
1896
1931
2006
2117
2196
2211
2201
2159
2089
2000
1920
1872
1888
1954
2026
2138
2272
2361
2344
2273
1916
1932
1972
2030
2103
2167
2196
2187
2144
2073
2029
2027
2059
2123
2155
2169
2178
2166
2159
2168
2162
2160
2143
2121
2158
2176
2202
2193
2140
2070
2006
1958
1919
1920
1961
2009
2083
2154
2202
2230
2248
2207
2169
2131
2081
2032
2015
2003
2019
2056
2106
2144
2167
2161
2124
2068
1998
1946
1890
1881
1934
1978
2075
2147
2189
2174
2125
2087
2048
2017
2008
2015
2041
2100
2152
2193
2240
2212
2181
2144
2093
2044
1986
1942
1943
1966
2016
2096
2171
2230
2270
2252
2209
2147
2057
1964
1912
1867
1865
1909
1993
2116
2246
2345
2421
2411
2338
2220
2103
1986
1913
1902
1949
2050
2156
2262
2328
2360
2338
2275
2193
2140
2053
1996
1970
1977
2000
2051
2193
2082
1973
1921
1906
1902
1907
1929
1962
2038
2182
2334
2400
2373
2287
2190
2128
2060
1977
1898
1816
1800
1909
2035
2148
2186
2152
2097
2052
2040
2043
2063
2066
2064
2070
2140
2200
2249
2228
2151
2087
2022
1952
1911
1919
2017
2144
2221
2215
2159
2073
2023
2059
2115
2166
2183
2152
2153
2144
2136
2098
2056
2003
1930
1912
1925
2003
2121
2239
2270
2228
2117
2016
1960
1954
2018
2105
2144
2120
2060
2023
2023
2073
2116
2118
2118
2130
2181
2227
2248
2216
2141
2061
2029
2027
2080
2168
2234
2241
2200
2140
2109
2106
2133
2132
2111
2051
2002
1974
1941
1942
1966
2003
2061
2143
2200
2202
2137
2057
1992
1927
1886
1947
2044
2174
2244
2263
2191
1931
1910
1911
1928
1956
1991
2032
2057
2124
2239
2377
2498
2533
2485
2332
2116
1903
1712
1583
1506
1509
1611
1797
2053
2286
2430
2472
2404
2307
2208
2146
2086
2069
2078
2100
2072
2014
1924
1818
1773
1789
1886
2035
2209
2352
2443
2417
2266
2027
1842
1795
1907
2116
2273
2387
2400
2370
2248
2086
1930
1840
1866
2037
2227
2310
2270
2106
1865
1676
1588
1644
1878
2177
2420
2576
2576
2420
2185
1933
1737
1728
1859
2113
2319
2377
2298
2143
1951
1769
1629
1624
1787
2097
2387
2523
2452
2302
2167
2102
2102
2114
2174
2233
2288
2257
2098
1844
1621
1568
1743
2013
2192
2232
2132
2040
1993
1998
1998
2047
2232
2487
2614
2470
2145
1888
1867
2002
2112
1761
1367
1200
1317
1691
2207
2729
3062
3128
2935
2503
1964
1467
1144
1058
1210
1550
1999
2427
2734
2876
2819
2590
2284
1970
1718
1602
1630
1788
2061
2374
2635
2793
2808
2671
2406
2104
1824
1596
1503
1564
1769
2072
2406
2725
2890
2863
2647
2277
1865
1484
1239
1190
1340
1641
2049
2451
2733
2836
2750
2501
2153
1798
1518
1356
1393
1606
1966
2327
2608
2698
2610
2386
2044
1713
1473
1355
1394
1580
1860
2159
2435
2594
2612
2506
2282
2018
1814
1691
1722
1818
1977
2126
2238
2305
2314
2295
2244
2196
2164
2140
2091
2010
1925
1863
1878
1924
2022
2150
2258
2332
2387
2371
2289
2186
2098
2055
2030
2029
1992
1960
1926
1948
2040
2196
2360
2468
2433
2118
2720
3187
3377
3414
3369
3175
2808
2375
2125
1991
1675
1029
325
3
166
597
892
1108
1595
2522
3527
4087
4080
3829
3706
3691
3487
2944
2250
1663
1225
792
244
3
2
1
440
1060
1713
2432
3178
3754
4058
4095
4095
4095
3832
3011
2004
1141
691
467
251
28
72
608
1378
1950
2132
2176
2460
3078
3631
3656
3132
2480
2173
2229
2291
2045
1623
1418
1688
2148
2322
2086
1705
1595
1849
2159
2191
1994
1917
2239
2767
3093
2901
2344
1852
1705
1820
1796
1423
927
788
1290
2224
3041
3436
3348
3048
2797
2574
2171
1504
814
485
701
1375
2144
2737
3091
3313
3469
3523
3329
2777
2016
1315
919
884
1124
1455
1788
2141
2527
2924
3
2
1
606
1977
3259
4095
4095
4095
4095
3774
2654
1469
439
2
2
37
832
2007
3238
4095
4095
4095
4095
4095
3083
1696
255
1
3
1
3
3
202
1671
3248
4095
4095
4095
4095
4095
4095
3623
2393
1293
423
4
2
1
243
857
1537
2144
2592
2792
2711
2439
2081
1772
1624
1737
2061
2590
3223
3792
4095
4095
4095
3922
3219
2318
1313
297
4
1
1
1
2
816
2205
3623
4095
4095
4095
4095
4095
4095
2972
1436
1
2
1
1
2
2
1
883
2222
3421
4095
4095
4095
4095
4095
4018
3327
2590
1935
1396
1032
853
821
895
1040
1167
1279
1310
1277
1199
1105
1071
1093
1260
1570
2043
2667
3381
4095
