2095
2100
2091
2093
2091
2096
2092
2090
2094
2097
2093
2097
2091
2090
2096
2096
2100
2098
2090
2090
2096
2097
2090
2092
2091
2095
2098
2097
2100
2103
2099
2099
2103
2095
2099
2097
2104
2101
2104
2101
2108
2101
2096
2109
2104
2100
2101
2101
2099
2101
2106
2102
2089
2102
2103
2104
2102
2104
2103
2102
2101
2098
2096
2098
2100
2098
2098
2095
2100
2099
2098
2103
2101
2098
2099
2097
2100
2097
2106
2098
2100
2097
2104
2107
2112
2105
2100
2099
2105
2097
2095
2100
2100
2103
2100
2098
2098
2101
2102
2101
2101
2103
2098
2098
2102
2098
2098
2099
2102
2097
2095
2098
2100
2093
2096
2097
2100
2100
2099
2101
2100
2096
2102
2099
2096
2098
2093
2098
2092
2090
2094
2093
2090
2089
2095
2093
2100
2091
2092
2097
2097
2098
2094
2094
2092
2098
2095
2089
2088
2092
2096
2092
2090
2093
2089
2088
2088
2088
2090
2092
2096
2095
2094
2096
2096
2094
2089
2093
2093
2089
2090
2093
2097
2097
2097
2095
2090
2094
2090
2094
2086
2094
2090
2094
2094
2097
2092
2093
2090
2091
2094
2091
2095
2093
2091
2090
2098
2094
2098
2100
2098
2096
2095
2092
2092
2091
2093
2095
2093
2096
2099
2095
2092
2097
2095
2093
2089
2094
2092
2094
2092
2090
2095
2095
2092
2092
2092
2092
2095
2096
2099
2097
2097
2094
2089
2091
2089
2090
2090
2090
2094
2097
2093
2090
2096
2095
2094
2094
2096
2096
2097
2091
2096
2096
2097
2096
2093
2092
2092
2097
2096
2089
2098
2092
2089
2086
2088
2087
2082
2087
2083
2081
2077
2069
2066
2071
2067
2069
2064
2066
2063
2062
2061
2060
2057
2050
2053
2048
2051
2048
2050
2054
2051
2056
2048
2050
2059
2063
2069
2067
2064
2067
2073
2085
2079
2080
2092
2091
2092
2097
2103
2106
2107
2115
2119
2122
2125
2123
2130
2137
2135
2136
2146
2149
2144
2152
2150
2157
2156
2162
2161
2157
2153
2155
2155
2155
2155
2146
2150
2147
2145
2144
2140
2137
2127
2126
2117
2121
2119
2112
2104
2100
2094
2091
2083
2083
2074
2068
2066
2067
2054
2062
2051
2046
2045
2041
2032
2032
2032
2032
2024
2020
2019
2019
2020
2018
2020
2020
2026
2025
2028
2025
2024
2036
2076
2057
2038
2036
2026
2028
2033
2041
2059
2077
2099
2118
2142
2158
2172
2189
2187
2183
2178
2167
2148
2132
2112
2097
2094
2082
2079
2081
2089
2106
2123
2146
2179
2199
2224
2234
2248
2243
2236
2215
2184
2144
2099
2059
2022
1978
1945
1912
1894
1891
1904
1918
1945
1984
2023
2077
2128
2165
2212
2242
2264
2283
2286
2275
2248
2218
2184
2147
2108
2075
2040
2014
1988
1971
1963
1961
1961
1972
1985
2007
2030
2061
2088
2118
2149
2174
2201
2215
2228
2233
2237
2232
2216
2206
2186
2162
2147
2122
2099
2070
2052
2028
2014
2000
1995
1998
2004
2024
2037
2060
2080
2089
2111
2124
2124
2117
2110
2104
2089
2075
2058
2041
2031
2022
2014
2010
2012
2020
1940
1964
1969
1958
1957
1990
2050
2144
2231
2321
2357
2342
2312
2280
2260
2251
2236
2193
2110
2019
1955
1944
1994
2061
2127
2149
2127
2092
2077
2096
2137
2181
2197
2179
2134
2097
2076
2099
2148
2202
2158
2072
1956
1892
1915
1994
2075
2091
2035
1954
1925
1948
2036
2110
2149
2142
2122
2141
2202
2277
2331
2337
2309
2256
2210
2198
2219
2257
2254
2204
2109
2025
2010
2056
2118
2133
2084
1988
1902
1864
1899
1976
2053
2136
2207
2279
2325
2310
2236
2128
2011
1920
1869
1884
1959
2068
2157
2176
2135
2070
2036
2059
2110
2150
2149
2117
2070
2058
2070
2102
2121
2119
2114
2103
2112
2131
2149
2135
2102
2069
2040
2048
2079
2142
2200
2251
2254
2222
2040
2016
2032
2084
2130
2108
2015
1912
1878
1952
2091
2229
2310
2342
2320
2248
2138
1994
1888
1877
1939
2046
2159
2240
2295
2280
2185
2052
1937
1916
1983
2086
2182
2212
2164
2079
1989
1958
2001
2083
2158
2190
2176
2156
2145
2132
2090
2001
1931
1966
2118
2270
2336
2272
2166
2066
2040
2064
2134
2212
2253
2218
2096
1994
1977
2022
2057
2059
2032
2048
2077
2099
2120
2131
2181
2238
2209
2115
2043
2052
2100
2146
2156
2166
2165
2118
2015
1909
1903
1963
1993
1983
1991
2077
2211
2261
2180
2036
1928
1867
1865
1949
2089
2203
2207
2152
2106
2110
2127
2113
2109
2167
2217
2175
2022
1856
1792
1783
1820
1908
2056
2222
2327
2333
2290
2216
2101
1960
2254
2089
1921
1859
1951
2110
2242
2300
2282
2196
2076
1984
1962
1968
1947
1939
2021
2176
2298
2324
2241
2052
1853
1786
1899
2138
2305
2316
2204
2089
2084
2166
2250
2272
2234
2152
2067
2029
2033
2055
2083
2145
2214
2237
2146
1985
1824
1799
1960
2180
2274
2158
1893
1696
1747
2043
2372
2531
2437
2204
2004
1969
2094
2272
2354
2273
2074
1865
1745
1759
1901
2102
2264
2299
2209
2040
1854
1731
1714
1808
1977
2160
2275
2298
2225
2084
1971
1980
2122
2300
2383
2283
2046
1816
1755
1925
2236
2473
2458
2228
1963
1835
1930
2148
2354
2434
2362
2194
1983
1818
1833
2046
2279
2300
2135
2016
2060
2128
2085
1938
1830
1946
2215
2358
2216
1970
1849
1940
1932
2022
2143
2264
2272
2151
1984
1909
1960
2083
2242
2340
2263
2056
1892
1896
2014
2140
2209
2180
2070
1953
1878
1904
2016
2132
2195
2187
2148
2155
2164
2148
2074
1945
1913
1989
2162
2321
2394
2349
2166
1954
1834
1896
2087
2259
2313
2296
2235
2152
2081
2071
2108
2089
2030
1981
1978
2009
2077
2160
2247
2249
2189
2073
1956
1881
1876
1931
2025
2200
2349
2339
2154
1904
1758
1789
1949
2174
2358
2417
2306
2131
2015
1958
1946
1944
1936
1956
2039
2172
2303
2354
2299
2152
1970
1879
1970
2228
2437
2439
2240
1930
1705
1724
1971
2289
2418
2308
2111
1944
1880
1909
2064
2216
2258
2192
2049
1932
1875
1896
2001
2132
2235
2257
2192
2136
2102
2034
2165
2024
2007
2134
2249
2206
2040
1984
2079
2139
2082
1993
1996
2016
1999
2035
2109
2184
2203
2205
2198
2174
2097
2041
2097
2181
2239
2262
2201
2142
2123
2107
2144
2202
2251
2166
1921
1673
1694
1988
2318
2441
2305
2036
1823
1838
1974
2066
2065
2051
2045
2068
2094
2070
1967
1878
1982
2193
2344
2321
2141
1918
1779
1813
2066
2372
2561
2528
2253
1872
1678
1811
2133
2371
2459
2315
2017
1748
1704
1877
2148
2408
2516
2379
2063
1759
1643
1801
2152
2400
2299
1930
1594
1563
1852
2310
2656
2680
2388
1972
1770
1891
2190
2382
2300
2099
1964
1974
2087
2159
2151
2118
2148
2194
2152
2040
1985
2034
2171
2253
2184
2013
1903
2014
2228
2379
2378
2214
2018
1905
1968
2089
2040
1969
1970
1938
1941
1990
2089
2289
2363
2122
1877
1849
1924
2098
2353
2422
2245
2087
2066
2143
2234
2306
2273
2089
1886
1906
2185
2494
2498
2124
1676
1563
1805
2219
2609
2644
2182
1572
1287
1503
2041
2504
2606
2386
2017
1649
1571
1934
2390
2559
2430
2094
1778
1724
1911
2111
2348
2552
2464
2124
1931
1998
2049
1942
1834
1860
2005
2102
2129
2182
2303
2337
2264
2171
2141
2161
2147
2063
2043
2165
2273
2170
2020
2057
2119
2062
2029
2166
2322
2366
2281
2072
1889
2022
2397
2555
2293
1937
1760
1875
2200
2516
2473
2052
1653
1568
1709
1870
2049
2282
2391
2240
1950
1745
1736
1918
2220
2451
2457
2257
2030
1935
2028
2166
1878
1901
2087
2272
2384
2268
2017
1729
1581
1832
2215
2372
2333
2098
1758
1705
1962
2202
2398
2469
2239
1922
1842
2042
2303
2452
2533
2427
2112
1885
1970
2042
1935
1948
2061
2013
1946
2083
2216
2120
1978
2056
2260
2302
2306
2258
2095
1925
1967
2090
2092
2089
2112
1927
1709
1799
2102
2389
2632
2699
2376
1862
1589
1639
1930
2318
2573
2478
2153
1901
1674
1600
1903
2395
2709
2664
2210
1737
1669
1842
2052
2343
2518
2353
1975
1584
1548
1996
2496
2689
2646
2400
1920
1490
1432
1874
2402
2615
2543
2234
1807
1652
1917
2168
2221
2138
1900
1606
1529
1762
2230
2670
2775
2532
2133
1812
1699
1848
2151
2353
2315
2140
2002
1918
1953
2112
2281
2367
2069
2371
2508
2384
2228
2023
1564
1244
1430
1760
2191
2938
3424
3052
2254
1637
1180
1056
1576
2354
2778
2867
2653
2065
1526
1516
1780
1876
2069
2439
2596
2462
2412
2448
2255
1981
2091
2457
2553
2343
2169
2048
1856
1836
2130
2264
1957
1736
1806
1768
1752
2256
2865
2882
2527
2335
2128
1777
1712
2080
2455
2602
2573
2325
2048
1937
1913
1934
2143
2288
2192
2177
2266
2041
1667
1696
2018
2140
2217
2477
2524
2069
1571
1426
1558
1893
2399
2785
2866
2656
2145
1504
1131
1260
1775
2438
2917
2843
2200
1604
1444
1538
1840
2351
2753
2608
1968
1301
955
988
1382
2114
2827
3064
2801
2376
1887
1599
1793
2283
2478
2258
2009
1813
1571
1540
1876
2269
841
1752
2438
2777
2756
2432
1906
1504
1576
2137
2806
3248
3331
3089
2515
1693
956
631
789
1171
1716
2346
2938
3272
3270
2988
2468
1756
1020
672
939
1601
2265
2904
3577
4009
3691
2501
1037
134
103
719
1692
2796
3693
4012
3591
2616
1462
517
171
572
1626
2852
3727
3887
3432
2546
1512
712
463
877
1837
2984
3802
3852
3088
1883
868
361
532
1284
2434
3607
4095
4095
3317
1885
637
23
71
710
1899
3379
4095
4095
3645
2134
817
134
220
968
2259
3670
4095
4095
3390
1767
156
2
1
3
1327
3386
4095
4095
4095
3277
1347
2
2
1
408
2341
4095
4095
4095
3745
1932
197
1
1
256
2025
3889
4095
4095
4090
0
29
675
1589
2605
3608
4095
4095
4095
4095
4095
3395
2391
1374
497
1
0
1
94
814
1742
2663
3400
3815
3854
3501
2892
2184
1554
1103
920
996
1331
1903
2632
3393
4038
4095
4095
3846
3017
1957
797
3
1
1
2
1
2
268
1524
2875
4095
4095
4095
4095
4095
4095
4095
3663
2484
1272
162
2
0
2
3
2
1
882
2061
3191
4095
4095
4095
4095
4095
3944
2978
1898
943
255
1
38
454
1089
1754
2329
2668
2755
2586
2297
1974
1734
1622
1707
1974
2407
2989
3677
4095
4095
4095
4095
3771
2482
866
2
2
3
2
2
1
663
2780
4095
4095
4095
4095
4095
4095
4095
2772
261
4
2
3
2
4095
4095
4095
4095
4095
4095
4095
4095
4095
4095
4095
2562
602
2
2
1
1
3
2
2
2
2
1
3
734
1879
2884
3711
4095
4095
4095
4095
4095
4095
4095
4095
4095
3704
3247
2826
2482
2257
2163
2164
2227
2296
2335
2298
2115
1793
1320
702
14
2
1
3
1
2
0
1
0
3
2
574
1784
2992
4095
4095
4095
4095
4095
4095
4095
4095
4095
4095
4095
4095
3450
2442
1413
385
2
2
2
2
3
3
3
2
2
234
1343
2443
3433
4095
4095
4095
4095
4095
4095
4095
3843
3136
2380
1622
881
197
1
2
3
3
3
2
3
452
1379
2407
3385
4095
4095
4095
4095
4095
4095
4095
4095
4051
