2143
2145
2148
2141
2127
2137
2092
2120
2138
2155
2153
2154
2146
2149
2159
2172
2114
2116
2173
2138
2113
2134
2147
2128
2120
2121
2119
2116
2100
2089
2100
2071
2098
2062
2097
2105
2076
2058
2097
2050
2101
2106
2105
2088
2099
2091
2065
2080
2089
2064
2052
2068
2056
2089
2057
2104
2070
2036
2058
2077
2091
2085
2079
2071
2052
2071
2063
2076
2082
2085
2096
2103
2070
2061
2042
2040
2044
2047
2082
2054
2093
2040
2022
2085
2069
2049
2061
2075
2071
2060
2046
2073
2056
2041
2063
2077
2075
2068
2087
2080
2084
2063
2062
2087
2067
2045
2062
2052
2064
2083
2067
2078
2096
2076
2075
2106
2091
2100
2095
2060
2081
2104
2088
2112
2122
2073
2084
2114
2190
2174
2137
2107
2120
2133
2157
2150
2141
2136
2105
2116
2149
2173
2144
2143
2152
2145
2186
2206
2181
2177
2147
2134
2163
2123
2188
2146
2128
2118
2125
2123
2102
2099
2112
2150
2117
2075
2079
2113
2062
2094
2073
2084
2110
2070
2059
2073
2028
2037
2006
2048
2052
2033
2054
2044
2025
2008
2022
2041
2030
2002
2034
2004
2021
2008
2006
2036
1997
1993
2045
1986
2008
2025
1997
1984
1982
2020
2027
2029
2032
2021
2011
2055
2041
2045
2030
2046
2038
2024
2064
2049
2066
2046
2068
2082
2056
2067
2109
2093
2067
2102
2091
2117
2096
2096
2085
2144
2140
2162
2128
2160
2136
2084
2153
2192
2144
2174
2149
2145
2178
2168
2203
2198
2213
2230
2183
2151
2082
2120
2127
2116
2104
2082
2117
2065
2091
2078
2085
2083
2040
2082
2106
2126
2195
2153
2177
2188
2214
2229
2249
2231
2200
2212
2155
2157
2088
2046
2002
1971
1936
1895
1891
1907
1878
1899
1920
1984
2001
2065
2183
2234
2237
2247
2303
2289
2303
2236
2230
2197
2180
2123
2088
2036
2039
2023
1990
2006
2007
2041
2066
2093
2096
2107
2160
2192
2216
2191
2196
2161
2164
2128
2087
2067
2052
2001
1971
1958
1925
1944
1933
1890
1901
1905
1946
1970
2043
2102
2146
2175
2210
2281
2288
2339
2384
2335
2308
2298
2263
2200
2160
2120
2057
2053
2018
1980
1995
1987
2024
2041
2018
2023
2079
2098
2112
2129
2167
2126
2162
2185
2191
2174
2143
2153
2132
2144
2278
2296
2340
2347
2276
2248
2194
2097
1998
1922
1830
1730
1717
1750
1820
1838
1949
2018
2104
2243
2338
2402
2400
2362
2357
2265
2156
2100
1960
1903
1834
1768
1821
1842
1876
1964
2032
2084
2191
2265
2235
2293
2294
2263
2320
2302
2255
2190
2147
2043
1975
2060
2008
2009
2012
2047
2093
2142
2136
2147
2121
2093
2087
2073
2115
2019
2060
1986
1970
1996
2032
2126
2106
2143
2175
2134
2121
2113
2104
2078
2075
2022
1979
2031
2059
1992
2021
1992
1996
2022
2046
2058
2095
2152
2145
2139
2137
2097
2127
2104
2087
2081
2055
2091
2066
2055
2049
2092
2098
2062
2071
2087
2096
2069
2078
2110
2130
2142
2116
2128
2159
2152
2119
2179
2164
2164
2148
2095
2082
2091
2040
2047
2000
2007
2006
2043
2115
2191
2240
2254
2240
2171
2123
1994
1937
1845
1829
1911
2035
2145
2319
2444
2519
2486
2448
2326
2192
2022
1948
1941
2010
2092
2159
2278
2262
2138
2092
1970
1910
1874
1889
1997
2096
2149
2182
2165
2064
1992
1895
1923
1888
1980
2026
2061
2132
2145
2136
2110
2039
2015
1978
1937
1933
2007
2120
2193
2270
2282
2280
2196
2148
2064
1977
1935
1966
2014
2091
2176
2312
2419
2391
2365
2239
2128
2072
2035
2023
2116
2178
2222
2281
2252
2204
2149
2029
1902
1818
1727
1731
1784
1891
1968
2089
2206
2272
2313
2309
2248
2167
2034
1895
1797
1799
1870
1974
2119
2266
2302
2297
2224
2153
2021
1981
1961
2043
2151
2151
2191
2184
2136
2122
2070
2045
1975
1923
1974
1943
1992
2010
2140
2226
2193
2111
2040
2056
2070
2055
2032
2066
2212
2241
2136
2064
2044
2132
2056
1948
1876
1972
2059
2068
2131
2278
2377
2316
2247
2141
2018
1917
1855
1791
1705
1796
1949
2118
2239
2280
2367
2392
2337
2186
2009
1894
1849
1795
1843
1892
2092
2259
2344
2311
2213
2139
2056
1984
2058
2137
2192
2160
2141
2074
2081
2101
2071
2107
2115
2008
1955
2000
2133
2158
2229
2255
2260
2208
2089
1980
1976
1976
1960
1995
2025
2236
2423
2438
2239
2089
2041
2037
2008
1990
2060
2160
2122
1995
2020
2051
2097
2141
2068
2038
2087
2128
2133
2036
1975
2024
2096
2089
1959
1858
1916
2003
2129
2258
2152
2053
2055
2042
2011
2016
2071
2118
2148
2211
2159
2144
2127
2142
2159
2106
2116
2152
2192
2169
2097
2035
2032
2108
2078
2076
1986
1970
2007
2016
2025
2028
2099
2177
2221
2188
2020
1864
1833
1919
2062
2221
2282
2256
2161
2120
2124
2134
2025
1891
1777
1815
1979
2172
2273
2254
2237
2240
2153
2101
2023
2031
1927
1962
2002
2163
2206
2297
2277
2300
2316
2309
2146
1963
1883
1922
2067
2176
2166
2203
2209
2251
2280
2258
2158
1989
1845
1825
1983
2226
2333
2287
2104
1919
1928
2010
1963
1900
1814
1868
1965
2183
2364
2374
2283
2128
2040
1924
1864
1790
1857
1976
2105
2236
2288
2160
2048
2007
2035
2085
2070
2067
2011
2023
2006
2043
2115
1953
1867
1848
1846
1994
2249
2339
2383
2377
2302
2176
2059
1958
1839
1914
1956
2028
2098
2105
2054
1972
1998
2026
2103
2152
2258
2305
2259
2159
2034
1944
1847
1852
1863
2002
2099
2229
2288
2327
2312
2189
1995
1894
1822
1899
1999
2088
2204
2250
2281
2200
2085
2004
1940
1958
1995
2097
2170
2226
2234
2146
2098
1983
1911
1906
1950
2067
2197
2304
2327
2277
2151
2055
1926
1951
2006
2167
2322
2400
2390
2295
2169
1975
1852
1878
1941
2092
2274
2318
2296
2130
1932
1779
1710
1742
1892
2099
2284
2412
2380
2182
1992
1809
1692
1723
1888
2176
2347
2515
2466
2314
2039
1808
1699
1664
1829
2072
2297
2376
2386
2257
2065
1883
1751
1807
1911
2114
2298
1933
1867
1733
1600
1593
1764
2104
2376
2587
2603
2520
2376
2215
2100
2037
1910
1782
1722
1770
1984
2220
2381
2274
1994
1698
1527
1535
1727
2025
2309
2451
2556
2630
2714
2740
2624
2272
1802
1461
1343
1577
1982
2316
2506
2516
2422
2375
2348
2359
2298
2067
1783
1635
1709
2027
2440
2689
2729
2558
2354
2225
2080
1944
1812
1736
1608
1508
1624
1850
2115
2275
2315
2327
2275
2172
2210
2306
2303
2163
1983
1919
1906
1885
1933
1996
2007
1918
1859
1884
2045
2196
2165
2056
1915
1918
1966
2054
2149
2214
2081
1870
1722
1792
1967
2072
2099
2081
2129
2176
2176
2214
2332
2475
2488
2282
1983
1918
1953
1904
1803
1855
2027
2175
2193
2222
2317
2373
2330
1727
1856
2047
2275
2456
2453
2366
2266
2140
2001
1955
1976
1975
1968
1958
1972
1977
2041
2037
2052
2041
2090
2040
2014
1983
1969
2015
2151
2296
2411
2407
2301
2107
1945
1820
1741
1754
1955
2131
2376
2490
2462
2290
2044
1768
1620
1603
1764
1965
2308
2537
2589
2443
2166
1904
1691
1603
1733
2036
2394
2720
2813
2692
2392
2062
1790
1664
1685
1889
2198
2453
2569
2500
2240
1988
1725
1595
1733
1969
2272
2523
2589
2500
2293
2020
1787
1710
1774
2003
2264
2500
2577
2436
2160
1881
1685
1665
1816
2068
2284
2409
2360
2246
2122
2024
2000
2122
2272
2394
2378
2272
2136
1980
1892
1941
2058
2172
2295
2349
2256
2049
1887
1780
1766
1912
2127
2417
2606
1995
2212
2544
2652
2537
2213
1836
1543
1455
1708
2121
2459
2581
2601
2522
2475
2323
2240
2239
2166
1981
1689
1514
1503
1564
1647
1855
2175
2482
2634
2558
2315
2019
1728
1547
1500
1708
1996
2188
2409
2708
2988
3087
2912
2586
2157
1638
1136
973
1107
1471
1824
2324
2773
3073
3054
2794
2389
1965
1516
1347
1456
1777
2120
2411
2530
2519
2488
2439
2298
2004
1758
1566
1467
1459
1615
1963
2256
2517
2761
2871
2773
2533
2274
1957
1491
1107
1067
1500
2084
2498
2693
2816
2744
2458
2180
1925
1854
1907
2093
2323
2543
2736
2832
2683
2328
1888
1626
1558
1575
1783
2038
2288
2391
2532
2768
2877
2765
2299
1800
1521
1457
1431
1535
1913
2323
2595
2625
1775
1939
2204
2504
2771
2950
2978
2745
2368
1832
1217
740
490
592
1037
1678
2420
3021
3397
3527
3407
3004
2481
1839
1234
841
775
886
1153
1588
2024
2501
2961
3283
3390
3194
2680
2032
1345
808
561
716
1196
1947
2708
3255
3546
3440
2995
2321
1569
1018
801
920
1303
1809
2406
2954
3335
3521
3436
3071
2543
1874
1265
873
848
1201
1721
2352
2892
3176
3177
2863
2249
1434
674
142
113
544
1428
2435
3463
4095
4095
4095
3711
2730
1659
680
45
2
13
467
1201
2027
2571
2881
2874
2714
2473
2381
2380
2504
2664
2805
2914
2867
2490
1804
974
170
0
2
608
1724
2957
3994
4095
4095
3837
3024
2176
1518
1169
1120
1357
1871
1418
940
483
165
92
277
763
1424
2126
2872
3428
3890
4095
4095
3850
3350
2694
1964
1321
819
592
703
1104
1678
2364
3006
3474
3652
3552
3086
2402
1541
643
1
1
3
0
3
744
1923
3188
4095
4095
4095
4095
4095
4095
4095
3460
2202
1001
28
1
0
1
13
673
1545
2410
3136
3663
3952
3914
3630
3050
2256
1320
376
0
1
0
0
1
729
1782
2870
3809
4095
4095
4095
4095
4095
4095
4095
3772
2987
2166
1461
914
526
371
411
585
880
1239
1549
1723
1766
1668
1480
1233
1094
1050
1217
1518
1990
2526
3099
3592
3975
4095
4095
4095
4095
3952
3574
3151
2661
2217
1801
1477
1216
935
645
291
1
1
0
3333
4095
4095
4095
4095
4095
4095
4095
4095
4095
4095
4002
1329
1
0
0
0
0
0
1
1
0
1
1018
3350
4095
4095
4095
4095
4095
4095
4095
4095
4095
4095
2192
1
1
0
0
0
1
3
0
0
0
321
1981
3575
4095
4095
4095
4095
4095
4095
4095
4095
4095
4095
3657
2048
415
1
0
0
1
0
0
0
0
0
922
2505
4013
4095
4095
4095
4095
4095
4095
4095
4095
4095
3878
2291
539
2
1
1
2
0
1
1
1
2
1
0
500
2201
3843
4095
4095
4095
4095
4095
4095
4095
4095
4095
4095
4095
3884
2453
966
1
1
1
1
0
0
0
0
1
1
2
2
219
1607
4095
4095
4095
4095
4095
4095
3655
2332
993
0
0
0
1
0
0
0
1
1
1
0
0
0
1
1
0
0
2
0
0
0
0
0
1
2
450
1745
3002
4095
4095
4095
4095
4095
4095
4095
4095
4095
4095
4095
4095
4095
4095
4095
4095
4095
4095
4095
4095
4095
4095
4095
4095
4095
3005
1615
241
3
0
1
0
1
0
0
0
0
1
0
0
2
0
0
2
0
0
0
1
1
1
0
477
1798
3083
4095
4095
4095
4095
4095
4095
4095
4095
4095
4095
4095
4095
4095
4095
4095
4095
4095
4095
4095
4095
4095
4095
4095
4095
4095
4095
3801
2635
1413
201
0
0
0
0
1
0
1
