2104
2091
2090
2102
2094
2090
2073
2101
2098
2122
2110
2094
2079
2089
2088
2095
2073
2064
2088
2094
2082
2102
2097
2094
2069
2080
2066
2083
2119
2118
2098
2089
2088
2097
2100
2089
2091
2090
2104
2107
2132
2110
2082
2108
2100
2105
2116
2118
2094
2065
2087
2103
2115
2094
2069
2092
2089
2124
2095
2079
2097
2110
2115
2104
2101
2088
2058
2064
2086
2112
2092
2099
2100
2102
2074
2093
2101
2071
2080
2071
2106
2099
2107
2100
2088
2092
2103
2081
2078
2102
2125
2106
2131
2109
2119
2074
2093
2094
2105
2097
2089
2087
2097
2105
2094
2067
2073
2084
2076
2082
2104
2090
2088
2096
2113
2070
2065
2051
2062
2077
2103
2094
2097
2083
2082
2098
2134
2115
2112
2119
2090
2100
2100
2100
2091
2060
2090
2079
2104
2089
2103
2084
2074
2080
2098
2105
2096
2089
2069
2078
2100
2079
2102
2098
2103
2093
2109
2093
2074
2116
2105
2085
2085
2103
2091
2090
2100
2085
2085
2085
2073
2084
2103
2121
2090
2090
2114
2126
2103
2117
2084
2092
2084
2089
2111
2101
2104
2072
2095
2120
2106
2098
2089
2090
2074
2063
2088
2095
2068
2077
2084
2088
2121
2112
2118
2079
2105
2092
2075
2059
2083
2068
2087
2080
2069
2105
2077
2088
2105
2084
2081
2084
2065
2058
2070
2104
2084
2101
2089
2101
2091
2091
2072
2074
2098
2084
2061
2111
2097
2085
2095
2101
2096
2123
2075
2067
2059
2090
2085
2093
2097
2120
2130
2105
2101
2110
2091
2044
2039
2037
2042
2025
2021
2019
2034
2042
1995
1994
1998
2020
2037
2018
2005
2035
2039
2028
2023
2018
2043
2041
2051
2080
2048
2048
2052
2055
2044
2048
2052
2097
2080
2096
2065
2048
2075
2097
2119
2103
2109
2120
2119
2106
2107
2105
2112
2114
2113
2130
2132
2102
2139
2160
2168
2120
2131
2137
2160
2128
2100
2124
2137
2133
2154
2124
2152
2127
2149
2154
2152
2124
2128
2102
2127
2157
2135
2132
2147
2149
2138
2142
2108
2153
2154
2171
2150
2126
2127
2136
2124
2138
2127
2121
2173
2134
2133
2129
2085
2109
2114
2113
2095
2112
2114
2073
2067
2060
2063
2048
2044
2074
2057
2030
2025
2044
2057
2041
2059
2075
2039
2067
2079
2096
2088
2120
2147
2184
2185
2181
2158
2177
2150
2196
2207
2220
2198
2173
2195
2201
2173
2144
2113
2104
2098
2070
2051
2006
1987
1973
1971
1958
1946
1936
1980
1990
2038
2068
2122
2123
2125
2134
2172
2136
2127
2134
2145
2108
2080
2077
2078
2070
2050
2067
2070
2082
2085
2123
2132
2167
2176
2221
2190
2175
2182
2164
2116
2087
2076
2040
2007
2007
1987
2018
1994
2007
1997
2004
2027
2060
2093
2146
2194
2186
2195
2167
2153
2137
2156
2125
2086
2065
2035
2009
2026
2032
2013
2055
2070
2126
2151
2168
2163
2204
2177
2196
2199
2183
2168
2136
2120
2072
2104
2089
2043
2039
2060
2040
2038
2055
2045
2093
2104
2099
2111
2112
2102
2103
2093
2069
2078
2060
2047
2079
2045
2102
2180
2273
2287
2290
2196
2085
1984
1928
1909
1963
1987
2044
2080
2096
2130
2146
2201
2193
2206
2169
2152
2119
2098
2076
2049
2041
2024
1999
2004
2007
2069
2147
2224
2260
2280
2225
2116
2034
2005
1984
1989
2010
2012
1974
1982
1984
2103
2191
2262
2286
2272
2182
2133
2102
2085
2100
2122
2067
2033
2020
2019
2044
2066
2120
2131
2144
2118
2061
2005
1994
1996
2010
2058
2079
2070
2130
2137
2165
2217
2214
2203
2211
2163
2176
2190
2171
2142
2117
2038
2042
2016
2015
2011
1983
1976
1944
1883
1929
1984
2055
2111
2143
2152
2187
2140
2113
2089
2045
2036
2016
2039
2079
2144
2198
2244
2232
2209
2128
2066
2030
2046
2020
2001
1995
1964
1961
2083
2074
2074
2066
1997
1976
1972
2043
2125
2197
2230
2186
2165
2104
2104
2037
2002
2033
2093
2129
2152
2194
2178
2129
2108
2049
1980
1961
2033
2142
2196
2185
2110
2056
2046
1982
1957
1975
2000
2081
2127
2152
2164
2185
2213
2183
2112
2102
2120
2126
2105
2071
2102
2088
2074
2066
2050
2106
2121
2087
2012
1966
1962
2030
2133
2224
2241
2252
2203
2091
2031
1990
2063
2166
2233
2201
2110
2036
1960
1916
2011
2104
2153
2168
2100
1994
1892
1923
2009
2125
2172
2160
2189
2202
2164
2094
1966
1928
1969
2092
2156
2143
2140
2125
2145
2140
2091
2067
2036
2042
2044
2093
2094
2069
1952
1943
2053
2146
2176
2111
2144
2182
2177
2201
2153
2094
2060
2064
1907
2004
2163
2293
2336
2270
2130
1981
1875
1835
1929
2144
2369
2472
2333
2055
1750
1700
1899
2256
2478
2436
2143
1831
1670
1801
2048
2247
2324
2297
2211
2092
2031
1958
1953
2075
2167
2257
2232
2123
2029
2005
2086
2165
2183
2132
2032
2020
2083
2173
2256
2262
2201
2141
2106
2098
2043
2036
2063
2134
2235
2233
2109
1987
1936
1989
2078
2156
2176
2135
2072
2071
2057
2057
2055
2135
2223
2211
2121
2029
2006
2036
2065
2099
2097
2056
2017
1955
1960
1995
2018
2075
2112
2123
2058
2050
2126
2218
2175
2059
2021
2039
2167
2197
2102
1980
1941
1990
2115
2252
2305
2277
2172
2045
1991
2028
2099
2179
2190
2185
2173
2151
2110
2103
2083
2084
2123
2169
2092
2076
2169
2252
2253
2135
1999
1928
1965
2086
2233
2308
2220
2075
1950
1983
2113
2157
2166
2105
2058
2043
2056
2106
2092
2036
2001
2028
2087
2205
2272
2237
2072
1947
1942
2060
2226
2287
2240
2041
1847
1789
1954
2169
2282
2263
2107
1913
1874
2008
2194
2292
2250
2075
1914
1920
2078
2244
2321
2255
2032
1874
1852
1999
2179
2241
2174
2051
1984
1986
2045
2148
2237
2238
2188
2112
2053
2032
2093
2203
2280
2254
2163
2018
1928
1927
1974
2154
2309
2309
2150
2024
2025
2163
2366
2395
2201
1917
1747
1843
2087
2327
2420
2252
1979
1798
1793
1937
2163
2316
2301
2162
2063
1987
2020
2095
2123
2073
2023
1986
2011
2046
2140
2187
2115
2060
2051
2035
2094
2256
2345
2235
2052
1888
1826
1913
2052
2163
2242
2193
2117
2017
2026
2159
2282
2336
2249
2025
1802
1804
2049
2311
2300
2074
1867
1817
1958
2168
2311
2232
2104
2025
2018
2083
2147
2191
2184
2068
1985
1912
1979
2091
2152
2159
2088
1960
1881
2020
2274
2412
2337
2106
1893
1848
2046
2266
2345
2183
1994
1872
1926
2087
2232
2292
2230
2125
1983
1924
1943
2076
2278
2298
2194
1999
1850
1859
2086
2313
2295
2089
1833
1807
1969
2203
2349
2220
1992
1899
1984
2127
2226
2166
2006
1888
1926
2040
2188
2264
2241
2136
2068
2046
2088
2146
2160
2147
2118
2054
1982
2047
2089
2127
2093
2061
2064
2065
2151
2320
2391
2348
2200
1983
1902
1975
2131
2241
1929
2159
2361
2473
2400
2213
2099
2120
2249
2178
2015
1911
1960
2045
2145
2306
2351
2142
1889
1826
1948
2157
2341
2408
2231
1961
1863
1998
2213
2317
2229
1936
1707
1755
1954
2122
2242
2224
2027
1753
1781
2079
2312
2302
2199
2130
2137
2128
2076
2075
2068
1969
1918
2049
2209
2218
2059
1890
1839
1980
2208
2365
2387
2266
2050
1849
1929
2204
2387
2318
2175
2109
2110
2077
2101
2207
2360
2406
2318
2048
1797
1831
2168
2417
2275
1931
1753
1920
2161
2272
2193
2084
2072
2096
2177
2161
2104
2044
2008
1999
2048
2163
2172
2014
1926
1993
2120
2294
2379
2321
2041
1731
1668
1971
2399
2600
2423
2057
1716
1616
1818
2153
2439
2420
2180
1885
1755
1867
2120
2134
2233
2308
2213
2066
1956
1845
1827
2058
2309
2358
2263
2154
1986
1859
1939
2232
2346
2334
2314
2079
1832
1955
2184
2175
2117
2094
1972
1848
1868
2120
2342
2314
2191
2032
1891
1943
2272
2369
2258
2150
1923
1635
1615
1814
2089
2253
2357
2268
2022
1844
1850
2035
2264
2283
2129
2011
1932
1930
2044
2183
2358
2408
2267
2081
2019
2012
2050
2158
2229
2217
2307
2334
2081
1763
1625
1670
1803
2077
2436
2549
2284
1907
1758
1952
2250
2448
2610
2482
2024
1626
1624
1845
2045
2223
2248
2124
1945
1685
1626
1979
2393
2590
2480
2256
2016
1870
1967
2269
2517
2350
1822
1384
1435
1806
2251
2549
2641
2506
2179
1838
1656
1728
2021
2264
2321
2243
1974
1889
1949
2077
2116
2135
2113
2066
1994
1952
1923
2060
2133
1919
1690
1836
2115
2480
2907
3025
2493
1752
1374
1315
1523
2276
3095
3161
2597
1959
1383
1137
1640
2543
3097
2991
2504
1899
1494
1454
1951
2672
3098
2846
2272
1805
1560
1617
2074
2578
2719
2557
2293
1853
1476
1632
2052
2282
2341
2366
2142
1730
1626
1941
2339
2573
2621
2523
2289
1942
1736
1809
2004
2069
2056
2127
2096
1934
1995
2204
2249
2146
2127
2209
2130
2034
2138
2292
2246
2026
1770
1769
1966
2117
2245
2412
2323
1843
1363
1307
1533
1933
2466
2865
2789
2242
1581
1169
1241
1674
2235
2775
3037
2676
1877
1321
1320
1639
2128
2696
2997
2792
2292
1865
1631
1678
2048
2316
2222
1874
1952
2319
2794
3058
2844
2130
1240
623
657
1302
2153
2841
3184
3066
2618
2118
1885
1950
2054
1920
1528
1160
1198
1653
2318
2970
3506
3612
3050
1879
739
341
1014
2265
3335
3895
3736
3024
1865
658
1
81
898
1934
2725
3135
3290
3315
3232
2928
2402
1629
760
49
0
409
1716
3393
4095
4095
4095
3155
1174
0
0
108
1432
2697
3359
3436
3099
2512
1870
1580
1693
2001
2077
1787
1519
1554
1890
2227
2309
2218
2067
1964
1983
2250
2847
3496
3791
3455
2432
998
0
1
47
1328
2872
3976
4095
4025
3181
2073
1137
583
573
943
1457
1906
2400
2894
3228
3296
2979
2364
1616
932
691
956
1800
2913
3768
3975
3405
2280
607
1498
2361
3060
3484
3531
3166
2545
1937
1590
1616
2019
2565
3122
3549
3655
3405
2720
1752
766
38
1
39
647
1442
2182
2669
2887
2937
2862
2632
2340
2143
2209
2564
3019
3280
3105
2590
1875
1255
821
598
657
984
1640
2381
2996
3192
2941
2456
1976
1730
1723
1770
1913
2115
2421
2713
2791
2550
2005
1340
901
831
1149
1736
2430
3033
3528
3742
3702
3410
2889
2194
1392
588
1
0
1
1
423
1453
2643
3817
4095
4095
4095
4095
3702
2637
1607
656
0
2
0
2
413
1546
2704
3691
4095
4095
4095
4095
3969
3084
1900
662
1
1
1
0
167
1106
2160
3099
3750
4047
3990
3663
3182
2725
2373
2075
1801
1534
1310
3777
3748
3602
3313
2905
2362
1698
916
57
0
0
1
0
0
0
0
0
0
0
0
1
0
0
185
1485
2826
4095
4095
4095
4095
4095
4095
4095
4095
4095
4095
4095
4095
4095
4095
4095
4095
4095
4095
3426
2127
858
2
1
2
2
1
0
2
0
1
1
1
0
0
1
2
501
1595
2658
3687
4095
4095
4095
4095
4095
4095
4095
4095
4095
4095
4095
4095
4095
4095
3501
2652
1842
1082
403
5
2
2
0
3
0
1
3
2
0
1
61
621
1308
1970
2539
3153
3684
4095
4095
4095
4095
4095
4095
4095
4095
3861
3460
3010
2590
2179
1818
1559
1344
1226
1152
1175
1254
1346
1480
1636
1832
1980
