2095
2089
2090
2092
2086
2092
2088
2090
2088
2087
2085
2091
2084
2084
2088
2085
2088
2088
2084
2082
2080
2088
2087
2082
2087
2082
2091
2092
2082
2083
2081
2078
2080
2088
2082
2085
2078
2088
2078
2084
2084
2082
2074
2080
2073
2090
2084
2081
2079
2070
2070
2070
2076
2080
2082
2086
2083
2082
2075
2075
2071
2082
2082
2087
2080
2088
2081
2085
2078
2077
2085
2084
2081
2091
2084
2086
2087
2087
2090
2089
2084
2087
2091
2097
2088
2094
2084
2084
2091
2097
2096
2089
2087
2087
2096
2093
2098
2095
2094
2097
2092
2097
2101
2098
2098
2100
2095
2095
2095
2094
2085
2096
2096
2075
2088
2099
2092
2093
2098
2103
2099
2102
2098
2099
2097
2100
2101
2104
2095
2090
2078
2087
2091
2089
2089
2084
2088
2078
2079
2081
2085
2076
2081
2080
2078
2084
2081
2084
2084
2091
2077
2086
2076
2068
2080
2080
2082
2071
2077
2071
2075
2081
2080
2072
2077
2081
2076
2078
2084
2074
2078
2070
2074
2077
2071
2081
2078
2079
2077
2074
2086
2087
2086
2085
2070
2081
2073
2082
2084
2086
2089
2089
2089
2084
2084
2088
2087
2075
2085
2083
2080
2079
2085
2082
2085
2081
2085
2087
2090
2091
2090
2090
2085
2085
2086
2086
2080
2086
2081
2086
2087
2090
2084
2092
2088
2094
2096
2097
2087
2089
2093
2094
2095
2090
2091
2080
2088
2092
2094
2097
2093
2104
2095
2098
2099
2099
2103
2102
2106
2097
2104
2104
2100
2103
2101
2097
1910
1921
1935
1965
1996
2020
2041
2080
2092
2107
2127
2133
2139
2141
2152
2160
2174
2186
2199
2216
2229
2244
2251
2253
2249
2243
2233
2224
2211
2187
2163
2150
2142
2134
2131
2130
2129
2143
2143
2136
2144
2134
2129
2115
2102
2080
2061
2040
2029
2021
2012
2026
2030
2044
2060
2080
2087
2098
2096
2096
2086
2085
2069
2064
2043
2050
2044
2047
2048
2051
2052
2042
2038
2023
2012
2002
1988
1979
1967
1974
1976
1993
2009
2028
2056
2078
2102
2121
2130
2138
2148
2156
2158
2164
2169
2168
2178
2178
2176
2168
2168
2146
2129
2105
2079
2056
2029
2007
1989
1985
1980
1998
2004
2021
2033
2044
2057
2070
2073
2073
2077
2077
2093
2103
2121
2140
2160
2176
1913
1963
2036
2118
2187
2223
2221
2170
2099
2005
1936
1901
1916
1989
2089
2205
2295
2335
2327
2269
2176
2078
2001
1946
1930
1953
2024
2114
2208
2272
2276
2235
2150
2057
1973
1916
1896
1908
1949
2023
2116
2213
2288
2321
2320
2283
2235
2178
2127
2075
2031
2017
2024
2052
2080
2109
2128
2135
2120
2096
2077
2060
2051
2064
2102
2142
2184
2203
2195
2166
2114
2066
2012
1987
1970
1980
2026
2079
2123
2151
2163
2164
2163
2155
2147
2146
2147
2160
2161
2159
2146
2106
2050
1986
1948
1933
1972
2043
2136
2246
2327
2354
2316
2212
2083
1948
1841
1787
1790
1854
1955
2073
2212
2306
2340
2301
2213
2112
2020
1959
1942
1971
2035
2125
2222
2300
2329
2291
2155
2165
2140
2037
1935
1871
1865
1960
2056
2119
2170
2160
2086
2030
1956
1928
2020
2168
2248
2236
2160
2052
1896
1855
1982
2125
2192
2200
2084
1922
1823
1855
2012
2204
2318
2340
2225
2017
1913
1948
2030
2124
2194
2245
2243
2126
1972
1957
1997
2052
2120
2170
2173
2121
2016
1974
2049
2160
2248
2248
2207
2166
2086
2001
1965
2002
2134
2269
2277
2200
2074
1981
1954
2017
2131
2183
2197
2168
2036
1906
1908
2062
2307
2447
2376
2212
2080
1970
1995
2130
2236
2278
2231
2119
2046
2065
2097
2088
2084
2143
2168
2072
1945
1908
1968
2106
2239
2283
2216
2166
2182
2258
2263
2095
1941
1987
2146
2236
2264
2227
2112
2000
2016
2126
2178
2148
2118
2130
2014
2105
2184
2257
2186
2070
2052
2018
2015
2046
2014
2027
2030
1901
1930
2207
2376
2331
2191
1988
1906
1932
1946
2090
2201
2135
2110
2037
1972
2153
2192
2016
2015
2121
2167
2192
2093
1945
1989
2045
1937
1978
2108
2079
2080
2090
2171
2328
2319
2152
1932
1764
1848
2021
2184
2231
2096
2056
2055
1990
2139
2188
2066
2132
2091
1944
2062
2102
1946
2060
2157
1972
1991
2088
1987
2032
2166
2105
2068
2130
2163
2178
2182
2193
2160
2117
2080
2034
2075
2098
2124
2165
2189
2189
2074
1951
1886
1937
2103
2206
2235
2201
2145
2154
2021
1800
1854
2044
2236
2379
2219
1977
1944
2047
2239
2258
2060
2004
1992
1957
2006
2107
2175
2266
2315
2234
2134
2129
2360
2231
2187
2121
1928
1816
1980
2182
2240
2184
2147
2131
2109
2086
2189
2257
2118
1910
1940
2110
2093
2053
2150
2133
2025
1923
1918
2154
2330
2230
2242
2373
2107
1816
1961
2163
2262
2302
2168
2070
2036
1879
1972
2270
2309
2222
2163
2084
2075
2174
2340
2395
2060
1685
1737
1936
2209
2492
2425
2128
1891
1784
2003
2402
2476
2274
2076
1911
1796
1900
2218
2493
2471
2224
1942
1860
2060
2288
2286
2140
1978
1836
2047
2435
2487
2374
2120
1715
1593
1843
2054
2210
2225
2004
1896
1957
1970
2084
2145
1955
1842
2024
2283
2402
2386
2226
1960
1841
1953
2104
2199
2170
1979
1871
2007
2244
2287
2261
2168
1871
1808
2040
2322
2490
2376
2096
1941
1979
2432
2194
1838
1839
2248
2639
2560
2100
1672
1676
2011
2385
2547
2320
1850
1595
1790
2237
2464
2385
2201
2078
1979
1971
2131
2294
2200
1913
1747
1838
2040
2155
2174
2064
1926
1904
2037
2216
2219
2021
1824
1826
1981
2067
2027
1935
1959
2043
2041
2033
2071
1908
1805
1904
2146
2246
2156
2161
2237
2193
2087
2079
2161
2056
1911
1948
2080
2055
1998
2043
1970
1860
1972
2190
2208
2100
2144
2106
1940
2001
2527
2926
2711
2174
1836
1927
2320
2642
2483
1989
1729
1798
1921
2164
2547
2506
1954
1632
1931
2275
2232
2019
1775
1643
1869
2310
2616
2740
2580
2044
1684
1935
2259
2201
2097
2180
2168
1997
1981
2092
2152
2200
2095
1789
1836
2419
2825
2504
2197
1857
1824
2092
2453
2564
2416
2135
1918
1936
2198
2496
2443
1981
1537
1533
2057
2621
2770
2419
1879
1594
1798
2247
2435
2145
1642
1377
1720
2338
2625
2447
2129
1989
2051
2122
2052
1894
1920
2171
2348
2333
2176
1942
1842
2014
2389
2602
2497
2123
1863
1930
2121
2304
2414
2397
2224
1995
1982
2215
2467
2472
2058
1588
1518
1878
2267
2342
2086
1755
1662
1913
2184
2306
2271
2030
1830
1831
1948
2110
2209
2096
1758
1539
1708
2252
2775
2847
2447
1869
1504
1584
2074
2419
2342
1972
1677
1822
2296
2706
2683
2263
1812
1687
1926
2346
2598
2397
1897
1610
1785
2293
2569
2387
1888
1523
1476
1746
2117
2321
2156
1772
1708
2202
2827
2936
2287
1475
1681
2545
2808
2313
1784
1784
2018
2143
2300
2379
2073
1578
1563
2150
2772
2943
2494
1608
1057
1291
2312
3139
3104
2218
1350
1257
1884
2787
3216
2726
1882
1475
1833
2584
3094
2751
1717
1040
1248
1997
2702
2838
2346
1658
1383
1471
1719
2101
2494
2570
2381
1997
1683
1672
1786
1952
2106
2158
2230
2360
2481
2243
1959
2024
2336
2602
2486
1855
1177
1223
2029
2978
3286
2661
1704
1339
1798
2608
3056
2709
1827
1189
1378
2145
2770
2706
2175
1707
1814
2233
2459
2286
1804
1410
1600
2428
3019
2842
2122
1480
1469
2130
2815
2805
2172
1477
1306
1755
2515
2801
2380
1514
916
1068
1967
2993
3313
2775
1800
1000
953
1605
2405
2685
2395
1953
1619
1805
2560
2368
2055
1895
1801
1847
1969
2105
2370
2669
2943
3192
3202
2632
1801
1256
1081
1275
1910
2787
3354
3076
2206
1324
757
747
1458
2622
3237
3024
2483
1777
1024
766
1449
2537
3204
3146
2409
1447
912
1122
1902
2828
3444
3392
2723
1811
1109
1096
1674
2212
2458
2368
1748
1160
1400
2358
3277
3576
3214
2268
1001
128
288
1454
3088
4095
4095
3139
1768
531
85
682
1887
3004
3479
3031
2072
1231
1044
1534
2274
2674
2517
1864
1183
1048
1766
2910
3729
3822
3124
1811
421
0
760
2390
3634
3832
3014
1854
806
397
884
2133
3521
4072
3258
1691
376
217
1114
2391
3368
3714
3293
2259
1332
1053
1444
2109
2547
2592
2204
1539
1239
1549
615
1457
2639
3809
4095
4095
4095
4065
3262
2364
1488
608
1
3
2
2
1
1
1160
2816
4095
4095
4095
4095
3874
2923
2326
2261
2622
3104
3322
3191
2679
1950
1073
112
1
2
3
2
1
322
2314
4095
4095
4095
4095
4095
4095
2573
995
2
4
4
621
2128
3671
4095
4095
4095
3308
1718
188
0
2
3
3
673
2601
4095
4095
4095
4095
4095
4095
3820
1279
3
2
3
4
2
2
1101
3550
4095
4095
4095
4095
3412
1718
420
1
289
1478
3080
4095
4095
4095
4095
3914
1726
2
1
2
2
0
897
3664
4095
4095
4095
4095
4095
4095
2126
2
2
3
3
3
1
2
583
2022
3200
4074
4095
4
2
1
4
3
1
3
67
294
546
802
1069
1328
1537
1703
1802
1848
1849
1843
1850
1920
2111
2418
2843
3349
3895
4095
4095
4095
4095
4095
4095
4095
4095
4095
4095
3620
2915
2097
1184
287
3
4
3
4
2
1
1
3
4
382
1367
2418
3487
4095
4095
4095
4095
4095
4095
4095
4095
4095
4095
4095
4095
4022
2540
877
1
1
2
2
4
2
0
1
2
1
2
413
2086
3710
4095
4095
4095
4095
4095
4095
4095
4095
4095
4095
4095
4095
3524
1738
1
4
1
2
3
1
2
4
1
2
1
1
3
723
2544
4095
4095
4095
4095
4095
4095
4095
4095
4095
4095
4095
4095
4095
3522
1995
524
1
3
2
2
1031
2638
4095
4095
4095
4095
4095
4095
4095
4095
4095
4095
4095
4095
4095
4095
4095
4095
4095
4095
4095
4095
4095
4095
4095
4095
4095
4095
4095
4095
4095
4095
4059
2805
1506
248
1
3
2
2
1
3
1
0
3
1
1
1
4
3
3
5
1
2
1
2
3
2
1
2
3
1
2
1
656
1739
2793
3788
4095
4095
4095
4095
4095
4095
4095
4095
4095
4095
4095
4095
4095
4095
4095
4095
4095
4095
4095
4095
4095
4095
4095
4095
4095
4095
4095
4095
4095
4095
4095
4095
3654
2601
1530
508
3
2
1
2
4
3
4
5
4
2
3
1
1
1
3
3
2
2
2
1
4095
4095
4095
3948
3135
2320
1532
773
47
2
1
2
2
5
3
1
4
2
2
2
1
3
3
2
3
5
2
2
1
6
3
1
2
2
1
4
3
3
4
4
4
3
3
3
3
2
1
2
3
2
2
2
1
1
3
1
4
2
2
1
2
2
0
2
2
1
2
0
1
1
1
2
2
310
1178
2041
2874
3681
4095
4095
4095
4095
4095
4095
4095
4095
4095
4095
4095
4095
4095
4095
4095
4095
4095
4095
4095
4095
4095
4095
4095
4095
4095
4095
4095
4095
4095
4095
4095
4095
4095
4095
4095
4095
4095
4095
4095
4095
4095
4095
4095
4095
4095
4095
4095
4095
4095
4095
