2069
2064
2103
2063
2085
2076
2086
2101
2085
2071
2080
2086
2081
2082
2064
2080
2088
2114
2064
2057
2091
2112
2104
2100
2082
2089
2106
2102
2096
2122
2085
2092
2091
2107
2102
2138
2095
2100
2099
2119
2103
2115
2109
2133
2091
2115
2085
2100
2107
2115
2094
2102
2071
2115
2117
2154
2104
2104
2120
2132
2123
2141
2129
2138
2147
2157
2144
2108
2122
2102
2128
2105
2121
2104
2097
2130
2125
2125
2106
2085
2135
2126
2129
2155
2155
2153
2108
2112
2115
2129
2104
2131
2128
2125
2114
2110
2100
2125
2114
2124
2099
2104
2092
2121
2111
2125
2087
2110
2112
2092
2086
2097
2111
2091
2066
2069
2068
2092
2072
2088
2074
2067
2076
2044
2052
2037
2063
2093
2128
2112
2120
2113
2128
2120
2126
2105
2100
2140
2162
2127
2128
2151
2109
2101
2136
2140
2132
2152
2127
2112
2133
2143
2139
2130
2141
2130
2119
2134
2150
2124
2111
2116
2104
2109
2105
2123
2099
2104
2095
2074
2095
2107
2097
2069
2067
2064
2097
2063
2067
2075
2089
2071
2059
2074
2064
2070
2058
2092
2082
2078
2070
2085
2079
2068
2101
2129
2131
2134
2151
2126
2155
2149
2141
2142
2132
2125
2168
2143
2149
2169
2175
2169
2173
2168
2156
2133
2136
2177
2193
2173
2157
2137
2148
2127
2143
2121
2137
2117
2115
2114
2128
2120
2109
2085
2095
2074
2073
2078
2072
2044
2056
2065
2051
2043
2025
2026
2051
2033
2032
2047
2043
2070
2040
2008
2012
2028
2204
2178
2152
2109
2056
2056
2040
2053
2086
2140
2154
2177
2175
2152
2140
2102
2088
2030
2026
1990
2000
2032
2040
2071
2098
2151
2171
2182
2198
2211
2228
2242
2211
2224
2205
2169
2168
2160
2118
2080
2070
2050
2050
2037
2020
2034
2022
2032
2012
1978
1973
1952
1945
1944
1968
1992
2014
2038
2080
2127
2155
2151
2169
2160
2195
2196
2224
2245
2255
2274
2272
2257
2224
2159
2086
2039
1968
1935
1862
1852
1853
1894
1908
1948
1969
1960
1944
1932
1923
1918
1967
1998
2065
2144
2176
2218
2289
2304
2310
2284
2276
2274
2234
2234
2230
2214
2213
2174
2151
2134
2105
2070
2021
1998
1992
2001
1982
1998
2004
2030
2032
2048
2089
2087
2087
2092
2138
2153
2312
2287
2216
2136
2073
1960
1926
1879
1854
1872
1927
1988
2053
2109
2153
2198
2238
2236
2212
2128
2052
1975
1915
1827
1759
1729
1734
1792
1838
1931
2057
2181
2308
2392
2488
2533
2533
2519
2443
2360
2280
2150
2045
1932
1847
1820
1792
1800
1839
1890
1946
2039
2070
2090
2133
2160
2157
2160
2179
2133
2158
2191
2216
2218
2269
2281
2319
2342
2336
2307
2251
2153
2051
1957
1857
1772
1703
1665
1704
1742
1837
1928
2047
2173
2248
2283
2319
2254
2205
2102
2014
1885
1803
1743
1685
1703
1753
1838
1936
2073
2189
2353
2440
2506
2554
2563
2532
2463
2390
2255
2158
2055
2002
1929
1900
1898
1908
1927
1968
1991
2017
2034
2044
2026
2015
1981
1964
1956
1946
1965
2008
2094
2214
2300
2360
2345
2287
2180
2067
1975
1904
1870
1890
1890
1897
1906
1974
2084
2229
2404
2537
2587
2588
2515
2430
2361
2293
2215
2114
1929
1732
1568
1504
1537
1628
1716
1810
1895
1998
2135
2245
2323
2372
2345
2278
2194
2059
1981
1960
1998
2014
1932
1833
1819
1878
2034
2198
2258
2297
2286
2249
2276
2239
2204
2170
2093
2008
1911
1823
1795
1816
1863
1932
1953
2009
2080
2105
2176
2215
2216
2180
2159
2106
2070
2069
2062
2058
2006
1942
1827
1728
1779
1889
2063
2165
2230
2318
2328
2360
2380
2406
2422
2396
2327
2225
2068
1951
1873
1876
1905
1955
2008
2027
2059
2171
2300
2353
2349
2342
2325
2277
2185
2119
2022
1950
1892
2317
2460
2522
2509
2409
2262
2070
1920
1831
1818
1850
1960
2096
2188
2279
2308
2279
2218
2106
2006
1916
1850
1869
1916
1994
2121
2203
2246
2221
2219
2120
2070
2003
1974
1977
2064
2177
2311
2403
2447
2415
2318
2237
2114
1968
1865
1800
1807
1845
1907
2032
2093
2174
2242
2257
2245
2204
2194
2154
2082
2124
2123
2138
2170
2200
2249
2262
2230
2165
2110
2049
2001
1920
1861
1827
1838
1848
1904
1954
2022
2062
2101
2129
2127
2126
2110
2077
2025
2011
2008
2021
2051
2123
2165
2187
2172
2158
2117
2048
2009
1966
1954
1954
1985
2064
2196
2325
2420
2474
2476
2375
2247
2126
2023
1946
1907
1887
1915
1998
2066
2118
2157
2160
2111
2078
2020
1983
1989
1970
2115
2140
2151
2217
2382
2514
2510
2380
2251
2236
2230
2089
1834
1640
1605
1676
1693
1678
1746
1937
2181
2331
2374
2295
2121
1928
1785
1723
1679
1684
1750
1861
1997
2078
2135
2209
2287
2289
2257
2237
2245
2330
2360
2350
2264
2155
2141
2160
2195
2163
2134
2166
2214
2216
2071
1916
1808
1752
1777
1890
2035
2152
2159
2134
2149
2207
2192
2125
2078
2046
2041
1948
1928
2001
2143
2275
2345
2365
2354
2323
2263
2254
2269
2273
2287
2261
2211
2103
1999
1941
1955
1944
1989
2076
2208
2248
2189
2062
2018
2033
2035
1944
1803
1614
1493
1516
1664
1859
1992
2145
2315
2439
2457
2411
2393
2397
2373
2305
2208
2070
1949
1924
1993
2090
2188
2226
2295
1815
1803
1888
2036
2216
2393
2533
2610
2562
2425
2190
1991
1843
1801
1849
1928
2023
2151
2262
2344
2365
2341
2240
2109
1991
1913
1890
1926
1996
2029
2048
1988
1897
1862
1883
1912
1942
1983
2028
2042
2107
2140
2192
2200
2176
2123
2089
2051
2036
1990
1972
1976
1993
1980
1979
2016
2079
2118
2158
2125
2043
1947
1893
1879
1896
1934
1961
2028
2117
2221
2307
2385
2369
2294
2191
2092
2062
2105
2209
2368
2456
2469
2437
2339
2256
2177
2136
2116
2122
2117
2118
2030
1968
1962
1932
1985
2053
2113
2144
2129
2134
2103
2077
2088
2149
2162
2164
2118
1999
1868
1793
1792
1900
2016
2114
2122
2053
1924
1827
1784
1917
2181
2508
2784
2884
2788
2525
2238
1888
1716
1618
1614
1608
1638
1766
1941
2160
2319
2445
2458
2466
2355
2192
1989
1903
1921
2025
2062
2117
2183
2385
2470
2453
2241
2003
1837
1696
1548
1384
1392
1646
2031
2337
2514
2652
2805
2894
2861
2667
2348
1986
1649
1435
1320
1301
1440
1779
2201
2617
2767
2628
2380
2200
2111
2080
2052
1947
1810
1717
1819
2035
2291
2441
2383
2215
1997
1814
1648
1571
1608
1774
2049
2355
2636
2816
2822
2693
2508
2309
2084
1795
1535
1344
1392
1667
1982
2220
2420
2633
2763
2790
2607
2206
1816
1544
1450
1527
1709
1874
2022
2255
2520
2768
2920
2829
2552
2226
1917
1607
1409
1395
1603
1957
2258
2442
2435
2430
2360
2293
2100
1852
1587
1440
1477
1744
2274
2111
2342
2459
2510
2499
2431
2237
1914
1539
1279
1287
1531
1824
2130
2328
2380
2250
1900
1606
1583
1854
2316
2786
3011
2987
2764
2439
2020
1571
1276
1275
1631
2273
2846
3078
2935
2442
1751
1128
784
926
1548
2397
3004
3129
2803
2508
2454
2493
2539
2485
2480
2492
2418
2170
1735
1321
1067
1083
1230
1540
1934
2460
2895
3034
2828
2378
2076
2157
2492
2809
2820
2525
2102
1744
1500
1381
1461
1795
2279
2690
2885
2896
2627
2184
1760
1484
1518
1802
2067
2206
2196
2201
2159
2163
2255
2457
2722
2782
2231
1170
168
2
478
1621
2706
3362
3544
3274
2630
1813
1203
1215
1745
2342
2536
2296
1890
1681
1658
1727
1757
1780
1851
1903
1807
1533
1275
1340
2042
2795
3535
4047
4095
4053
3532
2717
1801
925
308
3
56
459
1078
1770
2378
2868
3165
3271
3240
3141
2942
2680
2378
2058
1828
1673
1612
1612
1632
1586
1529
1493
1439
1392
1426
1625
1910
2249
2673
3000
3150
3057
2799
2336
1783
1340
1128
1167
1480
1940
2394
2715
2869
2739
2441
1977
1560
1257
1223
1402
1805
2194
2507
2637
2518
2200
1801
1382
1127
1157
1380
1856
2429
2983
3336
3448
3312
2937
2451
1990
1605
1390
1416
1542
1753
1995
2212
2358
2422
2423
2406
2445
2533
2610
2682
2653
2505
2183
1751
1372
1150
1226
1534
2086
2660
3119
3217
3015
2498
1789
1087
609
592
1021
1803
2664
3319
3534
3280
2622
1740
975
534
533
1061
7
1
209
1166
2217
3106
3709
3956
3772
3289
2685
2219
2041
2157
2383
2618
2796
2786
2527
1910
1064
179
2
2
68
1082
2367
3465
4027
4011
3564
2930
2350
1840
1446
1183
1087
1325
1825
2409
2807
2790
2373
1682
1023
623
658
1030
1631
2223
2720
3019
3114
2868
2364
1685
1047
660
593
905
1546
2284
2972
3512
3779
3824
3562
3030
2322
1514
884
624
834
1444
2093
2603
2770
2577
2058
1476
1008
867
1065
1528
2163
2806
3313
3645
3782
3654
3229
2552
1713
859
311
169
470
1070
1706
2343
2792
3092
3131
3020
2771
2460
2139
1906
1847
1972
2230
2596
2919
3116
3050
2703
2064
1214
406
0
0
1
233
1132
2166
3114
3858
4095
4095
4095
3889
3417
2782
2023
1188
394
1
0
1
1
0
154
862
1654
2392
3081
3673
4095
4095
4095
4095
3903
3285
2445
1534
559
2
1
1
0
1
1
532
1730
2933
3957
4095
4095
4095
4095
4095
4095
4095
3570
2485
1370
284
1
1
0
0
2
0
3
636
1804
2836
3745
4095
4095
4095
4095
4095
4095
3420
2619
1819
1125
609
242
64
73
262
567
970
1408
1861
2301
2740
3176
3502
3707
3752
3647
3390
2973
2455
1862
1282
806
477
377
519
842
1275
1723
2129
2392
2606
2655
2638
2580
2496
2411
2303
2306
2380
2491
2681
2864
3122
3263
3339
3302
3137
2829
2399
1936
1450
1055
683
323
24
0
1
2
4095
4095
4095
4095
4095
4095
4095
4095
4095
4095
4095
4095
4095
4095
4095
4095
4095
4095
4095
4095
4095
4095
3651
2772
1843
928
0
3
1
3
2
1
0
1
0
1
0
1
0
0
0
1
1
0
0
0
0
0
0
1
733
1869
2965
4020
4095
4095
4095
4095
4095
4095
4095
4095
4095
4095
4095
4095
4095
4095
4095
4095
4095
4095
4095
4095
4095
4095
4095
3677
2423
1160
0
0
0
1
0
1
0
2
0
2
1
1
0
0
2
2
0
3
1
1
0
1
1
1
792
2045
3244
4095
4095
4095
4095
4095
4095
4095
4095
4095
4095
4095
4095
4095
4095
4095
4095
4095
4095
4095
4095
4095
4095
4095
4095
4095
4095
4095
4095
4095
4095
4095
4095
4095
4095
3993
3368
2707
2081
1457
894
362
2
1
0
2
0
1
1
2
1
1
0
1
0
1
0
0
0
0
0
0
0
1
0
0
0
0
0
0
1
1
0
2
1
255
651
1024
1386
1736
2053
2361
2646
2916
3195
3424
3624
3820
4032
4095
4095
4095
4095
4095
4095
4095
4095
4095
4095
4095
4095
4095
4095
4095
4095
4095
4095
4095
4095
4095
4095
4095
4095
4095
4095
4095
4085
3856
3632
3366
3098
2814
2521
2227
1892
1581
1263
927
591
231
0
0
0
1
0
0
0
1
1
1
0
1
0
1
0
2
0
0
0
0
