2092
2080
2068
2118
2073
2092
2081
2092
2096
2087
2093
2086
2090
2068
2086
2046
2086
2100
2097
2085
2081
2103
2113
2088
2069
2080
2108
2089
2086
2108
2117
2105
2126
2124
2124
2093
2080
2102
2111
2077
2089
2096
2102
2111
2118
2116
2120
2089
2097
2088
2076
2087
2097
2116
2093
2080
2088
2103
2116
2107
2098
2106
2133
2114
2099
2099
2082
2098
2078
2088
2104
2094
2086
2110
2089
2119
2094
2104
2104
2082
2088
2110
2082
2082
2072
2110
2114
2092
2104
2081
2078
2092
2101
2111
2108
2095
2107
2112
2128
2082
2097
2115
2124
2085
2088
2112
2088
2098
2074
2107
2102
2096
2114
2095
2078
2077
2087
2091
2097
2083
2085
2099
2094
2089
2106
2080
2080
2063
2102
2081
2108
2080
2070
2093
2082
2093
2117
2112
2091
2086
2115
2086
2078
2090
2112
2086
2074
2051
2080
2101
2122
2070
2058
2088
2101
2098
2122
2101
2113
2124
2076
2114
2097
2088
2099
2068
2094
2080
2104
2100
2104
2076
2096
2108
2118
2140
2093
2101
2091
2095
2092
2081
2088
2055
2068
2102
2104
2127
2095
2103
2104
2094
2105
2097
2099
2114
2112
2130
2112
2080
2106
2087
2084
2064
2100
2104
2069
2066
2112
2094
2093
2096
2091
2079
2116
2098
2108
2098
2081
2083
2089
2089
2098
2123
2122
2094
2096
2100
2111
2102
2109
2102
2081
2101
2109
2108
2105
2078
2086
2068
2074
2068
2096
2118
2091
2070
2091
2105
2080
2108
2077
2078
2067
2113
2103
2114
2123
2111
2120
2101
2102
2104
2104
2109
2102
2099
2101
2100
2123
2146
2127
2115
2133
2096
2117
2099
2081
2088
2108
2100
2071
2060
2098
2108
2097
2104
2077
2061
2094
2087
2104
2094
2082
2073
2083
2078
2095
2098
2088
2082
2100
2061
2083
2071
2064
2091
2107
2082
2074
2065
2064
2079
2050
2090
2081
2085
2066
2074
2073
2060
2079
2098
2111
2105
2097
2104
2105
2087
2088
2085
2105
2113
2069
2097
2078
2080
2092
2106
2093
2081
2078
2088
2082
2071
2080
2098
2122
2094
2094
2080
2086
2093
2096
2096
2119
2088
2064
2082
2087
2098
2110
2104
2089
2091
2085
2085
2123
2097
2090
2091
2101
2123
2084
2101
2086
2077
2080
2085
2083
2086
2084
2070
2073
2099
2118
2126
2143
2187
2193
2182
2236
2221
2264
2296
2273
2247
2257
2248
2234
2203
2182
2176
2159
2141
2120
2112
2133
2126
2103
2096
2104
2121
2107
2113
2117
2121
2120
2123
2106
2087
2094
2092
2080
2070
2079
2063
2096
2102
2123
2152
2195
2224
2216
2265
2302
2327
2338
2347
2326
2305
2294
2273
2242
2226
2171
2120
2104
2032
1990
2002
1996
1959
1985
1989
1984
2054
2054
2046
2087
2112
2081
2120
2086
2046
2049
2020
2002
1998
1969
1943
1939
1926
1934
1911
1892
1899
1917
1921
1974
1993
1980
2020
2004
2012
2012
2039
2056
2040
2042
2034
2019
2011
2005
2016
2025
2014
2039
2039
2034
2061
2100
2128
2164
2208
2266
2314
2352
2400
2413
2455
2509
2502
2075
2118
2188
2256
2325
2370
2368
2322
2254
2177
2114
2065
2045
2056
2072
2047
2053
2053
2024
1976
1938
1874
1860
1848
1846
1858
1832
1854
1821
1793
1742
1754
1771
1884
1986
2056
2112
2132
2139
2129
2122
2143
2215
2257
2266
2294
2285
2256
2245
2253
2277
2337
2392
2402
2399
2412
2400
2368
2311
2264
2228
2211
2164
2069
2014
1932
1851
1790
1773
1769
1821
1864
1918
1938
1963
1965
1972
1990
2024
2088
2169
2220
2305
2312
2343
2321
2256
2225
2221
2184
2141
2110
2060
2011
1978
1938
1926
1953
2025
2098
2173
2259
2342
2394
2402
2388
2335
2306
2277
2233
2222
2219
2178
2150
2090
2009
1952
1909
1896
1878
1857
1859
1850
1818
1784
1802
1804
1850
1916
1999
2058
2120
2151
2156
2162
2188
2172
2151
2119
2037
1979
1908
1800
1789
1796
1862
1969
2113
2216
2364
2410
2376
2299
2239
2179
2113
2005
1968
1983
2000
2049
2062
2057
2060
2036
2043
2043
2085
2111
2186
2208
2228
2217
2221
2208
2204
2152
2156
2186
2226
2296
2353
2419
2416
2401
2386
2326
2220
2194
2150
2162
2158
2130
2096
2046
1990
1963
1948
1995
2031
2056
2077
2113
2107
2132
2169
2200
2221
2226
2169
2149
2060
1944
1899
1926
1970
2120
2248
2339
2339
2292
2187
2042
1968
1907
1846
1858
1788
1738
1686
1597
1558
1630
1705
1871
2023
2125
2132
2117
2002
1948
1918
1986
2178
2427
2680
2876
2948
2912
2682
2388
2097
1918
1815
1811
1913
1677
1872
2091
2229
2350
2458
2571
2637
2661
2622
2517
2415
2214
1976
1724
1625
1622
1767
1943
2114
2259
2401
2507
2507
2494
2320
2174
2030
1935
1826
1780
1704
1700
1712
1851
1994
2115
2196
2289
2346
2414
2416
2412
2358
2302
2158
2021
1852
1671
1622
1677
1743
1872
1883
1936
1947
1966
2058
2157
2212
2231
2268
2276
2276
2254
2225
2217
2216
2216
2191
2226
2202
2189
2243
2169
2042
1827
1680
1643
1645
1706
1772
1799
1815
1875
1938
2060
2170
2212
2214
2167
2115
2090
2078
2106
2176
2228
2285
2271
2255
2213
2132
2039
1894
1814
1728
1766
1846
2005
2173
2396
2530
2642
2634
2576
2387
2161
1990
1891
1859
1910
1961
2098
2201
2278
2352
2422
2484
2433
2283
2050
1893
1785
1815
1909
1958
2002
1988
1980
1986
2045
2097
2178
2245
2296
2352
2322
2230
2047
1848
1724
1665
1767
1979
2195
2352
2453
2503
2447
2315
2128
1891
1722
1697
1825
2040
2213
2173
2064
1884
1757
1760
1867
1950
1983
2022
2092
2217
2361
2379
2300
2126
2019
1948
1998
2111
2203
2212
2164
2113
2047
1975
1988
1983
2078
2128
2244
2230
2079
1872
1670
1609
1650
1760
1877
1960
2072
2251
2507
2656
2642
2581
2440
2363
2317
2264
2131
2031
1888
1841
1853
1950
2020
2066
2119
2220
2387
2548
2632
2579
2481
2353
2299
2224
2182
2140
2098
2099
2062
1991
1760
1567
1474
1538
1839
2131
2349
2338
2259
2088
1991
1975
2008
2085
2285
2501
2300
2388
2337
2216
2017
1781
1638
1486
1446
1511
1687
1950
2277
2588
2839
2949
2976
2858
2662
2414
2201
2012
1848
1724
1692
1683
1735
1816
1910
1970
2030
2026
1996
1981
1965
1986
2005
2062
2102
2137
2162
2184
2157
2104
2040
2018
1970
1974
1960
2014
2060
2108
2139
2130
2108
2094
2071
2113
2163
2222
2271
2261
2280
2239
2168
2130
2080
1986
1896
1774
1724
1735
1782
1908
2088
2247
2412
2520
2582
2584
2540
2456
2304
2128
1958
1791
1651
1625
1624
1635
1707
1843
1992
2147
2262
2336
2381
2393
2402
2389
2376
2363
2328
2327
2300
2282
2196
2064
1909
1766
1624
1574
1596
1688
1837
2036
2272
2501
2725
2873
2948
2872
2737
2502
2230
1965
1686
1491
2138
2193
2116
1983
2013
2177
2280
2194
1997
1848
1824
1903
1977
1968
1970
2047
2188
2284
2275
2226
2255
2391
2646
2863
2965
2897
2655
2383
2067
1831
1660
1480
1348
1360
1496
1728
1898
2016
2146
2289
2403
2468
2409
2290
2206
2128
2044
1882
1664
1428
1274
1297
1434
1674
1915
2112
2299
2532
2667
2648
2514
2318
2227
2164
2020
1852
1677
1577
1535
1464
1404
1468
1698
2020
2345
2549
2708
2773
2734
2576
2363
2156
1925
1768
1783
1963
2187
2281
2230
2159
2182
2272
2212
2084
2018
2092
2241
2376
2459
2486
2501
2502
2429
2337
2259
2121
1929
1789
1854
2028
2189
2181
2102
2160
2334
2475
2426
2286
2194
2248
2187
1994
1792
1743
1836
1912
1857
1732
1897
2309
2705
2970
3048
2906
2592
2177
1742
1404
1222
1219
1367
1662
2029
2415
2762
3005
3118
3083
2907
2648
2314
1988
1725
1543
1472
1518
1640
1839
2006
2137
2209
2201
2141
2056
1993
1961
1966
2018
2048
2039
2008
1976
1943
1944
1943
1965
2011
2090
2203
2348
2456
2484
2369
2130
1781
1417
1100
921
920
1127
1500
1994
2494
2904
3185
3325
3328
3221
3011
2686
2254
1746
1249
888
695
745
1000
1443
1988
2566
3080
3451
3590
3489
3131
2609
1997
1458
1097
1021
1226
1608
2065
2490
2810
3024
3118
3148
3092
2955
2748
2479
2146
1805
1460
1184
998
902
975
1209
1542
1948
2348
2673
2909
3030
3069
3011
2822
2520
2094
1637
1187
803
581
533
2489
2235
1931
1658
1469
1390
1395
1440
1480
1698
2086
2512
2855
3050
3122
3100
2866
2452
1902
1421
1087
891
758
774
963
1416
1961
2480
2944
3360
3756
3899
3769
3457
3145
2851
2442
1822
1231
929
1036
1364
1604
1718
1752
1862
2018
2212
2349
2328
2178
1929
1711
1575
1586
1652
1665
1768
1962
2184
2374
2558
2769
2941
2978
2763
2396
1927
1462
1062
818
852
1184
1701
2166
2566
2896
3250
3526
3604
3397
2952
2469
2037
1658
1346
1044
811
633
619
838
1199
1680
2152
2520
2762
2908
2838
2625
2324
2075
1967
1916
1918
1932
1969
2092
2283
2433
2488
2408
2210
1981
1813
1652
1522
1389
1295
1226
1274
1441
1664
1908
2188
2463
2660
2749
2724
2848
2986
2875
2523
1952
1294
768
495
624
1128
1876
2729
3514
4080
4095
4095
3758
2890
1755
585
2
2
1
2
868
2091
3236
4095
4095
4095
4095
3908
3017
1994
985
174
2
2
0
435
1190
1935
2506
2854
2988
2952
2768
2482
2137
1825
1657
1686
1890
2177
2444
2627
2612
2402
1992
1449
932
574
460
661
1137
1805
2516
3116
3571
3878
4067
4095
4046
3694
3079
2293
1487
866
491
430
611
981
1426
1820
2082
2175
2112
1999
1880
1822
1813
1892
2025
2219
2406
2558
2720
2900
3061
3103
2885
2450
1912
1388
1030
894
986
1294
1766
2342
2876
3178
3121
2786
2316
1910
1624
1488
1528
1805
2304
2967
3592
4013
4073
3692
2889
1796
4095
3632
2911
2183
1533
1037
712
548
534
630
832
1100
1407
1728
2022
2243
2356
2383
2325
2209
2063
1950
1862
1865
1935
2070
2238
2402
2546
2601
2540
2367
2120
1852
1618
1495
1506
1663
1911
2234
2571
2883
3130
3290
3301
3160
2856
2379
1782
1110
474
1
2
2
3
161
777
1478
2205
2876
3451
3928
4095
4095
4095
4095
3732
3176
2572
2015
1566
1285
1146
1122
1192
1299
1451
1606
1776
1950
2096
2171
2159
2058
1892
1690
1528
1424
1431
1552
1746
2017
2323
2632
2922
3186
3397
3544
3590
3483
3257
2881
2324
1704
1038
408
3
3
3
2
16
502
1213
2046
2909
3740
4095
4095
4095
4095
4095
3894
2868
1732
614
1
2
0
4095
4095
4095
4095
4095
4095
4095
4095
4095
4095
3110
1655
376
2
3
2
2
1
3
1
2
1
3
3
433
1012
1500
1878
2124
2256
2292
2267
2209
2142
2094
2092
2156
2332
2649
3113
3693
4095
4095
4095
4095
4095
4095
4095
4095
4095
4095
4095
3005
1475
1
1
0
2
1
0
2
1
1
2
1
0
320
1904
3463
4095
4095
4095
4095
4095
4095
4095
4095
4095
4095
4095
4095
3518
2260
1068
41
2
0
1
1
2
1
1
0
0
0
136
632
1109
1531
1908
2218
2506
2735
2912
3058
3182
3287
3394
3523
3659
3828
4002
4095
4095
4095
4095
4095
3960
3555
2998
2328
1559
752
1
2
2
1
3
