2114
2088
2093
2106
2117
2099
2097
2100
2088
2120
2099
2112
2131
2102
2083
2091
2097
2090
2092
2124
2112
2065
2084
2093
2113
2098
2096
2088
2110
2065
2088
2078
2074
2086
2098
2088
2105
2080
2071
2069
2083
2066
2070
2082
2069
2072
2081
2103
2112
2078
2093
2067
2088
2086
2083
2101
2113
2079
2083
2117
2087
2081
2095
2115
2093
2092
2099
2112
2100
2083
2079
2107
2133
2128
2118
2097
2111
2101
2088
2124
2100
2097
2092
2095
2138
2112
2096
2097
2094
2089
2116
2075
2107
2100
2100
2082
2089
2111
2073
2078
2082
2099
2088
2089
2073
2085
2089
2103
2065
2078
2084
2092
2087
2090
2087
2074
2103
2100
2100
2074
2095
2085
2100
2083
2064
2075
2068
2106
2088
2094
2090
2093
2064
2091
2080
2083
2114
2080
2080
2090
2103
2124
2114
2105
2100
2088
2134
2136
2074
2110
2101
2100
2092
2085
2076
2095
2088
2058
2086
2077
2066
2066
2099
2120
2100
2118
2101
2104
2101
2072
2088
2088
2088
2086
2097
2108
2093
2110
2080
2086
2077
2092
2099
2111
2114
2096
2109
2115
2112
2096
2085
2088
2079
2086
2112
2100
2115
2091
2087
2096
2102
2099
2098
2089
2112
2068
2080
2089
2078
2079
2092
2102
2070
2064
2098
2060
2082
2103
2094
2097
2084
2073
2078
2100
2139
2095
2088
2092
2108
2102
2091
2094
2094
2074
2080
2086
2105
2099
2110
2097
2047
2058
2128
2098
2107
2103
2072
2107
2107
2110
2119
2086
2068
2095
2105
2089
2095
2090
2099
2094
2071
2078
2061
2087
2110
2116
2083
2088
2078
2088
2087
2097
2118
2096
2103
2104
2079
2091
2065
2119
2092
2081
2076
2074
2091
2091
2076
2076
2116
2100
2107
2108
2104
2103
2082
2083
2069
2096
2106
2107
2106
2103
2085
2087
2088
2103
2103
2091
2076
2096
2121
2105
2079
2095
2076
2095
2076
2077
2077
2086
2085
2099
2069
2093
2104
2056
2090
2079
2085
2109
2082
2085
2124
2096
2105
2093
2104
2110
2116
2085
2099
2088
2102
2105
2112
2094
2096
2113
2113
2104
2084
2067
2104
2117
2106
2078
2098
2099
2090
2088
2103
2072
2117
2099
2104
2093
2084
2074
2060
2107
2090
2094
2092
2105
2092
2114
2063
2091
2066
2077
2061
2093
2072
2065
2037
2042
2051
2049
2031
2072
2079
2061
2084
2033
2056
2029
2068
2059
2046
2039
2057
2036
2030
2040
2060
2037
2001
2030
2043
2049
2051
2040
2040
2055
2050
2063
2056
2048
2047
2070
2059
2032
2045
2060
2049
2039
2057
2090
2091
2109
2072
2079
2124
2101
2103
2118
2116
2119
2114
2139
2125
2138
2136
2123
2105
2105
2140
2166
2167
2123
2140
2163
2156
2187
2178
2160
2181
2170
2196
2168
2146
2166
2121
2123
2136
2135
2119
2122
2114
2103
2106
2121
2102
2093
2090
2055
2097
2108
2088
2111
2099
2085
2091
2072
2062
2065
2075
2068
2016
2056
2049
2079
2065
2088
2087
2088
2056
2057
2050
2091
2105
2101
2113
2132
2113
2128
2120
2149
2145
2131
2118
2110
1999
2009
2066
2056
2072
2135
2174
2181
2163
2199
2189
2182
2173
2128
2102
2085
2068
2036
2010
1999
2011
2037
2036
2103
2136
2177
2194
2250
2191
2217
2203
2198
2178
2158
2149
2156
2133
2144
2189
2122
2127
2080
2056
2025
2001
1965
2000
1975
2031
2039
2104
2101
2108
2129
2088
2064
2043
2014
1992
1977
2001
2013
2050
2107
2125
2121
2107
2103
2074
2042
2042
2078
2097
2099
2117
2166
2136
2182
2162
2128
2112
2099
2074
2072
2073
2080
2068
2131
2083
2098
2104
2077
2061
2112
2078
2079
2101
2097
2092
2107
2100
2095
2116
2132
2129
2112
2107
2094
2069
2103
2096
2115
2152
2195
2265
2255
2268
2281
2266
2230
2182
2203
2178
2155
2155
2118
2076
2024
1861
1798
1804
1823
1859
1951
2048
2173
2298
2416
2508
2519
2507
2453
2397
2267
2170
2044
1955
1904
1848
1887
1907
1988
2061
2170
2258
2354
2413
2408
2430
2353
2270
2143
2023
1919
1790
1772
1751
1787
1820
1922
2047
2152
2248
2359
2391
2370
2368
2278
2146
2043
1888
1784
1731
1730
1758
1818
1937
2036
2140
2207
2307
2329
2314
2285
2201
2139
2037
1946
1875
1842
1818
1869
1912
2031
2174
2321
2447
2496
2498
2512
2436
2334
2212
2103
2024
1900
1834
1769
1803
1855
1920
2005
2072
2155
2196
2201
2162
2142
2025
1956
1853
1817
1751
1764
1787
1840
1877
1970
2039
2144
2182
2240
2233
2242
2209
2154
2126
2094
2048
2070
2062
2039
2096
2134
2130
2132
2513
2462
2404
2384
2415
2351
2221
2109
2060
2031
1991
2004
1946
1944
1992
2011
2010
2078
2117
2136
2214
2216
2192
2149
2153
2128
2094
2097
2066
2022
2058
2136
2211
2296
2332
2282
2256
2247
2165
2044
1937
1887
1970
1989
2012
2031
2106
2152
2205
2179
2247
2299
2303
2336
2258
2177
2088
2031
1958
1853
1769
1774
1877
2010
2123
2152
2158
2176
2223
2181
2163
2076
2018
2027
2036
2025
1995
2012
2054
2067
2028
1939
1910
1933
1951
1996
2007
2073
2160
2188
2270
2305
2382
2336
2294
2258
2225
2170
2130
1995
1927
1916
1917
1933
1956
1953
1952
2021
2070
2143
2130
2154
2111
2026
2066
2114
2171
2204
2200
2177
2157
2110
2086
2112
2107
2116
2066
1996
2132
1888
1654
1513
1487
1595
1767
1992
2233
2430
2595
2645
2602
2544
2414
2280
2128
2049
1988
1935
1839
1778
1738
1749
1841
2023
2174
2310
2384
2347
2262
2143
2032
1935
1922
1998
2011
1985
1907
1889
1806
1828
1929
2008
2119
2199
2245
2260
2209
2155
2107
2056
1991
1968
2003
2029
2037
2077
2103
2088
2037
1973
1976
1992
2045
2091
2110
2147
2157
2279
2336
2342
2338
2277
2192
2096
2114
2168
2245
2311
2387
2332
2329
2287
2212
2201
2239
2270
2299
2255
2138
2012
1832
1680
1606
1606
1685
1805
1928
2034
2128
2215
2233
2255
2235
2224
2208
2148
2078
1947
1829
1729
1769
1901
2088
2232
2310
2357
2254
2118
2008
1978
1982
1994
2061
2075
2031
2057
2508
2336
2203
2089
1930
1768
1599
1513
1563
1717
1901
2034
2164
2320
2385
2414
2345
2234
2065
1906
1802
1822
1854
1852
1934
2094
2252
2331
2352
2279
2193
2089
1961
1808
1743
1698
1738
1830
1999
2146
2250
2278
2349
2420
2441
2336
2152
2052
1993
1986
1929
1929
2044
2199
2328
2395
2394
2380
2360
2342
2198
2034
1871
1798
1824
1899
1960
2010
2091
2205
2333
2468
2544
2550
2400
2239
2103
1987
1944
1919
1894
1913
1996
2078
2188
2262
2185
2081
2072
2087
2120
2077
1964
1847
1814
1844
1861
1902
1919
1953
1997
2101
2173
2223
2187
2102
2082
2134
2193
2214
2115
1955
1850
1809
1825
1902
1989
2031
2008
1975
1982
2043
2199
2372
2440
2382
2224
2068
2323
2369
2527
2674
2779
2691
2381
2048
1825
1796
1978
2244
2522
2748
2847
2751
2571
2297
2054
1834
1611
1407
1271
1251
1401
1609
1801
1976
2202
2531
2875
3080
3049
2767
2369
1975
1705
1456
1244
1100
1107
1290
1546
1803
2082
2312
2454
2473
2337
2080
1805
1623
1541
1554
1655
1906
2230
2560
2704
2576
2315
2028
1802
1654
1582
1660
1937
2267
2517
2572
2477
2376
2426
2502
2435
2217
2014
1993
2065
1993
1785
1583
1634
2011
2472
2782
2804
2612
2313
2012
1824
1781
1843
1938
1942
1822
1769
1850
2034
2195
2197
2168
2235
2348
2397
2301
2091
2032
2123
2210
2162
2008
1813
1740
1715
1692
1672
1720
1832
2017
2288
2596
2797
2819
2614
2269
1907
1645
2388
2554
2640
2649
2525
2321
2042
1767
1575
1451
1394
1464
1651
1957
2271
2598
2818
2883
2831
2662
2400
2118
1854
1666
1611
1691
1856
2106
2344
2505
2542
2486
2293
2077
1818
1585
1401
1357
1413
1598
1873
2168
2410
2562
2608
2565
2448
2265
2105
1962
1894
1912
2038
2183
2326
2432
2489
2461
2356
2220
2054
1840
1716
1693
1723
1760
1850
1887
1949
2008
2114
2187
2258
2275
2273
2274
2289
2274
2231
2163
2049
1955
1886
1893
1991
2172
2377
2611
2759
2796
2727
2608
2423
2240
2100
1970
1866
1796
1782
1804
1786
1689
1579
1493
1471
1536
1711
1896
2074
2202
2314
2392
2352
2217
2045
1931
1900
2021
2199
2402
2528
2538
2524
2467
2362
2220
2088
1997
1676
1386
1241
1101
1059
1160
1348
1593
1823
2004
2165
2360
2570
2732
2873
3041
3240
3296
3027
2391
1629
942
532
353
441
757
1288
1933
2495
2856
3019
3092
3079
3067
2997
2849
2669
2437
2145
1760
1343
1011
864
905
1034
1215
1526
1974
2517
2982
3176
3087
2801
2473
2198
1952
1706
1542
1598
1734
1841
1808
1688
1610
1646
1773
1979
2177
2373
2532
2689
2819
2912
2865
2599
2152
1706
1423
1459
1736
2089
2339
2438
2468
2447
2344
2212
2043
1890
1893
2030
2201
2310
2376
2445
2546
2654
2573
2366
2057
1804
1717
1700
1793
1866
2044
2283
2401
2408
2292
2176
2221
2289
2284
2272
2319
2465
2566
2520
2321
2100
1940
1785
1515
1263
1200
1439
1785
752
737
1006
1462
2044
2665
3199
3489
3499
3215
2669
2014
1403
903
656
596
744
1061
1504
2032
2590
3101
3485
3714
3735
3561
3121
2515
1804
1119
611
394
506
911
1526
2267
3013
3603
3965
3996
3710
3154
2416
1634
997
512
281
419
811
1353
2016
2613
3112
3505
3699
3697
3496
3058
2446
1729
1053
577
289
223
406
816
1515
2371
3194
3819
4095
4095
4077
3597
2893
2029
1165
479
126
139
482
1021
1642
2288
2841
3301
3576
3618
3432
3086
2635
2185
1734
1326
1037
906
985
1273
1567
1847
2134
2427
2710
2979
3092
2982
2671
2246
1865
1674
1636
1791
1969
2136
2184
2155
2034
1910
1715
1500
1357
1379
1619
2005
2411
2770
2968
3003
1379
1403
1611
1946
2308
2654
2850
2914
2854
2742
2597
2408
2212
1947
1638
1338
1072
928
908
1025
1287
1623
1974
2293
2523
2626
2635
2546
2415
2307
2228
2164
2137
2110
2092
2112
2144
2189
2271
2332
2415
2459
2417
2335
2177
1957
1697
1475
1275
1138
1060
1054
1127
1340
1624
2031
2547
3116
3638
4050
4095
4095
4018
3560
2961
2299
1647
1103
722
475
324
291
353
486
762
1125
1565
2106
2638
3140
3533
3797
3949
3928
3759
3489
3121
2717
2310
1900
1507
1140
759
477
337
367
486
719
1006
1277
1492
1649
1768
1869
2040
2278
2618
3065
3545
3977
4095
4095
4095
4095
4054
3520
2861
2146
1447
824
367
37
0
1
1
24
323
799
4095
4095
3875
2860
1743
616
1
1
0
1
0
1
0
505
1677
2874
3967
4095
4095
4095
4095
4095
4095
4095
4095
3949
2849
1619
317
3
1
0
2
1
1
1
1
164
1271
2315
3186
3925
4095
4095
4095
4095
4095
4095
4095
4095
3617
3053
2401
1679
901
133
1
2
3
0
1
1
1
63
948
1887
2764
3618
4095
4095
4095
4095
4095
4095
4095
4095
4095
3392
1728
0
0
0
0
0
0
0
0
0
50
1434
2913
4095
4095
4095
4095
4095
4095
4095
4095
4095
3016
1603
292
1
0
0
0
0
0
1
655
1747
2833
3856
4095
4095
4095
4095
4095
4095
3420
2497
1624
893
342
21
1
21
