2076
2096
2075
2077
2100
2106
2076
2105
2113
2082
2071
2066
2099
2102
2077
2109
2090
2083
2105
2113
2103
2098
2104
2072
2107
2113
2095
2086
2067
2089
2098
2090
2092
2063
2080
2088
2080
2076
2074
2112
2091
2090
2085
2088
2091
2096
2116
2090
2072
2072
2094
2101
2100
2100
2084
2069
2065
2109
2092
2107
2091
2097
2079
2082
2086
2083
2092
2104
2104
2104
2072
2088
2074
2072
2103
2104
2090
2102
2083
2101
2068
2083
2081
2077
2071
2074
2097
2107
2113
2064
2078
2084
2104
2082
2091
2122
2099
2100
2111
2096
2102
2074
2073
2085
2085
2096
2111
2119
2124
2087
2093
2073
2110
2097
2111
2110
2122
2110
2099
2118
2081
2085
2114
2088
2084
2116
2094
2091
2099
2085
2092
2061
2075
2092
2100
2085
2097
2088
2097
2079
2085
2101
2089
2092
2077
2094
2090
2088
2096
2088
2070
2083
2082
2087
2085
2093
2091
2079
2081
2103
2077
2107
2093
2079
2082
2091
2075
2111
2086
2098
2121
2067
2082
2080
2084
2067
2081
2080
2087
2089
2084
2084
2079
2056
2067
2058
2086
2095
2099
2106
2091
2100
2073
2065
2073
2084
2073
2088
2093
2056
2068
2056
2094
2094
2097
2091
2093
2104
2106
2083
2084
2085
2071
2061
2088
2087
2085
2080
2078
2079
2107
2075
2102
2093
2101
2108
2095
2088
2080
2072
2076
2104
2082
2077
2095
2097
2088
2085
2095
2086
2054
2083
2141
2119
2092
2068
2089
2112
2096
2088
2096
2094
2104
2094
2067
2077
2102
2120
2099
2099
2095
2110
2110
2103
2080
2071
2075
2085
2070
2072
2035
2035
2022
2016
2019
2001
1995
2004
2032
2046
2065
2059
2073
2093
2102
2144
2168
2182
2179
2185
2184
2202
2186
2185
2190
2145
2171
2139
2157
2146
2099
2081
2044
2034
2032
2009
1980
1997
1987
1997
2008
2010
2040
2073
2080
2121
2137
2203
2243
2250
2293
2321
2326
2309
2319
2323
2283
2268
2263
2226
2208
2186
2155
2124
2085
2052
2044
2010
1984
1984
1965
1956
1925
1912
1906
1889
1908
1915
1906
1923
1923
1940
1969
1992
2030
2016
2030
2075
2082
2096
2126
2128
2157
2177
2160
2177
2143
2148
2168
2161
2181
2165
2155
2140
2133
2128
2112
2080
2072
2080
2065
2045
2070
2042
2106
2073
2066
2045
2033
2019
2014
2037
2040
2077
2111
2160
2169
2182
2175
2142
2110
2093
2056
2027
2040
2033
2044
2091
2120
2155
2169
2191
2191
2167
2127
2085
2043
2023
2016
2030
2050
2090
2146
2192
2197
2196
2177
2129
2063
2039
2022
2003
2016
2040
2075
2129
2187
2242
2255
2238
2202
2156
2103
2055
2007
1998
1987
2007
2091
2141
2194
2239
2254
2226
2180
2122
2059
2018
1964
1944
1961
2003
2035
2089
2150
2195
2214
2193
2164
2101
2083
2052
2046
2064
2089
2133
2190
2237
2248
2263
2251
2174
2108
2023
1943
1898
1888
1942
1983
2108
2179
2268
2328
2336
2298
2220
2135
2030
1915
1856
1832
1832
1893
1968
2044
2157
2200
2238
2253
2216
2156
2075
2070
2136
2142
2162
2157
2111
2049
2007
1958
1958
2069
2164
2160
2159
2133
2080
2016
2017
2025
2089
2149
2134
2165
2173
2132
2082
2073
2106
2061
2043
2036
2066
2079
2068
2075
2103
2155
2165
2128
2132
2130
2150
2138
2138
2091
2069
2058
2111
2157
2241
2256
2218
2153
2067
1963
1884
1921
2001
2123
2188
2209
2202
2163
2093
2030
1985
2024
2035
2059
2135
2257
2261
2180
2119
2062
2012
1987
2006
2092
2169
2192
2182
2144
2112
2028
1951
1931
1966
2082
2200
2240
2240
2127
1969
1885
1889
1918
2026
2207
2273
2308
2222
2142
2044
1970
1905
1907
2031
2219
2362
2344
2213
2088
1940
1904
1933
2058
2153
2181
2135
2080
2009
1982
2018
2083
2142
2192
2222
2022
2066
2035
2045
2142
2166
2149
2172
2115
2052
2081
2098
2097
2080
2002
2035
2047
2085
2094
2144
2154
2111
2116
2085
2048
2075
2187
2266
2300
2266
2190
2107
2014
1944
1971
2034
2080
2140
2128
2034
1963
1974
2042
2119
2199
2175
2037
1913
1961
2041
2106
2123
2151
2222
2283
2177
2078
1946
1853
1966
2136
2211
2175
2032
1872
1847
1941
2063
2087
2138
2190
2156
2029
1971
1908
1915
2094
2282
2379
2374
2292
2184
2159
2116
2091
2042
2113
2150
2115
2037
2019
1973
1994
2022
2147
2187
2181
2168
2182
2197
2130
2029
1998
1968
2052
2145
2214
2175
2123
2074
2037
1990
1947
1965
2016
2077
2132
2164
2163
2119
2122
2169
2235
2271
2239
2112
1978
1912
2211
2240
2213
2097
1976
1981
2034
2067
2110
2132
2134
2134
2032
2016
2040
2102
2158
2127
2053
2021
2030
2078
2062
2108
2172
2173
2066
1932
2001
2242
2327
2275
2076
1956
2016
2169
2204
2185
2232
2233
2152
2007
1904
1969
2106
2261
2299
2251
2106
1927
1859
2024
2289
2399
2335
2171
1985
1898
1923
2083
2230
2352
2367
2264
2092
1980
1944
1995
2081
2136
2078
1972
1961
1969
1996
2055
2118
2188
2233
2146
1966
1789
1813
1975
2125
2204
2208
2183
2198
2154
2024
2001
2027
2065
2057
1994
1963
1994
2152
2192
2148
2151
2182
2097
1975
1924
1990
2057
2101
2095
2019
1988
2002
2017
2085
2165
2224
2203
2138
2027
1959
1968
2085
2152
2234
2327
2308
2152
2029
2000
1963
1928
1963
2056
2131
2092
2041
2048
2052
2054
1993
2015
2132
2318
2417
2291
2061
1894
1865
2018
2144
2237
2294
2285
2219
2115
1993
1903
1996
2139
2223
2167
2089
2024
2010
2080
2127
2133
2117
2166
2183
2136
2044
1964
1931
2033
2146
2242
2259
2165
2015
1916
1948
2069
2218
2246
2172
2087
2009
1942
1896
1989
2169
2313
2346
2234
2034
1911
1890
2005
2143
2298
2363
2320
2231
2059
1994
1976
2016
2096
2124
2090
2039
2016
2096
2252
2358
2333
2138
1933
1845
1979
2192
2379
2392
2211
1946
1864
1950
2142
2152
2024
1944
2053
2170
2200
2045
1863
1818
1982
2158
2311
2308
2246
2147
1994
1883
1860
1919
1975
2052
2134
2188
2118
1986
1935
2109
2282
2307
2169
2003
1955
2091
2279
2385
2318
2097
1922
1951
2165
2425
2502
2329
2007
1766
1731
1882
2124
2253
2245
2119
2000
1987
2054
2142
2167
2096
1947
1923
2070
2289
2485
2592
2466
2159
1845
1724
1831
2081
2268
2335
2266
2157
2088
2070
2094
2110
2061
1998
1981
2009
2055
2118
2149
2131
2086
2068
2079
2167
2269
2337
2348
2263
2135
2020
1973
1998
2083
2148
2144
2128
2095
2054
2011
1996
1936
1862
1837
1967
2172
2345
2383
2264
2021
1851
1888
2088
2328
2438
2348
2141
1959
1931
1994
2094
2108
2081
2025
1967
2020
2175
2335
2344
2221
1992
1811
1788
1947
2173
2342
2316
2083
1852
1757
1879
2126
2318
2325
2151
1877
1733
1816
2114
2380
1695
1619
1957
2321
2590
2626
2308
1855
1743
2040
2291
2391
2238
2022
1768
1781
2222
2744
2773
2307
1879
1757
1876
2209
2592
2758
2432
1880
1603
1842
2262
2435
2218
1870
1591
1531
1929
2552
2700
2249
1728
1532
1780
2333
2753
2768
2313
1704
1394
1541
2002
2442
2515
2135
1759
1643
1824
2099
2223
2196
2216
2261
2202
2036
1927
2013
2081
1996
2008
2152
2169
2107
2017
1928
1993
2313
2538
2456
2019
1481
1337
1657
2179
2462
2451
2232
1986
1848
1857
2043
2294
2310
2200
2073
1947
1949
2122
2238
2178
2144
2217
2295
2381
2364
2189
1961
1826
1706
1685
1904
2173
2280
2308
2337
2170
1897
1789
1812
1857
1845
1879
2000
2134
2098
1998
2019
2148
2215
2015
1947
1872
1724
1597
1616
1852
2391
2987
3000
2304
1565
1276
1345
1570
2020
2482
2646
2554
2216
1600
1281
1718
2534
3008
3015
2483
1623
1144
1295
1730
2132
2465
2563
2405
2131
1681
1290
1456
2131
2812
3054
2774
2053
1412
1454
2074
2612
2738
2558
2281
1884
1617
1783
2147
2318
2453
2498
2062
1441
1206
1411
1959
2545
2717
2419
1884
1390
1393
1959
2555
2793
2844
2605
2007
1471
1402
1723
2268
2745
2882
2499
1681
1019
1061
1675
2306
2879
3115
2553
1616
1188
1343
1672
2272
2910
3003
2395
1729
1365
1336
1681
2453
3116
3083
2452
1783
1246
991
1483
2487
3087
2965
2536
2042
1596
1610
2136
2605
2636
2440
2103
1614
1367
1711
2363
2822
3030
1497
1616
1820
2183
2632
2861
2642
1927
1098
775
1278
2201
2991
3223
2937
2473
1890
1343
1090
1266
1922
2846
3426
3237
2392
1479
1026
1195
1677
2198
2640
2996
3229
3135
2594
1774
1260
1349
1845
2400
2753
2885
2783
2448
2033
1694
1664
1899
2172
2271
2122
1927
1808
1958
2458
3062
3192
2687
1812
1157
1049
1420
1940
2360
2600
2697
2576
2250
1994
2103
2498
2775
2498
1754
1134
1224
1944
2713
3124
3115
2822
2408
2056
1908
2038
2322
2337
1994
1516
1246
1400
1935
2685
3163
2991
2173
1216
751
1064
1913
2950
3709
3883
3443
2534
1382
404
23
509
1539
2589
3053
2923
2559
2253
2173
2071
1858
1650
1548
1611
1924
2421
2850
2905
2501
1870
1315
852
905
1334
1991
2770
3414
3728
3601
3002
2211
1489
1056
1030
1271
1695
2174
2639
2917
2878
2513
2021
1614
1474
1588
1831
2124
2256
2255
2128
2074
2230
2523
2814
2847
2529
1992
1461
1100
1058
1458
2191
3018
3636
3690
3079
2019
904
195
164
878
2067
3302
3965
3713
2633
1251
214
31
746
2102
3496
4095
4095
3155
1617
303
1
745
2268
3654
4095
3594
2085
437
2
8
1306
3241
4095
4095
4095
2635
745
1
0
1180
2936
4082
4095
3343
2053
924
560
912
1795
2704
3159
2917
2176
1413
1085
1322
1840
2355
2793
3072
3175
3086
2744
2158
1549
1127
861
821
1104
1731
2592
3226
3298
2765
1908
1161
895
1196
2016
3129
4052
4095
7
0
2
0
637
1497
2407
3299
4095
4095
4095
4095
4095
4095
4095
4095
4095
4095
3978
3351
2674
2069
1434
883
428
72
0
2
0
1
55
302
601
970
1377
1798
2147
2479
2758
2988
3216
3424
3655
3868
4034
4095
4095
4095
4008
3799
3553
3223
2890
2562
2305
2083
1873
1626
1379
1117
910
688
513
409
332
313
307
291
249
184
119
81
66
88
197
344
482
678
920
1186
1494
1867
2241
2690
3158
3662
4095
4095
4095
4095
4095
4095
4095
4095
4095
4095
4095
4095
4095
4095
4095
4095
3920
3120
2303
1494
729
27
2
2
1
1
1
0
1
1
0
0
0
0
0
240
913
1545
2127
2669
3128
3561
1288
1037
797
570
346
98
1
1
0
0
1
0
0
0
0
0
0
0
0
0
1
0
1
0
0
0
0
0
310
841
1392
1922
2470
2973
3475
3942
4095
4095
4095
4095
4095
4095
4095
4095
4095
4095
4095
4095
4095
4095
4095
4095
4095
4095
4095
4095
3561
2983
2387
1811
1217
668
143
1
0
0
0
1
0
0
0
0
2
0
1
0
0
1
0
1
0
222
772
1338
1909
2467
2975
3478
3920
4095
4095
4095
4095
4095
4095
4095
4095
4095
4095
4095
4095
4095
4095
4095
4095
4095
3674
3198
2704
2246
1800
1362
929
529
181
2
1
1
2
1
1
1
1
2
0
2
1
2
