2081
2092
2065
2067
2087
2125
2096
2094
2105
2092
2079
2107
2067
2087
2096
2088
2094
2098
2100
2107
2102
2073
2074
2080
2062
2092
2132
2097
2104
2061
2092
2108
2079
2097
2120
2087
2088
2130
2169
2116
2093
2113
2092
2078
2092
2105
2100
2096
2132
2086
2073
2039
2047
2060
2099
2087
2058
2092
2072
2079
2117
2104
2113
2076
2114
2114
2088
2121
2110
2104
2103
2108
2071
2089
2110
2112
2081
2067
2085
2093
2043
2060
2041
2072
2106
2101
2113
2099
2056
2053
2064
2068
2111
2118
2118
2132
2136
2081
2088
2100
2132
2094
2102
2081
2120
2140
2084
2105
2120
2077
2125
2101
2104
2076
2093
2086
2106
2094
2087
2106
2118
2088
2098
2101
2114
2121
2120
2102
2090
2111
2087
2122
2118
2099
2066
2114
2082
2151
2098
2112
2119
2072
2082
2140
2061
2088
2132
2087
2072
2116
2102
2107
2115
2088
2134
2100
2093
2091
2129
2106
2094
2089
2112
2086
2088
2112
2102
2111
2091
2126
2130
2102
2093
2104
2117
2123
2103
2076
2124
2107
2061
2099
2127
2100
2146
2068
2116
2096
2118
2081
2083
2101
2075
2113
2112
2112
2121
2096
2119
2072
2071
2084
2049
2073
2127
2132
2109
2088
2082
2134
2093
2129
2088
2094
2094
2118
2131
2116
2119
2088
2092
2068
2110
2107
2104
2097
2096
2080
2094
2110
2081
2046
2063
2092
2143
2089
2088
2076
2064
2081
2056
2111
2099
2081
2088
2101
2104
2120
2095
2108
2094
2094
2058
2107
2101
2113
2083
2129
2073
2066
2095
2073
2042
2034
2062
2115
2058
2099
2092
2100
2117
2136
2152
2152
2192
2188
2182
2189
2187
2185
2147
2104
2118
2128
2078
2040
2072
2044
2085
2081
2079
2082
2077
2119
2066
2080
2094
2109
2137
2110
2129
2127
2154
2149
2141
2135
2163
2136
2125
2134
2124
2079
2064
2067
2048
2079
1997
2009
2006
2014
2044
2012
2012
2012
2037
2016
2046
2071
2052
2021
2021
2031
2063
2110
2062
2078
2075
2087
2068
2092
2136
2084
2091
2095
2150
2167
2160
2135
2170
2169
2140
2180
2187
2178
2198
2212
2201
2214
2202
2245
2198
2201
2239
2198
2204
2160
2155
2150
2174
2166
2197
2178
2143
2193
2126
2144
2094
2088
2082
2077
2046
2052
2054
2093
1951
1957
1986
2000
2009
2057
2050
2066
2090
2106
2103
2108
2159
2146
2181
2156
2159
2223
2202
2230
2193
2174
2164
2136
2110
2032
1956
1955
1902
1889
1908
1914
1886
1899
1958
2053
2080
2146
2210
2267
2250
2294
2307
2248
2245
2158
2119
2040
2001
1967
1923
1913
1892
1971
1953
2016
2038
2094
2150
2178
2253
2234
2241
2234
2238
2198
2106
2119
2067
2026
2023
1983
1994
2010
2043
2042
2064
2102
2132
2154
2176
2157
2127
2129
2117
2110
2072
2087
2056
2042
2049
2085
2108
2095
2122
2144
2106
2113
2130
2126
2135
2133
2116
2120
2113
2120
2081
2094
2117
2131
2116
2139
2103
2094
2059
2074
2066
2109
2034
2080
2094
2107
2107
2098
2096
2098
2152
2152
2152
2025
1928
1950
1997
2035
2091
2129
2196
2262
2235
2195
2195
2151
2102
2055
2059
2141
2184
2196
2189
2212
2274
2232
2141
2054
2008
1986
1964
1986
2045
2056
2078
2075
2089
2156
2194
2148
2094
2082
2078
2056
1996
1955
1904
1860
1867
1917
2029
2096
2141
2150
2154
2136
2018
1968
1920
1866
1806
1802
1893
2038
2192
2260
2326
2421
2420
2321
2140
2023
1976
2006
2023
2034
2112
2204
2225
2148
2100
2104
2114
2041
2001
1981
2057
2096
2125
2176
2234
2283
2256
2151
2093
2072
2010
1929
1939
2005
2103
2163
2164
2224
2262
2250
2204
2100
2006
1959
1921
1916
1982
2070
2121
2201
2224
2247
2211
2183
2148
2077
2061
2025
2061
2137
2165
2182
2128
2089
2212
2086
1966
1959
1938
2001
2100
2181
2256
2264
2243
2205
2112
2002
1916
1891
1963
2029
2049
2082
2100
2130
2152
2077
1973
1930
1970
2065
2085
2095
2076
2124
2180
2136
2037
2064
2139
2224
2268
2230
2110
2040
2032
2034
1955
1958
2027
2155
2208
2179
2086
1984
1985
2068
2098
2050
2006
1978
1999
2012
2032
2036
2047
2141
2185
2207
2227
2264
2244
2197
2075
1941
1876
1924
1978
2027
2063
2176
2263
2236
2137
2129
2284
2404
2251
1912
1720
1830
2036
2153
2180
2212
2186
2104
2036
2189
2264
2224
2053
1952
1962
2061
2147
2170
2244
2211
2130
2128
2106
2015
1916
1956
2134
2275
2232
1989
1894
1954
2122
2245
2251
2109
1989
2070
2281
2309
2208
2050
2187
2187
2131
2077
2048
2040
2089
2117
2200
2233
2184
2151
2088
1998
2008
2015
2006
1996
2022
2076
2156
2212
2230
2167
2045
1953
1898
2007
2168
2335
2446
2332
2160
1970
1885
1864
1967
2134
2221
2316
2349
2294
2173
2045
1980
2000
2031
2154
2130
2063
2074
1981
2080
2113
2135
2112
2144
2262
2427
2536
2377
2162
1927
1790
1850
2068
2268
2248
2127
1892
1851
1976
2195
2300
2321
2237
2056
1965
1908
1857
1877
2039
2234
2323
2330
2176
2025
1904
1884
2042
2180
2288
2239
2132
1971
1863
1889
1965
2145
2226
2227
2157
2162
2088
2088
2078
2003
1960
1930
1972
2035
2008
2020
2115
2294
2385
2334
2136
1900
1815
1972
2207
2280
2206
2021
1986
1979
1990
1906
1965
2092
2136
2116
2104
2208
2268
2228
2067
1940
1916
1951
2040
2083
2108
2111
2108
2113
2088
2037
1960
1946
1994
2052
2112
2113
2079
2044
2071
2065
2060
2090
2131
2130
2102
2046
1994
1940
1945
1925
1965
2063
2153
2131
2074
2020
1933
1919
1978
2044
2067
2074
2088
2143
2184
2268
2234
2142
1956
1930
1997
2069
2108
2098
1988
2073
2229
2308
2229
2165
2090
2024
2096
2158
2185
2092
2019
2023
2037
2064
2047
2052
2052
2101
2034
2038
2024
2049
2143
2182
2178
2176
2052
2042
2113
2252
2332
2357
2250
2094
1912
1935
2010
2118
2300
2310
2216
2135
2047
1987
1964
1936
2036
2144
2169
2120
2059
2146
2194
2245
2214
2072
1946
1923
2009
2140
2163
2045
1964
1982
2031
2191
2181
1997
1992
1992
1924
1918
1945
1932
1826
1976
2142
2158
2108
2032
1774
1760
2048
2182
2231
2261
2112
1847
1798
1998
2145
2191
2234
2228
1922
1863
1979
1952
1910
2018
2024
2017
2062
2073
2016
1952
1999
2124
2220
2352
2309
2034
1820
1866
2070
2334
2534
2375
1980
1697
1729
1981
2250
2436
2362
2072
1878
2085
2306
2372
2339
2090
1776
1724
2017
2382
2520
2326
2008
1661
1653
2035
2302
2362
2252
1982
1762
1869
2225
2460
2469
2320
2111
1810
1795
2049
2371
2461
2279
2038
1937
1988
2152
2395
2422
2113
1787
1679
1934
2109
2134
2144
2165
2116
2057
1974
1894
1942
1924
1845
1954
2140
2208
2168
2109
2150
2287
2318
2315
1956
2011
2051
2048
2102
2090
1926
1752
1756
1806
1896
2177
2311
2196
1836
1473
1525
1822
2092
2291
2376
2201
1976
2055
2125
2094
2038
1982
1967
1998
2069
2322
2603
2629
2427
2108
1774
1684
1894
2087
2223
2273
2320
2246
2196
2288
2349
2302
2343
2304
2076
1936
1887
1768
1747
1987
2285
2414
2472
2368
2093
1751
1625
1642
1680
1959
2363
2598
2608
2490
2266
1939
1634
1586
1806
2048
2349
2558
2590
2338
2059
1858
1868
2027
2302
2535
2448
2152
1895
1855
1786
1877
2058
2087
2093
2149
2212
2268
2291
2195
1977
1808
1868
1960
2052
2200
2148
1849
1702
1795
1869
2111
2305
2186
1905
1816
1853
2037
2293
2418
2249
1933
1734
1671
1915
2317
2478
2350
1890
1741
1812
1953
1995
1958
2149
2606
2856
2607
2100
1510
1077
1065
1597
2401
2799
2471
1970
1688
1727
2019
2482
2797
2506
1950
1762
1990
2206
2260
2252
2213
1962
1682
1632
1870
1984
1994
2313
2688
2606
2038
1334
1024
1176
1775
2775
3550
3327
2247
1237
1052
1667
2480
2871
2537
1800
1354
1504
1819
2005
2312
2916
3193
2694
1593
715
540
1256
2490
3304
3126
2525
2111
1959
1868
2018
2272
2301
2168
2060
1700
1000
475
841
1908
3063
3715
3413
2434
1562
1633
2076
2270
2225
2213
2029
1639
1380
1197
1442
2132
3037
3233
2686
2273
2325
2393
2141
1834
1865
2145
2444
2136
1158
506
1270
2804
3680
3531
2808
1939
1389
1316
1614
1972
2355
2808
1182
1333
1810
2296
2499
2342
1996
1770
1890
2283
2719
2875
2549
1882
1283
1097
1468
2157
2804
3109
2828
2159
1622
1461
1685
2073
2401
2388
1970
1585
1627
2020
2444
2546
2333
1931
1614
1646
1989
2326
2374
2188
2002
1989
2064
2106
2027
1756
1557
1657
2091
2421
2434
2074
1759
1776
2180
2598
2515
1972
1428
1389
1858
2468
2683
2322
1643
1297
1634
2316
2794
2765
2389
2081
2043
2191
2301
2300
2077
1863
1764
1729
1692
1788
2155
2722
3030
2860
2313
1673
1378
1643
2250
2488
2027
1338
1168
1784
2776
3608
3911
3597
2778
1848
1205
1011
1208
1653
2157
2529
2672
2576
2314
2069
1983
2144
2359
2272
1895
1661
1776
2102
2431
2624
2627
2436
2154
1941
1
3
1150
3619
4095
4095
4095
2672
657
3
2
423
1955
3444
4095
4095
3677
2587
1626
1054
875
988
1238
1482
1666
1941
2388
2893
3224
3182
2802
2329
1925
1682
1631
1758
1837
1726
1390
1115
1123
1472
2118
2911
3604
3864
3497
2586
1552
819
686
1154
2047
2968
3415
3132
2302
1373
740
663
1203
2147
3102
3593
3324
2454
1505
971
1054
1677
2580
3335
3468
2749
1623
726
504
1090
2140
3100
3533
3189
2207
1084
456
646
1466
2477
3166
3282
2778
1991
1374
1160
1475
2027
2522
2736
2632
2362
2052
1777
1580
1464
1436
1527
1749
2258
3047
3658
3510
2523
1246
462
576
1437
2645
3714
4095
3620
2146
623
0
414
1689
2974
3604
3404
3037
980
0
1
1
2
3
1
0
0
1
1506
3464
4095
4095
4095
4095
4095
4095
4095
4095
3378
1216
3
1
2
1
0
0
432
2626
4095
4095
4095
4095
4095
4095
4095
2241
2
2
3
2
2
1
2
1
225
2389
4095
4095
4095
4095
4095
4095
4095
4095
3605
2267
1364
1010
1157
1577
1996
2196
2080
1688
1186
761
564
648
964
1419
1893
2332
2678
2958
3100
3034
2720
2098
1166
78
1
2
2
3
3
2
500
1702
2872
3955
4095
4095
4095
4095
4095
4095
4095
4095
4095
3553
2238
1057
101
2
1
1
1
1
1
4
1
1
479
1338
2289
3252
4095
4095
4095
4095
4095
4095
4095
4095
3650
3
3
1
1
2
1
389
1924
3387
4095
4095
4095
4095
4095
4095
4095
4095
4095
4095
4095
4095
4095
4095
4095
3935
2683
1432
220
1
1
1
2
3
2
1
3
0
0
1
1
3
1
4
2
58
1374
2854
4095
4095
4095
4095
4095
4095
4095
4095
4095
4095
4095
4095
4095
4095
4095
4095
4095
4095
4095
4058
2519
899
3
3
0
1
1
0
2
2
1
2
3
4
3
2
1
1
3
4
4
3
0
753
2568
4095
4095
4095
4095
4095
4095
4095
4095
4095
4095
4095
4095
4095
4095
4095
4095
4095
4095
4095
4095
3912
2224
488
3
4
3
4
2
2
4
3
3
3
4
1
4
