2123
2056
2072
2075
2056
2049
2069
2088
2065
2082
2070
2063
2068
2083
2102
2072
2133
2117
2150
2173
2157
2097
2063
2068
2091
2067
2120
2084
2034
2031
2034
2110
2098
2077
2101
2097
2070
2119
2114
2052
2148
2120
2139
2051
2075
2066
2075
2081
2065
2061
2097
2118
2126
2123
2132
2095
2094
2118
2112
2098
2084
2091
2084
2099
2059
2106
2088
2119
2093
2088
2105
2068
2100
2118
2156
2150
2064
2096
2040
2096
2097
2080
2094
2049
2098
2102
2089
2108
2061
2042
2088
2054
2060
2074
2103
2155
2134
2099
2103
2066
2036
2080
2111
2119
2105
2079
2085
2101
2122
2069
2072
2054
2036
2051
2025
2078
2113
2113
2057
2072
2080
2065
2078
2129
2158
2124
2096
2089
2054
2113
2114
2096
2090
2094
2089
2061
2103
2049
2065
2084
2081
2068
2092
2125
2097
2079
2120
2135
2105
2116
2086
2127
2126
2115
2109
2124
2130
2120
2116
2132
2100
2086
2093
2147
2126
2060
2088
2043
2082
2042
2048
2097
2092
2120
2129
2112
2080
2128
2151
2121
2128
2071
2084
2138
2107
2049
2062
2093
2073
2093
2095
2144
2095
2042
2094
2065
2106
2053
2074
2109
2074
2068
2076
2074
2063
2024
2064
2113
2117
2116
2117
2069
2036
2096
2102
2052
2065
2096
2103
2116
2132
2071
2087
2099
2075
2064
2062
2084
2108
2144
2056
2110
2114
2143
2098
2119
2113
2135
2091
2156
2061
2080
2088
2062
2134
2099
2098
2058
2097
2140
2166
2114
2075
2091
2077
2096
2113
2118
2130
2100
2126
2083
2107
2113
2119
2120
2157
2121
2155
2120
2128
2131
2139
2138
2094
2099
2106
2128
2116
2155
2164
2120
2171
2197
2193
2086
2171
2138
2142
2085
2089
2137
2084
2037
2065
2116
2027
2008
2025
1999
2038
2015
2032
2091
2117
2030
2042
2032
2053
2066
2066
2063
2044
2079
2063
1998
2019
2016
2020
2056
2096
2077
2090
2098
2046
2090
2110
2091
2124
2104
2113
2132
2110
2134
2097
2138
2169
2118
2107
2141
2118
2155
2176
2131
2125
2106
2111
2126
2121
2091
2122
2150
2134
2110
2130
2128
2118
2120
2098
2176
2122
2167
2205
2104
2101
2207
2152
2202
2226
2158
2176
2136
2145
2120
2124
2120
2087
2137
2101
2098
2142
2079
2090
2024
1964
1947
1994
2036
2014
2009
2048
2096
2092
2076
2104
2113
2112
2132
2145
2123
2166
2203
2191
2160
2124
2185
2170
2186
2169
2173
2173
2181
2148
2131
2102
2107
2092
2090
2024
2058
2080
2072
2066
2069
2093
2039
2050
2028
2065
2039
2054
2023
2029
2073
2106
2098
2140
2107
2139
2175
2130
2196
2139
2180
2230
2174
2224
2205
2230
2206
2118
2183
2120
2114
2132
2099
2082
2067
2012
1999
2032
2019
1968
1944
1968
1962
1949
2010
1968
1994
2038
2050
2100
2119
2029
2126
2158
2190
2205
2265
2243
2284
2235
2223
2253
2231
2154
2185
2098
2084
1969
1930
1948
1917
1898
1879
1858
1872
1905
1948
1918
2005
2040
2094
2082
2164
2190
2224
2291
2346
2369
2339
2000
1914
1884
1812
1886
1920
1899
1973
2051
2049
2117
2097
2120
2182
2087
2021
1972
1895
1860
1918
1936
2026
2156
2216
2351
2388
2436
2394
2322
2249
2145
2148
1984
1912
1937
1930
1924
1914
1985
2102
2206
2299
2383
2376
2302
2245
2123
2050
2070
1982
1888
1932
1937
2032
2165
2163
2186
2204
2245
2210
2244
2228
2197
2088
1954
1828
1834
1804
1816
1835
1971
2010
2169
2254
2271
2240
2210
2152
2161
2065
2007
1951
1931
1952
1937
1978
2102
2153
2264
2333
2335
2312
2253
2064
1869
1817
1768
1792
1849
2011
2090
2296
2370
2386
2424
2329
2195
2110
1975
1958
1955
2003
2043
2116
2133
2190
2174
2281
2296
2299
2194
2147
2064
1999
1923
1842
1788
1868
1993
1995
2061
2139
2238
2289
2282
2258
2152
1976
1935
1932
2031
2098
2192
2170
2148
2132
2084
2128
2151
2194
2182
2122
2085
2057
2058
1983
1942
1943
2076
2116
2227
2255
2291
2254
2210
2150
2070
2048
2074
2141
2102
2064
2041
2004
1970
2126
2237
2374
2384
2317
2170
2100
1948
1893
1906
1871
1937
2006
2070
2148
2152
2242
2357
2417
2379
2162
1990
1823
1831
1843
1898
2016
1984
1934
1997
1964
1994
2010
2062
2122
2145
2224
2318
2268
2224
2123
2083
2127
2194
2123
1992
1927
1992
2077
2210
2254
2195
2154
2070
2032
2040
2072
2095
2075
2096
2101
2133
2219
2213
2287
2350
2300
2074
1923
1884
1866
1943
2069
2248
2220
2171
2122
2082
2083
2039
2067
2052
2076
2044
1991
2003
2002
2076
2090
2105
2113
2049
2048
2067
2156
2286
2294
2221
2048
1957
1864
1953
2041
2140
2242
2227
2246
2209
2072
2040
2109
2237
2182
2216
2203
2248
2270
2355
2458
2419
2282
2041
1880
1815
1870
2003
2241
2280
2187
2001
1802
1750
1896
2060
2179
2113
2034
1995
2019
2039
2099
2064
1986
2003
2112
2192
2281
2205
2068
2042
1985
2051
2052
2005
1968
2054
2108
2207
2207
2311
2315
2302
2191
2023
1889
1792
1802
1894
2198
2377
2399
2293
2155
1888
1790
1852
1896
2077
2172
2202
2332
2206
2162
2087
1988
1984
2096
2241
2145
1983
1913
1855
1933
2032
2046
2065
2219
2275
2239
2018
1821
1803
1998
2194
2272
2362
2334
2344
2249
2378
2519
2451
2185
1880
1760
1817
2058
2404
2509
2400
2019
1755
1741
1962
2313
2648
2673
2420
2096
1672
1580
1826
2176
2387
2398
2216
1999
1838
1841
1820
2054
2159
2258
2132
2078
1958
2002
2043
2122
2154
2145
2178
2182
2171
2174
2192
2147
2055
1935
1944
2095
2340
2416
2473
2398
2204
2136
1969
2032
2168
2223
2226
2168
2086
2102
2178
2163
2163
2094
1940
1856
1867
2052
2265
2492
2462
2290
1978
1732
1694
1871
2211
2516
2545
2326
2066
1843
1853
2016
2209
2197
2073
1963
1866
1998
2218
2381
2319
2119
1870
1829
1845
2062
2284
2322
2123
1914
1815
1850
1913
2064
2209
2211
2018
1887
1816
1888
2100
2352
2424
2234
1972
1846
1827
1888
2004
2032
2109
1799
1764
1957
2226
2351
2330
2112
1950
1865
1936
2139
2301
2238
2066
1803
1786
2052
2365
2424
2222
1930
1761
1663
1839
2197
2490
2464
2115
1894
1849
1924
2185
2494
2523
2351
2064
1842
1840
1963
2038
2028
2012
2028
2101
2257
2382
2335
2137
1836
1646
1726
1983
2400
2606
2534
2267
1832
1541
1582
1868
2240
2351
2282
2109
2132
2280
2360
2382
2205
1975
1863
1840
2033
2207
2336
2262
2216
2167
2145
2152
2114
2111
2105
2032
1986
2098
2168
2272
2182
2176
2088
2091
2119
2165
2090
2086
2060
2111
2165
2074
2112
1973
1890
2016
2078
2120
2250
2249
2280
2126
1993
1963
2060
2114
2266
2235
2078
1939
1863
2052
2197
2299
2344
2224
2147
2012
1975
2400
2426
2070
1642
1512
1780
2152
2274
2128
1799
1548
1662
2052
2435
2595
2331
1959
1775
1842
2067
2336
2459
2316
2047
1791
1908
2209
2344
2280
2099
2015
2046
2084
2144
2140
2064
1936
1832
1978
2261
2480
2367
2093
1801
1686
1754
2022
2348
2452
2311
1986
1752
1743
2026
2395
2508
2371
2098
1826
1797
2033
2342
2578
2412
1990
1651
1930
2377
2689
2482
2088
1674
1708
2045
2357
2421
2370
2143
1912
1862
2059
2312
2488
2483
2311
1951
1723
1806
2157
2452
2477
2142
1919
1866
2082
2327
2409
2342
2140
2060
2005
2200
2336
2401
2362
2262
2147
2128
2093
2148
2214
2135
1965
1746
1833
1960
2095
2182
2220
2166
2098
2118
2312
2417
2351
2091
1974
1926
1900
1925
1944
1992
2016
2124
2058
1948
1934
2047
2163
2256
2369
2313
2122
2032
2060
2120
2120
2211
2374
2281
1969
1859
1892
1784
1858
2138
2275
2152
1988
1930
1944
2015
2191
2379
2266
2034
1873
1783
1817
2118
2356
2330
2302
2232
2194
2220
2317
2260
2054
2079
2163
2157
2124
2130
2027
1943
2172
2318
2270
2169
1959
1890
2006
2108
2336
2656
2648
2267
1883
1680
1878
2385
2666
2576
2163
1846
1729
1731
2069
2522
2616
2263
1860
1582
1617
1986
2255
2423
2331
1976
1905
2004
2080
2225
2372
2285
2020
2019
2082
2122
1949
1766
1745
1875
2193
2446
2554
2353
1926
1641
1718
2184
2630
2817
2592
1966
1346
1249
1797
2522
2892
2832
2148
1310
1016
1588
2302
2594
2656
2282
1964
1911
1836
1705
1800
2169
2396
2422
2565
2848
2778
2078
1399
1168
1172
1368
1939
2563
2492
2111
2020
1947
1859
1975
2151
2110
1983
2184
2411
2368
2081
1743
1487
1373
1659
2242
2718
2829
2740
2429
1993
1725
1708
1964
2267
2719
2976
2838
2520
1966
1394
1243
1672
2188
2640
2872
2723
2200
1768
1613
1736
2208
2503
2575
2364
1928
1461
1552
2044
2516
2750
2688
2232
1730
1578
1754
2105
2564
2863
2544
2014
1857
1914
1842
1938
2272
2390
2090
1747
1564
1424
1510
1997
2361
2320
2206
2026
1753
1672
2013
2264
2337
2300
2252
2203
2209
2208
2188
2277
2321
2226
2176
2093
1896
2005
2271
2219
1958
1931
2025
2038
2155
2307
2206
2207
2005
1290
360
1
342
1995
3896
4095
4095
3750
2027
318
0
3
986
2562
3632
3814
3264
2434
1652
1265
1275
1332
1317
1498
2300
3538
4095
4095
3539
2190
1034
303
270
988
2118
2838
2700
1927
1305
1290
1872
2800
3653
3942
3312
2146
1313
1070
1043
814
565
750
1545
2531
3346
3858
4007
3483
2114
485
2
174
1429
2756
3413
3118
2222
1179
594
783
1543
2412
3096
3447
3366
2901
2262
1827
1521
1146
796
888
1651
2731
3579
3953
3864
3157
1913
586
4
521
1802
2978
3400
3029
2362
1790
1500
1697
2300
2810
2894
2448
1645
959
854
1433
2233
2662
2682
2565
2478
2269
2032
2064
2447
2610
2167
1417
1025
1061
1196
1467
1974
3
4
1
1393
3460
4095
4095
4095
4095
3472
651
2
3
1
1
605
3693
4095
4095
4095
4095
3132
500
3
2
2
2
884
2795
4095
4095
4095
4095
3691
2313
1014
75
1
1
578
1432
2185
2710
3205
3811
4095
4095
4095
4095
2938
1250
1
3
2
2
711
2640
4095
4095
4095
4095
3102
2030
1256
819
690
780
982
1306
1644
1955
2188
2337
2379
2360
2384
2550
2888
3300
3643
3707
3333
2513
1398
201
3
1
2
188
1738
3505
4095
4095
4095
3942
2616
1358
514
345
786
1571
2396
2906
2910
2400
1537
639
13
0
373
1394
2710
4007
4095
4095
4095
4095
3468
2161
872
2
2
1
718
1760
2702
3130
2967
1
1
338
3259
4095
4095
4095
4095
4095
4095
4095
4095
4095
2094
0
2
2
3
3
4
0
2
2
339
2618
4095
4095
4095
4095
4095
4095
4095
4095
4095
3756
2314
904
2
2
2
2
3
2
1
1
2
522
1932
3304
4095
4095
4095
4095
4095
4095
4095
4095
4095
3927
2552
1039
2
1
2
1
1
1
2
2
2
1206
2971
4095
4095
4095
4095
4095
4095
4095
4095
4095
4095
3195
1779
390
2
4
3
2
2
3
4
2
2
2
1033
2885
4095
4095
4095
4095
4095
4095
4095
4095
4095
4095
3576
2588
1703
904
181
2
0
2
3
1
3
4
1
0
1
567
1901
3235
4095
4095
4095
