2081
2068
2089
2098
2092
2096
2098
2104
2090
2089
2093
2103
2090
2068
2091
2098
2117
2105
2086
2096
2108
2096
2101
2094
2104
2089
2096
2084
2074
2065
2068
2080
2091
2083
2083
2101
2088
2094
2099
2101
2112
2094
2101
2087
2101
2090
2097
2096
2089
2088
2092
2099
2113
2102
2105
2094
2091
2099
2087
2083
2111
2095
2103
2086
2097
2120
2094
2087
2092
2085
2091
2088
2097
2092
2080
2074
2086
2094
2082
2097
2078
2068
2068
2062
2085
2099
2092
2094
2087
2097
2077
2091
2100
2088
2084
2087
2096
2117
2097
2070
2084
2092
2096
2099
2111
2101
2088
2118
2111
2088
2094
2101
2094
2083
2100
2093
2098
2104
2099
2104
2099
2107
2105
2099
2106
2079
2096
2084
2088
2089
2092
2089
2079
2087
2086
2094
2116
2085
2113
2102
2093
2091
2087
2089
2086
2084
2105
2111
2101
2080
2084
2098
2106
2103
2108
2115
2095
2114
2091
2085
2082
2093
2101
2088
2098
2128
2095
2085
2092
2075
2088
2101
2101
2105
2108
2086
2083
2096
2096
2096
2097
2112
2091
2079
2076
2080
2092
2068
2074
2078
2092
2082
2099
2076
2083
2080
2076
2073
2095
2093
2102
2074
2095
2102
2090
2087
2094
2102
2100
2097
2084
2081
2097
2096
2080
2086
2084
2097
2109
2101
2086
2104
2085
2086
2082
2098
2117
2116
2096
2083
2099
2108
2104
2096
2092
2089
2068
2076
2067
2091
2085
2078
2080
2106
2099
2098
2111
2095
2112
2084
2092
2107
2111
2104
2103
2091
2105
2098
2090
2109
2100
2112
2105
2107
2104
2104
2103
2106
2092
2121
2120
2100
2103
2098
2100
2096
2094
2094
2104
2102
2104
2114
2094
2114
2097
2098
2099
2081
2081
2088
2105
2104
2103
2098
2116
2109
2104
2099
2107
2091
2097
2098
2104
2096
2097
2079
2101
2095
2112
2122
2112
2104
2075
2086
2106
2100
2091
2096
2084
2102
2091
2096
2102
2104
2104
2080
2067
2095
2103
2109
2115
2087
2088
2088
2093
2095
2109
2109
2088
2077
2066
2072
2060
2063
2097
2100
2098
2090
2086
2082
2098
2113
2092
2083
2095
2088
2090
2106
2088
2060
2077
2084
2096
2081
2075
2095
2087
2086
2089
2087
2091
2116
2117
2109
2106
2099
2086
2106
2113
2108
2077
2099
2100
2094
2091
2084
2110
2102
2112
2087
2091
2088
2098
2099
2084
2076
2090
2098
2122
2099
2099
2085
2061
2066
2092
2088
2081
2068
2056
2062
2057
2075
2072
2062
2070
2065
2051
2058
2045
2060
2049
2055
2060
2052
2058
2050
2047
2030
2034
2043
2032
2040
2060
2066
2041
2039
2041
2061
2062
2049
2055
2064
2079
2058
2070
2062
2075
2060
2083
2093
2068
2083
2070
2074
2096
2102
2099
2088
2104
2089
2113
2126
2124
2127
2116
2111
2110
2114
2120
2130
2130
2107
2120
2111
2131
2152
2145
2154
2140
2144
2129
2146
2132
2113
2123
2121
2140
2110
2108
2107
2117
2115
2099
2118
2125
2100
2101
2103
2107
2103
2108
2124
2108
2112
2109
2086
2072
2075
2100
2068
2084
2078
2152
2138
2141
2133
2110
2129
2147
2147
2145
2139
2148
2151
2168
2168
2184
2179
2174
2172
2172
2149
2136
2117
2114
2084
2068
2042
2032
2019
2011
2011
1995
1978
1996
2004
2014
2002
2024
2025
2037
2054
2048
2039
2079
2096
2106
2083
2096
2113
2146
2152
2155
2153
2161
2176
2168
2167
2164
2139
2144
2128
2088
2075
2075
2071
2056
2039
2027
2029
2029
2041
2049
2054
2036
2070
2072
2096
2105
2103
2120
2125
2141
2149
2161
2156
2165
2185
2185
2193
2202
2181
2192
2177
2164
2143
2130
2111
2106
2116
2096
2081
2071
2043
2064
2061
2040
2022
2008
1997
1985
1960
1965
1974
1979
2000
2023
2022
2054
2034
2058
2065
2050
2045
2044
2037
2037
2038
2016
2022
2222
2266
2253
2240
2218
2199
2175
2145
2081
2039
1994
1962
1928
1896
1884
1913
1947
1980
2042
2085
2129
2178
2193
2180
2179
2145
2114
2069
2017
1987
1998
2002
2014
2047
2103
2160
2227
2280
2371
2412
2452
2435
2401
2350
2289
2195
2095
2000
1914
1857
1772
1771
1787
1791
1853
1915
2017
2088
2181
2217
2232
2229
2213
2178
2129
2038
1998
1938
1884
1862
1840
1848
1902
1976
2052
2135
2196
2280
2352
2360
2355
2324
2292
2208
2116
2043
1956
1899
1873
1874
1851
1881
1962
2061
2125
2198
2268
2308
2326
2334
2295
2217
2143
2051
1968
1922
1888
1866
1906
1959
2037
2112
2222
2286
2345
2382
2367
2364
2317
2257
2181
2098
2010
1946
1876
1866
1873
1930
2084
2050
1980
1940
1939
1977
2022
2084
2136
2156
2149
2168
2210
2227
2220
2199
2177
2168
2157
2088
2035
1999
2027
2060
2117
2146
2183
2228
2248
2263
2228
2191
2129
2028
1967
1920
1868
1849
1849
1855
1883
1961
2079
2132
2155
2233
2316
2400
2385
2313
2252
2198
2158
2111
1993
1907
1872
1919
1971
1988
1964
1916
1953
2056
2136
2153
2117
2121
2225
2322
2387
2363
2261
2190
2171
2208
2160
2088
2016
1989
1982
1988
1976
1946
1943
1977
2058
2143
2189
2174
2163
2120
2079
2066
2024
1978
1885
1864
1890
1969
2066
2130
2199
2275
2394
2447
2391
2251
2128
2095
2104
2037
1893
1784
1740
1791
1855
1876
1914
2011
2139
2227
2293
2319
2381
2371
2322
2244
2287
2232
2200
2174
2203
2236
2297
2304
2297
2226
2159
2086
2038
2034
2025
2029
2052
2062
2088
2114
2131
2178
2156
2126
2122
2114
2091
2062
2049
2060
2060
2064
2066
2069
2051
2034
2040
2038
2042
2042
2015
1994
1998
2042
2077
2103
2111
2091
2070
2050
2056
2102
2065
2042
1976
1899
1849
1840
1914
2026
2150
2293
2395
2509
2592
2629
2598
2493
2331
2116
1916
1764
1685
1688
1753
1876
1970
2082
2192
2271
2356
2367
2353
2278
2157
2029
1945
1908
1935
1971
1983
2011
2015
2005
2045
2095
2179
2240
2273
2286
2293
2275
2267
2216
2160
2101
2059
2030
2013
2048
2081
2105
2086
2061
2039
2008
1952
1923
1924
1889
1880
1935
2005
2094
2171
2221
2240
2248
1963
2003
2048
2002
2022
2038
2100
2149
2143
2151
2172
2221
2288
2263
2185
2145
2118
2051
2018
2018
2037
2034
2042
2091
2160
2242
2264
2244
2229
2236
2207
2116
1998
1883
1793
1722
1702
1741
1833
2030
2228
2389
2471
2437
2359
2210
2037
1901
1816
1719
1599
1648
1824
2017
2117
2121
2161
2288
2410
2418
2248
2013
1834
1822
1898
1993
2044
2068
2146
2254
2331
2342
2299
2213
2166
2104
2019
1921
1882
1869
1949
2096
2295
2514
2683
2713
2636
2459
2222
1985
1803
1604
1417
1299
1297
1521
1886
2284
2545
2691
2703
2643
2559
2409
2200
1963
1742
1563
1456
1511
1729
2070
2327
2444
2482
2485
2457
2351
2212
2019
1849
1705
1640
1715
1921
2102
2230
2271
1824
2142
2416
2564
2502
2340
2196
2100
2077
2071
2028
1969
1929
1916
1893
1816
1699
1697
1781
1965
2192
2412
2566
2677
2802
2843
2753
2550
2299
2023
1885
1899
1946
1971
1921
1840
1741
1724
1724
1753
1803
1917
2092
2241
2415
2556
2597
2585
2534
2440
2360
2275
2174
2036
1938
1838
1793
1746
1684
1656
1709
1768
1918
2008
2061
2103
2113
2162
2252
2348
2315
2242
2124
2024
1989
1982
1995
2062
2141
2202
2238
2198
2105
2008
1870
1704
1587
1597
1740
1964
2232
2436
2551
2504
2367
2218
2104
2047
2070
2109
2197
2288
2380
2353
2270
2076
1884
1814
1871
1990
2154
2226
2295
2312
2376
2467
2507
2446
2300
2126
1922
1731
1537
1376
1321
1429
1743
2173
2384
2134
1849
1666
1577
1619
1760
1972
2205
2437
2569
2590
2468
2201
1876
1618
1383
1274
1320
1472
1703
1964
2242
2502
2687
2745
2699
2538
2300
2012
1787
1662
1597
1633
1730
1913
2128
2320
2472
2557
2525
2441
2286
2157
2018
1883
1839
1821
1880
2051
2175
2343
2460
2531
2541
2518
2408
2250
2121
2044
2052
2080
2138
2191
2281
2277
2279
2263
2188
2106
2036
1970
1908
1923
1946
2017
2127
2188
2232
2179
2098
2026
1991
1946
1964
2000
2077
2160
2234
2286
2267
2191
2074
1906
1743
1624
1608
1679
1830
2045
2268
2483
2606
2665
2651
2505
2314
2083
1834
1642
1540
1538
1661
1858
2087
2382
2576
2653
2643
2550
2375
2153
1960
1832
1738
1743
1799
1884
1021
1234
1591
1984
2349
2667
2903
2977
2808
2512
2190
1948
1830
1762
1613
1448
1298
1359
1553
1790
2018
2305
2678
3054
3198
3037
2626
2172
1843
1732
1701
1685
1639
1694
1873
2197
2446
2496
2417
2303
2376
2525
2737
2789
2688
2512
2244
1930
1560
1216
1074
1263
1731
2202
2575
2694
2698
2662
2649
2519
2306
1993
1817
1820
1918
2070
2148
2201
2172
2138
2124
2127
2268
2508
2697
2636
2468
2244
2052
1833
1572
1315
1270
1589
2164
2642
2854
2762
2551
2387
2230
1979
1589
1264
1222
1448
1767
2013
2147
2258
2357
2432
2416
2447
2506
2607
2648
2441
2087
1645
1312
1049
825
671
654
939
1515
2216
2848
3287
3534
3612
3492
3148
2608
1973
1446
1133
1912
2475
2908
3154
3140
2814
2316
1677
1113
672
512
683
1095
1667
2298
2866
3294
3489
3450
3128
2581
1882
1219
676
392
386
684
1257
2006
2848
3597
4088
4095
4056
3474
2621
1673
804
229
92
388
1037
1824
2583
3151
3457
3569
3498
3280
2919
2462
1968
1462
1030
783
746
876
1167
1574
2078
2639
3217
3695
3886
3733
3303
2637
1877
1198
776
666
856
1207
1638
2039
2375
2552
2623
2610
2508
2415
2319
2250
2160
2145
2121
2146
2216
2272
2284
2275
2203
2114
2001
1912
1781
1613
1410
1308
1348
1611
2049
2504
2910
3153
3214
3059
2725
2244
1698
1229
881
773
884
1163
1578
2041
2527
2966
3272
3422
3358
3119
2812
2391
1952
1496
1073
2454
2893
3297
3614
3749
3706
3478
3102
2658
2141
1537
1001
528
285
333
566
1011
1632
2270
2812
3209
3422
3433
3285
3039
2763
2411
2055
1695
1413
1232
1208
1364
1573
1865
2112
2354
2641
2841
3108
3273
3247
3021
2618
2121
1611
1209
940
824
814
924
1113
1451
1894
2391
2870
3307
3602
3686
3614
3443
3115
2746
2337
1903
1478
1103
827
676
678
813
1007
1296
1588
1903
2217
2525
2774
2942
3063
3067
2972
2866
2686
2490
2300
2106
1996
1928
1964
2112
2280
2464
2587
2614
2471
2271
1989
1651
1342
1096
917
800
794
910
1172
1537
1972
2338
2652
2803
2853
2782
2696
2602
2560
2538
2536
2594
2635
2730
2837
2861
2858
2685
2446
2107
1714
2325
1451
733
250
11
3
172
679
1373
2253
3125
3903
4095
4095
4095
4095
3547
2540
1427
361
2
0
0
0
328
1330
2430
3330
4037
4095
4095
4095
3915
3303
2627
1920
1225
599
80
1
0
2
2
83
718
1474
2217
2786
3171
3299
3178
2931
2621
2325
2137
2124
2226
2462
2814
3228
3612
3930
4095
4095
3903
3414
2670
1721
692
2
3
1
1
3
1
26
668
1467
2256
3019
3732
4095
4095
4095
4095
3842
3254
2632
2146
1859
1789
1876
2070
2277
2360
2318
2131
1849
1457
1005
512
37
1
0
0
0
0
494
1344
2186
2985
3773
4095
4095
4095
4095
4095
4095
4095
4095
3547
2132
854
0
0
0
0
1
