2095
2094
2096
2093
2092
2100
2097
2095
2092
2092
2089
2091
2094
2097
2095
2096
2101
2092
2091
2093
2093
2094
2092
2092
2105
2095
2102
2097
2094
2104
2096
2098
2089
2096
2095
2090
2085
2098
2098
2104
2098
2095
2097
2093
2088
2088
2091
2092
2089
2100
2101
2099
2102
2104
2094
2096
2099
2100
2100
2097
2096
2099
2102
2103
2095
2087
2098
2101
2098
2096
2093
2100
2098
2096
2097
2104
2103
2098
2097
2095
2092
2095
2097
2105
2096
2098
2096
2088
2093
2095
2104
2110
2106
2106
2095
2101
2104
2095
2101
2097
2102
2104
2106
2109
2110
2106
2100
2101
2105
2104
2101
2105
2107
2093
2092
2096
2102
2098
2106
2100
2098
2100
2095
2098
2101
2093
2096
2107
2050
2048
2052
2050
2066
2057
2062
2060
2056
2062
2064
2063
2060
2061
2062
2060
2059
2065
2070
2071
2066
2063
2075
2077
2079
2072
2075
2082
2078
2085
2085
2076
2086
2088
2089
2095
2100
2111
2096
2099
2110
2108
2112
2112
2109
2105
2109
2112
2118
2118
2117
2117
2116
2134
2128
2145
2139
2139
2134
2129
2144
2146
2147
2145
2150
2150
2150
2159
2159
2149
2157
2156
2156
2157
2156
2162
2161
2164
2168
2170
2160
2162
2162
2165
2162
2161
2161
2158
2156
2159
2153
2156
2157
2150
2152
2159
2157
2150
2148
2156
2156
2147
2140
2152
2149
2144
2147
2137
2134
2134
2130
2136
2129
2133
2126
2124
2122
2122
2123
2119
2120
2122
2123
2115
2111
2107
2106
2107
2062
2071
2080
2091
2092
2086
2086
2084
2071
2064
2081
2071
2071
2070
2070
2073
2069
2085
2095
2116
2111
2117
2142
2139
2168
2180
2192
2197
2196
2198
2209
2220
2216
2201
2195
2177
2180
2148
2113
2115
2066
2039
1998
1979
1938
1904
1877
1852
1813
1792
1773
1773
1760
1758
1751
1761
1782
1786
1832
1873
1909
1956
1992
2058
2104
2154
2212
2254
2294
2337
2372
2409
2424
2446
2464
2457
2469
2455
2445
2435
2386
2364
2336
2312
2276
2242
2206
2180
2167
2150
2145
2138
2127
2137
2143
2153
2166
2192
2213
2217
2248
2248
2278
2269
2275
2272
2267
2244
2242
2214
2180
2171
2148
2115
2078
2050
2026
1992
1975
1964
1951
1932
1940
1938
1936
1955
1965
1973
1920
1964
1992
2008
2025
2014
2027
2041
2079
2127
2198
2267
2341
2418
2465
2464
2448
2412
2348
2260
2185
2095
2016
1968
1932
1906
1888
1862
1840
1813
1763
1731
1698
1682
1675
1701
1752
1834
1918
2011
2101
2202
2286
2360
2420
2465
2502
2516
2515
2494
2465
2405
2338
2270
2182
2088
2020
1946
1900
1891
1913
1953
2039
2128
2208
2288
2360
2393
2416
2384
2354
2297
2230
2175
2111
2075
2052
2054
2047
2066
2070
2092
2080
2072
2058
2046
2029
1993
1976
1934
1895
1867
1825
1799
1763
1728
1717
1708
1711
1748
1792
1872
1968
2074
2178
2285
2377
2455
2500
2520
2516
2486
2457
2412
2350
2292
2243
2202
2168
2129
2105
2066
2034
1990
1951
1888
1836
1792
2528
2498
2426
2331
2215
2082
1934
1789
1661
1572
1519
1525
1589
1708
1867
2060
2259
2429
2573
2652
2669
2600
2470
2277
2048
1825
1630
1484
1435
1472
1592
1769
1976
2182
2352
2468
2525
2530
2478
2402
2318
2223
2146
2089
2033
1990
1954
1930
1920
1921
1943
1989
2056
2144
2248
2354
2457
2508
2517
2474
2374
2233
2069
1904
1739
1612
1539
1522
1551
1622
1757
1896
2046
2181
2280
2346
2383
2392
2383
2360
2340
2323
2290
2261
2216
2176
2131
2100
2079
2064
2060
2072
2082
2103
2113
2127
2143
2168
2189
2234
2285
2338
2399
2438
2436
2400
2335
2218
2092
1967
1866
1811
1803
1870
1959
2077
2167
2244
2262
2238
2158
2046
1933
1810
1736
1701
1724
1789
1764
1664
1581
1549
1606
1749
1899
2013
2108
2240
2446
2688
2870
2925
2873
2779
2647
2487
2234
1940
1694
1561
1499
1440
1314
1205
1216
1355
1568
1750
1882
2017
2180
2391
2574
2677
2720
2722
2697
2642
2548
2440
2300
2116
1872
1619
1463
1456
1556
1645
1665
1594
1577
1684
1906
2108
2176
2140
2098
2139
2269
2418
2506
2567
2583
2606
2620
2622
2600
2550
2446
2279
2040
1794
1636
1584
1576
1519
1431
1332
1329
1462
1666
1878
2005
2096
2200
2328
2481
2597
2649
2644
2597
2516
2438
2338
2210
2082
1957
1875
1854
1854
1868
1889
1892
1929
1944
1915
1850
1751
1693
1762
1962
2256
2543
2722
2758
2701
2634
2636
2708
2771
2720
2528
2247
1995
1830
1756
2313
2467
2518
2472
2330
2120
1877
1661
1509
1447
1494
1624
1825
2064
2303
2508
2657
2733
2724
2625
2438
2197
1940
1718
1588
1608
1762
2046
2392
2729
2998
3170
3219
3144
2948
2652
2281
1885
1498
1199
1037
1046
1200
1470
1765
2046
2250
2372
2405
2374
2289
2177
2050
1941
1879
1880
1949
2088
2266
2447
2600
2706
2744
2719
2640
2515
2339
2150
1965
1807
1707
1691
1754
1862
2006
2152
2268
2349
2376
2364
2305
2220
2127
2019
1920
1820
1746
1674
1620
1576
1555
1590
1650
1728
1829
1937
2022
2084
2134
2178
2235
2316
2420
2520
2613
2644
2634
2557
2439
2287
2113
1924
1737
1564
1418
1311
1272
1314
1432
1613
1840
2080
2287
2462
2585
2656
2668
2626
2066
1967
1931
1943
1998
2035
2056
2000
1884
1781
1740
1760
1736
1618
1506
1528
1789
2230
2675
2998
3162
3208
3225
3171
2942
2502
1945
1458
1183
1080
1014
890
765
792
1065
1497
1919
2194
2355
2553
2875
3266
3566
3569
3252
2725
2133
1634
1240
923
652
464
453
696
1155
1762
2393
2964
3383
3634
3742
3758
3686
3498
3139
2624
2097
1648
1336
1091
861
687
632
723
909
1124
1353
1654
2058
2550
3032
3428
3679
3766
3700
3514
3240
2867
2365
1769
1219
882
821
938
1061
1128
1242
1522
1923
2262
2409
2382
2353
2422
2572
2682
2720
2716
2699
2664
2561
2352
2084
1801
1546
1340
1183
1096
1086
1160
1336
1626
2013
2458
2890
3204
3348
3351
1031
792
695
774
997
1377
1855
2371
2862
3287
3555
3662
3604
3384
3028
2558
2038
1537
1104
830
712
800
1048
1402
1833
2248
2593
2817
2906
2830
2641
2360
2034
1762
1558
1510
1608
1806
2076
2320
2512
2610
2612
2534
2359
2140
1882
1658
1484
1391
1441
1650
1976
2382
2746
3032
3162
3077
2857
2521
2142
1772
1498
1340
1336
1487
1744
2093
2431
2726
2907
2918
2770
2502
2091
1664
1293
1043
928
1033
1328
1745
2250
2712
3034
3167
3069
2762
2341
1845
1406
1069
920
957
1178
1565
2056
2579
3047
3352
3414
3248
2829
2287
1690
1217
922
862
1032
1382
1875
2402
2877
3224
3350
3242
2918
2412
1844
1302
887
670
684
924
1295
1735
2161
2504
2467
2444
2456
2465
2508
2628
2777
2849
2758
2501
2172
1891
1758
1795
1915
2079
2255
2402
2501
2498
2381
2147
1886
1628
1421
1166
924
759
782
1102
1714
2486
3160
3564
3656
3510
3275
3016
2717
2344
1938
1545
1220
1035
1023
1158
1348
1504
1609
1635
1637
1624
1646
1695
1768
1909
2096
2333
2642
2964
3232
3311
3136
2789
2348
1843
1329
870
491
231
180
357
732
1278
1894
2464
2907
3188
3319
3342
3262
3121
2908
2670
2393
2111
1954
1922
2022
2157
2214
2109
1873
1627
1455
1413
1458
1509
1562
1651
1861
2176
2534
2832
2999
3015
2891
2596
2279
1958
1757
1718
1751
1874
2080
2266
2466
2631
2755
2839
2742
2489
2075
1648
1261
1011
1000
1249
3061
2890
2646
2327
1924
1520
1136
813
603
525
576
755
1056
1422
1838
2246
2650
2978
3234
3368
3384
3271
3088
2826
2486
2145
1830
1553
1340
1187
1143
1164
1297
1496
1756
2048
2352
2629
2888
3049
3104
3069
2901
2640
2303
1926
1562
1263
1058
951
987
1130
1352
1640
1942
2271
2536
2788
2949
3048
3072
3026
2898
2692
2442
2136
1806
1509
1278
1167
1194
1328
1571
1904
2275
2607
2886
3112
3232
3250
3190
3061
2831
2537
2183
1813
1463
1190
1000
936
1032
1277
1611
2010
2424
2812
3164
3402
3536
3563
3451
3225
2866
2432
1952
1494
1065
749
593
586
703
925
1224
1520
1818
2076
2301
2454
2546
2574
2514
2377
2156
1883
1590
1329
1159
1141
1144
1600
2073
2460
2720
2788
2712
2473
2079
1610
1142
750
482
441
629
1043
1635
2365
3129
3852
4095
4095
4095
4095
4095
3994
3293
2520
1751
1060
518
127
2
2
2
30
261
566
886
1246
1621
1999
2415
2839
3250
3631
3959
4095
4095
4095
4095
4095
4095
3819
3289
2631
1966
1287
684
222
3
1
1
2
110
440
812
1210
1594
1933
2206
2399
2477
2473
2364
2222
2077
2025
2121
2414
2886
3496
4095
4095
4095
4095
4095
4095
4095
4047
3231
2307
1337
463
1
3
2
1
1
0
2
4
60
988
1960
2816
3478
3906
4095
4094
3937
3617
3269
2918
2619
2395
2291
2309
2435
2662
2902
3091
3160
3017
2642
2043
1310
523
4095
4095
4095
4095
4095
4095
4095
4095
3693
3018
2322
1634
966
362
2
0
1
3
1
2
1
2
2
1
2
126
661
1232
1787
2299
2805
3237
3592
3868
4080
4095
4095
4095
4095
3964
3759
3561
3306
3046
2764
2481
2226
1960
1739
1549
1381
1250
1169
1105
1095
1109
1154
1217
1298
1420
1530
1673
1814
1964
2098
2238
2346
2447
2482
2502
2461
2373
2244
2100
1906
1683
1484
1309
1154
1032
961
933
958
1073
1211
1400
1607
1850
2116
2388
2663
2929
3181
3395
3592
3745
3855
3923
3955
3931
3844
3704
3531
3322
3057
2782
2464
2132
1796
1478
1137
816
548
328
157
46
37
62
181
369
625
936
1293
1689
2087
2493
2886
3244
4
2
357
926
1601
2343
3131
3913
4095
4095
4095
4095
4095
4095
4095
4095
4095
4095
4095
4095
4095
4095
4095
4095
4095
4095
4095
4095
3935
3210
2474
1734
1003
331
1
1
3
3
2
2
3
4
2
2
3
3
3
1
1
1
1
2
2
578
1508
2428
3299
4095
4095
4095
4095
4095
4095
4095
4095
4095
4095
4095
4095
4095
4095
4095
4095
4095
4095
4095
4095
4095
4095
3869
3275
2686
2129
1590
1082
626
205
0
1
2
2
3
2
2
1
0
2
3
1
0
2
153
473
787
1100
1391
1668
1920
2142
2333
2500
2608
2708
2752
2774
2767
2716
2650
2565
2475
2382
2292
2207
2157
2110
2110
2138
2212
4034
4095
4095
4095
4095
4095
4095
4095
4095
4095
4095
4095
4095
4095
4095
4095
4095
4095
4095
4095
4095
4095
4095
4095
4095
4095
4095
4095
4095
4095
4095
4095
4095
4095
4095
4095
4095
4095
4095
4095
4095
4095
4095
4095
3752
3311
2875
2427
2024
1608
1213
801
424
56
2
1
1
2
1
2
2
1
0
2
3
3
1
1
3
1
1
1
3
2
2
3
4
2
1
2
2
1
3
4
3
4
2
3
3
1
2
1
2
3
2
181
682
1178
1675
2147
2621
3077
3509
3932
4095
4095
4095
4095
4095
4095
4095
4095
4095
4095
4095
4095
4095
4095
4095
4095
4095
4095
4095
4095
4095
4095
4095
4095
