2100
2091
2091
2088
2090
2078
2059
2082
2100
2100
2072
2082
2106
2082
2080
2084
2082
2076
2063
2093
2084
2077
2098
2106
2087
2111
2109
2080
2109
2104
2082
2100
2098
2097
2100
2087
2084
2099
2095
2109
2087
2101
2109
2120
2100
2089
2082
2080
2085
2105
2103
2076
2077
2099
2097
2072
2089
2088
2088
2110
2104
2099
2111
2093
2096
2088
2080
2093
2098
2096
2077
2082
2089
2089
2094
2099
2101
2085
2094
2083
2090
2101
2097
2103
2104
2104
2087
2082
2069
2071
2076
2094
2102
2104
2098
2091
2099
2103
2088
2073
2106
2085
2100
2078
2076
2066
2090
2100
2092
2103
2094
2112
2103
2083
2103
2094
2089
2098
2096
2072
2099
2087
2078
2085
2087
2083
2094
2095
2100
2098
2102
2105
2083
2069
2080
2094
2084
2070
2079
2084
2103
2085
2086
2090
2104
2106
2096
2100
2090
2070
2095
2102
2107
2095
2092
2092
2092
2092
2080
2091
2077
2075
2083
2081
2072
2065
2087
2087
2083
2080
2080
2082
2096
2083
2080
2090
2085
2081
2094
2077
2074
2084
2076
2075
2094
2086
2084
2083
2063
2067
2065
2072
2079
2091
2078
2085
2079
2072
2086
2077
2091
2093
2084
2088
2086
2094
2092
2093
2087
2083
2077
2102
2080
2090
2088
2081
2093
2094
2085
2069
2078
2088
2088
2102
2121
2103
2101
2098
2095
2096
2088
2081
2087
2095
2082
2085
2081
2089
2089
2095
2088
2106
2095
2099
2098
2099
2107
2100
2095
2094
2094
2104
2099
2120
2114
2101
2053
2005
2016
2020
2006
2018
1999
2006
2014
2002
1985
2002
2009
1996
1980
1990
2008
2024
1991
2006
1993
1992
2003
2011
2009
2003
2001
1998
1998
2008
2034
2018
2014
2018
2009
2013
2018
2032
2027
2029
2031
2026
2029
2039
2056
2054
2069
2055
2061
2074
2070
2058
2052
2061
2074
2080
2100
2106
2121
2119
2097
2118
2116
2112
2100
2116
2127
2142
2144
2141
2142
2137
2149
2166
2143
2165
2175
2166
2167
2168
2174
2177
2196
2210
2206
2182
2174
2185
2194
2192
2190
2188
2195
2189
2193
2186
2186
2177
2178
2181
2166
2164
2150
2152
2154
2155
2128
2130
2127
2139
2124
2114
2115
2113
2114
2096
2104
2089
2082
2074
2072
2081
2072
2054
2060
2069
2053
2051
2060
2063
2068
2086
2112
2107
2116
2141
2169
2171
2173
2179
2196
2190
2182
2180
2168
2156
2152
2168
2150
2147
2152
2146
2173
2160
2161
2148
2120
2142
2150
2132
2095
2074
2060
2047
2046
2041
2042
2039
2032
2040
2063
2067
2095
2090
2112
2133
2133
2131
2168
2158
2182
2173
2185
2177
2158
2168
2168
2136
2141
2134
2117
2112
2083
2072
2070
2019
2008
1996
1999
1985
1974
1976
1969
1976
1965
1976
1978
1990
1984
2006
2002
2000
1977
1997
2024
1994
2016
2052
2045
2086
2070
2107
2126
2149
2179
2181
2178
2212
2209
2180
2200
2165
2152
2173
2131
2133
2135
2112
2121
2121
2131
2130
2126
2131
2129
2131
2125
2094
2087
2057
2035
2041
2003
1993
1983
1961
2208
2230
2206
2206
2177
2135
2089
2062
2027
2005
1972
1983
1975
1991
2026
2061
2110
2168
2194
2219
2224
2241
2239
2217
2172
2120
2102
2065
2016
1958
1955
1930
1927
1923
1924
1953
1997
2052
2121
2177
2208
2242
2263
2295
2264
2233
2192
2181
2123
2087
2055
2032
2024
2007
1995
1983
2000
1978
2017
2059
2089
2146
2179
2196
2200
2212
2225
2215
2199
2182
2157
2112
2093
2065
2034
1993
2005
1982
1980
2009
2020
2021
2045
2072
2073
2065
2077
2060
2025
2006
2011
2005
2002
2001
2018
2021
2053
2079
2110
2140
2175
2200
2230
2248
2263
2263
2227
2183
2163
2122
2080
2032
2002
1993
1979
1979
1996
1991
2008
2040
2067
2092
2124
2174
2187
2189
2207
2208
2316
2327
2323
2256
2139
2001
1875
1843
1880
1905
1907
1896
1880
1905
1970
2000
2020
2039
2107
2187
2316
2362
2351
2330
2283
2286
2280
2232
2180
2106
2052
2014
2023
2053
2040
2023
1980
1970
2025
2124
2173
2193
2205
2228
2256
2261
2244
2103
1968
1912
1899
1952
1972
1994
1990
2015
2023
2048
2094
2124
2148
2146
2204
2260
2286
2270
2194
2105
2061
2054
2020
1932
1843
1825
1919
2038
2118
2142
2085
2115
2212
2336
2369
2343
2277
2260
2234
2244
2228
2190
2132
2086
2078
2112
2136
2132
2116
2125
2188
2251
2270
2217
2151
2097
2070
2103
2072
2013
1929
1910
1958
2025
2088
2098
2079
2051
2052
2062
2046
2048
2002
1940
1869
1850
1838
1886
1909
1900
2098
2039
2028
1972
1965
1958
1944
1971
2014
2065
2113
2149
2149
2146
2130
2119
2102
2083
2076
2089
2089
2085
2071
2055
2040
2036
2000
1982
1974
1946
1931
1952
2013
2066
2153
2237
2307
2328
2319
2240
2146
2072
1981
2000
2022
2113
2186
2229
2234
2208
2143
2064
1987
1931
1919
1955
2002
2054
2134
2241
2291
2334
2346
2280
2168
2059
1911
1758
1677
1655
1709
1817
1998
2176
2303
2379
2426
2398
2348
2265
2189
2092
2024
1975
1941
1946
1978
2024
2068
2074
2079
2046
2044
2028
2000
1985
1976
1984
2013
2031
2052
2066
2086
2095
2086
2041
1998
1906
1889
1898
1956
2026
2136
2223
2279
2342
2356
2376
2360
2354
2342
2281
2219
2110
2028
1958
1888
1897
2086
2062
2073
2085
2109
2137
2149
2124
2100
2114
2141
2123
2097
2076
2099
2131
2144
2087
2027
2060
2088
2103
2043
1976
1920
1884
1873
1915
2018
2146
2248
2324
2397
2426
2448
2390
2218
2020
1915
1877
1878
1866
1902
1946
2071
2192
2290
2403
2520
2511
2397
2263
2105
1933
1777
1672
1670
1737
1874
1950
2039
2188
2274
2321
2354
2359
2371
2340
2301
2210
2099
2008
1980
2022
2081
2073
2043
2000
1966
1962
1947
1934
1927
1930
1962
2042
2112
2128
2080
2064
2123
2192
2204
2148
2048
2006
2011
1986
1922
1887
1885
1928
2026
2130
2211
2253
2326
2485
2567
2485
2333
2127
1969
1880
1811
1753
1755
1796
1908
2077
2229
2335
2388
2421
2395
2331
2217
2070
2073
2131
2195
2226
2225
2219
2168
2100
2027
1973
1974
1998
2003
2020
2017
2034
2012
1960
1936
1904
1967
2074
2224
2389
2518
2599
2544
2395
2197
1964
1731
1576
1495
1576
1707
1852
1991
2101
2194
2286
2365
2403
2408
2352
2288
2216
2143
2106
2063
2031
1992
1937
1941
1935
1954
1981
1997
2033
2087
2109
2177
2233
2346
2466
2561
2600
2602
2551
2396
2223
2052
1893
1815
1809
1830
1856
1850
1825
1797
1817
1877
1947
2056
2166
2298
2396
2453
2453
2382
2261
2139
2032
1979
1943
1908
1895
1868
1888
1872
1888
1929
1960
1984
2001
2028
2033
2066
2131
2187
2248
2322
2384
2445
2462
2418
2302
2161
1973
1786
1654
1573
1521
1549
1620
1743
1933
2072
2149
1940
2094
2182
2267
2371
2478
2503
2539
2452
2351
2225
2165
2164
2193
2202
2192
2149
2076
2005
1947
1912
1891
1825
1762
1716
1766
1886
2064
2213
2284
2312
2335
2360
2377
2319
2145
1971
1748
1594
1507
1511
1631
1856
2111
2296
2434
2506
2550
2582
2596
2526
2325
2049
1759
1533
1394
1333
1353
1448
1585
1783
2043
2277
2472
2566
2581
2564
2512
2410
2237
1996
1790
1677
1708
1916
2205
2410
2488
2407
2243
2095
2010
1990
2022
2043
2066
2108
2140
2207
2250
2272
2276
2271
2233
2184
2123
2022
1941
1868
1871
1968
2090
2223
2272
2277
2229
2180
2150
2162
2179
2198
2168
2096
2053
1978
1962
1987
2016
2068
2111
2133
2167
2220
2266
2328
2315
2291
2236
2263
2534
2857
3062
3041
2819
2475
2102
1811
1654
1591
1656
1810
2051
2331
2540
2504
2203
1772
1408
1272
1376
1632
1927
2191
2382
2521
2607
2600
2488
2398
2365
2375
2441
2478
2453
2312
2112
1900
1696
1552
1545
1713
2014
2347
2508
2447
2172
1888
1701
1645
1620
1586
1579
1726
2053
2356
2436
2269
1927
1685
1717
1998
2264
2349
2303
2257
2307
2381
2356
2028
1578
1275
1336
1739
2209
2501
2524
2429
2386
2415
2384
2197
2002
1933
2075
2330
2522
2441
2156
1848
1681
1707
1893
2122
2395
2659
2777
2656
2308
1875
1567
1487
1621
1796
1982
2137
2308
2434
2443
2277
2032
1957
2138
2495
2779
2822
2525
2047
1595
1270
1133
1098
1232
1572
2104
2674
3074
1335
1196
1200
1354
1583
1903
2231
2526
2816
3060
3150
3052
2781
2368
1869
1432
1135
991
1059
1267
1572
1888
2281
2668
3009
3253
3334
3190
2865
2435
1996
1659
1430
1350
1386
1497
1675
1892
2157
2379
2537
2578
2560
2447
2240
2077
1951
1880
1862
1922
2005
2048
2042
1989
1908
1810
1737
1767
1860
2025
2214
2479
2724
2946
3034
2951
2702
2282
1809
1383
1116
1034
1188
1514
1921
2334
2722
2970
2981
2774
2442
1985
1616
1430
1464
1720
2144
2562
2906
3117
3078
2757
2256
1622
1027
630
527
744
1224
1863
2501
3070
3374
3429
3182
2687
2071
1477
1086
1016
1285
1781
2380
2903
3221
3332
3144
2721
2112
1472
880
530
515
869
1494
2203
2851
3317
2562
2708
2923
3053
2984
2613
2130
1681
1421
1305
1311
1358
1486
1737
2097
2502
2865
3075
3042
2815
2484
2101
1748
1441
1246
1225
1380
1665
2027
2416
2717
2971
3074
3018
2874
2615
2383
2193
2089
2004
1831
1617
1377
1220
1128
1092
1077
1133
1292
1563
1931
2358
2714
2995
3140
3274
3344
3324
3140
2813
2346
1887
1503
1220
1031
896
833
887
1163
1613
2117
2625
2968
3200
3327
3401
3343
3158
2815
2396
1993
1664
1427
1301
1304
1332
1431
1561
1668
1746
1868
2006
2167
2301
2370
2335
2244
2149
2129
2227
2347
2401
2451
2478
2466
2419
2284
2059
1806
1580
1471
1475
1553
1672
1772
1776
1819
1815
1776
1745
1740
1682
1641
1675
1836
2113
2442
2706
571
520
734
1225
1845
2524
3161
3705
4095
4095
4095
4081
3606
2915
2137
1382
719
207
1
45
384
928
1578
2256
2913
3426
3810
4027
4003
3790
3364
2785
2084
1390
812
422
269
367
742
1317
1971
2679
3284
3746
3997
4045
3885
3534
3029
2425
1802
1210
684
312
97
95
337
753
1270
1814
2331
2731
2969
3085
3117
3074
3023
2902
2695
2373
1961
1543
1174
939
853
910
1099
1372
1682
2053
2414
2810
3138
3422
3540
3510
3341
2979
2591
2137
1761
1500
1312
1201
1101
965
837
819
951
1237
1714
2248
2753
3171
3423
3545
3595
3534
3425
3206
2892
2439
1873
1261
719
272
104
83
253
531
931
1340
1813
2320
2847
3348
3720
3997
2821
3173
3468
3713
3848
3949
3961
3902
3756
3579
3350
3071
2743
2412
2079
1773
1445
1163
899
672
529
433
405
386
465
594
735
933
1127
1315
1527
1688
1845
2024
2170
2366
2566
2771
2980
3200
3410
3628
3838
3974
4095
4095
4095
4044
3868
3616
3280
2911
2484
2012
1514
1035
544
88
0
1
0
2
1
0
1
0
187
681
1230
1812
2388
2915
3415
3824
4095
4095
4095
4095
4095
4095
4095
4077
3756
3394
3027
2633
2226
1830
1449
1091
757
472
240
62
1
0
1
2
155
391
668
975
1310
1662
1968
2246
2502
2702
2845
2955
3021
3024
3004
2971
2938
2875
2847
2804
2845
2863
2913
2989
3094
3181
3277
3368
3432
3452
