2115
2103
2085
2080
2087
2092
2087
2095
2100
2069
2089
2082
2098
2099
2116
2094
2082
2081
2103
2075
2099
2096
2086
2088
2102
2116
2101
2086
2090
2095
2096
2080
2096
2092
2084
2075
2098
2086
2085
2088
2084
2084
2090
2099
2090
2091
2087
2080
2078
2115
2114
2102
2114
2104
2086
2088
2092
2096
2087
2089
2106
2100
2088
2081
2087
2083
2097
2103
2079
2096
2095
2097
2108
2092
2081
2084
2092
2100
2094
2085
2082
2068
2095
2079
2079
2078
2091
2112
2093
2089
2099
2107
2085
2078
2101
2086
2076
2099
2081
2100
2103
2087
2098
2113
2111
2094
2104
2094
2096
2095
2106
2091
2092
2083
2088
2096
2100
2089
2092
2116
2102
2112
2096
2095
2106
2098
2105
2094
2085
2103
2095
2083
2085
2087
2091
2084
2097
2081
2088
2093
2097
2096
2087
2085
2077
2104
2104
2108
2104
2118
2128
2101
2083
2095
2080
2097
2088
2087
2081
2073
2087
2100
2091
2086
2102
2105
2091
2080
2077
2083
2088
2101
2110
2083
2085
2094
2102
2102
2101
2091
2085
2091
2087
2083
2101
2097
2092
2097
2100
2101
2106
2096
2084
2094
2089
2088
2094
2101
2111
2115
2105
2081
2088
2084
2096
2099
2076
2106
2108
2088
2073
2087
2095
2103
2100
2094
2097
2095
2102
2089
2096
2091
2100
2096
2092
2105
2106
2092
2080
2085
2098
2098
2082
2074
2108
2095
2081
2082
2098
2082
2089
2090
2088
2078
2076
2085
2088
2083
2095
2098
2090
2116
2105
2100
2107
2115
2103
2088
2080
2061
2078
2086
2062
2048
2055
2043
2029
2035
2026
2033
2023
2031
2036
2037
2036
2066
2056
2042
2037
2055
2034
2049
2042
2049
2064
2071
2063
2071
2047
2053
2065
2063
2061
2050
2052
2067
2072
2069
2065
2063
2064
2062
2056
2053
2081
2085
2088
2088
2112
2102
2114
2112
2136
2143
2129
2127
2132
2136
2154
2163
2162
2158
2164
2149
2146
2143
2146
2147
2119
2135
2131
2120
2098
2105
2083
2086
2079
2072
2039
2030
2035
2024
2012
2003
1999
2003
1987
1998
1998
1991
1986
1996
2006
2004
2008
2014
2022
2021
2005
2019
2012
2026
2038
2032
2041
2053
2050
2029
2041
2055
2068
2061
2065
2075
2091
2109
2108
2095
2105
2104
2117
2109
2102
2124
2049
2089
2123
2106
2119
2136
2132
2097
2090
2037
2020
1989
1978
2001
2036
2088
2134
2166
2196
2220
2240
2207
2174
2167
2123
2103
2060
2020
2026
2025
2030
2072
2104
2109
2123
2136
2147
2130
2114
2110
2077
2089
2076
2103
2114
2130
2117
2132
2115
2096
2099
2060
2029
2000
2002
1991
2013
2056
2074
2087
2123
2134
2151
2133
2120
2107
2098
2093
2096
2089
2091
2097
2118
2124
2154
2155
2172
2151
2148
2130
2126
2096
2092
2067
2058
2060
2062
2063
2056
2064
2087
2106
2127
2146
2178
2203
2224
2237
2216
2181
2146
2094
2052
1993
1962
1936
1952
1997
2036
2112
2164
2225
2250
2264
2253
2200
2141
2074
2016
1987
1986
2017
2054
2108
2231
2202
2224
2210
2154
2169
2163
2121
2104
2077
2040
2010
2029
2058
2162
2216
2140
2054
2030
2004
2012
2137
2280
2323
2281
2254
2189
2087
2005
1986
1960
1995
2107
2159
2150
2153
2161
2133
2101
2124
2139
2146
2078
2010
1954
1934
2029
2110
2140
2223
2215
2123
2034
1946
1849
1874
2067
2240
2306
2320
2225
2070
2013
2000
2012
2073
2180
2161
2123
2107
2025
1943
1990
2088
2054
2061
2137
2162
2148
2198
2197
2153
2181
2197
2104
2090
2148
2146
2101
2140
2149
2077
2101
2135
2108
2124
2208
2200
2152
2132
2054
1963
1997
2071
2091
2142
2218
2240
2185
2162
2123
2067
2044
2124
2123
2088
2088
2055
2029
2050
2019
2043
2106
2112
2106
2167
2133
2036
2078
2115
2105
2111
2052
2048
2062
2118
2193
2281
2329
2286
2156
1933
1853
2004
2268
2405
2384
2286
2203
2028
1851
1828
1960
2162
2251
2268
2208
2154
2115
2106
2099
2087
2022
1933
1902
1953
2042
2053
2075
2159
2250
2267
2223
2075
1940
1897
2008
2136
2219
2267
2252
2155
1999
1897
1879
1959
2131
2213
2232
2186
2043
1909
1800
1820
1947
2187
2309
2203
2079
2089
2126
2057
2000
1985
2005
2072
2193
2144
2024
2024
2115
2166
2265
2283
2155
1994
2022
2071
2057
2096
2152
2161
2163
2125
2073
2047
2084
2099
2066
2040
2048
2062
2091
2124
2106
2075
1991
1937
1984
2136
2253
2323
2338
2223
1999
1853
1898
2039
2155
2108
2017
2040
2038
1928
1765
1837
2126
2321
2240
2011
1961
2059
2194
2260
2271
2226
2118
1993
1915
1932
2051
2181
2266
2256
2140
2069
2123
2235
2283
2228
2088
1952
1915
2007
2118
2260
2261
2128
1988
2003
2100
2194
2175
2065
1960
1972
2059
2222
2288
2203
2067
1968
1946
2049
2190
2249
2260
2236
2094
1931
1863
1958
2128
2185
2138
1994
1945
1998
2101
2186
2200
2136
2066
1988
2005
2086
2161
2228
2232
2172
2038
1944
1936
1995
2030
2054
2078
2109
2141
2083
1974
1972
2119
2362
2444
2233
1949
1690
1717
1999
2257
2367
2288
2111
1928
1861
1904
1999
2104
2167
2131
2067
1965
1922
1986
2105
2216
2212
2154
2029
1986
2002
2107
2234
2260
2114
2001
1991
2090
2168
2170
2048
1938
1878
1933
2077
2233
2390
2239
2286
2259
2198
2117
2089
2072
2078
2147
2206
2246
2241
2177
2098
2082
2136
2238
2278
2162
1996
1960
2000
2051
2118
2162
2201
2194
2127
2097
2060
2007
1949
1953
1990
2032
2088
2091
2084
2087
2098
2102
2112
2126
2101
2083
2159
2253
2297
2181
1989
1820
1810
1957
2174
2340
2326
2193
2003
1952
2003
2161
2188
2159
2099
2068
2050
2071
2138
2189
2151
2030
1955
1958
2051
2155
2199
2177
2050
1951
1958
2023
2137
2179
2118
2040
2009
2083
2125
2100
1960
1846
1823
1950
2192
2389
2386
2221
1958
1797
1816
2012
2185
2258
2204
2079
1966
1936
1995
2088
2153
2144
2125
2124
2120
2090
2069
2013
1959
1963
2028
2131
2243
2284
2224
2102
1942
1888
1924
2136
2119
1969
1901
1906
1908
2024
2162
2115
2091
2218
2291
2303
2225
2058
1957
1896
1992
2245
2432
2350
2101
1952
2084
2117
2143
2188
2078
1983
1971
2088
2223
2212
2166
2219
2146
1999
1984
2088
2147
2117
2088
2112
2117
2133
2179
2089
1963
1924
1933
1970
2144
2311
2219
2053
2041
2128
2165
2130
2097
2116
1992
1847
1939
2108
2212
2236
2134
1974
1951
2091
2182
2248
2285
2280
2137
1937
1924
2003
2062
2209
2339
2239
2002
1905
2015
2090
2038
2024
2002
1964
1997
2203
2427
2357
2030
1776
1873
2119
2310
2390
2305
2059
1817
1715
1994
2424
2586
2429
2275
2174
2075
1972
1963
2068
2219
2297
2316
2249
2100
1953
1959
2045
2166
2253
2259
2194
2241
2190
2070
2096
2038
1929
1887
1913
1951
2010
2156
2172
1950
1904
2027
2050
2122
2291
2282
2202
2138
2035
1987
2140
2287
2185
2064
1988
1868
1841
2067
2335
2363
2209
1976
1617
1447
1738
2180
2508
2748
2692
2212
1782
1657
1746
1983
2183
2291
2331
2188
1998
1904
1936
2068
2193
2071
1906
1921
1979
2158
2432
2453
2196
2010
1933
1991
2214
2387
2319
2189
2120
2104
2190
2252
2079
1774
1699
1950
2261
2412
2320
2117
1888
1805
1859
2025
2271
2452
2450
2373
2067
1695
1743
2174
2531
2654
2355
1770
1472
1775
2301
2611
2519
2010
1528
1544
1925
2390
2648
2502
2206
1889
1566
1677
2238
2624
2646
2410
2006
1714
1788
2183
2296
2123
1951
1824
1750
1938
1604
1935
2144
2076
2156
2485
2715
2592
2250
1922
1797
1937
2330
2648
2479
1915
1511
1482
1811
2320
2800
2853
2360
1783
1617
1747
1809
1883
2144
2348
2343
2357
2467
2406
2028
1655
1638
1831
2020
2278
2563
2579
2403
2231
2152
2154
2283
2335
2243
2010
1808
1705
1629
1744
2036
2369
2573
2488
2240
2220
2212
1956
1569
1373
1613
2116
2592
2658
2384
2104
2126
2253
2158
1796
1405
1421
1796
2184
2176
2019
2140
2455
2634
2482
1989
1444
1381
1856
2354
2427
2278
2092
2073
2338
2621
2493
2270
2308
2310
2011
1620
1322
1222
1629
2320
2680
2560
2373
2300
2105
1907
1749
1600
1811
2417
2790
2416
1903
1779
1843
1995
2072
1816
1687
2137
2793
2911
2383
3148
2499
1720
1249
1160
1511
2262
3040
3400
3086
2363
1558
1018
1144
1914
2851
3288
2990
2180
1314
807
972
1838
2996
3710
3597
2776
1644
827
863
1760
2943
3604
3383
2361
945
69
371
1702
3156
3924
3640
2477
1107
357
625
1598
2679
3272
3167
2465
1585
1051
1064
1487
2076
2543
2793
2714
2314
1796
1324
1132
1352
1930
2628
3123
3127
2562
1744
1254
1233
1671
2466
3216
3448
2915
2038
1343
1025
1124
1614
2387
3019
3184
2857
2331
1864
1569
1548
1821
2313
2721
2820
2477
1791
1141
855
1214
2066
2982
3448
3121
2241
1320
917
1062
1579
2138
2574
2666
2432
2156
2095
2253
2413
2352
2141
1839
1559
1449
1661
2042
2240
2254
2195
2106
2003
2962
2125
1255
593
270
437
979
1604
2098
2244
2107
1808
1523
1370
1414
1695
2292
3013
3704
4095
4095
3598
2710
1609
640
8
0
95
726
1551
2383
2998
3324
3328
3066
2677
2299
2109
2030
2066
2061
1968
1757
1611
1525
1524
1530
1538
1571
1659
1820
2036
2263
2557
2856
3158
3360
3362
3150
2650
1957
1273
712
397
474
920
1621
2324
2886
3252
3434
3403
3137
2658
2067
1448
1004
833
911
1171
1456
1739
2026
2173
2306
2491
2757
3066
3304
3393
3288
3000
2614
2162
1688
1162
656
382
535
1156
2071
2961
3639
3946
3906
3605
2987
2076
1008
94
1
363
1519
2860
3984
4095
4095
4095
3576
2328
935
2
0
1
356
1624
3002
4095
1209
1795
2427
3016
3506
3801
3965
3896
3599
3135
2492
1749
958
193
1
1
1
0
2
2
2
34
554
1136
1706
2185
2564
2825
2986
2980
2852
2661
2392
2115
1893
1739
1718
1785
1928
2143
2425
2807
3221
3638
4054
4095
4095
4095
4095
4095
4095
4095
4095
4095
3979
3101
2114
1048
0
1
1
1
1
1
0
1
1
2
1
108
1215
2339
3378
4095
4095
4095
4095
4095
4095
4095
4095
4095
4095
4095
3400
2351
1307
378
1
2
1
0
1
0
1
0
441
1291
2201
3156
4050
4095
4095
4095
4095
4095
4095
4095
4095
4095
4095
4095
4095
3955
3018
2026
1020
4
0
0
0
0
0
0
0
0
0
0
1714
2072
2413
2753
3075
3370
3669
3926
4095
4095
4095
4095
4095
4095
4095
4095
4095
4095
4095
4095
4095
4095
4095
4095
4095
4095
4095
4095
4095
4095
4095
4095
4095
4095
4095
4095
4095
4095
4095
4095
4095
4095
4060
3738
3396
3068
2729
2402
2061
1701
1357
1049
739
400
100
3
1
3
2
1
1
1
1
3
0
2
3
1
1
0
1
0
2
0
1
1
0
0
1
1
2
0
0
0
0
0
0
1
0
0
0
0
43
502
1042
1541
2043
2567
3060
3561
4047
4095
4095
4095
4095
4095
4095
4095
4095
4095
4095
4095
4095
4095
4095
4095
4095
4095
4095
4095
4095
4095
4095
4095
4095
4095
4095
4095
