2092
2087
2097
2092
2092
2096
2090
2092
2102
2092
2092
2096
2099
2085
2079
2090
2088
2085
2091
2097
2094
2083
2092
2086
2088
2082
2088
2087
2088
2087
2088
2094
2084
2087
2084
2087
2083
2089
2083
2076
2084
2089
2088
2080
2083
2082
2092
2094
2091
2089
2089
2097
2090
2095
2094
2083
2087
2088
2088
2091
2084
2090
2082
2080
2085
2083
2079
2090
2096
2087
2088
2093
2078
2086
2092
2096
2094
2098
2089
2081
2080
2083
2085
2087
2083
2088
2089
2094
2087
2090
2089
2098
2092
2087
2084
2091
2102
2100
2097
2094
2098
2109
2098
2091
2088
2093
2096
2099
2093
2103
2096
2098
2088
2096
2095
2094
2088
2093
2092
2096
2103
2101
2094
2094
2095
2093
2085
2090
2107
2100
2103
2104
2106
2104
2108
2107
2104
2099
2105
2098
2100
2104
2105
2105
2104
2100
2098
2096
2100
2105
2104
2105
2106
2102
2106
2106
2114
2108
2103
2103
2106
2108
2112
2109
2110
2107
2099
2103
2105
2106
2099
2106
2100
2102
2096
2092
2100
2104
2102
2103
2106
2104
2109
2102
2099
2104
2104
2104
2103
2100
2105
2107
2110
2108
2105
2100
2100
2104
2104
2106
2104
2101
2106
2104
2107
2105
2107
2106
2099
2096
2096
2098
2093
2098
2101
2106
2103
2106
2099
2107
2104
2096
2092
2098
2100
2099
2097
2105
2098
2100
2097
2098
2099
2094
2092
2102
2101
2098
2097
2096
2102
2097
2096
2094
2097
2101
2098
2100
2103
2098
2095
2092
2098
2093
2093
2094
2200
2198
2192
2194
2191
2188
2186
2185
2180
2177
2177
2171
2166
2169
2164
2161
2159
2148
2142
2144
2135
2135
2134
2126
2122
2125
2118
2113
2112
2106
2098
2088
2086
2082
2081
2073
2071
2062
2056
2052
2047
2046
2034
2037
2037
2026
2019
2017
2016
2013
2000
1999
1995
1992
1985
1979
1973
1969
1971
1967
1964
1957
1954
1950
1951
1944
1948
1940
1939
1935
1936
1931
1933
1932
1931
1931
1929
1932
1928
1920
1928
1933
1929
1934
1930
1936
1938
1945
1955
1946
1956
1962
1965
1962
1974
1975
1977
1980
1984
1991
2001
2006
2008
2013
2022
2033
2045
2043
2056
2072
2075
2091
2096
2100
2106
2120
2130
2146
2148
2158
2170
2177
2178
2189
2207
2210
2220
2232
2385
2368
2352
2330
2298
2247
2193
2122
2045
1960
1866
1766
1675
1591
1516
1459
1424
1404
1408
1436
1469
1523
1589
1665
1745
1821
1889
1953
2008
2045
2082
2107
2128
2134
2136
2145
2142
2146
2146
2153
2156
2161
2166
2165
2153
2145
2134
2116
2098
2085
2051
2027
2008
1991
1970
1958
1948
1943
1944
1944
1960
1990
2018
2061
2115
2183
2252
2323
2392
2461
2520
2569
2607
2626
2631
2613
2578
2534
2474
2402
2336
2265
2199
2140
2099
2081
2076
2076
2085
2111
2132
2158
2172
2184
2180
2156
2134
2092
2036
1987
1930
1882
1841
1812
1784
1774
1779
1784
1788
1806
1821
1830
1844
1862
1872
1897
1927
1960
2003
2046
2088
2117
2133
2129
2113
2073
2027
1974
1824
1836
1861
1893
1939
2003
2061
2128
2183
2242
2295
2334
2366
2394
2417
2437
2437
2434
2415
2384
2340
2280
2220
2140
2065
1980
1910
1850
1790
1753
1714
1690
1688
1691
1705
1735
1776
1828
1897
1962
2042
2128
2208
2288
2364
2422
2476
2512
2536
2546
2544
2533
2510
2471
2417
2364
2293
2222
2142
2064
1990
1920
1867
1812
1796
1782
1779
1790
1806
1826
1841
1871
1901
1928
1956
1988
2028
2065
2098
2139
2172
2191
2212
2224
2231
2241
2228
2218
2208
2188
2165
2149
2119
2081
2054
2028
1997
1978
1959
1948
1940
1947
1947
1963
1985
2007
2030
2059
2088
2121
2146
2182
2199
2208
2214
2196
2171
2130
2086
2039
1997
1964
1951
1949
1973
2017
2080
2151
2169
2077
1956
1823
1652
1484
1326
1200
1131
1147
1244
1434
1696
1996
2320
2638
2904
3098
3225
3260
3195
3071
2869
2626
2349
2051
1761
1486
1252
1103
1054
1126
1288
1547
1840
2138
2387
2584
2712
2783
2798
2782
2758
2715
2644
2545
2388
2210
2008
1821
1669
1575
1540
1551
1575
1588
1564
1491
1388
1288
1235
1256
1382
1610
1916
2257
2554
2775
2866
2847
2733
2567
2396
2264
2191
2180
2200
2220
2207
2158
2081
2000
1962
1988
2071
2199
2338
2444
2505
2521
2485
2430
2362
2305
2250
2198
2137
2062
1967
1862
1760
1681
1641
1636
1675
1738
1809
1878
1930
1973
2040
2122
2212
2324
2415
2480
2506
2477
2409
2313
2194
2087
1994
1924
1887
1878
1892
1914
2341
2262
2136
1969
1797
1629
1504
1453
1468
1548
1677
1840
2002
2153
2288
2392
2472
2524
2563
2580
2583
2565
2536
2489
2403
2304
2187
2058
1933
1826
1743
1710
1715
1774
1856
1963
2064
2154
2212
2248
2253
2258
2261
2291
2339
2392
2428
2454
2422
2353
2222
2062
1894
1735
1614
1545
1530
1562
1631
1714
1795
1864
1926
1980
2012
2043
2075
2097
2107
2115
2131
2136
2140
2144
2155
2170
2190
2200
2205
2182
2157
2126
2080
2038
2005
1976
1945
1929
1916
1900
1887
1866
1860
1870
1902
1963
2041
2130
2232
2343
2425
2489
2523
2536
2509
2464
2407
2345
2272
2210
2157
2126
2101
2091
2098
2105
2113
2118
2102
2074
2027
1964
1901
1830
1771
1741
1733
1755
1736
1679
1663
1679
1733
1840
1965
2131
2310
2469
2624
2747
2848
2926
2986
3044
3068
3081
3057
3014
2919
2779
2588
2354
2090
1812
1552
1334
1163
1066
1032
1070
1186
1358
1577
1827
2075
2279
2447
2522
2515
2443
2316
2159
2008
1862
1757
1699
1690
1724
1784
1856
1916
1948
1958
1932
1883
1826
1773
1743
1731
1764
1841
1941
2089
2222
2388
2537
2652
2742
2742
2662
2490
2260
2002
1780
1617
1553
1581
1676
1810
1937
2037
2104
2147
2200
2268
2387
2499
2599
2656
2654
2579
2448
2310
2200
2146
2138
2167
2195
2186
2130
2037
1932
1840
1794
1813
1872
1959
2055
2138
2210
2270
2328
2376
2402
2379
2298
2129
1912
1686
1490
1380
1384
1500
1694
1896
2070
1761
1646
1529
1464
1432
1462
1558
1699
1868
2032
2202
2352
2475
2571
2648
2692
2699
2640
2524
2378
2192
1989
1802
1587
1411
1265
1152
1085
1125
1216
1334
1508
1676
1851
2010
2167
2338
2516
2677
2836
2940
2999
3001
2941
2871
2749
2620
2484
2332
2175
2052
1970
1922
1907
1917
1953
1977
1998
2027
2057
2116
2189
2267
2335
2372
2351
2280
2174
2033
1896
1794
1707
1681
1679
1699
1762
1845
1921
2029
2148
2270
2399
2515
2628
2732
2805
2852
2863
2844
2784
2661
2502
2303
2064
1836
1629
1445
1314
1252
1242
1310
1406
1540
1697
1848
1983
2096
2178
2248
2288
2331
2342
2370
2396
2412
2422
2414
2398
2340
2273
2172
2086
2012
1975
1977
2046
2127
2224
566
324
208
228
398
702
1073
1498
1938
2358
2765
3104
3357
3520
3573
3502
3308
3011
2647
2264
1864
1554
1306
1163
1115
1151
1254
1390
1536
1686
1857
2017
2198
2384
2563
2736
2883
2942
2919
2807
2632
2407
2153
1879
1658
1509
1420
1391
1446
1565
1732
1886
2058
2247
2386
2536
2636
2706
2680
2640
2536
2422
2236
2068
1887
1770
1652
1618
1579
1603
1641
1715
1795
1861
1923
1976
2036
2097
2151
2205
2229
2248
2243
2226
2240
2256
2282
2328
2394
2405
2447
2421
2369
2266
2138
1983
1831
1676
1532
1420
1352
1318
1336
1396
1505
1672
1872
2106
2337
2553
2688
2797
2841
2840
2779
2696
2586
2477
2336
2195
2039
1884
1744
1594
1486
1412
1392
1440
627
844
1167
1568
2015
2444
2836
3143
3346
3428
3393
3264
3097
2878
2622
2332
1999
1648
1359
1171
1103
1120
1193
1294
1425
1592
1818
2060
2293
2496
2653
2808
2948
3099
3183
3167
3039
2812
2515
2206
1904
1648
1428
1264
1169
1145
1178
1240
1339
1480
1679
1920
2179
2400
2570
2691
2796
2897
2983
3033
2993
2848
2607
2312
2030
1795
1638
1527
1434
1360
1319
1324
1399
1538
1730
1938
2113
2248
2327
2397
2440
2486
2514
2503
2473
2430
2368
2308
2205
2047
1835
1593
1388
1280
1296
1389
1493
1564
1571
1552
1556
1641
1790
1979
2137
2226
2234
2189
2136
2093
2096
2158
2278
2405
2513
2576
2573
2532
2496
2504
2552
2626
2701
2740
2744
2712
2658
2573
1852
1384
989
691
531
548
670
943
1322
1788
2291
2768
3193
3544
3761
3846
3759
3528
3165
2683
2148
1602
1093
680
382
246
236
378
622
977
1444
1936
2448
2930
3317
3600
3750
3756
3649
3414
3064
2661
2262
1845
1503
1219
1020
885
811
838
943
1116
1387
1710
2064
2434
2778
3037
3214
3283
3262
3150
2986
2757
2508
2221
1943
1678
1432
1237
1082
997
1036
1146
1321
1584
1888
2220
2552
2884
3147
3375
3515
3546
3465
3279
2982
2589
2119
1588
1086
636
248
27
3
42
321
751
1332
2022
2739
3422
4003
4095
4095
4095
4095
4095
3744
3039
2214
1357
566
2
3
3
1
2
43
631
1354
2103
2783
3357
3784
4056
4095
4003
3986
4072
4095
4095
4095
3981
3528
2869
2118
1439
858
421
40
3
3
3
1
1
1
34
538
1161
1864
2617
3351
3975
4095
4095
4095
4095
3988
3739
3532
3268
2878
2372
1764
1189
740
508
506
676
928
1167
1399
1592
1856
2203
2564
2914
3182
3303
3271
3127
2921
2691
2426
2154
1855
1576
1293
1100
1026
1036
1102
1220
1390
1672
2049
2501
2930
3325
3531
3590
3522
3410
3269
3134
2915
2652
2350
1956
1505
1080
723
416
206
92
86
173
363
643
1061
1505
2013
2502
2992
3370
3707
3957
4095
4095
4092
3943
3674
3338
2927
2458
1956
1438
939
516
190
5
5
70
214
433
677
967
1330
1789
2296
2880
3407
3856
4095
4095
1130
939
853
905
1040
1269
1585
1927
2244
2519
2726
2858
2905
2877
2766
2611
2422
2207
1963
1733
1504
1317
1171
1088
1102
1196
1380
1631
1911
2202
2452
2667
2799
2832
2787
2688
2524
2358
2207
2068
1962
1911
1894
1942
1982
2078
2211
2370
2558
2738
2903
3064
3161
3176
3125
2960
2728
2412
2044
1652
1275
934
678
533
490
550
710
950
1251
1590
1948
2304
2644
2917
3112
3252
3260
3168
2953
2673
2334
1926
1543
1210
942
781
745
841
1058
1379
1760
2170
2569
2924
3234
3460
3598
3634
3552
3414
3142
2772
2328
1852
1359
891
487
176
2
2
34
292
720
1268
1886
2535
3170
3747
4095
4095
4095
4095
4095
4095
3750
3107
2418
1740
3244
3143
3096
3098
3157
3218
3262
3288
3267
3195
3065
2863
2572
2242
1831
1320
776
104
3
3
3
2
2
2
4
0
5
3
122
1259
2475
3599
4095
4095
4095
4095
4095
4095
4095
4095
4095
4095
4095
4048
3118
2174
1331
576
8
4
1
2
3
3
3
2
4
3
3
2
196
784
1371
1952
2448
2847
3147
3393
3616
3852
4095
4095
4095
4095
4095
4095
4095
4095
4095
4095
4095
3956
3256
2508
1730
974
199
3
1
2
2
1
4
1
3
3
1
0
2
7
974
2137
3278
4095
4095
4095
4095
4095
4095
4095
4095
4095
4095
4095
4095
4095
3150
2135
1201
387
4
4
4
2
2
1
3
3
