2082
2074
2076
2089
2080
2090
2090
2092
2074
2069
2078
2084
2098
2090
2088
2082
2098
2080
2077
2075
2070
2072
2071
2085
2081
2098
2098
2082
2086
2077
2073
2081
2078
2088
2088
2088
2082
2074
2070
2086
2085
2070
2080
2073
2066
2082
2078
2070
2074
2087
2089
2090
2088
2096
2088
2083
2076
2075
2090
2088
2084
2088
2091
2090
2090
2078
2084
2096
2081
2089
2080
2098
2091
2099
2096
2094
2096
2094
2077
2090
2097
2078
2096
2090
2097
2095
2101
2103
2094
2094
2099
2094
2107
2115
2106
2117
2112
2104
2099
2113
2108
2104
2094
2091
2104
2096
2099
2099
2094
2088
2096
2107
2098
2087
2096
2103
2105
2100
2102
2096
2092
2107
2110
2106
2097
2108
2090
2100
2104
2105
2107
2110
2109
2108
2101
2108
2106
2114
2097
2104
2111
2112
2104
2107
2110
2104
2099
2098
2100
2100
2100
2100
2104
2106
2100
2099
2098
2099
2103
2099
2099
2097
2110
2098
2099
2090
2101
2091
2090
2086
2102
2104
2094
2094
2104
2098
2095
2099
2103
2108
2100
2099
2095
2104
2100
2093
2086
2090
2102
2092
2094
2087
2091
2091
2092
2085
2093
2094
2085
2084
2092
2088
2076
2098
2088
2082
2086
2086
2093
2084
2083
2093
2097
2088
2092
2098
2087
2098
2084
2101
2092
2090
2095
2092
2091
2100
2098
2099
2088
2091
2079
2080
2100
2105
2096
2093
2104
2088
2095
2098
2096
2088
2097
2101
2098
2093
2098
2088
2087
2082
2088
2089
2096
2089
2080
2082
2170
2168
2188
2206
2217
2226
2231
2247
2270
2269
2255
2264
2258
2262
2266
2239
2235
2234
2218
2201
2202
2180
2161
2152
2162
2135
2118
2094
2088
2081
2079
2064
2050
2042
2020
2024
2001
1996
1996
1989
1990
1996
1997
2009
1999
2008
2018
2019
2028
2034
2051
2050
2061
2075
2089
2100
2110
2110
2120
2120
2130
2136
2119
2127
2137
2132
2149
2144
2129
2128
2131
2140
2114
2118
2112
2108
2077
2081
2071
2061
2050
2024
2012
2003
1994
1993
1966
1956
1947
1952
1972
1957
1964
1979
1995
2022
2032
2021
2032
2063
2072
2092
2118
2140
2149
2168
2179
2208
2216
2226
2231
2246
2248
2257
2240
2248
2228
2211
2203
2180
2150
2120
2112
2073
2060
2044
2013
2010
2085
2123
2160
2184
2190
2182
2158
2112
2062
2027
1999
1986
2000
2016
2054
2099
2135
2171
2172
2150
2101
2056
1980
1920
1878
1859
1870
1915
1974
2061
2142
2226
2290
2318
2321
2286
2224
2146
2084
2037
2015
2022
2064
2128
2192
2268
2323
2362
2370
2342
2278
2206
2116
2035
1973
1941
1931
1956
2013
2088
2158
2218
2264
2276
2263
2216
2138
2052
1973
1928
1899
1898
1947
2013
2091
2174
2244
2292
2309
2295
2248
2173
2102
2043
1987
1989
2005
2052
2128
2196
2247
2286
2280
2244
2187
2132
2065
2010
1979
1960
1969
1983
2008
2025
2046
2052
2050
2034
2009
1982
1961
1954
1959
1992
2012
2056
2097
2119
2136
2121
2095
2050
2018
1982
1956
1962
1988
2030
2062
1989
2010
2068
2072
2080
2170
2272
2267
2231
2217
2182
2103
2040
2015
2002
2013
2061
2115
2141
2121
2091
2052
2024
1977
1928
1930
2005
2088
2130
2157
2172
2136
2072
2048
2080
2082
2061
2073
2129
2158
2151
2138
2150
2165
2135
2076
2022
1986
1930
1889
1904
1938
1956
1972
2034
2085
2078
2078
2125
2173
2160
2113
2089
2046
1969
1879
1860
1932
2012
2069
2145
2198
2189
2148
2100
2048
1994
1957
1958
1997
2060
2122
2150
2140
2123
2128
2148
2128
2088
2052
2055
2064
2043
2060
2158
2240
2257
2217
2205
2212
2162
2058
2037
2098
2146
2128
2132
2192
2226
2170
2091
2071
2105
2103
2092
2066
2053
2036
2004
1987
2016
2087
2165
2201
2185
2140
2078
2114
2237
2178
2006
2026
2110
2024
1967
2014
2052
2054
2083
2100
2012
1909
1917
1966
2020
2076
2181
2353
2410
2256
2128
2153
2073
1982
2044
2092
1996
1977
2090
2067
1972
2093
2231
2164
2145
2303
2309
2157
2080
2024
1887
1910
2108
2154
2085
2161
2196
2114
2130
2249
2233
2113
2088
2110
2052
2055
2187
2257
2221
2123
1980
1866
1943
2134
2174
2154
2186
2120
2007
2064
2139
2098
2096
2134
2147
2095
2040
2030
2070
2056
1989
2000
2072
2065
2017
2054
2088
2076
2160
2247
2219
2101
2033
1936
1760
1700
1863
2040
2218
2339
2301
2174
2128
2077
2007
2051
2119
2081
2037
2055
2102
2107
2142
2180
2136
2068
2110
2161
2051
2010
2052
1961
1872
2012
2190
2203
2169
2192
2158
2026
1954
2036
2178
2270
2296
2297
2270
2182
2027
1960
2012
2186
2297
2256
2089
1970
2017
2146
2242
2176
2130
2103
2156
2176
2102
2005
1983
2108
2264
2290
2226
2090
1970
1852
1838
1884
1980
1957
1991
2121
2152
2017
1972
2098
2149
2021
1940
2160
2383
2256
1859
1694
1959
2253
2279
2117
2110
2217
2251
2122
2064
2123
2195
2115
2030
2081
2197
2090
1978
2124
2418
2393
2108
1911
1952
2056
2140
2185
2136
2069
2113
2137
2099
2018
1971
1958
2013
2075
2122
2036
1917
1996
2219
2335
2254
2127
2081
2080
2170
2217
2100
2057
2189
2257
2086
1891
1854
1914
2098
2298
2360
2192
2010
2056
2129
2028
1986
2101
2232
2182
2029
1887
1924
1928
2092
2136
2029
1883
1848
1934
2112
2254
2274
2168
2057
1990
1996
2007
1999
1970
1979
2072
2201
2291
2286
2175
1976
1823
1751
1880
2172
2459
2532
2323
1952
1652
1626
1873
2168
2352
2341
2210
2066
1983
2015
2124
2234
2250
2181
2124
2115
2156
2164
2084
1972
1848
1821
1881
1990
2128
2227
2250
2236
2185
2165
2134
2120
2116
2135
2121
2059
2054
2169
2358
2426
2241
1936
1780
1957
2350
2632
2568
2255
1891
1664
1617
1697
1897
2114
2232
2186
2024
1893
1897
2020
2152
2203
2214
2202
2142
2064
2048
2086
2115
2096
2054
2043
2094
2167
2183
2132
2071
2146
2296
2341
2229
2038
1900
1863
1916
2003
2140
2330
2437
2302
2029
1866
1957
2229
2431
2334
1944
1902
2057
2213
2312
2336
2232
2123
2111
2146
2121
2064
2030
2026
2036
2094
2214
2310
2272
2090
1971
2044
2190
2287
2275
2157
1970
1876
1966
2121
2194
2127
2057
2103
2160
2174
2197
2254
2202
2102
2046
2078
2095
2090
2077
2138
2264
2317
2162
1945
1825
1812
1840
1944
2106
2270
2357
2293
2154
2046
1985
1896
1856
1928
2049
2136
2120
2095
2116
2142
2131
2104
2160
2275
2368
2318
2094
1861
1844
2096
2382
2427
2224
1958
1833
1896
2085
2289
2407
2376
2187
1975
1852
1967
2163
2229
2120
2024
2040
2142
2240
2215
2103
1960
1868
1845
1850
1853
1902
1999
2108
2200
2199
2102
2004
1982
2051
2174
2215
2180
2117
2130
2196
2251
2188
2027
1880
1865
2110
1918
1841
1962
2385
2553
2422
2110
1660
1534
1892
2276
2542
2488
2084
1762
1778
2076
2450
2632
2553
2134
1748
1819
2103
2360
2640
2537
1998
1544
1386
1507
1941
2502
2672
2310
1892
1512
1266
1514
2057
2370
2419
2370
2102
1892
2128
2391
2356
2252
2040
1708
1780
2151
2353
2296
2168
2065
2121
2164
2048
2175
2500
2318
1946
2006
2030
2063
2297
2271
2104
2071
1889
1786
2007
2012
1886
1984
2122
2123
2234
2386
2185
1796
1764
1900
1935
2230
2407
2128
1880
1882
1937
2184
2568
2616
2219
1812
1723
1842
2177
2512
2400
1977
1638
1518
1757
2250
2556
2527
2068
1587
1560
1852
2301
2811
2842
2331
1769
1592
1886
2285
2452
2355
2093
1696
1633
2036
2240
1788
1628
2056
2547
2492
2164
1990
1763
1542
1794
2410
2685
2447
2050
1496
1026
1259
2248
3320
3708
3196
2017
1038
722
1023
1672
2112
2224
2227
2460
2744
2494
1936
1647
1790
2070
2170
1972
1728
1888
2476
2818
2449
1766
1310
1214
1656
2448
2792
2718
2793
2708
1951
1198
1006
1229
2080
3015
2978
2260
1684
1512
2016
2839
2942
2211
1528
1380
1672
2083
2032
1624
1640
2370
3100
3315
2865
1878
1220
1303
1696
1855
1778
1940
2378
2826
2955
2534
1714
1096
1452
2436
3150
2914
2030
1364
1360
1776
2307
2590
2498
2230
2064
1777
1479
1607
2177
2852
3280
2845
1656
858
1179
2120
3208
3784
2923
1336
609
1079
2013
3000
3277
2137
636
486
1452
2489
3506
3906
3573
2819
2032
1571
1476
1487
1495
1613
2160
2786
2740
1879
744
154
536
1617
2836
3860
4095
4095
3312
1739
168
3
2
716
1800
2710
3232
3430
3451
3205
2674
1996
1398
1039
992
1307
1875
2557
3299
3856
3627
2435
865
2
122
1355
2688
3281
3222
2833
2341
1741
1334
1363
1720
2198
2681
2954
2840
2424
2037
1742
1405
963
649
1056
2360
3945
4095
4095
4095
2964
744
3
2
2
1
1411
4049
4095
4095
4095
4089
1854
1
0
1
229
2017
3625
4095
3489
2385
1525
1104
1003
1274
1912
2581
2896
2874
2730
2560
2428
2335
2070
1305
47
2
100
2010
4095
4095
4095
3572
1491
230
412
1340
1926
1794
1262
983
4095
2185
2
3
2
3
384
3930
4095
4095
4095
4095
1142
1
2
3
1
1846
4095
4095
4095
4095
2159
2
2
0
1
1540
3578
4095
4095
3960
2807
1826
1184
862
807
1032
1377
1737
2215
2848
3386
3464
2985
2073
937
10
2
960
2795
4095
4095
4095
3531
993
1
2
0
37
3050
4095
4095
4095
4095
2387
4
1
3
2
1980
3850
4095
3556
2561
1693
1088
1078
1944
3259
4022
3557
2153
523
2
2
2
1310
3342
4095
4095
4095
3336
1544
147
1
631
1987
3160
3699
3469
2466
927
2
1
2
892
2654
4095
4095
4095
4095
4095
2659
354
1
2
2
1
0
1112
4095
4095
4095
4095
4095
4095
3603
872
2289
3825
4095
4095
4095
4095
4095
4095
4095
4095
4095
3849
1941
2
1
2
2
0
1
3
1
1
1
1207
2930
4095
4095
4095
4095
4095
4095
4095
4095
3752
2089
337
2
2
1
3
0
1
1
4
354
2189
3972
4095
4095
4095
4095
4095
4095
3880
2120
239
3
2
1
2
1
1
1
1
1404
3327
4095
4095
4095
4095
4095
4095
4095
4095
4095
4095
2172
1
3
3
4
1
2
3
4
3
1
568
3812
4095
4095
4095
4095
4095
4095
4095
4095
4095
4095
4095
2313
4
3
3
3
2
2
4
3
2
3
3
2
1468
4095
4095
4095
4095
4095
4095
4095
4095
4095
4095
4095
3644
1944
3
1
2
1
1
200
1221
2272
3284
4095
4095
4095
4095
4095
4095
4095
4095
4095
4095
4095
4095
4095
4095
4095
4095
4095
4095
4095
4095
4095
4095
4095
4095
4095
4095
4095
4095
4095
4095
4095
4095
4095
4095
4095
4095
4095
4095
4095
4095
4095
4095
4095
4095
4095
4095
4095
4095
4095
3741
2906
2104
1332
595
2
2
3
3
2
1
2
1
0
1
2
3
1
2
1
1
1
3
1
0
2
2
2
1
2
2
2
3
2
2
3
2
3
2
2
3
1
2
1
1
4
3
3
2
2
1
380
1226
2055
2845
3610
4095
4095
4095
4095
4095
4095
4095
4095
4095
4095
4095
4095
4095
4095
