2094
2096
2096
2095
2096
2096
2097
2096
2098
2102
2098
2099
2098
2093
2099
2102
2099
2104
2098
2102
2100
2097
2098
2097
2101
2104
2098
2106
2102
2096
2102
2098
2098
2103
2096
2096
2103
2104
2100
2096
2096
2108
2107
2111
2103
2103
2101
2103
2107
2106
2103
2109
2102
2109
2104
2106
2108
2105
2100
2101
2105
2103
2102
2097
2098
2101
2102
2091
2095
2099
2103
2102
2102
2102
2103
2109
2110
2108
2109
2111
2104
2106
2105
2103
2105
2108
2111
2110
2101
2102
2103
2106
2109
2104
2104
2112
2111
2108
2105
2103
2104
2101
2104
2105
2102
2101
2102
2106
2110
2108
2107
2101
2100
2101
2098
2102
2104
2100
2105
2106
2105
2106
2106
2102
2104
2108
2106
2107
2114
2112
2094
2094
2090
2084
2082
2075
2087
2081
2066
2064
2064
2055
2054
2052
2042
2038
2005
2028
2015
2030
2020
2008
2013
2002
1989
1993
1993
1995
1992
1989
1987
1998
1985
1974
2006
2000
1976
1997
1973
1975
1980
1982
1982
1982
1980
1962
1976
1990
1976
1989
1981
1994
2004
1977
1997
1989
1987
2004
2015
2018
2015
2026
2022
2012
2008
2021
2023
2012
2022
2006
2032
2014
2021
2022
2022
2025
2042
2053
2043
2042
2062
2058
2059
2056
2063
2084
2066
2085
2078
2100
2098
2127
2121
2136
2118
2131
2158
2152
2139
2138
2155
2146
2168
2181
2165
2160
2153
2176
2175
2163
2159
2166
2177
2180
2162
2167
2162
2155
2157
2168
2166
2158
2165
2163
2154
2158
2056
2040
2038
2040
2039
2048
2070
2098
2127
2159
2183
2206
2224
2237
2234
2227
2208
2196
2177
2162
2150
2137
2144
2144
2144
2143
2128
2112
2093
2060
2025
2002
1982
1960
1960
1955
1968
1980
1988
1995
2014
2032
2060
2104
2158
2224
2295
2353
2407
2443
2453
2436
2405
2370
2314
2269
2221
2173
2125
2080
2023
1960
1890
1823
1758
1709
1682
1665
1686
1703
1737
1777
1806
1831
1847
1859
1879
1918
1968
2037
2121
2201
2273
2329
2365
2386
2396
2384
2373
2368
2354
2354
2347
2339
2317
2289
2250
2222
2196
2167
2153
2156
2147
2129
2111
2070
2024
1980
1915
1892
1871
1857
1848
1843
1830
1811
1798
1800
1809
1840
1882
1940
2009
2081
2146
2216
2270
2310
2269
2258
2199
2122
2025
1955
1866
1778
1732
1720
1721
1758
1828
1901
2000
2091
2154
2232
2280
2309
2323
2317
2281
2246
2184
2121
2054
2008
1979
2002
2002
2034
2073
2108
2129
2112
2086
2042
2004
1944
1886
1837
1813
1808
1822
1882
1979
2094
2232
2340
2426
2478
2484
2455
2371
2252
2163
2052
1947
1896
1864
1841
1851
1910
1961
2028
2086
2119
2128
2104
2058
2006
1931
1886
1865
1864
1894
1944
2024
2135
2260
2371
2469
2525
2546
2508
2422
2317
2207
2123
2050
2017
2017
2077
2134
2249
2342
2426
2465
2479
2443
2351
2249
2124
1986
1868
1787
1741
1738
1763
1835
1933
2040
2154
2259
2327
2363
2364
2329
2281
2224
2160
2123
2116
2136
2153
2187
2226
2385
2422
2481
2448
2250
2056
2020
2180
2334
2364
2276
2204
2190
2148
2043
1957
1902
1916
1881
1813
1805
1824
1855
1877
1934
1938
1907
1799
1695
1683
1767
1853
1926
1975
2076
2143
2149
2102
2005
1968
2038
2020
1897
1787
1721
1787
1934
2061
2125
2218
2350
2477
2518
2395
2189
2052
2014
2080
2028
1954
1942
1996
2083
2138
2186
2270
2344
2373
2364
2300
2258
2174
1970
1821
1699
1668
1713
1830
2030
2188
2260
2222
2200
2185
2170
2148
2136
2151
2160
2208
2303
2406
2573
2696
2734
2621
2448
2242
2049
1898
1758
1559
1398
1313
1310
1424
1676
2016
2338
2637
2768
2694
2570
2430
2287
2152
1963
1784
1697
1659
1728
1820
1873
1978
2065
2184
2221
2169
2431
2295
2088
1860
1638
1535
1528
1634
1775
1927
2088
2234
2350
2472
2535
2508
2437
2309
2154
2020
1946
1868
1909
1946
2035
2157
2241
2315
2249
2153
1972
1788
1672
1619
1672
1843
2062
2284
2449
2542
2522
2465
2386
2348
2321
2299
2163
2031
1901
1827
1917
2070
2241
2380
2479
2448
2380
2227
2049
1884
1745
1675
1664
1728
1804
1956
2092
2207
2244
2195
2132
2034
1987
1971
2039
2107
2189
2186
2143
2046
1927
1837
1837
1844
1950
2060
2158
2316
2424
2478
2534
2522
2532
2490
2432
2399
2295
2146
2018
1870
1764
1740
1835
2031
2265
2451
2511
2416
2233
2030
1913
1836
1877
1993
2067
2146
2162
2182
2223
2259
2291
2238
2127
2000
1859
1786
1739
1796
1681
1840
2019
2202
2382
2485
2374
2266
2292
2366
2216
2045
2058
2297
2440
2305
2072
1970
2121
2356
2474
2419
2109
1834
1579
1398
1277
1424
1807
2232
2371
2380
2344
2303
2247
2200
2185
2126
1988
1896
2003
2200
2337
2307
2260
2312
2316
2260
2098
1716
1359
1060
1078
1368
1734
2066
2312
2498
2684
2817
2884
2719
2251
1768
1472
1393
1342
1292
1346
1614
2036
2388
2658
2909
3030
2880
2507
2224
2230
2369
2320
2066
1866
1776
1730
1788
1884
1999
2022
1837
1569
1464
1624
1942
2326
2634
2803
2810
2700
2651
2522
2354
1966
1492
1177
1102
1218
1393
1628
1969
2323
2463
2442
2316
2158
2129
2081
1940
1795
1696
1690
1786
1983
2223
2423
2611
2740
2736
2134
2306
2591
2770
2697
2325
1719
1078
682
726
1252
2032
2830
3418
3624
3473
2922
2183
1517
1130
1170
1586
2171
2738
3060
3037
2676
2170
1737
1640
1908
2310
2598
2605
2341
1985
1680
1473
1412
1494
1707
2063
2464
2831
2983
2896
2605
2230
1969
1953
1914
1743
1528
1457
1572
1707
1749
1721
1830
2069
2396
2560
2485
2298
2150
1880
1655
1535
1693
2064
2479
2730
2712
2463
2134
1882
1680
1688
1824
2016
2168
2183
2092
1920
1816
1928
2233
2664
2942
2837
2426
1906
1598
1499
1543
1550
1528
1530
1573
1708
1925
2248
2624
2997
3187
3079
2735
2242
1812
1464
1278
1316
1535
1816
1933
1880
1695
1593
1752
2125
2592
2990
3152
2946
2426
1751
1273
1152
2189
2740
3230
3466
3438
3161
2684
2090
1500
981
654
533
701
1108
1704
2343
2895
3243
3288
3036
2569
2035
1537
1161
994
1055
1309
1718
2108
2419
2613
2684
2622
2444
2169
1896
1684
1685
1856
2202
2578
2808
2844
2702
2387
2010
1652
1368
1273
1346
1663
2147
2640
3103
3368
3381
3144
2665
2017
1312
694
333
352
782
1464
2248
2908
3315
3420
3215
2740
2151
1612
1334
1445
1929
2685
3424
3895
3938
3566
2920
2108
1322
692
433
615
1132
1862
2566
2998
3148
3067
2778
2408
2049
1846
1789
1804
1861
1880
1788
1686
1661
1802
1996
2217
2365
2441
2431
2280
1998
1703
1481
1515
1779
2221
2669
2945
2948
2656
2232
1733
1356
1226
1456
1974
2672
1829
1784
1604
1314
1039
958
1225
1849
2740
3641
4095
4095
4095
3570
2499
1312
455
33
44
204
422
672
999
1357
1736
2248
2934
3674
4095
4095
3475
2311
1119
237
1
1
20
652
1657
2741
3524
3786
3478
2823
2188
1852
1763
1738
1525
1193
875
738
826
1043
1520
2362
3470
4095
4095
4095
3352
2349
1427
611
18
2
166
951
1962
2964
3679
3868
3484
2874
2461
2431
2490
2321
1936
1598
1557
1698
1780
1720
1712
2120
2991
3966
4095
3847
2762
1615
786
283
16
55
506
1364
2456
3459
4093
4095
3862
3298
2843
2601
2330
1818
1127
551
437
838
1396
1778
1927
2120
2635
3410
4052
4095
3793
3034
2154
1353
634
107
1
105
1442
1252
1315
1630
2080
2470
2673
2690
2577
2404
2174
1907
1619
1368
1228
1275
1512
1901
2337
2747
3082
3303
3419
3348
3080
2605
1985
1306
679
211
16
169
679
1489
2480
3444
4095
4095
4095
4018
3147
2112
1158
453
135
219
662
1342
2116
2814
3315
3497
3346
2931
2382
1848
1398
1093
999
1104
1358
1708
2107
2496
2842
3133
3296
3300
3155
2910
2570
2162
1656
1059
476
50
4
129
651
1416
2293
3170
3922
4095
4095
4095
3982
3167
2161
1099
114
2
1
3
3
945
2288
3560
4095
4095
4095
3973
3029
2065
1224
564
136
2
113
619
1384
2226
2954
3472
3818
3992
3904
3477
2719
1844
1059
483
103
2
2
350
1314
2588
1525
640
2
1
3
4
297
1187
2186
3150
4011
4095
4095
4095
4095
4095
4095
4095
3616
2590
1518
561
2
1
3
3
4
5
506
1142
1813
2504
3173
3774
4095
4095
4095
4030
3412
2574
1684
811
1
1
3
1
3
2
2
509
1627
2841
4028
4095
4095
4095
4095
4095
4095
4095
3686
2486
1246
101
2
3
1
0
3
1
3
3
899
1985
2924
3623
4095
4095
4095
4095
3902
3518
3046
2557
2083
1653
1327
1139
1087
1215
1492
1845
2260
2677
3023
3313
3538
3642
3656
3532
3321
2996
2534
1996
1443
934
515
216
68
49
119
279
455
635
784
920
1065
1247
1489
1763
2119
2488
2819
3159
3441
3706
3939
4095
5
2
2
1
4
171
628
976
1166
1270
1336
1451
1613
1846
2215
2677
3243
3929
4095
4095
4095
4095
4095
4095
4095
4095
4095
4095
4095
3741
2283
803
2
2
1
2
3
5
1
4
1
2
2
0
1
12
1548
3416
4095
4095
4095
4095
4095
4095
4095
4095
4095
4095
4095
4095
4095
3886
2781
1683
660
4
3
4
1
4
3
4
3
2
3
3
2
5
2
2
1
89
1753
3653
4095
4095
4095
4095
4095
4095
4095
4095
4095
4095
4095
4095
4095
4095
4095
3173
1387
0
0
1
1
3
2
2
1
1
3
2
1
2
0
1268
2782
4095
4095
4095
4095
4095
4095
4095
4095
4095
4095
4095
3
2
3
2
3
2
2
3
1
1
3
1
0
0
0
1
0
0
1
422
3584
4095
4095
4095
4095
4095
4095
4095
4095
4095
4095
4095
4095
4095
4095
4095
4095
4095
4095
4095
4095
4095
4095
4095
2785
162
1
1
1
0
1
0
2
3
0
3
3
2
1
2
1
2
1
1
2
2
1
2
494
2820
4095
4095
4095
4095
4095
4095
4095
4095
4095
4095
4095
4095
4095
4095
4095
4095
4095
4095
4095
4095
4095
4095
4095
3077
1626
249
1
1
1
1
3
2
2
1
1
2
1
3
3
2
1
1
0
2
2
2
1
1
917
2297
3609
4095
4095
4095
4095
4095
4095
4095
3
3
3
1
4
3
2
2
2
2
3
2
2
2
2
1
1
1
2
1
2
2
3
2
3
2
2
4
2
2
2
203
496
796
1067
1324
1589
1838
2099
2330
2562
2800
3019
3230
3440
3640
3831
4023
4095
4095
4095
4095
4095
4095
4095
4095
4095
4095
4095
4095
4095
4095
4095
4095
4095
4095
4095
4095
4095
4095
4095
4095
4095
4095
4095
4095
4095
4095
4095
4095
4095
4095
4095
4095
4095
4095
4095
4095
4095
4095
4095
4095
4095
4095
4095
4095
4095
4095
4095
4095
4095
4095
4095
4095
4095
4095
4095
4095
4095
4095
4095
4095
4095
4095
4095
4095
4095
3926
3680
3452
3224
2996
2764
2558
2351
2144
1942
1755
