2133
2083
2100
2089
2080
2066
2059
2079
2123
2123
2084
2082
2087
2169
2083
2136
2138
2078
2075
2073
2068
2171
2154
2118
2078
2088
2089
2076
2059
2061
2072
2087
2073
2068
2066
2058
2108
2111
2087
2063
2110
2142
2159
2119
2092
2131
2109
2060
2093
2057
2091
2085
2122
2134
2138
2151
2130
2049
2132
2101
2063
2055
2145
2104
2087
2099
2046
2081
2046
2062
2109
2089
2130
2105
2112
2108
2103
2111
2052
2076
2081
2076
2045
2037
2050
2057
2104
2104
2113
2101
2101
2090
2096
2099
2100
2105
2096
2106
2075
2059
2061
2104
2126
2088
2100
2066
2106
2080
2086
2084
2062
2111
2109
2079
2127
2086
2092
2116
2106
2092
2110
2118
2098
2116
2113
2064
2095
2118
2122
2151
2092
2050
2076
2124
2109
2094
2086
2078
2064
2073
2072
2109
2126
2104
2148
2141
2069
2098
2104
2104
2080
2087
2140
2059
2115
2101
2054
2098
2069
2095
2095
2066
2079
2116
2072
2088
2110
2111
2112
2089
2100
2088
2101
2055
2043
2084
2091
2046
2112
2131
2071
2079
2104
2144
2134
2100
2095
2066
2114
2139
2099
2093
2109
2113
2124
2064
2080
2130
2075
2110
2118
2077
2116
2101
2074
2042
2065
2080
2122
2084
2100
2122
2086
2134
2066
2054
2037
2066
2100
2106
2116
2082
2050
2127
2093
2117
2083
2083
2101
2111
2112
2084
2148
2098
2092
2038
2093
2126
2114
2134
2125
2075
2075
2106
2080
2093
2130
2099
2095
2114
2095
2048
2093
2075
2097
2083
2116
2067
2111
2122
2122
2130
2115
2152
2125
2109
2170
2181
2122
2120
2056
2079
2147
2105
2075
2080
2104
2087
2126
2063
2082
2071
2084
2068
2088
2082
2133
2153
2138
2089
2062
2068
2075
2084
2090
2076
2100
2069
2088
2103
2087
2024
2094
2126
2104
2105
2086
2089
2112
2102
2094
2104
2102
2061
2152
2098
2054
2096
2116
2116
2084
2072
2154
2079
2082
2110
2096
2078
2064
2028
2079
2053
2087
2105
2133
2106
2080
2084
2069
2092
2121
2064
2143
2076
2042
2066
2083
2087
2090
2072
2086
2082
2074
2120
2131
2136
2083
2104
2069
2076
2092
2081
2102
2126
2122
2090
2132
2110
2064
2068
2088
2122
2084
2117
2098
2102
2184
2137
2058
2065
2117
2117
2128
2117
2085
2122
2098
2072
2096
2092
2115
2084
2047
2040
2085
2066
2111
2108
2125
2100
2073
2028
2079
2062
2019
2113
2072
2104
2119
2105
2055
2094
2104
2153
2115
2107
2094
2099
2127
2126
2102
2126
2117
2126
2094
2096
2134
2157
2081
2082
2139
2128
2109
2098
2101
2103
2121
2097
2077
2138
2138
2134
2114
2143
2180
2154
2120
2128
2127
2119
2158
2121
2102
2134
2143
2093
2090
2134
2138
2114
2091
2031
2070
2076
2106
2106
2104
2074
2063
2102
2085
2051
2064
2060
2026
2036
2072
2033
2056
2063
2058
2031
2064
2056
2060
2034
2021
2034
2009
2033
2032
1985
2050
2023
2036
2076
2023
2074
2091
2058
2056
2060
2067
2044
2080
2028
1964
2072
2027
2071
2095
2027
1949
1917
1919
1915
1875
1895
1895
1896
1920
1926
1990
2050
2064
2129
2137
2180
2183
2217
2232
2263
2273
2310
2298
2294
2308
2326
2331
2332
2368
2354
2390
2320
2326
2277
2237
2196
2086
2082
2016
1962
1942
1910
1873
1901
1891
1912
1967
2014
2052
2140
2190
2277
2322
2352
2356
2390
2311
2256
2256
2122
1998
1976
1810
1702
1619
1606
1560
1520
1562
1627
1659
1704
1782
1831
1882
1973
2018
2074
2117
2134
2131
2126
2120
2138
2146
2194
2243
2284
2296
2322
2382
2431
2471
2467
2448
2473
2472
2414
2373
2352
2332
2265
2205
2222
2248
2258
2294
2272
2290
2273
2285
2208
2236
2184
2136
2117
2077
2074
2060
2055
2066
2055
2070
2080
2072
2124
2078
2090
2143
2193
2171
2177
2138
2123
2117
2170
2191
2155
2186
2120
2108
2118
2114
2089
2050
2016
1955
1944
1880
1856
1911
1894
2000
2092
2116
2223
2232
2239
2233
2200
2169
2179
2121
2121
2133
2131
2167
2185
2176
2216
2211
2163
2094
2079
2033
1983
1973
1973
1986
2047
2098
2090
2123
2160
2172
2167
2127
2166
2212
2165
2167
2167
2112
2122
2072
1980
1967
1909
1883
1872
1903
1945
1973
2046
2133
2157
2180
2200
2233
2201
2213
2210
2136
2039
2011
2023
1936
1926
1930
1941
1908
1916
1927
1937
1943
1932
2005
2066
2064
2091
2125
2163
2200
2235
2214
2256
2254
2269
2289
2283
2230
2163
2106
2076
2024
1980
1957
1902
1937
1886
1866
1932
2018
2019
2114
2107
2163
2309
2394
2485
2489
2372
2154
1889
1698
1722
1896
2100
2253
2396
2358
2321
2294
2254
2192
2051
1927
1863
1870
1954
1970
2014
2006
2013
1989
1987
2085
2149
2240
2245
2272
2356
2382
2461
2550
2501
2408
2258
2099
1970
1891
1779
1663
1516
1429
1469
1622
1833
1978
2130
2211
2307
2421
2541
2640
2647
2618
2484
2357
2173
2040
1857
1746
1711
1770
1929
2092
2243
2252
2220
2148
2134
2149
2141
2106
2162
2298
2422
2435
2270
2005
1805
1692
1658
1668
1746
1855
2053
2174
2301
2313
2200
1998
1856
1873
2006
2140
2268
2386
2458
2537
2536
2484
2371
2206
2090
1976
1981
2054
2089
2127
2024
1951
1823
1741
1701
1741
1815
1995
2168
2367
2408
2446
2354
2307
2224
2112
2029
1973
1956
1996
2043
2143
2229
2308
2388
2395
2392
2297
2204
2088
1921
1782
1646
1648
1678
1690
1762
1879
1994
2083
2180
2280
2338
2406
2444
2444
2473
2485
2434
2358
2280
2210
2113
1976
1940
1918
1928
1993
2063
2120
2208
2250
2251
2276
2167
2085
1965
1878
1736
1624
1593
1639
1706
1820
1927
2038
2159
2220
2285
2239
2234
2165
2120
2081
2110
2113
2164
2245
2257
2231
2239
2240
2192
2106
2031
2002
1981
1936
1984
2000
2072
2100
2128
2133
2142
2120
2112
2074
2102
2140
2158
2199
2198
2298
2352
2376
2376
2300
2175
2073
1926
1862
1748
1691
1619
1621
1634
1688
1703
1808
1898
2002
2090
2165
2268
2338
2361
2416
2459
2442
2484
1938
2040
2196
2332
2417
2373
2252
2130
2088
2029
1906
1776
1818
1987
2233
2292
2249
2209
2294
2362
2333
2183
2038
2056
2216
2335
2327
2204
2102
2016
2001
2050
2054
1968
1845
1847
2001
2157
2174
2055
2003
2088
2184
2223
2128
2108
2201
2319
2349
2253
2176
2112
2079
1984
1840
1660
1603
1678
1849
2028
2064
2057
2066
2127
2230
2296
2316
2241
2256
2162
2019
1974
1980
2042
2056
2023
1909
1842
1817
1893
1967
1956
1952
1922
1893
1892
1929
1940
1976
2073
2192
2365
2504
2546
2490
2510
2546
2544
2452
2244
2036
1960
1892
1814
1702
1680
1834
2120
2384
2504
2488
2469
2459
2436
2248
2072
2000
2038
2088
1992
1854
1793
1765
1832
1904
1946
1971
2050
2140
2208
2239
2238
2229
2157
2118
2107
2098
2126
2132
2142
2093
2000
1887
1835
1832
1908
2024
2120
2180
2210
2212
2182
2135
2045
1977
1936
1900
1867
1826
1786
1840
1923
2110
2342
2548
2697
2752
2718
2574
2348
2095
1853
1643
1569
1676
1876
2187
2466
2688
2798
2786
2716
2564
2433
2268
2097
1903
1702
1535
1486
1529
1672
1907
2099
2208
2209
2102
1978
1862
1793
1822
1913
2066
2189
2236
2208
2150
2034
1887
1752
1623
1528
1506
1554
1616
1732
1888
2083
2305
2502
2656
2711
2709
2623
2560
2470
2366
2252
2147
2052
1998
1990
2056
2124
2198
2264
2252
2226
2216
2238
2297
2346
2422
2469
2404
2311
2196
2100
2024
2008
2031
2111
2152
2163
2075
1868
2672
2743
2660
2485
2300
2172
2156
2116
2067
1897
1762
1625
1656
1838
2111
2383
2468
2465
2391
2313
2198
2137
2110
2160
2200
2192
2098
1998
1960
1922
1895
1914
1966
2012
2019
1984
1990
2098
2278
2336
2308
2222
2106
2009
1946
1880
1847
1786
1713
1629
1612
1648
1752
1860
1997
2080
2176
2267
2433
2528
2495
2381
2215
2139
2189
2267
2245
2113
1913
1794
1854
1965
2058
2101
2124
2185
2324
2452
2494
2358
2154
1941
1827
1756
1729
1670
1632
1725
1964
2203
2342
2386
2371
2418
2430
2380
2214
2005
1891
1869
1881
1943
2002
2056
2138
2244
2223
2156
2052
2014
2050
2073
2062
2098
2105
2155
2214
2235
2281
2312
2353
2361
2260
2059
1844
1743
1824
2019
1720
1940
1984
1774
1400
1021
832
948
1340
1862
2370
2744
3007
3172
3227
3051
2618
2097
1724
1568
1750
2100
2497
2760
2846
2801
2686
2480
2194
1818
1462
1321
1410
1735
2133
2417
2487
2359
2176
2007
1915
1976
2151
2421
2719
2953
2973
2675
2081
1394
848
651
854
1228
1632
2088
2608
3064
3315
3259
2860
2301
1900
1888
2134
2457
2488
2225
1803
1457
1368
1485
1659
1786
1964
2257
2654
2966
2994
2718
2250
1752
1488
1424
1442
1523
1716
2008
2479
2847
2934
2759
2444
2204
2176
2218
2133
1863
1401
1052
972
1097
1272
1474
1773
2250
2900
3562
3973
3949
3569
3052
2494
1932
1421
976
644
548
695
897
1038
1147
1343
1670
2146
2723
3325
3860
2140
2217
2365
2530
2613
2606
2461
2204
1826
1434
1087
882
844
995
1342
1794
2300
2828
3275
3594
3744
3636
3286
2719
2039
1306
677
305
222
515
1028
1726
2435
3010
3367
3479
3279
2839
2238
1552
921
428
218
367
890
1691
2670
3660
4095
4095
4095
4095
3583
2386
1119
1
2
3
2
3
411
1710
3033
4095
4095
4095
4095
4044
3031
1861
756
3
2
3
151
1039
2066
3010
3710
4029
3934
3465
2746
1953
1233
765
646
855
1330
2004
2640
3126
3329
3173
2700
2023
1251
599
190
122
512
1303
2315
3392
4095
4095
4095
4083
3111
1897
707
1
2
4
48
1008
2279
3504
4095
4095
4095
4095
3281
2067
943
112
2
3
860
1171
1710
2467
3369
4095
4095
4095
4095
4095
3697
2839
2013
1323
794
465
313
314
469
782
1178
1551
1890
2214
2528
2924
3310
3625
3710
3578
3226
2797
2435
2241
2153
2084
1975
1776
1550
1446
1421
1516
1645
1846
2022
2258
2500
2680
2749
2588
2189
1575
874
246
3
3
47
577
1368
2320
3287
4079
4095
4095
4095
4095
4095
3810
3226
2496
1706
916
337
3
2
3
3
3
113
559
1194
1961
2695
3278
3659
3898
4050
4095
4095
4095
3916
3486
2910
2194
1430
685
81
1
3
2
66
685
1518
2374
3192
3822
4095
4053
3624
2961
2192
1472
871
435
262
324
704
1336
2128
2935
3599
4073
4095
4095
4095
3909
3392
2643
2659
3226
3768
4095
4095
4095
4016
3468
2720
1939
1224
693
420
390
613
1016
1534
2151
2760
3300
3681
3830
3731
3400
2894
2318
1744
1215
814
616
633
892
1329
1844
2336
2736
3045
3330
3588
3820
3907
3768
3385
2812
2175
1605
1237
1085
1109
1220
1291
1318
1310
1356
1507
1803
2186
2560
2786
2803
2586
2238
1881
1610
1483
1467
1487
1486
1419
1392
1451
1664
2043
2552
3060
3446
3625
3548
3247
2745
2173
1602
1179
969
941
1047
1180
1337
1532
1865
2348
2932
3514
3907
3966
3641
3029
2296
1593
1021
588
268
55
16
232
645
1209
1796
2291
2707
2998
3238
3444
3526
3440
3164
2747
2286
1855
1498
1205
953
760
694
806
1168
1734
2416
