2099
2080
2098
2088
2098
2084
2092
2098
2097
2093
2109
2101
2086
2096
2071
2107
2085
2088
2083
2083
2101
2080
2097
2093
2083
2100
2072
2110
2092
2097
2091
2094
2105
2103
2093
2102
2118
2104
2107
2104
2091
2085
2090
2099
2090
2105
2103
2091
2095
2105
2098
2091
2080
2090
2076
2083
2100
2093
2116
2104
2090
2099
2105
2090
2093
2091
2080
2081
2079
2099
2097
2087
2085
2101
2092
2091
2084
2083
2099
2079
2078
2103
2112
2092
2084
2077
2078
2091
2085
2082
2093
2097
2086
2087
2081
2099
2097
2098
2100
2088
2083
2088
2105
2104
2091
2099
2099
2097
2101
2088
2106
2081
2093
2102
2092
2105
2093
2094
2100
2096
2098
2094
2082
2095
2118
2083
2090
2099
2089
2072
2090
2101
2072
2083
2076
2085
2101
2096
2096
2086
2107
2126
2116
2126
2119
2131
2109
2112
2129
2115
2130
2124
2129
2133
2106
2134
2129
2118
2127
2124
2138
2143
2132
2137
2122
2144
2140
2138
2128
2119
2136
2145
2149
2151
2144
2135
2165
2130
2145
2127
2148
2128
2137
2133
2129
2145
2146
2126
2137
2116
2131
2124
2135
2114
2128
2126
2136
2103
2090
2111
2127
2108
2113
2104
2085
2091
2089
2093
2115
2085
2098
2101
2078
2080
2079
2075
2059
2075
2064
2062
2061
2058
2055
2060
2081
2041
2048
2041
2050
2043
2031
2041
2042
2033
2012
2028
2029
2031
2029
2028
2034
2025
2022
2072
2024
2008
2004
2001
2013
2029
2022
2029
2040
2016
2018
2038
2234
2223
2232
2219
2217
2220
2195
2201
2185
2178
2160
2171
2173
2151
2139
2124
2098
2089
2076
2052
2043
2017
2001
1985
1961
1975
1950
1927
1926
1947
1982
1975
1936
1945
1951
1953
1944
1978
1969
1998
1999
2024
2041
2034
2039
2073
2138
2126
2145
2160
2191
2213
2233
2239
2234
2264
2232
2239
2244
2251
2258
2234
2218
2217
2187
2191
2157
2129
2102
2083
2066
2039
2055
2012
2006
2025
1968
1984
1999
1976
1980
2003
2024
2052
2074
2085
2086
2073
2143
2167
2148
2169
2179
2160
2155
2160
2148
2141
2108
2119
2110
2072
2048
2070
2067
2049
2036
2039
2063
2048
2063
2039
2096
2096
2117
2128
2124
2153
2165
2164
2174
2160
2182
2194
2178
2187
2185
2175
2121
2117
2092
2079
2076
2117
2121
2173
2185
2205
2226
2205
2191
2067
2018
1980
1972
2009
2004
2062
2116
2132
2141
2098
2027
1987
1937
1920
1936
1972
1991
2088
2092
2159
2205
2153
2097
2047
2010
1945
1928
1903
1932
2016
2100
2125
2198
2238
2198
2218
2205
2161
2163
2167
2149
2162
2207
2252
2226
2214
2111
2069
2039
1992
2018
2037
2111
2153
2211
2230
2162
2127
2026
1905
1836
1817
1839
1860
1935
2021
2091
2112
2092
2072
1993
1970
1985
2012
2069
2159
2266
2354
2376
2449
2450
2400
2397
2303
2216
2179
2169
2124
2068
2080
2070
2077
2093
2099
2083
2075
2089
2019
2006
1985
1963
1932
1938
1926
1935
1968
2001
2055
2060
2080
2066
2096
2129
2154
2123
2254
2352
2412
2432
2392
2312
2230
2114
1987
1922
1862
1849
1870
1924
1989
2020
2122
2159
2172
2147
2129
2103
2070
2065
2069
2059
2067
2100
2128
2179
2183
2156
2107
2036
1944
1866
1834
1817
1806
1793
1853
1928
1983
2079
2184
2297
2321
2374
2391
2400
2408
2351
2250
2191
2106
2061
2015
2012
1989
2018
2049
2078
2116
2126
2178
2163
2154
2144
2088
2037
1991
1962
1946
1930
1946
1975
2002
2038
2062
2075
2071
2039
1974
1954
1918
1920
1935
1955
2039
2103
2195
2213
2259
2276
2231
2188
2121
2097
2101
2090
2110
2096
2117
2132
2128
2148
2165
2222
2251
2300
2312
2327
2275
2206
2128
2055
1964
1880
1843
1856
1885
1900
1960
2037
2115
2207
2281
2379
2395
2368
2295
2187
2118
2098
2074
2044
1962
1874
1780
1739
1792
1829
1892
1921
1931
2005
2126
2265
2308
2286
2240
2207
2241
2256
2184
2101
2051
2130
2231
2238
2154
2024
1935
1921
2006
2140
2164
2129
2030
2011
2004
2059
2101
2159
2163
2176
2150
2164
2187
2176
2173
2158
2174
2169
2115
2056
2013
1968
1927
1935
1937
1937
1910
1869
1836
1829
1858
1973
2045
2137
2231
2329
2377
2438
2433
2454
2443
2380
2301
2186
2038
1956
1845
1821
1792
1839
1858
1949
2052
2194
2280
2336
2336
2379
2410
2440
2428
2332
2193
2069
2025
2059
2061
2047
1977
1946
1984
2024
2108
2152
2133
2134
2150
2174
2243
2235
2180
2083
1982
1940
1922
1909
1891
1872
1922
1841
1912
2027
2174
2299
2433
2530
2536
2447
2269
2120
1937
1795
1683
1661
1660
1757
1873
1963
2047
2160
2244
2325
2379
2377
2399
2356
2256
2139
2020
1909
1814
1755
1731
1698
1641
1634
1653
1713
1823
2013
2227
2424
2614
2684
2714
2650
2555
2431
2284
2183
2116
2046
1956
1940
1989
2026
2118
2164
2229
2260
2236
2229
2162
2101
2027
1974
1914
1864
1849
1861
1891
1902
1906
1923
1950
1915
1875
1817
1757
1716
1767
1848
1932
2044
2135
2197
2272
2257
2281
2258
2290
2322
2381
2433
2405
2457
2446
2459
2496
2565
2567
2596
2546
2439
2324
2185
2053
1929
1880
1850
1830
1859
1873
1840
1785
1829
1863
1908
1974
2050
2095
2197
2212
2201
2155
2128
2111
2346
2312
2243
2092
1949
1830
1832
1881
1944
2035
2141
2222
2341
2390
2429
2453
2439
2401
2357
2273
2198
2038
1812
1585
1498
1548
1687
1801
1876
1926
2015
2182
2346
2454
2473
2401
2251
2124
2095
2092
2088
1977
1776
1610
1567
1782
2101
2301
2328
2226
2117
2114
2206
2327
2370
2311
2152
1976
1873
1855
1836
1867
1908
2006
2100
2187
2271
2360
2467
2507
2516
2445
2329
2187
2040
1881
1754
1688
1725
1803
1883
1974
2064
2177
2283
2315
2291
2219
2127
2021
1925
1816
1746
1761
1829
1928
2010
2068
2153
2225
2280
2252
2101
1932
1797
1757
1799
1875
1972
2053
2119
2212
2280
2421
2479
2486
2353
2194
2070
1991
1957
1891
1802
1722
1750
1882
2088
2292
2350
2077
1811
1578
1444
1440
1560
1731
1948
2153
2290
2450
2551
2603
2606
2608
2525
2399
2243
2023
1819
1629
1448
1306
1224
1222
1304
1452
1658
1891
2127
2302
2441
2504
2513
2477
2388
2312
2248
2249
2267
2313
2368
2397
2400
2377
2370
2346
2322
2276
2268
2228
2155
2095
1972
1814
1625
1404
1242
1154
1164
1263
1497
1771
2107
2509
2870
3189
3361
3412
3291
3071
2792
2544
2344
2215
2120
2024
1878
1727
1561
1489
1482
1560
1732
1919
2078
2140
2100
2014
1879
1814
1792
1876
1978
2070
2166
2268
2350
2414
2394
2366
2296
2166
2040
1934
1881
1898
1980
2041
2093
2109
2099
2119
2146
2183
2204
2197
2206
2184
2157
2104
1999
1817
1576
1315
1090
979
2073
2216
2366
2491
2498
2442
2339
2223
2140
2042
1967
1868
1780
1735
1793
1979
2170
2353
2452
2419
2314
2155
2010
1927
1828
1814
1793
1794
1829
1923
2059
2235
2437
2602
2656
2642
2533
2321
2118
1936
1788
1648
1561
1536
1607
1786
2006
2226
2373
2416
2346
2224
2028
1819
1623
1508
1502
1600
1820
2092
2324
2545
2700
2808
2842
2807
2667
2430
2160
1904
1718
1629
1690
1826
1969
2087
2154
2187
2172
2095
2075
1995
1947
1929
1956
2018
2095
2194
2344
2483
2641
2745
2788
2741
2610
2407
2142
1874
1634
1474
1379
1401
1537
1723
2042
2336
2569
2715
2731
2619
2414
2137
1878
1648
1509
1486
1569
1784
2018
2267
2482
2598
2626
2541
2402
2256
2104
1984
2043
2471
2707
2738
2573
2385
2220
2090
1989
1900
1840
1826
1944
2084
2184
2148
1968
1757
1588
1522
1618
1834
2092
2371
2571
2738
2830
2776
2589
2274
1909
1615
1451
1474
1617
1805
1975
2148
2220
2280
2227
2119
1962
1750
1511
1362
1310
1415
1643
1941
2203
2376
2445
2447
2394
2373
2394
2440
2502
2550
2573
2576
2544
2383
2133
1780
1443
1206
1050
1076
1251
1532
1908
2335
2649
2821
2803
2640
2419
2274
2155
2095
2070
2098
2142
2211
2277
2253
2114
1837
1575
1416
1422
1621
1949
2305
2587
2742
2813
2753
2638
2494
2304
2125
2090
2191
2402
2619
2724
2630
2376
2081
1871
1725
1711
1797
2009
2306
2610
2775
2757
2474
2090
1638
1255
1044
1068
1336
1298
1361
1578
1892
2316
2764
3117
3318
3325
3122
2704
2187
1633
1111
728
526
561
818
1269
1829
2398
2950
3352
3548
3532
3286
2849
2261
1602
1034
669
589
802
1222
1806
2414
2922
3294
3451
3418
3148
2692
2068
1405
828
414
273
468
916
1536
2180
2785
3236
3490
3506
3290
2917
2408
1886
1487
1283
1337
1596
2016
2441
2716
2840
2762
2538
2243
1877
1534
1223
1036
1031
1270
1729
2267
2777
3159
3276
3104
2718
2214
1662
1141
754
636
806
1276
1974
2728
3399
3871
4008
3825
3344
2586
1768
960
307
0
2
166
807
1649
2536
3323
3868
4076
3920
3506
2871
2086
1322
727
363
362
699
1281
2051
2815
3419
3787
3879
3652
3175
2543
1813
2553
3152
3545
3629
3404
2999
2600
2352
2255
2183
2123
2105
2124
2194
2289
2291
2096
1735
1302
1034
1173
1604
2068
2456
2700
2850
2841
2773
2690
2551
2206
1744
1332
1097
1086
1200
1444
1782
2102
2371
2564
2774
2864
2889
2868
2920
3005
3106
3090
2944
2670
2265
1714
1162
641
224
2
2
136
635
1357
2174
2906
3561
4008
4095
4095
4095
3864
3200
2351
1586
1087
840
747
737
683
645
704
895
1262
1714
2122
2467
2798
3241
3783
4095
4095
4095
3949
3312
2559
1767
963
224
0
0
0
1
544
1407
2197
2840
3336
3709
3921
3963
3781
3416
2954
2510
2164
1866
1646
1392
1110
870
669
528
469
475
652
1033
1568
2233
2953
2262
2893
3297
3520
3558
3451
3201
2760
2190
1584
1001
616
533
786
1284
1936
2604
3148
3532
3668
3606
3332
2865
2318
1712
1221
945
975
1310
1877
2479
2978
3323
3428
3346
3057
2591
2000
1337
716
198
1
12
346
986
1755
2537
3203
3629
3815
3740
3416
2961
2362
1738
1146
746
638
825
1284
1809
2332
2748
2950
3002
2921
2782
2633
2525
2415
2333
2212
2045
1877
1776
1780
1880
2056
2226
2369
2427
2423
2400
2399
2415
2403
2359
2268
2012
1706
1312
949
673
530
586
891
1366
1973
2600
3140
3524
3671
3581
3250
2694
2036
1340
702
219
1
4
257
751
1408
2165
2894
3508
3962
4095
4095
3965
3639
3303
2942
2609
2263
1916
1599
1027
1092
1238
1510
1824
2157
2499
2812
3024
3154
3190
3055
2864
2597
2266
1925
1592
1378
1202
1085
1081
1132
1239
1366
1539
1679
1851
2077
2281
2533
2813
3052
3288
3517
3671
3671
3597
3435
3156
2823
2383
1970
1571
1178
838
589
411
334
321
358
424
561
767
1013
1316
1700
2104
2526
2961
3326
3641
3855
3955
3902
3740
3470
3127
2683
2234
1814
1458
1156
905
760
712
716
762
906
1132
1372
1690
1998
2334
2582
2858
3055
3226
3288
3272
3116
2931
2703
2433
2176
1908
1678
1497
1338
1221
1154
1136
1158
1235
1327
1484
1658
1914
2185
2465
2782
3058
3307
3455
3493
3448
3286
3040
2706
2323
1916
1509
1160
854
636
541
520
629
819
