2091
2082
2070
2098
2104
2090
2089
2099
2080
2074
2083
2091
2082
2091
2088
2087
2082
2095
2083
2084
2090
2090
2104
2087
2091
2090
2108
2088
2092
2079
2090
2097
2099
2072
2091
2085
2084
2076
2091
2099
2092
2101
2095
2092
2110
2096
2099
2097
2104
2114
2084
2104
2101
2096
2088
2082
2094
2083
2089
2104
2103
2112
2070
2074
2090
2094
2078
2081
2109
2085
2085
2078
2079
2089
2073
2083
2090
2088
2088
2096
2102
2087
2106
2090
2098
2093
2097
2097
2082
2098
2102
2102
2097
2090
2084
2084
2091
2082
2104
2108
2115
2094
2096
2101
2084
2103
2089
2107
2099
2082
2073
2087
2096
2103
2095
2119
2102
2110
2092
2083
2069
2085
2088
2100
2083
2097
2099
2089
2099
2088
2080
2066
2077
2093
2100
2079
2094
2117
2098
2107
2108
2128
2090
2076
2108
2096
2110
2091
2093
2094
2098
2100
2109
2087
2106
2101
2097
2091
2105
2093
2076
2084
2093
2088
2099
2108
2091
2104
2098
2095
2112
2094
2083
2084
2074
2086
2085
2094
2098
2092
2059
2065
2074
2092
2093
2091
2104
2113
2099
2120
2109
2101
2104
2099
2088
2086
2092
2078
2070
2077
2088
2067
2071
2082
2091
2103
2115
2125
2118
2125
2118
2092
2112
2098
2100
2088
2101
2083
2078
2095
2109
2094
2115
2119
2113
2097
2089
2092
2108
2102
2102
2086
2100
2085
2076
2098
2092
2096
2110
2093
2071
2067
2080
2077
2102
2078
2063
2071
2057
2079
2074
2092
2091
2091
2092
2111
2044
2020
2015
1997
1999
1999
1992
1995
1992
1998
1996
2004
1974
1966
1961
1976
1977
1973
1993
2006
1985
2001
1990
2009
2019
1999
1998
2011
2031
2046
2044
2043
2065
2076
2084
2092
2099
2104
2136
2129
2141
2147
2156
2182
2195
2198
2201
2207
2209
2240
2244
2240
2261
2265
2274
2266
2264
2286
2269
2270
2277
2268
2271
2254
2250
2226
2247
2242
2234
2206
2199
2182
2159
2144
2130
2123
2103
2086
2071
2053
2033
2013
2003
1975
1976
1968
1953
1947
1949
1940
1910
1924
1913
1922
1894
1886
1877
1887
1900
1890
1882
1885
1902
1922
1928
1930
1946
1954
1987
1981
2017
2029
2035
2040
2070
2072
2088
2109
2129
2162
2181
2187
2200
2199
2212
2206
2221
2238
2130
2124
2079
2062
2046
1990
1952
1925
1869
1808
1793
1747
1704
1690
1683
1662
1670
1691
1723
1752
1809
1864
1903
1969
2039
2094
2172
2226
2276
2320
2364
2389
2417
2429
2437
2446
2461
2438
2416
2400
2381
2347
2279
2252
2208
2192
2155
2118
2083
2036
2000
1984
1986
1950
1958
1955
1960
1992
1994
2044
2077
2092
2128
2155
2194
2228
2253
2258
2258
2273
2280
2282
2251
2217
2196
2120
2075
2034
2000
1938
1882
1844
1819
1767
1752
1739
1746
1743
1760
1779
1824
1851
1901
1941
2018
2052
2096
2158
2191
2213
2224
2236
2244
2245
2237
2229
2204
2187
2181
2185
2169
2153
2152
2109
2104
2065
2057
2020
1998
1978
1972
1992
2033
2039
2076
2114
2152
2155
2112
2119
2103
2101
2115
2085
2057
2014
2005
2002
2052
2075
2092
2092
2062
1997
1946
1924
1933
1947
1972
2005
2011
1992
1947
1927
1917
1908
1939
1973
2023
2025
2055
2040
2039
2073
2114
2168
2230
2295
2309
2304
2286
2264
2262
2280
2284
2280
2251
2190
2150
2165
2211
2233
2271
2248
2195
2107
2012
1901
1808
1746
1688
1690
1703
1715
1731
1798
1850
1944
2029
2136
2239
2306
2381
2438
2489
2511
2515
2527
2512
2450
2371
2241
2116
1975
1868
1800
1767
1766
1761
1799
1795
1800
1823
1822
1869
1918
1996
2096
2179
2255
2326
2356
2370
2382
2397
2382
2349
2302
2222
2153
2087
2032
1981
1927
1916
1904
1910
1906
1904
1889
1904
1923
1945
2018
2053
2060
2019
2074
2134
2171
2222
2280
2315
2370
2376
2378
2384
2332
2274
2231
2174
2133
2088
2043
2021
2015
2018
2008
2022
2047
2062
2099
2115
2140
2150
2175
2163
2196
2212
2192
2162
2153
2092
2071
2038
1995
1941
1901
1850
1804
1762
1775
1824
1902
1985
2102
2212
2324
2422
2489
2523
2522
2475
2354
2242
2128
1992
1882
1803
1751
1726
1741
1760
1806
1831
1868
1922
1958
2029
2081
2139
2179
2252
2287
2336
2348
2327
2317
2290
2274
2210
2124
2048
2003
1972
1965
1997
2022
2068
2120
2154
2179
2181
2165
2149
2124
2087
2045
2044
2010
1992
1967
1925
1901
1928
1975
2027
2129
2286
2429
2563
2604
2600
2521
2403
2246
2083
1906
1816
1748
1711
1728
1803
1873
2349
2339
2347
2400
2434
2434
2335
2167
1976
1816
1761
1780
1806
1832
1809
1844
1895
1968
2076
2169
2213
2238
2283
2307
2324
2368
2378
2334
2272
2174
2035
1893
1797
1700
1680
1721
1769
1818
1909
2020
2158
2306
2470
2565
2616
2560
2458
2305
2154
2035
1937
1860
1818
1805
1815
1868
1972
2072
2192
2263
2306
2331
2348
2354
2352
2299
2261
2240
2200
2159
2096
2037
1943
1876
1840
1835
1879
1921
1970
1994
2003
2020
2047
2088
2117
2177
2256
2292
2270
2217
2117
1998
1920
1868
1859
1912
1948
1981
2017
2001
1997
2018
2094
2204
2300
2387
2453
2447
2386
2275
2175
2072
2022
1985
1970
1957
1917
1895
1897
1883
1895
1911
1953
1985
2053
2102
2188
2203
1942
2012
2102
2186
2233
2255
2298
2345
2346
2329
2259
2117
1971
1783
1614
1520
1523
1592
1749
1919
2093
2220
2296
2337
2319
2300
2300
2333
2361
2378
2384
2384
2355
2314
2222
2096
1928
1757
1634
1592
1626
1729
1857
2010
2144
2227
2237
2172
2049
1928
1806
1716
1693
1779
1923
2123
2318
2470
2568
2593
2536
2452
2330
2222
2126
2080
2070
2089
2139
2176
2160
2076
1925
1768
1636
1560
1584
1707
1887
2126
2328
2485
2575
2654
2690
2684
2624
2480
2311
2154
2012
1922
1902
1938
1966
1992
1948
1885
1892
1945
2087
2284
2480
2641
2668
2603
2433
2237
2015
1773
1548
1349
1208
1164
1280
1515
1830
2170
2450
2631
2718
2676
2596
2489
2364
2278
2179
2106
1615
1669
1765
1911
2089
2254
2406
2519
2609
2627
2546
2436
2281
2089
1869
1666
1549
1482
1437
1472
1540
1692
1854
2078
2259
2423
2540
2597
2562
2471
2323
2169
2004
1876
1811
1808
1833
1907
2036
2142
2248
2325
2399
2408
2404
2325
2256
2146
2063
1974
1896
1899
1929
2036
2120
2262
2367
2434
2460
2433
2332
2167
1954
1740
1503
1296
1188
1197
1287
1504
1759
2067
2374
2623
2839
2961
2981
2908
2776
2557
2309
2043
1749
1532
1380
1313
1391
1584
1862
2147
2462
2696
2815
2847
2775
2622
2401
2120
1843
1561
1379
1250
1244
1328
1507
1791
2084
2347
2598
2734
2798
2773
2686
2518
2334
2129
1928
1783
1698
1695
1776
1956
2158
2376
2609
2771
2834
2800
1729
1956
2202
2366
2436
2411
2405
2407
2508
2524
2520
2437
2306
2192
2113
2010
1893
1749
1594
1469
1370
1371
1389
1474
1588
1759
2017
2335
2633
2852
2972
3007
2983
2883
2793
2585
2330
2008
1752
1592
1521
1547
1641
1710
1764
1825
1882
1986
2135
2277
2378
2440
2419
2424
2493
2609
2696
2670
2528
2277
1992
1763
1577
1399
1136
862
650
670
891
1234
1595
1899
2183
2442
2714
2996
3185
3226
3188
3101
3027
2945
2744
2452
2146
1892
1760
1656
1525
1331
1145
1064
1170
1378
1554
1618
1619
1708
1934
2347
2821
3224
3471
3487
3338
3122
2911
2730
2587
2364
2063
1637
1133
716
494
527
700
933
1172
1435
1786
2215
2671
2998
3132
3101
2996
2911
2037
1946
1883
1851
1837
1837
1871
1942
1980
2056
2107
2182
2259
2385
2453
2502
2542
2529
2511
2483
2416
2329
2230
2084
1964
1831
1692
1596
1556
1506
1522
1564
1686
1856
2088
2357
2569
2717
2728
2664
2529
2386
2282
2192
2087
2040
2021
1971
1994
1995
2032
2008
1987
1876
1692
1510
1318
1222
1200
1321
1573
1907
2299
2709
3000
3187
3277
3143
2847
2454
2007
1637
1380
1261
1331
1593
1932
2295
2593
2762
2738
2541
2155
1650
1133
708
463
483
761
1271
1953
2688
3389
3968
4095
4095
4095
3872
3241
2446
1613
859
305
2
2
63
420
943
1515
2061
2527
2825
3014
3062
3018
2924
2798
2612
2469
2328
2240
2239
2285
2409
2547
2658
2623
2462
2344
2524
2679
2776
2837
2862
2863
2839
2731
2579
2364
2120
1890
1723
1595
1520
1468
1403
1296
1212
1167
1186
1303
1503
1767
2053
2334
2542
2726
2763
2727
2629
2517
2414
2328
2245
2151
2058
1939
1777
1684
1651
1701
1792
1936
2022
2077
2087
2031
1972
1916
1909
1976
2082
2203
2322
2436
2528
2568
2620
2616
2579
2538
2462
2334
2191
2000
1856
1745
1685
1684
1764
1874
1985
2043
2051
2013
1974
1939
1938
1971
2043
2142
2218
2248
2334
2357
2332
2265
2250
2212
2136
2084
2019
1946
1896
1810
1702
1611
1592
1608
1723
1912
2170
2480
2829
3080
3244
3293
3245
3080
2870
2654
2386
2132
1867
1547
1276
998
791
640
615
697
897
1142
1454
1750
2032
1270
974
721
527
512
593
836
1175
1601
2057
2456
2854
3084
3208
3174
2978
2661
2308
1981
1674
1469
1356
1359
1476
1750
2097
2518
2930
3330
3629
3768
3786
3655
3393
3049
2589
2121
1670
1237
927
706
578
582
701
964
1295
1635
1986
2307
2512
2600
2629
2606
2596
2703
2875
3119
3393
3664
3847
3864
3738
3423
3016
2526
1966
1371
822
332
1
1
3
1
2
9
492
1216
1975
2755
3528
4095
4095
4095
4095
4095
4095
3915
3293
2671
2124
1704
1454
1295
1162
1025
919
830
785
803
912
1089
1330
1557
1680
1695
1605
1512
1514
1593
1830
2157
2528
2876
3170
3340
3448
3417
3291
3076
2731
2288
1730
1180
688
389
281
358
652
1165
1294
1460
1561
1634
1663
1652
1685
1767
1937
2141
2375
2567
2711
2763
2772
2697
2580
2449
2387
2357
2369
2426
2468
2506
2463
2323
2112
1862
1668
1528
1501
1591
1700
1850
1954
1978
1954
1878
1775
1743
1782
1980
2297
2673
3031
3270
3317
3157
2801
2329
1861
1521
1355
1403
1576
1816
2006
2053
1985
1798
1567
1384
1336
1493
1812
2264
2686
2987
3112
2982
2699
2314
1932
1674
1625
1680
1834
2012
2095
2096
1986
1842
1735
1684
1784
1999
2298
2549
2679
2611
2349
1948
1468
1051
800
749
911
1251
1659
2021
2306
2477
2550
2615
2730
2876
3131
3395
3624
3758
3671
3390
2897
2258
1520
903
472
241
228
400
600
851
1086
1327
1609
1949
2386
1818
2055
2250
2417
2497
2543
2549
2502
2449
2424
2365
2331
2290
2255
2240
2231
2208
2184
2171
2130
2106
2031
1947
1885
1802
1712
1672
1648
1627
1673
1745
1817
1922
2019
2116
2166
2233
2261
2231
2194
2124
1995
1858
1737
1622
1528
1514
1480
1504
1598
1700
1792
1893
1976
2039
2104
2175
2200
2227
2294
2347
2461
2576
2725
2890
3091
3268
3394
3472
3520
3458
3358
3139
2868
2540
2123
1691
1260
806
412
54
1
1
1
0
2
0
90
434
854
1313
1763
2192
2618
2990
3318
3554
3793
3953
4095
4095
4095
4095
4095
4095
4095
3948
3730
3464
3106
2742
2364
1929
1508
1136
791
462
248
64
1
2
7
74
259
471
680
960
1233
