2104
2107
2064
2090
2088
2077
2081
2101
2087
2101
2069
2070
2068
2057
2088
2083
2068
2083
2086
2081
2090
2069
2080
2083
2085
2070
2094
2102
2084
2101
2091
2085
2101
2065
2078
2072
2054
2074
2095
2088
2047
2076
2096
2075
2096
2071
2072
2075
2084
2094
2079
2090
2105
2102
2076
2069
2084
2076
2096
2071
2079
2071
2096
2109
2109
2076
2088
2082
2094
2057
2078
2102
2091
2111
2118
2105
2090
2082
2108
2112
2090
2104
2106
2082
2100
2104
2114
2112
2103
2075
2079
2104
2110
2106
2103
2110
2112
2072
2103
2092
2113
2085
2089
2092
2101
2091
2087
2083
2091
2099
2092
2074
2092
2104
2089
2100
2104
2092
2115
2119
2092
2097
2129
2108
2137
2107
2133
2128
2110
2101
2104
2109
2091
2103
2096
2102
2096
2114
2086
2102
2098
2086
2096
2101
2119
2088
2096
2095
2108
2107
2116
2114
2107
2104
2106
2096
2105
2101
2116
2105
2108
2089
2098
2093
2120
2097
2097
2089
2106
2093
2105
2099
2107
2101
2096
2081
2064
2069
2098
2116
2100
2106
2097
2086
2081
2082
2074
2092
2091
2098
2088
2089
2085
2088
2096
2066
2082
2079
2084
2088
2093
2080
2101
2112
2094
2064
2108
2100
2088
2113
2108
2093
2086
2100
2080
2078
2094
2064
2085
2076
2088
2084
2071
2066
2075
2048
2059
2077
2080
2072
2079
2094
2081
2094
2078
2064
2082
2070
2065
2101
2076
2098
2072
2096
2078
2101
2088
2069
2084
2058
2085
2076
2074
2093
2084
2080
2175
2175
2165
2141
2146
2143
2127
2121
2096
2108
2098
2123
2095
2064
2071
2051
2077
2068
2056
2076
2075
2063
2057
2030
2054
2071
2075
2077
2057
2064
2074
2056
2062
2058
2058
2040
2032
2046
2052
2012
2011
2002
2004
2008
2009
2004
2031
2027
2035
2071
2075
2111
2111
2128
2144
2149
2175
2209
2210
2214
2193
2204
2190
2186
2180
2157
2134
2106
2103
2074
2055
2031
2017
2002
1991
2029
2040
2036
2051
2054
2100
2122
2137
2114
2151
2193
2188
2157
2149
2164
2168
2162
2152
2114
2113
2088
2062
2061
2050
2028
2034
2040
2074
2054
2069
2075
2122
2130
2150
2175
2141
2151
2131
2114
2129
2096
2073
2048
2030
1990
1965
1990
1989
1977
2002
2018
2028
2037
2159
2131
2093
2092
2122
2153
2186
2231
2255
2287
2290
2277
2232
2216
2183
2150
2099
2059
2036
1990
1968
1967
1988
2038
2057
2136
2186
2199
2193
2168
2144
2108
2054
2025
2008
1992
1975
1960
1965
1964
2002
2028
2088
2104
2114
2150
2166
2145
2143
2122
2105
2073
2088
2091
2124
2153
2177
2168
2178
2134
2059
2012
1960
1939
1954
1992
2035
2056
2135
2155
2197
2189
2197
2165
2153
2120
2084
2027
1999
1968
1954
1944
1992
2040
2099
2160
2170
2132
2090
2036
1970
1936
1923
1950
2020
2098
2140
2212
2258
2281
2271
2262
2223
2188
2163
2115
2104
2073
2064
2070
2101
2128
2168
2190
2180
2192
2182
2183
2180
2184
2180
2163
2150
2116
2088
2034
2004
1991
1918
1904
1979
2130
2253
2353
2342
2243
2053
1868
1787
1761
1866
1991
2127
2136
2112
2017
1990
2025
2093
2151
2172
2186
2160
2137
2069
2042
2064
2071
2090
2133
2178
2175
2147
2087
2037
2084
2152
2217
2179
2125
2024
1950
1939
1964
2076
2174
2206
2211
2184
2171
2181
2179
2173
2135
2129
2137
2149
2143
2103
2046
2012
2013
2014
2064
2100
2149
2192
2225
2216
2168
2126
2065
2016
2027
2012
2028
2061
2076
2101
2059
2043
2012
1977
1967
1930
1899
1906
1910
1952
2018
2142
2209
2184
2158
2152
2120
2091
2052
2018
2021
2059
2095
2128
2148
2156
2158
2150
2083
2022
1976
1918
1903
1919
1996
2103
2222
2286
2257
2190
2081
1948
1875
1879
1944
2068
2145
1998
2124
2189
2140
2098
2077
2008
1952
2000
2105
2232
2309
2266
2193
2086
2006
2001
2071
2194
2278
2273
2200
2084
2086
2168
2219
2202
2174
2083
1952
1898
1949
2094
2187
2207
2166
2040
1900
1860
1958
2045
2110
2128
2099
2004
2003
2103
2216
2229
2212
2123
1989
1911
1948
2103
2230
2279
2200
2093
1971
1890
1937
2067
2232
2302
2292
2249
2191
2094
2054
2093
2090
2032
1982
1990
2046
2072
2098
2099
2049
2017
2027
2070
2178
2290
2286
2181
2145
2076
2022
2071
2166
2174
2147
2114
2060
2031
2018
2075
2125
2132
2105
2076
2098
2136
2122
2138
2191
2188
2080
2033
2063
2087
2102
2082
2143
2088
1933
1896
1980
2039
2159
2282
2273
2202
2150
2153
2107
1664
1688
1840
2085
2270
2285
2318
2272
2110
2020
2134
2218
2247
2255
2203
2054
1926
1826
1794
1890
2142
2311
2275
2193
2117
2104
2231
2335
2271
2075
1905
1800
1826
2064
2244
2260
2285
2318
2258
2190
2163
2113
2156
2216
2163
2080
2098
2065
1966
1982
2025
2032
2126
2219
2097
1982
2068
2149
2076
2072
2079
1968
1979
2057
2098
2091
2072
2023
1934
2021
2124
2067
2087
2240
2249
2205
2257
2220
2033
2013
2076
2075
2150
2236
2219
2201
2189
2090
2003
2072
2124
2092
2120
2074
1971
1932
2070
2105
2080
2078
2102
1982
2009
2187
2186
2048
2021
2014
1936
1966
2031
2054
2139
2166
2065
1920
1876
1916
2016
2164
2363
2428
2292
2072
1876
1791
1912
2177
2154
2246
2295
2144
1877
1792
2002
2310
2335
2124
2033
2122
2100
1916
1838
2017
2235
2314
2208
2096
1964
2004
2187
2331
2283
2178
2129
2094
2029
2032
2175
2188
2007
1901
2054
2198
2149
2004
1951
2004
2077
2129
2060
1923
2002
2327
2524
2354
2122
2016
1944
1931
2017
2140
2248
2413
2492
2216
1765
1704
2099
2466
2445
2204
1919
1711
1695
1990
2266
2376
2370
2192
1915
1776
1880
2132
2322
2358
2148
1823
1815
2089
2230
2118
2061
2092
2021
1836
1670
1686
1998
2375
2515
2434
2289
2077
1847
1850
2174
2472
2353
1996
1797
1826
1974
2185
2389
2515
2533
2327
1933
1669
1793
2131
2267
2284
2310
2277
2178
2039
2017
2177
2343
2264
1943
1743
1810
1955
2247
2317
2365
2408
2376
2207
1950
1776
1801
2063
2382
2524
2480
2306
2106
2009
2033
2117
2132
2071
1948
1877
1923
2079
2256
2299
2166
1875
1673
1702
1923
2145
2271
2295
2220
2115
1988
1949
2038
2222
2349
2337
2158
1998
1980
2072
2182
2216
2164
2069
1913
1810
1838
2047
2264
2339
2188
2007
2002
2155
2357
2440
2341
2128
1936
1825
1879
2075
2276
2318
2168
1986
1942
1995
2074
2125
2140
2189
2295
2289
2180
2042
1967
2038
2245
2408
2395
2210
1925
1717
1724
1908
2166
2372
2454
2388
2142
1863
1643
1632
1854
2152
2293
2292
2261
2282
2282
2181
2014
1804
1711
1790
1958
2203
2312
2236
2087
1985
1969
1974
1900
1829
1868
2024
2292
2395
2262
2065
1927
1807
2033
2416
2633
2441
2041
1782
1903
2212
2439
2460
2361
2149
1889
1834
2072
2416
2483
2234
1882
1712
1807
2043
2274
2316
2162
1903
1696
1683
1883
2186
2486
2629
2536
2172
1664
1377
1474
1810
2141
2407
2460
2263
1958
1801
1797
1968
2146
2297
2230
2035
1920
1995
2203
2438
2584
2416
2051
1728
1620
1729
1901
2040
2092
2110
2179
2284
2279
2146
1926
1678
1638
1875
2321
2684
2715
2361
1882
1610
1754
2155
2623
2702
2323
1722
1339
1396
1910
2566
2880
2762
2209
1734
1534
1671
2040
2347
2316
2030
1709
1692
2020
2447
2688
2596
2214
1827
1660
1847
2268
2598
2709
2515
2058
1593
1370
1540
1946
2330
2414
2266
2010
1842
1805
1904
2056
2122
1755
2196
2488
2419
2179
1746
1232
1256
1862
2392
2559
2352
1936
1514
1349
1688
2375
2973
3143
2684
1742
990
986
1492
2148
2985
3570
3226
2282
1645
1468
1424
1528
1994
2504
2418
1921
1782
2054
2244
2365
2487
2384
2020
1550
1228
1406
2042
2563
2682
2622
2357
1872
1660
1961
2421
2467
2042
1687
1745
2011
2117
2213
2280
2036
1611
1438
1722
2345
2846
2650
1833
1382
1736
2260
2427
2380
2492
2636
2408
1716
1157
1343
2084
2783
2910
2435
1800
1508
1599
1721
1795
1957
2105
2095
2108
2234
2406
2558
2640
2533
2230
1832
1522
1524
1973
2534
2823
2815
2662
2250
1659
1274
1523
2150
2659
3000
3120
2836
2129
1310
856
1027
1672
2361
2643
2429
1974
2137
1672
1616
1564
1213
793
840
1573
2621
3582
4095
4095
3220
1600
393
209
954
1988
2688
2687
2186
1707
1698
2164
2787
2998
2497
1757
1446
1722
2280
2754
2904
2574
1963
1581
1676
2054
2364
2362
1963
1267
845
1318
2545
3661
4077
3660
2430
814
3
243
1466
2661
3445
3731
3184
1843
623
431
1211
2260
3138
3760
3952
3472
2588
1840
1415
1082
806
941
1744
2936
3818
4003
3648
2876
1597
121
3
58
1570
3192
4010
3753
2702
1367
234
3
258
1632
3108
3799
3417
2496
1697
1200
944
1220
2146
3105
3277
2616
1858
1544
1479
1408
1511
2070
2740
2982
2773
2554
2569
2644
2465
2084
1711
1538
1542
1673
1954
2317
2580
2524
2111
1551
1625
1992
2712
3639
4095
4095
4095
4095
4095
2317
0
1
3
2
0
815
4002
4095
4095
4095
2809
1007
450
1218
2662
3917
4095
3691
2172
347
4
2
338
2565
4095
4095
4095
3832
1244
1
2
1
2
234
2452
4095
4095
4095
4095
4095
3920
3277
2582
1821
1001
252
2
3
2
3
114
1204
2599
3904
4095
4095
4095
4095
3141
1621
121
3
3
1
966
3096
4095
4095
4095
4095
4095
2885
530
1
1
2
3
0
260
1171
1583
1650
1752
2245
3233
4095
4095
4095
4095
4095
3510
1161
2
2
3
3
50
2039
4095
4095
4095
4095
4095
4095
2360
302
1
1
1
2
3
2
1
2
806
3515
4095
4095
4095
3923
3317
2554
1648
694
1
4
2
2
1
2
2
0
1
874
1965
2862
3516
3969
4095
4095
4095
4095
4095
4095
4095
4095
4095
4095
4095
3077
987
2
1
2
2
3
1
1
1
1
2
1908
4095
4095
4095
4095
4095
4095
4095
4095
4095
2090
3
2
3
2
1
2
2
2
895
2659
4095
4095
4095
4095
4095
4095
4095
4095
3134
1537
1
2
3
4
2
1
4
2
1
2
243
1319
2276
3039
3553
3847
3954
3974
3872
3735
3604
3520
3489
3402
3354
3247
3039
2747
2419
2099
1785
1518
1252
888
395
2
2
4
2
2
0
0
0
2
1
1500
3536
4095
4095
4095
4095
4095
4095
4095
3
210
812
1457
2086
2685
3254
3766
4095
4095
4095
4095
4095
4095
4095
4095
4095
4095
4095
3936
3419
2830
2202
1579
941
326
0
2
1
1
1
1
2
1
1
1
1
3
1
1
2
1
362
1417
2560
3748
4095
4095
4095
4095
4095
4095
4095
4095
4095
4095
4095
4095
4095
4095
4095
4095
4095
4095
4095
4095
4095
4095
4095
4095
4095
3360
1528
0
0
1
4
1
5
2
2
3
3
2
3
2
3
3
3
2
1
3
5
2
1
3
2
3
440
2247
4077
4095
4095
4095
4095
4095
4095
4095
4095
4095
4095
4095
4095
4095
4095
4095
4095
4095
4095
4095
4095
3533
2070
625
2
1
2
1
