2099
2101
2082
2097
2105
2116
2104
2091
2101
2096
2095
2094
2104
2106
2100
2100
2088
2095
2101
2080
2093
2098
2092
2089
2082
2090
2084
2098
2097
2099
2099
2092
2098
2106
2098
2088
2099
2101
2100
2094
2079
2094
2093
2087
2098
2096
2091
2092
2090
2089
2087
2087
2086
2090
2094
2090
2084
2090
2099
2080
2092
2099
2097
2096
2091
2095
2097
2102
2098
2086
2087
2088
2092
2100
2100
2090
2088
2093
2102
2102
2095
2084
2100
2104
2099
2093
2096
2100
2093
2088
2087
2087
2098
2097
2097
2103
2094
2092
2087
2098
2089
2088
2092
2093
2084
2086
2082
2081
2099
2086
2086
2089
2081
2091
2078
2090
2084
2096
2100
2102
2095
2095
2096
2101
2086
2086
2098
2091
2088
2110
2100
2096
2096
2098
2100
2110
2109
2106
2106
2107
2104
2094
2092
2091
2097
2100
2101
2107
2105
2108
2099
2114
2106
2114
2113
2109
2104
2097
2096
2091
2104
2099
2111
2105
2106
2082
2096
2099
2106
2096
2102
2108
2100
2099
2111
2105
2112
2096
2108
2097
2104
2092
2117
2111
2101
2112
2104
2102
2097
2081
2099
2098
2088
2097
2104
2103
2095
2094
2094
2091
2104
2100
2093
2091
2088
2101
2100
2102
2089
2104
2103
2098
2093
2086
2096
2082
2096
2087
2095
2096
2097
2092
2084
2087
2092
2095
2097
2094
2094
2091
2096
2092
2082
2096
2092
2096
2091
2095
2094
2099
2088
2096
2093
2081
2083
2084
2092
2095
2094
2085
2090
2088
2092
2096
2092
2097
2154
2152
2165
2149
2152
2182
2188
2187
2196
2200
2182
2206
2216
2216
2215
2204
2187
2186
2202
2205
2186
2202
2208
2192
2180
2180
2187
2185
2188
2196
2176
2182
2174
2177
2184
2167
2165
2161
2147
2147
2139
2150
2138
2132
2119
2130
2129
2120
2113
2098
2091
2092
2094
2093
2072
2081
2077
2063
2063
2040
2046
2029
2020
2020
2026
2016
1995
1986
1992
1991
1992
1981
1975
1972
1975
1974
1970
1965
1977
1972
1969
1980
1991
1984
1990
2002
1995
1990
2000
1999
2006
2018
2019
2029
2031
2020
2041
2036
2038
2049
2054
2057
2068
2057
2074
2096
2091
2093
2105
2094
2089
2095
2096
2096
2101
2115
2112
2125
2120
2122
2142
2145
2157
2146
2156
2163
2165
2176
2143
2122
2099
2073
2040
2018
1996
1974
1972
1975
2000
2040
2086
2133
2177
2211
2239
2240
2225
2205
2169
2107
2064
2021
2003
1998
2012
2043
2074
2110
2148
2163
2167
2158
2149
2127
2098
2074
2046
2026
2009
2003
2004
2006
2018
2034
2059
2086
2113
2129
2148
2159
2156
2152
2137
2111
2082
2042
2008
1964
1934
1928
1934
1956
1991
2041
2090
2132
2161
2194
2198
2199
2176
2154
2116
2086
2051
2031
2022
2020
2033
2038
2043
2054
2056
2046
2033
2025
2022
2019
2031
2052
2091
2143
2184
2232
2267
2292
2297
2278
2251
2216
2166
2127
2097
2069
2046
2036
2038
2050
2058
2067
2092
2111
2131
2150
2171
2196
2210
2216
2207
2190
2159
2110
2054
2009
1979
1961
2173
2192
2185
2122
2014
1955
1994
2088
2180
2257
2318
2392
2417
2378
2262
2120
2004
1910
1844
1833
1900
2024
2120
2173
2182
2166
2115
2046
1964
1901
1859
1852
1873
1961
2068
2185
2258
2321
2386
2404
2381
2310
2210
2103
2008
1962
1984
2065
2152
2206
2242
2256
2226
2136
2029
1963
1959
1963
1955
1962
2007
2070
2084
2064
2053
2077
2106
2109
2087
2102
2095
2035
2002
2047
2156
2275
2331
2280
2177
2082
2006
1953
1958
1990
2030
2057
2069
2050
2100
2175
2233
2279
2286
2265
2204
2165
2128
2086
2007
1944
1944
2027
2139
2284
2375
2402
2325
2156
1960
1865
1875
1934
1987
1998
2005
2064
2115
2148
2155
2134
2057
1952
1879
1878
1938
1953
1933
1929
2156
2171
2127
2052
2000
2005
2063
2077
2029
1959
1929
1963
1999
1971
1900
1939
2112
2312
2379
2286
2114
2010
2026
2106
2151
2146
2128
2105
2045
2012
2046
2144
2204
2142
1970
1836
1817
1897
1969
2012
2100
2249
2339
2284
2095
1926
1916
2024
2130
2150
2160
2200
2209
2166
2105
2104
2176
2210
2105
1904
1809
1894
2078
2208
2234
2172
2091
2040
2084
2178
2230
2196
2114
2089
2116
2123
2052
1976
1978
2064
2127
2110
2073
2075
2070
2051
2061
2111
2127
2070
2018
2066
2202
2244
2124
1956
1905
1962
1992
1947
1937
2013
2160
2299
2388
2377
2270
2101
1962
1903
1862
1864
1960
2135
2288
2325
2301
2306
2306
2200
2017
1939
2050
2182
2196
2118
2001
1972
2326
2367
2252
2073
1945
1936
2035
2173
2299
2326
2246
2130
2053
2022
1979
1946
1951
2036
2196
2306
2308
2131
1864
1680
1704
1960
2272
2431
2392
2252
2118
2099
2126
2097
1982
1827
1735
1790
1955
2137
2207
2176
2101
2072
2094
2120
2100
2047
2027
2066
2105
2100
2048
1999
1994
2015
2056
2087
2067
1983
1939
2029
2238
2425
2411
2225
2013
1924
1948
2034
2128
2196
2182
2104
2048
2043
2059
2061
2072
2100
2141
2178
2220
2246
2218
2119
1951
1797
1732
1801
1988
2238
2428
2472
2301
1996
1782
1809
2045
2291
2374
2254
2030
1865
1833
1897
1978
2056
2132
2188
2213
2172
2076
1968
1976
2140
2293
2312
2207
2061
1996
2054
2146
2157
2064
1994
2043
2193
2281
2298
2287
2271
2216
2109
1982
1998
2176
2312
2233
2028
1926
1964
2010
2064
2193
2330
2338
2159
1864
1691
1813
2175
2511
2567
2325
1949
1700
1760
2072
2375
2459
2333
2069
1822
1764
1951
2254
2412
2322
2121
2005
1997
2002
1975
1968
2032
2094
2069
2025
2064
2143
2185
2152
2093
2010
1912
1877
1965
2101
2170
2161
2087
1981
1904
1918
1997
2068
2066
2020
2024
2098
2176
2179
2145
2156
2198
2174
2070
1951
1869
1865
2004
2202
2303
2229
2040
1913
1936
2097
2298
2382
2265
2019
1819
1802
1970
2210
2349
2302
2130
2021
2092
2265
2373
2296
2061
1796
1679
1798
2123
2417
2481
2286
1994
1832
1917
2120
2297
2302
2120
1870
1758
1942
2316
2593
2555
2014
2012
2176
2360
2408
2256
2083
2000
2059
2263
2360
2270
2127
1916
1827
1814
1888
2147
2318
2330
2340
2107
1848
1912
2076
2244
2356
2271
2097
1924
1969
2170
2279
2352
2346
2128
1993
2067
2127
2150
2200
2100
1855
1850
2049
2154
2227
2294
2186
2069
2078
2046
2012
2079
2056
1949
1882
1916
2122
2297
2290
2230
2039
1692
1596
1857
2158
2344
2351
2233
2187
2202
2135
1972
1899
1904
1856
1978
2189
2116
2036
2133
2126
2111
2186
2256
2244
2090
2048
2158
2077
1976
2128
2266
2348
2394
2130
1750
1652
1866
2208
2372
2292
2178
1978
1829
2037
2285
2236
2140
2069
1932
1905
2099
2279
2272
2159
2199
2341
2254
1992
1899
1959
1949
2004
2235
2367
2215
1876
2407
2891
2719
2108
1604
1384
1725
2360
2458
2213
2192
2103
1967
2216
2495
2364
2185
2188
2054
1705
1583
1952
2273
2291
2058
1607
1400
1865
2529
2767
2544
2053
1542
1463
1966
2606
2734
2324
1898
1604
1510
1845
2419
2763
2683
2227
1745
1622
1951
2251
2250
2099
2036
1949
1754
1940
2264
2165
1849
1777
1709
1720
2127
2514
2560
2388
2085
1811
1752
1988
2217
2203
2096
2036
1995
2248
2528
2346
1928
1671
1605
1880
2406
2716
2760
2577
1990
1457
1360
1634
2172
2657
2892
2816
2286
1718
1771
2112
2198
2329
2296
1971
1952
2144
2064
1966
1874
1698
1699
1980
2366
2622
2584
2200
1862
1894
2284
2680
2688
2216
1580
1330
1434
1918
2613
2801
2331
2356
2287
2234
2080
1895
2006
2553
3021
2847
2155
1491
1257
1477
1883
2303
2605
2656
2392
1955
1784
2003
2300
2387
2231
1960
1803
1939
2320
2557
2438
2160
2090
2170
2147
2008
2032
2190
2086
1620
1328
1579
2250
2877
3013
2688
2122
1688
1689
2022
2336
2346
2076
1700
1464
1530
1894
2344
2568
2548
2469
2226
1784
1433
1468
1823
2260
2562
2581
2064
1297
934
1314
2186
2893
3033
2572
1678
1079
1217
1782
2262
2554
2631
2397
1989
1688
1489
1445
1804
2472
2864
2665
2172
1627
1244
1405
2149
2768
2594
1968
1539
1530
2045
2752
2907
2336
1858
1892
2015
2045
2075
1997
1929
2282
2745
2563
1878
1590
1863
2191
2350
2372
2061
1644
1660
1924
1950
2017
1694
2585
3251
3225
2550
1758
1342
1444
2045
2833
3189
2704
1683
897
802
1550
2707
3522
3224
1912
672
456
1388
2757
3636
3390
2232
1058
785
1517
2544
3100
2876
2228
1656
1460
1640
2023
2410
2708
2878
2682
2180
1607
1383
1558
2072
2800
3140
2857
2032
1052
531
985
2287
3564
3928
3128
1701
560
544
1555
2908
3674
3332
2308
1220
741
992
1782
2494
2680
2346
1881
1669
1857
2374
2906
3024
2628
2073
1742
1692
1785
1967
2103
2233
2402
2606
2601
2320
1834
1437
1500
1927
2422
2456
2082
1687
1557
1820
2363
2729
2508
1735
1006
1014
2024
3302
3952
3490
2155
822
355
1161
2615
3628
3606
2577
1155
173
384
1760
3448
4095
3892
2314
576
3
1
1
477
2096
3775
4095
4095
4095
3616
2143
692
3
3
1
459
2001
3339
4032
4011
3412
2413
1304
440
152
579
1521
2536
3241
3514
3462
3322
3017
2472
1706
1111
908
1096
1534
2095
2715
3274
3559
3378
2802
2045
1391
1004
970
1286
1886
2548
3052
3294
3168
2644
1897
1296
1105
1315
1750
2253
2806
3318
3554
3392
2888
2149
1467
1030
904
1044
1442
2003
2608
3192
3720
4008
3758
3034
2124
1405
912
657
572
656
879
1244
1710
2277
2890
3425
3736
3741
3329
2575
1592
679
122
89
585
1444
2412
3224
3748
3877
3484
2564
1366
325
4
49
750
1759
2740
3342
3336
2737
1873
1176
949
1104
1450
1852
2356
2928
3398
3620
3
2
2
2
1
2
1
704
1926
2852
3368
3440
3062
2296
1290
210
1
2
2
3
2
285
1708
3304
4095
4095
4095
4095
4095
4095
4095
3967
2724
1597
831
519
713
1388
2426
3682
4095
4095
4095
4095
4095
4095
4095
2765
880
2
4
0
1
1
2
2
94
1270
2397
3276
3848
4063
3945
3542
2944
2331
1862
1669
1834
2330
3091
4026
4095
4095
4095
4095
4095
4095
4095
3191
1482
0
3
1
2
3
1
1
0
1
0
1
1
0
2
1
2
1
21
614
1452
2470
3649
4095
4095
4095
4095
4095
4095
4095
4095
4095
4095
4095
4095
4052
2015
1
2
3
3
3
2
4
4
2
1
72
4095
4095
4095
4095
4095
4095
4095
3941
2558
1134
3
3
2
1
2
3
3
3
2
2
1
1
3
0
1
1
1
937
2729
4095
4095
4095
4095
4095
4095
4095
4095
4095
4095
4095
4095
4095
4095
4095
4095
4095
4095
4095
2722
938
0
2
1
0
1
3
2
1
4
1
1
3
1
1
1
1
1
2
1
1
3
861
2612
4095
4095
4095
4095
4095
4095
4095
4095
4095
4095
4095
4095
4095
4095
4095
4095
4095
4095
4095
4095
4095
4095
2848
1403
1
1
2
2
1
2
1
4
3
1
1
2
2
1
1
4
3
2
2
2
2
2
1
1
2
664
1982
3284
4095
4095
4095
