2098
2125
2108
2099
2095
2097
2095
2107
2096
2097
2098
2095
2098
2100
2093
2094
2094
2084
2084
2098
2083
2091
2094
2110
2090
2101
2095
2084
2086
2082
2082
2096
2094
2096
2112
2099
2090
2103
2089
2082
2106
2098
2102
2109
2100
2106
2108
2099
2085
2094
2096
2095
2081
2097
2090
2109
2083
2099
2107
2102
2098
2088
2087
2074
2091
2089
2087
2097
2105
2100
2100
2101
2103
2102
2085
2074
2078
2092
2106
2075
2085
2100
2099
2102
2096
2088
2079
2075
2086
2109
2089
2094
2084
2079
2103
2103
2101
2087
2077
2087
2104
2104
2108
2090
2084
2112
2098
2092
2105
2109
2094
2090
2110
2104
2093
2108
2097
2109
2110
2088
2087
2094
2106
2093
2106
2088
2102
2098
2086
2094
2080
2076
2089
2070
2080
2110
2083
2084
2091
2075
2076
2085
2077
2081
2065
2060
2061
2070
2068
2078
2070
2087
2080
2090
2083
2089
2097
2085
2094
2083
2101
2093
2087
2084
2083
2080
2095
2083
2100
2078
2081
2085
2112
2101
2098
2098
2097
2101
2099
2097
2100
2106
2095
2092
2088
2115
2099
2092
2103
2105
2100
2101
2096
2113
2101
2101
2088
2096
2083
2113
2114
2106
2080
2088
2098
2089
2088
2082
2104
2115
2107
2117
2106
2110
2100
2101
2104
2091
2096
2104
2094
2088
2078
2089
2096
2100
2103
2089
2097
2097
2111
2114
2120
2117
2108
2106
2110
2120
2101
2102
2099
2100
2107
2099
2103
2118
2127
2091
2107
2096
2111
2107
2123
2121
2120
2114
2170
2188
2215
2233
2248
2272
2300
2277
2283
2275
2283
2276
2250
2242
2222
2171
2152
2120
2115
2088
2073
2030
2023
1996
1990
1960
1942
1923
1922
1933
1949
1952
1976
1993
2016
2012
2028
2055
2091
2128
2139
2166
2203
2201
2216
2216
2241
2248
2250
2243
2212
2212
2199
2185
2190
2188
2146
2141
2084
2077
2056
2040
2005
1983
1973
1980
1963
1951
1944
1957
1950
1944
1967
1975
1980
1993
2023
2051
2053
2095
2087
2113
2119
2120
2131
2125
2143
2164
2175
2203
2178
2184
2195
2166
2163
2147
2158
2144
2129
2121
2121
2088
2086
2063
2053
2062
2003
2033
2037
2039
2003
2018
2035
2016
2024
2004
2017
2052
2051
2058
2060
2072
2094
2134
2125
2114
2131
2133
2090
2152
2123
2149
2133
2095
2057
2010
1994
1989
1977
1968
1977
2005
2052
2087
2138
2156
2213
2222
2230
2188
2192
2151
2117
2042
2003
1980
1964
1966
1980
1976
1981
1980
2016
2014
1999
2060
2074
2121
2135
2142
2164
2171
2172
2141
2136
2102
2086
2089
2070
2092
2076
2095
2094
2097
2156
2176
2138
2135
2054
2006
1962
1974
2020
2096
2176
2256
2307
2328
2350
2338
2317
2275
2180
2093
2026
1914
1850
1849
1845
1900
1960
2110
2228
2336
2377
2375
2293
2209
2114
2066
2003
1991
2000
1992
1991
1976
1976
2005
2076
2134
2182
2212
2229
2209
2151
2070
2023
1955
1884
1860
1841
1880
1962
2055
2162
2237
2277
2247
2188
2111
2062
1994
1986
1991
2013
2043
2139
2112
2077
2017
1963
1967
2013
2064
2091
2044
1981
1935
1937
1960
1999
2037
2083
2143
2202
2214
2170
2095
2025
1992
1986
2026
2062
2154
2234
2287
2283
2228
2132
2046
1966
1917
1921
1964
2030
2104
2147
2141
2107
2096
2097
2079
2062
2031
2052
2086
2118
2126
2119
2105
2128
2128
2124
2096
2075
2034
2048
2051
2011
1979
2020
2108
2242
2383
2423
2346
2168
2024
1922
1894
1920
1983
2052
2126
2192
2236
2212
2127
2022
1961
1968
2016
2084
2148
2175
2176
2167
2153
2127
2111
2104
2090
2044
2001
1966
1932
1921
1951
2009
2118
2191
2243
2201
2123
2025
1955
1936
1971
2051
2125
2207
2250
2220
2130
2068
2012
1993
2044
2076
2124
2144
2106
2064
2024
2054
2039
1984
1998
2071
2095
2102
2158
2204
2203
2122
2038
2010
2004
2036
2108
2205
2244
2206
2162
2205
2189
2158
2172
2179
2092
2018
2011
2031
2028
2035
2105
2118
2059
2060
2145
2247
2226
2192
2184
2143
2056
2022
2052
2099
2161
2207
2190
2166
2146
2128
2053
1998
1997
2023
2050
2082
2173
2236
2235
2174
2102
2065
2024
2052
2132
2198
2149
2058
2004
1986
2036
2150
2239
2273
2263
2182
2004
1837
1800
1898
2001
2053
2105
2177
2207
2170
2140
2182
2193
2174
2169
2171
2120
2103
2159
2185
2166
2149
2168
2118
2052
2036
2022
1980
2008
2088
2104
2072
2040
2023
1968
1935
2012
2112
2154
2182
2178
2090
1956
1876
1909
1982
2106
2248
2336
2288
2194
2225
2249
2190
2082
2011
1982
1883
1812
1964
2197
2212
2071
2137
2328
2305
2060
1972
2162
2320
2273
2043
1760
1609
1705
1940
2060
2144
2368
2499
2323
2006
1895
1988
2079
2112
2136
2064
1900
1819
1889
1947
2007
2164
2323
2285
2160
2120
2149
2081
1931
1895
2005
2187
2295
2275
2140
2020
1929
1952
2024
2093
2260
2494
2563
2323
1970
1787
1768
1810
1948
2107
2151
2134
2213
2264
2121
1939
1942
2039
2029
2036
2071
2005
1878
1927
2088
2146
2157
2228
2202
2056
2050
2160
2151
2075
2107
2161
2058
1938
1939
2008
2107
2265
2383
2329
2174
2093
2070
2080
2156
2282
2376
2322
2196
2132
2127
2082
2070
2095
2095
2126
2211
2247
2202
2159
2104
2010
1946
1776
1783
1928
2072
2156
2186
2160
2167
2166
2111
2007
1922
1954
2170
2347
2374
2208
2023
1974
1972
1964
1939
2010
2173
2287
2276
2128
2004
1998
2091
2254
2312
2301
2286
2181
2084
2060
2085
2098
2063
2028
2030
2112
2212
2344
2368
2269
2072
1836
1767
1929
2166
2353
2382
2225
2021
1848
1805
1869
2006
2156
2180
2079
1977
1962
2146
2332
2311
2088
1909
1961
2207
2293
2158
2043
2121
2296
2296
2074
1890
1990
2204
2246
2067
1873
1864
1948
1992
1992
2094
2247
2185
1937
1842
2026
2221
2178
2020
2036
2232
2296
2094
1900
1975
2232
2310
2141
2087
2243
2316
2069
1717
1744
2112
2428
2326
2007
1881
1966
2031
2052
2118
2289
2384
2207
1964
1900
2082
2240
2212
2132
2010
1868
1778
1821
1993
2206
2400
2474
2386
2179
2004
1923
1912
1981
2118
2233
2200
2040
1854
1765
1835
2072
2357
2514
2458
2224
1977
1858
1904
2044
2182
2259
2236
2166
2107
2074
2033
1982
1972
2023
2128
2255
2364
2372
2234
2008
1808
1756
1889
2133
2338
2360
2199
1981
1844
1815
1862
1952
2054
2136
2193
2172
2080
1968
1933
1990
2089
2168
2187
2141
2077
2044
2036
1996
1956
1962
2034
2120
2189
2222
2235
2241
2223
2156
2047
1936
1875
1890
1993
2141
2305
2427
2435
2317
2130
1973
1928
1960
1961
1882
1842
1960
2160
2350
2398
2332
2239
2201
2188
2118
1985
1875
1936
2139
2328
2377
2322
2225
2136
2093
2089
2070
2016
1991
2058
2464
2116
1654
1589
1808
2073
2339
2508
2368
2046
1846
1944
2121
2176
2215
2214
2026
1931
2164
2424
2554
2595
2400
2001
1775
1855
2027
2066
2008
2027
2034
1990
2135
2388
2412
2251
2122
1967
1865
2020
2342
2536
2398
2068
1857
1823
1847
2023
2276
2314
2082
1877
1871
1988
2128
2221
2188
2019
1808
1762
2002
2252
2242
2121
2105
2019
1929
2088
2415
2534
2365
2131
2020
1978
1954
2013
2131
2118
1908
1852
2081
2270
2190
1982
1855
1826
1934
2211
2478
2513
2271
1950
1938
2256
2410
2171
1851
1780
1922
1994
2042
2200
2500
2651
2379
1812
1528
1819
2317
2511
2389
2160
1935
1786
1836
2095
2307
2260
1965
1669
1603
1841
2222
2451
2402
2133
1766
1566
2468
2122
1884
1782
1756
1832
2040
2219
2332
2471
2454
2191
1990
2078
2339
2593
2473
1934
1552
1540
1685
2042
2632
2984
2785
2232
1670
1273
1197
1597
2134
2324
2426
2616
2413
1971
1896
1989
1990
2187
2491
2542
2396
2170
1837
1581
1648
2072
2483
2592
2572
2527
2262
1954
1888
1936
1936
1948
2107
2202
2146
2224
2416
2342
2018
1796
1756
1777
1886
1926
1825
1818
2005
2271
2514
2638
2497
2016
1500
1262
1362
1754
2441
3022
2874
2235
1824
1580
1351
1596
2268
2608
2464
2327
2182
1814
1634
1922
2324
2389
2297
2211
2051
1960
2067
2076
1730
1290
1208
1586
2127
2600
2826
2629
2127
1656
1424
1452
1754
2258
2484
2319
2206
2214
2117
2102
2145
1904
1366
770
802
1456
2238
2399
1793
1196
1419
2341
3161
3538
3547
3015
1875
944
848
1174
1299
1350
1867
2759
3400
3550
3302
2760
2053
1528
1513
1706
1532
1006
787
1202
2060
2956
3490
3221
2458
2180
2773
3550
3614
2824
1540
284
1
424
1680
2392
2204
1765
1725
2173
2853
3490
3678
3321
2874
2773
2796
2404
1650
1174
1259
1462
1319
1077
1179
1688
2586
3693
4095
3555
2115
1228
1471
2149
2389
2120
1643
1189
1011
1308
1742
1850
1853
2055
2420
2755
3103
3456
3440
2870
2334
2190
2204
2035
1738
1667
1755
1882
1849
1541
1192
1254
1929
2946
3582
3314
2342
1532
1478
2006
2542
2563
1867
1000
884
1627
2660
3216
3148
2661
2308
2595
3143
3301
4095
4095
3417
943
5
2
0
1036
3128
4095
4095
4095
2993
1391
168
0
107
932
1729
2192
2312
2299
2362
2584
2929
3152
3016
2424
1580
871
506
597
1114
1859
2596
3146
3490
3632
3614
3330
2448
1030
5
2
4
1406
3146
4095
4095
3722
2375
1106
512
781
1693
2767
3472
3586
3030
1979
744
3
2
9
1448
3553
4095
4095
4095
3614
1445
2
2
4
4
1422
3288
4095
4095
4095
3653
2498
1517
1062
1015
1027
947
1061
1496
2200
3032
3918
4095
4095
2918
1316
31
4
4
355
1813
3473
4095
4095
4095
4027
2646
956
1
4
1
155
2182
4095
4095
4095
3288
1689
571
375
1005
2081
2960
3255
2882
2240
1761
1570
4095
4095
3646
2533
1324
275
3
3
1
523
1501
2475
3242
3676
3720
3472
3122
2748
2411
2084
1791
1572
1504
1637
1880
2158
2303
2252
2003
1632
1362
1328
1599
2076
2593
2969
3248
3399
3433
3284
2907
2319
1490
610
3
2
0
1
2
828
2049
3452
4095
4095
4095
4095
4095
4095
3256
1313
2
1
2
3
2
2
3
1888
4095
4095
4095
4095
4095
4095
4095
3646
599
5
0
4
3
2
3
2
2744
4095
4095
4095
4095
4095
4095
4095
3127
3
1
1
3
3
3
2
60
2904
4095
4095
4095
4095
4095
4095
4095
2882
773
1
4
2
3
3
2
3
1160
2638
3859
4095
4095
4095
4095
4095
4095
3995
2863
2312
1741
1084
417
0
0
0
2
2
2
2
1
1
2
1
1
1
0
1
2
0
0
1
2
728
2042
3378
4095
4095
4095
4095
4095
4095
4095
4095
4095
4095
4095
4095
4095
4095
4095
4095
4095
4095
4095
4095
4095
4095
4095
4095
3196
1441
4
2
4
1
3
2
2
2
3
0
1
1
2
2
3
3
2
2
1
1
1
1
3
2
1
331
1338
2295
3140
3932
4095
4095
4095
4095
4095
4095
4095
4095
4095
4095
4095
4095
4095
4095
4095
4095
4095
4095
4095
4095
4095
4095
4095
4095
4095
4095
4095
4095
4095
3732
3003
2241
1469
714
1
3
2
2
1
3
3
2
3
2
