2096
2094
2100
2106
2077
2107
2095
2076
2089
2096
2068
2099
2104
2079
2080
2066
2084
2096
2067
2071
2073
2083
2107
2100
2118
2103
2093
2112
2106
2101
2104
2098
2106
2081
2085
2098
2114
2109
2113
2105
2102
2082
2094
2095
2102
2106
2090
2105
2106
2103
2093
2080
2086
2093
2113
2088
2106
2091
2082
2094
2087
2101
2088
2076
2075
2085
2100
2102
2084
2096
2096
2091
2082
2067
2079
2089
2094
2086
2058
2071
2093
2080
2073
2115
2092
2096
2121
2104
2089
2077
2097
2096
2100
2092
2098
2091
2096
2075
2097
2092
2084
2085
2092
2081
2087
2097
2078
2131
2117
2099
2090
2102
2107
2091
2079
2067
2072
2088
2099
2088
2071
2092
2096
2116
2098
2115
2083
2084
2100
2094
2077
2102
2099
2088
2100
2110
2100
2073
2090
2084
2099
2096
2096
2086
2092
2089
2103
2102
2107
2092
2093
2108
2083
2072
2083
2076
2088
2107
2106
2092
2082
2088
2090
2100
2097
2086
2089
2102
2092
2108
2106
2082
2089
2105
2103
2113
2104
2078
2088
2101
2102
2099
2101
2091
2090
2115
2102
2104
2116
2103
2099
2103
2091
2081
2088
2079
2104
2103
2082
2097
2093
2086
2100
2096
2094
2112
2094
2090
2080
2091
2082
2089
2096
2094
2114
2081
2096
2102
2087
2112
2088
2098
2104
2090
2105
2101
2102
2077
2087
2105
2108
2121
2082
2100
2104
2114
2103
2096
2100
2110
2095
2114
2111
2100
2113
2091
2097
2067
2102
2117
2095
2092
2072
2092
2096
2093
1980
1997
1985
1965
2016
2010
2014
2049
2034
2035
2036
2051
2072
2096
2087
2072
2104
2112
2124
2134
2112
2123
2124
2133
2144
2136
2121
2124
2163
2183
2174
2160
2164
2158
2161
2167
2163
2177
2144
2173
2162
2184
2186
2172
2177
2168
2174
2164
2150
2147
2146
2155
2160
2139
2128
2125
2095
2097
2109
2119
2104
2096
2101
2109
2081
2072
2098
2116
2109
2096
2105
2104
2131
2096
2098
2109
2107
2122
2114
2122
2130
2135
2122
2129
2124
2134
2136
2115
2119
2122
2132
2132
2133
2138
2118
2128
2146
2115
2103
2126
2120
2124
2114
2100
2136
2131
2154
2168
2146
2141
2132
2155
2131
2145
2132
2128
2125
2117
2145
2145
2144
2128
2121
2118
2119
2118
2128
2112
1890
1868
1841
1840
1823
1809
1808
1821
1806
1837
1850
1862
1896
1920
1941
1966
1986
2024
2054
2069
2098
2112
2127
2152
2168
2175
2197
2214
2233
2241
2235
2242
2229
2208
2181
2168
2118
2106
2057
2022
1983
1957
1920
1912
1888
1880
1882
1884
1915
1935
1970
2000
2026
2061
2080
2086
2091
2086
2070
2053
2024
1986
1949
1924
1912
1907
1922
1939
1965
2009
2063
2108
2165
2227
2276
2319
2335
2365
2367
2359
2344
2325
2298
2274
2258
2243
2254
2265
2287
2319
2364
2416
2457
2497
2529
2561
2571
2571
2551
2526
2490
2444
2388
2318
2260
2189
2131
2081
2033
2002
1971
1938
1919
1907
1904
1908
1897
1902
1900
1901
1890
1904
1890
1885
1882
1890
1899
1916
2187
2166
2130
2086
2054
2027
2020
2026
2043
2050
2059
2049
2035
2034
2033
2039
2063
2105
2168
2218
2262
2278
2276
2258
2202
2133
2070
2014
1967
1917
1912
1908
1926
1942
1944
1956
1942
1939
1944
1944
1956
1977
2010
2039
2080
2114
2155
2187
2207
2245
2264
2288
2321
2350
2349
2348
2328
2283
2215
2150
2049
1956
1880
1810
1764
1730
1745
1788
1846
1915
1984
2057
2115
2160
2187
2200
2191
2186
2172
2137
2106
2066
2021
1969
1935
1910
1910
1911
1952
1989
2035
2078
2128
2158
2170
2182
2194
2195
2183
2177
2170
2147
2135
2111
2072
2036
1992
1937
1895
1860
1828
1816
1817
1846
1892
1936
2003
2062
2126
2203
2264
2340
2406
2464
2501
2552
2584
2584
2005
1929
1872
1842
1830
1838
1861
1903
1948
2007
2067
2107
2160
2222
2259
2272
2265
2206
2124
2021
1893
1754
1658
1606
1592
1634
1700
1788
1902
1974
2020
2052
2060
2089
2132
2211
2302
2370
2416
2434
2421
2362
2276
2210
2144
2093
2065
2053
2062
2080
2092
2120
2152
2179
2206
2236
2255
2281
2270
2296
2320
2314
2315
2325
2310
2287
2275
2254
2199
2120
2083
2011
1966
1946
1970
2015
2077
2157
2231
2286
2351
2380
2381
2356
2310
2254
2173
2086
1981
1901
1827
1773
1722
1687
1684
1691
1727
1793
1839
1941
2034
2129
2196
2262
2307
2289
2248
2175
2100
2017
1962
1936
1964
2005
2034
2059
2040
2015
1941
1884
1847
1793
1823
1852
1957
2027
2066
2090
2259
2194
2096
1974
1871
1808
1775
1795
1856
1899
1932
1952
1923
1933
1976
2065
2186
2283
2316
2312
2274
2216
2205
2183
2177
2140
2083
2064
2068
2105
2156
2185
2186
2183
2170
2157
2162
2202
2242
2272
2289
2318
2339
2380
2401
2391
2368
2295
2216
2135
2054
2012
1993
2020
2038
2075
2048
2041
2014
1973
1951
1920
1902
1924
1938
1971
2011
2063
2133
2161
2174
2161
2125
2078
2026
1994
1980
1996
2039
2103
2150
2176
2196
2164
2115
2003
1899
1812
1715
1656
1664
1728
1852
2033
2263
2440
2534
2556
2466
2305
2120
2000
1934
1952
2054
2168
2262
2268
2188
2060
1884
1741
1675
1705
1811
1955
2155
2292
2372
2394
2354
2255
2168
2097
2071
2066
2108
2117
2314
2323
2377
2457
2520
2526
2436
2262
2039
1795
1617
1566
1651
1834
2044
2244
2402
2509
2554
2534
2467
2367
2256
2139
2000
1845
1695
1560
1456
1392
1366
1390
1472
1634
1870
2162
2456
2713
2876
2905
2808
2614
2362
2108
1866
1657
1469
1324
1262
1304
1439
1629
1851
2054
2215
2322
2402
2458
2508
2543
2563
2552
2498
2397
2222
2010
1846
1760
1802
1966
2207
2446
2595
2629
2538
2353
2118
1866
1645
1491
1432
1508
1735
2034
2326
2501
2526
2439
2326
2279
2349
2500
2630
2608
2408
2093
1761
1509
1386
1374
1447
1583
1782
2062
2360
2629
2771
2744
2544
2245
1934
1672
1485
1377
1318
1331
1404
1571
1821
2109
2400
2652
2862
3024
3116
3132
3022
2772
1794
1635
1503
1453
1491
1584
1752
1927
2127
2311
2463
2549
2561
2507
2382
2202
2023
1854
1739
1690
1707
1801
1950
2142
2332
2498
2612
2661
2637
2558
2415
2273
2132
2042
1994
1988
1994
2029
2054
2087
2101
2127
2127
2092
2024
1934
1828
1755
1743
1774
1870
2021
2193
2340
2457
2514
2491
2422
2291
2097
1866
1656
1472
1359
1357
1434
1619
1850
2125
2401
2625
2777
2842
2784
2618
2388
2132
1899
1740
1624
1625
1687
1793
1930
2075
2198
2290
2334
2304
2208
2053
1884
1740
1660
1663
1758
1924
2098
2277
2424
2514
2540
2481
2374
2228
2060
1917
1811
1778
1825
1923
2083
2258
2429
2584
2668
2698
2627
2464
2265
2051
1852
1708
1650
1670
1770
1923
2088
2008
2064
2178
2319
2383
2338
2159
1906
1728
1623
1568
1564
1622
1748
1965
2254
2478
2571
2577
2573
2610
2655
2650
2525
2338
2141
1934
1795
1679
1623
1622
1710
1874
2080
2311
2513
2632
2668
2601
2496
2373
2295
2235
2166
2062
1957
1874
1793
1731
1733
1836
2075
2351
2537
2594
2520
2367
2152
1909
1645
1471
1467
1581
1749
1818
1815
1793
1808
1876
1985
2092
2245
2460
2656
2784
2720
2480
2184
1913
1758
1653
1573
1571
1641
1779
1896
1931
1863
1784
1821
2048
2362
2636
2787
2837
2763
2578
2334
2040
1741
1510
1503
1692
1936
2133
2217
2274
2244
2158
2048
1900
1774
1737
1841
2001
2023
1873
1703
1644
1701
1868
2083
2323
2575
2816
2953
2916
2677
1245
1328
1540
1864
2222
2507
2722
2792
2738
2568
2325
2058
1810
1669
1678
1776
1966
2179
2338
2406
2374
2256
2054
1826
1617
1444
1368
1433
1667
2046
2524
2979
3312
3437
3319
2992
2511
1957
1417
992
735
696
882
1303
1879
2506
3067
3440
3572
3410
2998
2433
1792
1194
756
568
636
979
1526
2188
2838
3361
3677
3739
3549
3125
2560
1969
1438
1044
886
945
1174
1543
1927
2295
2552
2670
2661
2505
2260
1926
1636
1411
1326
1407
1631
1927
2225
2447
2568
2604
2525
2403
2241
2043
1887
1792
1804
1916
2105
2321
2494
2606
2600
2508
2314
2100
1791
1506
1223
1050
1034
1160
1429
1811
2253
2702
3112
3412
3578
3566
3352
2963
2477
1996
1591
1358
1696
1601
1376
1114
897
949
1352
2035
2767
3331
3593
3551
3360
3076
2687
2084
1341
621
227
270
668
1154
1568
1917
2352
2819
3152
3174
2902
2560
2325
2199
2058
1821
1592
1508
1597
1748
1783
1681
1574
1581
1772
2105
2495
2810
2965
2995
2964
2887
2744
2531
2163
1655
1097
709
672
1003
1591
2227
2768
3178
3503
3740
3786
3534
2990
2359
1812
1430
1211
1048
943
983
1296
1843
2449
2926
3139
3168
3145
3114
3019
2765
2416
2051
1754
1489
1218
948
757
728
844
1066
1374
1782
2276
2780
3198
3462
3629
3740
3744
3550
3117
2495
1833
1290
868
518
263
175
352
808
1410
2024
2509
2848
3092
3251
3277
3125
2768
2302
1848
1501
1273
1146
4061
4095
4095
3698
3022
2229
1443
850
571
658
1077
1712
2364
2878
3127
3114
2880
2566
2250
2063
2057
2196
2461
2757
3020
3142
3083
2803
2370
1813
1230
728
360
239
377
793
1393
2065
2659
3036
3145
3008
2741
2437
2178
1989
1826
1657
1466
1240
1074
968
1008
1214
1604
2149
2762
3343
3778
3977
3903
3575
3048
2407
1760
1137
638
226
4
2
11
372
999
1824
2752
3705
4095
4095
4095
4095
4095
4095
3432
2229
1091
72
2
2
3
1
1
347
1362
2439
3409
4095
4095
4095
4095
4095
3528
2784
2022
1322
727
310
124
224
631
1272
2062
2864
3552
4012
4095
4040
3629
3059
2436
1871
1419
1106
910
779
720
705
745
866
1769
2195
2596
2937
3174
3266
3239
3046
2704
2218
1656
1098
650
399
412
671
1150
1766
2465
3176
3829
4095
4095
4095
4095
4095
3507
2566
1541
549
1
0
1
1
0
0
330
1285
2287
3192
3891
4095
4095
4095
4095
4095
3839
3290
2572
1746
915
150
1
1
2
2
24
662
1477
2274
2922
3380
3651
3759
3774
3686
3479
3134
2665
2061
1448
918
581
483
610
852
1114
1377
1644
1882
2121
2317
2429
2463
2386
2230
2025
1819
1669
1639
1668
1765
1948
2192
2524
2859
3154
3347
3398
3275
3002
2630
2232
1837
1489
1227
1069
1007
1082
1292
1612
1985
2343
2618
2773
2817
2778
2660
2512
2358
2174
2000
1841
1760
1791
1964
2252
2590
3
4
2
2
3
212
1099
2020
2857
3604
4095
4095
4095
4095
4095
3699
2760
1816
1013
386
6
2
4
3
3
87
890
1906
2914
3806
4095
4095
4095
4095
4095
4095
4095
4095
3637
2714
1800
897
3
2
2
2
3
2
3
85
1130
2275
3323
4095
4095
4095
4095
4095
4095
4095
4095
3790
3046
2149
1115
81
2
1
2
1
1
1
372
921
1436
1976
2599
3295
3972
4095
4095
4095
4095
3514
2552
1554
589
3
2
2
3
2
2
0
360
1416
2532
3556
4095
4095
4095
4095
4095
4095
4032
3250
2286
1243
278
2
3
3
3
589
1312
1928
2387
2735
2992
3184
3288
3264
3144
2968
2806
2727
2674
2647
