2098
2093
2104
2080
2077
2084
2089
2104
2097
2095
2109
2120
2092
2082
2086
2091
2075
2080
2082
2096
2098
2100
2086
2098
2084
2095
2096
2092
2086
2082
2082
2090
2090
2074
2102
2104
2096
2092
2095
2094
2081
2071
2081
2080
2096
2100
2078
2085
2091
2080
2088
2076
2091
2095
2099
2082
2080
2100
2072
2081
2091
2088
2092
2089
2093
2089
2092
2086
2092
2102
2096
2101
2104
2082
2093
2085
2074
2069
2078
2095
2083
2075
2090
2088
2069
2078
2088
2089
2108
2091
2101
2074
2098
2084
2082
2113
2090
2087
2079
2083
2103
2102
2121
2101
2096
2098
2093
2096
2092
2079
2079
2088
2095
2101
2089
2103
2104
2098
2082
2113
2105
2088
2093
2090
2075
2089
2079
2078
2104
2090
2082
2092
2096
2122
2125
2115
2091
2099
2088
2099
2088
2119
2103
2097
2102
2095
2086
2095
2095
2095
2099
2102
2116
2118
2104
2109
2099
2093
2082
2098
2094
2108
2108
2100
2114
2098
2093
2106
2087
2109
2098
2095
2105
2104
2098
2097
2095
2073
2090
2096
2092
2117
2092
2090
2102
2108
2108
2114
2096
2113
2113
2096
2103
2098
2089
2106
2101
2100
2092
2100
2097
2094
2093
2094
2092
2095
2106
2105
2102
2088
2102
2110
2116
2111
2109
2098
2100
2109
2105
2107
2107
2081
2113
2083
2086
2093
2094
2101
2100
2104
2100
2095
2123
2114
2122
2114
2097
2102
2091
2103
2081
2090
2095
2090
2096
2109
2086
2097
2103
2090
2080
2094
2079
2075
2089
2092
2121
2123
2121
2136
2121
2133
2128
2116
2125
2148
2136
2134
2106
2105
2121
2119
2133
2126
2120
2133
2131
2137
2133
2136
2132
2138
2122
2128
2137
2152
2138
2140
2126
2118
2120
2131
2122
2144
2136
2119
2131
2144
2133
2135
2127
2108
2121
2131
2135
2132
2131
2112
2138
2144
2156
2147
2136
2139
2152
2181
2159
2138
2154
2126
2128
2123
2139
2138
2138
2129
2141
2130
2125
2112
2124
2119
2121
2112
2111
2111
2097
2088
2089
2081
2072
2096
2079
2062
2071
2078
2078
2086
2073
2088
2102
2080
2072
2099
2084
2076
2075
2064
2075
2075
2092
2100
2069
2064
2058
2069
2051
2075
2060
2065
2054
2064
2036
2033
2046
2032
2036
2029
2034
2010
2007
2026
2001
2011
2024
2004
1973
1932
1915
1891
1878
1888
1870
1856
1858
1869
1896
1909
1939
1974
2002
2029
2067
2092
2107
2141
2168
2180
2194
2201
2203
2204
2195
2194
2182
2162
2170
2156
2145
2136
2138
2126
2129
2115
2100
2084
2079
2067
2051
2020
2001
1988
1975
1954
1955
1930
1935
1936
1954
1962
1980
2027
2051
2078
2117
2140
2150
2166
2187
2189
2196
2200
2204
2199
2189
2196
2199
2187
2187
2169
2150
2146
2123
2104
2077
2040
2005
1991
1953
1937
1914
1890
1890
1874
1875
1886
1899
1905
1934
1974
2014
2062
2101
2145
2199
2234
2263
2288
2302
2321
2319
2310
2299
2292
2271
2239
2224
2216
2212
2190
2188
2189
2164
2149
2123
2092
2073
2041
1997
1965
1923
1893
2241
2185
2131
2095
2056
2030
2023
2046
2071
2108
2177
2232
2281
2295
2294
2243
2193
2129
2060
1993
1929
1893
1860
1843
1841
1862
1922
2019
2128
2231
2315
2369
2368
2328
2272
2184
2053
1971
1884
1827
1812
1837
1907
1963
2021
2074
2094
2078
2061
2026
2015
2016
2036
2062
2084
2067
2057
2035
2009
2000
2028
2038
2063
2074
2066
2064
2065
2084
2131
2178
2232
2267
2285
2282
2247
2233
2224
2204
2236
2208
2177
2123
2078
2010
1969
1973
2013
2098
2140
2175
2194
2186
2148
2122
2108
2128
2161
2213
2202
2162
2096
2003
1929
1904
1906
1973
2061
2140
2187
2209
2224
2217
2219
2219
2225
2208
2197
2160
2147
2130
2112
2078
2036
1990
1926
1854
1814
1818
2022
2122
2173
2187
2174
2201
2245
2294
2316
2310
2260
2179
2079
1989
1935
1945
1973
2029
2091
2200
2323
2400
2364
2209
2023
1913
1901
1924
1952
2001
2055
2111
2153
2178
2222
2270
2309
2304
2285
2268
2264
2224
2128
2022
1932
1906
1933
1987
2049
2140
2237
2276
2230
2089
1928
1838
1821
1848
1906
1952
2037
2149
2259
2328
2338
2328
2312
2292
2246
2181
2120
2101
2089
2034
1949
1888
1864
1915
2029
2184
2327
2402
2403
2326
2196
2064
1959
1897
1868
1852
1869
1908
1931
1986
2062
2148
2220
2250
2236
2200
2149
2118
2117
2126
2126
2137
2151
2170
2171
2126
2049
1970
1912
1891
1908
1928
1936
1946
1981
2032
2102
2181
2244
2242
2186
2121
2022
1938
1759
1717
1697
1772
1862
2011
2137
2280
2407
2585
2728
2710
2578
2298
2046
1817
1639
1580
1647
1858
2208
2527
2713
2688
2472
2280
2077
1917
1796
1875
1960
2085
2133
2164
2247
2315
2417
2468
2251
2016
1840
1773
1749
1755
1849
1991
2138
2295
2315
2305
2315
2295
2248
2144
2012
1899
1869
1944
2005
2132
2284
2342
2319
2203
2146
2190
2162
2137
2165
2208
2154
2033
1881
1833
1991
2244
2438
2406
2309
2191
2076
1955
1928
1956
2075
2172
2077
1944
1804
1882
1934
1938
1958
2050
2159
2220
2145
2109
2077
2058
2001
1909
1840
1994
2184
2177
2008
1872
1729
1726
1796
1970
2210
2371
2302
2112
2002
1992
2129
2207
2267
2265
2153
2084
1968
2034
2104
2060
1987
1816
1700
1672
1708
1828
1967
2064
2230
2318
2344
2328
2219
2186
2086
2025
1964
1928
1928
1963
2025
2086
2122
2127
2086
2012
1958
1918
1937
1954
2018
2080
2119
2070
2034
2000
1964
2000
2054
2127
2218
2298
2353
2369
2313
2215
2083
1911
1787
1726
1710
1794
1962
2184
2409
2546
2578
2474
2300
2064
1849
1684
1614
1634
1792
1941
2163
2264
2308
2289
2235
2215
2149
2123
2084
2085
2047
2082
2090
2058
2053
2046
2016
2036
2065
2160
2194
2283
2259
2248
2166
2012
2023
1920
1919
1938
1988
2069
2178
2202
2158
2147
2125
2033
2008
1964
2049
2104
2153
2211
2257
2254
2213
2174
2038
1930
1840
1780
1790
1888
1985
2089
2200
2299
2341
2237
2106
2035
2327
2529
2520
2414
2306
2156
1991
1811
1702
1628
1539
1445
1513
1784
2156
2326
2386
2246
2091
1966
1967
2192
2450
2671
2665
2613
2513
2487
2546
2654
2552
2271
1892
1407
1216
1272
1695
2150
2403
2520
2465
2318
2221
2191
2292
2237
2058
1773
1652
1811
2040
2281
2430
2430
2253
1939
1684
1681
1911
2056
2187
2219
2228
2328
2368
2456
2384
2131
1861
1616
1420
1424
1612
1999
2318
2400
2401
2374
2339
2252
2138
2086
1948
1824
1820
1816
1901
1952
1948
1921
1870
1880
1968
2224
2404
2491
2584
2554
2481
2215
1894
1663
1503
1350
1557
1904
2164
2368
2446
2382
2200
1994
1896
1761
1710
1792
1986
2085
2177
2190
2350
2506
2566
2472
2296
2077
2013
1959
1926
2058
2217
2361
2428
2356
2167
1897
1731
1768
1935
2146
2384
2504
2508
2325
2099
1908
1794
1787
1913
2075
2200
2272
2248
2144
1998
1831
1728
1699
1713
1872
2046
2246
2414
2509
2463
2412
2275
2110
1957
1872
1814
1834
1916
2042
2120
2221
2299
2316
2282
2270
2162
2095
2079
2048
2037
1992
1988
1993
2089
2133
2211
2232
2236
2232
2140
2048
1949
1842
1825
1916
2070
2268
2430
2474
2371
2151
1874
1650
1596
1736
2031
2384
2643
2689
2470
2109
1805
1616
1604
1837
2175
2493
2651
2545
2197
1814
1483
1339
1421
1747
2154
2522
2699
2663
2450
2185
1954
1787
1797
1924
2170
2280
2291
2247
2117
1988
1824
1765
1762
1817
1941
2063
2136
2182
2187
2176
1977
2168
2372
2503
2367
2243
2126
1974
1840
1847
1768
1652
1772
2081
2209
2164
2340
2706
2818
2631
2277
2077
1800
1630
1598
1732
1864
1926
1840
1913
2110
2250
2210
2266
2355
2308
2071
1918
2074
2207
2224
2070
1991
2003
2043
2096
1960
1792
1880
2076
2170
2153
1993
1808
1722
1865
1990
2079
2184
2398
2475
2433
2314
2219
2104
1907
1799
1830
1930
2007
2061
2183
2220
2185
2080
2056
2135
2034
1890
1784
1808
1968
2098
2189
2332
2448
2616
2551
2374
2216
2106
2062
2053
2141
2224
2121
2098
2193
2348
2378
2446
2598
2754
2793
2617
2399
2194
1970
1835
1754
1642
1660
1741
1864
1914
2046
2195
2343
2295
2190
2170
2142
2014
2015
2058
2095
2152
2322
2028
1972
1856
1652
1460
1438
1631
1961
2321
2523
2490
2321
2135
2108
2191
2328
2369
2198
1823
1314
970
967
1305
1904
2562
3102
3289
3104
2644
2103
1730
1532
1613
1733
1822
1889
1958
2153
2502
2729
2796
2510
1922
1275
848
894
1366
2098
2780
3192
3216
2930
2389
1787
1372
1228
1414
1747
2129
2500
2757
2899
2893
2822
2696
2481
2079
1577
1060
742
815
1247
1920
2651
3123
3250
3062
2676
2349
2186
2164
2219
2322
2238
1942
1478
1156
1124
1404
1873
2283
2515
2503
2362
2145
2064
2159
2434
2797
3106
3166
2880
2413
1864
1484
1451
1813
2318
2673
2648
2275
1757
1388
1325
1496
1789
1963
2057
2098
2192
2291
2417
2479
2560
2666
2639
2407
1975
2755
2118
1602
1289
1248
1406
1690
2042
2352
2571
2674
2631
2522
2315
2025
1690
1423
1302
1382
1756
2425
3172
3588
3351
2605
1742
1158
1074
1393
1827
2212
2274
2089
1824
1685
1760
1989
2239
2512
2640
2649
2490
2250
1977
1888
1856
1841
1657
1341
1066
918
1137
1690
2365
2911
3112
3010
2740
2444
2186
1979
1818
1712
1642
1657
1792
2072
2376
2660
2793
2709
2456
2104
1780
1643
1686
1876
2054
2129
2048
1872
1650
1497
1504
1745
2068
2492
2921
3218
3242
2901
2269
1538
991
752
830
1248
1765
2286
2771
3183
3522
3653
3557
3192
2512
1732
972
371
132
296
845
1694
2603
3274
3492
3278
2794
2283
1890
1721
1745
1876
2031
2146
2239
2252
2218
2770
2302
1885
1720
1934
2450
2949
3211
3147
2812
2273
1569
751
23
2
2
397
1448
2464
3027
2980
2518
1952
1681
1790
2071
2253
2296
2451
2910
3482
3849
3698
3038
2233
1719
1726
2229
2941
3545
3734
3368
2558
1619
799
188
4
1
172
794
1572
2368
2974
3190
2867
2205
1493
1032
845
979
1461
2081
2601
2856
2824
2537
2131
1742
1503
1456
1611
1983
2601
3382
4095
4095
4095
3637
2454
1352
744
792
1263
1767
2136
2309
2378
2300
2033
1566
982
500
499
1148
2272
3461
4095
4095
4095
4095
3880
2976
1814
579
3
2
4
826
1885
2583
2745
2440
1936
1496
1279
1324
1707
2500
3545
4095
4095
4095
4095
4070
2761
1390
425
2
4
1
1
2
2
1377
4095
4095
4095
4095
4095
4095
4095
4095
1343
2
2
3
2
0
1
1
2548
4095
4095
4095
4095
4095
4095
4095
2493
3
2
2
3
2
2
3
1129
4095
4095
4095
4095
4095
4095
4095
4095
1667
2
2
2
0
1
1
2
1040
4095
4095
4095
4095
4095
4095
4095
4095
2020
2
4
1
4
3
2
1
375
3116
4095
4095
4095
4095
4095
4095
4095
3378
770
2
0
3
3
4
2
2
1986
4095
4095
4095
4095
4095
4095
4095
3477
1181
2
0
2
2
1
2
2
1336
3014
4095
4095
4095
4095
4095
4095
3250
1647
279
1
4
3
4
2
765
1807
2880
3878
4095
