2087
2077
2088
2090
2078
2098
2084
2085
2088
2092
2096
2105
2076
2092
2081
2099
2105
2099
2081
2117
2066
2084
2107
2101
2096
2098
2083
2097
2103
2086
2107
2101
2089
2094
2077
2071
2103
2099
2105
2120
2112
2107
2095
2086
2079
2108
2096
2093
2084
2073
2095
2088
2087
2105
2076
2067
2074
2102
2082
2081
2081
2106
2102
2112
2086
2088
2094
2086
2113
2128
2097
2098
2082
2087
2092
2080
2090
2088
2096
2108
2110
2100
2106
2092
2082
2078
2089
2078
2075
2065
2086
2092
2083
2091
2095
2087
2092
2098
2099
2094
2100
2070
2077
2102
2095
2093
2103
2071
2076
2076
2081
2088
2107
2127
2088
2081
2100
2091
2084
2084
2114
2100
2104
2090
2123
2098
2108
2096
2089
2113
2107
2113
2106
2094
2081
2089
2084
2091
2083
2078
2078
2109
2081
2101
2093
2088
2087
2091
2071
2096
2128
2092
2090
2096
2104
2106
2101
2107
2110
2096
2095
2100
2086
2089
2058
2071
2070
2079
2103
2103
2081
2093
2068
2092
2109
2085
2094
2091
2097
2097
2096
2079
2098
2099
2100
2118
2097
2093
2089
2069
2077
2101
2088
2089
2096
2085
2083
2078
2061
2078
2087
2111
2086
2070
2092
2092
2104
2085
2102
2084
2097
2084
2071
2085
2107
2116
2113
2104
2084
2066
2095
2093
2108
2112
2074
2079
2084
2090
2075
2081
2100
2112
2106
2099
2110
2078
2088
2097
2097
2093
2100
2106
2089
2093
2064
2086
2075
2083
2074
2066
2081
2094
2093
2121
2111
2097
2098
2103
2101
2088
2106
2095
2058
2063
2092
2103
2080
2072
2097
2130
2090
2072
2097
2101
2121
2130
2136
2113
2141
2137
2113
2141
2127
2143
2137
2152
2138
2130
2118
2174
2134
2146
2152
2137
2132
2150
2146
2166
2161
2137
2151
2158
2168
2143
2148
2160
2143
2136
2142
2145
2155
2140
2120
2146
2155
2149
2137
2139
2120
2144
2154
2150
2133
2154
2148
2146
2124
2126
2145
2110
2116
2112
2117
2126
2142
2117
2094
2100
2079
2092
2090
2089
2102
2096
2089
2103
2066
2073
2064
2065
2056
2055
2073
2040
2041
2038
2024
2000
2015
2003
1981
1993
1976
1992
1982
1985
1991
1983
1977
1996
1997
1979
1987
2012
2016
2024
2043
2045
2062
2075
2099
2104
2106
2124
2180
2185
2191
2197
2215
2268
2260
2232
2180
2123
2064
1996
1932
1892
1890
1917
1920
1991
2041
2080
2141
2161
2170
2196
2179
2140
2110
2090
2072
2051
2016
2032
2053
2057
2081
2090
2091
2114
2101
2146
2137
2151
2151
2160
2115
2094
2082
2040
2027
2038
2037
2075
2082
2101
2077
2079
2071
2061
2027
2003
1984
1920
1942
1941
1981
2017
2040
2109
2110
2136
2120
2165
2169
2196
2177
2185
2197
2147
2129
2092
2087
2079
2058
2065
2072
2105
2133
2151
2159
2196
2188
2159
2146
2081
2066
2046
2044
2046
2040
2082
2112
2148
2194
2178
2206
2181
2195
2177
2178
2147
2149
2075
2039
2082
2055
2057
2045
2070
2049
2072
2105
2098
2087
2086
2041
2039
2046
2011
2230
2261
2205
2128
2016
1948
1922
1980
2069
2133
2194
2183
2155
2105
2044
2053
2069
2081
2115
2194
2204
2134
2123
2116
2071
1976
1939
1955
1965
1936
1980
2050
2096
2073
2086
2080
2056
2008
2078
2155
2183
2215
2233
2222
2108
2007
1957
1959
1941
1986
2069
2137
2184
2187
2144
2080
1992
1953
1984
2020
2072
2171
2221
2183
2134
2084
2072
2042
2011
2080
2143
2218
2324
2308
2221
2112
2060
1988
1954
1976
2034
2069
2130
2163
2159
2118
2060
2028
2009
1959
1961
2008
2062
2096
2097
2021
1968
1987
2055
2116
2130
2156
2189
2146
2150
2124
2122
2098
2033
2056
2142
2158
2146
2141
2091
2064
2085
2126
2153
2148
2110
2033
1951
1969
1975
2036
2099
2200
2038
2025
2060
2091
2040
2014
2018
2075
2165
2203
2184
2065
1966
1912
1990
2122
2195
2154
2122
2035
1983
1925
1902
1953
2032
2125
2222
2264
2298
2300
2208
2109
2059
1943
1941
2067
2186
2351
2367
2266
2173
2022
1877
1864
2024
2219
2290
2255
2146
2095
1948
1854
1918
2112
2337
2338
2238
2154
2059
1945
1899
1928
2028
1987
1982
2030
2010
2025
1992
2073
2139
2141
2180
2255
2243
2130
2064
2037
2012
1936
1981
2043
2112
2164
2156
2163
2090
2059
2008
2036
2079
2029
1939
1911
2055
2245
2337
2302
2218
2125
2132
2127
2067
2014
1966
2054
2188
2289
2201
2064
1913
1956
2053
2106
2048
2032
2037
2087
2069
2025
2045
2140
2078
2030
2096
2181
2186
2093
2083
2105
2136
2140
2168
2172
2230
2194
2164
2107
2098
2082
2011
2002
2062
2155
2192
2200
2157
2040
2004
2035
2120
2223
2210
2095
1997
1966
2035
2137
2219
2202
2132
2038
1990
1965
1937
1969
1996
2056
2089
2063
2023
2021
2073
2146
2243
2236
2149
2024
2002
2031
2097
2090
2022
1996
1996
2024
2096
2180
2215
2198
2135
2088
2093
2073
2029
2024
2104
2127
2083
2068
2103
2211
2218
2144
2041
2004
2032
2157
2154
2139
2101
2106
2169
2095
2008
1870
1849
2016
2162
2235
2184
2104
2069
2070
2095
2097
2068
2095
2076
2131
2194
2208
2144
2034
1938
1898
2016
2170
2331
2304
2212
2088
1968
1991
2020
2016
2084
2103
2112
2086
2044
2114
2285
2345
2286
2128
1896
1826
1996
2198
2292
2108
1819
1713
1916
2232
2381
2257
2030
1852
1871
2049
2213
2249
2156
2047
2048
2145
2193
2161
2056
1951
1868
1967
2114
2200
2173
2068
1914
1885
1980
2194
2312
2294
2219
2050
1999
2056
2088
2128
2081
2080
2086
2135
2195
2205
2092
1996
1984
1999
2075
2078
2076
2098
2131
2138
2166
2135
2081
2044
2037
2105
2155
2171
2116
2101
2087
2146
2218
2165
2030
1893
1830
1883
2034
2226
2306
2190
1992
1915
1903
1988
2098
2123
2087
2105
2093
2099
2086
2066
1996
1936
1959
2058
2132
2183
2134
2027
1882
1880
1975
2099
2207
2253
2223
2162
2055
1957
2009
2098
2230
2217
2169
2080
1973
1966
2066
2170
2158
2042
1938
1961
2080
2273
2345
2453
2161
1800
1742
1927
2344
2592
2302
1875
1715
1802
2147
2483
2496
2200
1884
1849
1959
2206
2357
2182
2128
2191
2177
2203
2235
2162
1921
1943
2092
2129
2188
2214
2152
2080
2043
2128
2260
2213
2083
2061
2117
2161
2130
2197
2173
2035
2020
2069
2074
2115
2132
2076
1940
1978
2088
2136
2119
2236
2263
2174
2054
2099
2150
2127
2105
2088
2055
2096
2114
1952
1847
1888
2035
2205
2396
2337
2067
1793
1741
1902
2081
2279
2336
2131
1959
1979
1983
2007
2187
2278
2169
2076
2105
2152
2084
1993
2026
2031
2091
2244
2296
2168
2018
2034
2056
2093
2149
2216
2062
1948
1973
2085
2182
2085
1959
2028
2157
2321
2356
2293
2169
2000
1881
1988
2142
2105
2192
2129
2052
1994
2029
2235
2353
2193
1809
1732
2010
2218
2284
2307
2112
1921
2099
2266
2218
2275
2245
1990
1756
1873
2157
2378
2569
2470
1944
1698
1892
2078
2316
2615
2499
2068
1890
1909
1949
2139
2356
2293
1986
1757
1827
2157
2526
2793
2696
2042
1473
1561
1938
2347
2713
2557
1931
1558
1679
1904
2253
2610
2530
2095
1793
1660
1626
1963
2470
2493
2194
1865
1637
1648
2024
2466
2498
2136
1836
1839
2056
2413
2637
2466
2062
1796
1736
1892
2172
2375
2276
2017
1848
1721
1729
1966
2307
2386
2280
2088
1888
1864
1979
2170
2271
2308
2236
2072
1952
2059
2184
2138
2040
1877
1795
1965
2253
2519
2603
2384
2096
1925
1915
1987
2075
2151
2115
2110
1028
1258
2126
3049
3275
2671
1872
1352
1396
1864
2513
2836
2487
1750
1240
1347
1952
2728
3114
2842
2159
1527
1286
1401
1805
2407
2908
3026
2657
1956
1339
1181
1635
2579
3422
3363
2452
1504
1189
1500
2232
2824
2715
1996
1217
1111
1710
2502
2930
2841
2419
2020
1829
1702
1651
1929
2474
2734
2409
1704
1188
1151
1505
2140
2762
2913
2525
1797
1152
1118
1733
2408
2674
2505
2171
1771
1360
1313
1876
2897
3604
3368
2338
1222
666
1075
2144
3034
3086
2564
2081
1811
1672
1927
2514
2931
2805
2295
1656
1061
944
1658
2662
3072
2802
2305
1929
1860
2030
2103
1889
1909
2180
2140
1879
1653
1505
1778
2561
2929
2344
1573
1198
1055
1320
2004
2454
2485
1974
1622
1543
1804
2210
2406
2440
2288
2018
1819
1843
2172
2471
2497
2297
2091
1971
1972
2123
2267
2258
2044
1822
1847
2088
2337
2393
2273
1956
1616
1441
1587
2041
2375
2358
2073
1683
1411
1471
1986
2597
2897
2735
2301
1862
1498
1517
2075
2733
3031
2726
1901
953
566
1089
2334
3614
4095
3651
2245
807
282
861
1995
2941
3183
2662
1855
1400
1501
1951
2246
2092
1705
1446
1654
2258
2910
3140
2724
1897
1120
927
1474
2409
3119
3165
2687
2069
1691
1658
1928
2316
2533
2530
2421
2316
2257
2184
2014
1840
1770
1854
1971
2121
2292
2508
2676
2602
2360
2011
1750
1685
1736
1869
2033
2162
2221
2258
2182
1890
1462
1288
1510
2119
2841
3292
3048
3118
4095
4095
4095
2616
469
0
0
73
2003
4095
4095
4095
4095
4095
2293
0
1
0
0
0
1510
3488
4095
4095
4095
3465
2188
1098
565
779
1607
2660
3492
3836
3561
2704
1529
346
4
1
48
1038
2374
3658
4095
4095
4095
4095
2970
1616
526
1
17
463
1138
1819
2312
2521
2464
2228
2036
2083
2398
2866
3362
3641
3594
3146
2265
1122
3
0
0
58
1074
2290
3333
4028
4095
4095
3622
2888
2161
1654
1464
1420
1492
1441
1252
1008
890
1165
1891
2962
4095
4095
4095
3980
2508
613
3
0
0
2
1310
3476
4095
4095
4095
3575
1464
2
0
0
1
765
2882
4095
4095
4095
4095
2907
967
1
1
0
201
3822
4048
4095
4095
4095
4095
4095
4095
4095
4095
4095
4095
4095
3993
3425
2773
2023
1196
344
1
1
1
0
0
1
1
0
0
1
1
1
0
2
0
2
753
1793
2807
3772
4095
4095
4095
4095
4095
4095
4095
4095
4095
4095
4095
4095
4095
4095
4095
3266
2041
775
0
1
1
0
1
1
2
0
0
0
1
0
1
1
2
93
1231
2435
3608
4095
4095
4095
4095
4095
4095
4095
4095
4095
4095
4095
4095
4095
4095
4095
3329
2068
839
1
1
0
1
1
0
0
0
0
0
0
0
0
278
1239
2164
3007
3744
4095
4095
4095
4095
4095
4095
4095
4095
4095
4095
3567
2860
2104
1335
566
2
3829
3506
3157
2796
2422
2021
1638
1243
844
442
52
0
3
1
0
0
1
0
1
0
1
0
0
0
0
0
0
0
0
1
1
15
488
1096
1680
2275
2868
3435
3988
4095
4095
4095
4095
4095
4095
4095
4095
4095
4095
4095
4095
4095
4095
4095
4095
4095
4095
4095
4095
4095
4095
4095
4095
4095
4095
4095
4095
4039
3343
2636
1860
1107
338
0
1
1
0
1
0
0
0
0
1
0
0
0
0
0
0
0
0
0
0
0
0
0
0
0
0
1
381
1317
2272
3155
3979
4095
4095
4095
4095
4095
4095
4095
4095
4095
4095
4095
4095
4095
4095
4095
4095
4095
4095
4095
4095
4095
4095
4095
