2167
2173
2172
2174
2167
2164
2160
2160
2164
2157
2154
2163
2150
2156
2160
2155
2155
2149
2143
2150
2153
2150
2148
2141
2138
2146
2136
2142
2134
2130
2129
2127
2131
2128
2126
2120
2122
2119
2122
2116
2112
2107
2110
2108
2103
2102
2099
2102
2094
2095
2098
2095
2096
2094
2090
2088
2089
2084
2084
2086
2078
2072
2074
2072
2074
2074
2072
2076
2066
2069
2075
2070
2064
2067
2067
2069
2068
2063
2063
2056
2062
2068
2064
2057
2058
2053
2060
2053
2051
2054
2055
2053
2050
2054
2044
2042
2040
2043
2040
2032
2031
2031
2033
2026
2029
2029
2030
2029
2026
2024
2028
2020
2020
2027
2031
2026
2031
2033
2030
2030
2032
2033
2034
2031
2032
2031
2036
2032
2116
2114
2112
2126
2117
2119
2124
2118
2114
2115
2116
2120
2109
2110
2110
2112
2120
2112
2111
2110
2111
2106
2111
2105
2110
2103
2116
2110
2120
2110
2112
2112
2114
2111
2114
2111
2112
2124
2116
2113
2113
2114
2112
2108
2103
2113
2107
2101
2109
2109
2105
2108
2107
2101
2109
2108
2110
2104
2108
2105
2104
2109
2105
2111
2110
2109
2106
2106
2108
2102
2106
2108
2106
2108
2103
2103
2101
2102
2104
2102
2100
2110
2099
2098
2097
2100
2098
2101
2093
2098
2094
2094
2098
2102
2102
2098
2093
2095
2088
2094
2097
2101
2094
2093
2089
2089
2092
2089
2090
2092
2093
2090
2097
2090
2088
2089
2092
2091
2078
2085
2088
2086
2092
2084
2084
2083
2085
2081
2112
2121
2113
2104
2116
2110
2102
2106
2099
2109
2096
2101
2101
2106
2105
2094
2100
2098
2098
2096
2103
2105
2104
2103
2106
2099
2111
2107
2113
2104
2107
2104
2099
2096
2094
2103
2103
2106
2094
2098
2081
2094
2100
2099
2108
2096
2096
2096
2109
2102
2095
2091
2093
2088
2094
2098
2098
2098
2098
2096
2095
2096
2100
2099
2098
2098
2103
2105
2102
2098
2094
2096
2097
2098
2111
2105
2101
2102
2102
2108
2093
2096
2096
2096
2104
2105
2101
2093
2092
2095
2095
2100
2096
2098
2096
2089
2090
2086
2086
2094
2104
2094
2094
2098
2104
2101
2096
2101
2096
2092
2095
2085
2099
2087
2084
2085
2093
2091
2084
2086
2093
2086
2095
2097
2087
2086
2092
2088
2091
2095
2090
2096
2097
2092
2095
2087
2098
2096
2089
2088
2093
2093
2075
2091
2098
2086
2093
2085
2090
2094
2090
2098
2104
2090
2099
2090
2092
2099
2104
2094
2093
2099
2105
2098
2101
2087
2093
2090
2090
2092
2083
2087
2096
2096
2096
2089
2092
2098
2085
2100
2103
2100
2095
2089
2080
2092
2097
2102
2096
2090
2101
2098
2106
2100
2101
2093
2096
2091
2092
2096
2080
2092
2095
2102
2090
2095
2096
2086
2094
2096
2104
2098
2095
2093
2088
2088
2088
2094
2103
2097
2112
2099
2096
2086
2098
2083
2089
2088
2094
2098
2086
2084
2091
2086
2096
2089
2084
2081
2087
2088
2099
2094
2084
2091
2103
2097
2097
2080
2092
2096
2103
2104
2097
2102
2093
2105
2090
2090
2101
2094
2089
2096
2098
2097
2090
2107
2090
2088
2089
2084
2089
2098
2093
2100
2093
2079
2082
2091
2078
2084
2076
2083
2091
2094
2097
2085
2081
2090
2094
2092
2100
2097
2104
2091
2095
2095
2079
2082
2068
2083
2084
2076
2083
2094
2090
2091
2103
2090
2079
2093
2092
2096
2089
2089
2086
2084
2087
2080
2093
2078
2096
2099
2094
2082
2093
2080
2083
2080
2102
2100
2103
2091
2098
2093
2087
2092
2088
2090
2098
2095
2104
2093
2096
2103
2096
2093
2090
2094
2094
2096
2096
2088
2101
2088
2105
2104
2097
2102
2105
2103
2098
2109
2101
2106
2104
2102
2087
2098
2090
2088
2090
2097
2094
2114
2100
2104
2093
2100
2102
2099
2092
2083
2095
2096
2094
2092
2099
2104
2113
2097
2090
2096
2102
2100
2096
2100
2096
2090
2102
2096
2104
2092
2098
2096
2092
2101
2089
2096
2103
2102
2106
2102
2096
2102
2098
2098
2097
2086
2092
2088
2096
2094
2101
2096
2096
2095
2095
2094
2088
2087
2100
2087
2096
2094
2098
2089
2092
2097
2102
2090
2088
2090
2100
2088
2093
2094
2098
2094
2096
2094
2095
2104
2102
2103
2093
2095
2096
2100
2104
2106
2098
2105
2096
2095
2105
2094
2097
2095
2096
2099
2098
2091
2082
2095
2086
2090
2093
2090
2090
2093
2094
2096
2089
2093
2098
2105
2114
2100
2094
2099
2095
2100
2111
2092
2088
2094
2088
2088
2090
2106
2104
2099
2099
2098
2086
2093
2092
2079
2088
2094
2082
2092
2085
2091
2092
2092
2097
2103
2096
2101
2092
2103
2098
2088
2092
2092
2087
2078
2093
2101
2089
2099
2098
2088
2090
2094
2102
2100
2090
2096
2086
2086
2087
2091
2094
2087
2087
2098
2101
2101
2100
2092
2102
2088
2093
2098
2091
2098
2086
2083
2090
2096
2090
2087
2088
2095
2106
2100
2100
2099
2099
2098
2093
2094
2078
2064
2085
2101
2104
2099
2093
2092
2090
2109
2104
2109
2093
2094
2094
2101
2098
2096
2092
2112
2098
2095
2101
2106
2102
2106
2112
2098
2109
2104
2110
2093
2098
2105
2113
2107
2115
2112
2125
2110
2103
2108
2102
2108
2108
2107
2108
2115
2112
2106
2099
2101
2102
2100
2097
2102
2106
2101
2107
2103
2111
2105
2106
2110
2113
2112
2062
2056
2059
2049
2079
2087
2076
2055
2064
2070
2082
2071
2073
2069
2089
2073
2064
2074
2072
2057
2064
2061
2058
2075
2072
2067
2064
2065
2095
2088
2083
2080
2072
2067
2071
2098
2089
2074
2098
2086
2065
2076
2065
2083
2093
2096
2082
2087
2089
2095
2096
2109
2105
2105
2106
2111
2100
2104
2096
2100
2096
2110
2092
2105
2112
2095
2103
2096
2114
2109
2109
2100
2107
2097
2110
2100
2101
2109
2104
2118
2125
2116
2101
2115
2114
2124
2116
2123
2122
2116
2113
2127
2119
2142
2130
2124
2122
2120
2111
2114
2118
2139
2125
2136
2114
2115
2108
2132
2126
2126
2134
2131
2139
2124
2129
2132
2128
2130
2133
2131
2122
2126
2135
2133
2125
2133
2129
2144
2108
2106
2099
2094
2100
2105
2094
2104
2088
2085
2107
2097
2108
2103
2085
2080
2097
2097
2089
2108
2105
2086
2095
2104
2093
2104
2096
2092
2094
2090
2101
2084
2102
2089
2097
2097
2110
2108
2108
2099
2109
2109
2093
2103
2104
2102
2106
2101
2093
2087
2104
2112
2102
2092
2089
2095
2090
2109
2106
2107
2098
2114
2111
2098
2098
2098
2119
2105
2115
2105
2109
2112
2108
2113
2104
2106
2112
2096
2098
2112
2115
2107
2090
2090
2101
2106
2111
2109
2103
2087
2086
2091
2089
2095
2100
2097
2091
2092
2088
2104
2121
2121
2117
2098
2104
2111
2100
2095
2096
2106
2107
2098
2104
2107
2092
2102
2094
2102
2120
2100
2109
2104
2103
2110
2087
2111
2108
2117
2080
2101
2088
2100
2080
2097
2095
2091
2101
2103
2103
2083
2090
2094
2111
2106
2086
2096
2105
2089
2097
2088
2090
2091
2105
2099
2088
2091
2104
2102
2104
2089
2095
2100
2093
2085
2109
2112
2100
2096
2096
2085
2109
2091
2096
2088
2106
2102
2088
2089
2093
2096
2093
2098
2096
2090
2097
2092
2088
2101
2100
2109
2107
2098
2099
2094
2096
2097
2099
2094
2088
2085
2076
2087
2098
2091
2096
2085
2092
2093
2092
2090
2093
2090
2083
2095
2105
2093
2090
2094
2094
2098
2118
2102
2089
2099
2093
2087
2088
2094
2100
2104
2099
2086
2094
2095
2108
2100
2094
2107
2080
2084
2070
2078
2086
2110
2104
2087
2100
2106
2110
2109
2108
2102
2106
2109
2112
2117
2131
2104
2116
2128
2128
2142
2132
2117
2117
2123
2120
2123
2125
2128
2118
2122
2118
2106
2115
2124
2108
2100
2101
2122
2113
2110
2108
2119
2126
2125
2119
2112
2097
2103
2111
2102
2107
2098
2120
2111
2105
2114
2111
2108
2108
2096
2089
2094
2097
2094
2086
2101
2094
2100
2107
2108
2104
2107
2094
2097
2113
2098
2092
2085
2090
2099
2095
2094
2086
2086
2087
2080
2078
2074
2076
2081
2080
2056
2088
2078
2070
2056
2068
2068
2056
2058
2036
2043
2062
2040
2058
2052
2053
2042
2038
2062
2043
2037
2056
2061
2044
2034
2051
2048
2035
2063
2050
2057
2049
2056
2044
2044
2040
2051
2038
2048
2036
2038
2033
2042
2044
2041
2037
2034
2050
2064
2054
2056
2070
2074
2075
2056
2066
2059
2071
2070
2078
2065
2060
2066
2064
2080
2076
2077
2063
2078
2072
2067
2072
2083
2095
2079
2056
2093
2094
2086
2081
2082
2100
2097
2093
2078
2080
2069
2094
2082
2077
2064
2078
2080
2081
2097
2081
2094
2097
2072
2072
2087
2076
2078
2086
2089
2085
2080
2088
2101
2088
2093
2099
2073
2086
2073
2082
2085
2080
2083
2093
2095
2091
2080
2095
2087
2103
2076
2095
2086
2092
2094
2101
2096
2082
2090
2102
2093
2091
2088
2084
2102
2088
2097
2100
2101
2092
2088
2098
2115
2095
2096
2102
2099
2086
2114
2108
2098
2106
2107
2113
2119
2104
2114
2113
2097
2096
2098
2097
2109
2119
2096
2108
2096
2119
2112
2110
2104
2110
2121
2092
2097
2099
2099
2097
2100
2100
2097
2107
2094
2088
2081
2104
2085
2091
2080
2093
2080
2102
2096
2076
2069
2082
2083
2087
2087
2090
2078
2099
2089
2084
2087
2086
2085
2079
2078
2076
2083
2083
2095
2101
2074
2089
2098
2104
2092
2098
2104
2096
2090
2089
2090
2086
2096
2105
2105
2109
2105
2110
2099
2093
2090
2107
2088
2071
2071
2113
2092
2083
2093
2082
2084
2098
2102
2091
2096
2101
2086
2088
2077
2078
2106
2091
2090
2096
2089
2099
2098
2096
2096
2082
2079
2101
2103
2098
2085
2096
2097
2112
2093
2088
2093
2102
2101
2096
2099
2104
2092
2099
2107
2100
2090
2094
2084
2088
2110
2088
2102
2104
2103
2112
2114
2097
2103
2096
2078
2119
2112
2114
2088
2105
2096
2102
2095
2094
2123
2112
2109
2116
2115
2115
2116
2112
2131
2123
2131
2137
2127
2132
2121
2119
2119
2119
2105
2113
2115
2110
2121
2124
2127
2112
2120
2108
2107
2126
2126
2125
2130
2120
2112
2122
2123
2116
2134
2125
2136
2134
2130
2131
2127
2132
2135
2119
2116
2126
2134
2117
2107
2115
2124
2126
2112
2111
2120
2134
2134
2103
2109
2098
2134
2125
2114
2132
2131
2125
2119
2120
2104
2121
2125
2122
2123
2125
2118
2122
2111
2129
2123
2119
2109
2146
2119
2131
2110
2116
2090
2104
2109
2105
2100
2098
2106
2100
2095
2094
2094
2095
2104
2102
2098
2096
2095
2106
2102
2100
2088
2080
2090
2088
2101
2094
2083
2088
2083
2095
2088
2066
2068
2080
2078
2070
2079
2079
2086
2075
2070
2071
2052
2058
2070
2060
2066
2058
2074
2070
2064
2061
2076
2061
2064
2041
2064
2071
2074
2070
2060
2091
2072
2078
2077
2067
2075
2081
2085
2078
2088
2092
2083
2078
2083
2073
2080
2077
2074
2086
2078
2070
2074
2072
2079
2077
2079
2084
2072
2070
2092
2095
2074
2071
2082
2080
2079
2076
2087
2089
2082
2075
2079
2077
2076
2090
2083
2097
2091
2088
2081
2084
2103
2090
2093
2097
2088
2082
2105
2107
2104
2110
2091
2103
2110
2106
2106
2097
2112
2109
2101
2101
2088
2101
2101
2112
2109
2099
2102
2120
2125
2115
2120
2107
2102
2099
2101
2106
2111
2107
2124
2117
2120
2122
2099
2109
2097
2108
2109
