2073
2079
2100
2097
2080
2080
2095
2090
2099
2089
2094
2106
2089
2090
2103
2094
2098
2096
2082
2097
2098
2095
2105
2086
2088
2094
2094
2084
2087
2096
2106
2097
2119
2113
2115
2098
2104
2114
2092
2085
2092
2102
2104
2099
2094
2091
2097
2101
2086
2084
2090
2082
2077
2080
2102
2082
2099
2087
2086
2090
2087
2089
2103
2089
2086
2084
2093
2106
2111
2098
2093
2094
2107
2093
2088
2102
2117
2091
2124
2123
2104
2082
2088
2086
2063
2111
2103
2102
2114
2088
2094
2070
2071
2098
2082
2101
2098
2108
2100
2108
2096
2090
2097
2097
2088
2121
2102
2104
2105
2104
2093
2078
2105
2098
2109
2090
2098
2102
2116
2100
2092
2079
2083
2102
2117
2110
2098
2082
2102
2098
2074
2089
2087
2094
2088
2101
2094
2086
2103
2096
2096
2105
2111
2095
2096
2096
2097
2084
2089
2095
2098
2087
2066
2088
2104
2088
2078
2093
2079
2088
2080
2081
2082
2096
2090
2093
2111
2102
2109
2114
2088
2085
2089
2089
2097
2102
2118
2120
2106
2108
2080
2074
2081
2074
2088
2095
2105
2108
2088
2090
2085
2076
2090
2078
2070
2073
2082
2088
2085
2083
2117
2107
2096
2100
2084
2096
2072
2093
2098
2078
2081
2072
2075
2083
2088
2080
2098
2102
2098
2072
2090
2079
2080
2069
2095
2080
2089
2097
2082
2072
2083
2062
2088
2096
2091
2081
2089
2089
2093
2098
2112
2093
2095
2108
2075
2088
2094
2090
2097
2080
2080
2082
2109
2089
2089
2092
2203
2154
2172
2156
2163
2183
2128
2161
2172
2137
2147
2177
2133
2194
2161
2142
2130
2134
2148
2139
2176
2126
2157
2144
2152
2160
2158
2134
2120
2161
2115
2096
2127
2152
2129
2065
2106
2120
2133
2103
2114
2084
2114
2129
2139
2129
2099
2093
2117
2115
2099
2057
2105
2075
2059
2118
2088
2097
2127
2098
2106
2097
2120
2111
2054
2048
2097
2104
2096
2051
2109
2093
2088
2030
2064
2037
2046
2054
2040
2045
1984
2056
2006
2031
2048
2019
2016
2040
2035
2067
2041
1987
2028
2023
2034
2029
2021
2021
2026
2013
2037
2081
2000
1976
2005
2018
2029
2016
2024
2030
2031
2013
1995
1976
2045
2024
2018
2032
2044
2032
2037
2034
2024
2021
2035
2027
2047
2040
2206
2208
2200
2192
2197
2168
2189
2174
2176
2168
2146
2122
2098
2072
2066
2036
2024
2005
1994
1997
1986
2006
2015
2023
2050
2090
2119
2134
2172
2168
2180
2200
2185
2170
2169
2144
2132
2119
2119
2130
2149
2164
2176
2206
2225
2220
2252
2244
2224
2215
2163
2124
2064
2022
1956
1912
1868
1819
1796
1811
1821
1855
1882
1931
1980
2046
2099
2143
2190
2208
2235
2231
2228
2211
2182
2140
2074
2054
1994
1964
1949
1917
1886
1918
1916
1963
1960
1999
2021
2024
2060
2069
2065
2075
2051
2029
2000
1959
1936
1902
1882
1872
1854
1849
1864
1902
1938
1954
2020
2066
2123
2170
2235
2263
2320
2341
2384
2419
2456
2464
2483
2497
2508
2515
2518
2514
2503
2501
2405
2428
2446
2432
2418
2364
2288
2228
2156
2085
1990
1906
1850
1787
1745
1717
1700
1712
1723
1761
1812
1882
1956
2041
2136
2229
2304
2378
2450
2482
2502
2516
2502
2458
2408
2340
2261
2164
2067
1977
1884
1814
1743
1678
1646
1633
1635
1658
1689
1730
1794
1855
1909
1981
2044
2108
2178
2220
2279
2304
2326
2339
2335
2322
2294
2256
2210
2163
2118
2074
2030
1988
1950
1936
1917
1921
1931
1939
1966
1994
2019
2050
2084
2113
2141
2170
2186
2200
2215
2209
2206
2191
2186
2172
2157
2152
2147
2149
2149
2145
2145
2155
2152
2149
2154
2152
2140
2138
2127
2120
2116
2116
2125
2128
2151
2159
2163
2174
2175
2170
2165
2152
2148
2122
2096
2080
2063
2034
2393
2454
2487
2487
2478
2456
2440
2406
2336
2249
2142
2055
1993
1971
1965
1972
1979
1959
1950
1975
2022
2084
2153
2201
2255
2307
2386
2490
2619
2733
2788
2778
2637
2431
2202
1999
1866
1786
1734
1702
1647
1601
1623
1719
1880
2060
2198
2252
2220
2140
2070
2077
2158
2294
2428
2497
2498
2415
2308
2204
2128
2093
2060
2017
1957
1863
1774
1738
1757
1807
1871
1927
1950
1986
2041
2124
2220
2314
2400
2478
2509
2522
2497
2448
2352
2240
2138
2040
1977
1932
1886
1827
1748
1682
1637
1647
1704
1775
1856
1923
1986
2071
2197
2368
2538
2672
2702
2616
2458
2285
2134
2061
2030
2013
1981
1917
1815
1730
1684
1670
1685
1698
1669
1625
1603
1648
1783
1992
2232
2064
1928
1803
1700
1645
1629
1662
1718
1813
1928
2072
2218
2383
2528
2648
2722
2743
2700
2609
2470
2297
2111
1944
1815
1712
1669
1662
1692
1752
1844
1948
2057
2169
2277
2365
2431
2459
2457
2413
2348
2244
2142
2031
1938
1854
1809
1782
1774
1786
1811
1848
1898
1960
2011
2071
2121
2162
2187
2178
2140
2103
2063
2014
1997
1985
2004
2046
2087
2136
2181
2200
2204
2184
2136
2067
1993
1924
1876
1847
1856
1887
1962
2060
2165
2275
2387
2486
2543
2587
2588
2562
2490
2372
2199
2018
1832
1658
1528
1441
1405
1430
1501
1619
1773
1942
2112
2276
2427
2540
2621
2649
2637
2578
2489
2379
2272
2164
2071
1985
1921
1864
1841
1842
1846
1884
1922
1979
1783
1677
1616
1604
1602
1611
1708
1861
2006
2136
2186
2199
2168
2197
2299
2393
2429
2360
2189
2025
1917
1911
1970
1970
1910
1843
1859
1966
2134
2232
2236
2152
2072
2062
2143
2227
2241
2166
2100
2094
2116
2173
2160
2090
2024
1973
2000
2048
2095
2169
2296
2439
2571
2639
2561
2418
2252
2114
2002
1912
1809
1675
1561
1515
1560
1636
1694
1696
1703
1737
1863
2055
2293
2543
2710
2804
2796
2719
2596
2443
2295
2201
2117
2005
1917
1878
1891
1958
1981
1957
1908
1890
1944
2001
2033
1978
1924
1877
1913
2018
2077
2086
2033
1984
2015
2128
2261
2326
2337
2294
2294
2365
2451
2460
2342
2188
2072
2047
2150
2296
2391
2370
2250
2084
1964
1890
1838
1755
1728
1742
1799
1864
1931
1998
2064
2078
2079
2072
2035
2026
2022
2064
2090
2174
2268
2352
2472
2565
2624
2632
2591
2465
2311
2126
1964
1833
1773
1790
1785
1854
1903
1973
1996
2045
2076
2084
2044
1958
1890
1788
1720
1698
1718
1822
1961
2112
2252
2371
2479
2495
2472
2407
2288
2145
2000
1848
1748
1669
1659
1730
1814
1970
2115
2250
2343
2394
2392
2335
2236
2104
1953
1830
1727
1695
1681
1758
1872
1992
2147
2266
2362
2426
2456
2418
2328
2191
2047
1885
1760
1653
1629
1651
1719
1849
2022
2181
2315
2417
2461
2454
2397
2310
2220
2132
2085
2040
2047
2052
2044
2066
2100
2141
2169
2206
2216
2197
2137
2054
1991
1978
1906
1928
1998
2104
2228
2399
2170
2074
1893
1705
1596
1593
1687
1813
1953
2082
2235
2386
2501
2576
2597
2562
2480
2360
2215
2106
1997
1847
1630
1349
1117
1060
1192
1437
1644
1846
1996
2215
2459
2649
2720
2619
2485
2402
2420
2483
2479
2382
2211
2038
1875
1730
1600
1473
1433
1489
1670
1925
2120
2245
2302
2357
2418
2501
2505
2405
2267
2159
2158
2230
2305
2271
2156
2016
1914
1911
1957
2000
2003
1977
1972
2012
2105
2149
2224
2270
2347
2417
2432
2378
2290
2209
2144
2082
1974
1815
1713
1703
1800
1930
1998
1974
1901
1842
1800
1770
1735
1692
1656
1609
1590
1589
1641
1757
1852
1935
2006
2085
2211
2368
2555
2653
2678
2631
2526
2399
2264
2151
2094
2088
2090
2072
2009
1949
1777
1908
2074
2238
2384
2492
2562
2579
2538
2439
2293
2100
1891
1704
1552
1425
1352
1342
1414
1548
1746
1980
2225
2440
2617
2752
2838
2849
2792
2653
2446
2196
1946
1719
1567
1496
1511
1600
1730
1878
2012
2106
2175
2222
2268
2310
2355
2378
2406
2384
2344
2295
2218
2136
2069
2020
1999
2001
2016
2053
2088
2124
2130
2102
2013
1880
1740
1614
1558
1570
1669
1824
2013
2194
2355
2475
2552
2591
2610
2609
2576
2509
2407
2273
2126
1990
1889
1844
1855
1914
2016
2157
2304
2432
2507
2516
2442
2291
2105
1891
1704
1568
1478
1440
1469
1554
1698
1900
2121
2349
2539
2669
2745
2729
2626
2447
2200
1921
1661
1462
1386
1438
1589
1818
2054
2255
2396
2456
1948
1969
1924
1892
1922
2020
2135
2181
2194
2196
2207
2225
2225
2215
2194
2168
2120
2034
1924
1836
1794
1809
1840
1878
1928
2002
2108
2202
2240
2217
2144
2049
1938
1807
1691
1652
1740
1919
2105
2245
2332
2412
2498
2602
2684
2708
2650
2568
2510
2503
2549
2596
2590
2496
2318
2086
1848
1630
1454
1343
1301
1281
1302
1394
1568
1850
2175
2457
2652
2787
2883
2938
2889
2678
2363
2053
1834
1714
1630
1508
1387
1305
1300
1346
1400
1444
1526
1692
1936
2193
2447
2664
2866
3020
3032
2864
2541
2222
2058
2095
2244
2406
2497
2547
2581
2564
2442
2218
1970
1840
1892
2063
2212
2267
2211
2125
2032
1973
1864
1745
1639
1596
1611
1667
1740
1819
1900
1982
2427
2596
2768
2870
2846
2693
2389
2025
1654
1342
1190
1236
1441
1762
2117
2387
2528
2503
2346
2125
1899
1740
1690
1770
1958
2187
2400
2574
2589
2499
2312
2072
1836
1632
1494
1405
1385
1416
1506
1675
1937
2272
2624
2942
3105
3080
2862
2503
2060
1642
1338
1242
1333
1550
1822
2080
2294
2416
2492
2544
2563
2608
2640
2642
2631
2528
2369
2133
1808
1469
1196
1005
977
1138
1434
1802
2190
2584
2951
3237
3421
3438
3278
2986
2593
2162
1733
1394
1190
1125
1202
1408
1709
2065
2388
2598
2662
2614
2479
2312
2118
1888
1684
1544
1494
1535
1646
1767
1868
1932
1966
2002
2062
2181
2362
2551
2726
2844
2908
2871
2737
2537
2300
2102
1964
1856
1761
1669
2530
2598
2549
2383
2135
1819
1496
1200
961
775
650
598
634
789
1075
1502
2045
2621
3130
3516
3734
3797
3751
3664
3582
3511
3440
3324
3155
2945
2722
2551
2469
2467
2539
2627
2672
2647
2548
2353
2129
1895
1691
1522
1381
1274
1196
1155
1157
1198
1264
1347
1444
1526
1606
1687
1782
1881
1960
1974
1909
1752
1544
1307
1096
945
858
825
849
897
955
1029
1144
1304
1510
1774
2080
2373
2654
2896
3113
3298
3447
3565
3646
3716
3759
3783
3784
3757
3700
3608
3475
3288
3080
2854
2614
2382
2206
2070
1971
1918
1879
1838
1777
1693
1578
1415
1249
1091
945
811
698
648
646
691
822
1008
1247
1497
1772
2030
2260
2459
2623
2727
2770
2730
2820
2466
1985
1449
1071
979
1248
1858
2641
3454
4095
4095
4095
4095
3863
3182
2446
1790
1219
764
377
107
1
66
382
941
1690
2448
3003
3264
3197
2946
2648
2412
2354
2463
2690
2882
2958
2800
2472
2073
1691
1458
1362
1344
1347
1312
1244
1244
1417
1868
2612
3456
4095
4095
4095
3801
2872
1780
792
134
3
3
179
706
1338
1955
2485
2922
3244
3419
3470
3339
3033
2571
1982
1383
936
768
964
1520
2291
3088
3698
3958
3774
3206
2422
1631
1018
698
710
952
1278
1613
1839
1954
2066
2216
2493
2779
3014
3034
2776
2279
1649
1060
741
819
1292
2021
2808
3471
3830
3828
3540
3100
2637
2309
2170
2188
2269
2340
2220
1886
1362
798
