2102
2099
2094
2096
2097
2093
2100
2101
2096
2102
2099
2096
2098
2098
2096
2098
2098
2100
2104
2098
2098
2102
2098
2096
2094
2099
2094
2093
2091
2093
2092
2096
2091
2098
2094
2095
2088
2092
2091
2088
2095
2096
2086
2090
2089
2094
2094
2096
2096
2096
2096
2093
2092
2099
2099
2097
2105
2098
2097
2094
2096
2092
2097
2102
2098
2096
2098
2094
2097
2098
2098
2091
2092
2091
2094
2096
2090
2090
2089
2091
2094
2093
2093
2096
2098
2094
2093
2087
2090
2090
2087
2094
2094
2094
2100
2099
2097
2090
2093
2094
2095
2096
2096
2090
2093
2092
2093
2096
2092
2094
2097
2096
2096
2097
2093
2096
2088
2094
2095
2098
2087
2093
2092
2094
2094
2091
2091
2089
2092
2092
2089
2093
2092
2091
2095
2093
2099
2099
2091
2085
2090
2090
2092
2084
2090
2088
2087
2093
2092
2101
2094
2099
2089
2094
2096
2095
2092
2097
2091
2087
2094
2089
2096
2092
2094
2093
2098
2096
2094
2096
2096
2093
2086
2094
2096
2096
2088
2090
2096
2089
2096
2094
2095
2100
2094
2096
2097
2099
2092
2094
2100
2096
2095
2099
2099
2094
2097
2096
2094
2096
2092
2097
2089
2093
2096
2096
2088
2092
2094
2092
2097
2094
2104
2095
2103
2090
2093
2097
2094
2096
2092
2100
2096
2090
2099
2103
2096
2104
2104
2110
2105
2094
2095
2102
2095
2099
2094
2096
2097
2095
2094
2096
2100
2095
2102
2098
2097
2094
2097
2097
2096
2102
2094
2099
2095
2104
2040
2058
2070
2090
2102
2119
2135
2149
2162
2179
2192
2210
2224
2232
2249
2255
2269
2276
2282
2290
2292
2303
2310
2313
2319
2321
2324
2333
2333
2336
2337
2332
2329
2327
2322
2322
2314
2313
2310
2296
2294
2288
2282
2263
2261
2246
2238
2234
2220
2206
2189
2175
2164
2147
2138
2122
2111
2101
2083
2071
2067
2048
2039
2026
2023
2019
2006
1998
1984
1987
1985
1990
1980
1982
1987
1992
1996
2003
2009
2018
2031
2036
2048
2054
2064
2078
2086
2098
2102
2114
2120
2131
2139
2150
2158
2161
2175
2177
2181
2189
2200
2210
2218
2223
2230
2240
2251
2259
2263
2274
2280
2284
2294
2298
2292
2294
2292
2286
2271
2263
2246
2229
2208
2193
2166
2140
2123
2098
2198
2227
2249
2267
2263
2253
2229
2203
2160
2116
2080
2051
2031
2035
2029
2040
2036
2051
2052
2060
2062
2047
2037
2006
1982
1960
1943
1931
1924
1932
1954
1977
2007
2051
2093
2133
2151
2161
2173
2170
2162
2153
2145
2140
2134
2140
2120
2108
2097
2066
2059
2046
2030
2032
2031
2035
2059
2062
2082
2090
2078
2078
2051
2034
2001
1970
1943
1910
1878
1832
1803
1776
1747
1737
1739
1768
1814
1866
1932
1989
2037
2070
2101
2126
2147
2150
2173
2196
2240
2287
2335
2370
2405
2416
2424
2418
2408
2397
2395
2391
2386
2387
2361
2343
2318
2286
2248
2213
2164
2131
2089
2066
2029
2001
1958
1928
1881
1846
1824
1814
1806
1823
1847
1881
1910
1944
1961
1975
2210
2200
2182
2160
2122
2058
2004
1975
1920
1886
1860
1844
1833
1828
1840
1863
1898
1933
1977
2022
2078
2123
2180
2229
2268
2304
2320
2320
2335
2329
2321
2313
2304
2297
2282
2275
2246
2209
2192
2146
2073
2030
1958
1867
1802
1726
1642
1587
1530
1505
1487
1481
1499
1558
1623
1720
1815
1935
2086
2212
2331
2440
2533
2618
2669
2714
2718
2704
2687
2653
2610
2555
2505
2444
2403
2360
2319
2263
2240
2187
2160
2135
2090
2064
2021
1986
1952
1910
1868
1828
1794
1777
1767
1772
1795
1825
1861
1919
1968
2015
2053
2106
2130
2160
2187
2199
2206
2229
2234
2217
2221
2209
2191
2178
2140
2112
2064
2011
1965
1923
1868
1821
1813
1794
1776
1779
1796
1848
2406
2430
2432
2436
2448
2462
2469
2446
2379
2278
2157
2030
1923
1843
1788
1752
1736
1721
1714
1735
1795
1897
2022
2129
2202
2217
2180
2143
2119
2124
2160
2184
2181
2140
2056
1980
1905
1861
1846
1843
1837
1824
1811
1822
1845
1878
1915
1946
1978
2026
2087
2148
2218
2263
2279
2278
2267
2268
2272
2280
2256
2226
2174
2134
2104
2107
2125
2116
2092
2029
1944
1872
1815
1769
1748
1730
1725
1736
1757
1813
1886
1984
2094
2199
2284
2343
2386
2419
2443
2476
2491
2501
2484
2458
2411
2375
2357
2360
2368
2368
2339
2284
2228
2182
2153
2156
2148
2114
2046
1970
1864
1789
1763
1766
1798
1843
1862
1904
1938
1990
2063
2130
2196
2242
2272
2281
2286
2296
2046
2030
2009
1994
1984
1982
1995
2027
2063
2109
2164
2210
2266
2306
2336
2358
2369
2368
2342
2306
2257
2191
2119
2037
1954
1871
1796
1732
1692
1673
1693
1735
1795
1870
1961
2046
2134
2207
2268
2320
2344
2352
2342
2316
2278
2227
2173
2121
2063
2014
1970
1929
1904
1881
1854
1832
1813
1803
1807
1812
1828
1863
1916
1981
2060
2136
2217
2304
2392
2462
2524
2552
2561
2546
2513
2453
2379
2307
2227
2151
2090
2037
2016
2007
2022
2046
2077
2121
2164
2200
2222
2226
2210
2190
2139
2085
2015
1951
1886
1835
1800
1776
1771
1775
1798
1835
1877
1934
2000
2072
2150
2218
2276
2323
2337
2336
2311
2262
2196
2118
2034
1943
1872
1811
1769
1754
1752
1773
2059
1960
1902
1899
1935
1974
2013
2046
2086
2155
2237
2311
2352
2358
2325
2284
2244
2210
2164
2092
1990
1883
1794
1765
1787
1844
1928
2006
2095
2200
2321
2455
2570
2646
2667
2650
2608
2542
2461
2354
2227
2115
2024
1991
1999
2011
2021
2002
1977
1976
2048
2152
2259
2303
2266
2161
2048
1990
1996
2043
2076
2042
1934
1817
1754
1762
1829
1900
1897
1821
1712
1628
1624
1719
1860
2006
2112
2187
2238
2292
2338
2376
2393
2395
2392
2401
2403
2383
2331
2241
2152
2098
2094
2117
2123
2098
2038
1948
1869
1816
1785
1763
1742
1722
1720
1735
1785
1842
1907
1970
2036
2100
2191
2282
2355
2394
2409
2397
2362
2318
2270
2227
2184
2159
2165
2198
2228
2238
2675
2660
2605
2492
2331
2134
1926
1713
1493
1333
1230
1181
1193
1280
1419
1585
1784
1981
2167
2318
2414
2463
2451
2396
2308
2172
2016
1861
1718
1597
1503
1458
1463
1511
1599
1709
1834
1962
2078
2183
2272
2353
2418
2480
2530
2570
2608
2624
2626
2611
2582
2528
2473
2414
2355
2302
2260
2230
2223
2228
2231
2254
2273
2291
2278
2254
2214
2148
2060
1966
1879
1799
1728
1682
1661
1683
1709
1772
1815
1868
1880
1888
1879
1864
1848
1842
1863
1902
1970
2054
2144
2238
2314
2367
2392
2392
2359
2289
2223
2165
2113
2080
2067
2087
2113
2147
2164
2171
2152
2108
2041
1952
1878
1810
1774
1764
1773
1821
1882
1967
2050
2128
2210
2252
2283
2299
2272
2235
2101
2018
1950
1907
1905
1916
1944
1963
1998
2051
2133
2231
2331
2399
2422
2416
2392
2355
2312
2249
2155
2044
1925
1820
1745
1714
1726
1760
1790
1800
1798
1798
1824
1899
2011
2134
2222
2270
2299
2334
2412
2516
2620
2696
2718
2684
2597
2493
2389
2300
2225
2139
2037
1916
1791
1681
1622
1609
1633
1690
1777
1896
2030
2159
2248
2300
2301
2280
2268
2292
2351
2403
2423
2390
2296
2187
2083
2018
1978
1937
1855
1735
1602
1512
1498
1570
1700
1845
1942
1980
1994
2021
2085
2203
2335
2455
2500
2474
2386
2289
2215
2174
2176
2182
2170
2147
2105
2052
2012
2000
2001
2022
2056
2089
2112
2107
2072
2005
1929
1848
1772
1714
1697
1688
1709
1730
1761
1772
2422
2263
2118
1976
1850
1745
1668
1617
1601
1610
1652
1725
1819
1936
2062
2191
2313
2418
2496
2543
2559
2539
2498
2439
2360
2283
2215
2143
2080
2019
1974
1925
1882
1849
1822
1810
1803
1810
1832
1856
1880
1903
1920
1934
1925
1907
1869
1829
1791
1762
1731
1722
1731
1775
1820
1884
1963
2051
2151
2252
2353
2452
2534
2607
2666
2711
2740
2730
2704
2656
2576
2474
2353
2228
2095
1974
1863
1777
1724
1698
1707
1746
1799
1870
1944
2020
2087
2130
2158
2174
2182
2174
2167
2160
2157
2144
2113
2077
2021
1948
1864
1788
1711
1647
1617
1610
1630
1689
1770
1866
1962
2069
2161
2237
2296
2343
2385
2417
2432
2456
2472
2483
2479
2476
2460
2433
2382
2326
2008
1819
1672
1584
1563
1602
1696
1826
1978
2139
2293
2426
2531
2605
2652
2670
2671
2645
2600
2536
2451
2352
2236
2135
2054
1993
1961
1959
1982
2012
2038
2046
2015
1940
1833
1714
1595
1508
1462
1444
1446
1443
1431
1418
1424
1476
1593
1798
2075
2396
2723
2994
3176
3233
3193
3059
2864
2646
2424
2213
1994
1750
1497
1244
1039
896
873
974
1187
1469
1764
2028
2217
2322
2372
2396
2423
2474
2534
2570
2555
2483
2351
2214
2110
2056
2067
2122
2200
2260
2269
2244
2184
2107
2034
2004
2000
2038
2099
2151
2158
2135
2071
1985
1948
1957
1999
2066
2151
2213
2270
2331
2396
2451
2485
2494
2475
2442
2412
2412
2418
2430
2408
2330
2184
1995
1811
1658
1352
1422
1540
1694
1864
2077
2278
2499
2694
2867
3009
3106
3126
3091
2993
2813
2605
2352
2087
1835
1604
1427
1310
1262
1282
1362
1486
1648
1816
1986
2150
2296
2418
2522
2594
2654
2689
2694
2681
2646
2581
2493
2392
2272
2141
2024
1904
1790
1693
1612
1546
1497
1461
1457
1471
1511
1583
1693
1845
2035
2244
2473
2692
2885
3032
3120
3143
3092
2978
2817
2600
2361
2112
1874
1665
1490
1352
1281
1262
1307
1400
1528
1679
1846
2015
2178
2331
2456
2550
2609
2651
2662
2638
2570
2496
2385
2252
2118
1970
1827
1702
1565
1454
1391
1350
1345
1364
1406
1478
1580
1703
1854
2010
2195
2377
2562
2734
2860
2962
3006
2978
2874
2700
2460
2193
1915
1650
1416
2143
2576
2924
3158
3256
3226
3073
2839
2543
2228
1934
1701
1548
1487
1495
1572
1703
1858
2036
2208
2373
2535
2678
2786
2856
2862
2807
2697
2542
2374
2226
2126
2091
2114
2176
2264
2338
2366
2313
2208
2004
1758
1500
1260
1084
954
911
951
1078
1278
1530
1807
2078
2342
2556
2724
2818
2859
2840
2793
2724
2667
2616
2588
2565
2573
2594
2642
2712
2786
2870
2922
2910
2847
2697
2470
2213
1884
1576
1295
1049
877
772
767
849
983
1166
1373
1595
1798
1962
2084
2161
2200
2229
2261
2326
2433
2584
2754
2921
3062
3158
3207
3208
3182
3140
3065
2959
2789
2502
2159
1738
1250
822
448
209
109
160
305
538
795
1030
1265
1488
1702
1888
2055
2774
2868
2936
2960
2941
2904
2789
2668
2512
2348
2167
1972
1800
1621
1459
1295
1164
1054
962
882
842
821
828
875
956
1085
1244
1449
1672
1923
2187
2445
2693
2913
3109
3241
3330
3364
3343
3262
3159
3005
2816
2606
2402
2198
2013
1815
1658
1526
1425
1358
1320
1308
1333
1393
1469
1588
1714
1861
2035
2216
2396
2595
2774
2941
3084
3196
3253
3297
3272
3203
3070
2902
2690
2459
2180
1914
1646
1410
1209
1029
890
797
736
730
757
822
925
1070
1252
1464
1708
1982
2277
2562
2833
3082
3286
3426
3508
3506
3430
3285
3070
2800
2480
2144
1797
1453
1136
859
646
495
395
369
426
524
702
921
1169
1458
1770
2072
2384
2681
2954
3205
