2091
2077
2082
2085
2087
2092
2091
2078
2085
2098
2082
2093
2090
2088
2106
2092
2092
2080
2083
2096
2093
2088
2065
2084
2081
2080
2090
2077
2088
2081
2080
2071
2102
2084
2092
2113
2104
2100
2088
2088
2081
2112
2086
2083
2074
2096
2101
2094
2085
2088
2093
2101
2097
2090
2101
2098
2100
2080
2107
2102
2095
2102
2119
2093
2088
2086
2105
2093
2098
2095
2099
2074
2114
2083
2081
2104
2102
2101
2105
2118
2091
2098
2109
2106
2098
2100
2100
2087
2102
2106
2116
2114
2100
2122
2130
2119
2097
2106
2102
2112
2114
2118
2125
2126
2134
2113
2118
2116
2110
2122
2130
2140
2128
2127
2117
2125
2116
2136
2131
2111
2110
2122
2122
2136
2120
2115
2129
2127
2088
2086
2086
2089
2107
2095
2091
2101
2091
2092
2095
2088
2093
2086
2092
2092
2090
2096
2097
2110
2108
2110
2097
2107
2096
2106
2108
2104
2112
2104
2098
2110
2105
2111
2111
2107
2106
2108
2106
2107
2112
2106
2104
2102
2112
2118
2115
2106
2118
2112
2116
2114
2114
2111
2109
2112
2105
2120
2104
2110
2113
2117
2121
2122
2112
2112
2114
2105
2111
2109
2114
2086
2090
2088
2084
2086
2091
2095
2086
2088
2091
2090
2077
2084
2086
2083
2068
2075
2069
2054
2046
2066
2052
2049
2050
2051
2064
2062
2060
2064
2053
2058
2049
2059
2069
2064
2068
2058
2067
2063
2061
2065
2064
2070
2072
2073
2074
2075
2081
2075
2074
2081
2086
2087
2083
2087
2080
2080
2152
2160
2163
2167
2166
2166
2170
2163
2168
2157
2155
2146
2139
2132
2116
2094
2084
2066
2049
2040
2022
1997
1988
1973
1959
1944
1942
1928
1918
1916
1902
1904
1907
1912
1916
1923
1926
1950
1958
1987
2014
2041
2072
2105
2147
2182
2215
2248
2281
2295
2306
2320
2318
2306
2298
2274
2248
2228
2193
2162
2137
2096
2063
2038
2006
1985
1963
1947
1926
1926
1916
1920
1930
1933
1954
1960
1976
2001
2017
2040
2059
2072
2093
2103
2112
2110
2114
2118
2118
2118
2113
2119
2112
2098
2100
2109
2120
2122
2126
2142
2158
2165
2163
2170
2177
2160
2165
2146
2148
2127
2133
2124
2112
2104
2089
2072
2067
2054
2061
2064
2058
2073
2068
2070
2081
2095
2102
2115
2097
2084
2057
2040
2013
1982
1964
1993
2048
2145
2248
2339
2409
2458
2479
2482
2469
2418
2360
2273
2168
2051
1915
1810
1726
1696
1718
1775
1872
1968
2034
2068
2082
2118
2194
2290
2367
2426
2456
2461
2439
2378
2270
2116
1947
1797
1719
1696
1704
1708
1688
1686
1735
1863
2047
2242
2382
2459
2456
2434
2405
2374
2330
2267
2201
2129
2078
2032
1985
1944
1902
1881
1905
1983
2099
2214
2292
2312
2316
2325
2349
2374
2367
2325
2262
2190
2127
2029
1900
1758
1682
1669
1699
1717
1710
1712
1769
1870
1967
2022
2050
2107
2192
2268
2292
2254
2203
2206
2237
2269
2286
2267
2257
2210
2142
2035
1932
1860
1810
1776
1768
1786
1848
1926
1998
2054
2090
2127
2079
2184
2261
2296
2292
2242
2167
2078
2004
1950
1941
1972
2040
2115
2177
2207
2192
2150
2097
2040
1990
1962
1965
2008
2072
2144
2195
2210
2167
2074
1961
1857
1779
1751
1778
1843
1949
2089
2221
2327
2376
2369
2300
2198
2083
1974
1904
1882
1907
1964
2046
2120
2175
2193
2192
2150
2098
2047
2024
2040
2090
2159
2207
2223
2192
2136
2064
1998
1944
1917
1959
2038
2168
2296
2382
2389
2318
2179
2010
1847
1727
1687
1726
1822
1942
2052
2106
2112
2080
2016
1975
1962
2008
2101
2227
2361
2450
2481
2441
2347
2212
2088
2010
1993
2022
2082
2122
2154
2158
2116
2076
1998
1918
1864
1864
1911
2015
2138
2252
2331
2370
2359
2296
2198
2100
2019
1981
1975
2449
2586
2682
2641
2530
2416
2275
2103
1983
1927
1894
1879
1912
2025
2078
2012
1953
1960
2014
2065
2115
2154
2214
2282
2358
2378
2357
2265
2115
1902
1777
1699
1622
1622
1781
2008
2226
2395
2533
2593
2549
2398
2235
2091
1955
1805
1709
1751
1893
2052
2220
2352
2437
2438
2351
2165
1942
1825
1789
1762
1750
1856
2077
2285
2421
2461
2436
2305
2116
1922
1807
1790
1863
1967
2063
2131
2137
2108
2060
2015
1952
1848
1794
1842
1884
1858
1875
1977
2103
2167
2189
2225
2242
2189
2096
2059
2107
2188
2196
2190
2202
2216
2164
2037
1925
1901
1977
2068
2150
2255
2346
2365
2349
2352
2332
2270
2182
2078
1938
1844
1820
1852
1909
1943
1960
1992
2127
2333
2344
2296
2180
2011
1820
1706
1704
1812
1990
2175
2327
2391
2354
2211
2033
1870
1802
1859
2037
2252
2392
2410
2276
2095
1959
1916
1973
2088
2208
2271
2255
2178
2099
2023
1973
1945
1967
2013
2069
2102
2135
2192
2252
2305
2312
2285
2262
2276
2296
2278
2177
2014
1861
1758
1741
1809
1896
1956
1964
1931
1894
1880
1916
2013
2159
2294
2372
2400
2376
2308
2225
2163
2137
2150
2191
2230
2246
2237
2214
2166
2144
2172
2225
2260
2250
2236
2198
2120
2023
1931
1857
1842
1929
2089
2244
2292
2197
2052
1928
1880
1889
1924
1955
2007
2100
2180
2201
2102
1955
1844
1804
1793
1778
1755
1791
1915
2108
2264
2335
2318
2202
2011
1809
1668
1638
1699
1832
2006
2342
2181
2077
2057
2078
2101
2121
2204
2300
2338
2282
2165
2060
2052
2155
2270
2320
2240
2092
1995
1976
2058
2202
2319
2340
2184
1960
1719
1593
1616
1771
1956
2124
2225
2281
2296
2283
2189
2041
1893
1809
1835
1958
2117
2280
2393
2431
2340
2168
1960
1792
1770
1872
2034
2167
2260
2331
2385
2410
2357
2210
2020
1876
1828
1906
2063
2239
2369
2409
2358
2265
2172
2129
2124
2176
2262
2336
2378
2328
2200
2024
1848
1746
1749
1912
2178
2447
2637
2678
2568
2345
2082
1850
1707
1672
1752
1910
2089
2238
2307
2251
2101
1929
1795
1778
1878
2079
2302
2478
2526
2438
2205
1884
1552
1333
1320
1514
1845
2209
2501
2662
2659
2527
2317
2103
1948
1903
1946
2809
2666
2430
2136
1822
1551
1441
1539
1712
1816
1938
2171
2326
2252
2095
2091
2106
2024
2030
2240
2409
2342
2234
2237
2193
1923
1732
1878
2068
1958
1663
1548
1626
1759
1998
2419
2784
2796
2424
2018
1757
1677
1723
1797
1867
1962
2061
2136
2200
2314
2469
2534
2369
2010
1646
1554
1823
2192
2328
2260
2222
2152
1962
1922
2172
2425
2440
2405
2407
2374
2479
2833
3031
2711
2120
1722
1492
1248
1172
1494
1951
2159
2181
2248
2395
2514
2632
2749
2738
2541
2219
1888
1577
1429
1500
1711
1872
1908
1937
2106
2360
2479
2382
2173
2060
2109
2202
2136
2057
2024
1900
1582
1329
1412
1770
2045
2134
2183
2252
2277
2329
2392
2358
2102
1786
1589
1384
1184
2023
2445
2803
2935
2776
2389
1948
1618
1502
1632
1960
2385
2770
2978
2928
2635
2201
1803
1559
1508
1603
1741
1859
1939
1980
1992
1966
1910
1875
1923
2030
2159
2247
2273
2263
2248
2233
2219
2201
2223
2273
2323
2316
2214
2046
1848
1704
1637
1692
1873
2144
2442
2682
2804
2774
2617
2389
2179
2048
2011
2089
2227
2340
2324
2145
1852
1591
1459
1508
1750
2078
2396
2592
2575
2358
1994
1640
1423
1427
1608
1868
2088
2188
2166
2059
1928
1836
1811
1864
1997
2162
2315
2431
2492
2504
2470
2370
2220
2036
1829
1661
1557
1552
1648
1835
2060
2257
2405
2457
2430
2321
2175
2061
2042
2145
2313
2486
2584
2584
2488
2314
2111
1953
1890
1917
1973
1990
1964
2271
2476
2680
2802
2742
2511
2293
2163
2014
1879
1927
2206
2520
2700
2710
2586
2330
2028
1830
1798
1852
1850
1831
1904
2114
2339
2405
2264
2089
1981
1896
1737
1544
1394
1321
1250
1233
1434
1839
2210
2363
2434
2593
2769
2776
2589
2387
2274
2235
2212
2224
2279
2335
2340
2337
2267
2138
2045
2085
2167
2241
2345
2484
2538
2428
2238
2149
2208
2282
2312
2344
2424
2580
2712
2694
2509
2264
2061
1800
1440
1191
1242
1550
1860
2032
2134
2243
2357
2414
2335
2156
2012
2005
2131
2278
2348
2296
1999
1503
1094
1063
1357
1672
1876
2178
2676
3108
3142
2753
2135
1573
1249
1261
1503
1813
2165
2575
2852
2826
2532
2204
2000
1852
1725
1651
1724
1940
2259
755
958
1266
1607
1857
1961
2081
2337
2707
2907
2765
2406
2126
2091
2340
2783
3270
3571
3535
3196
2776
2464
2283
2128
1973
1853
1796
1723
1615
1555
1580
1575
1458
1236
1063
1104
1397
1834
2232
2472
2558
2604
2827
3270
3626
3456
2728
1740
1024
837
1122
1570
1946
2170
2301
2422
2590
2697
2668
2630
2726
2993
3200
3160
2819
2270
1600
893
283
1
1
112
758
1736
2868
3809
4095
4095
3990
3393
2548
1790
1422
1510
1876
2208
2189
1768
1150
658
554
751
954
1102
1443
2119
2964
3643
3832
3378
2460
1519
1148
1576
2473
3234
3708
3909
4005
3848
3273
2160
680
2
3
2
757
2102
2968
3227
3001
2525
2123
1892
1767
1803
2152
2764
1880
1175
517
17
2
0
54
418
801
1084
1239
1294
1332
1444
1689
2121
2738
3439
4095
4095
4095
4095
4095
4095
4095
3672
3036
2336
1645
1067
685
540
575
651
669
563
351
144
16
77
392
905
1505
2064
2534
2940
3329
3688
4000
4095
4095
3832
3430
3049
2814
2776
2862
2943
2821
2451
1870
1192
536
40
2
3
1
32
450
1099
1939
2864
3657
4095
4095
3940
3512
3086
2755
2535
2368
2218
2128
2124
2203
2275
2168
1778
1141
445
1
1
222
947
1887
2853
3756
4095
4095
4095
4095
4095
2962
1373
3
1
3
2
1
2
966
2338
3561
4095
4095
4095
4095
3945
3212
2422
1721
1133
695
426
320
407
650
1033
4095
4095
4095
4095
4095
4095
4095
2461
560
1
3
2
1
2
2
3
1
0
415
1686
2890
3947
4095
4095
4095
4095
4095
4095
4095
4095
4095
4095
3688
3176
2616
1905
1045
99
1
0
1
1
1
1
0
2
2
656
1997
3468
4095
4095
4095
4095
4095
4095
4095
4095
3747
2306
913
0
3
1
2
3
1
1
1
1
1404
3012
4095
4095
4095
4095
4095
4095
4095
4095
4095
4095
3542
2791
2080
1439
827
285
4
2
3
3
2
2
2
3
216
1335
2546
3754
4095
4095
4095
4095
4095
4095
4095
4095
4095
4095
4095
2236
3
2
2
2
1
1
2
2
1
1
2
15
1984
4095
4095
4095
1454
1366
1275
1187
1094
1011
925
851
794
735
691
699
700
726
772
871
1013
1144
1338
1574
1860
2134
2457
2786
3127
3481
3820
4095
4095
4095
4095
4095
4095
4095
4095
4095
4095
4095
4095
4095
4095
4095
4095
4095
3827
3424
3011
2587
2208
1844
1467
1139
834
584
344
128
1
3
0
0
2
1
1
1
2
0
0
2
2
67
223
386
558
736
886
1033
1185
1351
1496
1643
1778
1907
2035
2136
2243
2334
2436
2511
2592
2669
2752
2829
2896
2976
3064
3147
3234
3330
3420
3508
3615
3720
3833
3944
4030
4095
4095
4095
4095
4095
4095
4095
4095
4095
4095
4095
4095
4095
4095
4095
4095
4095
4095
4072
3880
3665
3435
3175
