2100
2109
2100
2093
2073
2080
2083
2084
2105
2122
2121
2117
2064
2080
2085
2123
2102
2092
2090
2088
2093
2096
2089
2096
2090
2099
2086
2096
2096
2088
2095
2082
2089
2076
2091
2096
2075
2094
2082
2078
2082
2098
2084
2121
2101
2085
2100
2072
2090
2086
2074
2087
2080
2084
2070
2095
2091
2099
2132
2114
2084
2095
2080
2078
2065
2068
2076
2068
2066
2079
2099
2106
2096
2088
2109
2115
2090
2098
2088
2090
2074
2088
2098
2092
2071
2082
2085
2079
2078
2074
2092
2075
2116
2125
2096
2088
2097
2094
2110
2087
2098
2088
2098
2086
2056
2099
2104
2088
2091
2093
2075
2095
2099
2090
2080
2085
2081
2092
2097
2097
2112
2074
2095
2091
2083
2096
2088
2084
2088
2088
2084
2068
2092
2089
2086
2072
2086
2096
2086
2072
2071
2078
2085
2087
2061
2082
2083
2079
2104
2086
2065
2068
2093
2072
2092
2109
2086
2080
2080
2084
2095
2090
2110
2093
2101
2099
2086
2081
2094
2097
2102
2085
2093
2111
2112
2108
2090
2107
2104
2104
2081
2095
2098
2116
2115
2114
2117
2102
2107
2109
2096
2120
2095
2096
2106
2123
2110
2108
2106
2120
2093
2111
2102
2106
2113
2104
2102
2096
2099
2114
2121
2098
2114
2116
2113
2110
2109
2113
2140
2108
2119
2107
2125
2116
2118
2104
2103
2104
2093
2115
2107
2121
2133
2132
2115
2110
2128
2119
2119
2124
2110
2123
2126
2133
2111
2109
2119
2112
2123
2103
2131
2128
2111
2093
2118
2122
2012
2010
1993
2004
2009
2005
2018
2013
2032
2025
2033
2032
2031
2037
2046
2050
2062
2055
2066
2053
2062
2061
2074
2088
2094
2100
2112
2118
2123
2121
2111
2124
2128
2136
2160
2146
2155
2160
2160
2166
2174
2182
2187
2188
2197
2203
2207
2195
2199
2197
2197
2215
2216
2234
2222
2232
2218
2221
2225
2226
2230
2229
2220
2201
2199
2187
2190
2202
2216
2209
2191
2187
2187
2169
2191
2183
2182
2187
2151
2160
2137
2143
2149
2137
2140
2114
2092
2113
2123
2088
2075
2092
2067
2065
2085
2061
2041
2028
2026
2021
2016
2015
1999
1995
1979
1989
1975
1955
1941
1938
1947
1960
1962
1950
1915
1934
1951
1938
1938
1925
1930
1909
1928
1943
1969
1951
1937
1941
2240
2215
2190
2144
2113
2091
2079
2066
2034
2046
2032
1994
1998
2008
2014
2005
2006
2021
2034
2025
2014
1989
1998
2029
2037
2036
2057
2068
2080
2070
2070
2067
2056
2050
2064
2072
2074
2077
2082
2058
2073
2086
2054
2048
2025
2013
2001
1978
1947
1953
1976
1992
2015
2043
2052
2093
2132
2131
2145
2159
2174
2200
2224
2237
2235
2259
2247
2241
2240
2245
2212
2199
2166
2129
2124
2094
2088
2044
2027
2016
1990
1971
1950
1922
1955
1961
1951
1967
1991
2004
2034
2022
2034
2052
2040
2057
2070
2069
2074
2080
2091
2100
2128
2141
2156
2142
2140
2124
2124
2096
2090
2083
2082
2102
2127
2150
2150
2194
2198
2220
2213
2218
2220
2222
2208
2213
2195
2172
2412
2364
2304
2233
2194
2104
2023
1962
1918
1878
1880
1884
1897
1968
2012
2036
2112
2167
2189
2201
2203
2172
2138
2100
2031
1989
1934
1863
1808
1793
1791
1830
1897
1970
2056
2168
2265
2366
2461
2514
2553
2554
2510
2436
2352
2225
2122
2018
1880
1804
1738
1693
1695
1721
1778
1864
1969
2089
2179
2256
2323
2382
2376
2394
2347
2284
2227
2159
2087
2000
1933
1918
1893
1889
1886
1903
1950
1992
2024
2052
2077
2093
2079
2082
2058
2065
2025
2003
2005
2000
1977
1991
2022
2079
2121
2165
2219
2257
2274
2281
2278
2266
2243
2197
2162
2130
2085
2053
2048
2048
2051
2062
2091
2083
2100
2127
2123
2119
2104
2092
2073
2046
2036
2011
1995
1959
1947
1942
2069
2133
2168
2144
2114
2075
2080
2096
2099
2106
2071
2022
1982
1989
2022
2086
2145
2167
2151
2168
2206
2247
2260
2217
2140
2074
2020
1944
1931
1901
1893
1897
1900
1972
2064
2121
2169
2179
2160
2117
2105
2105
2135
2132
2099
2068
2026
1996
1972
1952
1948
1994
2007
2026
2069
2087
2093
2135
2156
2210
2258
2250
2254
2250
2273
2300
2331
2333
2315
2275
2207
2142
2075
2024
1966
1874
1870
1852
1886
1962
2057
2123
2155
2144
2156
2170
2229
2262
2291
2281
2212
2173
2158
2171
2202
2206
2143
2070
2004
1962
1958
1971
1977
2012
2017
1987
1976
1933
1916
1924
1931
1942
1987
2030
2047
2061
2109
2178
2232
2257
2266
2224
2159
2149
2149
2146
2133
2122
2175
2196
2183
2171
2147
2095
2060
1997
1947
1902
1862
1839
1835
1828
1854
1891
1918
2001
2101
2177
2214
2254
2242
2261
2257
2234
2232
2224
2209
2219
2192
2150
2132
2101
2091
2091
2115
2146
2176
2195
2231
2258
2268
2254
2224
2176
2103
2022
1943
1891
1835
1816
1790
1822
1849
1900
1974
1988
2060
2111
2138
2169
2163
2139
2123
2121
2114
2129
2158
2164
2199
2259
2303
2335
2330
2313
2255
2175
2077
1961
1875
1789
1776
1749
1805
1885
1999
2119
2232
2324
2388
2421
2430
2401
2354
2293
2208
2116
2015
1897
1794
1697
1649
1624
1649
1744
1849
1980
2116
2214
2336
2413
2469
2483
2453
2422
2320
2216
2117
2007
1937
1859
1788
1762
1770
1822
1937
2043
1837
1841
1863
1922
1973
2041
2076
2093
2104
2121
2147
2188
2225
2217
2156
2096
2098
2098
2146
2184
2223
2237
2228
2209
2180
2193
2227
2257
2272
2260
2248
2261
2262
2275
2272
2260
2218
2173
2114
2036
2002
2001
2009
2014
2006
1992
1991
2017
2048
2060
2023
1974
1928
1934
1988
1996
1942
1902
1838
1814
1814
1826
1814
1818
1865
1903
1950
2050
2128
2246
2327
2339
2310
2198
2130
2110
2098
2100
2006
1914
1891
1966
2132
2244
2333
2320
2275
2290
2322
2332
2294
2213
2153
2165
2212
2270
2226
2146
2038
1976
1968
2005
2105
2143
2126
2120
2162
2219
2281
2361
2316
2216
2094
1980
1919
1878
1824
1808
1848
1853
1894
1921
1946
2014
2107
2125
2132
2097
2168
2003
1807
1652
1520
1475
1498
1598
1758
1979
2202
2413
2553
2642
2682
2668
2566
2489
2392
2284
2200
2083
2002
1902
1796
1695
1634
1582
1579
1632
1726
1868
2038
2200
2323
2394
2456
2445
2368
2248
2096
1959
1862
1802
1781
1830
1905
1964
2010
2006
2031
2060
2071
2117
2174
2179
2160
2089
2011
1942
1945
2008
2144
2295
2459
2610
2688
2687
2584
2390
2190
1956
1731
1558
1485
1453
1489
1517
1565
1625
1720
1865
2063
2265
2469
2659
2806
2907
2945
2917
2841
2691
2475
2240
2004
1853
1763
1702
1696
1705
1692
1658
1617
1600
1629
1729
1901
2123
2331
2488
2517
2447
2287
2127
1996
1894
1882
1902
1972
2012
2049
2053
2025
1994
2056
2151
2296
2452
2056
1994
1954
1898
1830
1803
1842
1942
2080
2202
2258
2266
2260
2258
2233
2173
2110
2054
2010
1981
1966
1914
1856
1814
1790
1821
1908
2069
2240
2368
2408
2369
2338
2304
2308
2306
2231
2074
1886
1748
1694
1730
1807
1910
2012
2083
2165
2305
2464
2597
2702
2723
2665
2488
2234
1974
1804
1695
1638
1618
1651
1740
1832
1984
2145
2284
2352
2396
2394
2369
2323
2275
2231
2224
2199
2119
1988
1868
1792
1762
1825
1896
1992
2075
2104
2108
2099
2089
2079
2109
2106
2052
1987
1915
1885
1930
1995
2086
2195
2307
2356
2372
2368
2314
2216
2087
1982
1933
1895
1924
1919
1907
1897
1865
1828
1806
1851
1981
2162
2343
2476
2520
2514
2454
2366
2276
2202
2142
2313
2418
2464
2488
2455
2399
2348
2275
2182
2110
2040
1970
1951
1999
2077
2165
2306
2416
2470
2453
2385
2229
2052
1893
1768
1708
1732
1786
1898
1997
2095
2171
2200
2236
2262
2317
2372
2438
2446
2421
2355
2279
2178
2061
1940
1819
1703
1646
1645
1727
1852
2025
2220
2426
2554
2590
2508
2324
2074
1815
1577
1429
1448
1586
1828
2102
2342
2510
2568
2511
2411
2263
2104
1961
1821
1694
1536
1449
1429
1546
1812
2111
2388
2567
2591
2462
2211
1975
1808
1740
1799
1944
2076
2172
2198
2184
2183
2198
2231
2273
2302
2277
2235
2176
2169
2147
2137
2117
2078
2014
1933
1920
1934
1995
2102
2204
2329
2424
2484
2532
2509
2429
2288
2101
1916
1795
1742
1795
2110
2162
2248
2354
2468
2537
2587
2584
2474
2360
2259
2144
2009
1886
1772
1665
1566
1524
1549
1627
1741
1895
2064
2223
2343
2492
2607
2702
2768
2786
2770
2679
2524
2358
2184
1952
1807
1713
1656
1676
1739
1795
1828
1886
1892
1874
1879
1897
1897
1906
1910
1921
1921
1931
1956
1999
2044
2094
2148
2204
2247
2311
2383
2389
2325
2223
2093
1966
1867
1800
1801
1864
1920
2026
2152
2268
2382
2497
2546
2608
2574
2552
2434
2315
2160
2009
1879
1775
1712
1722
1759
1859
1984
2120
2264
2380
2488
2521
2538
2485
2416
2308
2194
2043
1896
1761
1688
1629
1614
1643
1723
1815
1909
1993
2051
2108
2126
2074
2001
1928
1880
1842
1822
1835
1880
1963
2053
2168
1275
1526
1950
2455
2864
3057
2991
2698
2314
1918
1639
1528
1589
1698
1832
1888
1934
2030
2103
2191
2202
2136
1881
1553
1236
1039
1081
1373
1819
2329
2773
3069
3205
3171
2942
2652
2293
1995
1789
1713
1795
1936
2155
2346
2462
2506
2466
2351
2148
1873
1576
1325
1130
1136
1310
1652
2107
2555
2850
2991
3007
2950
2850
2786
2719
2598
2433
2241
2031
1833
1661
1565
1500
1488
1539
1695
1906
2205
2489
2720
2815
2833
2739
2558
2373
2248
2147
2061
1995
1939
1952
1987
2066
2127
2178
2166
2096
1996
1873
1768
1698
1723
1883
2188
2622
3038
3304
3352
3097
2668
2170
1701
1347
1122
998
981
1101
1340
1726
2162
2540
2739
2650
2343
1937
1636
1485
1598
2431
2638
2757
2789
2718
2560
2255
1898
1495
1099
802
647
649
820
1167
1577
2079
2568
3039
3408
3629
3696
3576
3285
2836
2308
1737
1194
747
494
454
611
973
1441
1990
2554
3013
3352
3544
3600
3458
3145
2724
2214
1677
1185
778
545
463
552
806
1238
1708
2203
2660
2968
3140
3140
2979
2702
2339
1924
1565
1317
1213
1225
1363
1631
1964
2314
2667
2980
3162
3266
3209
3055
2760
2406
2050
1697
1435
1287
1251
1340
1502
1715
1946
2160
2332
2429
2472
2413
2364
2294
2203
2137
2106
2108
2171
2294
2447
2604
2769
2904
2982
3005
2917
2713
2424
2034
1642
1284
1015
859
837
961
1220
1523
1920
2321
2701
2993
3202
3249
3155
2942
2600
2166
2727
2353
1964
1594
1217
865
581
447
485
729
1187
1805
2492
3099
3532
3779
3829
3682
3434
3078
2756
2493
2362
2308
2358
2470
2562
2634
2588
2427
2147
1730
1254
786
359
94
14
160
482
925
1409
1908
2406
2860
3223
3520
3688
3711
3512
3149
2629
2038
1470
1026
781
782
972
1328
1732
2116
2395
2598
2662
2586
2399
2149
1885
1635
1465
1405
1492
1701
1960
2198
2390
2518
2601
2632
2661
2673
2626
2482
2263
2010
1729
1555
1460
1542
1731
1981
2262
2548
2801
2968
3092
3108
3000
2770
2400
1952
1530
1144
887
856
1026
1398
1868
2350
2766
3126
3353
3433
3332
3129
2783
2462
2160
1955
1803
1721
1688
1689
1706
1769
1900
2049
2145
2209
