2106
2089
2094
2095
2094
2086
2085
2078
2078
2069
2074
2074
2070
2061
2061
2059
2052
2043
2038
2039
2035
2038
2028
2028
2031
2020
2022
2025
2015
2018
2020
2024
2000
2008
2014
2004
2013
2013
2002
2002
2010
1992
1987
1992
1995
1989
1991
1991
1983
1992
1991
1992
1979
1984
1989
1986
1984
1996
2001
1996
2002
1998
2004
2006
2010
2001
2011
2014
2011
2011
2022
2011
2015
2022
2015
2026
2024
2032
2045
2039
2046
2043
2046
2054
2059
2056
2056
2062
2062
2065
2066
2082
2080
2083
2089
2089
2089
2096
2098
2096
2091
2099
2106
2109
2098
2106
2101
2108
2112
2110
2111
2109
2107
2114
2112
2116
2113
2116
2115
2111
2117
2114
2118
2118
2116
2117
2123
2115
2270
2315
2308
2309
2334
2337
2326
2301
2300
2289
2288
2224
2188
2165
2151
2114
2083
2060
2049
2020
1986
1971
1964
1935
1976
1992
2011
2020
2024
2044
2032
2059
2056
2043
2102
2103
2162
2142
2132
2105
2128
2125
2124
2134
2096
2099
2089
2086
2055
2025
2017
1956
1971
1944
1991
1994
1997
2002
2027
2040
2014
2044
2050
2052
2038
2059
2108
2105
2120
2132
2146
2155
2171
2207
2217
2230
2280
2230
2307
2286
2293
2282
2280
2252
2224
2253
2197
2200
2184
2182
2122
2122
2055
1989
2000
1960
1949
1969
1921
1920
1944
1939
1922
1937
1962
1944
1948
2006
2036
2037
2024
2076
2079
2052
2088
2071
2091
2071
2071
2089
2089
2097
2110
2099
2106
2098
2122
2135
2156
2147
2120
2081
2048
2031
2046
2054
2031
2052
2149
2237
2308
2265
2162
2035
1966
1964
1909
1925
1988
2096
2250
2263
2208
2075
1940
1814
1784
1805
1826
1899
1973
2059
2140
2103
2081
1992
1920
1948
1996
2120
2240
2307
2320
2248
2154
2082
2050
2016
1996
1953
1915
1954
1902
1895
1863
1933
2084
2308
2390
2393
2374
2337
2334
2338
2327
2189
2006
1888
1824
1816
1862
1923
1948
2013
1973
1899
1850
1865
1946
2152
2320
2404
2456
2471
2424
2352
2191
2010
1844
1789
1728
1731
1736
1687
1666
1789
1974
2205
2391
2575
2648
2723
2694
2598
2403
2200
1987
2012
1996
1935
1853
1646
1528
1594
1842
2030
2151
2247
2264
2206
2221
2181
2196
2270
2320
2314
2110
1919
1774
1712
1724
1807
1975
2126
2228
2314
2315
2217
2168
2072
2040
2038
2094
2177
2240
2282
2259
2154
2002
1869
1770
1755
1754
1825
1870
1956
2019
2041
2050
2042
2039
2032
2079
2119
2134
2149
2104
2043
2007
1979
2028
2094
2173
2220
2246
2213
2155
2080
1961
1911
1866
1858
1872
1940
2009
2067
2107
2120
2134
2161
2171
2218
2252
2240
2275
2278
2278
2224
2164
2080
1941
1846
1794
1774
1832
1960
2043
2171
2206
2226
2158
2102
2040
1986
2016
2084
2176
2263
2309
2293
2208
2076
1950
1839
1864
1931
2027
2048
2071
2042
2003
1940
1902
1921
1966
2061
2156
2288
2306
2228
2139
2049
1998
1975
2011
2113
2207
2290
2340
2360
2258
2137
1972
1862
2059
2085
2051
2294
2587
2557
2408
2322
2239
2081
1973
1934
1865
1712
1828
2050
2176
2201
2256
2153
1958
1813
1798
1815
1843
1996
2088
1984
1903
1908
2060
2193
2334
2399
2250
2010
2018
2191
2204
2086
2014
1999
1994
2112
2435
2542
2306
1920
1794
1651
1564
1647
1844
1848
1828
2028
2379
2571
2524
2427
2352
2290
2222
2140
2088
1974
1889
1976
2218
2434
2440
2341
2144
1886
1756
1883
1941
1882
1863
2036
2260
2318
2280
2222
2114
2050
1993
1950
1925
1905
1865
1972
2178
2275
2299
2288
2200
2033
2008
2123
2148
2051
2064
2158
2245
2260
2309
2264
2079
1988
2044
2171
2197
2190
2192
2067
1924
1844
1747
1812
1958
2052
2195
2404
2479
2336
2216
2143
2100
2015
1944
1915
1958
1953
2075
2128
2210
2250
2217
2083
2010
1939
1878
1992
2133
2295
2449
2513
2483
2407
2209
2001
1819
1780
1768
1790
1880
2017
2073
2142
2130
2128
2124
2153
2167
2095
2101
2067
1976
2007
2046
2120
2193
2255
2209
2150
2032
1931
1925
1983
2118
2225
2327
2301
2172
1981
1756
1658
1747
1898
2040
2199
2359
2384
2330
2264
2153
2080
1990
1863
1811
1847
1950
2132
2237
2387
2405
2353
2149
1890
1677
1594
1611
1797
2048
2258
2315
2248
2024
1806
1707
1744
1875
2029
2188
2280
2190
1974
1809
1769
1808
1983
2248
2452
2603
2608
2448
2304
2082
1977
1978
2063
2182
2202
2146
2057
2024
1964
2008
2134
2207
2313
2375
2372
2263
2223
1965
2212
2348
2442
2400
2180
1896
1784
1796
1961
2219
2359
2377
2244
2222
2298
2192
2077
2077
2227
2196
1944
1712
1752
2072
2318
2313
2369
2468
2493
2289
1944
1766
1719
1756
1867
2019
2107
2105
2161
2173
2159
2120
2017
1914
1912
1924
2000
2217
2616
2829
2682
2297
2052
1946
1870
1721
1649
1846
2204
2424
2359
2213
2221
2211
2087
2118
2372
2445
2171
1974
1938
1945
2046
2031
1902
2005
2264
2454
2377
2268
2206
2088
1975
1970
1969
1891
1864
2008
2091
2079
2117
2250
2315
2270
2318
2369
2351
2211
2078
2145
2109
2079
2039
2135
2392
2586
2567
2274
2003
1861
1872
1910
1855
1742
1714
1887
2074
2085
2019
2123
2195
2053
1822
1781
1920
2015
2146
1890
1964
2148
2382
2565
2612
2497
2228
1853
1550
1369
1409
1714
2204
2717
3021
3015
2733
2290
1882
1586
1508
1577
1770
2007
2173
2220
2173
2073
2005
2016
2029
2074
2117
2152
2188
2211
2207
2171
2074
2022
1993
2098
2235
2365
2448
2403
2177
1837
1516
1307
1260
1375
1549
1729
1904
2074
2229
2298
2279
2166
2022
1906
1880
1946
2171
2487
2796
3000
2960
2673
2233
1812
1484
1388
1501
1779
2087
2345
2449
2408
2236
2052
1928
1907
1929
2016
2144
2340
2575
2766
2756
2486
2084
1755
1608
1699
1896
2092
2179
2176
2136
2113
2069
1974
1860
1804
1886
2100
2340
2496
2592
2623
2599
2472
2212
1927
1702
1702
1889
2098
2252
2365
2436
2404
2331
2137
1858
1059
1466
2018
2480
2731
2804
2680
2376
2077
1983
2102
2337
2590
2718
2730
2690
2464
1931
1209
708
682
1020
1550
2154
2644
2851
2799
2539
2072
1584
1345
1413
1648
2034
2508
2796
2675
2417
2273
2090
1705
1335
1255
1517
1988
2488
2752
2702
2542
2436
2289
2055
2007
2249
2441
2362
2221
2232
2241
2104
1921
1865
1817
1664
1546
1696
2082
2452
2571
2324
1875
1682
1964
2438
2735
2797
2770
2593
2073
1444
1231
1510
1852
1921
1800
1726
1866
2230
2588
2643
2361
2066
2078
2300
2411
2338
2284
2306
2196
1868
1542
1508
1787
2165
2364
2254
1980
1839
1990
2284
2382
2148
1821
1793
2055
2255
2237
2134
2129
2222
2316
2338
2368
2497
2666
2737
2600
2260
880
833
788
728
751
1099
1880
2920
3810
4095
3612
2528
1289
301
1
53
968
2446
3896
4095
4095
4095
3498
2754
2284
2070
2058
2116
2118
1944
1644
1520
1798
2361
2946
3381
3481
3096
2190
965
3
3
59
799
1571
2169
2588
2800
2723
2446
2166
1922
1712
1551
1590
1867
2202
2420
2505
2592
2742
2893
2962
3044
3158
3144
2828
2298
1941
1886
1920
1824
1678
1647
1583
1323
980
909
1206
1496
1518
1576
2078
2822
3220
3135
2944
2796
2403
1537
697
575
1236
1979
2261
2299
2516
2843
2917
2682
2345
2016
1569
907
283
107
520
1264
1914
2364
2808
3260
3456
3324
3183
3331
3547
3343
2760
2319
2239
2189
1939
1782
2007
2290
2062
1270
1
4
2
0
170
2380
4095
4095
4095
4095
3267
1427
2
3
0
1
1076
3426
4095
4095
4095
3749
1657
2
1
1
232
1912
3542
4095
4095
4008
2921
1619
449
1
1
567
1880
3208
3968
3808
2789
1374
214
1
435
1746
3205
4095
4095
3960
2929
1705
643
3
3
539
1555
2664
3489
3806
3525
2746
1764
969
663
948
1633
2388
2916
3018
2715
2194
1737
1614
1922
2490
3011
3196
2922
2275
1513
964
836
1088
1473
1759
1824
1698
1507
1409
1574
2066
2800
3584
4095
4095
3819
2952
1836
763
118
147
821
1856
2872
3576
3774
3395
2476
1294
310
1
448
1583
2948
4060
4095
4095
3224
1903
752
170
283
964
1883
2748
4095
4095
4095
4095
4095
3481
2486
1644
856
114
3
1
2
1
770
1668
2333
2663
2734
2781
2856
2969
3072
3055
2916
2772
2737
2856
3141
3474
3660
3502
2920
2067
1070
96
4
4
1
2
3
2
2
2
50
1705
3480
4095
4095
4095
4095
4095
4095
4095
4095
3612
2900
2178
1545
1018
707
602
793
1252
1820
2388
2867
3191
3418
3598
3843
4086
4095
4095
3968
3633
3258
2901
2529
2076
1382
368
1
3
2
1
2
1
1
1
0
2
372
2188
4095
4095
4095
4095
4095
4095
4095
4095
4095
3603
3174
2902
2677
2436
2126
1802
1406
937
339
3
2
2
2
1
1
1
3
582
2492
4095
4095
4095
4095
4095
64
1775
3713
4095
4095
4095
4095
4095
4095
4095
4095
4095
4095
4095
4095
4095
4095
4095
3959
2208
405
1
3
2
4
3
3
1
1
6
0
2
2
2
3
990
2369
3604
4095
4095
4095
4095
4095
4095
4095
4095
4095
4095
3977
3114
2181
1306
488
1
4
2
2
3
3
3
4
104
987
2074
3196
4095
4095
4095
4095
4095
4095
4095
4095
4095
4095
4095
4095
4095
4095
4045
2554
895
4
2
1
3
1
2
0
1
1
1
3
2
2
0
0
2
1
1018
2886
4095
4095
4095
4095
4095
4095
4095
4095
4095
4095
4095
4095
4095
4095
4095
4095
4095
4095
4095
3518
1742
1
0
0
0
1
2
4095
4095
4095
4095
3959
3779
3600
3413
3218
3010
2810
2592
2378
2171
1938
1718
1497
1286
1098
905
691
517
356
183
51
2
2
2
3
4
3
1
3
3
2
1
2
3
2
2
3
1
4
4
3
2
2
3
2
3
2
1
1
0
3
2
1
0
2
4
1
4
3
1
0
3
1
3
1
2
1
2
2
4
1
3
243
546
838
1152
1445
1731
2035
2320
2596
2852
3106
3356
3582
3808
4015
4095
4095
4095
4095
4095
4095
4095
4095
4095
4095
4095
4095
4095
4095
4095
4095
4095
4095
4095
4095
4095
4095
4095
4095
4095
4095
4095
4095
4095
4095
4095
4095
4095
4095
4095
4095
4095
2808
2818
2848
2844
2844
2870
2870
2872
2879
2900
2907
2902
2915
2914
2908
2901
2897
2888
2875
2876
2864
2846
2841
2830
2814
2798
2790
2782
2774
2762
2747
2728
2722
2718
2704
2702
2687
2676
2674
2656
2643
2635
2615
2608
2595
2581
2564
2543
2534
2517
2500
2483
2468
2460
2439
2427
2407
2388
2373
2364
2342
2323
2310
2288
2264
2244
2225
2217
2198
2177
2151
2140
2120
2099
2084
2073
2055
2036
2018
1990
1970
1953
1928
1908
1889
1872
1855
1830
1810
1803
1772
1767
1743
1737
1728
1713
1710
1699
1688
1672
1668
1660
1641
1643
1632
1622
1608
1599
1590
1580
1561
1549
1544
1538
1532
1528
1526
1522
1522
1512
1515
1512
1510
1505
1492
1494
1496
1487
