2092
2077
2088
2088
2090
2085
2091
2073
2067
2069
2092
2086
2087
2103
2096
2107
2079
2086
2090
2090
2081
2103
2101
2082
2109
2095
2106
2100
2062
2065
2080
2087
2086
2082
2073
2076
2089
2094
2093
2093
2095
2078
2087
2103
2113
2090
2106
2096
2086
2065
2078
2085
2090
2082
2051
2072
2095
2094
2081
2102
2086
2089
2104
2087
2078
2060
2085
2082
2076
2084
2100
2081
2093
2104
2097
2066
2074
2079
2072
2082
2076
2084
2085
2084
2091
2082
2104
2078
2081
2074
2102
2086
2082
2091
2091
2099
2079
2095
2082
2082
2081
2074
2084
2078
2078
2098
2090
2096
2104
2097
2094
2086
2091
2108
2113
2088
2099
2086
2095
2084
2086
2073
2068
2066
2076
2092
2087
2084
2091
2075
2066
2082
2068
2090
2085
2095
2081
2102
2085
2083
2078
2078
2089
2088
2102
2086
2068
2088
2099
2095
2080
2090
2095
2085
2106
2112
2099
2100
2112
2096
2098
2087
2090
2091
2097
2082
2083
2089
2083
2081
2088
2099
2087
2086
2101
2112
2089
2103
2084
2094
2090
2089
2102
2098
2099
2091
2089
2081
2097
2101
2111
2092
2114
2087
2126
2098
2095
2080
2077
2080
2109
2088
2093
2068
2080
2062
2090
2085
2100
2082
2084
2113
2097
2090
2089
2080
2085
2079
2088
2075
2077
2073
2085
2092
2087
2085
2084
2103
2116
2086
2085
2100
2085
2112
2070
2081
2104
2106
2083
2082
2090
2083
2079
2124
2089
2101
2096
2077
2098
2085
2103
2110
2096
2081
2094
2087
2088
2085
2081
2074
2070
2081
2095
2098
2104
2091
2100
2100
2103
2091
2102
2092
2102
2108
2096
2099
2084
2102
2094
2058
2073
2076
2074
2087
2080
2094
2106
2084
2078
2088
2078
2058
2063
2071
2082
2076
2063
2078
2108
2091
2091
2099
2085
2075
2100
2102
2105
2098
2107
2091
2076
2083
2079
2095
2100
2101
2087
2101
2109
2092
2112
2084
2086
2091
2081
2091
2096
2088
2077
2097
2092
2105
2121
2112
2105
2107
2094
2081
2097
2124
2124
2114
2116
2103
2096
2082
2106
2099
2112
2088
2076
2100
2106
2119
2096
2103
2124
2080
2098
2076
2105
2096
2101
2090
2101
2094
2093
2102
2092
2096
2099
2105
2109
2108
2096
2123
2112
2114
2101
2101
2090
2114
2106
2122
1999
2008
2025
2036
2038
2060
2077
2101
2086
2108
2122
2127
2134
2151
2146
2173
2168
2182
2198
2167
2155
2174
2161
2176
2173
2140
2139
2138
2163
2161
2162
2143
2172
2150
2169
2177
2187
2205
2217
2219
2206
2197
2232
2199
2202
2213
2223
2170
2172
2162
2139
2132
2088
2081
2039
2041
2024
2015
2008
2000
2018
1964
1989
1993
2014
1992
2015
2015
2008
2032
2058
2047
2072
2064
2063
2046
2083
2066
2049
2053
2027
2016
2013
2007
2020
2013
2011
1979
1992
2015
2026
2034
2054
2067
2100
2104
2152
2181
2221
2215
2233
2267
2294
2314
2319
2314
2317
2311
2314
2284
2270
2262
2239
2206
2183
2148
2119
2092
2079
2060
2057
2047
2027
2026
2002
1999
2014
1993
1953
1982
2033
2084
2115
2128
2137
2110
2096
2065
2077
2070
2059
2075
2084
2117
2131
2135
2150
2150
2141
2142
2144
2124
2110
2079
2037
2027
1991
1962
1967
1951
1979
1997
2026
2052
2074
2129
2176
2178
2214
2228
2253
2264
2249
2252
2241
2232
2212
2219
2205
2194
2190
2185
2212
2179
2158
2157
2124
2094
2058
2021
1990
1971
1927
1907
1909
1901
1899
1879
1880
1883
1901
1943
1964
1990
2011
2055
2089
2136
2187
2214
2230
2239
2269
2266
2264
2273
2278
2288
2305
2282
2275
2308
2320
2322
2314
2321
2315
2311
2291
2295
2278
2231
2193
2183
2162
2109
2074
2020
1985
1940
1905
1886
1864
1841
1822
1815
1794
1796
1804
1801
1795
1809
1808
1775
1788
1774
1727
1763
1802
1854
1928
1974
2043
2106
2165
2243
2308
2352
2382
2439
2454
2467
2478
2468
2446
2452
2425
2407
2363
2330
2297
2238
2198
2167
2117
2064
2034
2003
1964
1927
1894
1891
1874
1879
1904
1908
1944
1969
2017
2027
2061
2118
2149
2189
2214
2241
2254
2269
2294
2304
2293
2293
2267
2255
2226
2216
2210
2155
2124
2136
2119
2111
2081
2095
2117
2107
2119
2116
2138
2131
2139
2137
2131
2102
2074
2046
2022
2000
1952
1927
1907
1887
1852
1835
1819
1817
1820
1802
1843
1884
1919
1976
1971
2011
2062
2055
2074
2112
2124
2133
2137
2148
2140
2126
2126
2130
2127
2101
2103
2080
2047
2047
2008
2010
2020
2020
2010
2008
1972
1968
1966
1956
1960
1987
2167
2168
2185
2175
2180
2144
2136
2090
2014
1947
1943
1969
1983
2008
2004
1992
1946
1912
1915
1944
1980
2022
2055
2062
2038
2015
1984
1962
1949
1983
1997
2028
2025
1999
1988
1974
1965
1983
1982
1986
2005
2027
2017
2041
2011
2012
2028
2116
2168
2243
2278
2314
2340
2296
2279
2274
2262
2268
2285
2275
2238
2172
2127
2050
1980
1937
1886
1888
1870
1876
1849
1808
1767
1728
1719
1710
1735
1778
1852
1901
1946
1983
2028
2053
2055
2111
2155
2226
2279
2314
2306
2338
2311
2336
2325
2329
2378
2441
2454
2446
2429
2380
2349
2301
2232
2197
2163
2141
2074
2015
1944
1887
1804
1756
1748
1735
1745
1754
1757
1770
1797
1816
1861
1868
1895
1910
1913
1948
1712
1790
1864
1960
2043
2173
2281
2379
2468
2558
2609
2660
2667
2683
2656
2618
2566
2508
2421
2301
2229
2135
2062
1972
1948
1881
1848
1857
1876
1899
1946
1980
2055
2117
2164
2204
2237
2257
2280
2278
2254
2246
2230
2209
2200
2158
2124
2096
2058
2005
1963
1907
1862
1826
1810
1777
1773
1763
1760
1765
1784
1815
1869
1896
1926
1967
1997
2053
2102
2102
2153
2170
2219
2255
2271
2272
2277
2271
2271
2239
2205
2200
2191
2184
2181
2181
2162
2172
2191
2163
2167
2153
2148
2145
2124
2110
2071
2040
2040
2003
2019
1980
1957
1947
1942
1898
1878
1867
1856
1849
1872
1873
1885
1914
1955
1987
2067
2109
2160
2239
2297
2339
2383
2423
2429
2427
2426
2415
1424
1470
1520
1535
1556
1586
1660
1743
1884
2026
2155
2268
2321
2320
2251
2203
2164
2111
2169
2253
2314
2389
2464
2527
2527
2525
2511
2513
2482
2450
2411
2321
2197
2034
1875
1721
1616
1537
1528
1620
1703
1815
1924
2025
2098
2135
2179
2232
2217
2203
2166
2118
2065
1996
1914
1871
1881
1950
2072
2171
2346
2443
2510
2561
2529
2495
2472
2435
2373
2313
2269
2209
2130
2046
2009
1964
1917
1879
1838
1807
1765
1716
1683
1670
1676
1711
1751
1858
1932
2014
2108
2163
2225
2294
2286
2283
2261
2255
2271
2261
2235
2233
2188
2167
2132
2155
2155
2132
2155
2143
2139
2110
2092
2074
2079
2080
2072
2044
1991
1990
1967
1958
1918
1890
1831
1792
1767
1794
1911
1890
1858
1883
1878
1897
1949
1987
2016
2079
2138
2259
2345
2428
2475
2536
2567
2559
2566
2518
2494
2427
2347
2271
2168
2068
1974
1901
1820
1738
1701
1673
1658
1652
1684
1713
1776
1864
1946
2051
2157
2247
2335
2389
2446
2485
2466
2432
2416
2369
2307
2224
2141
2071
2005
1969
1896
1886
1843
1822
1826
1863
1889
1953
1992
2035
2120
2153
2208
2262
2295
2330
2350
2352
2344
2303
2272
2244
2182
2125
2068
2018
1956
1927
1909
1853
1850
1857
1876
1876
1937
1952
2016
2109
2180
2218
2263
2288
2314
2340
2338
2331
2295
2255
2177
2130
2071
1983
1889
1843
1796
1759
1759
1741
1735
1776
1817
1859
1900
1948
2014
2071
2131
2170
2225
2286
2331
2372
2199
2277
2336
2377
2423
2384
2301
2144
1978
1824
1740
1689
1743
1820
1902
1962
1958
1964
1982
2045
2147
2303
2456
2579
2618
2568
2479
2363
2222
2122
2043
2024
2038
2024
2003
1962
1921
1885
1868
1922
1964
2012
2085
2141
2155
2143
2099
2079
2051
2016
1993
1956
1941
1959
1979
2012
2038
2028
2019
2002
2006
2039
2118
2246
2381
2513
2561
2549
2510
2425
2351
2299
2261
2245
2193
2158
2088
2032
1988
1951
1940
1927
1929
1945
2015
2119
2201
2250
2251
2187
2136
2044
1983
1968
1971
1980
1965
1907
1828
1753
1741
1836
1994
2202
2405
2535
2597
2630
2612
2586
2625
2669
2680
2623
2546
2381
2183
2007
1839
1720
1619
1510
1463
1423
1410
1482
1608
1728
1635
1571
1516
1500
1496
1543
1605
1664
1761
1851
1949
2044
2150
2221
2310
2374
2426
2436
2447
2397
2389
2363
2287
2207
2087
1989
1884
1784
1736
1672
1635
1616
1635
1664
1712
1766
1825
1915
2015
2089
2182
2278
2352
2424
2494
2538
2544
2545
2526
2497
2435
2318
2264
2193
2109
2040
1999
1959
1922
1877
1809
1776
1740
1711
1664
1654
1664
1693
1745
1809
1906
1971
2087
2174
2248
2318
2369
2405
2409
2418
2385
2374
2370
2369
2346
2322
2278
2244
2174
2126
2045
1985
1905
1832
1789
1766
1738
1744
1782
1852
1934
2019
2103
2175
2255
2320
2386
2405
2440
2451
2431
2415
2411
2379
2345
2330
2293
2248
2223
2158
2112
2072
2024
2008
1981
1958
1950
1916
1417
1376
1347
1326
1382
1442
1552
1720
1850
2020
2193
2336
2511
2672
2831
2948
3059
3121
3160
3129
3054
2914
2741
2516
2272
2039
1839
1661
1535
1408
1383
1383
1431
1492
1612
1749
1895
2079
2261
2448
2589
2714
2759
2727
2681
2555
2445
2305
2186
2026
1938
1877
1869
1892
1908
1963
2006
2101
2159
2237
2310
2394
2401
2373
2343
2224
2070
1929
1815
1688
1594
1541
1523
1554
1611
1668
1755
1796
1879
1925
1974
2036
2113
2201
2328
2417
2490
2576
2603
2603
2580
2549
2488
2408
2283
2227
2155
2114
2067
2045
2008
2018
2001
1982
1976
1980
1983
1993
2034
2012
2038
2074
2086
2099
2151
2139
2201
2252
2267
2293
2304
2309
2273
2191
2119
2019
1964
1892
2140
2052
1962
1889
1839
1828
1826
1829
1831
1861
1881
1933
1951
1966
1993
2023
2064
2111
2146
2202
2270
2326
2367
2432
2466
2493
2496
2474
2467
2419
2340
2292
2255
2185
2101
2010
1956
1890
1797
1739
1679
1623
1573
1542
1534
1553
1548
1587
1623
1693
1774
1829
1940
2011
2071
2154
2230
2284
2357
2416
2448
2482
2521
2540
2563
2548
2514
2430
2390
2282
2175
2083
1986
1886
1820
1756
1726
1696
1674
1673
1728
1795
1877
1948
2041
2140
2248
2324
2383
2458
2496
2549
2548
2528
2497
2446
2381
2296
2211
2129
2014
1937
1860
1779
1697
1690
1681
1660
1688
1705
1744
1800
1865
1954
2011
2115
2210
2286
2340
2385
2448
2438
2435
2429
2388
2368
2309
2255
1802
1585
1372
1245
1171
1159
1243
1403
1640
1885
2156
2417
2637
2850
2976
3031
3018
2929
2772
2571
2331
2104
1873
1709
1616
1603
1687
1802
1976
2172
2348
2457
2530
2568
2576
2558
2567
2567
2531
2556
2552
2508
2434
2310
2175
1979
1799
1646
1516
1491
1532
1652
1811
1963
2124
2198
2248
2196
2112
1979
1828
1715
1634
1582
1568
1576
1605
1619
1661
1741
1826
1937
2096
2273
2494
2700
2883
3014
3088
3056
2963
2748
2535
2261
1993
1716
1474
1264
1079
935
870
887
944
1068
1228
1433
1624
1788
1895
2024
2096
2163
2249
2327
2443
2557
2630
2672
2674
2617
2540
2424
2325
2294
2293
2320
2373
2409
2387
2304
2199
2062
1926
1826
1749
1705
1689
1651
