2106
2115
2114
2099
2099
2100
2101
2109
2099
2104
2115
2121
2107
2097
2107
2116
2104
2093
2101
2105
2100
2090
2105
2117
2112
2101
2103
2092
2111
2089
2097
2103
2097
2109
2103
2108
2117
2102
2102
2094
2105
2114
2102
2116
2119
2114
2101
2102
2104
2103
2104
2094
2106
2097
2104
2085
2095
2097
2097
2093
2103
2094
2112
2100
2107
2098
2105
2111
2104
2100
2108
2104
2106
2091
2083
2100
2097
2097
2100
2096
2100
2110
2099
2083
2093
2110
2103
2094
2095
2104
2103
2080
2093
2106
2109
2115
2110
2119
2113
2116
2109
2108
2097
2097
2094
2090
2101
2092
2105
2101
2096
2096
2098
2100
2093
2100
2103
2090
2118
2106
2097
2106
2093
2102
2111
2109
2109
2110
2100
2100
2111
2084
2108
2096
2098
2087
2092
2081
2101
2101
2098
2094
2092
2107
2098
2102
2109
2100
2105
2101
2097
2081
2092
2086
2089
2085
2086
2088
2089
2100
2125
2116
2112
2107
2099
2112
2108
2112
2102
2104
2111
2118
2112
2113
2096
2103
2080
2094
2096
2098
2094
2108
2092
2096
2096
2103
2108
2089
2103
2116
2119
2116
2091
2087
2098
2097
2102
2091
2094
2090
2108
2099
2090
2077
2092
2106
2098
2095
2086
2089
2088
2097
2096
2075
2086
2095
2114
2090
2092
2085
2089
2086
2091
2101
2096
2087
2095
2104
2082
2086
2096
2090
2090
2074
2085
2074
2059
2074
2089
2106
2107
2116
2091
2120
2101
2107
2104
2106
2103
2096
2098
2095
2113
2094
2098
2096
1936
1936
1942
1932
1927
1929
1941
1938
1933
1954
1964
1982
1994
1992
2005
2010
2037
2046
2061
2078
2106
2102
2142
2151
2175
2187
2177
2223
2228
2232
2254
2266
2274
2277
2277
2275
2266
2270
2274
2255
2263
2236
2214
2206
2187
2159
2143
2149
2109
2108
2100
2081
2056
2050
2027
2013
2001
2014
2000
1985
1982
1984
1974
1986
1963
1957
1960
1961
1973
1970
1970
1973
1970
1983
1986
1981
1995
2006
2010
2002
2026
2052
2065
2072
2089
2104
2125
2140
2131
2138
2142
2161
2162
2199
2198
2185
2206
2204
2190
2180
2195
2197
2158
2151
2146
2146
2143
2147
2116
2121
2102
2104
2089
2095
2082
2073
2087
2086
2061
2064
2075
2088
2092
2089
2088
2102
2104
2114
2100
2085
2077
2080
2075
2088
2098
2106
2125
2121
2118
2113
2096
2079
2054
2034
2001
1963
1961
1944
1959
1985
1992
2025
2056
2088
2129
2155
2170
2192
2213
2209
2176
2140
2106
2065
2020
2004
1968
1968
1970
2000
2066
2133
2197
2250
2302
2338
2349
2334
2303
2260
2193
2128
2059
2007
1941
1902
1880
1875
1876
1882
1901
1932
1964
1999
2051
2104
2150
2190
2226
2254
2261
2259
2243
2230
2233
2222
2230
2244
2265
2304
2314
2321
2322
2299
2248
2168
2068
1976
1900
1846
1805
1814
1855
1928
2004
2084
2151
2201
2257
2292
2326
2335
2353
2351
2330
2291
2259
2217
2171
2120
2079
2038
1992
1956
1903
1873
1823
1787
1769
1780
1812
1865
1959
2037
2123
2198
1924
1934
1927
1952
1961
2004
2083
2169
2249
2267
2263
2270
2299
2307
2283
2251
2232
2197
2128
2056
2009
2017
2021
1964
1877
1806
1843
1977
2151
2294
2342
2321
2251
2252
2216
2126
1963
1864
1884
1967
2039
2064
2025
2065
2152
2234
2261
2244
2179
2126
2040
1988
1972
1976
2007
2040
2037
2003
1979
1969
1976
2037
2135
2259
2334
2318
2210
2098
2047
2056
2109
2118
2109
2075
2040
2000
1980
1999
2034
2061
2115
2152
2160
2138
2112
2141
2214
2291
2327
2244
2141
2023
2007
2039
2089
2065
2009
1983
2084
2227
2339
2357
2292
2222
2161
2122
2094
2089
2100
2095
2030
1986
2012
2059
2127
2195
2250
2254
2234
2186
2163
2118
2041
1943
1852
1816
1887
1996
1941
1999
2086
2124
2076
2040
2008
2058
2180
2275
2325
2301
2214
2066
1912
1782
1755
1820
1917
2011
2149
2227
2276
2338
2326
2280
2169
2024
1866
1733
1740
1811
2000
2190
2297
2288
2188
2076
2056
2160
2291
2386
2363
2214
2035
1880
1824
1865
1937
2008
2042
2016
1986
2018
2141
2260
2296
2235
2153
2128
2168
2196
2112
1973
1805
1780
1892
2116
2255
2291
2229
2131
2052
2013
1963
1964
1996
2079
2153
2168
2155
2129
2160
2284
2458
2535
2516
2350
2142
2008
1989
2050
2128
2166
2141
2141
2177
2228
2216
2167
2101
2075
2087
2124
2144
2147
2144
2138
2103
2016
1962
1934
2006
2121
2193
2204
2104
1972
1816
1696
1669
1762
1909
2103
2253
2320
2268
2204
2155
2081
1978
1879
1850
1890
1993
2116
2221
2318
2426
2515
2568
2532
2411
2204
1964
1761
1650
1649
1747
1885
2033
2162
2261
2328
2332
2273
2187
2110
2049
2013
1985
1981
2003
2076
2200
2330
2374
2314
2180
2028
1912
1857
1843
1837
1858
1941
2088
2271
2424
2472
2424
2304
2164
2072
2031
2031
2039
2053
2074
2061
2027
1977
1908
1843
1824
1870
1974
2113
2249
2341
2356
2310
2183
2034
1918
1855
1863
1935
2052
2168
2244
2256
2226
2134
2018
1916
1865
1890
1972
2096
2224
2338
2411
2440
2403
2265
2111
1936
1847
1864
1981
2161
2343
2474
2525
2466
2339
2124
1903
1736
1659
1682
1775
1915
2062
2178
2232
2220
2136
2015
1892
1828
1842
1945
2096
2251
2091
2192
2331
2505
2531
2316
1976
1695
1558
1462
1466
1684
2079
2384
2432
2327
2283
2302
2232
2113
1988
1884
1792
1666
1587
1670
1913
2142
2237
2208
2190
2184
2144
2091
2086
2186
2338
2396
2309
2199
2167
2246
2320
2347
2244
2090
1968
1961
2048
2173
2280
2371
2418
2358
2234
2096
2029
2082
2126
2039
1910
1840
1846
1907
2044
2305
2520
2445
2104
1803
1751
1819
1872
1918
2034
2190
2346
2472
2484
2361
2219
2077
1872
1659
1604
1779
2019
2159
2169
2074
2010
2025
2103
2066
1863
1715
1741
1856
1900
1962
2116
2261
2263
2174
2088
1983
1939
1972
2054
2030
1912
1861
1934
2057
2154
2282
2391
2382
2313
2196
2064
1924
1893
1970
2051
2130
2256
2407
1790
1745
1784
1865
1968
2071
2156
2215
2220
2206
2196
2199
2187
2148
2063
1964
1915
1934
1980
2054
2150
2221
2240
2194
2093
2018
2007
2053
2152
2247
2340
2404
2429
2420
2346
2239
2129
2068
2028
2012
1970
1945
1930
1950
2012
2118
2246
2354
2398
2356
2207
2010
1835
1734
1763
1916
2130
2348
2489
2502
2360
2124
1881
1685
1630
1710
1917
2174
2376
2466
2438
2318
2132
1961
1853
1832
1896
2017
2130
2209
2244
2253
2254
2243
2231
2203
2152
2071
1989
1908
1876
1888
1961
2064
2155
2206
2203
2158
2126
2091
2067
2058
2069
2108
2143
2125
2072
2002
1948
1909
1910
1929
1960
2025
2110
2197
2249
2242
2179
2066
1920
1798
1752
1793
1925
2104
2267
2344
1839
1906
2047
2100
2120
2256
2342
2197
1936
1771
1761
1782
1850
1966
2079
2168
2298
2429
2427
2320
2180
2070
2013
1970
1924
1866
1857
1968
2216
2496
2614
2541
2385
2217
2096
2001
1876
1764
1757
1951
2223
2398
2486
2506
2407
2245
2065
1922
1794
1725
1730
1806
1990
2266
2469
2523
2468
2336
2103
1783
1557
1543
1643
1793
1904
2018
2160
2194
2067
1874
1813
1856
1835
1885
2144
2533
2848
2989
2952
2756
2489
2180
1809
1490
1351
1408
1520
1640
1831
2089
2323
2463
2402
2174
1934
1787
1694
1678
1845
2201
2605
2844
2844
2646
2368
2095
1828
1602
1517
1732
2083
2284
2304
2337
2455
2535
2466
2320
2169
2008
1799
1588
1416
1507
1875
2241
2363
2298
2051
1924
2030
2351
2679
2784
2551
2107
1709
1576
1727
1957
2025
1906
1734
1657
1715
1840
2012
2212
2428
2570
2554
2405
2234
2148
2188
2294
2320
2223
2039
1862
1740
1659
1578
1517
1543
1697
1885
2031
2026
1906
1750
1724
1833
2005
2190
2368
2509
2622
2719
2825
2897
2857
2577
2024
1341
804
645
924
1508
2134
2564
2620
2388
2119
2040
2220
2480
2589
2481
2318
2243
2300
2410
2452
2403
2318
2171
1909
1520
1138
906
885
1016
1216
1519
2011
2607
3057
3158
2995
2836
2791
2818
2784
2592
2322
2111
1983
1848
1694
1640
1809
2124
2293
2164
1892
1727
1757
1924
2119
2282
2479
2766
3075
3241
3224
3030
2675
2140
1592
1271
1267
1443
1541
1456
1309
1917
2381
2866
3172
3169
2818
2228
1584
1052
777
804
1126
1674
2305
2846
3162
3168
2870
2410
1914
1550
1411
1483
1655
1841
1989
2104
2200
2222
2118
1919
1616
1320
1113
1045
1152
1429
1840
2304
2728
2982
3020
2792
2401
1974
1654
1533
1624
1857
2094
2236
2228
2094
1909
1774
1756
1865
2072
2290
2454
2491
2422
2277
2127
2040
2068
2213
2408
2554
2576
2448
2217
1976
1803
1745
1803
1961
2155
2346
2500
2622
2725
2816
2831
2728
2482
2117
1715
1379
1237
1335
1646
2093
2560
2936
3090
2947
2534
1951
1363
945
813
995
1396
1900
2334
2582
2574
2337
1938
1528
1264
1272
1549
2031
2572
3020
3281
3282
3038
2608
2100
1674
1422
1409
1592
1861
2116
2552
2636
2528
2210
1746
1253
833
584
624
1018
1760
2673
3460
3859
3772
3288
2658
2112
1712
1479
1492
1777
2238
2623
2673
2412
2056
1796
1757
1908
2167
2527
2927
3117
2840
2134
1310
752
664
993
1568
2223
2930
3586
3910
3639
2894
2093
1636
1621
1800
1843
1717
1633
1735
1859
1746
1471
1434
1944
2864
3626
3750
3252
2549
2039
1801
1653
1499
1506
1912
2578
3086
3112
2679
2158
1946
2148
2551
2969
3169
2902
2192
1191
149
1
3
1
915
2272
3541
4095
4095
3966
2978
1970
1354
1246
1481
1781
1984
2036
1894
1515
1002
600
621
1217
2187
3050
3434
3275
2834
2358
1876
1410
1114
1238
1779
2377
2630
2444
2058
1734
1517
1294
1119
1225
3483
1852
396
1
3
1
432
1736
3040
4044
4095
4095
3924
3025
1985
1059
452
238
426
906
1536
2176
2749
3207
3476
3518
3368
3000
2523
1998
1506
1092
780
626
648
883
1338
1950
2641
3261
3688
3812
3622
3195
2616
1920
1283
769
463
475
810
1411
2169
2909
3443
3602
3353
2767
1996
1215
555
173
149
556
1303
2257
3253
4093
4095
4095
4095
3337
2221
1060
37
1
1
4
70
1083
2363
3597
4095
4095
4095
4095
4039
2961
1729
646
2
3
2
3
504
1450
2436
3295
3892
4095
4095
3740
3200
2586
1959
1371
892
586
536
708
1060
1463
1784
2047
2232
2383
2570
2779
2964
3057
3060
2963
2776
2523
2243
1952
1676
1393
3
2
1
3
116
1318
2643
3904
4095
4095
4095
4095
4095
4095
4095
4095
4095
3412
1940
456
1
2
1
1
3
1
3
1
2
545
2543
4095
4095
4095
4095
4095
4095
4095
4095
4095
4095
2905
1029
2
2
2
2
3
2
2
0
2
389
1948
3446
4095
4095
4095
4095
4095
4095
4095
4095
3633
2550
1605
867
376
145
153
322
642
1021
1459
1899
2351
2745
3018
3107
3009
2784
2409
1934
1434
899
437
81
2
2
2
16
464
1113
1916
2823
3769
4095
4095
4095
4095
4095
4095
4095
4095
3860
2850
1850
944
204
2
3
2
2
2
3
255
898
1591
2259
2806
3180
3338
3284
3082
2804
2556
2399
2421
