2089
2107
2117
2074
2106
2082
2083
2116
2066
2084
2072
2076
2066
2083
2078
2086
2075
2088
2073
2103
2085
2098
2097
2073
2064
2107
2075
2099
2118
2104
2098
2082
2081
2059
2088
2081
2086
2071
2071
2072
2064
2045
2064
2046
2087
2054
2098
2080
2091
2088
2088
2077
2080
2113
2100
2108
2108
2096
2075
2053
2074
2074
2092
2045
2090
2100
2096
2087
2084
2105
2103
2092
2106
2079
2073
2073
2090
2068
2066
2088
2111
2122
2129
2110
2097
2088
2095
2070
2076
2092
2082
2118
2105
2075
2109
2073
2093
2112
2128
2102
2112
2081
2073
2071
2105
2121
2106
2095
2096
2082
2105
2100
2085
2105
2092
2078
2084
2120
2109
2097
2070
2105
2103
2125
2074
2093
2088
2092
2107
2108
2098
2090
2100
2111
2109
2114
2124
2117
2115
2110
2108
2108
2120
2116
2100
2111
2095
2104
2113
2107
2089
2096
2083
2104
2090
2115
2104
2093
2097
2095
2113
2088
2083
2070
2100
2104
2098
2092
2095
2106
2084
2112
2120
2111
2095
2103
2091
2097
2085
2089
2114
2088
2096
2090
2086
2109
2101
2095
2074
2096
2090
2070
2085
2088
2105
2111
2116
2107
2090
2109
2095
2099
2087
2099
2088
2076
2084
2093
2086
2090
2097
2109
2109
2091
2101
2107
2094
2108
2087
2094
2096
2098
2106
2093
2096
2089
2089
2084
2098
2097
2076
2090
2095
2096
2088
2107
2109
2104
2096
2084
2089
2106
2116
2105
2094
2098
2115
2108
2086
2088
2095
2100
2099
2087
2064
2095
2110
2109
2111
2096
2089
2096
2083
2091
2088
2101
2081
2099
2088
2072
2068
2100
2114
2122
2114
2105
2109
2122
2110
2086
2084
2096
2092
2099
2099
2101
2106
2104
2098
2101
2088
2100
2090
2102
2093
2110
2092
2094
2100
2110
2102
2093
2120
2111
2107
2107
2100
2103
2096
2110
2091
2115
2116
2113
2103
2101
2105
2103
2087
2086
2098
2080
2078
2095
2093
2094
2098
2109
2096
2099
2096
2081
2096
2091
2105
2093
2103
2089
2090
2108
2114
2104
2097
2102
2089
2092
2106
2096
2114
2103
2114
2120
2115
2115
2099
2104
2091
2096
2105
2122
2108
2088
2097
2088
2094
2098
2100
2099
2100
2087
2098
2105
2106
2099
2105
2102
2096
2093
2085
2085
2116
2089
2095
2087
2051
2040
2036
2056
2029
2027
2047
2060
2054
2096
2080
2056
2074
2099
2100
2114
2092
2101
2101
2106
2104
2118
2141
2154
2117
2121
2115
2123
2141
2137
2127
2118
2117
2108
2126
2104
2084
2089
2100
2087
2090
2065
2078
2056
2028
2066
2049
2015
2030
2035
2044
2051
2035
2029
2021
2032
2010
2026
2031
2037
2032
2044
2080
2070
2076
2090
2081
2113
2110
2092
2107
2112
2111
2123
2131
2136
2149
2154
2133
2146
2147
2136
2138
2168
2133
2127
2136
2134
2123
2118
2107
2098
2082
2085
2091
2096
2106
2111
2091
2108
2110
2127
2121
2114
2093
2097
2091
2104
2108
2135
2129
2138
2123
2108
2116
2104
2118
2105
2103
2085
2103
2113
2092
2074
2072
2064
2073
2090
2077
2067
2123
2094
2057
2052
2021
1994
1991
1955
2014
2057
2092
2134
2149
2152
2125
2123
2100
2073
2103
2121
2145
2174
2195
2231
2262
2231
2186
2144
2097
2031
1991
2013
1988
1983
2014
1983
1996
2009
2026
2024
2020
2016
2012
2016
2044
2046
2033
1994
1983
1981
1982
1992
2036
2096
2155
2210
2234
2289
2285
2267
2233
2196
2155
2104
2049
2012
1981
1953
1951
1962
2008
2038
2053
2069
2105
2115
2090
2111
2143
2177
2181
2210
2213
2247
2258
2205
2153
2160
2119
2123
2102
2096
2096
2070
2067
2041
2022
1999
2059
2044
2062
2072
2095
2062
2036
2031
1989
2029
2047
2151
2184
2255
2314
2300
2257
2185
2100
2020
1964
1944
1946
2041
2088
2086
2112
2109
2036
2039
2077
2122
2164
2165
2155
2168
2206
2210
2266
2303
2296
2267
2187
2118
2024
1969
1906
1872
1864
1870
1937
2028
2088
2137
2184
2224
2215
2235
2240
2217
2162
2109
2053
2031
1985
1943
1971
1984
2054
2134
2187
2137
2108
2087
2042
2053
2107
2116
2115
2148
2150
2138
2163
2123
2095
2096
2125
2186
2260
2259
2240
2126
2092
2095
2023
1956
1944
1933
1971
2041
2123
2199
2189
2215
2224
2183
2127
2080
2026
1972
1925
1931
1962
2050
2133
2212
2232
2288
2245
2283
2219
2144
2065
1984
1889
1857
1861
1847
1880
1909
1983
2041
2164
2250
2277
2262
2255
2190
2168
2075
2040
1994
2011
2043
2068
2118
2160
2189
2156
2120
2092
2079
2068
2031
2052
2007
2149
2222
2295
2333
2257
2092
1967
1858
1915
1965
2076
2142
2179
2191
2189
2121
2057
2023
1999
2062
2096
2102
2085
2078
2077
2066
2053
2093
2108
2115
2049
2019
1967
1982
2065
2090
2115
2169
2270
2393
2420
2326
2101
1980
1884
1888
1939
2019
2062
2069
2141
2232
2268
2356
2361
2267
2136
2007
1936
1976
2040
2108
2108
2128
2092
2062
2024
2034
2142
2250
2290
2144
1980
1874
1912
2068
2248
2287
2335
2318
2315
2243
2188
2136
2062
2032
1933
1938
1986
2083
2178
2190
2089
2059
2059
2083
2083
2148
2091
2003
1901
1843
1849
1967
2059
2101
2107
2111
2105
2035
1911
1784
1731
1767
1760
1839
1955
2071
2164
2164
2182
2319
2411
2368
2264
2133
1941
1834
2285
2188
2090
2000
1940
1908
1904
1941
2072
2191
2353
2411
2367
2234
2106
1991
1903
1848
1880
1949
2043
2129
2247
2295
2241
2129
2015
1895
1839
1800
1824
1989
2081
2204
2255
2288
2248
2155
2094
2040
1999
2019
2053
2111
2223
2261
2243
2243
2150
2008
1912
1839
1809
1899
1982
2124
2218
2306
2308
2254
2177
2092
2004
1939
1923
1939
1982
2054
2145
2199
2196
2186
2204
2177
2128
2111
2100
2113
2141
2095
2041
2003
1961
1918
1965
1995
2091
2175
2238
2309
2375
2342
2238
2088
1984
1877
1842
1852
1924
2010
2191
2294
2388
2352
2288
2216
2037
1908
1837
1812
1847
1963
2087
2190
2304
2393
2327
2268
2204
2135
2067
2099
2081
2123
2130
2160
2133
2087
1911
1943
2086
2326
2352
2276
2152
2080
1979
1850
1840
1902
1811
1839
1955
2119
2260
2321
2303
2222
2204
2210
2146
1966
1950
2078
2171
2161
2200
2237
2215
2094
1983
1879
1846
1926
2139
2294
2332
2285
2281
2148
1993
1920
1944
1993
2116
2199
2200
2177
2194
2153
2099
1989
1982
2056
2045
2027
2056
2158
2227
2211
2136
2108
2135
2196
2134
2053
2078
2045
2033
2096
2196
2243
2176
2097
2011
1913
1882
1869
1987
2138
2181
2088
2102
2142
2164
2175
2058
1957
1870
1915
1926
2051
2112
2186
2210
2215
2237
2117
1995
2012
2124
2068
1972
1929
1999
2101
2173
2150
2124
2092
2038
1958
1808
1811
1923
2046
2158
2278
2288
2231
2227
2323
2372
2271
2133
2051
1880
1721
1758
1869
2048
2188
2289
2272
2139
1987
1858
1825
1897
2035
2202
2307
2354
2348
2215
2025
1914
1876
1884
1965
2095
2177
2212
2206
2172
2087
2042
1954
1879
1919
1948
1985
2099
2203
2220
2284
2339
2363
2363
2319
2171
2027
1902
1781
1763
1816
1943
2128
2276
2374
2407
2352
2209
2028
1902
1837
1843
1895
2063
2213
2299
2304
2228
2095
1985
1946
1939
2049
2152
2321
2451
2535
2463
2303
2104
1885
1744
1681
1749
1956
2166
2368
2454
2408
2260
2037
1866
1783
1747
1863
2077
2204
2307
2316
2194
1994
1811
1699
1667
1740
1919
2102
2243
2336
2387
2388
2375
2290
2179
2055
1936
1884
1886
1965
2018
2116
2224
2351
2458
2471
2455
2342
2168
1987
1993
2118
2205
2238
2231
2140
2076
1975
1861
1839
1864
1974
2026
2185
2388
2460
2373
2231
2166
2151
2071
1985
1924
1913
1943
1973
2001
2131
2301
2321
2138
1997
1966
1993
1994
2093
2262
2387
2382
2265
2089
1964
1932
1944
2007
2038
2096
2170
2234
2264
2240
2302
2303
2158
1871
1571
1454
1612
1908
2160
2342
2475
2478
2260
1924
1681
1688
1792
1725
1637
1716
1981
2287
2480
2463
2382
2262
2137
1972
1930
2038
2132
2202
2186
2249
2292
2296
2311
2251
2148
2081
2108
2152
2210
2121
1883
1647
1591
1737
1996
2125
2089
2074
2128
2230
2262
2239
2071
1845
1702
1712
1818
1888
1931
1959
2097
2302
2471
2481
2352
2288
2343
2365
2313
2177
2075
1999
1986
1856
1672
1642
1782
2007
2157
2211
2224
2238
2211
2113
1958
1774
1658
1616
1639
1724
1914
2305
2736
3067
3114
2827
2290
1848
1550
1507
1606
1783
2071
2394
2608
2617
2407
2187
2018
1954
1901
1809
1694
1686
1801
1999
2174
2396
2713
3033
3199
3067
2618
1956
1440
1196
1278
1507
1781
1975
2087
2124
2186
2326
2453
2403
2088
1636
1278
1323
1701
2233
2575
2660
2685
2811
3024
3135
3080
2716
2145
1500
958
644
588
716
970
1256
1617
2006
2438
2710
2755
2630
2488
2349
2276
2241
2085
1874
1640
1600
1684
1903
2118
2202
2136
1940
1721
1650
1771
2003
2190
2309
2226
2111
2018
2097
2308
2547
2674
2663
2495
2177
1800
1495
1370
1478
1744
1954
2014
2075
1943
1876
1873
1993
2159
2317
2380
2394
2325
2205
1998
1812
1670
1642
1795
2010
2235
2368
2348
2213
2056
1924
1904
1968
2087
2146
2193
2134
2032
1907
1749
1636
1668
1805
2037
2282
2509
2634
2707
2672
2547
2330
2044
1766
1504
1379
1355
1463
1715
2111
2502
2799
2916
2787
2492
2113
1769
1552
1473
1607
1882
2178
2433
2572
2570
2424
2254
2058
1957
1916
1966
2027
2133
2236
2318
2376
2380
2301
2185
1950
1739
1573
1484
1556
1756
2049
2304
2516
2572
2497
2309
2007
1732
1539
1513
1676
1948
2285
2497
2496
2272
1932
1619
1445
1494
1813
2338
2823
3198
3299
3076
2564
1863
1170
775
805
1227
1960
2744
3411
3680
3516
2878
2006
1072
446
252
1791
2046
2323
2528
2738
3162
3683
3880
3464
2569
1602
994
784
744
703
818
1335
2169
2888
3094
2788
2357
2082
2040
2081
2119
2162
2270
2359
2319
2067
1675
1370
1187
1085
1161
1462
2004
2599
3059
3191
3036
2818
2678
2508
2232
1928
1742
1705
1700
1587
1295
1080
1187
1616
2143
2552
2826
3200
3561
3653
3212
2373
1493
929
830
984
1284
1712
2245
2772
3076
3002
2596
2087
1708
1579
1710
1923
2160
2415
2526
2365
2012
1616
1326
1251
1442
1860
2313
2664
2773
2637
2388
2191
2218
2320
2397
2511
2676
2848
2884
2618
1977
1155
547
415
775
1346
1884
2371
2754
3017
3070
2788
2394
2103
2014
2065
2181
2248
2244
2128
1794
1327
961
1043
1527
982
326
131
404
1052
1815
2481
2964
3181
3130
2900
2578
2218
1871
1639
1618
1726
1957
2235
2459
2529
2423
2128
1752
1448
1293
1348
1705
2194
2745
3221
3489
3507
3270
2779
2152
1500
951
598
514
701
1128
1698
2349
2936
3371
3565
3466
3080
2499
1902
1441
1206
1211
1435
1779
2167
2476
2714
2814
2726
2477
2046
1549
1128
891
933
1232
1661
2222
2745
3116
3271
3191
2846
2295
1657
1075
692
596
842
1344
1994
2706
3286
3721
3860
3716
3270
2583
1731
887
245
0
37
483
1175
1931
2630
3161
3417
3390
3092
2626
2071
1510
1077
778
745
939
1403
2012
2702
3302
3697
3776
3521
2954
2203
1465
845
481
403
654
1149
1896
2756
3508
