2104
2089
2105
2114
2130
2125
2116
2103
2108
2094
2092
2074
2094
2114
2092
2099
2107
2118
2092
2093
2087
2097
2096
2088
2110
2091
2103
2115
2130
2114
2112
2077
2132
2126
2089
2082
2099
2102
2112
2125
2123
2075
2100
2101
2097
2091
2068
2098
2077
2075
2074
2060
2085
2075
2069
2067
2096
2070
2075
2066
2051
2063
2078
2094
2104
2115
2103
2107
2107
2104
2116
2085
2074
2082
2091
2100
2079
2079
2137
2085
2095
2103
2095
2106
2107
2114
2115
2091
2102
2078
2071
2098
2097
2099
2105
2095
2057
2088
2093
2082
2069
2106
2089
2132
2083
2075
2055
2090
2093
2071
2060
2060
2048
2075
2104
2089
2104
2102
2106
2108
2125
2106
2116
2096
2104
2107
2103
2073
2097
2123
2108
2123
2120
2118
2103
2108
2112
2102
2106
2116
2127
2127
2104
2107
2134
2141
2129
2124
2109
2118
2104
2108
2121
2117
2108
2110
2109
2110
2110
2102
2094
2114
2111
2113
2096
2104
2104
2094
2126
2113
2107
2099
2106
2113
2120
2119
2123
2090
2106
2087
2090
2080
2098
2094
2098
2109
2101
2115
2084
2114
2101
2100
2104
2106
2106
2133
2102
2097
2120
2108
2109
2101
2110
2087
2107
2086
2084
2103
2107
2107
2091
2118
2099
2097
2116
2099
2105
2103
2117
2108
2112
2079
2090
2070
2088
2091
2099
2092
2091
2115
2106
2107
2103
2105
2094
2107
2122
2111
2098
2093
2098
2085
2083
2090
2091
2089
2102
2102
2096
2102
2113
2102
2077
2081
2085
2100
1991
1998
2009
2009
2022
2029
2037
2044
2046
2066
2076
2067
2085
2082
2086
2089
2081
2080
2064
2052
2057
2046
2033
2013
2006
1998
1991
1982
1975
1954
1961
1949
1935
1947
1943
1947
1954
1947
1958
1976
1989
1994
2010
2018
2037
2037
2047
2061
2083
2093
2108
2114
2148
2143
2156
2171
2179
2178
2190
2192
2206
2200
2206
2204
2202
2206
2214
2195
2192
2199
2194
2190
2180
2171
2178
2160
2164
2161
2152
2142
2142
2143
2153
2142
2144
2125
2138
2144
2144
2130
2131
2132
2148
2144
2141
2140
2139
2141
2121
2102
2114
2104
2107
2091
2094
2070
2068
2062
2054
2048
2042
2028
2016
2007
2009
1995
2008
1997
2005
1998
1999
1992
2008
2017
2010
2028
2029
2032
2156
2168
2162
2134
2099
2052
1994
1970
1925
1896
1891
1908
1956
2009
2082
2163
2238
2304
2355
2390
2408
2412
2397
2358
2314
2265
2216
2168
2122
2084
2050
2038
2030
2040
2061
2080
2127
2161
2194
2212
2225
2227
2218
2208
2184
2171
2164
2157
2173
2174
2196
2222
2260
2285
2295
2290
2267
2224
2184
2122
2065
2008
1971
1944
1941
1958
1987
2020
2055
2074
2088
2108
2109
2114
2108
2098
2096
2091
2082
2062
2039
2008
1976
1968
1964
1968
1982
2016
2034
2040
2047
2060
2039
2016
1997
1993
2011
2035
2068
2119
2156
2192
2194
2196
2169
2132
2088
2042
2008
1992
1990
1990
2006
2028
2046
2043
2027
2016
1993
1956
1942
1940
1933
1954
1995
2048
2109
2166
2102
2113
2071
2029
2021
2042
2071
2100
2102
2085
2097
2117
2116
2057
1984
1969
2031
2085
2102
2090
2046
1984
1941
1939
1972
2005
2034
2100
2178
2221
2185
2100
2044
2075
2171
2250
2253
2220
2218
2249
2293
2300
2254
2214
2151
2095
2018
1932
1860
1812
1828
1850
1837
1814
1841
1959
2125
2271
2414
2508
2549
2516
2428
2338
2250
2167
2120
2076
2006
1928
1907
1925
1938
1903
1896
1990
2108
2154
2153
2161
2213
2252
2246
2226
2181
2074
1953
1930
2029
2142
2166
2088
2044
2047
2068
2080
2118
2216
2308
2355
2330
2251
2119
1929
1773
1743
1811
1905
1976
2024
2055
2050
2044
2096
2179
2225
2244
2247
2264
2269
2226
2168
2153
2176
2166
2112
2016
2002
1800
1703
1760
1898
2057
2160
2164
2085
2008
1979
2016
2094
2162
2162
2089
1968
1854
1792
1808
1891
2022
2144
2211
2200
2136
2080
2079
2141
2238
2329
2350
2298
2164
2002
1873
1836
1878
1975
2089
2192
2321
2457
2559
2585
2489
2305
2078
1904
1849
1922
2051
2127
2103
2021
1959
1958
2028
2102
2106
2027
1905
1832
1846
1922
1990
1998
1944
1876
1869
1927
2015
2023
1937
1798
1690
1695
1812
1966
2095
2175
2262
2380
2520
2608
2579
2424
2198
1984
1896
1985
2191
2414
2592
2687
2723
2682
2578
2429
2256
2079
1953
1883
1873
1888
1957
2065
2196
2322
2400
2407
2362
2290
2182
2032
1881
1790
1799
1932
2148
2363
2489
2496
2384
2192
1993
1818
1707
1642
2416
2309
2131
1909
1782
1811
1948
2105
2180
2168
2110
2107
2182
2212
2170
2108
2096
2060
1973
1933
2017
2170
2270
2327
2335
2321
2230
2133
2047
1945
1813
1748
1811
1966
2119
2186
2207
2267
2358
2387
2286
2092
1967
1951
1951
1876
1801
1801
1932
2108
2189
2122
1991
1863
1799
1810
1899
2052
2218
2297
2237
2106
2015
1992
2026
2090
2152
2132
2040
1956
1967
2127
2294
2348
2301
2185
2073
1960
1870
1818
1807
1824
1875
2016
2224
2406
2475
2384
2168
1887
1671
1595
1652
1780
1912
2035
2144
2288
2455
2564
2551
2379
2130
1889
1731
1686
1748
1901
2098
2256
2354
2352
2296
2208
2088
1984
1893
1862
1852
1893
1957
2018
2086
2160
2225
2264
2290
2306
2207
2032
2010
2129
2179
2014
1723
1568
1642
1871
2098
2302
2508
2633
2595
2396
2157
1978
1900
1890
1931
2012
2082
2079
2071
2169
2355
2480
2424
2216
2012
1835
1705
1700
1886
2141
2292
2275
2184
2043
1818
1580
1527
1710
1930
1982
1965
2129
2458
2696
2698
2551
2342
2046
1678
1383
1284
1364
1558
1883
2304
2651
2788
2761
2654
2477
2235
2046
1987
2004
1970
1898
1873
1937
2138
2465
2767
2886
2794
2547
2189
1757
1431
1350
1485
1647
1816
2080
2328
2338
2148
1970
1856
1672
1518
1577
1819
2003
2122
2315
2510
2552
2451
2356
2241
2027
1772
1632
1667
1780
1882
1925
1895
1866
1917
1988
2016
1940
1814
1777
1916
2145
2366
2495
2490
2389
2217
2000
2383
2512
2506
2357
2110
1814
1547
1400
1411
1607
1923
2279
2548
2660
2576
2328
2000
1679
1476
1448
1608
1888
2189
2398
2451
2356
2171
1996
1895
1903
2046
2294
2546
2741
2802
2710
2502
2237
2007
1858
1848
1968
2161
2335
2430
2390
2240
2029
1836
1725
1752
1896
2116
2318
2414
2339
2130
1867
1654
1559
1627
1834
2150
2463
2677
2702
2497
2135
1720
1391
1255
1355
1638
2005
2338
2520
2532
2392
2156
1931
1787
1786
1904
2102
2266
2344
2280
2104
1896
1738
1690
1787
1987
2229
2437
2533
2514
2377
2170
1944
1798
1784
1928
2178
2421
2560
2568
2451
2251
2041
1859
1757
1789
1942
2127
2256
2274
2201
2102
2032
1986
1966
1952
1941
1932
1922
1904
1906
2669
2265
1770
1390
1290
1384
1558
1752
2048
2385
2565
2580
2607
2740
2709
2308
1744
1403
1369
1537
1840
2256
2569
2623
2561
2570
2564
2399
2182
2068
1964
1778
1589
1531
1637
1822
2075
2373
2555
2541
2376
2197
2127
2140
2157
2198
2250
2237
2093
1888
1734
1696
1776
1896
2009
2096
2208
2307
2302
2180
2067
2008
1916
1683
1504
1516
1604
1637
1706
2013
2402
2598
2560
2458
2351
2155
1886
1610
1389
1313
1396
1560
1781
2131
2477
2586
2508
2567
2825
2929
2748
2518
2356
2117
1804
1579
1574
1616
1577
1526
1597
1789
2014
2174
2332
2510
2658
2681
2590
2452
2245
1990
1840
1858
1954
2006
2028
2046
2136
2344
2600
2727
2669
2546
2452
2256
1935
1748
2935
3166
3181
3002
2678
2260
1868
1547
1347
1282
1347
1540
1845
2170
2450
2596
2560
2364
2068
1740
1456
1288
1335
1605
2024
2450
2707
2714
2496
2127
1738
1436
1336
1484
1842
2288
2673
2876
2874
2704
2455
2187
1975
1841
1802
1880
2008
2195
2332
2360
2272
2083
1881
1735
1674
1684
1750
1888
2090
2369
2652
2919
3038
2936
2609
2087
1512
1070
864
951
1306
1844
2433
2873
3046
2903
2530
2025
1582
1271
1216
1432
1819
2286
2665
2856
2826
2614
2378
2169
2069
2067
2099
2105
2080
2016
1945
1870
1850
1848
1887
1869
1806
1709
1662
1712
1843
1978
2076
2122
2125
2176
2299
2466
2601
2650
2504
2154
1690
1293
1210
1452
1981
2586
3071
3300
3203
2838
2226
2086
1866
1678
1617
1573
1560
1654
1790
2005
2216
2460
2636
2708
2670
2675
2634
2443
2152
1941
2020
2199
2342
2508
2745
2983
3122
3074
2835
2437
1911
1544
1518
1675
1819
1896
2100
2290
2233
1850
1432
1168
1144
1148
1188
1267
1479
1801
2177
2557
2796
2655
2163
1426
900
712
840
1169
1700
2245
2804
3286
3546
3558
3215
2600
1895
1293
935
886
1196
1833
2625
3288
3572
3538
3357
3140
2846
2369
1779
1255
957
983
1216
1509
1704
1721
1479
1272
1368
1830
2379
2714
2713
2522
2428
2443
2517
2446
2236
1949
1823
1870
2083
2250
2237
1950
1485
1063
930
1228
1749
2193
2424
2432
2406
2465
2531
2499
2307
2116
1953
1968
2040
2052
1948
1814
2439
3044
3628
3800
3446
2758
1928
1189
685
506
661
1051
1594
2087
2339
2274
1928
1414
952
728
853
1292
1838
2305
2618
2840
3037
3157
3163
3023
2739
2364
2078
1948
1936
1942
1916
1733
1437
1185
1035
985
1085
1400
1878
2410
2865
3217
3415
3372
3054
2603
2132
1771
1520
1436
1540
1755
1905
1869
1754
1572
1457
1443
1527
1697
1932
2215
2582
2979
3296
3392
3244
2859
2333
1734
1316
1252
1568
2134
2719
3141
3253
3025
2485
1814
1201
836
770
1039
1534
2147
2616
2819
2784
2682
2669
2724
2751
2626
2378
2139
2020
1948
1641
1057
345
1
1
522
1309
1949
2281
2409
2487
2621
2686
2543
2384
2488
2945
3504
3773
3519
2870
2188
1660
1272
2633
2546
2397
2210
2143
2146
2214
2400
2639
2928
3171
3307
3323
3153
2837
2479
2102
1822
1697
1691
1822
2024
2224
2381
2437
2400
2297
2144
1955
1800
1658
1631
1687
1867
2202
2636
3083
3426
3560
3428
3052
2489
1854
1280
864
654
652
829
1119
1450
1762
2047
2251
2367
2434
2479
2503
2553
2611
2622
2596
2503
2383
2242
2065
1853
1600
1273
1014
838
865
1119
1569
2097
2570
2918
3078
3020
2830
2542
2194
1803
1408
1111
998
1181
1588
2177
2786
3256
3476
3436
3150
2676
2139
1573
1081
785
768
1067
1647
2350
3042
3608
3900
3868
3483
2799
1898
968
187
1
3
271
1218
2440
3623
4095
4095
4095
3773
2583
1275
149
1
4
1
742
4017
3511
3028
2654
2391
2253
2173
2189
2356
2690
3128
3468
3526
3262
2743
2006
1104
176
3
3
3
1
2
1
3
1317
3078
4095
4095
4095
4095
4095
4095
4078
3358
2443
1360
126
2
2
1
2
2
3
425
1339
2016
2531
2964
3448
3966
4095
4095
4095
4095
3886
3434
3246
3346
3587
3689
3399
2689
1647
522
1
2
2
1
1
2
2
2
0
953
2400
3900
4095
4095
4095
4095
4095
4095
3848
2896
1819
668
3
2
2
0
2
3
67
1496
2922
3960
4095
4095
4095
4095
4095
4095
3509
2634
1614
658
4
2
4
1
2
221
988
1843
2704
3562
4095
4095
4095
4095
4095
4095
3558
3003
2616
2398
2323
