2106
2114
2109
2104
2107
2110
2106
2109
2105
2111
2115
2110
2113
2110
2111
2114
2111
2112
2112
2109
2115
2112
2117
2118
2118
2112
2118
2111
2110
2109
2111
2114
2108
2108
2112
2108
2106
2106
2114
2108
2115
2106
2106
2107
2114
2111
2108
2113
2110
2115
2111
2112
2117
2113
2115
2113
2113
2117
2117
2116
2108
2108
2120
2118
2117
2114
2115
2117
2119
2114
2112
2110
2118
2113
2110
2117
2112
2114
2108
2110
2111
2111
2111
2114
2114
2109
2112
2106
2107
2112
2113
2114
2118
2122
2120
2118
2113
2115
2116
2119
2115
2112
2114
2105
2112
2112
2111
2108
2110
2113
2109
2111
2109
2104
2110
2110
2100
2109
2113
2110
2104
2106
2100
2103
2100
2109
2102
2106
2102
2099
2108
2106
2106
2102
2102
2110
2103
2103
2106
2106
2112
2116
2112
2110
2108
2103
2116
2117
2104
2108
2106
2115
2109
2108
2104
2112
2116
2116
2117
2118
2113
2104
2111
2114
2112
2111
2110
2109
2115
2114
2113
2115
2114
2114
2111
2109
2115
2118
2122
2127
2122
2117
2118
2118
2114
2116
2120
2113
2118
2117
2114
2116
2120
2118
2122
2122
2121
2123
2118
2120
2111
2112
2121
2124
2121
2113
2112
2114
2112
2119
2114
2110
2117
2117
2117
2116
2112
2108
2115
2112
2114
2112
2113
2118
2110
2120
2117
2112
2104
2110
2108
2106
2111
2109
2111
2108
2110
2112
2111
2111
2109
2106
2102
2104
2108
2104
2116
2104
2104
2103
2104
2105
2098
2100
2099
2094
2094
2096
2099
2092
2103
2098
2105
2095
2105
2104
2103
2102
2101
2099
2108
2104
2098
2101
2097
2104
2104
2096
2105
2104
2096
2094
2092
2089
2096
2093
2098
2097
2099
2098
2094
2098
2100
2096
2095
2100
2091
2094
2093
2096
2095
2092
2096
2094
2090
2095
2094
2088
2088
2091
2094
2093
2089
2097
2095
2090
2092
2092
2091
2092
2098
2095
2097
2101
2096
2094
2093
2092
2089
2093
2089
2090
2097
2091
2096
2091
2088
2098
2092
2091
2092
2097
2103
2102
2099
2091
2099
2100
2100
2103
2099
2105
2098
2100
2094
2096
2098
2095
2097
2096
2091
2104
2102
2097
2103
2102
2100
2098
2098
2096
2095
2097
2093
2092
2092
2098
2098
2098
2102
2100
2102
2101
2100
2096
2068
2078
2086
2088
2094
2093
2097
2108
2095
2107
2107
2100
2102
2093
2084
2080
2072
2055
2057
2042
2036
2031
2023
2020
2012
2006
2004
2000
1999
2004
2006
2006
2017
2026
2032
2039
2053
2057
2065
2074
2080
2084
2094
2103
2111
2118
2129
2134
2138
2130
2128
2129
2130
2128
2116
2108
2102
2099
2093
2090
2091
2077
2069
2066
2058
2057
2046
2029
2033
2034
2031
2022
2017
2034
2038
2039
2034
2032
2037
2041
2044
2045
2045
2054
2047
2045
2038
2040
2039
2033
2024
2024
2025
2022
2019
2022
2022
2016
2016
2016
2018
2018
2017
2012
2018
2027
2036
2042
2051
2064
2072
2089
2105
2114
2130
2149
2161
2184
2201
2209
2224
2238
2249
2258
2267
2270
2275
2275
1955
1880
1802
1747
1695
1669
1658
1677
1719
1788
1874
1974
2077
2170
2244
2289
2314
2313
2301
2266
2227
2181
2143
2118
2093
2083
2067
2055
2055
2049
2053
2044
2051
2050
2063
2067
2090
2098
2104
2103
2096
2074
2051
2020
2001
1985
1983
1987
1998
2019
2047
2074
2104
2131
2147
2160
2170
2182
2190
2206
2223
2252
2264
2280
2288
2273
2250
2207
2150
2090
2039
1990
1951
1919
1894
1880
1865
1859
1857
1861
1876
1907
1954
2012
2098
2176
2243
2309
2354
2379
2381
2362
2329
2281
2228
2171
2110
2053
2000
1964
1933
1923
1933
1963
1992
2051
2108
2142
2192
2210
2219
2194
2143
2076
2005
1924
1872
1842
1828
1843
1880
1937
2008
2081
2167
2247
2321
2384
1976
1896
1807
1804
1899
2020
2120
2163
2164
2177
2237
2264
2237
2165
2099
2070
1992
1920
1913
1988
2089
2152
2177
2205
2208
2182
2153
2174
2256
2360
2435
2412
2296
2130
1988
1904
1926
1995
2031
2070
2115
2153
2173
2138
2124
2164
2230
2273
2254
2238
2191
2123
2042
1988
2006
2004
1965
1864
1804
1827
1920
2048
2163
2273
2400
2510
2546
2513
2404
2399
2357
2246
2048
1835
1769
1798
1850
1853
1860
1964
2101
2139
2042
1960
1946
1994
2044
2035
1988
2006
2042
2072
2105
2195
2320
2412
2482
2493
2473
2403
2257
2105
1984
1890
1849
1866
1862
1835
1824
1856
1905
2024
2129
2230
2307
2320
2290
2190
2061
1986
1928
1878
1873
1890
1931
1982
2052
2103
2328
2208
2010
1833
1688
1639
1732
1917
2159
2395
2572
2656
2603
2438
2245
2056
1932
1861
1854
1925
2044
2128
2185
2211
2212
2152
2095
2012
1972
1963
1978
2000
2055
2083
2081
2092
2097
2123
2177
2251
2291
2285
2250
2205
2144
2042
1970
1966
2012
2075
2159
2240
2276
2291
2272
2243
2192
2098
2060
2008
2000
1978
1940
1952
1951
1950
1955
1995
2019
2080
2161
2245
2333
2432
2456
2440
2336
2230
2080
1921
1848
1816
1853
1917
1981
2097
2182
2242
2261
2166
2075
1992
1991
2041
2099
2214
2281
2248
2176
2052
1919
1830
1795
1886
2017
2166
2292
2366
2373
2318
2195
2106
2038
2005
2002
2042
2080
2124
2181
2171
2121
2100
2048
2079
2113
2128
2184
2189
2035
2048
2016
1924
1895
1912
1920
1924
1944
1986
2046
2108
2153
2207
2256
2195
2107
2084
2109
2082
2030
1967
1835
1672
1633
1727
1876
2053
2218
2300
2313
2260
2180
2120
2080
1987
1888
1894
1982
2053
2078
2093
2064
1997
1968
1992
2045
2148
2282
2320
2250
2217
2305
2388
2345
2208
2060
1967
1885
1851
1912
1995
2053
2093
2202
2317
2316
2219
2078
1916
1783
1707
1703
1717
1820
1990
2123
2197
2271
2324
2270
2140
2092
2131
2145
2103
2143
2232
2229
2133
2085
2128
2182
2207
2168
2122
2158
2215
2192
2112
2106
2180
2194
2088
1977
1975
2034
2084
2122
2226
2349
2333
2157
2001
1991
2028
1977
1916
1928
2023
2097
2113
2108
2167
2249
2213
2068
1944
2159
1935
1741
1615
1621
1705
1795
1906
2029
2094
2124
2140
2174
2256
2354
2482
2482
2331
2022
1753
1600
1606
1762
1933
2160
2326
2410
2384
2263
2061
1863
1707
1658
1808
2044
2340
2550
2568
2390
2147
1949
1872
1930
2014
2078
2102
2001
1890
1841
1854
1888
1980
2050
2176
2276
2325
2306
2271
2236
2236
2237
2197
2077
2068
2057
2150
2235
2266
2288
2307
2321
2270
2225
2210
2296
2376
2374
2306
2237
2224
2340
2460
2536
2509
2358
2102
1877
1721
1768
1923
2042
1993
1835
1752
1851
2154
2382
2401
2240
2058
1918
1880
1908
1927
1907
1924
1973
2092
2166
2140
2016
1913
1856
1919
2040
2051
1907
1754
1656
1684
1762
1939
2111
2244
2207
2022
1871
1905
1848
1785
1910
2072
2185
2230
2209
2247
2237
2119
1925
1728
1656
1707
1907
2168
2370
2482
2464
2310
2054
1766
1575
1544
1694
1918
2140
2282
2306
2252
2140
2040
1990
2020
2045
2106
2170
2235
2281
2259
2140
1965
1814
1768
1856
2041
2249
2408
2471
2413
2254
2081
1952
1897
1954
2072
2210
2330
2402
2446
2411
2339
2269
2234
2228
2248
2275
2295
2310
2287
2239
2145
2017
1900
1850
1866
1962
2109
2283
2441
2528
2498
2356
2158
1973
1861
1798
1783
1813
1904
2047
2204
2344
2427
2435
2360
2225
2056
1917
1856
1906
2043
2241
2448
2551
2543
2404
2129
1840
1632
1598
1748
2032
2377
2648
2779
2738
2567
2284
2003
1820
1811
1952
2174
2388
2506
2498
2372
1305
1832
2318
2479
2460
2409
2222
2047
2174
2396
2196
1713
1562
1880
2233
2330
2388
2486
2477
2306
2190
2228
2322
2328
2137
1765
1488
1589
2064
2540
2733
2714
2585
2288
1883
1689
1859
2192
2407
2467
2444
2415
2430
2355
2029
1607
1504
1748
2001
2175
2375
2602
2706
2699
2656
2566
2436
2263
1977
1616
1433
1649
2156
2634
2905
2918
2659
2193
1742
1410
1277
1391
1651
1862
2019
2250
2537
2606
2435
2221
2032
1790
1512
1394
1467
1618
1741
1816
1831
1816
1882
2129
2350
2304
2089
2011
2010
1998
2030
2201
2387
2248
1807
1534
1551
1664
1782
1954
2205
2465
2665
2736
2644
2416
2195
2022
1767
1477
1430
1705
2062
2242
2297
2456
2646
2559
2184
1828
2812
2478
2044
1624
1356
1323
1592
2050
2526
2827
2818
2585
2216
1852
1608
1544
1646
1854
2016
2021
1837
1562
1306
1176
1276
1633
2207
2836
3304
3398
3083
2472
1786
1281
1118
1286
1716
2210
2583
2721
2614
2313
1953
1698
1640
1789
2094
2374
2555
2550
2339
2004
1672
1478
1504
1710
1965
2181
2261
2236
2120
1949
1781
1680
1657
1738
1879
2039
2212
2315
2343
2269
2102
1889
1678
1513
1477
1598
1836
2102
2323
2443
2446
2334
2175
2037
1981
2058
2233
2418
2463
2326
2016
1722
1472
1359
1349
1466
1673
1962
2243
2450
2595
2609
2549
2368
2112
1859
1689
1675
1828
2100
2399
2613
2720
2666
2535
2385
2233
2154
2142
2134
2101
1954
1706
1406
1192
1187
1894
2105
2420
2663
2690
2544
2315
2085
1905
1735
1467
1073
783
875
1361
1942
2346
2542
2620
2686
2797
2878
2766
2446
2148
2126
2400
2759
2933
2829
2535
2281
2241
2287
2172
1866
1653
1805
2206
2493
2566
2640
2796
2842
2615
2231
1888
1591
1311
1176
1344
1692
1927
1899
1767
1729
1745
1738
1692
1710
1811
1943
2044
2083
2122
2291
2646
2993
3040
2698
2164
1667
1356
1298
1433
1591
1726
2036
2611
3138
3259
2892
2375
2023
1914
1907
1920
1943
2044
2291
2626
2792
2662
2349
2034
1662
1123
572
272
252
388
703
1332
2209
3006
3362
3204
2818
2502
2362
2305
2162
1860
1586
1551
1770
1932
1810
1491
1326
1524
1924
2256
2484
2711
2947
3073
3043
2160
2254
2221
2062
1759
1381
1229
1478
1936
2347
2643
2905
3078
2948
2535
2049
1528
1079
845
995
1633
2667
3742
4095
4095
3279
1951
496
1
3
3
579
1886
2750
3024
2888
2504
2049
1707
1564
1644
1815
2029
2372
3022
3868
4095
4095
4095
3542
2528
1586
985
844
1133
1544
1814
1867
1801
1685
1481
1125
770
604
726
1064
1658
2498
3540
4095
4095
4095
4048
2905
1879
1341
1341
1729
2123
2308
2152
1776
1339
1012
850
932
1328
1982
2614
2967
2944
2657
2305
2148
2227
2364
2278
1913
1370
957
900
1199
1555
1700
1506
1178
1004
1265
1973
2822
3495
3836
3842
3500
2876
2148
1483
987
798
1029
1646
2347
2677
2473
1961
1496
1391
1653
891
1496
1907
2105
2093
1804
1343
880
613
784
1411
2408
3587
4095
4095
4095
4095
4095
4095
4095
3795
2361
930
1
3
0
1
0
394
1394
2306
2999
3434
3576
3460
3126
2587
2015
1450
1000
851
1049
1667
2645
3803
4095
4095
4095
4095
4095
3811
2401
824
3
1
1
1
0
0
1
1093
2580
3761
4095
4095
4095
4095
4068
3432
2798
2321
2083
2056
2224
2566
3012
3454
3721
3668
3187
2353
1243
117
0
2
1
0
1
0
31
1253
2780
4095
4095
4095
4095
4095
4095
3850
2667
1487
543
1
1
1
0
146
836
1604
2312
2773
2913
2715
2300
1932
1734
1843
2238
2811
3369
3819
4048
4055
3790
3317
2618
1813
1029
