2086
2115
2090
2098
2088
2087
2099
2091
2098
2084
2099
2086
2084
2084
2081
2068
2082
2080
2079
2089
2084
2097
2086
2079
2097
2097
2105
2130
2106
2104
2107
2103
2106
2104
2098
2119
2113
2115
2100
2085
2105
2094
2103
2099
2116
2090
2112
2106
2092
2109
2099
2118
2109
2116
2083
2094
2106
2098
2096
2104
2091
2083
2123
2088
2099
2095
2098
2101
2094
2090
2083
2102
2087
2086
2092
2070
2077
2095
2079
2115
2098
2083
2094
2102
2109
2093
2116
2096
2101
2108
2110
2108
2099
2094
2106
2094
2083
2086
2113
2070
2112
2101
2084
2090
2092
2085
2101
2104
2081
2088
2099
2080
2064
2076
2084
2087
2082
2089
2096
2099
2084
2103
2100
2090
2082
2088
2086
2112
2092
2092
2098
2095
2092
2097
2093
2094
2096
2099
2097
2100
2097
2103
2100
2099
2096
2100
2101
2098
2106
2101
2096
2099
2097
2090
2094
2097
2095
2096
2095
2089
2094
2095
2091
2098
2096
2098
2097
2093
2092
2098
2097
2098
2096
2098
2098
2093
2094
2089
2091
2095
2095
2095
2089
2095
2098
2096
2092
2094
2090
2095
2093
2097
2095
2097
2094
2097
2095
2095
2095
2091
2094
2092
2087
2093
2104
2097
2102
2102
2098
2102
2094
2095
2094
2104
2094
2091
2092
2093
2088
2098
2094
2104
2100
2094
2094
2103
2091
2092
2087
2095
2089
2094
2097
2103
2106
2104
2102
2100
2090
2100
2100
2090
2088
2086
2094
2097
2096
2093
2098
2105
2091
2101
2096
2098
2098
2096
2110
2101
2107
2107
2104
2098
2109
2110
2108
2109
2110
2108
2105
2099
2102
2105
2098
2100
2102
2099
2101
2103
2104
2107
2103
2109
2106
2105
2100
2104
2106
2104
2102
2100
2104
2106
2101
2098
2100
2092
2101
2087
2091
2092
2096
2096
2096
2098
2097
2098
2088
2095
2096
2089
2092
2095
2089
2090
2096
2093
2093
2097
2096
2096
2092
2091
2089
2085
2084
2086
2092
2089
2094
2090
2091
2092
2085
2087
2088
2087
2088
2093
2086
2091
2083
2088
2083
2086
2091
2090
2095
2093
2092
2084
2086
2093
2089
2089
2091
2093
2091
2093
2096
2088
2083
2091
2095
2082
2083
2082
2091
2094
2092
2084
2086
2080
2084
2091
2098
2093
2084
2086
2081
2081
2082
2080
2082
2083
2083
2092
2093
2095
2099
2108
2113
2114
2113
2115
2117
2117
2120
2122
2116
2114
2115
2115
2115
2105
2102
2099
2083
2076
2064
2064
2044
2038
2029
2014
2008
1990
1974
1956
1946
1933
1922
1916
1912
1897
1874
1866
1865
1863
1860
1864
1856
1869
1865
1880
1896
1899
1912
1937
1950
1977
2003
2020
2040
2072
2100
2116
2140
2166
2185
2202
2216
2231
2240
2243
2248
2249
2248
2247
2239
2238
2237
2230
2218
2216
2209
2206
2212
2213
2216
2219
2231
2242
2257
2266
2279
2288
2302
2308
2317
2320
2318
2307
2297
2287
2265
2254
2219
2187
2159
2138
2104
2068
2038
2016
1995
1970
1970
1956
1945
1943
1948
1957
1969
1978
2000
2009
2024
2036
2039
2048
2045
2042
2090
2090
2116
2107
2095
2098
2089
2081
2068
2072
2086
2116
2117
2148
2163
2159
2149
2134
2141
2116
2137
2131
2138
2162
2168
2186
2192
2210
2214
2200
2179
2158
2170
2154
2162
2168
2212
2208
2241
2244
2233
2244
2255
2249
2226
2177
2164
2138
2104
2068
2015
1977
1941
1911
1890
1857
1831
1824
1838
1848
1873
1868
1888
1906
1913
1935
1938
1956
2003
2019
2060
2104
2114
2150
2205
2181
2219
2217
2269
2276
2293
2322
2325
2328
2297
2294
2257
2196
2166
2096
2074
2033
2020
2017
2033
2042
2064
2057
2036
2049
2026
2005
1967
1990
1990
2011
2014
2034
2058
2067
2092
2124
2149
2199
2269
2323
2390
2438
2459
2470
2454
2397
2372
2300
2245
2133
2032
1951
1996
1975
1966
1991
1989
2064
2141
2184
2251
2297
2295
2239
2176
2081
1948
1804
1669
1584
1511
1546
1641
1778
1983
2180
2382
2558
2694
2755
2755
2693
2604
2446
2230
2057
1871
1750
1667
1606
1599
1666
1764
1921
2056
2203
2363
2463
2555
2610
2623
2634
2556
2451
2299
2152
1974
1835
1666
1567
1516
1476
1539
1612
1704
1861
1960
2090
2161
2223
2283
2250
2238
2154
2095
2049
2002
1960
1992
1996
2008
2048
2040
2012
2032
2032
2036
2090
2138
2227
2329
2408
2509
2588
2620
2573
2492
2362
2216
2056
1921
1824
1728
1736
1782
1890
2038
2189
2337
2440
2482
2525
2518
2454
2383
2265
2175
2026
1915
1796
1726
1649
1629
1638
1706
1811
1890
1998
2058
2107
2238
2240
2179
2099
2030
1998
2005
2045
2092
2137
2153
2133
2101
2088
2111
2122
2096
2048
2021
2021
2036
2064
2064
2031
1990
1962
1927
1888
1837
1786
1740
1703
1668
1663
1678
1747
1822
1862
1867
1853
1896
2016
2159
2237
2218
2156
2122
2166
2262
2344
2386
2377
2373
2385
2419
2455
2491
2487
2438
2326
2200
2149
2138
2171
2207
2236
2240
2279
2328
2352
2334
2296
2259
2228
2216
2162
2096
2044
2009
1991
1910
1808
1704
1656
1672
1713
1758
1824
1943
2114
2313
2434
2489
2503
2486
2432
2342
2193
2048
1982
1960
1969
1924
1853
1783
1754
1762
1776
1791
1832
1907
2020
2125
2205
2256
2299
2368
2426
2456
2403
2327
2231
2109
1990
1929
1932
1978
2032
2461
2496
2458
2387
2272
2149
2076
1987
1966
1989
2024
2069
2123
2129
2115
2058
1986
1911
1904
1896
1957
2027
2058
2036
2001
1950
1895
1880
1910
1963
2051
2127
2168
2168
2151
2138
2145
2221
2329
2458
2535
2578
2532
2403
2211
2030
1907
1876
1891
1960
2087
2172
2208
2184
2117
2072
2048
2052
2128
2209
2266
2299
2303
2242
2200
2160
2108
2077
1990
1890
1771
1627
1519
1484
1514
1638
1814
2005
2188
2309
2374
2368
2345
2292
2236
2181
2122
2027
1928
1839
1800
1794
1842
1956
2062
2144
2180
2220
2192
2140
2134
2142
2207
2301
2422
2523
2579
2575
2503
2422
2329
2237
2192
2145
2110
2070
1986
1918
1864
1844
1819
1883
1955
2035
2115
2213
2308
2405
2144
2123
2155
2146
2119
2034
1908
1762
1696
1748
1873
2073
2251
2336
2429
2485
2598
2594
2528
2367
2138
1903
1642
1411
1249
1194
1359
1572
1807
1997
2161
2301
2450
2575
2669
2650
2650
2608
2478
2309
2053
1825
1741
1702
1696
1635
1548
1569
1755
1960
2254
2513
2742
2861
2960
2962
2840
2609
2419
2261
2147
2002
1864
1690
1645
1662
1722
1784
1883
2004
2158
2333
2424
2424
2324
2212
2083
1968
1842
1720
1670
1696
1809
1962
2140
2284
2394
2514
2571
2570
2532
2408
2319
2199
2112
2031
1902
1798
1715
1652
1636
1680
1715
1832
1957
2051
2168
2226
2265
2253
2250
2188
2124
2065
1952
1824
1727
1702
1728
1768
1866
1993
2117
2239
2340
2440
2484
2538
1765
1707
1683
1677
1724
1822
1938
2083
2190
2246
2256
2212
2119
2020
1944
1881
1871
1910
1984
2074
2168
2232
2302
2387
2504
2643
2785
2900
2936
2858
2656
2374
2044
1802
1634
1600
1674
1788
1904
2026
2171
2335
2505
2633
2695
2667
2532
2355
2165
2015
1929
1896
1904
1914
1931
1952
1985
2014
2000
1919
1760
1564
1418
1406
1589
1946
2374
2757
2981
3016
2914
2735
2559
2437
2323
2193
2021
1785
1542
1355
1288
1345
1474
1627
1751
1843
1907
1958
1998
2042
2041
2064
2069
2063
2045
2043
2038
2028
2024
2055
2154
2337
2562
2764
2856
2775
2515
2109
1699
1368
1218
1202
1288
1416
1554
1708
1912
2160
2432
2656
2760
2706
2526
2288
2094
1992
1981
2048
2061
2082
2117
2170
2226
2239
2241
2216
2149
2088
1996
1916
1856
1814
1820
1886
2013
2148
2277
2344
2343
2292
2176
2072
2052
2088
2174
2302
2418
2480
2446
2362
2196
2047
1904
1800
1773
1792
1851
1940
2030
2114
2167
2233
2258
2305
2294
2237
2159
2083
1970
1868
1809
1732
1700
1683
1677
1690
1706
1749
1794
1861
1914
2013
2143
2289
2430
2567
2652
2696
2699
2676
2616
2541
2464
2394
2327
2239
2167
2092
2014
1946
1887
1849
1834
1868
1903
1952
2032
2104
2184
2227
2264
2302
2246
2167
2084
1942
1828
1757
1678
1652
1660
1712
1811
1912
2048
2171
2267
2366
2444
2472
2487
2473
2453
2383
2321
2217
2107
1994
1893
1825
1788
1792
1833
1896
1991
2070
1636
1949
2270
2505
2604
2589
2528
2474
2446
2408
2303
2091
1856
1647
1578
1649
1801
1940
1984
1942
1878
1880
1982
2133
2253
2260
2147
1967
1810
1766
1864
2056
2294
2438
2394
2176
1888
1674
1609
1722
1943
2182
2393
2565
2697
2732
2631
2391
2018
1644
1357
1243
1329
1541
1783
1983
2098
2147
2176
2224
2268
2266
2191
2079
2039
2132
2372
2685
2906
2899
2616
2153
1698
1423
1371
1494
1667
1773
1806
1842
1957
2145
2352
2464
2415
2248
2039
1930
1990
2189
2431
2615
2725
2749
2713
2595
2363
2076
1735
1464
1392
1600
2040
2528
2853
2888
2650
2246
1841
1576
1468
1479
1558
1712
1967
2312
2677
2928
2975
2780
2398
2000
1735
1696
1856
2108
2335
2442
1418
1631
1875
2113
2348
2544
2693
2785
2808
2762
2649
2495
2299
2090
1868
1665
1501
1389
1333
1325
1386
1473
1561
1650
1751
1808
1848
1903
1967
2010
2075
2142
2224
2322
2426
2524
2626
2706
2748
2756
2712
2652
2530
2391
2240
2065
1893
1747
1615
1509
1450
1420
1440
1482
1554
1689
1848
2021
2233
2437
2635
2800
2932
2998
3013
2925
2801
2620
2407
2188
2016
1851
1764
1704
1703
1734
1787
1850
1890
1924
1948
1942
1915
1873
1812
1774
1755
1773
1817
1910
2028
2193
2395
2561
2714
2815
2840
2778
2624
2425
2182
1988
1844
1788
1828
1961
2171
2411
2680
2914
3084
3155
3080
2878
2554
2092
1564
1067
675
382
320
464
784
1243
1770
2286
2719
3011
3899
3679
3409
3135
2882
2701
2506
2278
1965
1483
831
151
0
1
2
1
645
1488
2280
2914
3384
3674
3776
3698
3474
3166
2906
2777
2803
2943
3076
3052
2788
2318
1765
1284
959
794
737
709
672
669
797
1156
1740
2448
3092
3539
3721
3662
3432
3148
2848
2557
2298
2092
1942
1899
1963
2076
2177
2139
1902
1498
1064
750
718
928
1279
1609
1854
2020
2181
2376
2596
2763
2808
2707
2517
2308
2142
2042
1970
1917
1891
1904
1990
2068
2088
1963
1737
1464
1244
1180
1269
1407
1530
1550
1534
1545
1649
1857
2100
2319
2428
2407
2381
2386
2477
2687
2897
3043
3021
2846
2586
2289
2067
1831
1539
1125
603
94
4
4
3
418
1132
1887
3237
3211
3030
2752
2443
2136
1893
1712
1604
1547
1550
1614
1737
1927
2188
2459
2712
2877
2911
2798
2574
2249
1931
1615
1385
1271
1254
1349
1526
1750
2017
2319
2603
2866
3046
3096
2992
2725
2322
1828
1330
887
562
393
386
562
873
1286
1755
2225
2647
2982
3173
3206
3072
2795
2422
1994
1586
1231
978
849
854
999
1324
1795
2372
2986
3554
3971
4095
4095
3895
3450
2884
2278
1705
1240
903
728
703
830
1072
1392
1765
2108
2397
2586
2646
2612
2518
2379
2226
2042
1872
1718
1588
1508
1504
1561
1705
1896
2106
2294
2432
2523
2562
2553
2536
2466
2371
2222
2019
1796
1584
1430
1363
1408
1556
1782
2024
2247
2417
2515
2548
2530
2477
2412
