2090
2102
2092
2088
2093
2095
2088
2066
2061
2071
2093
2083
2083
2080
2082
2082
2078
2093
2078
2071
2060
2076
2081
2104
2092
2100
2091
2070
2088
2080
2072
2071
2095
2072
2069
2094
2097
2103
2088
2092
2079
2072
2100
2080
2105
2083
2072
2091
2106
2102
2082
2086
2103
2120
2107
2079
2084
2081
2086
2079
2096
2116
2075
2085
2076
2099
2057
2100
2130
2098
2105
2084
2074
2095
2120
2110
2060
2075
2093
2115
2104
2120
2090
2111
2113
2100
2098
2087
2075
2110
2098
2132
2092
2094
2110
2093
2098
2116
2105
2101
2139
2086
2077
2104
2072
2072
2061
2080
2072
2086
2093
2112
2118
2110
2113
2101
2078
2075
2125
2102
2102
2092
2112
2093
2081
2064
2076
2114
2064
2071
2096
2074
2064
2077
2056
2046
2081
2096
2088
2073
2070
2110
2100
2111
2088
2080
2104
2127
2088
2090
2127
2088
2095
2098
2079
2092
2115
2096
2111
2105
2102
2109
2084
2080
2092
2076
2084
2111
2107
2092
2106
2094
2095
2078
2104
2095
2094
2099
2087
2087
2092
2059
2088
2097
2082
2072
2097
2081
2090
2084
2069
2090
2072
2064
2076
2085
2126
2098
2103
2078
2063
2052
2091
2072
2089
2078
2076
2093
2119
2078
2083
2074
2072
2083
2080
2072
2101
2099
2113
2105
2116
2135
2105
2090
2092
2089
2105
2087
2083
2094
2092
2104
2105
2092
2083
2077
2097
2074
2112
2134
2088
2085
2115
2096
2072
2110
2074
2098
2098
2092
2101
2089
2102
2084
2125
2096
2103
2096
2104
2075
2084
2085
2074
2102
2088
2073
2095
2100
2066
2071
2073
2105
2121
2089
2077
2091
2103
2090
2092
2098
2108
2101
2081
2079
2063
2069
2072
2089
2083
2077
2047
2063
2102
2072
2094
2080
2074
2095
2099
2083
2103
2100
2090
2120
2094
2074
2075
2082
2080
2088
2064
2086
2071
2088
2083
2085
2079
2077
2070
2108
2090
2071
2062
2064
2104
2072
2099
2102
2088
2093
2083
2109
2105
2090
2119
2098
2104
2081
2098
2094
2091
2096
2106
2117
2093
2087
2104
2114
2121
2096
2088
2080
2097
2104
2097
2107
2120
2088
2109
2136
2106
2094
2105
2114
2104
2126
2117
2102
2082
2096
2135
2092
2106
2129
2128
2116
2117
2119
2097
2107
2128
2090
2112
2093
1870
1889
1918
1932
1966
1992
2001
2007
2014
2011
2075
2094
2086
2129
2164
2163
2196
2193
2188
2198
2198
2156
2190
2173
2189
2151
2130
2126
2107
2101
2071
2050
2043
2015
2027
1977
1974
1966
1905
1914
1954
1945
1929
1914
1944
1962
1977
1974
2015
2031
2062
2064
2095
2159
2180
2194
2238
2220
2232
2243
2253
2302
2272
2269
2275
2268
2265
2257
2252
2243
2237
2219
2209
2215
2188
2161
2146
2125
2149
2114
2091
2089
2086
2062
2061
2041
2062
2052
2091
2066
2079
2055
2065
2058
2059
2076
2069
2059
2020
2084
2072
2085
2062
2096
2072
2078
2091
2119
2155
2146
2181
2211
2188
2232
2262
2264
2259
2284
2278
2283
2293
2269
2276
2273
2289
2259
2250
2280
2897
2860
2786
2728
2653
2552
2492
2426
2350
2268
2220
2174
2117
2039
1978
1923
1865
1856
1827
1780
1734
1700
1704
1660
1661
1648
1625
1660
1686
1668
1699
1743
1791
1876
1926
2017
2076
2165
2230
2270
2258
2272
2266
2287
2308
2268
2233
2250
2282
2294
2337
2384
2444
2478
2544
2568
2560
2549
2492
2413
2327
2187
2079
1947
1785
1700
1587
1510
1435
1408
1416
1405
1442
1485
1545
1635
1694
1765
1848
1952
2029
2095
2143
2167
2195
2215
2230
2198
2216
2212
2180
2171
2182
2152
2177
2196
2210
2254
2335
2397
2484
2527
2558
2579
2566
2527
2512
2490
2443
2380
2340
2276
2177
2135
2094
2026
1977
1910
1848
1787
1728
1731
1686
1624
1593
1592
1584
1620
2490
2413
2373
2285
2249
2191
2128
2089
2054
2003
2020
1988
1976
2002
2026
2062
2082
2146
2189
2200
2224
2260
2274
2300
2242
2257
2202
2168
2113
2075
2003
1950
1923
1896
1852
1832
1853
1850
1874
1914
1963
2026
2077
2122
2200
2255
2317
2358
2417
2416
2430
2415
2406
2359
2279
2202
2119
2064
2028
1929
1904
1880
1848
1827
1822
1812
1763
1811
1821
1830
1849
1882
1929
1948
1991
2029
2092
2088
2116
2089
2118
2116
2088
2120
2118
2075
2088
2064
2065
2079
2100
2141
2162
2161
2168
2190
2212
2221
2233
2206
2197
2220
2204
2202
2232
2230
2229
2220
2197
2188
2202
2183
2200
2213
2203
2238
2272
2271
2317
2292
2290
2295
2308
2260
2216
2188
2152
2140
1565
1604
1593
1723
1782
1879
2035
2152
2248
2347
2399
2495
2561
2576
2594
2664
2626
2600
2510
2377
2295
2210
2167
2139
2115
2089
2035
1983
1906
1859
1800
1797
1813
1802
1734
1692
1654
1711
1660
1706
1850
1937
1990
2047
2051
2120
2186
2229
2254
2284
2312
2331
2353
2302
2281
2242
2174
2119
2147
2103
2060
2065
2139
2112
2078
2059
2035
1974
2001
1995
2043
2056
2054
2091
2132
2160
2241
2320
2347
2333
2315
2281
2243
2215
2224
2241
2340
2336
2386
2341
2267
2168
2105
2104
2126
2166
2216
2220
2232
2110
2044
1990
1952
1942
2015
2037
2046
2090
2058
2025
2004
2006
2056
2072
2100
2011
1962
1838
1820
1878
1979
2128
2179
2171
2082
1992
1900
1927
1667
1674
1661
1719
1777
1854
1982
2106
2219
2372
2462
2571
2622
2612
2613
2557
2502
2389
2257
2110
1945
1816
1710
1615
1553
1504
1470
1468
1510
1601
1671
1783
1902
2054
2183
2290
2451
2545
2649
2678
2684
2681
2677
2652
2584
2529
2475
2364
2276
2196
2098
2020
1954
1880
1815
1751
1773
1779
1786
1775
1836
1932
1982
2039
2082
2189
2202
2218
2224
2237
2212
2157
2165
2171
2081
2050
2085
2012
2055
2025
2013
2035
2075
2116
2197
2225
2322
2295
2310
2380
2359
2393
2419
2364
2348
2337
2266
2209
2197
2096
2036
1992
1890
1793
1735
1738
1697
1628
1672
1648
1674
1716
1808
1827
1888
1907
1987
2052
2115
2235
2310
2376
2441
2510
2593
2626
2627
2598
1209
1026
960
1014
1072
1287
1505
1767
1999
2227
2439
2646
2733
2804
2807
2762
2668
2551
2459
2374
2284
2180
2126
2046
2048
2056
2113
2158
2208
2224
2269
2259
2250
2241
2207
2192
2140
2089
1992
1870
1676
1515
1343
1238
1136
1167
1220
1389
1645
1996
2331
2664
3027
3309
3430
3472
3432
3233
3026
2765
2454
2067
1777
1542
1358
1232
1175
1304
1481
1696
1984
2252
2557
2794
2945
3083
3159
3119
3087
2933
2749
2504
2275
2022
1782
1551
1386
1282
1191
1189
1282
1412
1558
1810
2010
2232
2409
2514
2541
2475
2361
2174
2047
1921
1828
1804
1842
1945
2020
2109
2223
2318
2379
2399
2393
2340
2260
2163
2070
1994
1967
1904
1856
1881
1955
1978
1993
2064
2203
2323
2346
2302
2264
2273
2355
2517
2501
2448
2307
2216
2199
2221
2278
2284
2171
2040
1856
1763
1781
1822
1928
2040
2033
1984
1958
1985
2025
2109
2134
2186
2192
2257
2173
2083
1966
1977
1981
2007
2020
1957
1801
1716
1721
1837
2038
2269
2369
2442
2473
2514
2516
2466
2312
2206
2068
1996
1960
1976
1934
1784
1557
1398
1357
1428
1593
1739
1785
1685
1529
1534
1606
1838
2144
2375
2534
2617
2650
2658
2751
2780
2792
2792
2672
2545
2352
2228
2026
1862
1789
1819
1913
2131
2282
2372
2311
2199
2130
2022
1999
2025
2034
2108
2108
2132
2129
2180
2164
2069
1954
1875
1832
1897
2040
2092
2056
1982
1907
1918
2023
2162
2268
2360
2394
2332
2314
2271
2609
2654
2716
2669
2615
2527
2398
2270
2124
2010
1884
1914
1944
1994
2069
2125
2209
2257
2285
2313
2329
2314
2281
2259
2258
2154
2107
2038
1981
1977
1937
1938
1978
2063
2160
2270
2423
2520
2608
2672
2694
2685
2614
2554
2433
2299
2163
2002
1874
1703
1538
1333
1211
1111
1086
1109
1236
1389
1646
1932
2196
2426
2574
2709
2753
2787
2702
2619
2535
2428
2325
2240
2172
2098
2032
2033
2024
2052
2138
2230
2283
2360
2460
2520
2511
2512
2505
2394
2252
2087
1964
1807
1689
1632
1609
1585
1683
1794
1920
2064
2253
2445
2597
2705
2815
2878
2877
2856
2775
2632
2468
2278
2005
1755
1511
1264
1041
826
708
719
709
767
956
1203
1500
1828
2188
2542
672
485
356
356
445
639
946
1295
1650
1983
2293
2548
2870
3121
3404
3622
3710
3720
3616
3424
3145
2816
2514
2228
1948
1612
1282
960
742
537
464
492
641
836
1095
1357
1633
1926
2208
2481
2764
3007
3273
3517
3667
3728
3651
3470
3238
2965
2713
2422
2168
1884
1586
1316
1106
1000
978
1043
1136
1230
1328
1460
1652
1868
2125
2392
2609
2778
2912
3004
3022
3017
2925
2756
2545
2322
2131
1962
1772
1578
1406
1265
1190
1220
1322
1496
1688
1838
1982
2070
2144
2221
2347
2444
2485
2452
2396
2325
2281
2215
2106
1978
1780
1566
1411
1321
1370
1481
1609
1713
1809
1892
1944
2098
2287
2531
2789
3020
3138
3121
3041
2830
2553
2253
2014
1812
3091
3113
3031
2817
2566
2259
1888
1540
1241
1008
797
722
735
816
1022
1251
1542
1884
2188
2506
2768
2976
3102
3138
3068
2874
2637
2344
2030
1736
1452
1252
1138
1116
1200
1368
1602
1864
2155
2394
2633
2806
2934
2960
2901
2845
2675
2416
2196
1938
1715
1556
1436
1439
1471
1610
1810
2094
2353
2625
2857
3013
3142
3141
3062
2920
2712
2500
2250
1964
1706
1490
1317
1236
1179
1222
1386
1618
1852
2145
2410
2641
2772
2832
2810
2736
2590
2393
2179
2013
1821
1685
1588
1534
1554
1590
1667
1846
2027
2262
2449
2620
2734
2774
2732
2560
2310
2010
1678
1368
1108
906
785
784
894
1129
1443
1840
2253
2680
3086
3426
3671
3762
3742
3586
3260
2921
278
434
786
1295
1908
2544
3050
3353
3422
3332
3094
2831
2610
2448
2413
2456
2515
2539
2477
2308
2065
1799
1568
1376
1270
1241
1205
1195
1115
974
870
870
1064
1442
1997
2684
3370
3980
4095
4095
4095
4095
3915
3339
2732
2120
1592
1089
742
528
472
568
884
1262
1680
2091
2420
2643
2744
2765
2708
2617
2532
2470
2470
2533
2630
2756
2902
3017
3080
3078
2954
2689
2252
1734
1164
620
188
2
1
9
340
798
1370
1985
2602
3250
3813
4095
4095
4095
4095
4095
3520
2720
1930
1232
705
403
272
305
403
516
598
788
952
1207
1507
1751
1990
2142
2196
2216
2264
2337
2577
2951
3394
3836
4095
4095
4095
4059
3645
3123
2515
1868
3
2
542
1400
2338
3266
4095
4095
4095
4095
4095
4095
4095
4095
4095
3784
2847
1920
1034
270
0
1
2
3
0
2
3
2
1
60
864
1845
2840
3786
4095
4095
4095
4095
4095
4095
4095
4095
3554
2674
1808
1043
419
3
3
2
4
21
387
886
1431
2020
2595
3148
3615
4014
4095
4095
4095
4095
3852
3370
2788
2150
1495
888
326
3
3
2
3
2
2
333
870
1487
2073
2691
3239
3725
4095
4095
4095
4095
4095
4004
3538
3009
2415
1789
1218
719
314
32
3
1
120
427
816
1291
1786
2243
2683
3058
3360
3551
3667
3697
3620
3422
3197
2875
2512
2130
1732
1344
1006
712
523
408
428
545
781
1093
