2091
2094
2096
2087
2092
2092
2093
2094
2080
2093
2094
2101
2100
2091
2084
2099
2101
2085
2102
2092
2108
2109
2110
2097
2091
2094
2101
2098
2094
2099
2098
2105
2098
2102
2112
2100
2097
2087
2105
2089
2089
2097
2107
2106
2099
2091
2098
2101
2091
2089
2092
2090
2091
2098
2100
2100
2105
2089
2101
2096
2093
2094
2086
2104
2083
2094
2093
2102
2098
2100
2098
2096
2096
2093
2088
2095
2092
2099
2089
2092
2099
2099
2105
2097
2095
2099
2098
2092
2094
2086
2090
2104
2090
2094
2091
2102
2098
2104
2100
2114
2098
2090
2100
2091
2100
2108
2108
2109
2119
2109
2102
2098
2104
2101
2097
2099
2099
2096
2097
2096
2090
2106
2097
2109
2099
2102
2096
2097
2063
2072
2071
2069
2059
2071
2069
2063
2061
2068
2062
2062
2058
2059
2054
2056
2050
2056
2056
2058
2059
2059
2068
2059
2070
2067
2061
2059
2073
2063
2054
2048
2060
2066
2053
2059
2060
2068
2061
2050
2062
2058
2051
2040
2060
2055
2060
2058
2056
2064
2058
2074
2075
2057
2060
2072
2068
2061
2059
2079
2063
2074
2086
2071
2065
2081
2071
2067
2067
2079
2068
2066
2080
2076
2064
2050
2076
2076
2091
2091
2096
2080
2079
2096
2090
2105
2088
2088
2095
2102
2115
2100
2094
2099
2100
2103
2112
2123
2106
2120
2118
2118
2131
2123
2134
2128
2131
2123
2129
2131
2136
2123
2122
2129
2131
2143
2145
2153
2135
2145
2151
2153
2150
2160
2167
2164
2160
2164
2223
2186
2145
2107
2070
2037
2011
1980
1962
1938
1925
1909
1914
1919
1931
1944
1968
1993
2026
2063
2104
2145
2186
2228
2264
2308
2333
2352
2377
2395
2402
2408
2405
2393
2373
2345
2324
2286
2239
2209
2164
2116
2073
2031
1978
1950
1909
1886
1855
1834
1802
1798
1799
1801
1811
1829
1833
1854
1874
1901
1941
1962
2008
2032
2058
2079
2101
2132
2147
2168
2185
2185
2188
2188
2184
2173
2168
2156
2139
2138
2116
2104
2097
2085
2069
2053
2043
2031
2023
2000
1996
1980
1966
1951
1936
1908
1887
1864
1849
1827
1826
1816
1813
1810
1817
1833
1855
1881
1910
1947
1978
2027
2070
2103
2137
2168
2193
2211
2222
2230
2230
2226
2216
2204
2190
2166
2143
2120
2114
2057
2000
1944
1883
1842
1811
1782
1770
1768
1772
1790
1817
1855
1904
1942
1996
2059
2095
2143
2179
2208
2246
2249
2266
2263
2245
2214
2184
2141
2109
2057
2008
1954
1921
1889
1862
1830
1816
1819
1817
1834
1849
1871
1900
1923
1957
1998
2024
2059
2086
2112
2148
2174
2203
2219
2238
2250
2260
2275
2276
2266
2267
2262
2249
2224
2193
2176
2156
2137
2100
2071
2046
2021
1998
1985
1967
1962
1958
1968
1978
1993
2019
2050
2087
2126
2170
2211
2249
2284
2315
2331
2350
2360
2355
2351
2322
2300
2268
2229
2177
2128
2076
2013
1961
1890
1856
1792
1735
1675
1649
1605
1599
1583
1586
1608
1637
1687
1732
1815
1896
1985
2090
2192
2302
2399
2492
2578
1854
1766
1698
1657
1659
1702
1787
1906
2040
2195
2349
2480
2590
2655
2690
2684
2643
2585
2500
2415
2332
2274
2224
2184
2170
2153
2151
2155
2152
2129
2110
2088
2069
2025
1978
1920
1860
1800
1732
1660
1590
1532
1488
1482
1509
1558
1658
1784
1925
2079
2240
2370
2478
2545
2577
2573
2531
2457
2382
2299
2206
2127
2057
2005
1962
1919
1882
1853
1838
1785
1740
1688
1639
1603
1582
1587
1608
1662
1732
1830
1930
2045
2164
2279
2402
2525
2639
2735
2834
2917
2983
3022
3030
2998
2932
2806
2646
2442
2193
1941
1684
1434
1221
1034
904
827
816
857
954
1083
1259
1480
1720
1969
2216
2468
2698
2904
3077
3205
3309
3370
3374
3325
3225
3100
2929
2735
2930
2924
2885
2815
2695
2530
2352
2174
2032
1909
1795
1681
1553
1443
1344
1300
1331
1422
1571
1747
1914
2064
2187
2286
2379
2458
2521
2568
2588
2574
2545
2491
2410
2326
2218
2069
1902
1721
1567
1433
1344
1314
1326
1362
1417
1477
1552
1658
1796
1969
2169
2370
2558
2715
2839
2934
3017
3074
3119
3120
3080
2975
2826
2640
2438
2271
2106
2007
1922
1866
1800
1709
1623
1542
1472
1442
1432
1468
1526
1606
1708
1803
1900
1994
2070
2138
2190
2226
2258
2247
2232
2189
2139
2106
2098
2111
2146
2220
2280
2310
2316
2286
2201
2104
2013
1948
1930
1972
2045
2134
2229
2308
2367
2408
2451
2469
2503
2516
2491
2456
2392
2331
2241
2175
2086
2020
1958
1908
2515
2529
2521
2474
2407
2311
2230
2130
2056
1969
1917
1887
1861
1864
1891
1916
1946
1992
2031
2060
2072
2074
2086
2066
2040
2011
1972
1931
1898
1882
1869
1858
1854
1876
1912
1953
1999
2039
2101
2148
2188
2219
2240
2229
2230
2221
2232
2232
2214
2207
2200
2197
2195
2182
2168
2151
2122
2094
2064
2029
1995
1965
1948
1943
1960
1996
2067
2154
2245
2360
2489
2570
2661
2724
2730
2705
2648
2546
2406
2243
2060
1861
1664
1491
1366
1273
1229
1242
1304
1431
1595
1803
2016
2226
2416
2579
2681
2747
2740
2692
2609
2500
2366
2211
2072
1936
1791
1684
1600
1529
1482
1470
1510
1579
1671
1790
1928
2066
2225
2368
2503
2616
2716
2783
2816
2806
2771
2698
2391
2212
2077
2024
2038
2061
2032
1982
1924
1901
1920
1944
1957
1934
1907
1896
1933
1965
1984
1983
1966
1980
2060
2196
2320
2404
2437
2448
2444
2467
2478
2482
2416
2317
2181
2013
1874
1746
1652
1613
1584
1581
1576
1579
1626
1704
1830
1971
2058
2112
2117
2125
2163
2248
2342
2369
2305
2168
2049
2017
2078
2216
2335
2389
2351
2246
2143
2057
2045
2068
2069
2028
1940
1837
1757
1734
1800
1913
2048
2141
2173
2166
2182
2237
2345
2449
2546
2583
2597
2586
2567
2536
2477
2380
2248
2100
1970
1861
1811
1843
1910
2008
2119
2233
2333
2413
2491
2518
2516
2471
2372
2263
2183
2133
2120
2120
2106
2040
1974
1921
1883
1896
1916
1926
1878
1755
1617
1493
2414
2189
1957
1746
1567
1432
1338
1301
1309
1360
1442
1556
1688
1832
1982
2129
2273
2396
2497
2555
2571
2538
2461
2326
2163
1975
1777
1604
1457
1353
1298
1307
1362
1483
1644
1841
2060
2294
2536
2764
2969
3133
3258
3324
3331
3272
3138
2938
2697
2408
2112
1824
1555
1347
1208
1130
1123
1192
1314
1504
1712
1942
2182
2409
2617
2778
2910
2980
2998
2962
2846
2691
2497
2262
2013
1753
1510
1287
1115
979
909
916
982
1119
1312
1552
1823
2105
2383
2634
2836
3002
3100
3124
3080
2970
2818
2597
2363
2113
1867
1637
1456
1304
1224
1203
1242
1345
1483
1687
1902
2116
2333
2525
2675
2771
2810
2799
2726
2621
2488
2326
2150
1985
1828
1688
1577
1497
2356
2322
2247
2109
1932
1774
1629
1560
1523
1508
1481
1466
1447
1496
1617
1777
1999
2196
2350
2474
2574
2680
2779
2850
2846
2748
2536
2237
1954
1720
1605
1612
1693
1796
1867
1897
1919
1968
2073
2250
2440
2581
2660
2632
2519
2373
2222
2104
2048
2002
1995
1995
2041
2112
2202
2261
2255
2199
2108
2009
1944
1934
1912
1870
1794
1684
1584
1542
1605
1755
2034
2322
2572
2753
2856
2915
2931
2898
2821
2699
2552
2324
2094
1844
1526
1232
977
813
796
937
1176
1457
1686
1872
2001
2132
2292
2528
2789
3011
3133
3119
2988
2797
2572
2423
2326
2286
2252
2188
2088
1950
1805
1682
1602
1562
1538
1548
1556
1576
1614
1668
1746
1854
1979
2126
2289
2454
2601
2619
2601
2541
2441
2327
2213
2091
1976
1892
1835
1802
1790
1808
1834
1852
1870
1887
1903
1920
1941
1955
1974
1994
2010
2013
2004
1979
1943
1881
1797
1710
1630
1569
1541
1553
1618
1714
1862
2032
2228
2434
2638
2821
2992
3133
3226
3272
3261
3205
3100
2950
2755
2506
2256
1978
1694
1426
1199
1005
880
808
812
892
1042
1241
1480
1744
2022
2283
2531
2729
2873
2965
2989
2941
2837
2681
2494
2282
2074
1872
1690
1547
1471
1455
1498
1611
1781
1982
2205
2429
2640
2826
2960
3038
3058
2997
2876
2696
2450
2170
1879
1595
1331
1121
973
912
919
1024
1200
1448
1737
2063
2393
2714
2993
3219
3378
3447
3438
3333
3138
2860
2505
2100
1697
1299
1357
1503
1719
1978
2291
2614
2930
3204
3416
3508
3478
3314
3035
2656
2235
1784
1359
996
719
560
525
635
872
1210
1617
2049
2466
2809
3056
3177
3168
3057
2843
2557
2231
1904
1615
1385
1238
1176
1236
1383
1627
1915
2204
2441
2611
2673
2624
2498
2310
2101
1916
1775
1709
1726
1822
1987
2201
2424
2620
2761
2842
2826
2731
2542
2294
2001
1676
1362
1089
896
814
888
1111
1476
1952
2464
2964
3368
3626
3749
3737
3624
3465
3296
3128
2973
2812
2624
2382
2061
1668
1228
785
391
109
3
3
159
429
741
1049
1299
1497
1648
1795
1980
2267
2648
3126
3636
4095
4095
4095
4095
4095
3901
3206
2423
1636
944
413
88
3
64
308
663
668
739
839
960
1109
1289
1518
1826
2192
2598
2996
3359
3648
3804
3841
3789
3661
3464
3255
3036
2839
2620
2424
2200
1948
1680
1425
1203
1042
971
989
1089
1241
1400
1562
1712
1864
2054
2288
2523
2798
3017
3158
3208
3122
2910
2649
2350
2055
1843
1681
1564
1488
1449
1402
1393
1434
1542
1715
1951
2219
2466
2664
2800
2858
2862
2831
2795
2777
2778
2785
2772
2717
2610
2406
2153
1831
1550
1248
996
820
726
724
838
1050
1329
1651
2004
2339
2649
2921
3155
3364
3541
3682
3796
3848
3803
3636
3310
2864
2295
1681
1075
529
151
0
1
1
2
54
218
437
675
989
1341
1771
2248
2752
3232
3639
3974
4095
4095
4095
4080
3822
3514
1817
1094
437
3
2
2
1
1
42
619
1370
2190
2996
3712
4095
4095
4095
4095
4095
3913
3340
2672
2027
1408
884
466
187
60
92
254
551
968
1474
2019
2616
3168
3666
4090
4095
4095
4095
4095
3983
3482
2876
2230
1589
1023
561
235
59
42
173
453
850
1348
1914
2510
3089
3615
4048
4095
4095
4095
4095
3972
3502
2898
2240
1556
900
310
2
1
1
3
3
1
337
925
1555
2176
2745
3260
3675
4000
4095
4095
4095
4018
3658
3144
2531
1869
1221
647
235
3
3
12
246
598
1027
1498
1982
2462
2898
3280
3551
3708
3717
3609
3382
3044
2639
2218
1779
1369
1008
709
491
361
333
415
628
964
1399
1910
941
1058
1205
1342
1505
1687
1913
2195
2516
2864
3203
3494
3726
3871
3930
3938
3893
3806
3670
3456
3161
2780
2337
1849
1364
935
585
332
163
91
95
171
316
528
816
1184
1612
2077
2552
2990
3354
3604
3759
3831
3827
3770
3654
3508
3290
3035
2726
2375
2010
1633
1263
924
610
339
113
2
1
2
1
195
523
933
1394
1887
2385
2852
3300
3691
4048
4095
4095
4095
4095
4095
4095
3935
3473
2980
2495
2030
1591
1183
789
426
72
1
2
1
3
0
1
1
30
431
945
1514
2119
2728
3294
3782
4095
4095
4095
4095
4095
4095
4095
4095
4095
4095
3798
3336
2762
2123
1480
884
377
10
0
0
0
1
1
1
