2080
2085
2082
2087
2081
2086
2087
2086
2084
2084
2091
2084
2082
2079
2084
2082
2083
2078
2080
2076
2084
2079
2077
2080
2080
2079
2082
2074
2084
2075
2076
2070
2079
2077
2076
2080
2082
2085
2079
2077
2082
2080
2079
2075
2081
2083
2077
2082
2077
2080
2079
2083
2082
2078
2082
2085
2077
2077
2084
2081
2079
2084
2079
2083
2083
2081
2085
2082
2083
2080
2078
2079
2083
2082
2078
2081
2084
2084
2082
2085
2083
2082
2089
2089
2084
2087
2080
2090
2091
2088
2082
2081
2084
2084
2082
2088
2088
2089
2087
2088
2084
2087
2087
2088
2082
2089
2092
2090
2094
2099
2093
2092
2095
2098
2093
2091
2090
2087
2092
2088
2089
2087
2087
2093
2092
2090
2099
2102
2094
2093
2097
2097
2097
2088
2098
2096
2088
2090
2092
2092
2087
2084
2089
2085
2092
2087
2089
2091
2088
2079
2091
2087
2088
2083
2082
2077
2080
2079
2089
2086
2083
2082
2085
2082
2085
2082
2079
2079
2080
2083
2079
2080
2081
2076
2074
2079
2077
2076
2084
2082
2083
2085
2080
2079
2082
2084
2086
2088
2085
2089
2084
2079
2082
2079
2078
2083
2082
2084
2078
2086
2080
2091
2081
2088
2090
2080
2088
2091
2100
2093
2090
2089
2088
2097
2100
2101
2094
2092
2093
2096
2096
2096
2099
2098
2098
2104
2102
2101
2100
2104
2108
2112
2106
2105
2110
2104
2102
2099
2105
2106
2108
2104
2106
2102
2109
2106
2110
2108
2103
2111
2111
2105
2108
2112
2115
2121
2110
2115
2110
2115
2116
2123
2114
2110
2117
2107
2117
2118
2118
2119
2112
2120
2123
2119
2120
2126
2123
2129
2131
2127
2132
2132
2136
2127
2129
2123
2140
2126
2128
2122
2128
2126
2128
2138
2136
2132
2132
2127
2144
2140
2138
2128
2128
2130
2136
2124
2133
2135
2137
2133
2129
2130
2132
2126
2126
2123
2125
2119
2130
2122
2125
2131
2121
2128
2127
2126
2125
2124
2114
2112
2116
2111
2105
2110
2112
2104
2113
2112
2108
2103
2105
2094
2109
2106
2093
2090
2095
2089
2090
2087
2094
2091
2088
2086
2085
2079
2077
2086
2082
2086
2083
2082
2081
2076
2080
2077
2078
2069
2074
2074
2064
2050
2063
2059
2062
2068
2076
2076
2067
2070
2063
2067
2064
2061
2161
2133
2096
2053
2008
1972
1929
1911
1896
1903
1927
1963
2010
2079
2149
2216
2280
2345
2401
2441
2476
2493
2504
2499
2489
2474
2444
2400
2368
2324
2278
2224
2166
2091
2042
2013
1978
1960
1940
1936
1924
1942
1961
1978
2006
2032
2044
2060
2056
2064
2045
2042
2016
1988
1972
1940
1912
1897
1880
1872
1873
1898
1905
1923
1944
1967
1977
2000
2022
2036
2054
2070
2094
2102
2124
2140
2170
2178
2208
2212
2204
2196
2188
2148
2124
2085
2050
2016
2036
2044
2049
2054
2086
2088
2104
2104
2106
2089
2084
2068
2071
2068
2082
2079
2089
2105
2118
2125
2156
2184
2224
2265
2314
2353
2406
2439
2465
2463
2444
2411
2381
2329
2273
2219
2181
2165
2158
2165
2042
1996
1960
1947
1941
1962
2010
2076
2150
2239
2328
2411
2468
2496
2502
2474
2411
2326
2242
2134
2034
1925
1825
1748
1692
1643
1634
1659
1710
1788
1883
1986
2085
2180
2250
2312
2342
2345
2326
2282
2241
2174
2107
2035
1975
1943
1922
1932
1980
2050
2144
2245
2355
2440
2516
2558
2571
2554
2509
2440
2357
2252
2152
2041
1933
1838
1769
1726
1721
1750
1807
1894
1996
2098
2187
2248
2295
2306
2287
2244
2190
2120
2064
1992
1945
1900
1898
1916
1967
2022
2129
2226
2321
2389
2429
2437
2404
2334
2234
2114
1994
1874
1783
1722
1690
1697
1743
1824
1936
2056
2192
2300
2399
2436
2446
2421
2340
2240
2091
1938
1807
1690
1606
1561
1563
1615
1719
1851
2190
2189
2216
2275
2325
2343
2315
2279
2286
2296
2289
2207
2096
1987
1977
2031
2093
2069
1977
1855
1778
1738
1677
1578
1480
1479
1630
1898
2146
2255
2256
2208
2193
2189
2160
2088
2022
1989
2006
2003
1952
1883
1853
1910
2052
2192
2258
2265
2268
2257
2244
2218
2179
2184
2188
2170
2116
2046
2008
2010
2013
1956
1818
1674
1639
1780
2006
2204
2314
2371
2409
2441
2447
2386
2295
2216
2177
2195
2213
2184
2077
1930
1834
1824
1899
1988
2066
2108
2181
2303
2402
2437
2385
2313
2246
2220
2210
2174
2078
1982
1922
1878
1790
1669
1578
1555
1636
1753
1858
1921
1958
1966
1974
1991
2050
2104
2104
2042
1971
1946
1965
2040
2120
2205
2319
2450
2562
2591
2380
2347
2265
2146
2008
1887
1805
1780
1809
1908
2058
2224
2364
2449
2456
2382
2278
2130
1994
1918
1859
1870
1909
1980
2069
2158
2250
2317
2330
2302
2232
2152
2066
2014
1978
1984
1996
2019
2048
2080
2112
2146
2165
2167
2152
2103
2056
2030
1990
1999
2018
2065
2122
2168
2203
2196
2159
2074
1963
1848
1752
1707
1727
1816
1965
2173
2393
2593
2722
2762
2701
2545
2338
2099
1872
1717
1635
1663
1782
1949
2162
2347
2478
2530
2490
2386
2237
2052
1914
1801
1763
1786
1871
1992
2124
2229
2284
2285
2220
2100
1965
1850
1783
1772
1818
1912
2040
2185
2316
2420
2471
2448
2367
2234
2087
1946
1823
1748
1746
1798
1921
2079
2238
2360
2417
2391
2292
2157
2359
2327
2283
2253
2218
2191
2188
2256
2400
2465
2384
2227
2118
2039
1862
1573
1500
1608
1720
1749
1680
1722
1948
2061
2056
2150
2380
2622
2663
2468
2257
2076
1978
1813
1649
1581
1688
1782
1861
1954
2082
2247
2343
2373
2374
2380
2449
2534
2517
2297
1974
1706
1600
1549
1608
1786
2129
2418
2565
2559
2500
2510
2448
2314
2094
1902
1823
1817
1821
1867
1951
2002
2068
2132
2263
2502
2774
2933
2816
2509
2190
1932
1766
1562
1534
1631
1750
1880
1932
2046
2119
2098
2035
1932
1846
1804
1751
1851
2063
2241
2306
2406
2586
2705
2609
2393
2252
2262
2290
2292
2238
2215
2269
2288
2283
2165
2009
1945
1961
1930
1836
1788
1851
1864
1878
1851
1848
1842
2351
2066
1793
1545
1412
1383
1471
1661
1899
2132
2347
2464
2502
2479
2373
2241
2142
2057
2049
2046
2046
1995
1913
1817
1768
1813
1949
2151
2387
2558
2659
2581
2436
2261
2056
1956
1900
1878
1906
1913
1900
1878
1877
1903
1956
2077
2232
2357
2523
2572
2485
2328
2040
1824
1681
1671
1863
2197
2540
2735
2789
2691
2412
2115
1818
1593
1441
1427
1558
1797
2123
2500
2798
2884
2783
2563
2235
1956
1775
1782
1907
1992
2084
2060
1970
1836
1732
1752
1829
1892
1942
1961
1974
2004
2114
2278
2460
2656
2795
2848
2862
2737
2472
2093
1616
1157
767
522
560
763
1162
1693
2195
2630
2909
3016
3053
3050
3057
3029
2932
2780
2525
2208
1922
1698
1510
1420
2213
2452
2536
2485
2392
2299
2288
2360
2425
2365
2270
2166
2112
2072
1984
1831
1674
1547
1476
1398
1399
1492
1675
1960
2272
2471
2510
2432
2395
2341
2336
2238
2016
1781
1680
1775
2042
2319
2448
2407
2253
2164
2151
2275
2393
2390
2337
2232
2116
1974
1904
1904
1928
1952
2011
2135
2288
2364
2314
2166
2020
2012
2092
2218
2309
2340
2347
2305
2234
2176
2111
2011
1838
1565
1238
998
1000
1183
1496
1880
2287
2648
2957
3212
3315
3258
3019
2632
2136
1684
1397
1290
1445
1716
1995
2099
1962
1649
1330
1139
1185
1478
1818
2076
2177
2201
2245
2392
2620
2827
2970
2918
2776
2608
2446
2334
2331
2307
2328
2291
2179
2028
1879
1807
1843
1893
1846
1679
2739
2347
1927
1612
1538
1688
1974
2261
2384
2222
1871
1430
1066
909
922
1090
1347
1697
2104
2546
2935
3204
3248
3023
2652
2245
2016
2005
2174
2351
2416
2292
1990
1595
1213
922
799
993
1414
2051
2725
3271
3528
3447
3063
2540
2076
1752
1601
1598
1663
1780
1886
1900
1794
1575
1338
1204
1289
1647
2193
2775
3200
3405
3363
3142
2850
2556
2272
2003
1783
1673
1712
1853
1956
1925
1737
1483
1337
1427
1728
2146
2536
2825
2928
2913
2851
2811
2796
2829
2901
2971
2993
2852
2546
2168
1787
1502
1330
1259
1244
1285
1415
1621
1874
2176
2477
2679
2750
2694
2592
2547
2612
2705
2702
2504
2116
1559
955
532
442
752
1350
2010
2573
2872
2878
2688
3284
3038
2746
2444
2139
1839
1614
1526
1597
1822
2146
2466
2768
2879
2815
2599
2213
1769
1285
876
546
341
282
394
723
1213
1854
2516
3132
3618
3908
4024
3944
3698
3364
2996
2626
2299
2042
1835
1677
1542
1442
1394
1366
1372
1425
1491
1591
1712
1821
1952
2085
2218
2317
2436
2570
2734
2884
2994
3022
2916
2687
2311
1896
1468
1136
947
907
997
1246
1553
1888
2232
2492
2655
2737
2699
2618
2475
2288
2126
1956
1842
1806
1906
2096
2416
2739
2998
3117
3063
2826
2418
1940
1463
1068
799
754
848
1093
1480
1950
2461
2939
3318
3536
3571
3370
2948
2410
1800
1228
787
564
598
935
1473
2101
2730
3254
3559
3607
3376
2922
2278
1545
852
2320
2367
2453
2480
2331
2016
1589
1159
825
703
880
1321
1882
2416
2863
3184
3361
3341
3112
2680
2084
1406
771
346
295
656
1319
2098
2792
3234
3358
3197
2881
2534
2248
2070
1985
1972
2018
2116
2241
2339
2325
2120
1696
1158
671
395
394
665
1179
1823
2466
3036
3518
3899
4095
4095
3828
3167
2288
1452
850
544
487
590
774
969
1133
1180
1147
1113
1133
1221
1314
1471
1755
2185
2710
3254
3778
4095
4095
4095
4095
4095
4065
3336
2523
1818
1308
1012
903
908
972
1040
1080
1120
1197
1366
1590
1799
1918
1986
2072
2249
2519
2864
3241
3616
3950
4095
4095
3904
3352
2608
1808
1079
509
150
32
182
567
1081
1622
2114
2512
2782
2
1
2
693
1746
2823
3820
4095
4095
4095
4095
4095
4095
4095
3882
2920
1896
876
3
2
2
4
2
4
3
520
1458
2392
3244
3950
4095
4095
4095
4095
4095
3596
2923
2239
1572
995
595
375
385
622
1027
1587
2176
2748
3224
3583
3770
3787
3605
3281
2813
2206
1499
744
7
2
2
3
1
2
1
2
528
1615
2782
3910
4095
4095
4095
4095
4095
4095
4095
4095
4075
2952
1712
526
3
3
2
2
1
2
0
574
1790
2993
4056
4095
4095
4095
4095
4095
4095
4095
4075
3282
2419
1557
745
42
2
3
3
1
1
2
623
1474
2309
2988
3445
3644
3584
3296
2835
2309
1759
1277
935
741
716
853
799
827
904
1015
1144
1286
1424
1577
1711
1850
1977
2104
2246
2414
2608
2825
3048
3273
3482
3673
3826
3930
3995
4034
4028
3983
3912
3811
3671
3524
3346
3172
2999
2816
2650
2518
2411
2312
2239
2193
2135
2075
1990
1882
1744
1574
1396
1194
984
761
559
390
220
109
21
1
0
72
199
388
605
856
1135
1416
1666
1915
2141
2309
2450
2565
2647
2705
2733
2729
2709
2672
2608
2540
2464
2394
2340
2291
2255
2248
2267
2301
2352
2412
2468
2533
2603
2665
2738
2813
2893
2988
3066
3165
3268
3371
3468
3552
3624
3664
3671
3648
3599
3509
3376
3226
3061
2875
2665
2471
2252
2050
1850
1648
1464
1263
1092
915
757
601
461
347
244
161
