2096
2101
2083
2102
2069
2073
2090
2108
2105
2104
2089
2086
2067
2079
2085
2083
2097
2099
2075
2088
2075
2084
2092
2104
2098
2085
2090
2083
2091
2116
2108
2079
2087
2109
2085
2090
2123
2136
2147
2094
2103
2105
2093
2110
2099
2111
2106
2132
2100
2072
2090
2092
2089
2100
2131
2093
2089
2122
2078
2098
2092
2096
2088
2069
2097
2130
2118
2121
2099
2088
2112
2102
2111
2094
2100
2106
2091
2088
2098
2088
2116
2120
2100
2094
2082
2091
2090
2069
2101
2072
2130
2082
2080
2080
2063
2083
2099
2101
2074
2078
2091
2078
2079
2087
2074
2085
2101
2096
2106
2096
2088
2084
2096
2068
2075
2085
2087
2089
2122
2141
2102
2135
2096
2113
2095
2093
2051
2076
2100
2081
2076
2034
2073
2092
2098
2071
2095
2102
2087
2069
2079
2098
2092
2097
2116
2110
2107
2107
2128
2093
2124
2094
2078
2063
2111
2091
2082
2109
2083
2072
2067
2086
2114
2095
2097
2099
2083
2071
2100
2111
2080
2082
2096
2094
2085
2086
2068
2095
2112
2087
2057
2063
2090
2103
2075
2109
2096
2099
2111
2069
2054
2087
2104
2100
2106
2115
2058
2083
2066
2086
2066
2053
2101
2082
2059
2120
2081
2083
2079
2064
2103
2099
2103
2116
2076
2104
2091
2100
2088
2085
2100
2097
2098
2076
2086
2116
2127
2094
2099
2101
2070
2061
2055
2069
2075
2077
2085
2080
2083
2100
2085
2062
2080
2095
2068
2100
2101
2100
2084
2077
2075
2086
2112
2080
2057
2064
2064
2078
2111
2124
2093
2107
2099
2076
2073
2081
2080
2059
2069
2054
2027
2017
2049
2076
2042
2026
2021
2028
2019
2059
2056
2034
2022
2056
2049
1999
2049
2070
2034
2040
2049
1990
2010
2032
2045
2050
2030
2061
2072
2071
2095
2070
2100
2104
2082
2124
2082
2094
2114
2134
2116
2108
2141
2146
2143
2154
2178
2149
2137
2159
2139
2126
2115
2086
2093
2125
2092
2091
2082
2061
2084
2058
2054
2057
2050
2037
2036
2004
2016
2025
2033
2036
2023
2052
2046
2039
2023
2061
2015
2027
2051
2051
2049
2080
2062
2085
2076
2069
2091
2099
2075
2099
2121
2111
2051
2080
2083
2137
2144
2122
2125
2102
2078
2066
2108
2126
2090
2101
2096
2127
2114
2089
2085
2084
2240
2226
2220
2191
2138
2107
2059
2021
2008
1992
1986
1970
1979
1967
1929
1924
1873
1845
1857
1849
1859
1836
1851
1858
1889
1896
1911
1918
1958
1973
1964
1997
2018
2019
2064
2088
2091
2115
2167
2178
2208
2239
2227
2265
2288
2270
2290
2348
2375
2378
2400
2397
2409
2376
2336
2310
2245
2256
2179
2150
2137
2129
2100
2072
2075
2016
2003
2025
2007
2015
2015
2014
2010
2018
2027
1984
1988
1946
1975
1935
1935
1957
1964
1993
1956
1937
1979
2000
2019
2056
2101
2138
2160
2225
2198
2189
2193
2185
2193
2225
2203
2245
2281
2274
2271
2313
2277
2259
2200
2188
2190
2148
2113
2142
2149
2144
2089
2086
2074
2057
2047
2050
2024
2052
2050
2024
2011
1980
1979
1975
1981
2021
2083
2089
2124
2154
2151
2148
2162
2158
2170
2120
2080
2048
2052
1980
1967
1992
1980
1992
2048
2100
2103
2164
2169
2211
2258
2245
2243
2201
2190
2151
2099
2059
2055
2018
2025
2031
2052
2089
2135
2181
2146
2169
2156
2120
2106
2096
2031
1995
1966
1962
1960
1976
1994
1992
1998
2020
2000
2024
2038
2047
2078
2125
2200
2226
2236
2284
2266
2258
2239
2219
2167
2136
2100
2084
2085
2095
2117
2152
2181
2170
2158
2179
2114
2088
2077
2037
2040
2015
2023
2031
2070
2101
2065
2112
2099
2072
2064
2005
1987
1977
1976
2018
2029
2098
2137
2174
2217
2260
2293
2285
2325
2296
2240
2222
2188
2153
2105
2060
2022
1965
1939
1931
1914
1931
2281
2219
2110
2076
2021
1997
1971
1940
1988
2013
2015
2036
2016
2091
2117
2145
2211
2267
2304
2336
2352
2351
2285
2252
2227
2108
2057
2004
1962
1888
1794
1780
1794
1863
1957
2065
2149
2225
2273
2290
2336
2337
2385
2395
2384
2262
2173
2067
1982
1916
1897
1839
1803
1735
1725
1729
1752
1811
1869
1952
2051
2118
2197
2250
2324
2422
2494
2514
2512
2483
2432
2362
2261
2200
2156
2068
1937
1878
1839
1825
1827
1864
1867
1923
2022
2066
2135
2171
2225
2280
2293
2311
2292
2240
2183
2126
2092
2039
1988
1906
1846
1845
1912
1968
2064
2053
2084
2104
2139
2196
2235
2255
2249
2213
2111
2058
1971
1948
1912
1875
1905
1855
1816
1868
1960
2076
2143
2218
1878
1931
1994
2097
2182
2291
2365
2411
2440
2408
2351
2300
2241
2210
2153
2193
2191
2231
2265
2287
2286
2244
2220
2131
2083
2002
1900
1821
1756
1700
1720
1766
1833
1900
1958
2041
2150
2246
2330
2333
2347
2316
2249
2138
1972
1834
1705
1626
1581
1623
1708
1819
1959
2084
2178
2246
2297
2286
2327
2358
2400
2410
2418
2422
2421
2359
2311
2303
2225
2169
2126
2058
2022
1978
1940
1903
1898
1893
1929
1968
2051
2137
2228
2304
2328
2329
2274
2163
2067
1953
1870
1867
1874
1916
2020
2072
2155
2167
2181
2186
2171
2184
2184
2199
2190
2182
2177
2125
2067
2000
1973
1955
1922
1943
1946
1911
1884
1844
1818
1808
1808
1829
1919
1977
2045
2098
2115
2130
1894
1939
1948
1978
2021
2089
2143
2211
2257
2260
2169
2101
2039
1995
2012
2018
2014
1963
1915
1903
1925
1983
2013
2013
2001
2042
2102
2166
2172
2134
2044
1950
1907
1848
1826
1843
1864
1953
2049
2132
2193
2254
2329
2409
2417
2369
2305
2269
2259
2263
2228
2192
2127
2038
1963
1874
1810
1821
1879
1900
1897
1857
1872
1913
2048
2210
2291
2319
2248
2171
2115
2070
2126
2160
2170
2168
2127
2093
2124
2217
2381
2511
2577
2549
2435
2302
2172
2049
1917
1824
1738
1699
1698
1721
1802
1894
2000
2081
2099
2148
2217
2302
2391
2447
2471
2428
2344
2242
2095
1958
1843
1726
1674
1637
1681
1770
1904
2009
2060
2067
2084
2121
2173
2240
2294
2344
2337
2273
1789
1829
1904
1988
2079
2174
2238
2296
2304
2269
2232
2196
2120
2055
2036
2024
2002
1993
2007
2008
2049
2096
2119
2161
2210
2216
2237
2194
2141
2090
2062
2064
2114
2188
2229
2249
2234
2192
2174
2088
2038
1962
1940
1954
1960
2042
2136
2241
2326
2408
2370
2301
2206
2070
1931
1831
1790
1790
1862
1995
2134
2258
2327
2329
2274
2160
2061
1950
1902
1897
1954
1999
2054
2104
2148
2159
2167
2200
2202
2194
2169
2093
2037
1965
1910
1875
1884
1909
1914
1927
1877
1848
1811
1850
1930
2082
2261
2443
2506
2536
2498
2389
2295
2169
2024
1876
1773
1671
1650
1681
1794
1945
2054
2166
2196
2191
2163
2120
2070
2003
1981
2016
2112
2230
2336
2386
2355
2270
2167
2101
2027
1987
1933
1861
1808
1801
1855
1997
2179
2318
2435
2463
2412
2287
2179
2077
2018
1918
1773
1674
1582
1505
1476
1563
1704
1922
2174
2416
2640
2796
2891
2856
2727
2565
2398
2194
2019
1867
1735
1619
1553
1518
1544
1634
1751
1901
2053
2218
2336
2428
2443
2372
2220
2034
1826
1658
1592
1601
1730
1900
2106
2313
2451
2568
2644
2690
2685
2672
2597
2491
2320
2112
1876
1650
1515
1449
1490
1614
1778
1992
2192
2348
2492
2534
2583
2534
2455
2335
2150
1981
1854
1731
1693
1726
1828
1982
2158
2329
2496
2563
2597
2547
2420
2286
2126
1979
1841
1739
1667
1621
1631
1737
1814
1927
2103
2255
2381
2455
2469
2404
2306
2152
2001
1866
1742
1664
1760
1682
1611
1526
1454
1451
1565
1794
2109
2438
2664
2704
2652
2518
2368
2257
2236
2228
2183
2127
2007
1790
1665
1563
1569
1618
1752
1938
2251
2628
2964
3172
3196
3042
2684
2277
1940
1704
1670
1705
1787
1905
2008
2058
2087
2098
2045
1943
1830
1739
1770
1869
2068
2323
2546
2673
2678
2550
2277
1980
1716
1558
1553
1661
1832
2012
2132
2195
2167
2049
1934
1824
1816
1942
2156
2369
2492
2483
2324
2043
1740
1509
1420
1505
1649
1784
1919
1961
1955
1952
1967
2069
2172
2290
2413
2544
2654
2711
2645
2479
2204
1916
1713
1536
1504
1532
1610
1677
1711
1767
1850
1942
2032
2113
2183
2256
2279
2312
2365
2434
2537
2581
2624
2546
2450
2335
2272
2243
1755
1632
1578
1601
1680
1865
2063
2301
2484
2649
2788
2807
2737
2573
2374
2137
1907
1682
1522
1441
1408
1503
1657
1840
2027
2234
2429
2550
2611
2613
2573
2432
2248
2033
1825
1645
1566
1536
1626
1813
2003
2198
2459
2634
2746
2819
2793
2668
2432
2142
1825
1559
1349
1238
1234
1324
1521
1769
2089
2418
2693
2924
3065
3105
3040
2848
2615
2249
1900
1566
1297
1083
955
973
1084
1312
1614
1976
2315
2616
2829
2911
2893
2802
2590
2379
2202
2023
1909
1812
1778
1738
1775
1779
1866
1985
2055
2091
2104
2071
2016
1970
1960
2002
2053
2129
2228
2296
2335
2353
2377
2365
2335
2352
2291
2226
2145
2056
2002
1980
2016
2028
2095
2176
2195
2212
2189
2155
896
1264
1651
2003
2311
2574
2840
3111
3256
3232
3037
2696
2359
2153
2036
1963
1860
1696
1488
1332
1297
1378
1643
1945
2223
2418
2536
2630
2713
2781
2797
2672
2509
2306
2082
1850
1600
1448
1415
1478
1597
1784
2016
2215
2384
2478
2533
2543
2528
2491
2456
2456
2472
2473
2457
2324
2102
1874
1663
1547
1486
1502
1562
1702
1915
2119
2315
2521
2737
2846
2871
2774
2608
2377
2111
1788
1528
1348
1256
1219
1254
1307
1391
1462
1642
1886
2223
2526
2762
2860
2842
2764
2644
2508
2371
2186
2034
1854
1775
1764
1765
1745
1694
1616
1532
1591
1715
1869
2029
2191
2278
2360
2517
2666
2750
2758
2640
2472
2221
2006
1806
1640
1518
1486
1529
1632
1777
1966
1236
864
591
545
668
952
1361
1802
2197
2550
2742
2806
2778
2717
2593
2456
2265
2087
1897
1731
1672
1649
1683
1822
2008
2210
2381
2524
2584
2606
2596
2538
2433
2278
2125
1957
1848
1724
1702
1763
1886
2108
2262
2471
2584
2629
2634
2585
2464
2282
2088
1881
1726
1589
1539
1587
1730
1983
2260
2527
2697
2759
2740
2608
2376
2082
1801
1610
1475
1422
1420
1464
1562
1674
1809
1945
2126
2328
2616
2872
3039
3125
3039
2792
2432
2018
1579
1216
973
819
802
922
1165
1480
1833
2201
2544
2827
3001
3024
2961
2751
2476
2182
1932
1713
1589
1536
1542
1608
1625
1683
1764
1896
2070
2227
2374
2498
2540
2499
2386
2175
1969
1782
1709
1757
1877
2080
2278
2667
3040
3360
3523
3440
3117
2633
2035
1490
1013
688
424
254
121
32
5
67
267
530
929
1434
1980
2529
2985
3371
3532
3560
3450
3279
3073
2912
2705
2450
2180
1894
1658
1485
1399
1377
1376
1343
1338
1432
1590
1890
2310
2747
3128
3390
3522
3522
3489
3464
3441
3504
3532
3462
3280
2948
2538
2153
1809
1463
1108
726
316
6
1
1
146
509
940
1341
1679
1993
2369
2768
3210
3637
3936
4084
4095
4052
3901
3645
3275
2800
2224
1660
1155
824
672
641
659
711
704
776
951
1296
1760
2254
2649
2922
3030
2997
2963
2914
2868
2764
2549
2248
1944
1655
1532
1578
1691
1870
1962
2009
2005
1978
1988
2012
2022
2086
2171
2238
