2098
2105
2104
2102
2099
2092
2105
2096
2110
2092
2114
2094
2105
2088
2097
2101
2104
2102
2095
2109
2102
2092
2090
2090
2108
2101
2106
2105
2105
2096
2105
2087
2100
2095
2101
2104
2083
2092
2096
2101
2098
2100
2106
2110
2102
2100
2106
2111
2107
2108
2126
2115
2122
2110
2125
2112
2116
2115
2110
2100
2113
2121
2107
2114
2100
2100
2102
2115
2098
2106
2116
2107
2110
2114
2121
2102
2118
2105
2101
2104
2115
2122
2123
2120
2115
2095
2107
2102
2116
2111
2097
2101
2102
2108
2102
2106
2120
2115
2118
2126
2110
2096
2104
2114
2102
2101
2094
2121
2105
2115
2107
2102
2128
2117
2112
2118
2113
2106
2097
2107
2108
2127
2104
2104
2096
2113
2100
2099
2098
2091
2092
2095
2088
2089
2101
2100
2102
2100
2095
2101
2090
2098
2092
2090
2092
2096
2108
2090
2093
2092
2093
2091
2100
2094
2102
2088
2097
2105
2099
2094
2092
2108
2108
2093
2098
2101
2098
2091
2092
2088
2085
2088
2085
2096
2103
2092
2092
2093
2096
2102
2097
2096
2099
2101
2095
2088
2092
2090
2100
2093
2097
2099
2104
2094
2104
2096
2094
2103
2106
2093
2099
2090
2096
2093
2100
2091
2096
2095
2096
2090
2090
2089
2092
2093
2084
2102
2087
2087
2092
2097
2100
2092
2089
2092
2098
2102
2100
2089
2096
2097
2097
2097
2095
2091
2090
2095
2095
2090
2095
2090
2094
2096
2090
2094
2089
2093
2096
2096
2087
2088
2094
2093
2086
2097
2094
2092
2113
2116
2120
2112
2115
2115
2120
2114
2117
2120
2117
2126
2126
2129
2136
2139
2132
2140
2138
2137
2144
2153
2143
2138
2155
2148
2160
2141
2144
2139
2142
2152
2150
2139
2140
2140
2144
2139
2146
2147
2146
2125
2124
2123
2116
2111
2117
2110
2104
2082
2085
2096
2084
2088
2069
2071
2068
2056
2046
2054
2045
2044
2041
2039
2048
2040
2044
2037
2042
2036
2048
2047
2055
2073
2075
2081
2087
2087
2088
2103
2107
2108
2116
2131
2126
2134
2138
2141
2146
2156
2148
2149
2161
2158
2154
2152
2135
2135
2128
2124
2117
2102
2093
2081
2070
2063
2066
2049
2050
2039
2048
2050
2047
2038
2043
2057
2069
2071
2083
2090
2110
2127
2136
2151
2167
2171
2185
2201
2272
2305
2330
2326
2312
2264
2212
2160
2086
2016
1934
1892
1867
1876
1896
1932
1988
2031
2070
2099
2116
2082
2046
2005
1923
1888
1832
1813
1789
1806
1850
1886
1937
1993
2046
2105
2152
2194
2222
2254
2299
2338
2352
2366
2376
2369
2368
2363
2350
2333
2325
2328
2325
2308
2302
2292
2288
2252
2246
2222
2152
2141
2084
2026
1991
1953
1912
1869
1841
1823
1822
1795
1785
1792
1806
1811
1820
1837
1839
1839
1852
1843
1838
1842
1851
1870
1893
1924
1974
2018
2074
2138
2192
2229
2268
2304
2307
2326
2339
2368
2373
2390
2398
2393
2398
2373
2372
2330
2298
2249
2200
2145
2087
2077
2066
2045
2074
2107
2133
2155
2196
2185
2194
2212
2204
2182
2138
2107
1920
1942
1967
1976
2018
2047
2048
2080
2125
2145
2157
2216
2248
2258
2289
2312
2336
2355
2373
2344
2320
2286
2242
2178
2127
2052
1989
1912
1853
1822
1782
1756
1728
1733
1744
1785
1836
1850
1926
1962
2011
2072
2142
2174
2211
2236
2280
2291
2299
2285
2261
2254
2231
2182
2172
2132
2115
2130
2149
2161
2193
2219
2265
2302
2318
2353
2382
2367
2378
2399
2385
2382
2356
2318
2264
2240
2169
2125
2053
1995
1964
1930
1904
1896
1878
1903
1947
1987
2038
2087
2134
2171
2185
2210
2209
2214
2166
2146
2099
2030
1964
1898
1832
1782
1708
1720
1725
1739
1788
1859
1949
2034
2145
2265
2399
2501
2621
2680
2736
2782
2780
2743
2701
2626
2532
2407
2295
2175
1983
1945
1948
1955
1982
2004
2116
2222
2284
2341
2326
2320
2360
2439
2533
2652
2692
2656
2614
2564
2502
2481
2449
2390
2368
2284
2186
2060
1875
1760
1670
1632
1604
1597
1526
1513
1491
1487
1545
1631
1722
1864
1995
2131
2306
2454
2559
2600
2594
2537
2452
2408
2400
2363
2352
2333
2307
2265
2303
2356
2393
2410
2378
2318
2257
2216
2199
2122
2094
2049
1968
1885
1834
1869
1872
1891
1871
1840
1833
1832
1844
1836
1840
1814
1844
1885
1954
2022
2098
2201
2265
2365
2463
2540
2615
2671
2732
2729
2717
2632
2497
2376
2300
2278
2265
2274
2179
2031
1857
1726
1678
1686
1710
1720
1698
1680
1658
1661
1713
1841
1986
2086
2130
2135
2093
2053
2097
2179
2088
2019
1934
1835
1773
1703
1673
1658
1671
1710
1758
1801
1873
1976
2050
2103
2161
2202
2215
2261
2257
2264
2258
2248
2206
2176
2146
2100
2081
2093
2072
2068
2087
2105
2133
2114
2106
2070
1991
1920
1831
1730
1672
1625
1591
1580
1602
1646
1735
1840
1961
2071
2204
2325
2465
2570
2651
2710
2749
2758
2736
2655
2567
2454
2334
2215
2104
2027
1940
1888
1853
1841
1888
1926
1990
2063
2132
2184
2255
2283
2253
2216
2120
2037
1931
1783
1644
1542
1467
1414
1402
1448
1505
1619
1740
1924
2116
2322
2533
2737
2882
3010
3106
3132
3090
3007
2860
2672
2478
2252
2013
1812
1630
1434
1324
1269
1274
1291
1357
1468
1613
1778
1968
2127
2276
2414
2515
2584
2630
2620
2642
2667
2674
2646
2537
2343
2075
1811
1580
1436
1376
1438
1589
1801
2024
2226
2318
2383
2387
2304
2182
2102
1980
1859
1768
1682
1684
1709
1802
1871
1990
2130
2202
2203
2171
2026
1889
1787
1718
1695
1737
1867
2005
2125
2236
2316
2347
2336
2289
2254
2175
2061
1926
1777
1660
1598
1612
1711
1827
1998
2168
2312
2419
2461
2472
2481
2405
2340
2235
2153
2097
2086
2130
2192
2288
2361
2416
2478
2472
2453
2465
2450
2429
2379
2327
2209
2153
2075
2063
2077
2113
2114
2043
1971
1878
1763
1692
1667
1708
1737
1783
1828
1924
2050
2217
2401
2570
2637
2607
2489
2313
2161
2026
1931
1813
1722
1651
1549
1524
1533
1641
1760
1946
2117
2261
2407
2080
2126
2160
2145
2108
2068
1995
1872
1761
1639
1532
1462
1441
1466
1553
1676
1864
2055
2274
2511
2717
2883
2986
3067
3076
2992
2874
2669
2412
2141
1864
1605
1329
1148
1027
979
1016
1145
1352
1637
1974
2302
2625
2929
3164
3340
3425
3424
3349
3189
2965
2667
2350
1989
1621
1312
1029
836
682
663
762
911
1190
1500
1867
2232
2569
2842
3048
3171
3197
3167
3070
2946
2738
2539
2299
2060
1824
1629
1484
1356
1276
1281
1330
1417
1522
1689
1840
1995
2136
2261
2379
2438
2514
2529
2542
2559
2554
2533
2495
2423
2366
2276
2175
2108
2015
1931
1880
1848
1847
1835
1845
1840
1837
1860
1886
1925
1992
2083
2186
2285
2404
2506
2525
2550
2547
2480
2499
2582
2643
2609
2572
2400
2180
1992
1792
1674
1604
1605
1586
1540
1495
1412
1312
1212
1172
1170
1218
1342
1477
1676
1884
2143
2459
2802
3156
3521
3872
4095
4095
4095
4048
3766
3423
2999
2546
2112
1710
1340
1054
743
462
325
269
334
502
797
1121
1501
1855
2170
2465
2759
3055
3339
3593
3830
3965
4016
3902
3713
3418
3022
2623
2146
1685
1295
941
627
407
339
354
488
725
1041
1372
1766
2112
2488
2818
3080
3225
3314
3320
3278
3177
3087
2893
2688
2445
2214
1989
1878
1847
1785
1788
1817
1752
1673
1594
1542
1540
1553
1569
1591
1658
1776
1926
2130
2330
2460
2560
2614
2599
2540
2446
2322
2164
1976
1792
1644
1520
1482
1455
1448
2056
1926
1790
1654
1497
1383
1310
1276
1306
1411
1597
1846
2144
2444
2749
3024
3234
3382
3495
3486
3405
3242
3031
2763
2446
2118
1758
1399
1098
807
618
507
489
608
803
1099
1439
1846
2218
2580
2876
3108
3265
3314
3280
3153
2964
2708
2411
2076
1748
1443
1201
986
868
865
1000
1225
1520
1888
2282
2659
2995
3262
3416
3493
3478
3351
3126
2845
2498
2098
1703
1309
944
650
454
357
432
642
992
1456
2021
2607
3178
3662
4078
4095
4095
4095
4095
3937
3505
2971
2399
1783
1170
569
71
3
1
1
3
1
127
732
1444
2180
2889
3510
3995
4095
4095
4095
4095
3804
3334
2756
2168
1576
1027
564
213
17
11
183
536
1036
4095
4095
4095
4095
3846
3495
3122
2672
2216
1760
1271
886
544
309
180
183
306
540
802
1142
1528
1942
2352
2674
2918
3108
3170
3208
3231
3226
3244
3300
3325
3306
3199
2969
2666
2220
1732
1199
721
348
56
3
88
337
729
1187
1707
2242
2706
3089
3350
3454
3398
3192
2880
2516
2215
2006
1935
2010
2255
2564
2875
3106
3184
3080
2771
2340
1790
1183
689
300
156
220
430
774
1193
1624
2091
2539
2982
3370
3674
3873
3914
3776
3485
3025
2512
1952
1476
1080
840
771
823
1070
1376
1664
1892
2063
2083
1985
1794
1538
1334
1265
1333
1652
2149
2806
3481
4028
4095
4095
4095
3650
2952
2213
1569
1044
726
627
674
875
1177
1505
2065
2304
2604
2914
3210
3481
3689
3820
3872
3804
3689
3501
3256
2988
2699
2382
2014
1688
1344
1049
853
681
607
572
599
700
831
996
1208
1467
1741
2036
2306
2509
2649
2716
2708
2664
2615
2569
2559
2575
2613
2648
2658
2649
2592
2508
2397
2274
2177
2076
2033
1992
1975
1938
1931
1904
1908
1873
1832
1778
1733
1675
1600
1556
1507
1529
1587
1698
1875
2090
2312
2550
2739
2885
2990
3023
2992
2918
2796
2654
2475
2296
2116
1944
1737
1543
1371
1193
1056
968
911
915
1004
1161
1393
1676
2010
2369
2722
3052
3333
3542
3662
3662
3570
3372
3071
2726
2317
1910
1491
1133
854
685
594
577
671
836
1067
1365
1714
2081
2458
2823
3140
3395
3
2
27
819
1765
2669
3465
4091
4095
4095
4095
4095
4095
4082
3674
3212
2792
2349
1985
1640
1356
1088
827
593
358
129
2
3
3
4
32
329
750
1274
1882
2533
3188
3814
4095
4095
4095
4095
4095
4095
4095
3705
2888
2041
1189
432
2
3
4
1
3
2
260
898
1564
2200
2735
3161
3430
3559
3562
3418
3182
2894
2597
2320
2060
1914
1855
1843
1899
1979
2091
2166
2217
2220
2174
2073
1939
1808
1709
1594
1549
1542
1584
1733
1912
2177
2474
2760
3020
3205
3280
3258
3101
2854
2490
2072
1630
1221
873
648
584
680
974
1383
1882
2387
2842
3186
3376
3398
3258
2987
2637
2260
1900
1578
1400
1326
1386
1592
1876
2227
2030
2076
2120
2177
2226
2289
2336
2387
2430
2447
2484
2544
2671
2869
3104
3351
3571
3748
3860
3888
3840
3769
3646
3527
3364
3202
2995
2775
2491
2135
1774
1351
942
564
218
0
0
1
1
1
2
107
340
608
935
1306
1738
2194
2678
3176
3622
4004
4095
4095
4095
4095
4095
4095
4095
4095
3883
3571
3211
2832
2364
1886
1387
899
464
89
3
1
1
2
3
110
436
801
1177
1542
1885
2203
2462
2666
2846
2940
3004
2998
2952
2830
2676
2446
2169
1864
1554
1226
923
673
476
346
335
425
648
961
1357
1837
2355
2895
3432
3941
4095
4095
4095
4095
4095
4095
4095
4095
4095
4095
4095
4005
3388
2675
1926
1118
352
1
