2075
2096
2086
2078
2063
2093
2115
2099
2082
2076
2090
2083
2106
2116
2088
2090
2101
2143
2097
2091
2097
2079
2082
2126
2098
2100
2084
2102
2078
2096
2087
2080
2075
2093
2087
2079
2104
2091
2072
2095
2082
2107
2119
2090
2091
2108
2097
2100
2098
2074
2104
2102
2114
2093
2101
2093
2080
2136
2114
2084
2092
2088
2103
2115
2112
2089
2092
2087
2109
2092
2091
2097
2104
2111
2095
2101
2101
2076
2079
2106
2103
2102
2113
2101
2080
2094
2095
2091
2099
2078
2086
2085
2101
2114
2118
2064
2092
2089
2091
2089
2097
2071
2101
2086
2087
2053
2080
2109
2087
2107
2097
2091
2101
2101
2079
2124
2118
2083
2075
2073
2088
2092
2075
2041
2089
2057
2081
2088
2073
2077
2120
2104
2096
2124
2102
2113
2094
2096
2120
2073
2064
2086
2113
2094
2073
2101
2085
2081
2072
2090
2116
2095
2092
2087
2085
2081
2067
2091
2086
2101
2092
2078
2094
2101
2088
2089
2100
2087
2089
2106
2088
2097
2078
2092
2077
2106
2104
2119
2087
2074
2099
2104
2113
2106
2114
2134
2110
2099
2108
2112
2088
2104
2101
2090
2128
2119
2094
2078
2056
2091
2096
2099
2091
2100
2109
2106
2087
2087
2087
2086
2109
2110
2124
2088
2121
2104
2086
2062
2086
2102
2077
2095
2098
2078
2067
2061
2096
2105
2126
2096
2094
2091
2090
2096
2057
2066
2081
2085
2105
2063
2072
2097
2096
2127
2094
2085
2065
2092
2099
2106
2100
2099
2103
2073
2079
2084
2099
2097
2083
2085
2099
2084
2088
2137
2136
2085
2096
2068
2079
2081
2075
2135
2124
2108
2100
2096
2107
2121
2090
2088
2075
2095
2099
2127
2110
2080
2103
2073
2056
2106
2116
2112
2112
2113
2088
2101
2126
2100
2091
2076
2126
2097
2093
2116
2128
2110
2127
2091
2088
2103
2097
2087
2087
2079
2073
2099
2089
2075
2085
2087
2067
2100
2114
2082
2064
2046
2088
2088
2092
2128
2113
2135
2124
2107
2077
2130
2117
2091
2063
2067
2104
2122
2120
2099
2093
2067
2053
2104
2080
2060
2057
2078
2101
2087
2090
2105
2076
2069
2088
2061
2068
2075
2090
2112
2094
2101
2084
2066
2083
2068
2072
2079
2078
2082
2096
2110
2070
2079
2067
2120
2113
2084
2080
2091
2217
2179
2211
2224
2187
2173
2186
2166
2162
2169
2152
2193
2205
2167
2159
2133
2158
2148
2148
2150
2133
2125
2114
2109
2134
2136
2102
2109
2084
2098
2062
2056
2080
2072
2068
2071
2067
2035
2056
2039
2041
2038
2046
2034
2008
2015
2019
2037
2017
1987
2018
2022
2003
2028
2006
2018
2014
2002
1989
1980
2006
2008
2002
2000
1992
1984
1992
2004
2038
2010
2014
2013
2037
1998
2023
2040
2017
2015
2008
2001
2019
2006
2000
2005
1997
2013
2031
2009
1994
1965
1991
1979
2008
1976
2003
1996
1983
1982
1957
1992
2015
2032
2011
1996
2023
2025
2019
2042
2061
2054
2047
2071
2078
2085
2130
2133
2121
2130
2124
2131
2114
2144
2154
2166
2131
2168
2160
2193
2029
2025
2020
2018
2014
2047
2035
2030
2040
2037
2029
2003
2026
2024
2027
2024
2023
2017
2052
2072
2088
2110
2139
2126
2160
2190
2220
2237
2268
2277
2296
2289
2299
2291
2277
2276
2266
2251
2181
2184
2149
2141
2124
2128
2080
2063
2037
2025
2023
2019
2051
2062
2041
2021
2055
2031
2059
2087
2064
2104
2091
2099
2097
2104
2130
2114
2113
2133
2140
2113
2115
2128
2109
2128
2123
2142
2123
2102
2127
2113
2149
2136
2181
2183
2188
2200
2178
2215
2213
2234
2229
2189
2170
2139
2112
2084
2023
1983
1970
1937
1958
1942
1966
1970
1992
1998
2022
2014
2043
2016
2021
2035
2033
2063
2064
2083
2083
2104
2111
2137
2171
2172
2171
2146
2145
2147
2144
2144
2108
2138
2140
2114
2152
2171
2156
2151
2155
2166
2162
2187
2195
2215
2211
2194
2213
2225
2199
2189
2207
2196
2178
2217
2173
2141
2131
2103
2097
2038
2007
1942
1946
1931
1936
1951
1941
1962
1993
2025
2034
2066
2090
2107
2127
2113
2104
2133
2113
2132
2120
2133
2155
2108
2067
2039
2062
2032
2020
2015
2025
2026
2077
2091
2103
2093
2133
2207
2260
2284
2307
2322
2341
2300
2328
2291
2289
2232
2191
2169
2090
2040
1993
1900
1886
1848
1794
1790
1802
1768
1759
1832
1845
1915
1969
2001
2061
2124
2198
2286
2289
2331
2375
2364
2329
2326
2296
2266
2222
2192
2111
2116
2061
2036
1965
1983
1934
1929
1912
1947
1954
2040
2061
2079
2134
2152
2169
2197
2002
2012
1962
1964
2002
2019
2065
2116
2156
2180
2180
2219
2261
2259
2275
2323
2266
2245
2198
2161
2142
2153
2215
2226
2274
2311
2305
2311
2321
2331
2328
2297
2247
2201
2144
2084
2038
1987
2015
2016
1989
1982
2032
2020
2064
2099
2082
2093
2081
2110
2138
2172
2132
2130
2155
2115
2126
2069
2065
2045
2009
2027
2036
2040
2022
2047
2025
2050
2135
2195
2305
2395
2407
2401
2332
2273
2180
2076
2053
1994
1967
1909
1888
1896
1935
1965
2017
2083
2153
2232
2287
2286
2240
2255
2133
2086
2007
1947
1948
1972
1966
1945
1998
2032
2042
2078
2112
2125
2087
2025
1979
1942
1896
1857
1900
1916
1948
1984
2024
2090
2168
2258
2276
2246
2237
2162
2098
1976
2163
2158
2194
2273
2284
2292
2322
2307
2283
2238
2192
2145
2121
2101
2032
1993
1984
1968
2016
2018
2016
2011
2033
2018
2061
2144
2160
2220
2275
2298
2333
2353
2339
2290
2278
2237
2180
2098
2008
1920
1828
1790
1741
1764
1742
1738
1763
1842
1925
1956
2016
2078
2162
2218
2297
2312
2326
2329
2343
2320
2241
2199
2127
2087
2000
1926
1862
1836
1819
1834
1831
1869
1948
2027
2114
2187
2266
2360
2424
2451
2504
2518
2517
2470
2422
2356
2288
2182
2102
2032
1951
1900
1835
1802
1777
1779
1811
1849
1882
1982
2056
2141
2177
2235
2346
2412
2398
2463
2484
2432
2378
2380
2312
2239
2160
2069
2009
1928
1885
1857
1832
1823
1817
1830
1820
1854
1875
1912
2171
2094
1978
1888
1840
1811
1796
1811
1856
1917
1992
2088
2143
2190
2264
2296
2280
2293
2272
2254
2230
2238
2204
2180
2141
2124
2063
2030
2022
1991
1977
1988
1992
2056
2090
2124
2182
2264
2239
2219
2190
2162
2133
2098
2099
2095
2072
2135
2152
2154
2201
2203
2224
2220
2215
2250
2212
2179
2152
2102
2012
1884
1788
1742
1717
1729
1761
1787
1856
1870
1892
1896
1919
1947
1982
2062
2136
2256
2317
2335
2313
2280
2203
2189
2165
2179
2253
2265
2319
2296
2254
2184
2114
2050
2022
2075
2082
2100
2078
2044
1988
1865
1792
1760
1743
1768
1844
1929
1997
2108
2217
2265
2320
2337
2366
2423
2441
2434
2396
2342
2252
2184
2113
2038
1938
1871
1808
1760
1825
1879
1956
1996
2116
2189
2213
2271
2340
2368
2378
2354
2349
2319
2242
2220
2171
2127
2098
2094
2033
2070
2072
2076
2056
2047
2068
2052
2020
2037
2061
2056
2000
1993
2019
2010
1984
1955
1937
1919
1911
1933
1986
1977
2023
2073
2112
2155
2200
2212
2278
2249
2258
2257
2273
2233
2216
2203
2150
2094
2055
2013
1953
1934
1922
1863
1844
1864
1849
1875
1907
1934
1993
2039
2089
2134
2228
2299
2359
2386
2456
2514
2490
2490
2461
2464
2392
2326
2254
2184
2137
2059
1983
1950
1926
1881
1820
1782
1753
1769
1797
1784
1771
1803
1829
1849
1920
1970
2006
2080
2138
2197
2258
2267
2331
2331
2288
2301
2274
2225
2172
2140
2130
2089
2040
2065
2077
2122
2069
2082
2136
2175
2182
2222
2218
2233
2240
2269
2283
2293
2291
2320
2294
2280
2239
2185
2123
2086
1984
1869
1778
1661
1632
1588
1577
1596
1702
1825
1971
2102
2244
2387
2493
2542
2572
2607
2580
2567
2514
2427
2333
2231
2114
2010
1917
1794
1689
1602
1524
1502
1502
1529
1572
1720
1831
1978
2149
2302
2419
2511
2572
2596
2552
2544
2475
2382
2296
2147
2082
1986
1932
1923
1933
1974
1994
2037
2042
2082
2107
2113
2113
2136
2109
2098
2109
2073
2024
2011
1997
1975
1977
1955
1974
1989
2055
2085
2129
2179
2202
2268
2277
2291
2304
2272
2268
2252
2191
2141
2110
2040
1955
1904
1856
1805
1789
1818
1832
1832
1877
1883
1928
1965
2022
2078
2136
2198
2559
2649
2659
2688
2719
2701
2648
2584
2505
2386
2268
2154
2015
1888
1772
1637
1536
1463
1450
1392
1391
1434
1494
1569
1669
1808
1931
2071
2223
2331
2426
2526
2580
2626
2610
2595
2567
2510
2439
2397
2303
2254
2185
2079
1996
1907
1845
1776
1706
1659
1638
1595
1593
1627
1686
1719
1797
1881
1973
2049
2143
2216
2267
2316
2320
2338
2321
2307
2274
2240
2187
2169
2104
2051
2002
1934
1885
1848
1863
1847
1864
1917
2025
2123
2205
2332
2481
2556
2632
2715
2727
2720
2710
2651
2610
2532
2457
2376
2275
2142
2032
1897
1760
1665
1542
1432
1334
1276
1250
1245
1288
1343
1420
1548
1685
1816
1967
2116
2257
2356
2467
2528
2573
2599
2594
2578
2558
2504
1905
1972
2037
2141
2258
2423
2510
2645
2721
2756
2736
2677
2583
2449
2277
2144
1940
1779
1672
1573
1497
1460
1490
1494
1599
1665
1759
1888
2012
2144
2270
2337
2386
2404
2384
2345
2258
2160
2028
1924
1826
1751
1688
1677
1692
1753
1816
1937
2042
2193
2317
2430
2512
2597
2634
2644
2599
2543
2469
2322
2194
2056
1933
1829
1736
1667
1622
1628
1622
1683
1716
1770
1808
1861
1930
1978
2054
2100
2153
2193
2250
2271
2300
2320
2319
2295
2287
2300
2323
2314
2289
2276
2267
2237
2201
2160
2113
2070
2021
1962
1914
1908
1895
1879
1883
1907
1904
1944
2008
2025
2071
2105
2182
2246
2320
2383
2442
2509
2552
2578
2615
2623
2654
2654
2601
2550
2481
2417
1882
1921
1958
2016
2078
2101
2117
2098
2052
2026
2015
2061
2137
2258
2363
2460
2483
2472
2415
2346
2307
2291
2355
2420
2480
2492
2446
2320
2212
2066
1896
1819
1745
1716
1687
1677
1657
1661
1629
1671
1722
1722
1752
1775
1832
1902
2012
2165
2307
2440
2522
2548
2545
2493
2469
2447
2426
2435
2436
2410
2387
2324
2270
2238
2205
2192
2153
2111
2051
1953
1835
1756
1693
1709
1760
1839
1924
2042
2100
2080
2025
1951
1893
1870
1859
1907
1954
2012
2054
2076
2061
2013
1998
1927
1943
1984
2065
2148
2232
2325
2370
2439
2470
2498
2485
2486
2445
2365
2269
2160
2041
1949
1854
1771
1741
1720
1696
1690
1680
1622
1571
1508
1463
1442
1461
1530
1627
1740
2436
2372
2305
2206
2094
1941
1810
1674
1524
1431
1365
1384
1388
1409
1552
1692
1838
1997
2158
2352
2480
2589
2677
2720
2713
2689
2655
2578
2485
2389
2291
2189
2065
1974
1899
1827
1815
1838
1870
1923
1966
2014
2057
2096
2101
2115
2047
2039
2024
1967
1937
1921
1903
1888
1873
1862
1853
1884
1948
1989
2059
2144
2219
2279
2318
2384
2373
2354
2310
2245
2169
2052
1963
1884
1833
1798
1780
1764
1762
1775
1782
1821
1861
1912
1993
2077
2177
2304
2463
2590
2708
2792
2857
2856
2823
2709
2573
2372
2172
1946
1764
1622
1514
1486
1496
1583
1711
1845
1988
2167
2301
2400
2497
2563
2601
2624
2583
2525
2438
2334
2202
2046
1873
1742
1628
1528
1481
1438
