2095
2108
2094
2095
2099
2108
2101
2091
2098
2088
2097
2098
2087
2089
2086
2098
2099
2086
2090
2104
2104
2098
2097
2094
2109
2103
2081
2089
2085
2092
2096
2112
2088
2097
2111
2092
2095
2100
2110
2100
2087
2102
2088
2092
2083
2090
2100
2090
2111
2109
2110
2118
2095
2106
2107
2097
2098
2088
2094
2093
2089
2097
2100
2101
2094
2088
2096
2108
2113
2098
2099
2094
2097
2098
2093
2105
2094
2103
2087
2089
2106
2091
2088
2101
2092
2100
2116
2095
2088
2087
2085
2096
2095
2104
2107
2102
2097
2102
2098
2090
2079
2076
2087
2091
2103
2096
2095
2102
2103
2088
2096
2096
2104
2095
2096
2097
2083
2079
2096
2081
2102
2103
2092
2092
2098
2106
2100
2093
2090
2101
2096
2089
2077
2072
2094
2082
2094
2100
2086
2102
2092
2094
2082
2078
2091
2083
2074
2090
2093
2088
2080
2085
2082
2090
2094
2087
2084
2075
2084
2080
2091
2073
2090
2086
2091
2092
2084
2097
2094
2088
2104
2106
2086
2081
2090
2086
2099
2087
2094
2104
2095
2102
2109
2096
2090
2088
2080
2074
2080
2100
2097
2102
2090
2083
2090
2091
2089
2093
2089
2096
2094
2086
2087
2079
2089
2089
2075
2097
2105
2101
2097
2107
2097
2093
2092
2100
2090
2086
2096
2101
2079
2091
2087
2084
2092
2099
2097
2096
2100
2104
2085
2098
2108
2100
2100
2098
2103
2103
2080
2099
2090
2086
2101
2110
2104
2088
2098
2095
2089
2104
2083
2088
2094
2091
2098
2084
2104
2110
2098
2106
2109
2108
2107
2103
2107
2105
2109
2109
2116
2108
2107
2114
2109
2101
2107
2100
2104
2112
2104
2106
2101
2112
2124
2108
2108
2098
2100
2108
2101
2104
2100
2111
2096
2101
2106
2108
2108
2108
2103
2102
2109
2106
2104
2106
2104
2107
2102
2090
2084
2114
2091
2102
2114
2110
2106
2108
2109
2107
2103
2100
2102
2099
2094
2096
2110
2103
2100
2105
2112
2105
2100
2098
2104
2106
2095
2104
2100
2110
2111
2113
2113
2104
2109
2110
2105
2099
2103
2108
2107
2104
2098
2102
2111
2114
2102
2107
2114
2121
2116
2112
2117
2113
2115
2112
2104
2111
2107
2102
2106
2110
2109
2106
2110
2114
2108
2108
2112
2111
2117
2114
2114
2118
2114
2109
2019
2019
2024
2019
2052
2073
2076
2096
2121
2131
2167
2187
2204
2241
2255
2281
2284
2310
2303
2327
2309
2306
2290
2273
2271
2232
2190
2185
2147
2102
2070
2039
2017
1985
1968
1943
1917
1902
1896
1904
1898
1907
1933
1945
1971
2000
2028
2053
2079
2109
2127
2147
2171
2182
2193
2198
2201
2190
2187
2172
2154
2135
2101
2078
2056
2020
1986
1952
1936
1907
1894
1868
1872
1862
1865
1861
1876
1888
1911
1939
1974
1997
2031
2069
2097
2126
2166
2195
2224
2251
2277
2301
2315
2328
2337
2335
2337
2338
2334
2326
2321
2312
2303
2301
2289
2285
2283
2276
2276
2262
2264
2260
2264
2259
2258
2255
2256
2255
2248
2239
2229
2227
2206
2185
2168
2155
2138
2118
2286
2292
2293
2288
2275
2258
2250
2246
2262
2289
2313
2365
2416
2475
2525
2574
2610
2635
2645
2649
2641
2622
2605
2600
2587
2578
2568
2556
2547
2526
2507
2470
2430
2380
2326
2262
2198
2131
2070
2009
1963
1899
1850
1812
1763
1733
1696
1677
1647
1632
1629
1613
1609
1604
1602
1594
1598
1592
1586
1587
1583
1594
1609
1635
1674
1726
1788
1854
1918
1990
2056
2114
2159
2194
2217
2244
2259
2272
2279
2300
2326
2358
2386
2423
2456
2481
2500
2511
2519
2525
2530
2536
2542
2551
2548
2538
2538
2518
2487
2443
2397
2339
2289
2234
2175
2140
2089
2051
2017
1981
1945
1905
1872
1831
1804
1777
1762
1762
1759
1773
1805
1840
1871
1908
1936
1964
1992
2013
2058
2013
1972
1946
1936
1926
1935
1953
1975
2017
2044
2085
2129
2180
2219
2258
2292
2313
2332
2347
2357
2352
2338
2324
2308
2279
2255
2212
2175
2140
2106
2072
2032
2012
1992
1983
1978
1974
1981
1998
2021
2040
2069
2101
2134
2172
2200
2226
2245
2272
2288
2312
2320
2313
2309
2298
2288
2262
2248
2218
2187
2153
2111
2073
2014
1958
1911
1861
1795
1748
1694
1636
1592
1565
1533
1518
1521
1532
1567
1607
1660
1726
1799
1877
1960
2054
2140
2225
2296
2348
2406
2434
2468
2464
2455
2427
2402
2351
2316
2233
2154
2060
1967
1892
1815
1754
1690
1652
1625
1623
1640
1676
1720
1789
1856
1944
2044
2136
2213
2300
2371
2458
2512
2561
2604
2634
2644
2659
1960
2032
2091
2131
2132
2110
2111
2144
2210
2312
2426
2517
2567
2573
2541
2500
2463
2451
2430
2407
2335
2227
2084
1931
1761
1634
1588
1588
1634
1716
1805
1898
1961
2024
2106
2184
2298
2406
2521
2605
2671
2681
2659
2580
2481
2354
2233
2115
2020
1933
1853
1782
1722
1673
1650
1652
1682
1736
1819
1914
2000
2059
2105
2140
2157
2162
2155
2147
2124
2102
2104
2089
2059
2025
1980
1944
1905
1900
1921
1973
2033
2081
2139
2166
2197
2227
2254
2266
2299
2309
2328
2355
2382
2403
2403
2348
2279
2164
2033
1893
1801
1733
1683
1663
1656
1651
1644
1660
1703
1765
1841
1942
2058
2168
2289
2412
2531
2641
2741
2790
2783
2750
2658
2554
2443
2345
2246
2156
1840
1803
1772
1754
1759
1756
1774
1803
1850
1893
1952
2019
2081
2146
2221
2273
2318
2360
2384
2383
2366
2348
2303
2252
2202
2155
2109
2058
1998
1973
1955
1940
1930
1926
1928
1933
1942
1963
1998
2019
2055
2091
2126
2161
2186
2218
2252
2276
2283
2291
2278
2267
2252
2217
2188
2145
2100
2043
2012
1953
1913
1862
1851
1822
1792
1798
1824
1843
1878
1928
1982
2046
2112
2174
2221
2275
2306
2334
2332
2340
2330
2306
2278
2252
2199
2139
2096
2058
2020
2000
1958
1943
1936
1918
1928
1942
1948
1970
1991
2019
2047
2079
2105
2129
2152
2172
2187
2206
2211
2225
2223
2206
2208
2188
2160
2130
2097
2054
2026
1995
1970
1946
1921
1920
1916
1921
1936
1948
2176
2186
2198
2264
2353
2443
2537
2594
2590
2516
2405
2247
2081
1941
1854
1804
1810
1835
1850
1860
1831
1779
1736
1724
1766
1853
1972
2096
2186
2232
2217
2164
2114
2072
2070
2090
2170
2276
2387
2476
2528
2513
2455
2374
2304
2257
2253
2277
2332
2368
2379
2327
2223
2086
1920
1779
1706
1667
1702
1793
1900
2009
2066
2078
2015
1947
1878
1866
1896
1990
2084
2144
2141
2116
2067
2036
2049
2120
2226
2345
2413
2408
2330
2183
2008
1852
1738
1672
1643
1646
1632
1634
1620
1633
1667
1768
1903
2065
2256
2440
2590
2732
2827
2894
2933
2951
2933
2897
2839
2746
2637
2523
2377
2233
2116
1986
1889
1786
1694
1607
1557
1533
1535
1579
1665
1759
1848
1936
2635
2574
2492
2383
2266
2134
1995
1846
1706
1587
1471
1379
1319
1291
1288
1318
1372
1447
1542
1649
1770
1897
2026
2156
2289
2402
2513
2599
2677
2733
2752
2760
2735
2690
2614
2524
2417
2296
2164
2038
1928
1810
1703
1600
1525
1472
1444
1430
1439
1471
1529
1602
1704
1815
1935
2058
2181
2302
2414
2522
2594
2656
2683
2693
2666
2628
2552
2463
2361
2244
2133
2020
1934
1854
1774
1735
1704
1700
1725
1759
1811
1889
1972
2049
2120
2183
2240
2265
2285
2274
2242
2191
2114
2047
1960
1853
1780
1702
1650
1600
1567
1560
1576
1613
1660
1739
1832
1941
2052
2173
2305
2427
2536
2640
2726
2786
2827
2846
2846
2810
2762
2684
2608
2506
2401
2296
2177
2066
2221
2288
2364
2388
2424
2477
2509
2556
2576
2614
2546
2447
2386
2314
2225
2200
2172
2118
2066
1989
1908
1868
1888
1925
2020
2111
2164
2167
2081
1982
1862
1809
1807
1885
2028
2163
2272
2320
2343
2316
2272
2251
2264
2252
2241
2159
2004
1801
1602
1446
1397
1462
1591
1738
1902
2026
2127
2226
2321
2387
2450
2460
2448
2360
2246
2125
1991
1900
1803
1783
1788
1804
1829
1848
1877
1952
1999
2117
2183
2278
2303
2375
2388
2364
2340
2255
2183
2083
1962
1870
1773
1689
1628
1605
1598
1618
1672
1772
1890
2068
2244
2474
2650
2767
2844
2842
2821
2741
2625
2513
2366
2194
1972
1736
1508
1314
1248
1301
1411
1609
1838
2033
2171
2302
2382
2472
2577
2689
2546
2467
2365
2277
2166
2096
2005
1934
1896
1893
1895
1927
1948
1988
2052
2075
2099
2119
2125
2144
2170
2165
2126
2112
2088
2048
2002
1941
1885
1804
1749
1673
1645
1624
1624
1636
1706
1794
1899
2020
2183
2311
2445
2544
2619
2674
2680
2673
2637
2552
2467
2343
2210
2083
1935
1776
1644
1493
1395
1337
1328
1355
1443
1600
1786
2023
2285
2550
2802
3038
3211
3327
3358
3357
3300
3182
3001
2788
2528
2258
1983
1692
1451
1204
995
859
754
742
773
857
1021
1256
1513
1806
2112
2386
2624
2858
3005
3099
3120
3086
2986
2838
2640
2442
2242
2042
1862
1720
1600
1542
1531
1541
1590
1697
1807
1957
2120
2288
2445
2584
2711
2792
2832
2807
2710
2526
1824
1878
1956
2077
2203
2383
2550
2722
2889
3019
3046
3070
3033
2934
2840
2655
2498
2328
2124
1942
1778
1643
1533
1482
1463
1449
1468
1440
1383
1312
1237
1165
1152
1203
1339
1528
1814
2120
2416
2671
2870
2984
3053
3098
3094
3082
3041
2994
2895
2780
2595
2374
2144
1912
1684
1519
1421
1368
1334
1374
1391
1416
1466
1531
1630
1753
1906
2122
2355
2565
2724
2814
2815
2750
2630
2457
2293
2129
1980
1876
1770
1741
1742
1793
1860
1956
2044
2117
2172
2230
2280
2321
2374
2405
2431
2449
2432
2392
2338
2270
2219
2213
2208
2206
2201
2164
2093
2031
2027
2028
2069
2124
2137
2118
2068
1992
1884
1823
1755
1744
1761
1788
1853
1950
2007
2092
2225
2349
3597
3552
3392
3192
2955
2687
2424
2157
1928
1696
1519
1365
1220
1133
1058
1028
1034
1038
1102
1189
1298
1450
1595
1756
1933
2111
2268
2420
2563
2670
2756
2824
2845
2863
2869
2816
2759
2694
2600
2479
2369
2265
2156
2064
1994
1902
1826
1734
1647
1604
1547
1436
1408
1349
1345
1350
1370
1428
1525
1614
1715
1819
1927
2024
2114
2215
2315
2429
2550
2646
2720
2793
2850
2865
2823
2790
2656
2532
2394
2249
2164
2043
1928
1841
1765
1729
1683
1680
1700
1726
1803
1902
2016
2154
2319
2463
2595
2671
2725
2718
2642
2518
2333
2118
1921
1736
1580
1437
1382
1374
1427
1535
1694
1893
2088
2322
2562
2784
2974
3154
3254
3304
3254
3159
2956
2686
2370
2009
3283
3313
3299
3216
3107
2983
2789
2562
2314
2024
1739
1477
1280
1142
1079
1099
1203
1354
1546
1709
1895
2069
2192
2338
2460
2543
2588
2613
2551
2416
2224
1986
1739
1511
1357
1314
1392
1547
1754
1977
2130
2240
2258
2243
2227
2229
2310
2461
2667
2864
2996
3016
2912
2696
2390
2061
1829
1690
1679
1800
1955
2096
2215
2217
2151
2076
2056
2125
2293
2511
2695
2788
2724
2492
2168
1810
1446
1178
1024
982
1060
1196
1318
1428
1543
1648
1783
2007
2294
2620
2910
3118
3209
3145
2959
2708
2443
2213
2049
1958
1965
2041
2138
2213
2254
2230
2170
2094
2026
2014
2026
2107
2217
2321
2376
2378
2279
2094
1884
1664
1464
1336
1264
1245
1243
1269
1252
1268
