2093
2105
2092
2122
2109
2092
2091
2095
2105
2098
2094
2087
2101
2104
2094
2075
2087
2100
2098
2106
2082
2081
2103
2095
2080
2084
2086
2085
2087
2090
2077
2057
2084
2089
2076
2081
2100
2096
2082
2087
2088
2099
2105
2104
2080
2085
2099
2106
2097
2105
2101
2116
2091
2086
2090
2103
2094
2112
2098
2107
2100
2072
2076
2088
2084
2083
2104
2093
2085
2088
2111
2101
2101
2089
2092
2106
2112
2103
2100
2094
2104
2100
2106
2098
2072
2099
2103
2112
2096
2086
2096
2096
2073
2064
2073
2073
2101
2092
2088
2084
2088
2092
2089
2088
2086
2080
2107
2089
2058
2098
2088
2096
2092
2095
2089
2088
2078
2091
2086
2101
2095
2100
2096
2098
2101
2079
2092
2110
2084
2097
2102
2088
2090
2111
2098
2083
2088
2095
2102
2094
2094
2109
2090
2094
2107
2093
2095
2099
2082
2076
2073
2080
2090
2087
2081
2087
2079
2083
2085
2074
2087
2081
2095
2095
2084
2093
2093
2073
2085
2070
2077
2107
2096
2108
2094
2093
2097
2083
2081
2079
2096
2077
2074
2101
2067
2101
2077
2074
2100
2091
2083
2091
2111
2086
2088
2100
2073
2062
2060
2075
2089
2080
2070
2065
2072
2071
2097
2080
2090
2096
2085
2090
2096
2095
2088
2079
2102
2080
2095
2107
2093
2104
2085
2087
2083
2091
2099
2101
2103
2099
2081
2096
2094
2095
2088
2094
2105
2094
2085
2072
2080
2066
2085
2091
2098
2098
2102
2110
2114
2099
2103
2106
2114
2103
2103
2113
2042
2066
2053
2042
2051
2069
2058
2064
2063
2086
2096
2106
2115
2108
2118
2112
2135
2139
2137
2144
2145
2155
2167
2184
2163
2165
2188
2175
2192
2192
2208
2195
2195
2206
2208
2197
2211
2195
2211
2233
2221
2216
2221
2228
2209
2202
2213
2209
2208
2196
2189
2187
2166
2175
2178
2176
2189
2167
2171
2169
2165
2139
2147
2148
2128
2127
2118
2112
2108
2101
2092
2071
2082
2056
2054
2050
2044
2046
2031
2045
2043
2050
2024
2003
2001
2003
2004
1998
2013
1995
2007
2023
2023
2020
2017
2024
2028
2015
2034
2043
2055
2058
2070
2054
2067
2088
2091
2083
2103
2097
2104
2096
2112
2093
2093
2083
2093
2095
2073
2080
2073
2059
2074
2077
2061
2050
2065
2067
2379
2389
2403
2392
2348
2321
2274
2208
2180
2150
2097
2073
2035
1992
1968
1927
1880
1841
1801
1779
1770
1772
1776
1796
1839
1893
1935
1985
2049
2106
2150
2205
2260
2287
2287
2332
2366
2394
2405
2411
2414
2412
2423
2409
2374
2328
2303
2234
2187
2141
2094
2059
2027
1999
1944
1890
1842
1806
1808
1805
1785
1795
1807
1839
1860
1888
1901
1917
1952
1984
2021
2046
2065
2100
2132
2198
2240
2264
2268
2299
2293
2308
2279
2264
2228
2221
2217
2207
2168
2140
2134
2101
2068
2004
1984
1934
1919
1912
1910
1911
1913
1912
1923
1928
1938
1953
1942
1980
1981
2008
2040
2064
2085
2102
2136
2179
2174
2196
2215
2219
2216
2237
2226
2196
2194
2188
2176
2187
2225
2258
2250
2263
2241
2236
2200
2189
2148
2152
2130
2124
2153
2186
2200
2232
2241
2272
2275
2293
2286
2258
2236
2230
2188
2138
2095
2042
1974
1897
1846
1816
1791
1774
1747
1710
1709
1700
1721
1748
1800
1883
1955
2064
2154
2239
2307
2359
2376
2354
2302
2208
2117
2009
1920
1859
1784
1766
1767
1829
1880
1969
2058
2114
2176
2243
2254
2251
2250
2214
2169
2155
2135
2136
2134
2169
2197
2207
2223
2235
2232
2216
2153
2104
2053
1995
1946
1918
1912
1931
1971
2035
2131
2230
2304
2371
2440
2488
2499
2456
2418
2367
2308
2247
2177
2082
2001
1942
1859
1792
1738
1727
1682
1693
1711
1770
1845
1911
1978
2053
2153
2225
2282
2324
2364
2322
2307
2267
2149
2080
1996
1956
1890
1880
1909
1944
1963
1986
2061
2109
2159
2181
2178
2182
2200
2241
2254
2262
2215
2102
2021
1975
1961
1968
1975
1930
1906
1906
1946
1988
2032
2061
2042
2024
2019
2029
2099
2181
2236
2232
2189
2158
2141
2129
2137
2114
2034
1954
1888
1836
1809
1800
1832
1859
1877
1913
1974
2040
2104
2164
2220
2274
2271
2263
2251
2214
2191
2141
2090
2005
1946
1956
2026
2085
2120
2127
2108
2090
2112
2150
2241
2283
2291
2273
2243
2229
2199
2196
2198
2149
2090
2029
1999
1996
2018
2070
2144
2192
2224
2205
2203
2156
2124
2096
2042
1984
1929
1941
1941
1970
1977
1990
2028
2055
2105
2135
2152
2197
2218
2239
2266
2280
2276
2284
2249
2243
2273
2183
2068
1972
1917
1880
1855
1880
1939
1978
2027
2088
2132
2206
2227
2286
2307
2301
2300
2228
2173
2108
2051
2013
1962
1973
1975
2027
2072
2136
2164
2179
2172
2160
2129
2101
2070
2013
1989
1986
1994
1993
1997
2002
2009
2022
2044
2051
2048
2024
2028
1998
1977
1975
1987
2036
2146
2225
2337
2432
2491
2505
2508
2472
2391
2297
2162
2051
1908
1800
1724
1680
1727
1815
1937
2066
2227
2334
2423
2469
2461
2406
2344
2232
2136
2064
2044
2025
1997
1971
1936
1932
1923
1916
1922
1965
2007
2040
2101
2174
2264
2288
2308
2282
2216
2097
2003
1920
1824
1784
1805
1839
1929
2023
2120
2224
2303
2355
2352
2353
2312
2282
2273
2229
2209
2173
2116
2013
2251
2337
2386
2345
2205
2052
1898
1815
1759
1769
1770
1863
1944
2047
2161
2294
2440
2538
2565
2550
2507
2440
2324
2178
2025
1867
1719
1592
1493
1457
1466
1536
1688
1831
2009
2161
2262
2351
2337
2351
2337
2326
2283
2224
2150
2057
1989
1920
1849
1803
1771
1786
1828
1942
2015
2085
2131
2189
2194
2167
2141
2128
2113
2063
2053
2070
2067
2094
2133
2203
2288
2352
2368
2378
2344
2307
2217
2166
2146
2159
2129
2068
1925
1765
1647
1641
1717
1814
1935
2082
2204
2308
2382
2422
2445
2440
2360
2165
1939
1780
1762
1818
1881
1961
2046
2138
2210
2264
2315
2340
2312
2329
2293
2245
2178
2113
2079
2042
1941
1856
1793
1775
1814
1870
1972
2051
2197
2329
2087
2092
2109
2209
2308
2402
2445
2450
2382
2317
2235
2168
2120
2062
2003
1981
1965
1941
1946
1967
2015
2055
2080
2026
1958
1855
1729
1648
1623
1674
1811
1981
2174
2336
2447
2504
2492
2423
2324
2232
2140
2072
2042
2001
1994
1994
1998
1994
1985
1981
1944
1915
1861
1834
1817
1785
1745
1724
1729
1800
1837
1911
2031
2161
2260
2339
2406
2439
2452
2437
2367
2340
2282
2212
2124
1981
1865
1782
1725
1718
1789
1870
1968
2051
2131
2196
2241
2273
2282
2260
2257
2252
2244
2235
2270
2273
2245
2211
2134
2010
1878
1804
1751
1748
1800
1883
2054
2250
2453
2635
2771
2783
2729
2544
2293
2068
1893
1791
1788
1852
1919
1946
1958
1978
1994
2077
2147
2203
2038
2137
2289
2379
2397
2331
2189
2055
1908
1794
1768
1759
1766
1783
1847
1933
2072
2186
2316
2438
2540
2612
2641
2613
2554
2412
2246
2032
1825
1667
1559
1540
1609
1730
1912
2081
2193
2345
2405
2457
2470
2440
2358
2248
2092
1941
1795
1701
1657
1659
1754
1886
2072
2269
2438
2570
2632
2584
2463
2271
2080
1890
1761
1698
1684
1710
1771
1861
1945
2025
2113
2183
2240
2290
2290
2251
2183
2117
2050
1954
1897
1838
1792
1837
1887
1948
2072
2188
2316
2424
2479
2440
2337
2195
2003
1821
1700
1599
1598
1664
1773
1942
2103
2261
2417
2486
2557
2576
2537
2448
2327
2204
2069
1956
1891
1870
1898
1942
2005
2074
2156
2206
2243
2238
2283
2271
2213
2099
1996
1956
1936
1885
1879
1917
2027
2176
2286
2338
2313
2257
2146
2084
2063
2073
2097
2101
2098
2037
1960
1895
1884
1930
1971
2042
2131
2273
2339
2451
2448
2400
2327
2177
1997
1848
1733
1713
1764
1927
2108
2320
2492
2545
2519
2445
2293
2121
1937
1779
1697
1681
1825
2089
2367
2611
2708
2636
2396
2099
1911
1856
1960
2127
2192
2167
2046
1888
1833
1833
1864
1813
1680
1581
1586
1794
2128
2507
2736
2760
2506
2217
1965
1909
1961
2129
2277
2384
2413
2433
2431
2431
2309
2069
1786
1547
1427
1499
1776
2093
2378
2534
2558
2446
2323
2219
2182
2240
2356
2441
2444
2383
2209
1982
1718
1486
1326
1300
1425
1688
2055
2379
2630
2701
2660
2489
2321
2203
1455
1746
2071
2437
2760
3032
3230
3331
3300
3131
2873
2522
2129
1741
1382
1129
993
1008
1150
1387
1712
2091
2451
2712
2902
3044
3030
2888
2687
2403
2065
1719
1414
1183
1138
1207
1448
1783
2202
2562
2861
3036
3103
3036
2864
2585
2254
1925
1592
1336
1177
1118
1200
1391
1710
2068
2401
2699
2851
2874
2753
2553
2274
1936
1631
1364
1221
1210
1366
1641
2024
2419
2785
3057
3161
3132
2935
2571
2140
1665
1190
824
544
474
619
974
1497
2085
2683
3190
3506
3605
3528
3291
2911
2451
1999
1608
1296
1116
1114
1290
1620
2036
2482
2829
3067
3145
3026
2694
2333
1890
1467
1162
986
928
993
1197
1511
1886
2229
2567
2813
2935
2922
2804
2621
2384
1084
602
223
6
60
428
1122
2009
2796
3305
3498
3506
3454
3368
3290
3153
2926
2630
2338
2088
1860
1646
1400
1068
748
539
502
715
1156
1689
2208
2640
2936
3109
3167
3181
3121
2966
2726
2451
2179
2000
1981
2073
2165
2192
2109
1991
1862
1760
1610
1461
1247
1136
1196
1450
1932
2438
2805
2935
2866
2665
2448
2269
2173
2075
1905
1694
1539
1547
1766
2090
2457
2780
2960
3012
2926
2741
2443
2005
1466
993
674
610
760
1067
1400
1738
2071
2379
2650
2819
2901
2940
2967
3017
3096
3133
3070
2881
2616
2317
1955
1629
1326
1053
853
660
507
507
686
1051
1539
2072
2490
2826
3092
3362
3545
3616
3473
3120
2728
2436
2234
2087
1874
1555
2527
2512
2433
2269
2052
1850
1614
1448
1313
1277
1347
1526
1838
2188
2543
2812
2967
3001
2901
2709
2448
2121
1783
1505
1324
1248
1280
1448
1663
1963
2272
2588
2787
2929
2947
2852
2648
2411
2128
1850
1610
1472
1422
1452
1565
1701
1893
2081
2282
2418
2540
2605
2602
2534
2432
2316
2159
2038
1930
1838
1749
1710
1640
1641
1674
1770
1888
2032
2224
2418
2591
2706
2784
2757
2619
2414
2132
1872
1654
1511
1481
1533
1618
1711
1824
1969
2152
2354
2532
2672
2768
2796
2736
2591
2368
2107
1795
1466
1190
975
844
891
1115
1466
1903
2405
2866
3237
3468
3475
3328
2971
2502
2014
1523
1166
1015
1033
1232
1540
1930
2293
2626
2843
2928
2861
2626
2301
2406
1965
1460
960
550
351
393
717
1239
1853
2417
2885
3159
3354
3488
3609
3719
3781
3774
3604
3248
2714
2063
1376
795
394
176
200
443
878
1427
2010
2544
2963
3212
3276
3170
2930
2683
2430
2265
2171
2082
1952
1807
1623
1441
1380
1539
1811
2227
2659
3037
3280
3334
3209
2951
2616
2261
1903
1612
1437
1419
1520
1745
2033
2270
2427
2450
2362
2216
2061
2039
2099
2209
2324
2462
2453
2342
2213
2105
2081
2193
2412
2672
2899
3060
3072
2977
2769
2457
2088
1644
1183
748
385
114
1
7
111
311
571
880
1221
1631
2070
2470
2872
3178
3432
3612
3660
3617
3454
3104
2648
2120
1543
1036
634
416
421
569
775
1041
1310
1562
1833
