2100
2078
2093
2092
2106
2083
2107
2094
2085
2079
2075
2112
2121
2103
2091
2080
2090
2085
2096
2100
2095
2118
2094
2105
2094
2103
2082
2110
2096
2074
2083
2088
2096
2087
2083
2074
2095
2077
2096
2101
2093
2093
2109
2108
2089
2080
2088
2082
2075
2086
2095
2109
2112
2091
2083
2077
2092
2107
2102
2090
2077
2098
2100
2075
2080
2090
2073
2042
2097
2097
2109
2076
2090
2105
2092
2090
2088
2100
2119
2098
2072
2090
2081
2081
2074
2099
2077
2072
2097
2107
2116
2093
2107
2092
2095
2077
2085
2086
2102
2102
2093
2088
2090
2101
2087
2079
2080
2093
2099
2087
2086
2094
2106
2086
2076
2091
2106
2119
2104
2075
2081
2088
2070
2095
2114
2082
2077
2075
2118
2081
2090
2081
2097
2105
2106
2085
2096
2104
2099
2095
2096
2088
2099
2093
2086
2095
2082
2111
2108
2106
2113
2100
2094
2095
2099
2102
2109
2076
2099
2082
2091
2096
2103
2100
2120
2109
2094
2085
2081
2081
2093
2106
2100
2084
2091
2087
2082
2083
2103
2107
2104
2111
2100
2094
2103
2098
2106
2070
2090
2082
2096
2102
2105
2093
2094
2091
2106
2091
2075
2094
2090
2072
2090
2082
2087
2093
2091
2091
2093
2080
2080
2095
2091
2106
2092
2094
2098
2091
2105
2105
2111
2096
2081
2098
2097
2078
2087
2093
2077
2099
2100
2102
2093
2108
2116
2105
2109
2080
2106
2072
2102
2096
2087
2098
2111
2070
2073
2103
2104
2105
2103
2115
2097
2085
2098
2111
2128
2109
2104
2088
2095
2086
2083
2084
2091
2099
2066
2072
2058
2060
2052
2031
2017
2016
2022
2016
2010
1999
1986
1993
1988
1982
1986
1980
1973
1970
1974
1969
1984
1999
2013
2014
1997
2016
1999
2003
2026
2022
2022
2041
2064
2062
2070
2079
2102
2116
2127
2129
2146
2136
2152
2162
2145
2139
2163
2151
2150
2142
2131
2138
2153
2152
2129
2112
2140
2117
2120
2123
2107
2109
2118
2104
2096
2105
2132
2115
2126
2129
2118
2124
2134
2132
2129
2115
2114
2103
2120
2124
2124
2112
2105
2121
2122
2109
2102
2092
2078
2072
2074
2074
2052
2046
2040
2040
2039
2052
2032
2026
2011
2035
2028
2015
2020
2013
2056
2057
2071
2062
2059
2080
2084
2073
2043
2058
2125
2116
2067
2060
2061
2083
2062
2068
2062
2105
2124
2145
2154
2178
2213
2209
2215
2230
2233
2221
2240
2226
2226
2232
2229
2221
2212
2210
2202
2198
2219
2185
2170
2167
2146
2115
2110
2089
2067
2031
2021
2004
1985
2013
2026
2030
2029
2035
2058
2073
2076
2070
2063
2064
2035
2030
2028
2047
2050
2035
2046
2067
2121
2141
2196
2230
2255
2274
2280
2278
2284
2254
2253
2232
2211
2161
2159
2150
2137
2150
2156
2138
2143
2160
2154
2167
2186
2194
2183
2170
2143
2178
2159
2160
2156
2144
2124
2112
2104
2102
2116
2088
2077
2078
2054
2028
1992
1954
1932
1928
1924
1908
1892
1891
1894
1880
1878
1881
1889
1894
1907
1916
1924
1938
1963
1985
1998
1993
2136
2149
2174
2182
2194
2205
2234
2240
2223
2246
2271
2264
2248
2238
2223
2211
2190
2171
2124
2097
2061
2017
1993
1951
1915
1896
1853
1854
1838
1839
1815
1856
1880
1889
1898
1945
1970
2013
2077
2118
2153
2200
2250
2281
2308
2326
2349
2371
2382
2425
2390
2403
2374
2342
2321
2280
2246
2174
2120
2071
2030
1976
1921
1884
1836
1804
1774
1747
1721
1714
1717
1701
1704
1735
1743
1766
1804
1814
1851
1876
1929
1987
2004
2054
2102
2103
2146
2149
2149
2157
2157
2140
2140
2132
2118
2102
2105
2086
2044
2039
2033
2032
2017
1988
1983
1976
1981
2010
2006
2032
2063
2091
2112
2157
2211
2244
2300
2356
2405
2487
2494
2531
2572
2601
2597
2618
2616
2603
2435
2531
2584
2647
2663
2688
2720
2694
2692
2685
2629
2555
2472
2407
2312
2238
2183
2084
2013
1973
1887
1811
1751
1723
1682
1713
1759
1796
1847
1871
1919
1936
1927
1950
1950
1996
2052
2118
2131
2200
2237
2296
2307
2337
2366
2389
2449
2508
2543
2564
2538
2467
2395
2338
2264
2241
2206
2148
2138
2092
2005
1927
1833
1736
1655
1620
1587
1601
1632
1702
1725
1764
1791
1849
1870
1952
2060
2197
2312
2412
2528
2574
2610
2649
2619
2615
2593
2558
2536
2503
2463
2387
2289
2167
2039
1940
1817
1736
1679
1614
1585
1580
1564
1589
1600
1627
1666
1733
1785
1856
1939
2007
2059
2145
2197
2240
2285
2344
2352
2364
2396
2378
2360
2326
2276
2224
2159
2111
2196
2139
2077
1999
1958
1891
1896
1855
1841
1835
1841
1844
1874
1930
1960
2007
2090
2149
2173
2224
2262
2273
2285
2240
2253
2206
2187
2152
2109
2069
2023
1996
1930
1878
1861
1845
1843
1820
1843
1845
1862
1882
1917
1994
2027
2089
2127
2163
2210
2270
2310
2316
2333
2341
2360
2346
2319
2301
2250
2236
2218
2201
2174
2158
2133
2128
2112
2108
2134
2152
2166
2168
2157
2165
2203
2224
2234
2218
2240
2225
2218
2160
2150
2112
2053
1992
1937
1854
1778
1695
1656
1631
1586
1585
1584
1617
1638
1683
1724
1824
1912
1985
2055
2149
2226
2306
2378
2424
2447
2482
2513
2505
2498
2424
2364
2267
2191
2106
2022
1912
1816
1750
1703
1650
1616
1615
1633
1690
2157
2107
2044
2001
1920
1891
1890
1911
1957
1999
2050
2145
2217
2246
2296
2319
2291
2257
2210
2152
2066
2012
1976
1935
1886
1887
1900
1897
1921
1939
1964
2017
2076
2100
2147
2146
2166
2179
2177
2172
2133
2116
2113
2065
2043
2017
2005
2021
2030
2021
2016
2022
2019
1997
1977
1976
1963
1958
2000
2036
2099
2160
2197
2218
2244
2217
2206
2163
2142
2123
2106
2102
2115
2128
2138
2137
2125
2099
2045
2007
1961
1935
1914
1876
1873
1872
1890
1887
1893
1928
1936
1992
2058
2107
2190
2248
2265
2256
2261
2223
2170
2124
2105
2103
2108
2139
2159
2191
2227
2226
2233
2201
2177
2163
2183
2209
2224
2204
2159
2132
2053
1953
1840
1708
1621
1569
1537
1524
2159
2180
2217
2253
2266
2273
2312
2328
2336
2349
2346
2339
2315
2314
2289
2262
2216
2166
2093
2057
2002
1952
1913
1845
1807
1792
1784
1754
1783
1800
1828
1843
1898
1937
2009
2060
2097
2159
2193
2241
2272
2300
2321
2301
2305
2265
2234
2219
2165
2109
2060
2006
1943
1903
1876
1843
1824
1804
1821
1874
1939
2007
2069
2171
2258
2322
2393
2438
2443
2432
2398
2327
2259
2158
2061
1958
1866
1790
1723
1651
1624
1604
1592
1600
1635
1702
1769
1873
2013
2141
2250
2363
2489
2582
2667
2699
2704
2682
2639
2584
2476
2374
2248
2142
2004
1885
1784
1718
1675
1656
1659
1699
1757
1824
1914
2012
2075
2143
2192
2222
2253
2239
2206
2193
2162
2100
2030
1979
2282
2313
2330
2344
2363
2399
2398
2426
2462
2446
2436
2396
2356
2302
2232
2142
2062
1942
1853
1744
1647
1587
1553
1538
1619
1738
1884
2036
2239
2406
2508
2576
2563
2522
2462
2352
2258
2156
2058
1950
1848
1756
1653
1596
1597
1660
1757
1909
2076
2249
2402
2493
2527
2523
2520
2491
2431
2386
2326
2261
2176
2055
1932
1803
1711
1687
1715
1789
1933
2088
2238
2346
2405
2409
2396
2310
2292
2250
2218
2183
2127
2097
2067
2020
1970
1922
1897
1899
1897
1929
1994
2033
2062
2092
2080
2027
1960
1878
1793
1733
1729
1788
1844
1944
2047
2178
2254
2326
2392
2499
2625
2718
2816
2826
2775
2642
2458
2253
2029
1885
1770
1729
1747
1770
1808
1849
1870
1894
2800
2778
2773
2731
2618
2503
2362
2189
2029
1876
1736
1639
1568
1524
1542
1595
1679
1778
1902
2037
2151
2296
2405
2464
2525
2541
2543
2555
2523
2506
2469
2411
2341
2245
2148
2024
1898
1772
1655
1579
1516
1485
1482
1533
1585
1736
1867
2002
2147
2284
2425
2553
2617
2685
2735
2730
2716
2656
2597
2479
2356
2185
2023
1893
1773
1664
1576
1503
1481
1480
1529
1584
1676
1773
1858
1943
2047
2132
2200
2278
2333
2400
2412
2434
2454
2416
2377
2312
2235
2138
2046
1973
1864
1783
1757
1731
1771
1800
1846
1899
1970
2057
2102
2142
2185
2206
2232
2240
2303
2319
2342
2359
2376
2372
2361
2345
2305
2283
2275
2245
2215
2241
2261
2255
2241
2237
2184
2144
3030
2898
2742
2552
2356
2161
2049
1968
1911
1898
1891
1872
1827
1778
1726
1667
1616
1596
1605
1672
1762
1869
1990
2107
2228
2284
2305
2311
2269
2253
2198
2146
2123
2098
2085
2019
1934
1813
1670
1510
1402
1352
1348
1392
1466
1551
1680
1806
1923
2053
2181
2298
2436
2560
2675
2810
2917
2959
2994
2994
2940
2892
2790
2645
2485
2292
2062
1844
1599
1364
1208
1083
1066
1137
1258
1450
1662
1914
2156
2400
2656
2874
3052
3203
3228
3167
3025
2788
2571
2324
2096
1912
1838
1777
1719
1686
1621
1502
1446
1443
1469
1561
1709
1835
1956
2050
2072
2112
2112
2139
2175
2228
2320
2372
2398
2340
2267
2169
2069
1982
1990
2019
2086
2183
2188
2156
2076
1975
1560
1663
1822
1994
2168
2350
2511
2635
2741
2820
2848
2842
2799
2720
2623
2475
2322
2166
1996
1786
1607
1436
1304
1226
1179
1173
1232
1320
1458
1653
1852
2072
2295
2498
2722
2928
3101
3210
3286
3267
3249
3160
3062
2895
2680
2486
2252
2006
1751
1536
1338
1180
1059
959
921
929
981
1066
1200
1338
1512
1696
1870
2027
2201
2346
2480
2584
2622
2648
2657
2640
2588
2552
2523
2463
2422
2369
2334
2319
2306
2289
2261
2228
2235
2179
2168
2143
2168
2169
2169
2158
2172
2169
2156
2144
2096
2071
2023
1989
1946
1909
1856
1810
1789
1756
1728
1738
1739
1777
1819
1877
1936
2018
2089
2174
2262
2308
2364
2390
2394
2356
2318
2272
2186
2111
2049
2009
1638
1650
1702
1783
1878
1978
2084
2204
2316
2429
2555
2673
2762
2822
2824
2767
2662
2475
2272
2120
1975
1899
1867
1833
1874
1848
1816
1775
1745
1689
1666
1681
1777
1922
2099
2293
2454
2548
2566
2534
2505
2436
2370
2326
2284
2263
2265
2237
2219
2152
2090
2036
2000
2002
2046
2071
2121
2125
2086
2000
1943
1867
1829
1790
1748
1720
1672
1636
1561
1538
1570
1659
1845
2079
2313
2549
2708
2816
2855
2826
2780
2710
2642
2584
2580
2547
2484
2379
2231
2027
1854
1679
1544
1472
1426
1390
1387
1379
1353
1373
1419
1473
1600
1753
1928
2106
2321
2490
2614
2683
2744
2784
2834
2872
2908
2919
2902
2851
2767
2613
2453
2268
2103
1941
1816
1728
1659
1615
3320
3183
3019
2780
2523
2242
1972
1688
1441
1245
1074
983
974
1001
1074
1186
1384
1601
1846
2083
2336
2587
2778
2924
3012
3016
2935
2836
2650
2452
2187
1964
1731
1521
1348
1269
1208
1253
1343
1452
1585
1775
1970
2174
2424
2669
2888
3068
3204
3293
3305
3247
3081
2880
2601
2276
1929
1592
1267
1001
780
644
579
629
731
894
1117
1359
1625
1926
2220
2496
2733
2938
3082
3178
3219
3208
3139
3024
2874
2682
2499
2288
2117
1954
1846
1788
1718
1754
1800
1824
1887
1955
2030
2078
2129
2137
2157
2154
2172
2149
2160
2140
2139
2111
2080
2021
1974
1944
1879
1848
1823
1808
1838
1887
1968
2031
2141
2229
2360
2405
2442
2509
2510
2478
2440
2380
