2111
2088
2081
2079
2079
2090
2109
2102
2094
2083
2106
2094
2092
2085
2070
2094
2094
2073
2095
2096
2114
2079
2097
2088
2087
2097
2078
2088
2097
2116
2124
2090
2080
2086
2085
2098
2089
2094
2101
2087
2089
2105
2086
2077
2111
2113
2108
2102
2081
2089
2088
2092
2090
2094
2109
2084
2077
2089
2087
2081
2094
2088
2081
2094
2085
2096
2091
2101
2099
2101
2092
2111
2089
2086
2095
2095
2104
2087
2105
2077
2078
2077
2101
2087
2102
2104
2107
2096
2108
2097
2116
2080
2086
2082
2066
2075
2093
2078
2084
2097
2104
2097
2082
2081
2096
2070
2090
2102
2089
2111
2126
2103
2112
2079
2082
2062
2068
2087
2068
2084
2107
2101
2094
2100
2087
2134
2113
2097
2098
2085
2106
2089
2082
2099
2088
2105
2101
2112
2073
2092
2098
2095
2084
2075
2073
2102
2096
2089
2100
2100
2103
2095
2110
2100
2103
2111
2098
2092
2098
2122
2094
2112
2115
2106
2084
2084
2096
2086
2085
2081
2098
2101
2119
2103
2094
2096
2092
2109
2108
2087
2092
2098
2074
2077
2085
2100
2090
2083
2093
2073
2099
2109
2106
2092
2087
2108
2109
2099
2111
2114
2082
2084
2109
2118
2093
2103
2104
2108
2097
2086
2089
2092
2096
2104
2094
2081
2098
2099
2099
2111
2106
2108
2093
2086
2093
2104
2104
2098
2092
2113
2103
2102
2098
2092
2105
2127
2111
2088
2090
2088
2079
2081
2096
2089
2110
2109
2103
2097
2120
2104
2090
2106
2108
2103
2092
2086
2100
2083
2092
2088
2088
2075
2095
2083
2073
2079
2080
2067
2051
2068
2072
2059
2042
2054
2054
2062
2056
2038
2051
2050
2028
2044
2025
2010
2026
2034
2035
2044
2040
2041
2041
2021
2024
2031
2061
2040
2041
2024
2015
2036
2048
2043
2039
2041
2043
2067
2075
2057
2082
2080
2076
2040
2046
2060
2071
2049
2068
2071
2095
2076
2062
2077
2080
2083
2091
2094
2103
2091
2084
2080
2091
2087
2081
2080
2076
2080
2101
2107
2102
2096
2095
2080
2102
2101
2103
2102
2104
2111
2111
2103
2095
2116
2112
2117
2120
2132
2125
2113
2131
2120
2096
2105
2114
2132
2116
2112
2115
2103
2115
2112
2106
2126
2113
2106
2106
2105
2126
2110
2103
2097
2096
2090
2085
2088
1967
1927
1892
1849
1805
1786
1736
1735
1696
1707
1704
1714
1720
1758
1818
1851
1912
1967
2028
2080
2137
2196
2245
2287
2305
2335
2371
2372
2378
2356
2365
2356
2359
2366
2353
2321
2321
2313
2264
2239
2196
2161
2097
2061
2046
1991
1956
1948
1920
1906
1918
1925
1940
1908
1963
2014
2031
2040
2066
2072
2104
2105
2092
2096
2112
2102
2090
2102
2104
2103
2094
2092
2091
2094
2083
2057
2031
2042
2024
2013
2016
2001
2022
2062
2057
2083
2085
2122
2142
2168
2155
2140
2158
2154
2131
2135
2093
2095
2091
2102
2128
2119
2121
2151
2145
2127
2150
2133
2133
2133
2143
2142
2146
2176
2186
2175
2201
2236
2236
2194
2206
2198
2191
2200
2189
2192
2143
2150
1755
1740
1718
1744
1762
1786
1817
1870
1934
1987
2055
2122
2167
2247
2293
2319
2352
2368
2377
2358
2330
2321
2297
2237
2189
2122
2064
1996
1936
1857
1820
1775
1727
1700
1646
1654
1653
1654
1671
1704
1739
1817
1850
1942
2004
2084
2141
2251
2307
2352
2397
2444
2489
2511
2505
2509
2475
2473
2444
2433
2359
2296
2240
2168
2113
2056
2011
1971
1914
1844
1818
1806
1803
1807
1818
1858
1877
1940
1980
2043
2076
2125
2198
2248
2316
2330
2376
2416
2426
2430
2449
2424
2373
2341
2308
2300
2238
2221
2172
2121
2084
2043
1999
1984
1965
1937
1937
1956
1968
1987
1979
1977
1995
2026
2022
2031
2030
2024
2021
2000
1986
1970
1996
2002
2006
2008
1987
1990
1994
2024
2074
2143
2189
2221
2271
2285
2290
2303
2350
2384
2426
2483
2463
2423
2328
2215
2114
2020
1915
1867
1844
1832
1789
1779
1730
1733
1739
1772
1823
1902
1995
2073
2120
2178
2195
2208
2239
2277
2340
2421
2471
2486
2454
2385
2298
2191
2148
2105
2093
2077
2069
2038
1954
1912
1845
1779
1755
1740
1777
1810
1855
1838
1821
1793
1755
1726
1727
1750
1820
1920
2027
2115
2164
2226
2258
2304
2376
2429
2500
2544
2556
2504
2382
2296
2149
2053
1969
1896
1877
1872
1869
1897
1928
1936
1955
1979
2054
2107
2188
2308
2379
2384
2392
2371
2329
2293
2278
2297
2307
2327
2325
2289
2238
2197
2160
2126
2102
2121
2130
2140
2145
2136
2133
2075
2031
1997
2105
2041
1960
1915
1826
1786
1711
1693
1653
1634
1653
1662
1692
1750
1816
1926
1999
2075
2150
2221
2296
2352
2429
2436
2480
2484
2464
2418
2390
2322
2258
2181
2098
2001
1935
1848
1791
1760
1740
1747
1772
1823
1870
1950
2038
2121
2195
2314
2384
2421
2444
2470
2490
2455
2392
2317
2228
2108
2041
1959
1883
1804
1783
1772
1807
1838
1887
1956
2033
2116
2206
2272
2318
2364
2392
2383
2373
2331
2251
2157
2069
1972
1862
1757
1675
1593
1516
1511
1506
1544
1584
1665
1770
1892
2015
2142
2277
2414
2560
2646
2758
2782
2804
2787
2737
2635
2553
2441
2324
2196
2060
1938
1856
1777
1717
1657
1642
1633
1665
1724
1802
1893
1976
2056
2182
2275
2373
2465
2249
2130
2042
1982
1879
1832
1799
1785
1816
1874
1939
1977
2006
2020
2024
2021
2039
2049
2030
2027
2001
1973
1965
1996
2028
2101
2199
2268
2320
2336
2337
2314
2289
2255
2218
2164
2110
2044
1988
1981
2001
2066
2154
2216
2265
2283
2290
2277
2274
2271
2244
2247
2213
2170
2111
2041
2026
2051
2053
2066
2072
2038
2000
1949
1931
1895
1886
1895
1915
1898
1878
1860
1835
1801
1764
1749
1766
1802
1867
1962
2074
2226
2310
2414
2525
2645
2754
2792
2752
2670
2489
2252
2022
1834
1681
1584
1525
1553
1562
1559
1618
1696
1820
1919
2005
2086
2143
2177
2276
2369
2465
2577
2638
2661
2633
2588
2543
2490
2455
2367
2250
2116
1957
1847
1752
1726
1709
1703
1518
1517
1558
1620
1728
1840
1981
2136
2281
2421
2587
2700
2765
2812
2821
2773
2684
2553
2403
2254
2106
1972
1846
1742
1680
1630
1600
1632
1671
1719
1790
1894
1991
2079
2194
2301
2384
2460
2492
2507
2494
2468
2410
2305
2200
2087
1981
1905
1825
1764
1737
1730
1741
1773
1798
1863
1926
1987
2082
2138
2216
2293
2359
2420
2475
2493
2493
2460
2422
2356
2282
2211
2103
2036
1947
1858
1790
1762
1692
1652
1615
1611
1631
1666
1736
1806
1888
1970
2062
2164
2243
2305
2328
2341
2329
2319
2256
2195
2115
2030
1934
1858
1794
1746
1715
1694
1737
1793
1862
1946
2072
2168
2280
2402
2508
2566
2626
2632
2644
2603
2571
2491
2398
2295
2180
2070
1970
1869
2596
2684
2701
2648
2513
2362
2232
2152
2119
2069
2010
1899
1794
1717
1728
1763
1883
2001
2072
2099
2077
2063
2052
2072
2130
2150
2188
2185
2199
2213
2205
2205
2181
2225
2276
2346
2425
2473
2477
2420
2304
2193
2134
2111
2141
2159
2142
2005
1820
1643
1517
1473
1505
1612
1710
1815
1888
1940
2062
2186
2335
2481
2568
2553
2501
2427
2376
2319
2283
2283
2264
2246
2218
2213
2193
2167
2131
2126
2110
2088
2071
2054
2016
1946
1942
1965
2030
2096
2150
2145
2100
2012
1945
1840
1824
1830
1834
1831
1824
1863
1914
2021
2087
2174
2249
2306
2315
2364
2402
2463
2461
2450
2431
2379
2345
2314
2276
2198
2109
2026
1939
1875
1814
1779
1722
1633
1577
1526
2159
2044
1937
1857
1776
1755
1768
1803
1870
1958
2056
2114
2186
2198
2204
2163
2118
2075
2053
2004
1943
1938
1929
1887
1905
1889
1888
1888
1864
1884
1947
1995
2077
2134
2231
2312
2363
2402
2441
2465
2473
2481
2454
2413
2348
2265
2168
2031
1884
1704
1541
1401
1297
1247
1255
1319
1441
1608
1824
2025
2215
2408
2594
2673
2744
2766
2719
2632
2501
2342
2164
1984
1799
1664
1544
1489
1527
1599
1710
1873
2060
2238
2429
2569
2671
2728
2778
2776
2720
2660
2559
2446
2310
2159
2034
1884
1785
1668
1589
1529
1513
1546
1599
1668
1779
1870
1952
2035
2095
2128
2154
2163
2159
2139
2129
2100
2043
2008
1999
1976
1953
1961
1991
2018
2128
2248
2348
2463
2858
2853
2787
2645
2509
2366
2197
2027
1783
1570
1392
1296
1254
1329
1469
1624
1732
1780
1820
1885
1996
2182
2396
2611
2769
2855
2916
2880
2857
2789
2672
2518
2329
2113
1904
1702
1527
1383
1257
1229
1265
1407
1637
1895
2137
2303
2383
2397
2386
2414
2460
2490
2543
2542
2471
2403
2347
2358
2401
2451
2485
2441
2331
2183
2044
1893
1797
1735
1743
1752
1813
1840
1838
1817
1786
1755
1748
1759
1799
1836
1883
1930
2010
2117
2241
2373
2486
2594
2649
2647
2534
2445
2326
2192
2071
1951
1851
1768
1699
1669
1684
1669
1718
1746
1810
1843
1841
1832
1833
1843
1832
1870
1979
2043
2070
2118
2153
2190
2248
2315
2345
2363
2356
2319
2292
2279
2265
2255
2179
2277
2335
2402
2429
2440
2430
2388
2382
2363
2324
2253
2169
2078
1986
1887
1782
1714
1699
1684
1697
1782
1867
1948
2056
2140
2197
2266
2302
2297
2276
2249
2214
2157
2068
1983
1879
1814
1750
1734
1728
1777
1853
1979
2091
2202
2346
2455
2577
2609
2655
2640
2623
2548
2440
2325
2193
2023
1893
1744
1657
1601
1592
1629
1710
1822
1975
2134
2313
2438
2545
2628
2655
2668
2642
2590
2518
2423
2320
2210
2078
1947
1789
1628
1513
1404
1353
1352
1396
1517
1678
1877
2070
2269
2474
2639
2755
2820
2831
2776
2664
2498
2317
2126
1895
1680
1481
1321
1223
1167
1184
1263
1382
1562
1782
2048
2260
2462
2622
2770
2861
2862
2820
2759
2661
2531
2408
2285
1970
2034
2006
1906
1865
1848
1886
1966
2070
2157
2218
2227
2196
2190
2203
2250
2345
2414
2467
2470
2465
2432
2414
2305
2179
2028
1872
1718
1588
1499
1463
1475
1449
1448
1418
1372
1367
1411
1518
1672
1852
2043
2222
2366
2509
2580
2659
2727
2788
2855
2829
2803
2727
2574
2404
2176
1936
1703
1502
1305
1188
1129
1109
1157
1255
1358
1466
1619
1801
1995
2251
2497
2696
2819
2901
2940
2871
2831
2791
2731
2681
2590
2428
2235
2016
1805
1668
1593
1628
1669
1723
1721
1678
1673
1694
1813
2013
2269
2547
2744
2862
2859
2802
2718
2668
2626
2600
2546
2515
2436
2320
2143
1933
1731
1550
1430
1361
1339
1361
1361
1386
1352
1313
1316
1320
1396
1526
1799
1520
1641
1793
1913
2063
2174
2281
2418
2500
2561
2610
2625
2635
2556
2457
2340
2182
1994
1763
1602
1462
1375
1366
1408
1501
1659
1891
2120
2336
2534
2709
2864
2962
3017
3077
3065
3039
2964
2827
2679
2479
2211
1958
1686
1381
1100
892
742
683
711
841
1038
1353
1705
2086
2440
2786
3088
3284
3386
3386
3260
3063
2794
2463
2110
1770
1458
1240
1053
969
940
995
1110
1296
1486
1681
1904
2126
2362
2615
2862
3079
3252
3391
3460
3485
3415
3280
3067
2822
2555
2270
1978
1742
1529
1341
1178
1098
1021
979
999
1054
1115
1248
1379
1522
1739
1978
2196
2411
2602
2787
2962
3064
3116
3149
3118
3062
2974
2847
2669
2510
2298
2129
1920
1710
1517
