2096
2102
2099
2098
2093
2096
2097
2097
2102
2102
2097
2098
2100
2098
2099
2101
2102
2098
2102
2101
2101
2097
2098
2100
2095
2101
2102
2102
2105
2092
2102
2093
2094
2092
2096
2093
2094
2101
2097
2096
2094
2093
2093
2091
2095
2094
2096
2097
2094
2097
2096
2093
2095
2094
2095
2096
2100
2094
2090
2088
2097
2092
2096
2096
2093
2092
2096
2094
2098
2096
2098
2089
2090
2091
2094
2094
2094
2088
2090
2090
2090
2091
2095
2091
2090
2090
2091
2089
2092
2095
2095
2096
2094
2093
2096
2095
2099
2098
2100
2097
2093
2094
2091
2096
2096
2097
2098
2100
2100
2098
2102
2099
2090
2087
2093
2090
2087
2086
2090
2093
2099
2098
2102
2098
2094
2097
2095
2096
2126
2123
2117
2103
2100
2095
2059
2050
2043
2026
2002
1995
1974
1949
1951
1935
1906
1897
1900
1886
1882
1860
1885
1882
1874
1892
1896
1908
1914
1910
1928
1953
1945
1964
1990
2004
2016
2030
2054
2070
2092
2124
2170
2169
2176
2188
2193
2220
2246
2245
2272
2295
2278
2272
2280
2259
2240
2246
2240
2223
2255
2224
2233
2213
2180
2180
2194
2177
2143
2143
2150
2126
2160
2129
2116
2135
2118
2118
2127
2124
2115
2096
2123
2122
2123
2139
2133
2107
2121
2104
2136
2136
2147
2148
2159
2148
2196
2153
2160
2187
2156
2184
2169
2169
2181
2156
2182
2162
2140
2150
2139
2139
2096
2082
2089
2075
2050
2034
1996
2002
1982
1938
1924
1935
1903
1896
1890
1890
2023
2092
2090
2140
2152
2170
2180
2165
2184
2141
2122
2096
2042
2006
1997
1973
1952
1971
1944
1980
1998
2055
2072
2109
2155
2175
2172
2170
2195
2204
2160
2124
2110
2102
2083
2050
2063
2061
2083
2104
2100
2105
2092
2107
2101
2065
2040
2042
2008
1977
1977
1992
2010
2013
2029
2032
2066
2094
2126
2197
2226
2225
2200
2210
2188
2128
2039
1980
1937
1893
1876
1863
1890
1945
1998
2097
2208
2264
2267
2312
2316
2274
2198
2140
2064
2066
2031
1994
1992
2040
2110
2152
2214
2254
2272
2270
2288
2271
2251
2207
2202
2166
2147
2158
2181
2152
2176
2167
2158
2146
2104
2048
2010
1927
1881
1839
1841
1827
1818
1862
1865
1898
1936
1958
1976
2035
2059
2066
1994
1882
1798
1827
1939
2062
2172
2292
2378
2348
2276
2248
2256
2247
2141
1938
1770
1734
1874
2071
2220
2334
2337
2329
2342
2383
2451
2407
2265
2116
1976
1865
1851
1977
2142
2175
2122
2139
2246
2303
2263
2127
2012
1932
1869
1853
1904
2078
2209
2286
2291
2218
2070
1893
1753
1760
1853
1996
2069
2202
2307
2347
2278
2196
2134
2060
1970
1855
1821
1834
1816
1818
1929
2118
2264
2268
2211
2205
2232
2169
2030
1899
1838
1788
1743
1745
1952
2229
2457
2471
2375
2375
2434
2447
2269
2080
1993
1972
1942
1893
1870
1901
2002
2145
2199
2099
1933
1880
1897
1889
1829
1834
1986
2126
2154
2096
2065
2163
2290
2313
2278
2229
2177
2023
1901
1855
1927
2042
1924
2024
2141
2246
2342
2362
2272
2079
1891
1758
1663
1722
1852
1969
2070
2148
2165
2169
2060
1917
1799
1716
1737
1866
2041
2217
2325
2277
2111
1917
1855
1877
1994
2149
2181
2196
2151
2148
2193
2318
2353
2309
2141
1995
1983
2060
2223
2249
2278
2310
2358
2447
2488
2432
2258
2063
1922
1938
1909
1946
2009
2084
2101
2049
1939
1791
1766
1914
2038
2070
2017
1988
1999
2083
2138
2087
2049
2095
2140
2144
2165
2210
2190
2192
2140
2023
2037
2069
2152
2179
2180
2196
2213
2130
2016
2000
2044
2305
2437
2498
2413
2200
1963
1803
1747
1716
1850
1974
2106
2208
2310
2269
2179
2063
1968
1923
1878
1876
1987
2180
2214
2095
1936
1962
2024
2058
2058
2221
2138
2060
2043
2116
2162
2169
2212
2160
2096
1952
1832
1815
1894
2066
2266
2443
2472
2317
2005
1824
1830
2013
2181
2240
2160
2051
2026
2105
2230
2291
2231
2076
1966
1937
1962
2044
2133
2227
2376
2447
2417
2266
2036
1810
1689
1721
1880
2042
2171
2236
2334
2344
2377
2352
2304
2300
2308
2255
2211
2122
2058
2043
2094
2119
2122
2095
2118
2176
2217
2238
2209
2182
2155
2093
2014
1904
1828
1786
1785
1883
1980
2090
2120
2088
2030
1997
1981
2029
2106
2191
2242
2239
2173
2088
2011
1980
1988
1998
1976
1955
1914
1896
1939
1940
1940
1967
1991
2032
2065
2070
2081
2072
2024
2008
2030
2074
2113
2105
2084
2042
2003
2001
2029
2055
2111
2202
2279
2339
2401
2212
2199
2286
2430
2612
2618
2414
2154
2047
2020
2016
1984
1856
1654
1518
1570
1787
2062
2338
2416
2297
2108
1945
1950
2083
2135
1911
1756
1892
2072
2056
2042
2011
1839
1679
1740
1885
1916
1935
1969
1930
1957
2185
2462
2608
2589
2310
1892
1670
1742
1962
2151
2177
2048
1835
1852
2055
2212
2237
2110
2001
2021
2026
2052
2335
2631
2512
2146
1979
1984
1834
1739
1900
2101
2160
2192
2228
2275
2261
2294
2335
2271
2160
2136
2075
1941
1868
1854
1840
1854
1981
1919
1697
1578
1709
1903
2082
2270
2326
2237
2242
2379
2509
2501
2351
2085
1817
1676
1648
1840
2128
2269
2267
2341
2495
2444
2303
2305
2232
1890
1630
1751
2030
2256
2262
2014
1717
1987
2177
2367
2432
2333
2102
1916
1812
1883
2097
2354
2535
2549
2330
1944
1668
1557
1709
1980
2257
2378
2304
2028
1667
1465
1525
1821
2209
2556
2684
2656
2494
2240
2046
1961
2049
2124
2202
2159
2109
2094
2087
2006
2061
2100
2105
2082
2062
1974
1972
2000
2032
2057
2073
1997
1871
1782
1906
2088
2398
2688
2909
2927
2682
2254
1719
1247
1000
1084
1493
2047
2556
2911
3004
2799
2416
2003
1740
1679
1806
1979
2132
2150
2107
1981
1909
1923
2012
2140
2188
2149
1992
1860
1788
1921
2052
2359
2584
2642
2452
2108
1814
1702
1805
2052
2380
2573
2589
2380
2058
1781
1681
1812
2083
2375
2545
2523
2332
2054
1851
1839
2001
2264
2457
2523
2329
2104
1920
1662
1644
1624
1744
2253
2832
2936
2637
2418
2320
2054
1655
1372
1292
1315
1410
1743
2448
3208
3512
3388
3187
2786
2007
1364
1243
1262
1066
1122
1682
2201
2415
2594
2740
2528
2040
1735
1741
1819
1886
2090
2403
2593
2446
2036
1683
1632
1678
1566
1452
1611
1977
2422
2865
3114
2976
2507
1892
1349
1143
1265
1511
1769
2018
2139
2152
2226
2282
2262
2376
2585
2448
2033
1852
2094
2372
2437
2392
2330
2127
1788
1666
1952
2226
2116
1994
2133
2160
1936
1848
1924
1858
1784
1957
2076
1910
1828
2060
2356
2526
2558
2330
1875
1589
1698
2028
2226
2245
2249
2250
2246
2261
2262
2192
2160
2230
2239
2038
1877
2036
2290
2430
2513
2464
2217
2066
2164
2196
1543
1430
1617
1960
2320
2580
2707
2644
2372
1944
1547
1381
1608
2176
2822
3238
3239
2844
2176
1504
1085
1083
1501
2137
2716
3000
2920
2521
1974
1491
1230
1282
1576
1987
2368
2596
2577
2295
1822
1343
1063
1124
1551
2122
2597
2779
2636
2291
1964
1801
1855
2032
2225
2356
2396
2359
2252
2115
1984
1901
1908
2034
2287
2605
2877
2958
2796
2415
1920
1467
1140
1047
1182
1516
1960
2395
2657
2644
2326
1831
1369
1120
1188
1516
1976
2368
2565
2483
2112
1558
1070
937
1278
1993
2792
3376
3569
3392
2952
2400
1907
1595
1505
1644
1961
2321
2643
2837
2860
2712
2452
2164
1980
1946
2098
2304
2504
2646
2683
2507
2170
1756
1440
1240
1185
1254
1440
1722
3267
2557
1977
1480
886
549
952
1952
3040
3887
4095
3729
2704
1631
951
666
639
871
1355
2017
2709
3109
2984
2482
1912
1444
1151
1003
1002
1345
2025
2573
2718
2611
2495
2373
2145
1986
1940
1960
2126
2524
2766
2409
1647
1207
1161
1194
1167
1274
1730
2573
3517
4095
4095
3825
3260
2483
1493
731
651
1198
2191
3285
4042
4095
3587
2630
1382
161
3
2
708
1970
3256
4063
4069
3387
2483
1655
966
397
262
670
1464
2363
3008
3088
2706
2271
1932
1654
1472
1615
2136
2822
3301
3406
3136
2525
1643
752
242
353
927
1608
2278
2981
3416
3155
2213
1185
756
1031
1687
2462
3254
3889
4095
3931
3092
1768
400
0
2
2
598
1687
117
1138
2245
3240
4051
4095
4095
4095
4095
4095
3360
2322
1260
320
2
2
1
1
183
659
1046
1334
1593
1892
2274
2723
3198
3590
3819
3844
3700
3450
3181
2932
2699
2473
2266
2102
1984
1927
1882
1840
1774
1724
1740
1862
2129
2513
2913
3199
3228
2927
2321
1541
758
91
2
1
1
3
95
601
1165
1668
2043
2275
2360
2322
2239
2175
2229
2458
2871
3406
3949
4095
4095
4095
4095
3680
3152
2724
2476
2416
2478
2573
2646
2706
2736
2721
2587
2265
1695
856
3
2
1
4
2
4
3
3
1
1
731
1872
3136
4095
4095
4095
4095
4095
3687
3218
2920
2724
2509
2251
2048
2048
2341
2855
3391
3692
3586
3112
2477
2000
4
2
4
4
2
29
403
924
1542
2212
2890
3540
4095
4095
4095
4095
4095
4095
4095
4095
3775
3255
2746
2285
1896
1572
1321
1134
987
875
749
591
433
243
58
3
1
3
3
4
105
500
1000
1567
2180
2797
3401
3952
4095
4095
4095
4095
4095
4095
4095
4095
4095
4095
4095
4095
4033
3540
2987
2411
1822
1251
690
193
1
1
2
1
1
3
0
2
328
756
1173
1562
1927
2248
2558
2843
3104
3377
3623
3861
4062
4095
4095
4095
4095
3874
3563
3169
2729
2239
1756
1286
850
481
200
11
1
1
72
299
612
994
1431
1901
2389
2872
3340
3759
4095
4095
4095
4095
4095
4095
4095
4095
4095
4095
3873
3378
1
1
1
0
2
0
0
1
0
2
0
1
1
1
2
1
2
0
1
0
1
1
1
0
2
1
1
392
1118
1766
2382
2960
3528
4080
4095
4095
4095
4095
4095
4095
4095
4095
4095
4095
4095
4095
4095
4095
4095
4095
4095
4095
4095
4095
4095
4095
4095
4095
4095
4095
4095
4095
4095
4095
4095
4022
3224
2390
1643
953
356
3
1
3
2
1
3
0
2
2
1
1
3
3
1
2
2
2
2
1
2
2
0
2
1
1
1
0
1
3
1
1
78
589
1092
1592
2028
2449
2835
3213
3562
3928
4095
4095
4095
4095
4095
4095
4095
4095
4095
4095
4095
4095
4095
4095
4095
4095
2423
2416
2422
2424
2412
2408
2411
2413
2396
2397
2382
2376
2376
2352
2336
2335
2328
2328
2314
2295
2306
2297
2276
2284
2249
2260
2260
2235
2209
2198
2192
2172
2156
2152
2138
2129
2110
2102
2091
2082
2061
2057
2046
2024
2018
1990
1969
1974
1960
1937
1928
1902
1890
1867
1861
1851
1834
1812
1822
1814
1795
1788
1750
1750
1732
1710
1707
1678
1689
1676
1665
1651
1639
1627
1608
1620
1610
1597
1588
1579
1566
1560
1556
1541
1552
1540
1522
1532
1548
1531
1533
1525
1510
1512
1513
1508
1509
1518
1524
1524
1527
1527
1536
1542
1550
1550
1556
1572
1573
1580
1586
1597
1609
1617
1635
1657
1654
1661
1687
1690
1712
1726
1745
1752
1760
1778
1796
1817
