2092
2069
2124
2075
2100
2079
2097
2100
2115
2106
2107
2099
2101
2082
2090
2092
2063
2074
2055
2078
2079
2084
2087
2100
2092
2089
2081
2088
2102
2086
2123
2098
2106
2115
2107
2090
2104
2096
2107
2125
2088
2087
2092
2063
2085
2096
2075
2094
2108
2094
2096
2095
2094
2101
2107
2117
2084
2055
2062
2085
2092
2091
2142
2114
2090
2081
2081
2082
2087
2100
2090
2096
2093
2093
2077
2109
2084
2094
2092
2120
2097
2110
2111
2083
2086
2077
2087
2062
2064
2081
2084
2085
2078
2079
2093
2131
2123
2090
2073
2100
2076
2116
2104
2112
2087
2087
2078
2093
2081
2052
2066
2076
2085
2078
2101
2077
2087
2115
2127
2115
2068
2077
2080
2088
2089
2087
2090
2082
2093
2088
2079
2077
2106
2115
2101
2086
2064
2100
2097
2112
2099
2061
2075
2087
2115
2093
2094
2088
2093
2117
2119
2116
2101
2101
2102
2108
2099
2089
2098
2126
2103
2120
2128
2093
2093
2086
2101
2085
2075
2111
2096
2078
2099
2097
2081
2107
2099
2104
2097
2118
2091
2090
2097
2074
2073
2095
2115
2092
2108
2081
2084
2095
2092
2090
2104
2094
2081
2092
2097
2092
2093
2100
2085
2106
2102
2072
2095
2105
2079
2099
2127
2114
2087
2105
2087
2051
2083
2092
2114
2106
2088
2098
2061
2067
2068
2094
2095
2087
2061
2065
2083
2097
2097
2097
2067
2093
2107
2088
2090
2088
2090
2087
2059
2099
2071
2092
2072
2076
2098
2083
2098
2087
2094
2080
2106
2110
2230
2225
2227
2229
2181
2172
2183
2167
2145
2131
2113
2130
2105
2080
2074
2054
2052
2030
2032
1987
2008
2014
1998
1995
2000
2008
2003
2008
2035
2012
2036
2026
2049
2052
2043
2062
2099
2099
2083
2097
2116
2123
2129
2127
2128
2128
2178
2164
2135
2128
2131
2135
2144
2108
2085
2109
2090
2094
2084
2099
2085
2062
2074
2077
2080
2082
2075
2081
2084
2095
2107
2109
2099
2115
2114
2111
2103
2113
2115
2136
2108
2111
2112
2114
2111
2126
2094
2107
2129
2111
2106
2131
2127
2118
2119
2134
2143
2126
2113
2120
2139
2130
2136
2126
2116
2067
2085
2106
2065
2083
2077
2063
2028
2036
2036
2042
2020
2025
2021
2022
2004
2001
1987
2011
2007
2000
2007
2028
2111
2099
2080
2059
2053
2022
2020
2014
2044
2101
2147
2165
2216
2191
2185
2156
2132
2127
2115
2094
2062
2010
1940
1890
1855
1898
1937
2007
2052
2095
2111
2088
2077
2036
2042
2076
2146
2228
2287
2323
2315
2257
2185
2093
1972
1903
1842
1868
1866
1933
1991
2124
2222
2250
2281
2250
2209
2166
2098
2106
2121
2184
2271
2331
2341
2305
2225
2105
1986
1905
1903
1889
1944
1965
2004
2036
2068
2102
2104
2131
2148
2176
2186
2202
2202
2198
2184
2142
2133
2070
2006
1952
1936
1936
1979
2031
2068
2124
2150
2166
2151
2115
2090
2036
2017
2023
2051
2076
2118
2148
2177
2210
2210
2207
2174
2147
2123
2119
2095
2101
2104
2128
2170
2173
2131
2070
1980
1940
2484
2405
2285
2134
2066
2024
1999
2005
1997
1988
2041
2100
2128
2136
2134
2150
2134
2156
2141
2138
2100
2020
1944
1885
1900
1963
2057
2150
2250
2289
2349
2314
2228
2099
2005
1944
1850
1789
1820
1878
1981
2117
2236
2288
2339
2359
2359
2276
2184
2093
2010
1964
1946
1947
1969
2012
2128
2246
2352
2441
2431
2343
2211
2037
1867
1742
1672
1728
1787
1898
2074
2189
2301
2375
2381
2332
2270
2113
2019
1876
1804
1803
1862
1985
2152
2261
2323
2369
2315
2257
2162
2078
1988
1957
1980
2064
2110
2193
2190
2184
2132
2110
2095
2085
2064
1978
1949
1961
1975
2041
2121
2175
2201
2233
2196
2116
2016
1923
1870
1837
1865
1921
2023
2140
2223
2277
2358
2305
1919
1899
1947
2112
2363
2528
2450
2215
2070
2012
2037
1949
1874
1898
1960
1990
2005
2060
2169
2211
2232
2217
2254
2327
2310
2212
2034
1890
1832
1891
2023
2169
2266
2219
2108
1993
1926
1945
2069
2202
2236
2246
2226
2129
1998
1935
1953
2055
2133
2157
2146
2122
2112
2085
2094
2163
2208
2258
2324
2307
2169
1972
1893
1961
1986
2008
2086
2160
2070
1940
1920
2033
2128
2118
2106
2163
2183
2085
2060
2123
2116
2024
1951
2118
2301
2387
2321
2273
2258
2190
2112
2079
2128
2144
2174
2165
2158
2138
2113
2113
2126
2180
2282
2320
2218
2005
1799
1759
1805
1838
1908
2018
2088
1958
1867
1898
2081
2180
2121
2084
2055
2030
2042
2193
2345
2421
2325
2167
2258
2231
2194
2156
2101
2064
2033
2012
2009
2015
2044
2104
2160
2224
2241
2248
2202
2166
2096
2051
2022
1984
1992
2007
2054
2142
2144
2106
2092
2051
1990
1984
1978
2032
2070
2186
2237
2255
2205
2134
2074
2030
2013
2012
1975
1979
1989
2008
2017
2031
2009
2043
2054
2101
2153
2184
2223
2240
2238
2241
2200
2169
2133
2134
2117
2092
2075
2053
1999
1983
1959
1969
1990
2009
2032
2014
2028
2062
2096
2123
2165
2220
2227
2203
2171
2123
2101
2058
2023
2040
2025
2034
2077
2141
2210
2236
2236
2213
2158
2149
2115
2101
2022
1974
1912
1898
1898
1972
2090
2162
2217
2205
2156
2073
2016
1992
2021
2090
2101
2121
2135
2124
2132
2146
2178
2227
2280
2312
2084
1880
1804
1920
2029
2144
2209
2208
2146
2121
2147
2155
2079
1962
1943
1984
2032
2014
1960
1976
2002
1979
1904
1937
2131
2349
2330
2231
2171
2062
1913
1825
1884
2024
2052
2107
2126
2001
1911
1991
2148
2210
2222
2230
2245
2201
2108
2060
2037
2030
1986
1961
1960
2070
2128
2147
2184
2272
2291
2245
2180
2124
2074
2004
1936
1928
2005
2172
2282
2330
2298
2110
1937
1873
1844
1830
1869
2007
2154
2239
2274
2234
2060
1838
1727
1704
1735
1803
2000
2266
2412
2448
2463
2416
2300
2044
1792
1699
1781
1967
2174
2256
2288
2274
2229
2141
2040
2032
2102
2107
2064
2036
2089
2145
2141
2086
2030
2060
2186
2214
2080
1958
1956
1964
1878
1779
1832
1980
2376
2405
2304
2174
2037
2032
2092
2212
2325
2316
2221
2056
1936
1857
1904
2041
2188
2321
2339
2234
2102
2008
1978
2061
2199
2314
2353
2303
2181
2069
1979
1976
2061
2185
2251
2225
2085
1902
1771
1714
1775
1955
2165
2328
2371
2249
2025
1788
1675
1679
1814
2035
2284
2423
2386
2222
2029
1910
1882
2013
2198
2342
2378
2325
2152
1970
1869
1831
1926
2056
2153
2172
2112
2044
1987
1979
2085
2238
2431
2517
2438
2211
1908
1632
1523
1594
1859
2178
2451
2564
2501
2344
2191
2074
2064
2104
2178
2205
2169
2149
2086
2063
2067
2123
2167
2215
2174
2072
1996
1937
1890
1972
2100
2245
2408
2444
2414
2256
2068
1905
1830
1817
1917
2046
2221
2350
2389
2305
2166
2224
2131
2031
1984
1918
1793
1823
2010
2163
2244
2302
2436
2495
2333
2011
1727
1608
1647
1790
2040
2394
2575
2501
2279
2178
2037
1710
1456
1535
1819
2093
2343
2481
2487
2312
2005
1705
1468
1341
1310
1446
1709
2069
2402
2558
2516
2329
2135
1997
1910
1831
1824
2017
2283
2497
2605
2682
2639
2389
2016
1725
1649
1646
1712
1890
2197
2409
2422
2424
2420
2344
1965
1549
1565
2006
2380
2461
2435
2495
2474
2341
2166
2011
1964
2024
2154
2240
2264
2305
2422
2357
2122
1801
1646
1631
1684
1775
1959
2165
2370
2488
2453
2226
1983
1827
1636
1493
1617
1956
2253
2385
2456
2553
2563
2441
2236
1967
1665
1568
1741
2048
2297
2301
2232
2198
2186
2205
2044
2016
2009
2083
2175
2325
2418
2409
2234
1992
1749
1671
1778
2068
2408
2741
2912
2861
2592
2156
1679
1247
1001
1011
1197
1466
1761
2051
2273
2358
2342
2236
2034
1863
1728
1651
1656
1741
1834
1912
1949
2011
2086
2170
2221
2221
2153
2058
1953
1901
1949
2075
2276
2485
2584
2618
2585
2504
2343
2107
1802
1584
1545
1704
1957
2163
2239
2217
2110
2034
2094
2288
2576
2873
2945
2770
2478
2120
1824
1590
1510
1628
1888
2208
2500
2659
2579
2282
1837
1358
1042
986
1254
1719
2292
2787
3005
2949
2602
2183
1889
1713
1680
1694
1795
1961
2095
2112
2057
2046
2128
2176
2036
1753
1532
1546
1752
1903
1942
1970
2094
2337
2517
2458
2285
2186
2159
2154
1603
1338
1227
1189
1227
1430
1880
2391
2839
2931
2743
2538
2335
2092
1832
1663
1607
1718
1953
2200
2404
2545
2539
2367
1947
1360
766
431
590
1260
2216
3153
3694
3821
3633
3225
2660
2127
1815
1779
1892
2084
2336
2603
2782
2718
2372
1924
1596
1415
1332
1296
1337
1559
2069
2619
2928
2819
2306
1689
1227
1150
1377
1740
2022
2296
2510
2644
2683
2595
2304
1917
1554
1426
1658
2212
2820
3227
3352
3222
2965
2698
2387
1946
1396
828
528
709
1362
2241
3070
3426
3267
2693
1959
1393
1116
1122
1384
1743
2220
2696
3054
3200
3102
2750
2238
1693
1274
1104
1259
1688
2239
2664
2831
2713
2421
2149
1968
1932
1990
2176
2358
2526
2580
2445
2213
1880
3445
4055
4095
4095
4095
4095
3852
3236
2486
1698
1037
633
509
683
1057
1507
1978
2388
2759
3061
3209
3171
2927
2494
1988
1477
1103
844
632
508
475
543
710
981
1306
1557
1748
1776
1636
1440
1288
1283
1533
1998
2664
3329
3911
4095
4095
4095
4095
3630
2932
2071
1141
499
190
301
707
1241
1736
2164
2604
3112
3533
3816
3933
3910
3839
3781
3830
3874
3827
3565
3110
2527
1984
1483
1068
648
278
3
1
14
289
674
1162
1638
2068
2435
2727
2930
3010
2890
2616
2264
1950
1710
1571
1496
1400
1310
1139
1019
956
968
1063
1238
1334
1385
1385
1413
1597
1854
2186
2685
3194
3682
4081
4095
4095
4076
3631
3054
2516
2037
1681
1474
4095
4095
4095
4095
3434
2236
1086
39
0
0
1
0
0
0
0
1
1
49
930
1888
2801
3624
4095
4095
4095
4095
4095
4095
4095
4012
3319
2505
1588
694
0
0
1
0
0
0
0
0
0
0
0
105
1040
2064
3046
3963
4095
4095
4095
4095
4095
4095
4095
4095
4095
4095
4095
3694
2867
2079
1369
766
299
0
1
1
49
328
727
1210
1725
2274
2838
3348
3801
4095
4095
4095
4095
4095
4095
4095
3894
3301
2653
1928
1176
473
1
1
0
1
0
0
0
1
1
1
0
0
219
796
1414
1937
2451
2864
3223
3526
3704
3864
3935
3929
3863
3764
3624
3485
3301
3129
2978
2856
2723
2675
2651
2695
4011
3623
3250
2881
2517
2133
1752
1387
1039
709
381
61
2
2
0
1
1
1
2
0
1
0
1
0
0
0
0
1
1
1
0
2
0
1
187
528
879
1251
1598
1943
2284
2615
2919
3208
3486
3762
4007
4095
4095
4095
4095
4095
4095
4095
4095
4095
4095
4095
4095
4095
4095
4095
4095
4095
4095
4095
4095
4095
4095
4022
3765
3488
3209
2920
2613
2313
2018
1688
1382
1105
818
542
266
2
3
0
1
0
0
0
1
0
0
0
0
0
0
0
0
0
1
3
1
0
0
0
1
1
184
597
1010
1384
1786
2182
2528
2887
3224
3569
3874
4095
4095
4095
4095
4095
4095
4095
4095
4095
