2086
2079
2080
2069
2082
2074
2074
2079
2079
2070
2069
2076
2071
2070
2069
2074
2076
2076
2074
2074
2072
2067
2066
2070
2064
2064
2077
2076
2073
2072
2076
2080
2075
2078
2071
2072
2076
2084
2080
2082
2084
2087
2082
2086
2084
2087
2092
2081
2087
2093
2091
2096
2096
2095
2102
2104
2098
2103
2105
2108
2114
2112
2117
2110
2108
2108
2114
2119
2124
2118
2120
2123
2118
2119
2121
2116
2120
2112
2110
2118
2116
2119
2119
2121
2121
2125
2126
2124
2124
2124
2129
2120
2124
2124
2126
2127
2124
2130
2120
2125
2122
2117
2121
2110
2116
2114
2110
2108
2104
2107
2107
2100
2104
2112
2112
2115
2108
2107
2098
2101
2102
2097
2104
2102
2104
2092
2094
2104
2099
2096
2098
2105
2108
2103
2104
2108
2103
2107
2103
2111
2111
2110
2115
2106
2110
2106
2106
2115
2108
2110
2110
2110
2109
2106
2104
2108
2111
2114
2109
2106
2114
2114
2113
2112
2102
2106
2106
2105
2108
2102
2104
2107
2100
2104
2105
2106
2104
2105
2101
2097
2098
2097
2098
2099
2101
2102
2096
2098
2096
2095
2096
2100
2096
2095
2094
2090
2090
2088
2092
2092
2096
2095
2088
2087
2082
2084
2085
2085
2084
2082
2083
2077
2072
2076
2076
2073
2076
2075
2075
2074
2075
2077
2076
2073
2072
2075
2070
2076
2074
2074
2072
2072
2072
2072
2070
2070
2071
2071
2070
2067
2071
2074
2071
2067
2068
2067
2065
2066
2074
2067
2070
2070
2071
2071
2070
2070
2140
2135
2131
2128
2125
2127
2124
2120
2110
2109
2102
2102
2089
2088
2087
2081
2072
2068
2062
2049
2044
2039
2033
2036
2027
2026
2020
2018
2007
2008
2009
1997
2000
1992
1994
1994
1991
1989
1992
1991
1988
1988
1991
1995
1994
1993
1995
1992
2002
1994
2004
2007
2009
2012
2014
2015
2019
2025
2025
2030
2034
2040
2044
2049
2058
2072
2078
2082
2081
2093
2106
2123
2129
2139
2147
2152
2158
2174
2182
2193
2201
2210
2226
2224
2228
2238
2234
2236
2242
2245
2236
2241
2238
2231
2228
2222
2222
2212
2210
2200
2196
2183
2178
2178
2166
2168
2156
2147
2146
2141
2139
2138
2136
2137
2140
2135
2134
2141
2141
2142
2147
2145
2147
2149
2155
2158
2165
2166
2134
2103
2065
2035
2005
1980
1967
1955
1958
1966
1991
2000
2020
2044
2060
2080
2093
2104
2113
2117
2120
2125
2136
2139
2148
2164
2172
2176
2191
2189
2192
2187
2187
2177
2163
2154
2136
2121
2104
2093
2076
2070
2071
2070
2080
2094
2111
2138
2162
2190
2212
2233
2236
2240
2240
2219
2187
2167
2131
2092
2067
2039
2015
2005
2005
2014
2022
2046
2084
2117
2149
2189
2222
2256
2284
2311
2321
2339
2345
2341
2330
2296
2258
2206
2155
2089
2031
1969
1916
1865
1828
1798
1773
1760
1756
1762
1788
1816
1854
1902
1950
2019
2086
2139
2216
2262
2324
2361
2399
2407
2424
2412
2394
2359
2321
2265
2207
2147
2077
2015
1951
1899
1855
1825
1800
1788
1788
1796
1989
1993
1997
2014
2064
2124
2153
2126
2048
1986
1985
2054
2137
2204
2242
2264
2264
2218
2133
2023
1954
1938
2000
2097
2196
2259
2282
2268
2264
2249
2243
2200
2148
2099
2060
2045
2018
1973
1926
1925
1986
2078
2132
2105
2026
1975
1994
2080
2174
2224
2215
2178
2157
2150
2137
2095
2073
2101
2208
2291
2272
2151
1992
1855
1793
1793
1871
1998
2127
2215
2216
2149
2072
1993
1915
1857
1850
1936
2091
2230
2273
2268
2242
2200
2145
2052
1952
1926
2010
2105
2152
2112
2050
2010
1997
1971
1894
1802
1757
1792
1852
1900
1942
2025
2148
2262
2351
2443
2505
2503
2409
2286
2200
2183
2165
2089
1991
1925
1870
1786
1706
1664
1703
1827
1982
2130
2235
2292
2076
2096
2097
2068
2034
2012
2019
2049
2094
2135
2154
2147
2127
2104
2092
2104
2131
2181
2240
2307
2353
2364
2322
2223
2090
1956
1864
1834
1885
1982
2125
2257
2363
2410
2388
2316
2200
2085
2021
2018
2082
2188
2286
2345
2321
2232
2091
1944
1832
1793
1838
1939
2077
2200
2288
2310
2256
2142
1996
1887
1844
1891
1982
2104
2204
2266
2278
2245
2156
2039
1938
1890
1912
1985
2074
2133
2154
2142
2102
2052
2005
1986
2007
2067
2146
2196
2196
2163
2055
1946
1861
1806
1814
1894
2039
2208
2362
2475
2488
2420
2276
2107
1952
1871
1846
1882
1943
2019
2070
2092
2090
2052
2003
1953
1936
1956
2009
2078
2133
2156
2120
2072
2011
1979
1988
2040
2126
2214
2124
2181
2236
2287
2266
2157
2064
2060
2124
2204
2328
2461
2443
2277
2108
2030
2009
2052
2115
2148
2170
2210
2218
2202
2224
2280
2244
2127
2009
1911
1825
1759
1752
1823
1927
2010
2045
2147
2327
2419
2380
2283
2176
2027
1912
1841
1783
1731
1800
2022
2248
2357
2363
2303
2173
1986
1845
1785
1795
1882
2052
2232
2345
2393
2363
2243
2071
1940
1888
1851
1806
1833
1899
1961
2032
2175
2345
2439
2400
2314
2199
2101
1986
1894
1829
1849
1906
1987
2118
2212
2234
2173
2040
1904
1843
1855
1885
1951
2073
2193
2270
2330
2395
2415
2299
2079
1920
1898
1889
1807
1782
1886
2026
2155
2264
2327
2314
2279
2242
2125
1968
1911
1965
1979
1958
1993
2050
2083
1874
1968
2092
2194
2249
2254
2238
2215
2189
2190
2204
2197
2147
2058
1921
1820
1804
1890
2049
2227
2374
2464
2456
2347
2175
1977
1862
1839
1920
2052
2166
2233
2220
2139
2039
1960
1968
2061
2226
2400
2525
2539
2405
2187
1936
1757
1701
1734
1822
1930
2037
2136
2215
2262
2272
2254
2257
2309
2379
2440
2436
2374
2267
2157
2048
1967
1901
1870
1871
1936
2058
2195
2301
2326
2258
2118
1954
1827
1754
1748
1802
1904
2048
2190
2299
2320
2250
2122
2009
1955
1962
2015
2064
2074
2058
2005
1957
1924
1960
2080
2272
2460
2562
2540
2403
2223
2044
1907
1841
1835
1893
1989
2092
2163
2198
2202
2210
2196
2166
2091
1990
1883
1847
1897
2024
2160
2234
2214
2040
2064
2116
2139
2152
2149
2134
2128
2128
2151
2181
2191
2168
2118
2055
1978
1920
1952
2042
2130
2211
2324
2445
2449
2305
2120
2020
1956
1826
1672
1635
1696
1770
1830
1957
2149
2299
2306
2215
2114
2122
2209
2318
2359
2286
2140
1984
1865
1769
1716
1799
2025
2242
2293
2206
2133
2156
2180
2113
1999
1976
2123
2356
2539
2584
2505
2377
2237
2075
1889
1706
1579
1585
1709
1856
1960
1994
2050
2172
2328
2405
2353
2220
2063
1929
1818
1757
1736
1726
1754
1810
1953
2136
2279
2282
2186
2059
1985
1978
2009
2066
2123
2163
2177
2162
2170
2218
2275
2247
2126
1984
1910
1968
2123
2279
2366
2358
2297
2244
2251
2310
2348
2290
2129
1960
1880
1944
2060
2621
2223
1872
1788
1941
2082
2063
1886
1698
1599
1680
1896
2168
2331
2328
2209
2062
2000
1973
2021
2118
2249
2400
2482
2443
2303
2121
1917
1787
1757
1898
2173
2429
2526
2375
2152
1997
1973
2053
2009
1778
1565
1525
1654
1922
2211
2460
2654
2662
2460
2122
1914
1839
1902
1988
2056
2185
2336
2408
2428
2435
2447
2453
2380
2190
1915
1712
1653
1778
1998
2277
2411
2384
2174
1816
1545
1530
1754
2076
2323
2398
2372
2332
2304
2287
2299
2306
2231
2064
1928
1956
2180
2531
2823
2855
2635
2279
1950
1674
1539
1592
1784
1939
2010
1998
2065
2234
2450
2587
2549
2363
2082
1743
1422
1337
1450
1725
2012
2279
2394
2337
2163
1957
1866
1937
2159
2384
2491
2113
2457
2616
2554
2351
2094
1819
1647
1612
1683
1873
2104
2290
2361
2330
2259
2204
2164
2199
2216
2250
2292
2274
2215
2080
1976
1899
1863
1875
1930
1976
2034
2030
1955
1892
1815
1809
1832
1905
1980
2078
2216
2311
2422
2479
2499
2477
2432
2296
2120
1901
1694
1564
1556
1691
1910
2222
2502
2678
2663
2490
2148
1813
1539
1458
1555
1810
2174
2488
2630
2522
2229
1816
1446
1309
1412
1776
2240
2664
2864
2827
2520
2093
1715
1502
1512
1724
2096
2455
2683
2663
2363
1940
1554
1300
1304
1521
1913
2328
2650
2760
2611
2275
1931
1720
1714
1902
2199
2539
2771
2764
2508
2069
1606
1276
1177
1336
1702
2176
2618
2910
2913
2646
2217
1759
1470
1402
1546
1777
1932
2197
2159
1780
1636
2015
2611
2854
2628
2320
2279
2327
2140
1783
1616
1805
2044
2075
1952
1890
1984
2112
2289
2518
2579
2371
2064
1982
2077
2065
1827
1610
1677
1872
2085
2292
2464
2472
2362
2245
2109
1796
1507
1623
2046
2310
2269
2203
2286
2445
2459
2352
2328
2306
2150
1999
1942
1878
1767
1712
1815
2041
2198
2194
2152
2209
2426
2600
2487
2109
1717
1559
1713
1928
2100
2208
2342
2383
2365
2392
2488
2516
2335
2064
1891
1914
1904
1788
1696
1893
2371
2830
3032
3021
2885
2683
2427
2051
1559
992
664
880
1519
2229
2681
2868
2880
2842
2744
2523
2216
1884
1712
1746
1711
1453
1259
1311
1566
1785
1911
2037
2143
2195
2261
2261
2276
2882
3046
2950
2584
2051
1530
1217
1188
1393
1872
2534
3135
3594
3677
3397
2800
2042
1376
882
672
760
1121
1650
2166
2558
2766
2773
2688
2522
2325
2129
1974
1881
1832
1927
2117
2353
2590
2735
2714
2531
2224
1890
1652
1538
1633
1892
2280
2724
3064
3199
3088
2671
2018
1304
696
281
256
653
1374
2277
3163
3720
3870
3620
3090
2463
1928
1546
1341
1224
1284
1484
1797
2104
2288
2313
2277
2261
2308
2398
2486
2596
2638
2674
2604
2377
2032
1684
1345
1027
832
871
1146
1550
1887
2099
2216
2322
2424
2376
2255
2148
2154
2272
2463
2799
3131
3384
3422
3218
2749
2057
1244
469
2
0
109
698
1482
2230
2766
2945
2792
2511
2212
2028
2007
4095
4095
3691
2478
1233
137
2
3
1
2
121
1023
2022
2999
3860
4095
4095
4095
4095
4095
3489
2735
2209
2008
2108
2380
2700
2975
3129
3115
2938
2557
1980
1213
272
3
3
2
1
2
3
3
4
443
1507
2469
3248
3816
4095
4088
3810
3312
2717
2126
1580
1181
964
965
1152
1445
1738
1961
2039
1944
1678
1326
1012
862
954
1324
1959
2744
3584
4095
4095
4095
4095
4095
4095
4095
4095
3257
2134
1048
168
1
1
1
0
371
925
1402
1754
1978
2102
2139
2072
1918
1709
1513
1450
1553
1893
2429
3068
3678
4095
4095
4095
3970
3476
2901
2345
1876
1552
1354
1304
1371
1520
1686
1813
1844
1774
1627
1443
1240
1046
902
3776
4095
4095
4095
4095
4095
4095
4095
4095
4095
4095
4095
3592
1934
609
1
3
4
2
1
2
2
2
3
3
208
1009
1844
2599
3200
3680
3991
4095
4095
3870
3480
3085
2820
2725
2808
2910
2940
2860
2775
2864
3184
3646
4095
4095
4095
4033
3216
2196
1222
557
270
303
474
601
500
51
3
0
2
3
3
2
3
2
2
1
2
474
2120
4095
4095
4095
4095
4095
4095
4095
4095
4095
4095
4095
4095
3792
1964
2
3
3
3
2
3
3
70
4
3
3
1
3
747
2078
2956
3206
2924
2495
2352
2736
3589
4095
4095
4095
4095
4095
4095
4095
4095
4095
4095
3270
2050
852
2
2
2
241
732
