2097
2102
2098
2080
2088
2069
2084
2087
2094
2085
2099
2101
2113
2102
2093
2082
2097
2081
2090
2070
2079
2063
2099
2091
2087
2105
2107
2088
2091
2092
2096
2099
2102
2084
2085
2082
2090
2082
2080
2068
2105
2077
2071
2077
2088
2086
2102
2095
2095
2077
2087
2081
2107
2098
2079
2094
2094
2091
2096
2090
2109
2089
2092
2106
2098
2082
2087
2089
2103
2088
2093
2078
2087
2097
2077
2098
2089
2080
2098
2096
2097
2102
2104
2090
2080
2088
2096
2080
2107
2085
2100
2080
2064
2080
2064
2084
2070
2079
2094
2085
2088
2078
2126
2108
2088
2070
2085
2087
2103
2099
2097
2096
2092
2113
2129
2105
2106
2098
2098
2072
2112
2101
2080
2079
2098
2091
2095
2079
2106
2076
2078
2113
2105
2101
2097
2106
2104
2087
2103
2097
2096
2094
2099
2099
2100
2094
2109
2096
2086
2100
2118
2104
2107
2103
2108
2097
2108
2099
2090
2104
2102
2093
2100
2092
2090
2104
2107
2120
2093
2104
2104
2106
2115
2108
2120
2127
2119
2120
2105
2096
2092
2078
2114
2097
2100
2106
2123
2099
2107
2111
2089
2083
2103
2107
2109
2116
2106
2101
2109
2121
2103
2113
2109
2093
2088
2081
2081
2101
2090
2094
2096
2109
2108
2107
2091
2108
2096
2120
2118
2115
2125
2124
2109
2102
2084
2072
2085
2091
2094
2099
2104
2085
2090
2096
2103
2088
2107
2085
2079
2106
2109
2102
2106
2079
2099
2080
2104
2091
2088
2098
2105
2106
2091
2094
2093
2088
2085
2054
2022
1997
1996
1993
1970
1964
1955
1943
1950
1950
1966
1960
1966
1993
1989
2001
2000
2020
2040
2055
2079
2090
2118
2133
2146
2145
2164
2184
2174
2193
2178
2187
2178
2177
2168
2176
2180
2161
2153
2154
2131
2116
2112
2117
2109
2103
2120
2090
2092
2108
2131
2144
2132
2151
2165
2160
2165
2196
2214
2208
2210
2241
2226
2207
2227
2219
2200
2200
2186
2191
2192
2161
2126
2104
2073
2082
2050
2024
2008
2006
2024
2009
2006
2002
2005
2000
1995
2010
2025
2054
2036
2051
2057
2085
2092
2112
2122
2106
2119
2110
2135
2133
2121
2125
2107
2103
2089
2103
2103
2096
2107
2093
2078
2068
2084
2077
2056
2068
2071
2063
2065
2048
2043
2028
2006
2026
2344
2293
2248
2249
2228
2198
2157
2147
2121
2109
2085
2057
2032
2011
1971
1946
1930
1922
1881
1875
1854
1852
1848
1853
1881
1868
1887
1896
1937
1904
1885
1886
1896
1904
1918
1938
1959
2002
2032
2044
2107
2130
2132
2151
2166
2173
2186
2216
2207
2196
2195
2187
2170
2159
2146
2140
2122
2106
2068
2078
2065
2081
2082
2060
2058
2036
2008
2000
2016
1993
2023
2037
2063
2107
2147
2169
2187
2218
2247
2251
2249
2247
2261
2260
2263
2272
2273
2251
2245
2191
2160
2107
2069
2022
2000
1953
1930
1917
1905
1907
1906
1945
1959
1982
2007
2042
2067
2085
2100
2086
2085
2079
2047
2017
2010
1987
1991
2003
2006
2029
2046
2059
2062
2080
2080
2084
2076
2070
2077
2083
2112
2133
2177
2178
2177
2174
2171
2179
2182
2182
2152
2128
2096
2076
2078
2051
2079
2082
2075
2080
2119
2125
2161
2190
2243
2272
2288
2329
2352
2384
2414
2404
2422
2408
2408
2388
2370
2321
2269
2222
2157
2084
1996
1919
1846
1769
1720
1665
1650
1633
1643
1664
1706
1760
1820
1908
1985
2086
2164
2254
2331
2398
2449
2483
2497
2482
2476
2446
2392
2337
2255
2170
2089
2013
1941
1858
1808
1769
1767
1771
1770
1815
1873
1941
2017
2120
2173
2248
2332
2412
2426
2442
2446
2442
2418
2403
2386
2302
2268
2243
2183
2143
2093
2052
2027
1981
1946
1912
1904
1868
1851
1839
1835
1826
1819
1831
1858
1862
1884
1920
1967
1979
2008
2039
2067
2102
2207
2206
2234
2225
2176
2169
2172
2224
2259
2302
2315
2338
2322
2286
2273
2234
2196
2164
2121
2063
2021
1936
1865
1801
1757
1743
1764
1795
1824
1850
1854
1820
1816
1820
1862
1904
2002
2100
2125
2184
2211
2272
2305
2337
2402
2445
2484
2464
2453
2413
2377
2326
2255
2206
2154
2107
2053
2031
1985
1904
1816
1731
1662
1603
1577
1580
1617
1635
1688
1696
1706
1730
1783
1856
1886
1956
2031
2091
2111
2148
2198
2261
2306
2319
2342
2331
2356
2372
2396
2418
2432
2395
2349
2277
2183
2117
2079
2072
2079
2124
2128
2150
2145
2124
2097
2080
2041
2006
2006
1961
1942
1922
1886
1855
1790
1789
1811
1852
1883
1917
1914
1898
1894
1912
1948
2052
2142
2205
1764
1849
1906
2022
2134
2249
2381
2480
2584
2645
2709
2703
2698
2641
2566
2478
2340
2205
2063
1893
1765
1634
1557
1488
1456
1484
1507
1560
1660
1752
1899
2014
2142
2246
2365
2473
2551
2604
2672
2720
2701
2690
2623
2547
2464
2385
2295
2188
2065
1970
1880
1801
1733
1672
1644
1640
1618
1614
1624
1648
1655
1688
1731
1744
1785
1831
1915
1966
2061
2139
2196
2274
2336
2406
2470
2515
2536
2526
2493
2461
2395
2304
2243
2154
2062
2004
1932
1891
1880
1875
1859
1870
1880
1932
1973
2002
2047
2107
2120
2155
2179
2189
2177
2161
2171
2116
2083
2039
2004
1960
1950
1922
1932
1920
1943
1992
1987
2015
2072
2111
2164
2194
2216
2248
2297
2322
2320
2330
1950
1843
1786
1747
1726
1716
1732
1731
1772
1833
1888
2026
2164
2285
2375
2401
2362
2294
2137
1977
1884
1796
1759
1766
1802
1835
1874
1944
1995
2094
2201
2344
2490
2634
2717
2766
2755
2695
2632
2535
2416
2326
2235
2142
2101
2051
2014
1994
2009
2009
2011
2008
1968
1936
1879
1845
1854
1846
1888
1903
1940
1975
2039
2121
2239
2331
2412
2487
2477
2439
2328
2191
2046
1919
1773
1637
1540
1498
1512
1539
1608
1699
1822
1942
2034
2140
2224
2292
2333
2348
2386
2384
2388
2349
2334
2263
2164
2051
1977
1945
1961
2004
2097
2207
2280
2323
2339
2329
2251
2220
2172
2129
2072
2012
1902
1770
1672
1609
1607
1668
1798
1933
2056
2094
2089
2058
2049
2090
1806
1796
1835
1881
1901
1958
1993
2029
2095
2065
2101
2115
2084
2095
2077
2063
2055
2075
2087
2127
2172
2228
2286
2338
2394
2409
2442
2406
2387
2369
2320
2278
2235
2183
2103
2030
1973
1897
1838
1766
1727
1692
1687
1721
1761
1825
1921
2027
2136
2241
2309
2400
2436
2456
2464
2434
2425
2386
2360
2337
2301
2255
2215
2201
2181
2137
2088
2048
1990
1968
1938
1936
1909
1909
1904
1888
1879
1872
1893
1880
1863
1862
1894
1884
1883
1866
1858
1873
1904
1958
2004
2037
2070
2128
2169
2175
2235
2280
2321
2391
2435
2455
2497
2548
2576
2584
2563
2545
2513
2444
2345
2246
2169
2055
1954
1892
1807
1754
1707
1660
1624
1631
1625
1646
1699
1801
1883
1942
1864
1943
2055
2127
2160
2148
2138
2118
2108
2109
2177
2245
2322
2376
2407
2368
2331
2261
2221
2198
2173
2164
2145
2089
1990
1865
1727
1616
1524
1471
1481
1499
1604
1745
1902
2074
2268
2417
2576
2647
2654
2600
2510
2357
2193
2007
1826
1640
1451
1338
1254
1262
1351
1501
1662
1833
1923
1986
2015
2044
2120
2268
2396
2520
2579
2573
2511
2396
2296
2210
2195
2203
2229
2229
2191
2192
2218
2250
2305
2344
2347
2259
2161
2030
1886
1791
1740
1678
1694
1686
1719
1777
1876
2002
2129
2252
2328
2373
2408
2441
2476
2503
2512
2485
2380
2255
2100
1984
1840
1673
1549
1452
1413
1457
1565
1743
1972
2210
2425
2626
2764
2891
2972
3009
3006
2938
2806
2566
2162
2226
2305
2341
2377
2400
2421
2401
2365
2330
2302
2214
2138
2068
2015
1959
1919
1874
1860
1842
1859
1875
1895
1974
2006
2066
2139
2176
2220
2250
2278
2282
2308
2272
2229
2169
2113
2077
2046
1988
1990
1977
1975
1981
2005
2040
2090
2120
2142
2148
2192
2212
2224
2237
2231
2238
2212
2179
2140
2110
2078
2016
1960
1930
1883
1850
1835
1855
1883
1940
1992
2037
2103
2158
2231
2291
2323
2340
2360
2345
2350
2329
2293
2245
2163
2111
2045
1974
1914
1886
1839
1797
1776
1763
1787
1799
1839
1888
1904
1927
1973
2005
2026
2114
2155
2205
2272
2325
2370
2393
2414
2425
2432
2413
2360
2300
2206
2118
2026
1949
1874
1791
1732
1708
1683
1688
1672
1707
2272
2227
2198
2193
2153
2108
2113
2098
2084
2120
2142
2157
2176
2178
2174
2182
2176
2176
2181
2211
2234
2269
2345
2425
2513
2579
2560
2534
2411
2260
2097
1973
1853
1829
1861
1908
2003
2093
2168
2214
2248
2252
2276
2313
2368
2441
2427
2382
2284
2167
1990
1848
1752
1675
1669
1741
1817
1844
1852
1806
1726
1635
1581
1562
1533
1575
1665
1709
1793
1827
1809
1868
1858
1915
1977
2060
2138
2273
2371
2453
2568
2629
2730
2838
2915
2932
2875
2732
2526
2302
2085
1902
1786
1720
1696
1659
1670
1693
1757
1867
2019
2204
2372
2492
2568
2542
2462
2371
2237
2201
2148
2124
2088
1960
1812
1662
1540
1507
1579
1754
1960
2157
2318
2416
2447
2440
2432
2407
1021
742
533
372
320
325
444
628
875
1175
1535
1870
2245
2547
2852
3090
3285
3408
3474
3517
3486
3424
3312
3144
2950
2734
2436
2182
1934
1685
1469
1312
1202
1143
1122
1143
1230
1334
1435
1562
1712
1812
1944
2070
2162
2256
2319
2388
2465
2511
2481
2500
2549
2561
2568
2585
2576
2595
2577
2559
2491
2443
2334
2196
2041
1893
1745
1608
1487
1424
1366
1359
1350
1390
1423
1490
1560
1664
1772
1916
2079
2261
2434
2596
2742
2860
2911
2925
2890
2792
2645
2456
2289
2065
1887
1710
1569
1408
1292
1222
1181
1184
1264
1354
1511
1753
2026
2363
2635
2925
3147
3293
3360
3320
3197
2975
2701
2326
1957
1600
1241
928
674
529
441
427
492
660
775
685
696
737
939
1181
1546
1943
2372
2753
3087
3331
3447
3450
3348
3211
3014
2848
2711
2569
2392
2250
2089
1885
1706
1506
1387
1359
1348
1455
1683
1900
2106
2298
2424
2472
2474
2385
2267
2102
1968
1838
1723
1628
1574
1578
1621
1736
1900
2114
2349
2617
2839
3011
3139
3160
3149
3071
2958
2862
2731
2591
2459
2288
2085
1875
1666
1481
1277
1114
1033
1069
1179
1342
1566
1768
1965
2078
2104
2066
2014
1900
1757
1746
1725
1758
1828
1907
1983
2044
2093
2131
2194
2243
2395
2580
2791
2993
3177
3290
3308
3212
3009
2760
2457
2128
1829
1599
1376
1209
1056
983
930
972
1068
1196
1395
1601
1878
2087
2323
2521
2624
2727
2770
2792
2788
2710
2197
2221
2270
2290
2294
2271
2256
2262
2230
2181
2129
2055
1998
1928
1844
1815
1753
1730
1724
1736
1781
1846
1939
2008
2080
2185
2272
2319
2393
2424
2455
2482
2525
2568
2587
2588
2578
2542
2481
2391
2312
2218
2080
1987
1864
1751
1708
1673
1672
1671
1687
1699
1725
1778
1806
1840
1882
1943
2004
2037
2118
2219
2286
2351
2380
2459
2478
2491
2465
2445
2403
2357
2256
2193
2125
2022
1938
1826
1760
1692
1631
1605
1633
1721
1814
1956
2142
2344
2539
2706
2898
3027
3093
3101
3054
2967
2872
2684
2496
2286
2059
1836
1625
1448
1283
1180
1075
982
973
959
1037
1091
1202
1330
1475
1670
1864
2070
2293
2472
2641
2771
2880
2933
2942
2901
2782
2670
