2098
2104
2088
2098
2102
2103
2092
2103
2102
2105
2100
2091
2105
2104
2094
2094
2106
2099
2108
2098
2096
2096
2107
2099
2104
2102
2100
2107
2100
2096
2093
2100
2101
2107
2107
2119
2104
2104
2102
2096
2106
2103
2102
2100
2106
2102
2104
2101
2096
2094
2100
2089
2093
2093
2089
2098
2101
2095
2109
2095
2098
2094
2091
2082
2084
2083
2090
2095
2104
2097
2094
2090
2096
2096
2106
2108
2102
2098
2084
2092
2100
2087
2088
2096
2100
2099
2091
2102
2098
2094
2090
2097
2086
2109
2102
2095
2096
2082
2081
2085
2089
2092
2085
2093
2099
2094
2108
2093
2094
2095
2097
2086
2092
2091
2096
2093
2089
2100
2093
2091
2089
2091
2095
2101
2098
2095
2091
2096
2071
2062
2062
2076
2075
2082
2082
2075
2088
2093
2091
2090
2099
2098
2094
2100
2106
2105
2110
2120
2111
2118
2124
2121
2136
2131
2141
2138
2133
2133
2136
2134
2135
2148
2141
2142
2148
2152
2142
2140
2145
2151
2147
2151
2152
2147
2145
2154
2157
2152
2159
2153
2146
2140
2152
2160
2148
2146
2145
2151
2136
2140
2138
2126
2132
2130
2135
2129
2123
2130
2121
2119
2112
2114
2100
2118
2109
2105
2102
2095
2104
2093
2090
2096
2084
2092
2091
2083
2082
2082
2076
2081
2069
2064
2062
2064
2058
2045
2052
2046
2047
2044
2051
2043
2047
2038
2042
2049
2040
2035
2031
2017
2017
2016
2021
2017
2009
2017
2028
2024
2012
2008
2012
2014
2013
2010
2008
1998
2212
2213
2207
2208
2204
2209
2210
2215
2218
2226
2224
2231
2228
2226
2222
2220
2201
2186
2173
2155
2137
2126
2110
2098
2095
2103
2109
2128
2140
2158
2175
2176
2180
2173
2151
2128
2088
2050
2013
1967
1924
1889
1865
1849
1846
1853
1868
1915
1950
2001
2044
2083
2119
2144
2150
2160
2141
2097
2072
2023
1976
1931
1893
1870
1853
1848
1864
1891
1932
1980
2030
2094
2154
2205
2242
2276
2297
2316
2313
2310
2301
2288
2264
2245
2241
2233
2236
2238
2256
2274
2296
2310
2314
2333
2324
2328
2318
2298
2273
2241
2206
2168
2126
2086
2045
2006
1971
1944
1918
1895
1871
1855
1838
1824
1818
1811
1794
1794
1793
1799
1800
1811
1834
1872
1917
1965
2010
2068
2272
2185
2084
1991
1906
1839
1798
1786
1788
1816
1859
1916
1988
2060
2144
2225
2302
2385
2453
2516
2556
2582
2579
2563
2522
2465
2403
2328
2235
2143
2050
1960
1876
1804
1738
1710
1695
1720
1763
1841
1926
2026
2122
2208
2278
2333
2362
2362
2339
2307
2255
2200
2133
2084
2039
2011
1997
1987
2002
2023
2032
2050
2044
2033
2012
1978
1951
1928
1898
1876
1870
1890
1922
1978
2049
2139
2244
2357
2454
2531
2580
2598
2583
2533
2452
2338
2221
2093
1972
1866
1779
1714
1667
1661
1676
1723
1796
1892
2006
2137
2258
2372
2465
2530
2559
2550
2509
2450
2356
2248
2164
2053
1961
1887
1853
1825
1818
1834
1865
1916
1976
2042
2104
2159
2206
2226
2228
2221
2642
2631
2504
2335
2185
2059
1951
1858
1792
1762
1778
1854
1943
2013
2048
2028
1992
1977
1993
2027
2075
2130
2156
2164
2141
2104
2085
2082
2071
2076
2057
2028
2011
2024
2060
2110
2170
2204
2212
2203
2165
2130
2090
2000
1898
1789
1726
1752
1890
2086
2230
2294
2272
2191
2108
2051
1993
1943
1940
2038
2197
2402
2520
2536
2390
2176
1978
1880
1870
1935
1987
2066
2165
2273
2348
2359
2255
2084
1889
1786
1814
1935
2093
2221
2318
2348
2343
2294
2194
2090
2039
2063
2162
2272
2317
2266
2128
1974
1890
1911
2056
2248
2413
2505
2455
2338
2179
2032
1929
1889
1915
1993
2077
2116
2091
1993
1889
1842
1899
2065
2257
2383
2410
2367
2306
2286
2332
2393
2384
2275
2160
2061
2018
2004
2035
2085
2174
2249
2294
2298
2269
2202
2137
2059
1977
1876
1790
1727
1701
1743
1832
1926
2065
2220
2379
2482
2549
2549
2488
2388
2218
2022
1842
1692
1590
1558
1584
1658
1780
1873
1961
2050
2112
2151
2190
2240
2261
2254
2255
2228
2196
2164
2111
2048
1998
1981
2007
2036
2083
2142
2182
2224
2223
2211
2199
2191
2162
2134
2104
2078
2046
2020
2010
2014
2005
1981
1969
1940
1941
1972
2020
2111
2180
2263
2310
2342
2325
2304
2258
2166
2058
1939
1839
1750
1689
1669
1713
1782
1919
2107
2313
2551
2724
2854
2914
2854
2702
2480
2205
1904
1617
1398
1276
1260
1390
1611
1890
2234
2524
2765
2876
2836
2679
2435
2186
1953
1560
1390
1460
1688
1954
2180
2327
2434
2453
2341
2200
2172
2267
2359
2329
2176
1985
1848
1727
1614
1594
1739
2043
2328
2478
2472
2376
2262
2152
2127
2188
2263
2270
2144
1935
1754
1635
1624
1738
1973
2229
2393
2404
2339
2281
2260
2258
2280
2301
2310
2234
2088
1964
1932
1942
1996
2108
2211
2205
2022
1762
1643
1717
1857
1912
1978
2192
2448
2516
2377
2212
2193
2240
2258
2249
2284
2276
2090
1736
1448
1420
1564
1701
1788
1912
2020
2022
1860
1665
1605
1706
1873
1977
1996
1969
1936
1926
1940
1904
1869
1981
2216
2396
2398
2298
2271
2401
2542
2586
2551
2528
2487
2324
2043
1767
1603
1532
1532
1623
1819
2041
2203
2306
2350
2354
2341
2339
2382
1445
1405
1501
1724
2024
2334
2572
2688
2666
2511
2275
2006
1751
1555
1434
1425
1517
1704
1938
2170
2327
2382
2341
2250
2164
2112
2108
2143
2200
2280
2372
2481
2571
2594
2513
2320
2048
1769
1528
1386
1357
1447
1608
1832
2062
2262
2408
2486
2487
2429
2344
2243
2169
2136
2164
2241
2354
2448
2505
2496
2391
2216
2017
1808
1647
1539
1525
1609
1775
1993
2240
2453
2588
2630
2575
2458
2304
2152
2024
1931
1881
1888
1944
2038
2125
2168
2122
2026
1886
1760
1687
1704
1793
1924
2068
2188
2281
2326
2304
2220
2094
1947
1827
1751
1764
1837
1950
2072
2170
2234
2252
2233
2181
2104
2014
1939
1894
1914
2016
2185
2396
2591
2708
2732
2641
2470
2243
2024
1450
1544
1768
2062
2380
2602
2731
2736
2578
2252
1915
1702
1668
1725
1768
1808
1914
2027
2000
1800
1580
1537
1656
1739
1662
1498
1420
1529
1779
2068
2338
2569
2698
2657
2466
2254
2112
2065
2138
2200
2154
2024
1912
1963
2154
2359
2494
2605
2704
2769
2689
2510
2360
2342
2372
2324
2148
1954
1866
1920
2056
2171
2228
2240
2206
2126
2024
1949
1950
1999
2031
1974
1856
1705
1633
1704
1933
2235
2495
2579
2475
2228
1921
1645
1464
1473
1627
1824
1990
2139
2359
2604
2768
2811
2770
2672
2511
2269
2027
1888
1880
1956
2025
2058
2066
2063
2091
2120
2136
2113
2090
2098
2036
1772
1354
1027
1043
1350
1705
1943
2100
2292
2519
2679
2700
2608
2460
2327
1740
1904
2136
2369
2562
2664
2642
2500
2261
1987
1701
1482
1398
1450
1659
2030
2440
2804
3056
3147
3083
2864
2536
2192
1854
1557
1419
1394
1494
1728
2080
2468
2808
3076
3149
2995
2657
2188
1674
1235
953
891
1032
1387
1816
2302
2734
3066
3248
3272
3126
2852
2505
2110
1768
1461
1301
1287
1395
1596
1878
2121
2341
2536
2649
2686
2663
2572
2416
2261
2144
2062
2058
2072
2063
2042
2010
1945
1872
1793
1779
1784
1829
1908
1967
1999
1987
1944
1901
1894
1922
1961
1978
1940
1896
1814
1760
1765
1810
1905
1984
2043
2059
2050
1992
1946
1934
2014
2160
2461
2770
3073
3279
3331
3224
2928
2488
1934
1386
932
664
596
751
1124
1676
2323
2931
3351
1474
1703
2004
2327
2632
2894
3038
3004
2797
2523
2264
2037
1784
1489
1222
1075
1159
1475
1973
2563
3156
3630
3856
3783
3425
2840
2151
1466
895
489
280
290
496
848
1332
1923
2573
3173
3666
3946
3958
3662
3060
2290
1547
1035
828
890
1138
1532
2076
2712
3299
3639
3680
3485
3206
2916
2535
1980
1262
587
210
253
640
1165
1733
2338
2937
3373
3520
3328
2888
2363
1907
1552
1290
1124
1149
1411
1869
2410
2952
3440
3770
3826
3511
2856
2022
1217
588
162
2
1
289
973
1842
2647
3213
3518
3635
3612
3322
2698
1838
964
328
72
215
649
1246
1927
2642
3336
3978
4095
4095
4095
4095
3393
2390
1532
946
583
363
290
436
783
2571
1664
904
406
213
272
525
918
1377
1817
2137
2294
2356
2453
2689
3109
3640
4095
4095
4095
3700
2802
1712
670
3
1
2
456
1185
1816
2239
2445
2487
2457
2434
2509
2720
3077
3504
3893
4095
4095
3752
3031
2025
937
7
2
1
1
321
964
1529
1968
2291
2534
2678
2757
2794
2820
2855
2832
2722
2522
2223
1872
1555
1347
1336
1540
1944
2451
2928
3197
3095
2533
1583
513
2
3
2
736
2003
3203
4067
4095
4095
4010
3436
2848
2393
2166
2154
2259
2345
2245
1806
970
0
1
1
1
1
1
1308
3356
4095
4095
4095
4095
4095
4095
3548
2396
1373
530
1
4
2
356
1028
1676
2154
2354
2206
1712
952
123
1724
2295
2784
3131
3288
3212
2952
2547
2017
1434
915
457
122
4
3
2
142
458
912
1456
2103
2794
3504
4095
4095
4095
4095
4095
4095
3630
2746
1820
943
198
1
0
1
1
364
1046
1766
2471
3092
3601
3990
4095
4095
4095
3944
3486
2888
2187
1433
774
249
4
0
1
233
657
1157
1670
2161
2590
2912
3155
3311
3358
3325
3193
2971
2628
2227
1785
1354
989
780
737
896
1258
1725
2300
2841
3322
3632
3736
3630
3343
2894
2367
1838
1337
920
632
438
396
452
647
1018
1503
2102
2786
3480
4095
4095
4095
4095
4095
3458
2521
1536
606
1
1
2
1
1
422
1330
2380
3516
4095
4095
4095
4095
4095
4095
4095
4
2
3
2
4
3
1
123
935
1919
2978
4040
4095
4095
4095
4095
4095
4095
4095
4095
4095
4095
4095
4095
4095
4095
3342
2480
1735
1076
504
2
1
1
1
2
4
4
3
3
4
2
3
2
2
386
1655
2909
4050
4095
4095
4095
4095
4095
4095
4095
4095
4095
4095
4095
4095
4095
4095
4095
4018
2660
1211
2
3
1
3
3
2
1
2
3
3
1
2
1
91
1487
2941
4095
4095
4095
4095
4095
4095
4095
4095
4095
4095
4095
4071
3136
2201
1358
636
67
1
0
1
0
3
172
663
1196
1746
2276
2795
3275
3712
4077
4095
4095
4095
4095
4043
3604
3042
2403
1752
1121
533
42
1
0
4095
4095
4095
4095
4095
4095
4095
4095
4095
4095
4095
4095
4095
4095
4095
4095
4095
4095
4095
4095
3838
2319
797
1
0
3
1
1
0
2
0
2
0
1
1
2
0
3
2
1
1
1
2
2
0
2
2
2
2
1
566
1965
3334
4095
4095
4095
4095
4095
4095
4095
4095
4095
4095
4095
4095
4095
4095
4095
4095
4095
4095
4095
4095
4095
4095
4095
4095
4095
4095
4095
4095
3596
2223
875
2
4
3
2
1
2
2
2
2
3
3
2
1
3
2
4
3
3
1
1
1
2
3
1
3
3
1
3
4
553
1643
2666
3664
4095
4095
4095
4095
4095
4095
4095
4095
4095
4095
4095
