2119
2124
2099
2098
2091
2098
2097
2088
2108
2092
2105
2104
2098
2085
2093
2088
2074
2101
2100
2111
2095
2092
2101
2087
2104
2066
2076
2087
2094
2098
2096
2088
2080
2058
2083
2091
2089
2094
2083
2093
2094
2094
2070
2061
2095
2086
2070
2079
2071
2069
2067
2081
2089
2081
2058
2094
2095
2089
2067
2071
2096
2087
2075
2089
2083
2086
2100
2063
2072
2066
2078
2072
2078
2076
2074
2096
2099
2086
2096
2070
2082
2117
2102
2088
2087
2086
2097
2094
2112
2078
2086
2076
2081
2092
2081
2098
2096
2094
2092
2103
2081
2067
2052
2094
2073
2065
2088
2074
2073
2094
2083
2088
2104
2111
2065
2083
2111
2109
2098
2093
2087
2083
2098
2083
2112
2104
2106
2096
2100
2073
2078
2084
2086
2077
2079
2085
2098
2078
2082
2077
2090
2096
2104
2095
2091
2076
2077
2101
2107
2098
2100
2091
2100
2087
2105
2104
2115
2105
2092
2113
2108
2097
2095
2107
2089
2083
2073
2093
2082
2099
2105
2109
2113
2096
2110
2139
2093
2107
2115
2105
2114
2102
2099
2110
2093
2114
2128
2123
2108
2129
2107
2098
2092
2120
2116
2086
2083
2084
2121
2098
2107
2110
2103
2111
2100
2118
2116
2111
2107
2098
2112
2111
2106
2116
2099
2090
2080
2094
2099
2083
2079
2092
2083
2062
2073
2061
2089
2087
2094
2071
2073
2086
2091
2092
2070
2086
2083
2071
2082
2081
2088
2102
2069
2080
2081
2097
2096
2086
2067
2075
2077
2067
2094
2083
2079
2074
2131
2126
2124
2118
2136
2101
2112
2107
2109
2094
2089
2088
2088
2083
2076
2091
2083
2053
2078
2053
2052
2057
2058
2038
2038
2032
2023
1995
1996
1967
1973
1948
1946
1956
1975
1968
1975
1988
1998
2007
2054
2079
2096
2117
2141
2174
2203
2219
2226
2227
2262
2283
2272
2257
2251
2240
2245
2240
2218
2218
2218
2192
2194
2193
2223
2194
2207
2212
2205
2217
2230
2217
2195
2184
2186
2173
2138
2146
2119
2089
2055
2021
2019
1976
1961
1931
1920
1893
1899
1886
1892
1899
1884
1906
1923
1912
1928
1943
1946
1960
1989
2004
1998
1999
2020
2018
2010
2034
2056
2062
2063
2078
2118
2137
2160
2183
2177
2209
2225
2281
2264
2297
2292
2322
2322
2326
2298
2293
1876
1826
1796
1761
1699
1697
1669
1660
1668
1675
1692
1742
1803
1873
1925
1988
2055
2095
2159
2209
2260
2311
2366
2372
2421
2459
2462
2498
2538
2514
2514
2498
2443
2448
2383
2336
2312
2200
2147
2096
2036
1972
1919
1870
1815
1765
1757
1734
1748
1770
1760
1746
1794
1804
1849
1842
1886
1882
1908
1958
1966
2016
2024
2079
2089
2122
2142
2187
2223
2217
2234
2267
2282
2319
2308
2348
2339
2338
2367
2337
2338
2319
2304
2240
2209
2227
2205
2164
2115
2130
2061
2042
2018
2005
1975
1953
1931
1929
1935
1920
1933
1932
1929
1925
1894
1972
1957
1978
1994
2029
2069
2068
2097
2096
2126
2156
2144
2131
2141
2147
2154
2144
2159
2143
2120
2160
2174
2206
1928
1903
1870
1870
1857
1864
1885
1912
1891
1896
1960
1985
2036
2076
2108
2148
2194
2240
2252
2279
2301
2334
2335
2314
2309
2300
2260
2180
2133
2089
2035
1987
1905
1872
1824
1790
1790
1802
1794
1792
1835
1875
1893
1918
1959
2038
2067
2090
2133
2216
2257
2276
2327
2358
2367
2381
2386
2379
2350
2359
2339
2277
2207
2177
2111
2051
2004
1942
1913
1880
1845
1856
1849
1894
1918
1927
1946
1979
2015
2034
2094
2144
2197
2249
2312
2334
2403
2445
2444
2447
2437
2396
2348
2296
2258
2217
2148
2095
2051
2020
1984
1972
1951
1913
1904
1880
1887
1888
1871
1893
1921
1939
1995
2039
2088
2131
2170
2213
2237
2263
2248
2243
2221
2185
2157
2102
2104
2044
2259
2319
2365
2419
2441
2437
2432
2398
2377
2346
2304
2274
2229
2137
2061
1987
1930
1907
1905
1907
1912
1907
1868
1809
1794
1783
1800
1864
1916
1982
2048
2096
2094
2114
2128
2132
2160
2215
2223
2224
2224
2239
2218
2167
2144
2109
2088
2095
2123
2144
2144
2116
2061
1981
1929
1918
1924
1933
1974
2032
2037
2022
1997
2028
2021
2064
2097
2130
2165
2189
2211
2252
2313
2341
2379
2390
2380
2390
2359
2351
2329
2288
2246
2192
2141
2083
2010
1959
1939
1926
1914
1897
1864
1840
1785
1755
1720
1735
1780
1843
1888
1935
1959
1985
1982
1973
1973
2022
2030
2103
2128
2163
2195
2215
2245
2240
2241
2213
2201
2200
2206
2244
2267
2292
2310
2328
2294
2245
2197
2219
2234
2266
2291
2294
2305
2318
2308
2296
2293
2270
2259
2232
2217
2169
2146
2117
2105
2087
2097
2061
2020
2004
1965
1948
1908
1858
1839
1808
1780
1791
1794
1781
1813
1861
1895
1962
2023
2095
2159
2213
2267
2314
2339
2360
2365
2365
2311
2286
2243
2192
2129
2060
1980
1916
1877
1836
1795
1774
1748
1779
1814
1846
1906
1945
2012
2094
2159
2226
2286
2311
2322
2364
2381
2380
2368
2353
2330
2298
2279
2228
2223
2200
2187
2173
2131
2123
2112
2122
2110
2091
2106
2098
2096
2113
2103
2118
2130
2137
2136
2136
2113
2124
2103
2073
2059
2016
1983
1954
1917
1888
1855
1854
1842
1815
1836
1872
1878
1905
1950
1970
2034
2104
2162
2221
2271
2303
1764
1707
1673
1674
1729
1868
2031
2091
2161
2164
2164
2180
2250
2271
2335
2356
2340
2326
2238
2251
2270
2312
2398
2412
2372
2273
2133
1993
1879
1746
1637
1547
1496
1462
1480
1534
1602
1708
1826
1965
2107
2268
2399
2518
2585
2585
2584
2539
2498
2447
2424
2385
2333
2239
2140
2031
1948
1882
1847
1817
1811
1819
1852
1874
1919
1947
1994
2034
2096
2161
2190
2224
2169
2108
2094
2006
1955
1975
1986
2004
2044
2064
2062
2122
2151
2259
2344
2351
2316
2298
2244
2219
2166
2142
2102
2068
2031
1986
1999
2039
2061
2084
2095
2065
2044
2029
1986
1955
1946
1949
1984
1993
2010
2043
2071
2100
2019
1944
1876
1843
1781
1776
1793
1783
1822
1845
1896
1971
2374
2305
2224
2119
2014
1931
1835
1742
1689
1696
1698
1703
1794
1860
1945
1998
2053
2174
2255
2324
2386
2450
2496
2494
2517
2474
2429
2380
2327
2263
2208
2161
2129
2061
2024
2000
1965
1937
1925
1866
1857
1866
1915
1926
1956
1974
2007
2014
1997
1967
1924
1898
1862
1806
1834
1870
1857
1952
2014
2102
2222
2315
2453
2556
2644
2693
2732
2675
2611
2525
2383
2269
2116
1963
1844
1742
1688
1643
1602
1614
1633
1695
1752
1839
1943
2030
2145
2229
2308
2390
2428
2459
2508
2428
2398
2290
2285
2189
2139
2101
2046
2036
2036
2012
2008
2031
2037
2060
2053
2051
2051
2036
2083
2080
2041
2065
2065
2065
2045
2023
1999
1968
1934
1904
1859
1848
1835
1821
1844
2003
2160
2319
2381
2425
2415
2379
2376
2412
2444
2513
2527
2505
2472
2440
2361
2368
2285
2227
2117
2017
1893
1778
1738
1693
1614
1605
1582
1589
1575
1639
1777
1952
2040
2158
2266
2324
2399
2508
2602
2653
2689
2631
2522
2336
2105
1928
1760
1643
1510
1396
1311
1207
1235
1301
1438
1659
1824
2068
2193
2291
2412
2479
2544
2598
2592
2572
2525
2425
2338
2225
2162
2072
2051
1975
1995
2025
2074
2050
1974
1914
1873
1888
1995
2138
2266
2306
2255
2110
1985
1927
1957
2109
2248
2372
2373
2304
2206
2117
2044
2067
2113
2191
2197
2180
2152
2161
2166
2217
2210
2187
2129
2104
2074
2044
2022
1997
1953
1928
1911
1917
1952
2039
2123
2213
2240
2297
2148
2175
2164
2191
2208
2170
2178
2171
2140
2136
2135
2092
2070
2060
2071
2086
2053
2034
2001
1992
1994
1963
1954
1991
1975
2002
2027
2082
2113
2140
2166
2166
2191
2187
2190
2213
2207
2199
2196
2207
2200
2216
2184
2179
2161
2096
2068
2044
2019
2010
2010
2036
2058
2069
2076
2112
2135
2187
2178
2180
2144
2130
2130
2094
2081
2055
2073
2069
2083
2071
2071
2114
2123
2112
2121
2101
2097
2057
2028
2054
2024
2036
2018
2001
2009
1986
1979
1997
1999
2000
1997
1990
2014
2021
2058
2060
2091
2105
2109
2115
2112
2134
2156
2162
2200
2218
2208
2211
2176
2162
2149
2116
2042
2002
1971
1962
1940
1919
1901
1911
1934
1956
1992
2016
2043
2071
2069
2091
2091
2023
1973
1964
1966
1960
2000
2068
2095
2100
2121
2144
2116
2103
2107
2095
2069
2017
1950
1939
1910
1860
1875
1882
1876
1898
1932
1952
1968
1986
2025
2057
2096
2178
2267
2339
2464
2536
2580
2616
2541
2446
2317
2176
2028
1928
1856
1786
1752
1748
1786
1850
1932
2063
2215
2382
2512
2606
2673
2678
2632
2555
2431
2266
2130
2012
1928
1878
1837
1871
1929
2011
2123
2222
2300
2364
2366
2337
2239
2156
2015
1909
1860
1806
1783
1799
1850
1908
1974
2084
2183
2302
2440
2556
2623
2604
2517
2388
2210
2093
1983
1934
1983
1986
1996
1965
1913
1872
1832
1838
1858
1891
1903
1857
1796
1725
1653
1582
1558
1576
1616
1719
1862
2018
2182
2304
2380
2466
2285
2375
2450
2487
2512
2517
2504
2466
2388
2283
2213
2120
2016
1902
1790
1704
1585
1477
1378
1276
1219
1168
1182
1231
1331
1452
1594
1789
1988
2180
2359
2525
2706
2847
2986
3092
3181
3258
3264
3217
3143
3006
2864
2673
2463
2222
2017
1799
1615
1452
1303
1236
1200
1195
1222
1310
1428
1579
1725
1895
2073
2240
2370
2442
2516
2534
2517
2448
2368
2296
2198
2098
2006
1904
1807
1729
1651
1614
1606
1656
1772
1918
2097
2311
2514
2696
2842
2947
2989
3000
2936
2832
2660
2495
2286
2107
1912
1721
1564
1398
1261
1178
1097
1087
1131
1259
1436
1655
1912
2135
2371
2582
2732
2863
2949
2959
2942
2917
2844
2744
2610
2455
2308
2132
1951
1742
1552
1384
2624
2676
2795
2946
3038
3098
3048
2886
2624
2302
2044
1814
1718
1715
1778
1892
1980
2073
2092
2096
2046
2037
2046
2104
2144
2154
2158
2089
1956
1804
1628
1498
1411
1402
1503
1623
1800
1989
2187
2385
2574
2742
2883
2947
2958
2872
2724
2482
2171
1889
1625
1408
1277
1225
1189
1222
1234
1272
1340
1452
1632
1888
2190
2484
2746
2943
3068
3122
3111
3087
3042
3037
3001
2949
2838
2666
2432
2185
1916
1612
1363
1195
1075
1030
1061
1121
1229
1374
1543
1695
1848
2032
2216
2325
2457
2542
2563
2572
2475
2378
2254
2142
2119
2122
2207
2313
2422
2482
2480
2439
2339
2273
2194
2151
2097
2027
1941
1844
1720
1570
1421
1313
1274
1351
1438
1539
1665
1760
2382
2382
2366
2312
2274
2201
2123
2017
1919
1824
1768
1702
1692
1718
1765
1832
1908
1997
2093
2164
2277
2338
2392
2419
2469
2526
2526
2516
2487
2449
2410
2337
2256
2142
2016
1901
1754
1616
1478
1379
1270
1195
1147
1181
1239
1338
1466
1662
1872
2121
2363
2570
2788
2955
3101
3208
3255
3216
3153
3071
2939
2756
2560
2332
2121
1875
1664
1457
1278
1115
1011
952
918
933
1007
1149
1325
1555
1811
2083
2364
2617
2865
3077
3224
3336
3383
3360
3243
3108
2922
2682
2430
2151
1869
1579
1328
1123
967
859
817
839
935
1096
1325
1577
1826
2109
2363
2625
2808
2963
3079
3132
3134
3120
3042
2946
2821
2645
2445
2216
1961
1736
1494
1272
1093
965
