2104
2088
2100
2099
2117
2104
2081
2108
2083
2095
2096
2092
2105
2094
2088
2103
2110
2106
2104
2098
2133
2100
2089
2091
2078
2094
2089
2108
2096
2091
2088
2112
2111
2097
2094
2100
2092
2083
2088
2092
2082
2103
2089
2098
2100
2103
2087
2086
2104
2104
2106
2099
2088
2086
2089
2101
2091
2088
2086
2099
2108
2107
2091
2085
2093
2099
2087
2084
2083
2097
2078
2101
2093
2106
2090
2093
2086
2094
2096
2077
2061
2079
2081
2094
2083
2097
2107
2089
2091
2097
2101
2083
2097
2088
2090
2118
2106
2090
2084
2078
2093
2080
2097
2062
2086
2083
2085
2079
2091
2080
2088
2096
2072
2088
2071
2068
2090
2096
2096
2088
2096
2113
2098
2086
2100
2078
2070
2063
2131
2129
2115
2120
2114
2099
2106
2100
2094
2088
2114
2111
2105
2088
2102
2114
2124
2111
2119
2111
2096
2104
2112
2100
2102
2115
2112
2124
2104
2105
2116
2098
2126
2108
2109
2122
2109
2135
2146
2116
2110
2112
2116
2109
2112
2139
2120
2120
2128
2144
2086
2107
2096
2115
2104
2097
2118
2127
2102
2119
2097
2103
2114
2096
2124
2114
2119
2109
2118
2091
2103
2105
2105
2104
2100
2095
2118
2109
2096
2105
2102
2108
2088
2120
2120
2133
2110
2106
2106
2117
2132
2117
2116
2114
2102
2096
2114
2119
2105
2122
2127
2100
2132
2116
2114
2128
2104
2117
2118
2117
2089
2108
2111
2132
2128
2118
2106
2098
2128
2124
2103
2098
2116
2110
2131
2135
2117
2118
1996
2006
2016
2023
2006
1993
1998
2005
2014
2018
1999
2010
2017
2018
2008
2034
2036
2029
2031
2016
2020
1995
2007
2001
2013
2007
2030
2016
2005
2021
2020
2006
2019
2026
2007
2036
1999
1982
1989
1992
1986
1969
1970
1978
1968
1951
1954
1926
1923
1938
1923
1935
1936
1946
1955
1937
1962
1943
1934
1955
1935
1964
1967
1955
1977
1974
1983
1978
1966
2010
2004
2041
2033
2043
2059
2080
2085
2085
2077
2100
2128
2142
2134
2152
2151
2143
2166
2168
2164
2192
2186
2176
2167
2182
2175
2185
2176
2189
2166
2168
2159
2152
2132
2142
2129
2123
2139
2104
2095
2106
2102
2078
2078
2092
2083
2062
2080
2104
2090
2071
2094
2101
2105
2124
2121
2105
2125
2104
1886
1868
1881
1923
1950
1954
1951
1989
1990
2005
1998
1985
1983
1982
1980
1947
1990
1971
1935
1909
1884
1884
1870
1883
1866
1856
1873
1856
1887
1858
1857
1874
1899
1919
1897
1949
2008
1995
2027
2096
2095
2158
2178
2214
2253
2317
2323
2377
2402
2409
2409
2468
2448
2462
2452
2463
2442
2455
2448
2412
2429
2420
2394
2379
2376
2400
2379
2336
2319
2298
2289
2252
2270
2270
2234
2216
2208
2192
2196
2231
2242
2251
2207
2158
2132
2108
2062
2014
1995
1990
1953
1941
1928
1904
1933
1985
1976
2029
2015
2012
2048
2016
1982
1964
1931
1937
1931
1927
1959
1944
1933
1976
1991
2003
2005
1964
1930
1938
1904
1842
1832
1801
1806
1772
1765
1795
1840
1843
2341
2331
2308
2280
2292
2260
2241
2192
2189
2151
2156
2112
2092
2080
2069
2026
2018
2021
1986
1964
1946
1940
1952
1944
1937
1941
1976
2002
1994
2016
2029
2036
2089
2092
2132
2159
2188
2192
2195
2249
2276
2266
2257
2262
2234
2255
2205
2211
2144
2125
2058
2032
1990
1940
1872
1838
1804
1765
1726
1716
1692
1664
1659
1630
1662
1662
1641
1668
1674
1733
1772
1828
1868
1927
2004
2060
2109
2188
2229
2275
2326
2350
2372
2411
2442
2467
2516
2534
2515
2512
2497
2482
2446
2432
2395
2337
2293
2246
2212
2170
2118
2072
2006
1978
1955
1890
1857
1819
1799
1814
1767
1744
1736
1724
1750
1727
1740
1757
1793
1790
1830
1866
1903
1956
1970
2015
2120
2184
1957
1947
2000
2027
2065
2111
2167
2207
2277
2354
2387
2450
2500
2536
2553
2550
2542
2492
2420
2345
2251
2108
1979
1840
1729
1665
1573
1490
1472
1491
1521
1590
1676
1784
1882
2019
2137
2224
2301
2376
2444
2479
2508
2506
2507
2499
2498
2475
2472
2430
2415
2369
2332
2245
2179
2062
1967
1870
1782
1657
1599
1524
1486
1461
1479
1491
1551
1651
1754
1884
2010
2142
2254
2356
2466
2546
2622
2695
2695
2710
2665
2647
2597
2520
2439
2354
2260
2170
2114
2044
2013
1995
1973
1998
1997
2011
2015
2022
2024
2032
2020
2032
2029
2041
2052
2084
2130
2163
2187
2218
2222
2163
2119
2060
2002
1947
1915
1904
1950
2011
2092
2183
2303
2412
2476
2521
2531
2511
2241
2258
2282
2266
2272
2238
2210
2200
2233
2234
2242
2290
2337
2382
2446
2498
2545
2577
2568
2568
2508
2452
2370
2253
2161
2038
1900
1853
1778
1734
1708
1684
1689
1701
1735
1793
1832
1880
1920
1972
1993
2052
2116
2169
2221
2260
2307
2352
2406
2422
2433
2432
2441
2446
2404
2376
2339
2310
2265
2222
2196
2142
2106
2084
2058
2009
1942
1900
1846
1792
1764
1725
1724
1751
1759
1790
1824
1908
1950
2013
2091
2138
2161
2195
2204
2226
2231
2246
2225
2218
2194
2186
2156
2117
2071
2007
1974
1959
1889
1846
1834
1811
1808
1857
1889
1968
2032
2136
2189
2243
2305
2376
2406
2419
2445
2457
2437
2442
2446
2432
2420
2392
2367
2364
2329
2288
2248
2218
1837
1786
1741
1670
1628
1622
1650
1696
1716
1791
1888
2027
2156
2288
2437
2568
2661
2795
2859
2942
2958
2954
2912
2880
2817
2718
2618
2485
2343
2166
2040
1882
1765
1624
1490
1428
1407
1396
1365
1394
1437
1486
1597
1684
1789
1940
2004
2113
2155
2233
2271
2304
2314
2317
2299
2255
2248
2236
2186
2162
2110
2079
2065
1993
2016
1984
1953
1983
2045
2031
2032
2085
2140
2161
2128
2147
2161
2158
2185
2190
2184
2199
2211
2184
2164
2141
2095
2062
2021
1996
1965
1891
1850
1826
1840
1821
1844
1832
1880
1917
1960
2036
2121
2175
2276
2353
2434
2530
2600
2688
2724
2731
2711
2683
2631
2569
2484
2382
2252
2172
2104
2066
1985
1924
1881
1860
1821
1833
2808
2801
2801
2752
2664
2562
2436
2289
2136
2007
1826
1659
1518
1362
1306
1274
1295
1335
1407
1449
1500
1587
1640
1711
1796
1920
2038
2173
2261
2309
2342
2361
2351
2356
2367
2377
2392
2378
2321
2257
2176
2121
2067
2072
2087
2081
2028
2006
1907
1862
1827
1805
1871
1988
2113
2178
2202
2212
2187
2167
2115
2128
2110
2116
2124
2121
2099
2133
2128
2128
2107
2109
2122
2143
2156
2164
2116
2056
1993
1940
1930
1971
2059
2148
2187
2182
2135
2092
2103
2113
2207
2295
2368
2400
2380
2348
2303
2272
2258
2225
2182
2134
2049
1950
1873
1792
1738
1684
1662
1636
1680
1738
1795
1824
1834
1868
1856
1838
1831
1876
1949
2083
2178
2289
2362
2458
2540
2612
2085
2076
2096
2124
2169
2231
2301
2368
2415
2468
2476
2451
2398
2311
2214
2091
1964
1821
1700
1598
1514
1457
1424
1419
1451
1495
1581
1691
1812
1936
2078
2208
2321
2408
2506
2546
2577
2592
2575
2554
2514
2470
2440
2421
2364
2315
2264
2196
2121
2049
1985
1923
1857
1815
1784
1751
1737
1732
1722
1717
1726
1728
1730
1741
1752
1768
1780
1794
1839
1896
1943
2014
2088
2183
2263
2380
2474
2572
2647
2715
2758
2793
2783
2759
2732
2665
2590
2516
2412
2302
2188
2065
1922
1792
1660
1517
1385
1304
1208
1130
1132
1156
1232
1358
1484
1645
1824
2000
2181
2343
2495
2623
2733
2826
2878
2934
2962
2955
2937
2888
2817
2713
2576
2434
2254
2069
1880
1739
1896
2077
2264
2436
2569
2638
2638
2592
2497
2402
2323
2275
2277
2284
2270
2207
2102
1988
1891
1836
1818
1787
1727
1614
1468
1352
1326
1396
1551
1746
1914
2032
2087
2102
2080
2041
2003
1964
1928
1943
2009
2125
2278
2438
2550
2630
2656
2660
2677
2664
2623
2570
2478
2368
2247
2094
1912
1717
1535
1408
1373
1437
1551
1677
1761
1805
1844
1958
2159
2416
2682
2852
2916
2880
2810
2782
2823
2898
2961
2928
2791
2578
2352
2156
1976
1790
1584
1361
1177
1096
1171
1376
1631
1877
2046
2136
2178
2228
2315
2461
2634
2800
2886
2884
2766
2594
2420
2294
2247
2265
2298
2295
2198
1984
1720
1502
1366
1365
1469
1587
1646
1610
1505
1419
1416
1548
1779
2048
3046
2947
2795
2622
2403
2171
1952
1758
1588
1463
1385
1351
1379
1446
1552
1702
1871
2063
2253
2438
2601
2726
2812
2846
2826
2765
2647
2513
2360
2209
2076
1960
1882
1839
1820
1827
1847
1899
1943
2009
2087
2177
2282
2393
2516
2628
2732
2780
2801
2777
2704
2588
2436
2254
2071
1867
1678
1491
1329
1179
1072
995
960
955
1019
1139
1284
1470
1672
1892
2100
2293
2456
2594
2705
2784
2833
2851
2846
2805
2740
2657
2544
2397
2237
2060
1870
1682
1504
1348
1245
1176
1160
1208
1304
1443
1611
1817
2017
2223
2416
2592
2732
2836
2887
2897
2863
2779
2661
2528
2369
2224
2094
1990
1907
1853
1816
1800
1788
1818
1857
1927
2006
2109
2220
2338
2450
2541
1823
1610
1486
1385
1318
1296
1312
1392
1532
1726
1934
2097
2202
2233
2187
2100
2001
1929
1874
1861
1888
1957
2074
2241
2446
2674
2851
2955
2957
2890
2780
2653
2569
2470
2356
2173
1905
1576
1249
972
808
797
911
1127
1370
1597
1780
1945
2129
2322
2520
2710
2850
2937
2952
2907
2821
2718
2604
2470
2340
2201
2078
2003
2001
2088
2251
2415
2568
2620
2555
2382
2127
1857
1638
1488
1400
1359
1336
1352
1421
1579
1830
2143
2475
2787
3036
3194
3265
3288
3258
3188
3069
2921
2734
2540
2350
2143
1942
1722
1508
1299
1127
1036
1052
1119
1257
1365
1440
1476
1509
1567
1655
1782
1919
2011
2072
2071
2075
2118
2205
2357
2540
2681
2739
2736
2674
2618
2366
2208
2004
1798
1604
1433
1293
1227
1208
1256
1360
1509
1687
1861
2055
2224
2368
2511
2623
2702
2748
2768
2764
2719
2646
2548
2422
2268
2109
1933
1798
1670
1576
1528
1495
1482
1518
1584
1687
1825
1990
2201
2432
2699
2964
3184
3368
3467
3471
3367
3144
2831
2472
2080
1672
1318
1012
821
740
764
899
1132
1438
1768
2127
2462
2746
2985
3151
3230
3206
3131
2960
2721
2451
2160
1872
1649
1486
1370
1344
1420
1551
1726
1929
2139
2315
2459
2536
2558
2541
2443
2312
2150
1967
1771
1602
1442
1323
1221
1185
1201
1260
1398
1578
1811
2094
2370
2665
2934
3176
3378
3499
3539
3489
3355
3115
2788
2423
2008
1559
1138
747
445
244
160
193
362
3525
3335
3047
2729
2388
2049
1722
1385
1066
796
624
578
676
882
1160
1447
1711
1909
2075
2212
2346
2511
2709
2904
3070
3171
3177
3096
2952
2780
2606
2440
2273
2110
1940
1803
1718
1724
1817
1990
2184
2331
2371
2294
2094
1815
1520
1296
1202
1278
1500
1808
2142
2442
2694
2893
3060
3190
3306
3360
3351
3227
3021
2709
2350
1968
1634
1391
1231
1118
1062
1011
964
929
922
959
1079
1284
1592
1968
2388
2820
3193
3464
3588
3587
3432
3173
2845
2499
2177
1938
1797
1765
1828
1938
2057
2159
2212
2212
2180
2105
2004
1883
1753
1618
1506
1414
1337
1285
1265
1287
1342
1422
1504
1576
1637
1717
1839
2042
2346
2738
3170
3558
3862
4030
4057
3946
