2096
2087
2077
2072
2051
2095
2090
2095
2088
2091
2093
2067
2057
2089
2084
2095
2088
2094
2080
2058
2076
2088
2078
2096
2088
2084
2079
2115
2096
2104
2080
2072
2075
2096
2077
2080
2084
2095
2081
2083
2096
2081
2092
2080
2074
2108
2090
2092
2104
2095
2090
2097
2098
2086
2040
2062
2086
2099
2120
2094
2104
2073
2124
2133
2082
2086
2101
2101
2084
2089
2076
2100
2081
2075
2064
2066
2081
2101
2079
2067
2083
2082
2075
2091
2090
2105
2095
2120
2096
2109
2092
2070
2070
2074
2079
2089
2101
2095
2120
2095
2083
2078
2092
2118
2092
2085
2104
2092
2068
2095
2128
2107
2086
2083
2088
2071
2062
2076
2073
2097
2107
2070
2084
2083
2084
2091
2094
2117
2099
2088
2085
2099
2082
2090
2092
2078
2084
2084
2107
2106
2081
2089
2099
2119
2122
2097
2108
2118
2079
2093
2093
2104
2112
2136
2116
2099
2109
2116
2123
2086
2092
2101
2107
2111
2082
2069
2072
2068
2110
2100
2094
2088
2096
2098
2112
2100
2121
2124
2085
2076
2103
2136
2098
2099
2088
2088
2083
2112
2112
2082
2065
2076
2103
2137
2131
2124
2133
2110
2092
2101
2102
2109
2087
2098
2100
2090
2092
2092
2090
2094
2092
2098
2073
2082
2111
2127
2092
2073
2060
2100
2086
2087
2118
2137
2114
2102
2088
2100
2112
2081
2089
2066
2083
2095
2092
2105
2100
2083
2083
2092
2093
2080
2096
2088
2063
2103
2096
2095
2099
2077
2085
2102
2112
2111
2096
2097
2188
2165
2134
2122
2109
2085
2074
2053
2017
1992
1960
1940
1921
1890
1876
1882
1870
1842
1808
1823
1826
1815
1829
1856
1848
1869
1873
1898
1918
1965
1984
2000
2034
2053
2092
2094
2139
2157
2194
2204
2215
2235
2243
2261
2248
2242
2227
2229
2209
2214
2206
2175
2153
2113
2101
2075
2051
2039
2013
2008
1996
1987
1977
1959
1972
1981
2002
1998
1973
2020
2000
2037
2045
2069
2077
2116
2110
2119
2146
2172
2192
2207
2222
2219
2211
2212
2245
2259
2192
2200
2188
2201
2162
2159
2172
2171
2155
2135
2124
2132
2090
2084
2072
2080
2075
2089
2067
2054
2091
2106
2101
2096
2113
2160
2173
2189
2195
2210
2203
2219
2217
2222
2229
2240
2212
2224
2242
2170
2303
2287
2260
2246
2201
2153
2131
2089
2080
2047
2020
1978
1962
1934
1899
1877
1847
1814
1823
1799
1798
1790
1794
1813
1818
1851
1886
1944
1967
2005
2040
2085
2127
2167
2223
2262
2268
2300
2328
2346
2353
2365
2381
2357
2371
2392
2372
2373
2372
2340
2364
2396
2384
2389
2385
2372
2344
2358
2331
2305
2309
2269
2201
2141
2082
2001
1943
1896
1825
1790
1722
1667
1625
1593
1557
1529
1535
1553
1536
1545
1559
1590
1665
1706
1762
1800
1867
1912
1992
2057
2121
2168
2236
2296
2336
2348
2396
2464
2480
2508
2526
2562
2542
2525
2538
2552
2538
2487
2448
2459
2387
2361
2324
2250
2177
2122
2090
2065
2021
1960
1918
1873
1818
1770
1739
1688
1685
1696
1676
1662
1678
1718
1736
1768
1780
1823
1875
1906
1924
1982
2017
2116
2145
2202
2249
2274
2288
2268
2288
2273
2264
2239
2222
2178
2160
2176
2168
2147
2213
2287
2323
2374
2436
2442
2489
2489
2475
2472
2443
2420
2378
2353
2279
2216
2194
2170
2144
2080
2036
2028
1966
1938
1817
1764
1701
1636
1588
1559
1561
1595
1655
1701
1784
1843
1921
1988
2054
2087
2126
2135
2139
2159
2158
2162
2217
2219
2225
2301
2336
2396
2446
2453
2434
2468
2475
2464
2423
2403
2353
2345
2305
2241
2188
2122
2091
2027
1987
1939
1909
1843
1852
1845
1849
1876
1900
1962
1982
2071
2107
2151
2190
2197
2207
2222
2223
2222
2216
2198
2176
2152
2130
2089
2044
1987
1920
1902
2032
1993
1971
1982
1974
1979
1943
1931
1905
1905
1894
1910
1920
1957
1970
1996
2023
2004
1985
2023
2058
2106
2195
2273
2325
2360
2368
2344
2321
2339
2362
2376
2388
2416
2454
2426
2406
2382
2376
2360
2345
2311
2225
2161
2095
2050
2013
1970
1910
1872
1800
1746
1682
1665
1676
1703
1704
1701
1691
1682
1738
1802
1868
1942
2032
2072
2136
2178
2209
2257
2283
2341
2350
2396
2408
2432
2450
2453
2447
2430
2392
2331
2296
2223
2192
2167
2111
2037
1951
1863
1810
1764
1761
1765
1784
1807
1846
1869
1879
1907
1926
1947
1967
1981
1995
2000
2022
2049
2074
2102
2138
2140
2118
2054
2048
1975
1945
1928
1944
1975
2028
2072
2113
2128
2093
2048
1983
1958
2115
2148
2191
2250
2276
2304
2313
2327
2333
2293
2235
2195
2152
2073
1974
1956
1886
1864
1830
1851
1808
1814
1852
1881
1934
1987
2044
2144
2202
2296
2322
2398
2468
2478
2493
2470
2444
2368
2316
2270
2174
2124
2054
1978
1929
1863
1830
1803
1776
1812
1887
1933
1956
2017
2097
2184
2236
2284
2346
2374
2371
2377
2337
2263
2180
2086
2010
1922
1799
1744
1755
1704
1706
1746
1800
1837
1939
2055
2187
2269
2334
2415
2460
2487
2492
2483
2434
2359
2289
2180
2079
2003
1903
1824
1729
1666
1570
1567
1547
1584
1628
1671
1809
1944
2085
2190
2307
2418
2530
2558
2607
2627
2614
2562
2515
2418
2312
2214
2112
1985
1887
1809
1765
1721
1709
1671
1672
1731
2285
2306
2318
2275
2212
2105
1975
1836
1779
1708
1751
1796
1862
1913
1982
1970
1912
1836
1815
1799
1828
1925
1997
2067
2134
2145
2122
2074
2059
2062
2115
2158
2228
2268
2285
2286
2275
2247
2214
2190
2164
2163
2131
2104
1983
1913
1853
1763
1698
1720
1772
1863
1945
2041
2118
2209
2272
2305
2418
2466
2524
2620
2632
2660
2665
2632
2549
2500
2453
2331
2242
2175
2056
1957
1870
1837
1833
1845
1861
1899
1895
1918
1941
1923
1902
1920
1921
1909
1924
1938
1996
2086
2158
2188
2220
2263
2272
2260
2230
2222
2216
2218
2220
2196
2150
2107
2028
1994
1920
1890
1907
1931
1918
1967
1955
1907
1891
1879
1856
1877
1900
1960
1976
2022
2061
2121
2152
2195
2516
2336
2122
1912
1724
1542
1438
1323
1284
1266
1340
1425
1546
1693
1846
1984
2137
2328
2430
2568
2664
2749
2771
2787
2753
2671
2544
2379
2232
2059
1887
1713
1545
1463
1383
1345
1354
1420
1544
1672
1832
1956
2135
2269
2399
2526
2570
2596
2613
2633
2558
2470
2371
2256
2121
1973
1851
1723
1633
1569
1522
1546
1618
1702
1814
1942
2112
2258
2400
2532
2598
2669
2674
2638
2609
2500
2392
2240
2098
1980
1800
1673
1576
1495
1481
1484
1559
1634
1772
1910
2100
2303
2452
2606
2715
2785
2851
2838
2780
2698
2633
2470
2286
2098
1926
1736
1599
1477
1389
1347
1357
1391
1506
1640
1808
1966
2165
2313
2449
2568
2651
2677
2670
2653
2569
2454
2303
2195
1807
1826
1863
1945
1982
2006
2064
2143
2244
2296
2322
2382
2478
2532
2553
2552
2579
2543
2508
2461
2384
2300
2174
2076
1938
1810
1638
1511
1349
1247
1115
1055
1037
1068
1169
1317
1531
1755
2091
2333
2597
2844
3019
3194
3315
3335
3325
3219
3090
2834
2588
2337
2077
1825
1616
1446
1365
1299
1283
1327
1382
1432
1480
1561
1634
1648
1683
1725
1733
1806
1895
2011
2178
2352
2537
2705
2819
2912
2977
2945
2864
2737
2574
2418
2250
2086
1964
1842
1764
1708
1667
1680
1670
1726
1726
1754
1763
1820
1824
1854
1904
1921
1951
1990
2067
2172
2247
2303
2395
2487
2544
2629
2662
2709
2752
2773
2779
2774
2771
2693
2587
2492
2315
2136
1939
1754
1594
1462
1786
1771
1730
1737
1734
1776
1817
1930
2041
2160
2264
2368
2479
2565
2612
2616
2643
2634
2639
2608
2536
2418
2266
2077
1874
1674
1498
1365
1260
1213
1222
1280
1360
1481
1618
1767
1881
2034
2158
2297
2435
2537
2635
2722
2760
2790
2769
2679
2583
2444
2313
2158
2038
1947
1881
1885
1905
1947
1976
1992
1994
1987
1982
1976
2000
2027
2100
2157
2241
2260
2254
2228
2155
2065
1892
1724
1616
1497
1429
1370
1383
1427
1494
1575
1655
1732
1852
1964
2078
2199
2354
2492
2649
2811
2900
2972
3022
3044
3013
2964
2850
2725
2543
2334
2128
1911
1741
1551
1411
1298
1264
1262
1260
1367
1441
1537
1662
1778
1897
2049
2180
2330
2431
2525
2577
2593
2574
2489
1488
1463
1465
1535
1612
1727
1879
2042
2164
2317
2424
2493
2526
2515
2513
2422
2331
2212
2083
1936
1836
1717
1647
1647
1674
1724
1786
1945
2073
2209
2298
2379
2453
2497
2475
2436
2368
2326
2238
2128
2037
1966
1886
1813
1751
1760
1772
1838
1933
2025
2169
2272
2388
2441
2474
2459
2421
2346
2279
2159
2074
1948
1853
1749
1718
1684
1705
1746
1827
1907
2021
2180
2358
2481
2587
2713
2722
2741
2662
2534
2372
2209
1999
1815
1644
1538
1494
1502
1529
1600
1751
1905
2090
2246
2383
2522
2568
2600
2579
2526
2474
2388
2326
2277
2248
2258
2285
2273
2280
2299
2319
2222
2160
2069
1925
1774
1631
1528
1424
1342
1287
1299
1357
1471
1609
1818
2032
2259
2217
2146
2076
1991
1853
1712
1585
1517
1531
1588
1730
1888
2008
2048
2040
2045
2101
2213
2369
2556
2707
2752
2740
2649
2528
2366
2244
2139
2052
2017
1994
1977
1955
1932
1868
1760
1704
1634
1619
1663
1756
1840
1902
1889
1840
1796
1821
1918
2084
2232
2361
2386
2322
2244
2187
2165
2168
2210
2270
2324
2344
2352
2394
2426
2483
2514
2493
2439
2348
2367
2359
2424
2469
2478
2387
2210
1984
1690
1472
1375
1327
1354
1414
1425
1379
1332
1322
1337
1450
1632
1843
2089
2306
2427
2522
2548
2583
2597
2613
2653
2678
2675
2653
2621
2591
2494
2362
2141
1858
1564
1290
1088
999
1032
1122
1256
1364
1443
1509
1561
1688
1901
2149
2477
2816
3047
3208
3275
2793
2657
2483
2281
2067
1856
1622
1459
1319
1261
1248
1280
1382
1488
1632
1792
1943
2094
2220
2348
2432
2534
2582
2600
2628
2625
2595
2591
2545
2499
2472
2446
2399
2329
2255
2182
2080
1960
1828
1693
1550
1490
1456
1492
1567
1669
1801
1960
2098
2217
2320
2405
2471
2474
2425
2366
2261
2108
1931
1741
1541
1369
1225
1128
1120
1171
1288
1447
1660
1936
2214
2481
2764
2951
3118
3209
3245
3198
3097
2955
2733
2518
2276
2030
1796
1609
1433
1330
1268
1278
1366
1458
1620
1792
1992
2188
2340
2485
2596
2663
2696
2694
2672
2591
2475
2373
2254
2100
1944
1794
1665
1572
1517
1533
1583
1710
1880
2087
2310
2466
2638
2756
2824
2831
2746
2618
2453
2242
941
1142
1419
1775
2156
2540
2895
3232
3413
3496
3468
3384
3240
3102
2932
2756
2572
2337
2092
1864
1617
1389
1236
1122
1077
1048
1077
1110
1236
1376
1555
1775
1976
2161
2312
2449
2502
2590
2704
2806
2904
2948
2953
2855
2688
2497
2301
2128
1965
1894
1841
1818
1749
1702
1637
1592
1599
1627
1701
1782
1875
1950
2008
2015
2007
1994
1981
1982
2018
2044
2091
2173
2229
2294
2335
2343
2337
2270
2207
2134
2071
2063
2117
2172
2217
2253
2244
2195
2119
2043
2032
2073
2161
2273
2383
2406
2382
2310
2235
2168
2139
2147
2178
2168
2123
2053
1917
1752
1630
1565
1558
1651
1785
1911
2037
2119
2160
2141
2133
2142
2138
2180
2227
2254
2262
2220
2151
2067
