2088
2076
2095
2101
2102
2135
2062
2094
2100
2075
2101
2113
2105
2068
2107
2110
2079
2073
2073
2080
2116
2088
2092
2088
2079
2068
2091
2117
2104
2095
2128
2096
2129
2124
2124
2107
2107
2108
2104
2091
2089
2104
2102
2093
2082
2070
2111
2122
2103
2077
2091
2065
2075
2089
2100
2103
2118
2093
2088
2095
2075
2075
2080
2083
2096
2066
2039
2065
2081
2098
2083
2097
2115
2081
2080
2094
2078
2075
2089
2090
2090
2096
2110
2049
2056
2053
2055
2092
2096
2089
2076
2084
2100
2093
2089
2090
2077
2092
2092
2117
2078
2057
2067
2055
2046
2061
2091
2077
2094
2105
2078
2088
2106
2093
2098
2075
2075
2094
2092
2114
2142
2104
2096
2079
2110
2113
2114
2087
2069
2060
2077
2071
2084
2071
2081
2037
2086
2096
2078
2100
2072
2059
2094
2087
2096
2063
2064
2090
2069
2083
2103
2076
2093
2103
2083
2090
2079
2092
2104
2115
2106
2093
2112
2133
2109
2124
2145
2122
2132
2113
2131
2098
2120
2110
2138
2129
2170
2129
2115
2114
2144
2139
2106
2119
2136
2161
2137
2111
2128
2115
2136
2132
2160
2120
2115
2109
2123
2121
2115
2080
2083
2093
2089
2108
2133
2098
2076
2052
2080
2071
2034
2053
2021
2038
2026
2022
2064
2025
2017
2023
2043
2064
2057
2056
2050
2044
2048
2046
2032
2036
2052
2036
2078
2013
2048
2058
2069
2073
2074
2044
2045
2043
2086
2059
2052
2071
2069
2071
2107
2064
2096
2113
2094
2069
2045
2043
2190
2161
2171
2159
2190
2194
2176
2141
2141
2156
2131
2143
2132
2161
2149
2129
2126
2113
2100
2109
2132
2100
2129
2108
2095
2092
2088
2122
2095
2113
2130
2139
2128
2164
2165
2169
2187
2208
2188
2220
2246
2226
2234
2234
2229
2203
2202
2243
2225
2226
2203
2189
2153
2138
2125
2116
2093
2082
2017
2012
1995
1975
1976
1946
1947
1906
1907
1914
1904
1880
1865
1862
1869
1876
1867
1900
1888
1881
1910
1923
1896
1903
1912
1903
1920
1917
1912
1905
1942
1942
1969
1978
1983
1999
2024
2059
2052
2088
2093
2080
2103
2162
2166
2176
2183
2175
2203
2226
2215
2224
2221
2221
2225
2193
2200
2223
2204
2205
2191
2187
2185
2174
2140
2136
2145
2120
2119
2120
2206
2170
2166
2118
2073
2014
1986
1925
1865
1826
1766
1716
1679
1655
1633
1615
1666
1702
1725
1811
1854
1940
2008
2066
2126
2227
2249
2278
2297
2305
2336
2339
2358
2348
2346
2345
2306
2307
2289
2283
2268
2256
2270
2252
2238
2242
2204
2197
2186
2145
2110
2053
1994
1983
1961
1937
1913
1901
1900
1894
1909
1958
1990
2024
2061
2096
2155
2192
2199
2209
2215
2215
2211
2214
2217
2200
2203
2201
2160
2162
2134
2113
2096
2064
2004
1957
1927
1875
1830
1805
1801
1756
1750
1747
1737
1792
1840
1882
1960
2021
2063
2086
2150
2205
2229
2263
2303
2293
2304
2282
2274
2246
2230
2223
2261
2242
2243
2268
2280
2284
2316
2330
2332
2320
2322
2308
2269
2244
2033
2061
2050
2103
2131
2144
2174
2208
2208
2238
2242
2250
2266
2275
2257
2228
2202
2174
2166
2108
2074
2056
2053
2002
2001
1973
1979
1961
1975
1992
1985
2041
2096
2156
2202
2271
2310
2335
2377
2379
2410
2370
2364
2337
2267
2228
2158
2086
2007
1945
1847
1787
1733
1690
1667
1642
1658
1673
1694
1719
1806
1825
1865
1940
1988
2065
2135
2169
2232
2285
2340
2385
2414
2417
2415
2412
2364
2312
2268
2255
2220
2195
2180
2159
2165
2124
2130
2155
2163
2175
2167
2208
2206
2216
2243
2274
2271
2290
2333
2322
2296
2272
2232
2171
2092
2017
1973
1911
1863
1821
1796
1785
1810
1843
1826
1884
1912
1948
1985
2034
2068
2128
2150
2185
2212
2208
2190
2170
2294
2298
2282
2297
2309
2304
2288
2287
2226
2193
2157
2082
2031
1958
1914
1850
1829
1802
1760
1725
1710
1712
1775
1824
1872
1894
1932
1984
2019
2030
2110
2167
2225
2258
2300
2305
2266
2214
2151
2093
2037
1935
1909
1888
1850
1854
1854
1894
1943
1987
2060
2087
2128
2182
2205
2250
2299
2323
2338
2344
2362
2366
2351
2323
2260
2186
2118
2048
2006
2034
2040
2063
2078
2053
2037
2012
2036
2050
2069
2104
2136
2154
2156
2147
2171
2118
2122
2107
2140
2121
2126
2125
2110
2046
1983
1926
1909
1883
1893
1904
1908
1894
1864
1814
1796
1794
1801
1840
1857
1884
1943
1972
2044
2114
2202
2302
2422
2461
2474
2486
2464
2442
2440
2414
2331
2261
2172
2084
1954
2094
2265
2395
2532
2652
2740
2789
2782
2746
2667
2563
2408
2259
2091
1937
1828
1721
1629
1589
1557
1590
1654
1754
1846
1958
2090
2215
2338
2432
2480
2530
2556
2534
2494
2427
2343
2241
2126
2002
1903
1782
1700
1616
1590
1598
1646
1736
1820
1960
2089
2217
2350
2454
2534
2597
2641
2597
2614
2534
2498
2425
2339
2239
2168
2074
1991
1969
1932
1899
1895
1926
1972
2041
2079
2165
2224
2280
2293
2271
2251
2192
2137
2040
1953
1874
1790
1723
1673
1639
1636
1649
1667
1731
1785
1882
2002
2126
2243
2325
2389
2429
2447
2420
2390
2310
2228
2157
2073
1998
1914
1871
1840
1822
1824
1860
1895
1942
1988
2061
2165
2213
2277
2330
2335
2313
2288
2256
2242
2300
2359
2388
2380
2355
2272
2134
1995
1914
1887
1944
2086
2200
2326
2409
2387
2316
2157
1984
1832
1722
1650
1617
1569
1563
1600
1716
1874
2061
2243
2412
2456
2435
2383
2288
2208
2149
2119
2097
2118
2170
2182
2218
2203
2177
2100
1984
1844
1729
1620
1584
1609
1710
1887
2089
2274
2425
2493
2510
2524
2466
2387
2327
2280
2180
2079
1975
1867
1798
1817
1823
1878
1899
1879
1821
1763
1704
1686
1694
1784
1878
2011
2168
2337
2484
2659
2818
2850
2838
2743
2572
2357
2174
1994
1857
1737
1680
1683
1696
1703
1712
1771
1800
1840
1838
1829
1823
1845
1940
2065
2215
2319
2475
2568
2585
2556
2479
2404
2349
2309
2261
2255
2218
2149
2113
2126
2133
2095
2087
2091
2083
2095
2084
2041
1998
1933
1859
1811
1785
1789
1835
1934
2052
2183
2353
2489
2617
2704
2739
2731
2686
2605
2490
2342
2190
2021
1869
1704
1555
1448
1369
1371
1427
1508
1655
1891
2104
2306
2512
2703
2795
2837
2815
2711
2552
2394
2177
1964
1758
1575
1458
1349
1311
1303
1361
1436
1553
1703
1871
2056
2189
2360
2466
2564
2636
2641
2628
2590
2509
2376
2275
2136
2002
1885
1799
1732
1713
1711
1765
1845
1952
2050
2170
2257
2332
2416
2487
2502
2525
2485
2424
2340
2254
2148
2046
1956
1859
1804
1743
1695
1686
1702
1757
1799
1894
2000
2108
2197
2290
2355
2431
2488
2499
2503
2496
2446
2362
2322
2246
2164
2066
2027
1968
1948
1959
2191
2245
2281
2334
2385
2449
2578
2704
2822
2913
2951
2886
2756
2531
2251
1948
1678
1436
1240
1140
1119
1124
1185
1317
1473
1711
1955
2227
2476
2654
2755
2795
2751
2629
2506
2387
2294
2292
2332
2392
2464
2495
2490
2435
2358
2192
2047
1914
1785
1672
1600
1570
1531
1588
1685
1860
2085
2337
2551
2730
2824
2829
2776
2682
2554
2429
2335
2264
2196
2113
1979
1835
1690
1527
1382
1223
1165
1117
1071
1030
1031
1090
1286
1551
1875
2246
2617
2934
3120
3172
3135
2980
2793
2560
2371
2177
2020
1906
1785
1650
1519
1422
1341
1288
1285
1364
1547
1743
1985
2207
2417
2584
2667
2768
2867
2996
3125
3207
3253
3150
2982
2704
2393
2077
1812
1640
1578
1594
1242
1189
1223
1317
1465
1609
1789
1996
2175
2357
2538
2693
2840
2981
3099
3202
3233
3179
3089
2910
2683
2423
2128
1907
1714
1534
1431
1391
1367
1379
1396
1433
1505
1582
1677
1833
1978
2157
2321
2495
2592
2658
2664
2639
2534
2405
2277
2121
1980
1896
1881
1895
1886
1907
1959
2026
2068
2126
2187
2280
2346
2400
2448
2489
2496
2448
2373
2217
2050
1862
1655
1474
1347
1270
1241
1268
1334
1424
1567
1761
1928
2105
2318
2474
2656
2767
2827
2868
2853
2779
2677
2565
2405
2228
2021
1838
1672
1557
1492
1468
1493
1580
1697
1859
2024
2177
2332
2430
2492
2516
2512
2456
2358
2264
2099
1992
1837
1705
1607
1540
1527
1574
1665
1808
1990
2218
2424
2564
2881
2298
1735
1184
696
321
97
7
82
301
643
1058
1470
1955
2346
2709
3075
3359
3564
3706
3771
3757
3662
3527
3329
3076
2808
2506
2193
1836
1506
1144
855
586
402
298
317
498
802
1228
1752
2328
2864
3365
3783
4067
4095
4095
4023
3717
3301
2777
2243
1683
1149
697
356
161
167
357
661
1101
1577
2008
2417
2767
2979
3126
3176
3120
2971
2772
2515
2268
2064
1888
1766
1752
1747
1777
1884
1957
2000
1996
1955
1861
1724
1577
1448
1372
1363
1462
1620
1839
2112
2381
2646
2869
3041
3148
3173
3142
3016
2826
2511
2154
1793
1489
1247
1091
1071
1148
1323
1551
1873
2198
2506
2746
2949
3034
3015
2884
2659
2311
1921
1516
1183
904
1802
1834
1873
1921
1939
1951
1962
2008
2094
2269
2488
2726
2963
3179
3309
3327
3266
3150
2984
2816
2624
2432
2232
1973
1694
1363
1055
847
686
637
649
704
783
837
943
1095
1336
1673
2089
2492
2852
3115
3230
3270
3268
3245
3284
3343
3350
3310
3183
2910
2586
2278
1964
1728
1552
1474
1395
1331
1233
1129
1037
999
1088
1307
1568
1858
2067
2169
2164
2104
2065
2076
2120
2259
2415
2564
2635
2624
2520
2381
2246
2188
2190
2263
2377
2459
2503
2545
2492
2456
2376
2319
2291
2252
2220
2164
2077
1973
1806
1636
1466
1346
1266
1214
1189
1205
1239
1297
1365
1485
1613
1789
1932
2103
2267
2440
2633
2828
3036
3201
3289
3295
3198
3049
2856
2641
3615
4095
4095
4095
4095
4095
4095
4095
4095
3820
2992
2103
1222
417
1
2
2
1
1
1
1
217
1014
1849
2661
3353
3930
4095
4095
4095
4095
4095
4095
3702
3116
2512
1850
1170
530
1
1
1
0
3
2
233
814
1470
2132
2762
3336
3799
4095
4095
4095
4095
3936
3509
2980
2359
1734
1147
660
287
48
9
136
407
791
1283
1795
2345
2837
3275
3612
3807
3859
3756
3531
3217
2798
2371
1915
1500
1131
828
675
643
747
931
1207
1506
1826
2075
2275
2433
2557
2680
2767
2870
2939
3001
3044
3040
2976
2874
2742
2574
2398
2174
1982
1743
1505
1264
988
744
472
284
220
275
460
765
1186
1705
2232
2824
3394
3932
5
2
0
1
1
1
1
1
1
348
836
1317
1845
2384
2917
3416
3877
4095
4095
4095
4095
4095
4095
4095
4095
4095
4095
4095
4095
4046
3595
3104
2591
2110
1639
1136
632
137
1
0
1
1
0
0
0
0
0
0
0
1
3
239
721
1202
1762
2306
2888
3466
4022
4095
4095
4095
4095
4095
4095
4095
4095
4095
4095
4095
4095
4095
3749
3198
2629
2029
1516
1004
564
181
1
0
0
0
1
0
0
23
309
607
932
1258
1574
1888
2142
2406
2643
2881
3052
3245
3401
3508
3511
3510
3455
3351
3180
2983
2720
2421
2146
1870
1628
1436
1281
1172
1096
1071
1079
1124
1196
1329
1489
1696
1941
2255
2565
2837
