2113
2107
2110
2107
2104
2099
2090
2113
2095
2105
2111
2105
2082
2089
2080
2099
2099
2090
2093
2107
2081
2087
2096
2098
2095
2102
2117
2113
2095
2084
2100
2087
2082
2102
2094
2097
2099
2090
2100
2086
2100
2101
2089
2099
2096
2099
2092
2080
2087
2109
2112
2100
2099
2094
2088
2103
2078
2076
2075
2085
2093
2081
2099
2105
2104
2123
2100
2097
2108
2112
2099
2099
2105
2108
2107
2105
2095
2089
2104
2094
2095
2102
2106
2108
2094
2090
2113
2091
2097
2099
2089
2089
2101
2105
2092
2092
2078
2096
2092
2103
2101
2106
2096
2108
2102
2089
2073
2086
2088
2074
2078
2088
2097
2092
2095
2078
2079
2068
2087
2088
2090
2098
2072
2079
2074
2074
2086
2083
2095
2099
2085
2077
2089
2083
2094
2097
2098
2087
2076
2094
2088
2081
2076
2075
2093
2077
2078
2078
2085
2081
2085
2086
2075
2078
2083
2090
2096
2067
2085
2079
2095
2094
2069
2064
2083
2068
2063
2076
2066
2074
2081
2073
2089
2080
2071
2070
2081
2081
2085
2084
2081
2087
2076
2079
2096
2059
2051
2080
2080
2075
2065
2097
2084
2080
2081
2088
2082
2091
2072
2079
2068
2073
2092
2089
2081
2077
2087
2079
2083
2093
2092
2091
2083
2089
2098
2104
2076
2106
2081
2088
2105
2091
2087
2104
2116
2101
2125
2126
2121
2128
2120
2115
2106
2086
2134
2144
2127
2113
2137
2120
2106
2130
2135
2140
2140
2136
2132
2132
2137
2141
2140
2124
2132
2138
2148
2140
1949
1951
1923
1933
1926
1930
1938
1949
1928
1963
1973
1988
1991
1982
2010
2022
2041
2048
2061
2069
2091
2102
2104
2110
2114
2094
2108
2137
2119
2119
2113
2112
2111
2088
2097
2124
2114
2095
2102
2103
2094
2097
2098
2114
2117
2150
2134
2144
2126
2125
2131
2120
2125
2113
2121
2115
2107
2108
2095
2095
2089
2059
2055
2047
2031
2041
2030
2045
2030
2083
2077
2100
2095
2115
2148
2175
2205
2218
2242
2249
2256
2277
2283
2294
2303
2288
2286
2282
2265
2255
2248
2228
2212
2198
2193
2186
2176
2179
2165
2164
2162
2154
2169
2180
2182
2165
2176
2177
2202
2183
2192
2176
2147
2146
2125
2111
2083
2043
2040
2003
1984
1967
1952
1952
1920
1914
1900
1881
2126
2169
2208
2215
2218
2240
2254
2249
2235
2203
2195
2191
2164
2123
2127
2150
2143
2130
2123
2107
2101
2075
2078
2086
2107
2077
2096
2128
2128
2166
2143
2160
2142
2126
2098
2082
2067
2044
2027
2059
2038
2060
2073
2093
2096
2112
2116
2085
2088
2088
2053
2029
2033
2024
1999
2016
2018
2042
2071
2113
2158
2212
2254
2285
2301
2320
2312
2273
2235
2198
2131
2075
2010
1943
1912
1891
1869
1892
1897
1941
1992
2038
2077
2118
2140
2171
2184
2198
2205
2220
2219
2216
2228
2252
2271
2282
2271
2266
2263
2249
2237
2232
2212
2233
2216
2183
2170
2149
2139
2127
2096
2070
2049
1994
1933
1888
1830
1796
1776
1756
1745
1763
1769
1799
1836
1898
1953
1991
2189
2170
2183
2171
2196
2161
2168
2165
2126
2113
2104
2104
2124
2115
2126
2125
2139
2140
2134
2123
2136
2162
2160
2184
2209
2221
2233
2259
2278
2294
2262
2201
2183
2110
2054
1992
1933
1891
1842
1821
1814
1836
1850
1876
1909
1966
1997
2012
2052
2102
2122
2144
2170
2213
2231
2257
2280
2322
2369
2378
2382
2415
2361
2301
2247
2194
2107
2037
1957
1887
1816
1793
1736
1721
1753
1758
1763
1808
1835
1876
1917
1979
2007
2052
2081
2118
2159
2170
2199
2222
2231
2241
2229
2219
2225
2223
2220
2212
2189
2171
2109
2083
2025
1998
1961
1950
1956
1976
2020
2050
2066
2100
2179
2176
2160
2157
2166
2154
2148
2138
2148
2167
2183
2214
2226
2261
2247
2207
1716
1714
1708
1734
1757
1792
1841
1900
1984
2062
2127
2165
2226
2296
2365
2385
2396
2383
2336
2278
2225
2149
2116
2094
2060
2040
2040
2014
1992
1986
1942
1928
1906
1942
1958
1952
1981
1977
1993
2024
2080
2141
2174
2203
2200
2166
2141
2113
2085
2092
2076
2096
2106
2163
2201
2244
2282
2274
2273
2264
2237
2241
2264
2242
2254
2248
2168
2130
2071
2030
2003
1985
1948
1919
1863
1811
1762
1736
1731
1724
1782
1851
1951
2042
2113
2135
2182
2186
2221
2270
2312
2360
2380
2389
2392
2320
2275
2203
2145
2090
2084
2101
2060
2035
2035
1956
1861
1780
1717
1724
1785
1873
1929
1956
1967
1938
1923
1944
2003
2071
2160
2234
2292
2334
2359
2399
2414
2376
2131
2176
2216
2294
2354
2367
2412
2450
2444
2454
2422
2389
2333
2254
2183
2094
1981
1868
1764
1662
1574
1498
1452
1429
1397
1461
1551
1676
1790
1953
2128
2315
2434
2572
2649
2703
2720
2699
2648
2592
2459
2311
2182
2010
1876
1734
1664
1580
1582
1602
1689
1766
1900
2029
2191
2337
2495
2605
2684
2714
2732
2703
2609
2507
2358
2188
2016
1874
1695
1575
1485
1424
1427
1473
1545
1668
1793
1926
2094
2230
2356
2452
2518
2565
2574
2554
2529
2480
2416
2323
2213
2114
2028
1948
1895
1847
1853
1851
1857
1906
1959
2012
2038
2075
2109
2128
2152
2132
2121
2103
2050
2046
2027
1961
1932
1910
1877
1872
1873
1888
1910
1917
1984
2035
2084
2116
2109
2171
2077
2072
2143
2276
2463
2586
2608
2556
2425
2367
2361
2353
2351
2284
2188
2037
1903
1858
1854
1845
1845
1856
1885
1930
1929
1967
2039
2142
2251
2402
2473
2514
2556
2577
2600
2630
2629
2508
2334
2102
1865
1709
1593
1556
1467
1448
1386
1411
1473
1583
1723
1913
2110
2286
2456
2587
2724
2784
2855
2871
2781
2581
2334
2120
1934
1795
1713
1632
1516
1480
1475
1563
1747
1966
2156
2283
2338
2370
2396
2435
2461
2503
2463
2384
2281
2138
2036
1924
1883
1859
1818
1722
1703
1689
1777
1855
1912
1965
1969
1974
2042
2153
2312
2448
2521
2482
2426
2350
2303
2289
2251
2161
2021
1838
1680
1575
1493
1500
1533
1606
1682
1776
1937
2057
2199
2333
2446
2547
1690
1633
1603
1625
1663
1701
1789
1872
1964
2016
2056
2093
2123
2097
2037
2011
1968
1929
1877
1849
1867
1878
1922
1976
2033
2085
2138
2179
2231
2253
2274
2270
2302
2315
2306
2318
2285
2212
2138
2115
2042
1988
1952
1918
1943
1952
2012
2110
2164
2234
2287
2324
2327
2328
2329
2312
2274
2244
2196
2181
2129
2092
2008
1934
1859
1788
1756
1744
1736
1791
1845
1882
1946
1970
2000
1997
1983
2008
2033
2064
2099
2144
2174
2226
2204
2227
2211
2222
2213
2216
2208
2223
2240
2257
2277
2277
2285
2281
2262
2259
2219
2209
2144
2121
2130
2097
2072
2040
2040
2048
2052
2036
2031
2004
1977
1926
1865
1830
1824
1836
1841
1893
1940
1992
2054
2109
2171
2216
1979
1925
1912
1922
1971
2049
2124
2104
1982
1808
1656
1584
1592
1663
1789
1857
1899
1916
1942
2078
2237
2432
2638
2741
2792
2791
2760
2720
2640
2532
2333
2120
1920
1746
1589
1514
1465
1432
1454
1527
1652
1801
1968
2144
2206
2272
2232
2214
2233
2294
2420
2503
2546
2465
2400
2328
2319
2376
2428
2431
2345
2196
2066
2016
2041
2071
2096
2016
1855
1725
1614
1593
1628
1629
1613
1607
1608
1704
1876
2081
2241
2372
2472
2513
2622
2714
2819
2834
2773
2635
2408
2146
1901
1701
1494
1373
1329
1279
1272
1320
1402
1523
1670
1888
2080
2308
2516
2779
2978
3086
3077
2956
2774
2575
2432
2321
2182
2044
1794
1606
1472
1446
1535
1656
1733
1847
1961
2062
1988
2030
2106
2200
2310
2388
2479
2521
2499
2475
2392
2303
2173
2039
1941
1852
1832
1821
1850
1931
2007
2053
2097
2122
2125
2125
2120
2088
2053
2012
1932
1896
1895
1877
1894
1932
1995
2082
2194
2287
2371
2395
2365
2322
2204
2038
1859
1693
1540
1439
1390
1422
1568
1761
2043
2356
2626
2897
3052
3161
3112
3017
2863
2607
2318
2018
1727
1396
1178
1026
979
1046
1181
1441
1748
2081
2432
2715
2909
3025
3092
3030
2908
2730
2483
2234
1975
1672
1410
1219
1079
1039
1085
1231
1418
1635
1864
2042
2180
2294
2367
2398
2392
2388
2338
2312
2257
2204
2154
2093
2039
2032
2021
2064
2119
2157
2233
2250
2292
2330
2362
2392
2466
2534
2594
2624
2639
2601
2270
2090
1892
1773
1664
1543
1408
1311
1259
1366
1641
2064
2536
2923
3260
3480
3628
3635
3514
3247
2778
2201
1625
1148
871
862
987
1169
1337
1537
1754
2015
2286
2478
2531
2467
2378
2330
2373
2535
2712
2786
2806
2744
2639
2569
2533
2429
2246
1898
1540
1228
1025
915
959
1064
1243
1508
1888
2287
2671
2982
3232
3324
3269
3103
2787
2407
2061
1749
1505
1398
1305
1214
1139
1149
1319
1633
2057
2447
2673
2758
2737
2645
2562
2474
2444
2400
2350
2276
2174
2072
1932
1785
1736
1669
1627
1559
1411
1241
1112
1044
1184
1382
1713
2093
2442
2760
2970
3088
3210
3330
3458
3561
3499
3230
2757
2139
1523
1004
716
590
569
570
627
826
1080
1509
1019
1278
1612
1942
2296
2612
2876
3085
3169
3170
3068
2873
2578
2180
1828
1460
1176
981
916
947
1123
1382
1669
1969
2263
2527
2744
2878
2944
2915
2844
2691
2456
2195
1920
1652
1380
1144
972
871
869
1031
1229
1536
1886
2276
2668
2960
3135
3198
3180
3039
2856
2601
2300
1998
1789
1637
1519
1496
1570
1684
1847
2071
2269
2489
2696
2855
2917
2912
2823
2654
2401
2067
1735
1370
1040
758
608
570
672
904
1203
1631
2122
2608
3048
3420
3688
3860
3909
3817
3577
3218
2797
2293
1757
1269
846
500
332
287
392
614
981
1400
1862
2348
2779
3163
3403
3530
3528
3420
3184
2877
2474
2089
1724
1449
1261
1198
1248
1399
1677
1966
2283
2582
4095
4095
4095
4095
4095
3682
3315
2919
2539
2119
1709
1340
1078
913
847
778
682
590
504
440
370
264
235
343
651
1164
1822
2519
3196
3839
4095
4095
4095
4095
4095
4095
4095
3986
3155
2160
1165
311
1
0
1
0
0
0
0
185
816
1437
2022
2548
3053
3464
3725
3868
3895
3868
3781
3647
3482
3239
2985
2775
2563
2382
2208
2010
1752
1487
1184
924
756
701
725
819
925
1074
1238
1445
1752
2123
2609
3129
3592
3955
4095
4095
4095
4071
3823
3518
3108
2615
2056
1424
721
105
1
1
1
2
2
244
856
1554
2209
2897
3480
3936
4095
4095
4095
4062
3822
3488
3165
2758
2284
1775
1266
787
431
202
150
250
4070
3602
3064
2477
1868
1293
762
319
1
1
2
1
3
254
708
1238
1779
2356
2897
3396
3786
4086
4095
4095
4095
4095
4043
3740
3366
2946
2460
1971
1457
973
552
219
1
2
1
1
13
254
553
952
1350
1824
2307
2782
3241
3701
4092
4095
4095
4095
4095
4095
4095
4095
3732
3158
2498
1830
1131
452
0
1
0
1
0
0
0
0
7
554
1345
2119
2921
3673
4095
4095
4095
4095
4095
4095
4095
4095
4095
3808
2962
1988
995
69
3
0
1
0
0
0
2
1
33
903
1887
2825
3623
4095
4095
4095
4095
4095
4095
4095
4095
3710
3035
2337
1644
974
414
1
1
1
3
58
478
995
1570
2161
