2108
2102
2101
2102
2108
2103
2105
2102
2105
2104
2098
2104
2103
2101
2100
2097
2100
2099
2100
2103
2104
2101
2097
2102
2098
2099
2102
2104
2096
2103
2103
2101
2101
2100
2100
2103
2106
2104
2100
2107
2106
2103
2102
2106
2102
2100
2100
2100
2098
2098
2097
2098
2098
2096
2099
2096
2098
2099
2100
2097
2098
2101
2098
2097
2093
2094
2098
2100
2094
2091
2090
2098
2090
2095
2095
2092
2095
2091
2094
2094
2092
2094
2091
2098
2100
2098
2096
2090
2091
2092
2092
2094
2095
2092
2098
2097
2093
2093
2092
2095
2094
2095
2092
2094
2090
2093
2093
2098
2094
2096
2096
2091
2092
2089
2093
2093
2089
2095
2091
2090
2086
2093
2091
2088
2090
2087
2086
2098
2086
2088
2094
2091
2091
2089
2084
2090
2094
2094
2098
2093
2093
2092
2090
2093
2093
2090
2094
2094
2092
2090
2088
2091
2090
2092
2088
2090
2091
2094
2092
2092
2094
2098
2093
2093
2085
2089
2089
2087
2086
2091
2088
2091
2086
2092
2090
2094
2088
2095
2090
2094
2088
2088
2092
2092
2092
2097
2095
2099
2095
2097
2101
2099
2100
2097
2104
2098
2096
2100
2095
2097
2091
2094
2097
2096
2098
2093
2092
2097
2096
2103
2097
2100
2102
2102
2096
2109
2104
2104
2104
2098
2099
2107
2100
2104
2101
2097
2099
2100
2098
2104
2100
2102
2101
2107
2101
2099
2102
2102
2099
2107
2109
2106
2100
2103
2104
2099
2100
2108
2099
2100
2102
2095
2090
2097
2097
2098
2145
2154
2152
2150
2153
2154
2150
2151
2158
2150
2146
2147
2146
2142
2132
2133
2132
2138
2133
2128
2122
2126
2127
2122
2125
2118
2121
2116
2117
2113
2114
2113
2113
2112
2112
2111
2108
2107
2112
2102
2104
2104
2104
2098
2104
2098
2094
2101
2109
2100
2095
2103
2095
2092
2100
2098
2105
2099
2104
2095
2095
2097
2093
2089
2098
2095
2098
2102
2098
2098
2098
2098
2103
2098
2096
2094
2092
2097
2093
2101
2092
2098
2099
2098
2104
2102
2103
2101
2093
2090
2095
2092
2089
2092
2092
2091
2092
2092
2088
2090
2086
2088
2091
2090
2088
2084
2088
2084
2090
2081
2080
2080
2084
2082
2087
2078
2078
2075
2078
2074
2072
2079
2074
2066
2065
2070
2071
2068
1675
1660
1656
1650
1654
1664
1684
1714
1751
1796
1854
1920
1986
2064
2136
2203
2259
2308
2345
2378
2378
2377
2358
2338
2316
2289
2241
2208
2170
2148
2119
2102
2092
2084
2089
2096
2113
2129
2140
2154
2164
2175
2172
2164
2148
2121
2094
2053
2015
1983
1955
1928
1902
1902
1911
1920
1940
1966
1997
2035
2069
2102
2123
2144
2151
2154
2130
2107
2063
2023
1967
1922
1868
1821
1775
1736
1717
1720
1735
1765
1814
1882
1969
2063
2160
2258
2358
2464
2540
2619
2676
2716
2736
2744
2726
2691
2652
2608
2545
2485
2420
2358
2309
2269
2218
2182
2164
2152
2140
2128
2129
2131
2122
2118
2107
2103
2083
2045
2020
1985
1954
1926
1893
1863
1848
1827
1816
1812
1926
1885
1837
1810
1789
1782
1788
1796
1821
1859
1903
1951
2014
2081
2144
2209
2270
2323
2376
2427
2454
2477
2484
2482
2458
2440
2395
2345
2283
2230
2153
2103
2037
1985
1931
1886
1850
1834
1813
1810
1812
1818
1831
1851
1866
1890
1911
1940
1964
1994
2024
2054
2089
2118
2154
2180
2208
2226
2248
2253
2262
2253
2235
2215
2184
2136
2096
2047
2003
1956
1918
1886
1866
1853
1845
1850
1867
1893
1935
1978
2036
2100
2162
2223
2289
2350
2396
2446
2488
2518
2531
2535
2524
2495
2459
2415
2356
2286
2204
2121
2041
1955
1862
1793
1713
1660
1614
1584
1570
1576
1596
1636
1688
1751
1823
1904
1984
2066
2162
2232
2294
2354
2406
2444
2468
2484
2482
2486
1656
1611
1595
1635
1699
1795
1920
2048
2177
2298
2392
2461
2496
2492
2478
2443
2397
2353
2315
2292
2281
2281
2287
2295
2280
2239
2164
2070
1939
1802
1665
1539
1442
1385
1371
1404
1482
1603
1741
1895
2043
2165
2274
2347
2383
2402
2399
2387
2380
2369
2365
2361
2353
2338
2320
2288
2249
2200
2140
2100
2056
2029
2025
2039
2062
2087
2109
2121
2116
2094
2048
1982
1906
1831
1766
1714
1686
1688
1718
1762
1829
1904
1997
2087
2173
2247
2294
2340
2356
2347
2327
2275
2216
2147
2079
2016
1968
1937
1934
1940
1971
2002
2028
2050
2063
2072
2074
2070
2064
2045
2032
2015
1988
1971
1950
1928
1919
1914
1924
1940
1970
2016
2075
2130
2183
2247
2302
2361
2311
2194
2068
1948
1827
1704
1589
1480
1394
1324
1279
1278
1311
1385
1491
1629
1792
1968
2147
2325
2486
2626
2743
2830
2877
2904
2912
2883
2829
2756
2664
2548
2425
2293
2141
1999
1865
1752
1648
1572
1520
1493
1491
1514
1560
1620
1694
1768
1863
1942
2019
2090
2142
2190
2207
2218
2210
2190
2166
2126
2088
2048
2000
1970
1936
1906
1897
1886
1896
1919
1954
2002
2067
2143
2224
2306
2382
2444
2484
2507
2503
2474
2415
2341
2253
2158
2050
1955
1858
1777
1713
1669
1640
1638
1649
1685
1731
1790
1863
1940
2037
2133
2232
2314
2398
2463
2512
2537
2536
2528
2484
2441
2372
2294
2224
2152
2081
2019
1968
1930
1899
1888
1882
1897
1928
1968
2010
2053
2613
2424
2222
2029
1853
1716
1622
1575
1556
1569
1595
1625
1648
1648
1628
1594
1560
1536
1515
1538
1587
1689
1831
2015
2216
2427
2627
2800
2933
3016
3045
3012
2929
2796
2632
2450
2269
2103
1944
1816
1707
1626
1571
1528
1505
1506
1517
1555
1620
1727
1850
2001
2175
2348
2506
2635
2731
2772
2773
2730
2648
2537
2414
2312
2230
2157
2102
2067
2025
1982
1904
1795
1675
1537
1396
1292
1222
1205
1254
1363
1517
1705
1887
2075
2237
2379
2502
2585
2647
2678
2679
2656
2592
2495
2368
2225
2057
1892
1756
1648
1592
1603
1658
1759
1881
2007
2120
2192
2226
2227
2194
2150
2109
2088
2104
2153
2235
2344
2446
2523
2579
2592
2566
2505
2392
2266
2114
1955
2216
2270
2312
2328
2327
2312
2274
2232
2181
2142
2098
2072
2058
2046
2036
2026
2005
1974
1944
1891
1844
1797
1742
1714
1692
1694
1711
1742
1808
1899
1980
2078
2163
2238
2310
2364
2399
2423
2426
2428
2418
2405
2380
2351
2327
2300
2266
2222
2177
2126
2070
2015
1949
1891
1843
1793
1752
1719
1700
1686
1680
1702
1734
1788
1852
1934
2013
2104
2181
2236
2279
2280
2265
2236
2192
2133
2089
2046
2024
2020
2030
2058
2093
2137
2171
2199
2208
2203
2173
2140
2086
2024
1951
1880
1803
1731
1670
1624
1604
1611
1648
1736
1854
2012
2188
2386
2577
2761
2911
3032
3101
3118
3077
2979
2851
2679
2478
2266
2040
1822
1613
1425
1277
1167
1114
1108
1164
1276
2416
2498
2557
2555
2490
2349
2194
2072
1991
1991
2045
2108
2122
2084
1978
1809
1612
1460
1390
1431
1555
1726
1885
2016
2090
2120
2156
2216
2312
2446
2603
2688
2718
2668
2549
2416
2283
2188
2119
2089
2074
2032
2007
1997
2008
2075
2204
2354
2497
2566
2524
2396
2207
2023
1915
1893
1963
2083
2240
2384
2498
2557
2574
2552
2492
2380
2245
2101
1967
1871
1831
1850
1890
1962
2031
2101
2192
2289
2362
2420
2389
2251
2008
1710
1418
1178
1096
1135
1289
1481
1690
1890
2094
2301
2560
2793
2969
3050
2957
2738
2463
2218
2074
2083
2204
2336
2402
2344
2177
1945
1705
1517
1384
1302
1224
1157
1130
1192
1356
1626
1960
2319
2650
2923
3114
3222
3247
3207
1892
2177
2443
2684
2883
3049
3171
3253
3292
3283
3224
3093
2934
2722
2472
2205
1964
1735
1535
1375
1267
1191
1182
1192
1236
1310
1417
1520
1649
1786
1946
2102
2260
2391
2511
2591
2656
2682
2691
2665
2627
2592
2561
2522
2491
2436
2393
2338
2274
2209
2136
2047
1962
1898
1831
1772
1731
1696
1688
1699
1723
1774
1842
1934
2052
2186
2319
2442
2553
2613
2653
2648
2598
2509
2396
2262
2121
1984
1865
1782
1726
1706
1704
1747
1830
1927
2061
2185
2297
2415
2488
2547
2546
2515
2441
2328
2196
2039
1883
1727
1581
1468
1393
1373
1417
1499
1652
1841
2045
2264
2453
2604
2714
2747
2724
2649
2529
2367
2191
1993
1788
1590
1416
1278
1186
1162
1203
1319
2515
2322
2091
1884
1786
1850
2008
2251
2406
2467
2358
2168
1933
1790
1777
1904
2052
2162
2172
2095
1969
1879
1807
1806
1813
1779
1732
1641
1570
1498
1487
1590
1718
1889
2104
2369
2689
3013
3275
3403
3391
3222
3030
2832
2691
2539
2329
2008
1636
1239
956
839
891
1063
1288
1489
1610
1728
1835
2011
2188
2276
2239
2090
1897
1748
1753
1953
2213
2467
2665
2784
2827
2894
2959
2972
2842
2570
2175
1752
1402
1214
1163
1216
1288
1342
1356
1400
1524
1776
2135
2483
2747
2870
2846
2749
2684
2672
2712
2746
2679
2512
2245
1961
1736
1618
1609
1680
1764
1861
1944
2006
2045
2080
2097
2128
2162
2253
2349
2439
2474
2448
2386
2335
2334
2382
2438
2472
2297
2430
2522
2586
2574
2498
2363
2197
1975
1756
1546
1366
1224
1141
1126
1174
1303
1509
1766
2080
2413
2760
3076
3343
3541
3648
3654
3571
3390
3165
2845
2514
2163
1814
1492
1230
1028
893
856
927
1113
1401
1759
2175
2583
2951
3222
3387
3420
3336
3143
2866
2529
2182
1836
1520
1248
1042
893
841
879
1033
1259
1567
1909
2236
2550
2794
2934
2977
2936
2792
2584
2357
2110
1832
1616
1418
1256
1163
1119
1152
1264
1430
1641
1873
2079
2245
2355
2403
2419
2393
2361
2361
2406
2473
2540
2612
2663
2675
2634
2544
2404
2227
2045
1875
1703
1596
1520
1510
1550
1662
1847
2046
2287
2494
2664
2763
2790
2725
2577
2372
2145
1858
1644
1421
1239
1128
3460
3665
3670
3485
3047
2510
1961
1498
1162
987
915
931
974
1038
1133
1267
1449
1663
1872
2016
2045
2007
1894
1771
1689
1697
1792
1965
2182
2415
2659
2878
3064
3168
3199
3147
3044
2898
2756
2665
2629
2620
2610
2561
2439
2242
1990
1706
1405
1133
904
741
623
558
557
622
802
1114
1547
2086
2647
3139
3507
3708
3783
3776
3742
3720
3697
3652
3543
3330
3009
2629
2208
1810
1465
1187
976
830
727
654
630
652
742
907
1147
1465
1788
2144
2446
2716
2913
3043
3096
3090
3053
2993
2934
2868
2790
2716
2604
2465
2292
2094
1898
1700
1512
1330
1149
1012
939
941
1024
1178
1373
1574
1772
1950
2114
2296
2484
2680
2819
2868
2821
2705
1890
1632
1428
1301
1221
1225
1276
1370
1482
1654
1824
2005
2162
2292
2368
2392
2356
2271
2164
2062
1978
1925
1911
1936
1957
1972
1982
1956
1951
1906
1867
1869
1924
2000
2137
2281
2405
2508
2556
2552
2496
2411
2331
2255
2188
2162
2162
2162
2156
2162
2131
2086
2037
1968
1911
1824
1795
1763
1744
1730
1711
1701
1681
1702
1744
1832
1945
2087
2227
2349
2453
2496
2478
2419
2297
2175
2048
1937
1903
1921
2014
2156
2313
2470
2584
2653
2676
2646
2604
2542
2478
2420
2371
2307
2225
2103
1947
1773
1606
1469
1379
1336
1378
1479
1593
1707
1821
1906
1954
1978
1972
1980
2006
2035
2097
2133
2142
2111
2051
1965
1842
1703
1596
1474
1436
1447
1485
1585
