2098
2095
2095
2095
2094
2094
2093
2097
2098
2093
2103
2090
2093
2092
2100
2096
2100
2101
2102
2100
2091
2092
2095
2087
2095
2090
2106
2104
2108
2097
2094
2096
2097
2091
2096
2100
2097
2104
2104
2089
2093
2091
2099
2083
2098
2095
2086
2094
2093
2093
2088
2096
2101
2088
2089
2094
2089
2090
2093
2102
2094
2080
2096
2096
2095
2090
2091
2088
2102
2094
2087
2087
2098
2095
2098
2089
2091
2093
2094
2096
2091
2094
2097
2096
2098
2086
2096
2088
2093
2087
2082
2091
2091
2092
2093
2094
2095
2092
2092
2092
2093
2095
2099
2097
2093
2090
2095
2088
2095
2086
2104
2094
2096
2104
2096
2098
2097
2107
2096
2096
2099
2095
2096
2101
2098
2093
2096
2078
2181
2185
2198
2185
2193
2200
2184
2192
2179
2180
2172
2164
2167
2155
2142
2141
2141
2128
2115
2109
2112
2090
2090
2086
2068
2066
2051
2040
2048
2042
2032
2024
2013
2002
2003
1997
1986
1998
2009
2009
2006
1996
2017
2014
1991
2004
2025
2028
2034
2051
2054
2061
2080
2081
2075
2085
2092
2106
2126
2134
2130
2125
2146
2128
2150
2140
2150
2145
2146
2139
2146
2135
2128
2130
2130
2118
2095
2088
2089
2096
2080
2090
2092
2065
2057
2033
2049
2015
2033
2028
2015
2024
1998
2015
2019
2031
2012
2040
2045
2028
2042
2034
2055
2062
2064
2080
2065
2069
2080
2090
2081
2100
2106
2106
2112
2097
2092
2080
2072
2065
2070
2047
2040
2029
2039
2013
2017
2017
2057
2036
2013
1992
1970
1970
1965
1962
1960
1955
1960
1966
1980
1983
2008
2027
2051
2076
2098
2127
2150
2166
2179
2183
2184
2175
2175
2152
2126
2104
2081
2060
2046
2036
2024
2028
2025
2040
2054
2082
2102
2123
2138
2156
2156
2140
2144
2126
2113
2099
2076
2052
2030
2027
2023
2030
2031
2042
2065
2079
2104
2133
2173
2216
2242
2260
2292
2295
2290
2284
2264
2222
2168
2107
2051
1970
1906
1845
1797
1747
1736
1732
1753
1789
1845
1906
1986
2054
2148
2233
2320
2378
2442
2472
2480
2468
2442
2396
2338
2262
2185
2085
2014
1936
1869
1821
1798
1790
1808
1827
1876
1943
2004
2079
2153
2212
2266
2296
2319
2328
2336
2315
2283
2255
2232
2208
2169
2148
1849
1917
1989
2051
2100
2161
2212
2193
2125
2032
1980
1939
1941
2028
2092
2055
1964
1936
1993
2148
2272
2356
2357
2328
2261
2224
2168
2098
2057
2062
2148
2265
2288
2229
2178
2128
2154
2216
2252
2214
2115
2082
2088
2092
2094
2072
2092
2104
2083
2019
2030
2046
2104
2121
2139
2117
2087
2018
1943
1904
1944
2045
2146
2231
2310
2384
2424
2389
2284
2165
2085
2011
1934
1843
1824
1823
1833
1806
1796
1908
2075
2182
2236
2260
2277
2241
2156
2019
1905
1836
1778
1764
1785
1843
1952
2108
2247
2368
2416
2430
2438
2446
2427
2387
2344
2278
2260
2238
2200
2172
2163
2184
2178
2131
2060
1983
1948
1993
2002
2010
1997
1955
1968
1958
1904
1874
1932
2054
1896
1720
1632
1692
1836
2032
2163
2247
2290
2273
2267
2249
2260
2280
2291
2306
2301
2232
2133
1944
1783
1719
1796
1936
2160
2364
2485
2544
2499
2391
2124
1915
1809
1763
1779
1866
1987
2104
2166
2201
2174
2162
2131
2129
2138
2105
2127
2124
2168
2148
2150
2136
2221
2255
2222
2204
2199
2185
2186
2191
2197
2166
2168
2140
2129
2097
2040
1985
1991
1992
2036
2107
2191
2254
2274
2273
2254
2185
2108
2058
2054
2103
2190
2209
2216
2174
2133
1968
1853
1761
1818
1822
1900
2019
2153
2215
2259
2196
2144
1978
1898
1836
1827
1880
2011
2169
2308
2364
2368
2392
2333
2263
2164
2070
2008
1916
1869
1872
1844
1871
1925
2025
2132
2206
2220
2241
2184
2091
2016
2025
2126
2138
2087
1984
1884
1804
1869
2041
2162
2178
2198
2207
2232
2091
1848
1725
1728
1748
1778
1878
2057
2133
2162
2217
2255
2315
2332
2226
2104
1948
1780
1606
1599
1732
1840
1921
2027
2158
2127
2084
2049
2009
2010
1966
2009
2187
2300
2342
2301
2384
2391
2179
1934
1685
1538
1498
1624
1962
2314
2509
2636
2681
2628
2385
2069
1837
1720
1714
1790
1905
2023
2164
2280
2371
2419
2320
2147
2098
2061
1995
1974
2053
2123
2170
2251
2348
2270
2091
1977
1879
1808
1864
2002
2129
2222
2276
2229
2196
2209
2183
2096
2012
1927
1915
2035
2251
2307
2288
2343
2225
1993
1892
1960
1983
1864
1875
2028
2182
2266
2195
2153
2133
2064
1951
1838
1833
2228
2179
2087
2053
2068
2123
2172
2185
2182
2188
2122
2037
1994
1900
1765
1673
1651
1716
1931
2187
2342
2376
2266
2074
1940
1903
1981
2115
2283
2347
2312
2192
1999
1857
1773
1833
1939
2082
2239
2371
2508
2563
2553
2368
2158
1975
1875
1985
2192
2352
2460
2463
2386
2238
2137
2024
1951
1871
1793
1813
1982
2216
2429
2500
2392
2193
2044
1988
2063
2143
2230
2251
2250
2228
2249
2215
2171
2180
2146
2128
2059
1982
1914
1896
1906
1921
1915
1844
1813
1831
1914
1954
1949
1997
2129
2304
2382
2333
2157
1958
1933
1950
1976
1950
1878
1791
1839
2023
2296
2478
2532
2352
2017
1749
1684
1770
1957
2126
2273
2379
2434
2408
2259
2112
2059
2045
1984
1900
2292
2371
2305
2100
1870
1758
1865
2124
2410
2627
2701
2593
2371
2084
1804
1593
1527
1659
1968
2278
2456
2468
2344
2129
1967
1939
2114
2377
2557
2520
2391
2260
2170
2044
1873
1747
1784
1987
2213
2286
2188
2033
1883
1723
1624
1633
1842
2217
2576
2759
2706
2458
2102
1767
1518
1499
1739
2138
2502
2674
2611
2377
2045
1733
1557
1628
1902
2245
2494
2592
2527
2328
2015
1688
1504
1580
1863
2234
2484
2579
2482
2246
1963
1767
1726
1859
2071
2259
2362
2355
2329
2239
2106
1954
1908
1997
2168
2315
2359
2218
2033
1870
1813
1848
1977
2158
2331
2408
2349
2171
1944
1815
1766
1889
2074
2218
2296
2286
2222
2148
2062
1999
1938
1962
2031
2158
2235
2242
1846
2326
2533
2428
2311
2268
2079
1673
1363
1399
1702
1960
2096
2178
2217
2222
2265
2302
2322
2279
2195
2076
1861
1673
1687
1852
1988
2071
2213
2351
2340
2157
2055
1997
1909
1927
2163
2516
2675
2520
2229
2009
1828
1730
1767
1871
1904
1794
1648
1497
1514
1814
2308
2652
2720
2572
2268
1824
1535
1537
1720
1951
2228
2526
2605
2576
2702
3059
3230
2951
2413
1888
1498
1238
1203
1436
1796
2206
2416
2336
2102
1932
1844
1750
1750
1892
1991
1915
1803
1907
2164
2477
2773
2804
2418
1911
1620
1648
1722
1833
2029
2148
2086
2123
2237
2151
1919
1915
2173
2330
2316
2278
2340
2291
2324
2676
3032
2932
2416
1886
1456
1045
980
1248
1562
1716
2002
2408
2847
3035
3003
2735
2341
1860
1473
1322
1478
1875
2363
2774
2933
2728
2224
1648
1293
1391
1927
2691
3367
3657
3442
2759
1830
976
488
594
1250
2160
2915
3196
2992
2415
1697
1152
1036
1466
2312
3176
3644
3464
2677
1541
493
3
120
1051
2430
3697
4095
4093
3159
1872
771
240
425
1219
2296
3200
3570
3255
2455
1525
921
864
1313
2048
2766
3156
3071
2633
2054
1595
1428
1568
1881
2189
2333
2209
1896
1555
1357
1433
1780
2311
2825
3078
2928
2435
1824
1363
1272
1549
2099
2654
3003
2992
2595
1941
1310
990
1175
1822
2680
3377
3652
3381
2670
1772
1032
688
858
1396
2012
2415
2487
2208
1811
1509
1488
1813
2367
2962
3339
3264
2675
1783
3247
3116
2729
2335
1982
1876
2129
2665
2935
2400
1181
70
3
584
1519
2019
2080
1986
2001
2056
2064
2158
2589
3182
3278
2409
1102
416
973
2343
3506
3778
3152
2024
804
2
0
622
1778
2572
2765
2690
2683
2752
2712
2668
2887
3259
3223
2586
1832
1377
1276
1401
1750
2246
2503
2264
1750
1398
1233
1082
1154
1863
3228
4095
4095
4095
3610
2786
2077
1325
604
198
111
282
470
739
1364
2404
3612
4095
4095
3910
3136
2387
1864
1568
1501
1635
1735
1703
1665
1876
2358
2917
3236
3226
2718
1754
797
210
208
895
2040
3226
4095
4095
3769
2758
1968
1313
519
2
1
407
1506
2397
3159
4095
4095
4095
4095
3771
2577
1441
296
1
1192
2257
3143
3570
3438
2768
1800
841
281
327
959
1883
2796
3415
3608
3307
2610
1722
937
631
920
1656
2561
3264
3555
3355
2760
2005
1349
1063
1226
1747
2382
2812
2883
2584
2031
1484
1171
1277
1778
2564
3349
3835
3759
3203
2376
1537
875
535
584
983
1597
2284
2817
3034
2858
2377
1768
1226
942
1058
1600
2422
3266
3878
4085
3756
2958
1919
930
351
396
1025
2024
3047
3752
3885
3391
2412
1371
653
489
934
1744
2652
3339
3557
3158
2264
1206
349
34
367
1187
2196
3078
3519
3384
2704
1711
800
294
366
1017
1966
2833
3266
3134
2501
1663
995
787
1204
2081
3075
3802
4005
3659
2962
2241
1726
1544
1653
1908
2178
2292
2247
2
3
2
4
70
1394
2581
3244
3434
3239
2822
2216
1508
661
3
2
3
4
2
1
1
539
1364
2100
2777
3394
3852
4040
3886
3340
2572
1844
1348
1248
1559
2177
2924
3692
4095
4095
4095
4095
4095
4095
4095
4095
4095
3492
2022
703
2
4
2
1
4
166
1109
2121
2992
3640
4027
4095
4050
3712
3142
2309
1237
117
1
2
1
1
3
2
3
3
420
1363
2259
2973
3409
3562
3498
3320
3072
2818
2639
2540
2560
2699
3032
3576
4095
4095
4095
4095
4095
4095
4095
4095
4095
3971
3039
1948
790
1
2
2
2
0
1
1
2
129
824
1491
2124
2642
3037
3268
3294
3093
2632
1972
1207
431
3
2
4095
4095
4095
3902
3076
2240
1404
545
1
1
2
2
4
2
4
1
3
3
1
1
1
0
3
0
1
1
1
0
1
1
852
1888
2876
3807
4095
4095
4095
4095
4095
4095
4095
4095
4095
4095
4095
4095
4095
4095
4095
4095
4095
4095
4095
4095
3968
3304
2636
1983
1375
804
261
3
2
0
2
1
1
3
0
1
2
2
4
2
2
2
2
2
3
1
1
1
4
337
1110
1924
2726
3517
4095
4095
4095
4095
4095
4095
4095
4095
4095
4095
4095
4095
4095
4095
4095
4095
4095
4095
4095
4095
4095
4095
4095
4095
3292
2401
1538
716
2
2
2
2
0
2
4
3
2
3
4
2
2997
2784
2576
2373
2163
1957
1747
1556
1356
1180
991
817
643
473
315
155
9
1
3
2
2
3
3
2
1
1
2
2
2
4
2
3
4
2
3
4
5
3
2
2
4
2
4
1
3
3
1
3
3
1
2
3
1
4
184
400
604
792
1005
1216
1408
1613
1816
2001
2192
2383
2575
2748
2920
3082
3246
3400
3539
3689
3819
3941
4060
4095
4095
4095
4095
4095
4095
4095
4095
4095
4095
4095
4095
4095
4095
4095
4095
4095
4095
4095
4095
4095
4095
4095
4095
4095
4095
4095
4095
3990
3868
3742
3610
3474
3353
3221
3093
2952
2814
2686
2550
2412
2284
2152
2011
1883
1755
1632
1510
1386
1281
1171
