2095
2096
2098
2098
2100
2097
2099
2099
2097
2098
2096
2093
2094
2096
2100
2099
2098
2100
2096
2097
2090
2097
2098
2099
2098
2096
2091
2095
2099
2096
2097
2093
2094
2094
2096
2096
2099
2096
2092
2099
2097
2097
2095
2095
2095
2094
2095
2094
2094
2096
2095
2091
2091
2091
2094
2101
2098
2095
2097
2098
2095
2096
2099
2098
2096
2099
2102
2097
2097
2094
2095
2099
2096
2098
2095
2097
2097
2090
2096
2100
2092
2093
2095
2094
2099
2098
2092
2094
2096
2095
2096
2098
2100
2102
2100
2090
2094
2098
2096
2096
2097
2096
2094
2095
2092
2097
2095
2095
2093
2092
2094
2091
2091
2089
2089
2093
2095
2091
2092
2094
2102
2104
2098
2093
2096
2097
2101
2096
2013
2002
1995
1993
1983
1986
1991
1992
1982
1988
1986
1986
1994
1999
2001
2009
2019
2016
2035
2030
2040
2055
2071
2082
2092
2100
2105
2120
2131
2146
2157
2159
2162
2181
2183
2182
2190
2211
2226
2216
2221
2223
2219
2223
2222
2220
2217
2214
2208
2192
2194
2178
2181
2164
2147
2142
2123
2108
2098
2084
2071
2060
2042
2029
2007
2003
1982
1978
1964
1955
1950
1951
1936
1933
1930
1932
1940
1944
1946
1952
1950
1960
1963
1972
1991
2007
2016
2036
2046
2063
2073
2093
2112
2123
2140
2154
2167
2187
2201
2212
2224
2232
2233
2244
2255
2258
2258
2263
2256
2256
2253
2250
2246
2244
2226
2219
2205
2206
2195
2181
2177
2152
2147
2130
2106
2114
2101
2092
2110
2149
2162
2205
2223
2272
2298
2327
2350
2368
2354
2356
2360
2348
2310
2280
2259
2223
2188
2140
2118
2085
2071
2056
2057
2062
2068
2104
2160
2190
2202
2244
2264
2273
2277
2264
2256
2226
2184
2169
2105
2074
2031
1995
1975
1970
1954
1954
1960
1993
2037
2069
2087
2121
2148
2171
2194
2190
2181
2170
2154
2133
2112
2076
2039
2007
1980
1962
1947
1938
1929
1922
1928
1928
1924
1921
1908
1903
1891
1881
1869
1875
1866
1872
1884
1928
1949
1987
2019
2074
2118
2162
2204
2232
2268
2293
2316
2309
2321
2306
2291
2272
2269
2262
2256
2260
2274
2281
2309
2315
2307
2315
2322
2312
2302
2272
2227
2196
2162
2133
2096
2078
2057
2054
2032
2040
2049
2077
2295
2330
2342
2358
2363
2359
2332
2279
2196
2106
2010
1910
1824
1752
1720
1705
1741
1800
1881
1953
2028
2069
2099
2104
2078
2067
2040
2031
2016
2019
2023
2028
2032
2025
2017
2004
1990
1987
1985
2002
2027
2057
2071
2096
2121
2140
2137
2129
2135
2129
2126
2148
2155
2172
2189
2211
2238
2242
2235
2220
2199
2168
2134
2089
2065
2043
2012
2000
1987
1976
1977
1982
1989
2014
2031
2063
2086
2115
2152
2208
2246
2286
2308
2322
2305
2261
2203
2131
2039
1954
1891
1821
1756
1743
1745
1776
1842
1926
2038
2165
2279
2376
2447
2489
2494
2478
2418
2357
2277
2208
2123
2058
2016
1991
1977
1978
1970
1970
1980
1977
1979
1990
1997
2010
2029
2065
2091
2139
2476
2280
2089
1880
1713
1566
1460
1418
1422
1485
1600
1750
1923
2103
2242
2342
2407
2392
2338
2260
2121
2016
1930
1881
1855
1873
1942
2043
2135
2244
2320
2360
2329
2256
2142
2035
1925
1864
1824
1842
1883
1978
2081
2148
2190
2198
2207
2207
2203
2239
2278
2336
2365
2368
2360
2361
2351
2312
2282
2214
2118
1992
1872
1732
1662
1640
1696
1786
1931
2088
2194
2229
2186
2083
1959
1862
1800
1836
1923
2056
2154
2214
2220
2154
2060
1980
1926
1948
2024
2176
2308
2423
2459
2417
2278
2116
1933
1772
1701
1714
1825
1991
2190
2379
2532
2592
2600
2521
2340
2171
1982
1855
1810
1819
1879
1976
2054
2104
2108
2090
2062
2057
2080
2144
2218
2300
2357
2368
1684
1523
1382
1349
1434
1602
1811
1999
2216
2422
2605
2716
2764
2769
2740
2631
2454
2260
2110
1984
1842
1704
1665
1684
1782
1852
1848
1814
1836
1930
2039
2081
2039
1976
1964
1996
2088
2173
2168
2102
2032
2068
2204
2328
2337
2231
2127
2064
2076
2110
2037
1937
1850
1799
1788
1888
2012
2177
2251
2264
2245
2250
2292
2325
2339
2332
2258
2183
2154
2150
2225
2229
2148
2051
2070
2214
2466
2658
2736
2696
2556
2365
2136
1884
1708
1599
1627
1682
1812
1938
2069
2184
2270
2343
2466
2562
2560
2462
2293
2112
1914
1698
1455
1279
1286
1505
1860
2229
2505
2598
2568
2433
2246
2143
2131
2116
2028
1900
1746
1651
1656
1757
1919
2098
2296
2483
2539
2450
2318
2298
2282
2284
2272
2225
2130
2016
1900
1833
1828
1867
1978
2086
2200
2258
2311
2318
2273
2196
2080
1964
1864
1834
1849
1934
2025
2128
2221
2273
2290
2290
2300
2311
2326
2339
2284
2160
2006
1906
1883
1976
2183
2393
2569
2681
2681
2572
2393
2194
2009
1868
1743
1683
1646
1626
1615
1584
1572
1560
1615
1697
1833
1997
2200
2366
2446
2415
2277
2093
1892
1742
1704
1734
1815
1882
1928
1944
1952
1997
2123
2270
2462
2575
2536
2381
2135
1869
1683
1604
1610
1664
1729
1791
1832
1872
1945
2048
2174
2283
2353
2386
2423
2443
2478
2508
2498
2453
2360
2258
2153
2120
2162
2256
2368
2449
2475
2416
2297
2152
2011
1874
1800
1780
1820
1885
2010
2127
2114
2129
2201
2303
2313
2108
1718
1329
1141
1173
1360
1560
1784
2102
2469
2802
2986
3032
2933
2812
2671
2561
2389
2211
1866
1487
1212
1228
1473
1864
2233
2504
2678
2762
2752
2565
2222
1804
1515
1434
1512
1682
1842
1980
2197
2443
2699
2856
2838
2666
2435
2112
1718
1271
881
708
760
1031
1465
2006
2544
2981
3232
3222
2979
2642
2259
1881
1551
1284
1140
1175
1412
1870
2421
2895
3164
3226
3080
2759
2323
1870
1430
1071
887
912
1174
1632
2216
2839
3288
3469
3337
2962
2486
2023
1634
1358
1244
1197
1311
1537
1899
2366
2755
3044
3126
2940
2590
2164
1792
1521
1441
1495
1609
1814
2037
2236
2407
2513
2569
2616
2595
2501
2302
2027
1757
1544
1719
2044
2385
2652
2820
2850
2754
2639
2547
2339
2000
1516
966
578
489
700
1094
1538
2041
2674
3380
3954
4095
3868
3147
2242
1446
937
785
925
1223
1552
1923
2307
2640
2875
2996
2997
2914
2860
2820
2693
2429
2021
1523
1044
763
742
1077
1670
2377
3044
3520
3740
3652
3243
2596
1966
1495
1262
1269
1407
1534
1592
1635
1666
1714
1847
2061
2361
2738
3097
3330
3328
3006
2421
1713
1088
822
997
1547
2260
2860
3200
3198
2990
2679
2368
2065
1775
1459
1142
860
641
529
584
908
1548
2413
3280
3860
4016
3777
3273
2659
2110
1611
1390
1368
1471
1480
1317
1068
955
1107
1573
2233
2887
3346
3505
3353
2935
2374
1871
1606
1616
1796
1993
1234
1145
1168
1302
1508
1779
2081
2379
2641
2837
2928
2907
2781
2555
2283
2033
1856
1802
1850
1940
2021
2042
1975
1843
1700
1611
1622
1761
2012
2300
2556
2741
2819
2782
2709
2632
2568
2517
2417
2232
1994
1749
1603
1614
1815
2129
2457
2686
2731
2576
2268
1898
1560
1338
1257
1340
1574
1908
2268
2582
2782
2838
2766
2592
2374
2119
1869
1634
1476
1442
1546
1777
2091
2404
2662
2770
2713
2475
2098
1685
1325
1137
1181
1417
1774
2160
2489
2711
2804
2764
2611
2380
2108
1874
1722
1685
1769
1957
2193
2413
2584
2683
2677
2573
2404
2204
1988
1767
1544
1333
1176
1089
1101
1185
1325
1468
1635
1830
2047
2260
2446
2581
2647
2623
2507
2310
2059
1843
4095
4095
4095
4095
4072
3616
3229
2919
2474
1721
712
1
1
2
504
1570
2486
3066
3280
3240
3074
2852
2597
2392
2318
2404
2544
2544
2216
1536
742
192
179
696
1491
2240
2700
2830
2686
2400
1992
1540
1220
1181
1473
1947
2436
2748
2808
2692
2546
2494
2585
2749
2844
2719
2280
1597
879
407
409
904
1736
2575
3137
3296
3114
2797
2494
2304
2201
2142
2094
2050
2001
1969
1875
1617
1205
834
821
1343
2291
3310
3989
4036
3504
2712
2072
1786
1807
1868
1792
1502
1088
747
659
899
1383
2017
2697
3321
3738
3876
3703
3196
2424
1559
864
611
864
1508
2215
2600
2498
2031
1587
1480
1755
2165
2385
2303
2080
1933
1968
2034
1954
1720
1
36
1341
2837
4095
4095
4095
4095
4095
3153
1823
612
1
2
2
357
1368
2529
3664
4095
4095
4095
4095
4095
3260
1903
600
4
2
2
90
1265
2730
4068
4095
4095
4095
3414
1896
355
5
4
3
2
211
1774
3438
4095
4095
4095
4095
3622
2353
1225
474
226
455
1031
1716
2310
2700
2828
2797
2646
2474
2326
2230
2150
2066
1926
1699
1418
1142
955
930
1107
1456
1881
2282
2580
2724
2710
2579
2368
2136
1965
1943
2089
2358
2674
2915
2951
2790
2410
1923
1439
1116
1036
1211
1634
2202
2751
3149
3288
3126
2735
2235
1791
1528
1468
1624
1927
2282
2593
2762
2720
2459
2015
1514
1094
856
830
1011
1344
1778
2251
2704
3094
599
956
1420
1893
2323
2688
2983
3197
3281
3220
2995
2629
2201
1752
1358
1084
997
1109
1373
1728
2133
2508
2836
3087
3239
3278
3204
3001
2702
2349
1919
1452
1024
705
531
516
637
904
1276
1722
2196
2672
3068
3333
3420
3344
3154
2868
2504
2106
1677
1234
819
473
275
254
443
890
1575
2439
3390
4095
4095
4095
4095
4095
4095
4095
4095
4095
3489
2438
1333
237
1
2
2
2
3
1
0
1
2
573
1752
2909
3978
4095
4095
4095
4095
4095
4095
4095
4095
4095
4095
4095
3162
1962
768
0
3
2
3
1
0
2
3
6
870
1896
2825
3662
4095
4095
4095
4095
4095
4095
4095
3631
2748
1816
886
22
2
1
2154
1400
757
263
3
3
0
77
414
868
1451
2059
2684
3292
3859
4095
4095
4095
4095
4095
3895
3190
2372
1483
608
3
1
1
1
1
1
2
401
1110
1804
2432
3019
3481
3872
4095
4095
4095
4095
4095
3794
3345
2822
2244
1707
1249
921
771
800
950
1244
1580
1903
2206
2439
2579
2674
2652
2538
2375
2160
1890
1572
1225
870
543
291
156
198
416
824
1425
2146
2899
3660
4095
4095
4095
4095
4095
4095
4095
3726
2907
1954
925
2
2
2
4
2
1
1
2
1
2
1172
2696
4095
4095
4095
4095
4095
4095
4095
4095
4095
4095
4095
3510
2053
590
3
4
1
3
3
2
1
1
3
2
366
2026
286
400
518
633
760
882
1006
1137
1258
1372
1491
1601
1706
1817
1918
2040
2142
2237
2334
2400
2460
2501
2522
2529
2525
2504
2475
2440
2391
2355
2320
2264
2213
2167
2128
2083
2041
2000
1974
1939
1946
1950
1952
1966
1986
2005
2033
2074
2115
2144
2168
2198
2231
2264
2280
2289
2317
2323
2326
2336
2339
2333
2332
2327
2327
2331
2347
2366
2398
2441
2490
2548
2605
2663
2726
2787
2839
2880
2925
2942
2958
2960
2956
2928
2885
2836
2779
2711
2646
2574
2486
2400
2325
2248
2188
2113
2045
1975
1896
1843
1791
1733
1699
1661
1637
1614
1589
1560
1546
1499
1467
1407
1341
1294
1232
1171
1089
1020
969
904
877
856
845
866
897
931
1008
1096
