2102
2095
2111
2124
2107
2089
2109
2096
2092
2097
2103
2095
2090
2097
2093
2098
2096
2083
2069
2084
2103
2086
2092
2098
2118
2121
2107
2110
2112
2101
2113
2117
2114
2106
2104
2112
2104
2118
2131
2110
2104
2099
2108
2105
2095
2106
2121
2109
2103
2121
2108
2096
2085
2095
2104
2120
2130
2119
2097
2108
2098
2090
2095
2096
2106
2093
2090
2104
2108
2109
2087
2093
2103
2116
2101
2098
2106
2096
2099
2105
2109
2089
2077
2088
2104
2112
2101
2096
2093
2083
2118
2095
2084
2107
2104
2102
2090
2090
2099
2110
2107
2100
2082
2083
2104
2104
2085
2069
2098
2092
2094
2113
2082
2074
2096
2104
2076
2082
2086
2082
2083
2093
2087
2088
2078
2092
2096
2084
2093
2069
2068
2100
2085
2083
2108
2116
2087
2106
2099
2102
2089
2107
2110
2110
2092
2101
2103
2100
2077
2073
2102
2097
2096
2090
2111
2103
2109
2089
2096
2108
2091
2103
2096
2085
2099
2095
2094
2098
2104
2105
2116
2100
2104
2090
2099
2096
2111
2098
2097
2081
2096
2099
2104
2114
2120
2095
2110
2116
2097
2095
2099
2099
2089
2118
2095
2097
2097
2086
2098
2095
2082
2073
2083
2083
2088
2110
2108
2090
2087
2084
2100
2098
2086
2076
2081
2099
2091
2085
2080
2096
2093
2119
2106
2083
2104
2104
2081
2077
2089
2107
2107
2104
2095
2092
2098
2092
2081
2109
2105
2109
2088
2071
2078
2096
2088
2091
2096
2079
2087
2076
2093
2090
2083
2084
2081
2093
2172
2174
2161
2149
2118
2131
2111
2107
2115
2083
2098
2082
2057
2057
2058
2057
2018
2009
2013
2011
1998
1997
1990
1998
1995
1997
1990
1991
1982
2006
2006
2024
2024
2031
2027
2053
2084
2101
2113
2117
2110
2128
2139
2156
2173
2170
2165
2161
2186
2195
2189
2186
2192
2175
2179
2188
2177
2173
2189
2181
2162
2161
2164
2153
2143
2144
2137
2141
2117
2132
2112
2114
2110
2094
2092
2069
2072
2053
2035
2048
2022
2013
1998
2008
2021
2012
2021
2017
1995
2025
2023
2037
2033
2025
2014
2024
2023
2027
2040
2054
2061
2058
2057
2058
2051
2065
2086
2084
2095
2091
2090
2083
2077
2072
2082
2092
2067
2058
2070
2075
2058
2065
2048
2047
2064
2062
2067
2062
2102
2111
2089
2067
2074
2064
2067
2072
2066
2069
2081
2092
2110
2138
2152
2158
2168
2158
2158
2139
2114
2107
2074
2044
2008
1987
1979
1976
1983
2004
2012
2045
2089
2111
2154
2144
2173
2160
2151
2125
2079
2030
2009
1976
1968
1981
1991
2031
2068
2115
2159
2188
2230
2247
2242
2253
2243
2202
2178
2172
2129
2108
2068
2056
2022
1997
1968
1945
1947
1952
1951
1983
1987
2019
2028
2057
2064
2069
2063
2049
2062
2048
2053
2071
2082
2110
2172
2214
2218
2238
2236
2210
2160
2120
2056
1999
1962
1933
1928
1935
1921
1951
1956
1977
1998
2015
2033
2074
2096
2133
2138
2167
2180
2220
2239
2254
2270
2249
2252
2222
2163
2117
2075
2014
1972
1923
1905
1924
2160
2128
2116
2082
2042
2001
1949
1916
1920
1928
1960
1960
1994
2034
2091
2128
2130
2193
2242
2239
2224
2193
2184
2192
2183
2132
2029
1899
1856
1887
1976
2045
2093
2146
2206
2268
2298
2248
2149
2074
2073
2050
2056
1994
1938
1956
1989
2078
2131
2162
2169
2132
2109
2104
2067
2090
2097
2119
2098
2064
2024
1986
1952
2008
2037
2115
2176
2200
2166
2130
2080
2084
2097
2112
2120
2097
2071
2049
2019
2018
2013
2010
2064
2081
2070
2018
1974
1992
2072
2178
2206
2213
2167
2116
2095
2123
2112
2078
1967
1925
1930
2006
2066
2107
2132
2145
2155
2121
2119
2145
2167
2121
2078
2019
2002
2027
2024
2072
2098
2162
2181
2212
2256
2299
2279
2215
2123
2063
2197
2115
2087
2110
2132
2138
2105
2036
1995
1993
2073
2155
2226
2294
2288
2230
2168
2059
2002
1979
1965
1952
1986
2012
2080
2162
2271
2322
2314
2258
2142
1978
1866
1820
1891
2032
2124
2140
2063
1955
1917
1977
2050
2179
2253
2247
2217
2138
2085
2050
2055
2059
2035
1970
1900
1924
1969
2073
2109
2099
2068
2100
2177
2216
2223
2130
1984
1924
1939
1995
2055
2128
2151
2149
2125
2051
1998
1966
1958
1968
1993
1979
1938
1899
1884
1955
2051
2181
2224
2219
2141
2082
2065
2079
2125
2116
2129
2141
2175
2222
2228
2183
2140
2099
2104
2137
2116
2127
2148
2197
2190
2137
2078
2073
2093
2147
2233
2257
2263
2208
2109
2016
1932
1897
1935
2012
2135
2179
2103
2160
2183
2181
2123
2049
1976
1931
1921
1915
1875
1904
2001
2154
2316
2452
2518
2501
2405
2267
2118
2007
1928
1900
1889
1937
1994
2097
2159
2201
2194
2193
2179
2131
2064
1969
1940
1946
2031
2151
2236
2262
2251
2236
2190
2128
2088
1998
1917
1901
1924
2019
2141
2227
2263
2238
2186
2152
2106
2095
2096
2123
2156
2197
2210
2179
2090
2017
1927
1865
1833
1869
1974
2088
2185
2240
2251
2224
2134
2036
1984
1954
1975
2018
2072
2140
2192
2186
2145
2084
2026
1952
1900
1902
1914
1990
2078
2191
2226
2236
2173
2039
1936
1863
1838
1897
1975
2125
2223
2346
2370
2343
2256
2136
2049
1992
1947
1963
2015
2078
2156
2209
2221
2162
2048
1956
1924
1910
2011
1985
1954
1972
2126
2346
2420
2428
2340
2221
2044
1820
1718
1766
1929
2051
2096
2123
2186
2240
2255
2244
2270
2257
2173
2009
1866
1821
1897
1990
2022
2064
2058
2043
1967
1882
1876
1956
2058
2112
2082
2052
2048
2120
2215
2248
2210
2121
2052
1991
1960
2004
2063
2183
2256
2278
2227
2128
2140
2213
2189
2137
2080
2005
1906
1852
1917
2158
2337
2356
2227
2116
2057
1995
1916
1878
1899
1960
2100
2234
2313
2391
2427
2405
2223
2025
1970
2025
2090
2139
2128
2101
2109
2214
2311
2255
2108
2028
2002
1912
1869
1889
1968
2063
2116
2142
2119
2047
2049
2127
2154
2083
1958
1909
1882
1890
1936
2058
2133
2205
2257
2243
2158
2076
1995
1928
1871
1860
2368
2263
2149
2057
1962
1928
1904
1941
1995
2027
2033
2068
2107
2126
2150
2159
2128
2067
2019
2000
1970
1981
2024
2083
2122
2115
2061
2008
1966
1980
1974
2016
2076
2147
2208
2235
2256
2236
2203
2198
2198
2183
2171
2111
2043
1990
1957
1989
2045
2147
2268
2339
2310
2247
2104
1959
1856
1828
1879
1993
2161
2282
2322
2278
2147
1993
1844
1772
1786
1895
2045
2182
2252
2300
2268
2187
2094
1999
1959
1993
2034
2071
2088
2122
2164
2197
2224
2228
2212
2218
2132
2052
2006
1999
2038
2091
2170
2218
2211
2195
2127
2069
2018
1994
2040
2105
2185
2231
2224
2197
2137
2092
2061
2002
1949
1934
1982
2080
2204
2280
2364
2353
2238
2117
1988
1905
1905
1994
2165
2077
2042
2037
2013
1952
2073
2284
2386
2348
2237
2162
2054
1962
1918
1908
1884
1889
2004
2127
2196
2195
2209
2219
2222
2178
2082
1946
1822
1846
1991
2144
2241
2292
2307
2310
2311
2242
2072
1877
1800
1823
1879
1993
2143
2256
2328
2381
2362
2291
2168
2019
1908
1854
1929
2067
2176
2306
2450
2525
2454
2281
2146
2054
2002
1937
1951
2029
2142
2163
2126
2050
1999
1856
1663
1569
1616
1794
2031
2271
2452
2587
2705
2637
2466
2277
2117
1996
1858
1747
1768
1891
2086
2238
2263
2215
2096
1931
1716
1533
1507
1685
1972
2216
2381
2446
2484
2411
2193
1912
1777
1816
1888
1846
1840
1960
2133
2278
2377
2432
2454
2432
2276
2009
1769
1744
1853
1926
2250
2143
1959
1813
1833
2053
2346
2556
2548
2388
2214
2123
2188
2289
2289
2217
2086
1977
1878
1815
1779
1862
2016
2164
2224
2198
2144
2132
2207
2307
2393
2412
2423
2432
2408
2322
2175
2029
1940
1935
2008
2062
2039
1910
1786
1688
1641
1625
1648
1705
1802
1888
2059
2290
2590
2867
3009
2841
2403
1930
1523
1396
1526
1795
2030
2073
1950
1810
1769
1885
2057
2131
2122
2074
2084
2180
2288
2412
2552
2688
2757
2712
2508
2269
2020
1773
1516
1259
1172
1330
1652
1896
2054
2091
2147
2290
2442
2558
2560
2546
2512
2429
2235
2001
1922
2032
2232
2274
2197
2038
1855
1751
1648
1557
1497
1536
1714
1967
2293
2604
2852
2927
2760
2521
2325
2290
2324
2213
1681
1502
1505
1723
2117
2539
2859
3014
2932
2660
2268
1847
1497
1324
1364
1615
2004
2419
2714
2849
2753
2532
2291
2113
1972
1929
1912
1976
2110
2287
2485
2605
2614
2512
2315
2032
1724
1472
1366
1368
1527
1817
2150
2419
2546
2509
2340
2116
1926
1851
1905
1984
2091
2141
2114
2003
1875
1745
1712
1764
1872
1993
2090
2118
2073
1982
1899
1869
1912
2036
2200
2318
2373
2296
2160
1990
1858
1793
1734
1751
1759
1819
1901
2027
2208
2397
2586
2664
2580
2363
2071
1783
1564
1482
1572
1842
2198
2542
2821
2889
2754
2482
2131
1839
1681
1673
1834
2077
2315
2496
2504
2313
2014
1702
1418
1296
1375
1636
1967
2342
2615
2758
2722
2527
2240
1982
1791
1698
1695
1871
2151
2459
2693
2776
2712
2454
2031
1547
1077
843
943
1349
1895
2436
2751
2859
2792
2585
2278
1970
1742
1787
2000
2216
2281
2218
2038
1860
1712
1580
1598
1896
2403
2847
2980
2727
2303
1838
1458
1207
1083
1179
1561
2192
2699
2858
2702
2435
2316
2344
2370
2244
2053
2005
2089
2048
1723
1269
1004
1226
1824
2472
2816
2863
2753
2669
2532
2204
1808
1544
1640
1986
2318
2413
2214
1969
1842
1934
2301
2865
3466
3799
3757
3334
2556
1663
855
313
228
628
1348
2189
2819
3038
2860
2510
2238
2137
2138
2280
2472
2667
2722
2508
1990
1383
1022
1068
1482
2036
2453
2684
2781
2795
2576
2124
1740
1665
1876
2189
2380
2448
2456
2426
2298
1962
3996
4095
4095
3970
3154
2168
1257
601
315
483
1006
1725
2480
3111
3481
3546
3300
2856
2340
1794
1395
1150
1053
1132
1364
1682
2082
2498
2834
3052
3174
3129
2955
2660
2290
1830
1398
1030
844
865
1129
1575
2084
2578
2987
3248
3308
3166
2848
2399
1888
1412
1111
1032
1245
1703
2249
2761
3115
3256
3152
2796
2260
1598
993
573
396
558
1016
1723
2522
3259
3775
4009
3889
3475
2778
1957
1105
388
1
0
139
693
1472
2316
3104
3695
4029
4048
3751
3233
2577
1866
1227
760
537
560
828
1262
1769
2293
2711
3015
3178
3231
3113
2849
2493
2129
1831
1626
1520
1494
1500
1507
1510
1541
1636
1795
1967
2154
2361
2534
2644
2727
2791
2799
2725
1982
1162
378
0
1
0
0
0
0
0
130
946
1884
2811
3664
4095
4095
4095
4095
4095
4095
4095
4095
3834
2758
1526
223
0
1
0
0
0
0
0
1
621
1909
3164
4095
4095
4095
4095
4095
4095
4095
4095
3933
2815
1649
544
1
1
1
0
0
0
0
39
819
1717
2576
3312
3855
4095
4095
4061
3742
3326
2876
2486
2107
1816
1593
1447
1385
1408
1536
1781
2060
2353
2649
2896
3046
3099
3031
2854
2600
2283
1868
1410
899
434
31
0
1
1
1
215
767
1469
2184
2869
3493
4000
4095
4095
4095
4095
4095
3698
3229
2694
2154
1636
1169
821
584
483
545
739
1049
1385
1661
1867
1946
1921
1806
