2101
2094
2093
2093
2096
2093
2099
2099
2096
2098
2102
2096
2096
2096
2095
2100
2100
2094
2096
2097
2098
2099
2094
2093
2095
2097
2102
2102
2091
2095
2092
2090
2094
2095
2093
2099
2094
2094
2094
2096
2096
2094
2093
2100
2103
2096
2098
2098
2102
2101
2098
2095
2097
2102
2100
2094
2097
2098
2097
2092
2100
2097
2102
2101
2107
2103
2104
2098
2099
2097
2095
2096
2105
2104
2098
2100
2111
2105
2102
2100
2103
2099
2095
2101
2099
2094
2101
2100
2095
2090
2092
2095
2093
2100
2092
2101
2096
2098
2092
2094
2098
2103
2099
2098
2101
2100
2096
2097
2096
2101
2099
2103
2098
2100
2101
2097
2094
2097
2091
2094
2100
2100
2098
2102
2093
2097
2091
2094
2103
2099
2100
2095
2096
2088
2101
2095
2090
2101
2107
2099
2100
2113
2095
2095
2092
2094
2092
2095
2096
2108
2100
2094
2100
2099
2099
2094
2090
2096
2103
2105
2098
2090
2089
2099
2093
2092
2102
2095
2095
2098
2097
2102
2097
2098
2092
2084
2086
2087
2074
2090
2089
2096
2098
2087
2079
2092
2077
2080
2075
2085
2088
2077
2088
2084
2082
2078
2088
2086
2092
2072
2095
2089
2081
2077
2077
2090
2100
2093
2089
2086
2079
2081
2076
2084
2100
2097
2089
2084
2095
2080
2083
2078
2087
2091
2088
2092
2092
2083
2091
2097
2099
2090
2098
2088
2084
2098
2093
2093
2085
2091
2088
2086
2081
2079
2094
2100
2091
2097
2089
2084
2088
2093
2102
2100
2092
2087
2085
2092
2086
2091
2073
2073
2080
2074
2067
2058
2060
2058
2060
2045
2043
2046
2044
2036
2026
2034
2032
2023
2021
2021
2018
2008
2012
1998
2008
2004
2004
2000
1996
1998
1989
2000
2004
1992
1998
2000
1990
1989
2001
1998
2001
2000
2007
2002
2004
2007
2008
1998
2013
2027
2023
2028
2036
2031
2036
2048
2043
2048
2043
2049
2055
2058
2069
2072
2080
2090
2090
2096
2101
2113
2125
2125
2121
2124
2123
2137
2142
2132
2147
2157
2161
2166
2162
2167
2172
2175
2170
2174
2168
2172
2176
2173
2176
2170
2180
2171
2175
2169
2176
2159
2148
2150
2152
2148
2144
2143
2136
2132
2132
2145
2128
2118
2116
2097
2100
2103
2095
2092
2084
2076
2081
2078
2068
2064
2054
2070
2087
2110
2129
2146
2148
2151
2152
2160
2163
2162
2150
2145
2147
2138
2132
2117
2117
2115
2112
2116
2138
2143
2152
2168
2183
2208
2216
2230
2222
2243
2247
2242
2247
2218
2214
2203
2193
2178
2158
2151
2141
2153
2160
2176
2167
2169
2181
2190
2195
2176
2171
2143
2130
2093
2049
2012
1962
1892
1842
1804
1756
1737
1717
1694
1677
1687
1701
1722
1752
1759
1815
1840
1862
1875
1898
1921
1932
1932
1939
1944
1936
1936
1925
1946
1969
1991
2025
2076
2114
2172
2222
2292
2335
2382
2413
2456
2486
2504
2512
2514
2507
2498
2496
2498
2486
2472
2463
2447
2415
2380
2342
2293
2241
2174
2099
2041
1977
1925
1891
1848
1816
1805
1812
1829
1847
1869
1878
1944
2007
2080
2147
2207
2257
2287
2320
2357
2374
2372
2379
2368
2322
2311
2283
2246
2203
2156
2100
2046
1985
1942
1890
1853
1818
1782
1770
1773
1774
1782
1801
1836
1882
1951
2008
2077
2142
2216
2277
2347
2400
2464
2506
2534
2568
2560
2570
2560
2537
2501
2470
2414
2365
2299
2232
2155
2089
2011
1954
1885
1822
1764
1709
1665
1638
1623
1615
1618
1634
1651
1682
1710
1772
1831
1897
1952
2028
2096
2166
2240
2324
2379
2438
2475
2515
2544
2567
2566
2575
2570
2540
2524
2484
2453
2394
2359
2305
2249
2215
2159
2105
2059
2019
1976
1939
1901
1879
1837
1817
1769
1756
1722
1706
1683
1664
1659
1668
1666
1691
1714
1757
1778
1828
1868
1928
1978
1841
1861
1910
1974
2045
2102
2130
2136
2116
2067
2015
1958
1917
1894
1879
1887
1915
1942
1976
2015
2052
2084
2127
2183
2240
2306
2360
2397
2407
2390
2354
2317
2270
2234
2201
2182
2166
2146
2128
2117
2092
2068
2027
1992
1971
1948
1937
1928
1920
1919
1908
1895
1891
1895
1905
1915
1930
1936
1929
1926
1910
1896
1888
1875
1870
1886
1891
1904
1912
1924
1939
1964
2008
2080
2172
2266
2380
2475
2549
2608
2632
2650
2646
2632
2634
2624
2610
2565
2484
2358
2211
2057
1914
1809
1756
1769
1835
1911
1988
2040
2024
1993
1938
1910
1906
1930
1973
2022
2052
2026
1976
1900
1819
1758
1738
1765
1841
1958
2074
2184
2257
2302
2305
2283
2271
2270
2305
2372
2000
2037
2081
2133
2177
2231
2288
2330
2368
2395
2409
2401
2378
2342
2295
2239
2181
2126
2063
2014
1961
1920
1888
1862
1848
1836
1839
1838
1844
1861
1884
1910
1946
1986
2036
2099
2154
2215
2274
2329
2381
2421
2454
2468
2466
2434
2388
2330
2262
2175
2085
1991
1900
1826
1758
1721
1679
1685
1696
1746
1816
1896
2004
2117
2232
2347
2444
2544
2616
2664
2699
2699
2681
2651
2603
2541
2467
2390
2308
2221
2134
2055
1970
1896
1823
1755
1693
1646
1616
1597
1595
1597
1624
1673
1730
1802
1882
1971
2067
2165
2255
2348
2429
2500
2558
2605
2636
2656
2649
2640
2609
2563
2508
2436
2349
2251
2156
2059
1958
1855
1770
1692
1622
1565
1523
1498
1483
1488
1427
1455
1519
1614
1734
1861
1982
2092
2192
2255
2290
2312
2291
2254
2202
2138
2090
2036
1994
1967
1944
1932
1918
1910
1896
1878
1843
1824
1808
1814
1834
1872
1917
1966
2018
2070
2102
2128
2159
2174
2174
2173
2159
2148
2117
2089
2080
2090
2106
2122
2142
2129
2128
2103
2081
2057
2048
2071
2104
2149
2196
2238
2261
2255
2225
2189
2127
2058
1994
1943
1902
1899
1929
1988
2068
2164
2266
2355
2428
2471
2491
2480
2441
2391
2321
2241
2154
2048
1942
1835
1735
1653
1598
1576
1584
1625
1694
1799
1918
2050
2185
2324
2435
2522
2556
2566
2544
2513
2461
2411
2345
2270
2181
2088
1983
1888
1798
1718
1668
1653
1674
1734
1815
1915
2022
2124
2221
2296
2001
1948
1896
1852
1823
1811
1810
1828
1853
1896
1941
2004
2064
2141
2214
2281
2339
2385
2421
2439
2440
2421
2390
2338
2279
2209
2137
2058
1969
1880
1798
1725
1645
1593
1552
1541
1552
1592
1653
1742
1842
1965
2085
2205
2318
2411
2487
2542
2580
2589
2580
2551
2509
2454
2386
2314
2235
2147
2060
1969
1890
1831
1775
1743
1732
1744
1770
1804
1849
1889
1923
1952
1975
1984
1998
2014
2031
2055
2090
2146
2202
2273
2344
2412
2475
2531
2572
2590
2604
2587
2562
2522
2458
2389
2296
2197
2081
1944
1808
1668
1538
1437
1355
1308
1301
1333
1411
1520
1648
1808
1979
2145
2311
2464
2586
2682
2753
2783
2795
2760
2700
2601
2483
2329
2167
1999
1843
1685
1877
1946
2070
2220
2392
2550
2718
2826
2866
2842
2737
2596
2412
2221
2054
1884
1776
1682
1608
1600
1609
1635
1665
1706
1718
1697
1704
1669
1670
1692
1716
1718
1763
1816
1889
2016
2183
2380
2585
2793
3002
3175
3314
3368
3358
3275
3107
2856
2553
2161
1808
1461
1234
1086
1048
1102
1229
1424
1624
1824
1979
2098
2152
2140
2136
2104
2085
2084
2098
2109
2146
2172
2228
2275
2359
2437
2551
2638
2722
2721
2686
2570
2393
2228
2074
1989
1924
1954
1989
2020
2035
2016
1961
1853
1783
1724
1744
1787
1868
1998
2120
2165
2191
2226
2236
2268
2312
2339
2406
2439
2385
2340
2220
2066
1960
1802
1728
1680
1644
1683
1728
1792
1859
1943
2023
2104
2201
2264
2310
2347
2349
2352
2343
2286
2266
2216
2187
2112
2057
2016
1950
1921
1883
1788
1748
1732
1750
1762
1812
1892
1969
2074
2185
2287
2376
2456
2500
2507
2482
2418
2309
2194
2044
1923
1798
1679
1648
1630
1644
1707
1806
1933
2101
2263
2412
2568
2674
2799
2858
2875
2861
2800
2693
2552
2405
2233
2036
1831
1659
1482
1372
1312
1278
1321
1407
1566
1722
1951
2183
2426
2642
2832
2976
3038
3038
2985
2863
2708
2515
2284
2045
1824
1621
1449
1316
1257
1276
1313
1417
1584
1790
2043
2260
2515
2748
2942
3093
3224
3311
3270
3201
3068
2927
2734
2488
2204
1904
1635
1343
1066
784
560
415
310
264
334
491
726
1041
1415
1788
2188
2560
2908
3174
3399
2346
2639
2947
3227
3420
3483
3399
3174
2834
2418
1996
1611
1297
1090
996
1020
1142
1315
1507
1679
1812
1901
1948
1995
2054
2141
2255
2363
2448
2481
2430
2312
2148
1984
1855
1788
1803
1892
2049
2234
2373
2468
2494
2470
2414
2347
2291
2240
2170
2070
1936
1781
1634
1528
1516
1606
1807
2086
2386
2660
2844
2928
2914
2799
2648
2474
2307
2131
1956
1769
1583
1413
1311
1306
1402
1561
1753
1926
2041
2071
2045
1993
1982
2052
2204
2445
2701
2921
3056
3088
3008
2864
2712
2589
2495
2438
2360
2243
2043
1823
1582
1424
1325
1318
1386
1462
1492
1455
1375
1264
1166
1121
1177
1306
1522
1802
2099
2400
2703
2995
3248
3454
3556
3536
3372
3102
2766
2423
2980
3058
3052
2984
2853
2648
2431
2212
1896
1675
1432
1229
1054
931
843
843
891
1020
1243
1545
1882
2248
2655
3040
3339
3581
3704
3710
3597
3371
3100
2754
2392
2059
1736
1456
1199
997
866
795
789
868
1025
1277
1560
1932
2322
2716
3058
3359
3587
3675
3649
3546
3322
3012
2696
2340
1958
1625
1286
1022
784
620
543
513
587
766
1021
1350
1697
2091
2472
2814
3131
3339
3450
3468
3400
3254
3049
2772
2476
2180
1847
1531
1263
1022
874
819
845
976
1208
1512
1863
2209
2545
2850
3097
3278
3364
3354
3260
3111
2884
2600
2313
1933
1585
1279
1001
790
706
755
937
1234
1606
2067
2529
2956
3330
3610
3766
3783
3658
3397
3062
2633
3318
3434
3330
3036
2593
2112
1692
1482
1481
1676
1957
2231
2396
2413
2346
2195
2076
2010
2001
2036
2042
1952
1789
1549
1331
1222
1291
1536
1917
2368
2776
3078
3245
3278
3248
3228
3288
3400
3544
3612
3559
3326
2931
2368
1720
1106
547
101
1
2
1
1
252
648
1097
1583
2071
2532
2935
3260
3478
3581
3580
3494
3371
3223
3078
2981
2898
2804
2689
2529
2314
2071
1773
1484
1232
1036
886
770
689
683
723
869
1108
1400
1732
2090
2407
2662
2857
2989
3128
3239
3318
3360
3310
3119
2775
2326
1837
1398
1007
716
503
367
309
365
503
817
1270
1828
2412
2910
3277
3489
3504
3381
3127
2832
2539
2304
2100
1937
1845
1754
1691
1665
371
534
748
1062
1431
1825
2238
2615
2944
3195
3367
3446
3439
3351
3230
3088
2914
2772
2634
2482
2329
2172
1997
1802
1604
1424
1276
1186
1142
1171
1270
1440
1656
1898
2158
2390
2577
2730
2804
2852
2859
2836
2793
2758
2712
2642
2560
2440
2306
2126
1938
1771
1613
1503
1426
1443
1532
1650
1798
1959
2119
2290
2390
2471
2486
2511
2494
2450
2388
2288
2165
1992
1810
1591
1377
1161
994
918
909
1000
1210
1503
1844
2235
2604
2940
3186
3387
3466
3467
3385
3214
3012
2749
2421
2078
1711
1321
976
632
381
196
120
158
337
634
1028
1492
1967
2440
2854
3186
3422
3565
3595
3552
3415
3228
3032
2790
2532
2301
2083
1868
1696
1548
1460
1428
