2104
2083
2095
2082
2080
2081
2068
2101
2100
2107
2087
2080
2086
2077
2078
2086
2087
2075
2088
2106
2107
2081
2072
2100
2102
2082
2089
2087
2091
2084
2065
2090
2095
2049
2084
2084
2087
2091
2073
2079
2074
2069
2079
2096
2086
2098
2084
2096
2105
2112
2101
2093
2084
2097
2097
2091
2088
2097
2097
2098
2101
2083
2104
2105
2107
2098
2101
2098
2096
2085
2111
2097
2079
2094
2091
2111
2088
2075
2087
2077
2087
2096
2108
2102
2085
2070
2086
2075
2092
2106
2099
2098
2097
2103
2107
2118
2104
2103
2113
2098
2104
2105
2108
2090
2096
2094
2104
2091
2111
2094
2112
2113
2114
2099
2088
2099
2090
2089
2100
2094
2097
2095
2111
2116
2116
2095
2099
2113
2116
2090
2086
2087
2073
2096
2102
2109
2104
2113
2092
2091
2104
2093
2095
2089
2103
2092
2106
2081
2090
2084
2067
2079
2095
2087
2098
2114
2098
2079
2080
2098
2088
2116
2116
2125
2098
2079
2109
2093
2089
2106
2090
2089
2077
2096
2088
2088
2080
2074
2086
2103
2104
2103
2084
2087
2091
2085
2094
2100
2090
2100
2085
2096
2086
2116
2102
2090
2101
2123
2102
2079
2084
2081
2093
2081
2081
2072
2087
2089
2092
2089
2095
2080
2092
2104
2113
2097
2106
2103
2107
2089
2118
2100
2098
2108
2105
2097
2104
2092
2111
2096
2072
2082
2095
2112
2073
2088
2099
2104
2103
2109
2122
2090
2097
2094
2079
2096
2084
2081
2116
2112
2078
2107
2095
2087
2087
2087
2119
2114
2136
2138
2150
2160
2171
2176
2175
2134
2146
2139
2149
2153
2134
2131
2128
2142
2123
2122
2114
2115
2090
2074
2076
2077
2079
2083
2073
2059
2059
2071
2072
2061
2054
2033
2052
2056
2030
2046
2055
2054
2054
2081
2081
2083
2077
2081
2071
2089
2098
2102
2103
2125
2135
2129
2136
2151
2137
2139
2177
2178
2167
2179
2187
2174
2188
2169
2173
2174
2174
2169
2153
2156
2182
2157
2145
2126
2107
2094
2096
2104
2077
2061
2072
2055
2073
2079
2067
2046
2054
2073
2058
2051
2056
2070
2067
2061
2056
2087
2081
2072
2095
2093
2110
2106
2117
2099
2132
2109
2096
2093
2089
2082
2066
2070
2070
2096
2078
2070
2072
2072
2047
2070
2064
2047
2044
2027
2037
2061
2080
2100
2123
2161
2164
2166
2183
2184
2182
2159
2169
2147
2117
2126
2104
2096
2080
2078
2079
2073
2069
2057
2050
2045
2040
2012
2000
2015
1996
2012
2041
2009
2032
2060
2089
2125
2111
2123
2102
2083
2074
2073
2064
2065
2086
2112
2130
2149
2147
2164
2164
2156
2147
2140
2100
2093
2058
2031
2009
2037
2041
2070
2097
2131
2154
2177
2197
2220
2221
2212
2200
2162
2137
2102
2096
2080
2064
2029
2012
1984
1940
1912
1904
1909
1910
1926
1963
2013
2067
2127
2138
2169
2161
2163
2180
2142
2125
2119
2095
2093
2093
2102
2133
2134
2158
2177
2207
2195
2203
2164
2140
2111
2071
2047
2030
2056
2085
2081
2073
2084
2135
2146
2148
2157
2167
2180
2203
2226
2248
2232
2164
2090
2032
2040
2065
2078
2004
1954
1947
1992
2061
2097
2096
2112
2180
2234
2242
2193
2095
2006
1942
1926
1880
1854
1837
1909
1987
2051
2110
2138
2194
2271
2316
2282
2188
2109
2061
2008
1995
1951
1919
1912
1919
1981
2059
2165
2244
2273
2262
2202
2187
2189
2183
2153
2145
2097
2009
1970
1931
1965
2031
2114
2141
2097
2038
2079
2177
2285
2289
2202
2076
2012
1999
2081
2173
2216
2212
2174
2105
2072
2081
2133
2158
2175
2140
2100
2096
2147
2178
2168
2137
2053
1961
1888
1843
1853
1850
1922
2023
2112
2167
2233
2253
2256
2266
2272
2265
2214
2143
2024
1910
1847
1859
1913
1996
2118
2215
2279
2339
2283
2220
2148
2091
2031
2064
2090
2138
2154
2179
2198
2235
2243
2275
2284
2256
2235
2192
2125
2097
2052
2057
2049
2068
2140
2189
2198
2186
2184
2195
2254
2272
2271
2261
2255
2225
2139
1970
1785
1745
1803
1926
2041
2081
2123
2094
2067
2063
2077
2096
2030
1946
1906
1950
2055
2156
2124
1992
1933
1949
1973
2094
2187
2218
2185
2142
2100
2108
2155
2196
2230
2227
2150
1999
1850
1833
1959
2121
2119
2046
2103
2208
2301
2240
2146
2114
2157
2136
2020
1930
1947
1974
1997
2001
2065
2173
2261
2202
2100
2047
2016
1995
1945
1933
1944
1989
2048
2084
2120
2122
2160
2196
2214
2154
2148
2177
2200
2188
2177
2161
2181
2180
2152
2134
2192
2188
2123
2073
2110
2126
2083
1988
1998
2121
2203
2277
2293
2221
2121
2040
1971
1997
2080
2156
2236
2305
2288
2181
2071
1964
1901
1913
1994
2076
2205
2288
2309
2259
2148
2025
1930
1911
1955
2049
2167
2224
2278
2257
2186
2068
1936
1839
1826
1865
1970
2089
2164
2207
2197
2112
2009
1942
1905
1882
1971
2061
2154
2257
2282
2221
2126
2029
1961
1908
1890
1899
1979
2083
2163
2168
2157
2116
2098
2097
2106
2153
2182
2231
2260
2223
2159
2073
2005
1998
2004
2043
2104
2146
2182
2173
2115
2055
1992
1993
2025
2058
2097
2135
2192
2174
2176
2141
2087
2085
2060
2044
2038
2046
2070
2089
2094
2133
2158
2131
2110
2090
2054
2053
2010
2038
2020
2066
2108
2169
2196
2168
2116
2077
2024
2012
2050
2154
2319
2352
2313
2207
2091
1948
1814
1717
1747
1859
2011
2051
2141
2301
2407
2368
2160
1993
1891
1873
1912
1936
2011
2095
2160
2166
2167
2117
2122
2115
2072
1943
1874
1959
2072
2209
2262
2304
2350
2324
2273
2216
2124
2062
2014
2006
1952
1955
2021
2163
2264
2291
2256
2210
2191
2142
2116
2069
2006
2034
2080
2115
2109
2111
2078
2093
2103
2087
2040
2078
2144
2205
2271
2257
2215
2123
1960
1899
1921
2006
2086
2201
2294
2312
2262
2171
2096
2021
1932
1928
1986
2114
2251
2378
2389
2319
2188
2023
1956
1958
1908
1897
1989
2123
2192
2248
2330
2313
2186
2085
2042
1939
1866
1852
1878
1861
1879
1905
2001
2131
2163
2135
2151
2209
2200
2141
2114
2267
2168
2136
2142
2145
2207
2232
2194
2151
2096
1996
1949
1930
1973
2022
2112
2194
2241
2232
2200
2078
1934
1872
1880
1977
2069
2128
2150
2137
2087
2064
2023
2011
2077
2144
2229
2266
2262
2202
2130
2083
2014
1980
1987
2017
2061
2160
2202
2177
2122
2023
1946
2023
2075
2142
2134
2095
2077
2068
2064
2007
1914
1886
1895
1974
2076
2109
2093
2055
2036
2076
2126
2161
2156
2124
2068
2025
2042
2146
2169
2192
2152
2090
2006
1966
1958
1952
1962
1993
1989
2017
2035
2063
2107
2105
2148
2150
2166
2179
2135
2116
2090
2051
2057
2113
2177
2212
2238
2263
2250
2208
2142
2094
2017
1917
1863
1819
1844
1957
2122
2254
2338
2288
2205
2104
2022
1967
1966
2287
2258
2259
2234
2080
1928
1893
1900
1923
2058
2201
2232
2149
2112
2088
2042
2001
2007
2026
2100
2200
2276
2328
2331
2269
2155
2046
1979
1933
1951
2057
2159
2233
2273
2238
2120
2022
2053
2057
1988
1975
2058
2115
2178
2198
2216
2121
1919
1745
1684
1741
1872
2078
2262
2380
2497
2509
2349
2106
1892
1868
1957
2076
2135
2179
2156
2075
2011
1942
2016
2168
2340
2410
2415
2364
2248
2021
1853
1759
1784
1940
2064
2193
2292
2393
2516
2588
2458
2187
1831
1527
1344
1351
1520
1878
2335
2712
2823
2671
2349
2069
1919
1932
1945
1897
1887
1990
2157
2225
2186
2149
2149
2200
2202
2120
1928
1809
1831
1888
1914
1814
1737
1837
2064
2323
2431
2368
2164
2359
2412
2333
2037
1769
1716
1818
2023
2201
2192
1931
1526
1305
1418
1752
2100
2337
2387
2229
2049
2000
2184
2440
2635
2712
2575
2188
1628
1391
1638
2072
2293
2246
2194
2230
2209
2020
1925
1992
2075
2142
2175
2230
2226
2187
2155
2065
1974
1935
1998
2024
1771
1359
1159
1341
1824
2266
2582
2623
2456
2172
1973
1904
1855
1836
1880
1968
1960
1863
1778
1825
1913
1928
1852
1912
2217
2526
2576
2405
2375
2529
2477
2024
1569
1606
2073
2511
2538
2272
2027
1976
1959
1844
1810
1988
2438
2815
2971
2814
2483
2256
2150
2121
2060
1850
1559
1461
1541
1632
1864
2188
2436
2472
2508
2563
2448
2069
1797
1832
2002
2008
1917
1965
2090
2162
2080
1863
1697
2579
2563
2465
2333
2147
1890
1673
1548
1560
1751
2003
2236
2398
2508
2537
2451
2291
2095
1946
1916
2007
2131
2224
2299
2299
2219
2070
1831
1636
1575
1658
1890
2159
2349
2459
2503
2486
2325
2067
1776
1558
1518
1632
1894
2180
2415
2638
2736
2733
2582
2308
2052
1887
1888
2008
2116
2188
2150
1988
1743
1454
1225
1171
1361
1750
2239
2653
2889
2866
2616
2175
1717
1391
1332
1502
1854
2260
2522
2599
2454
2089
1701
1424
1320
1488
1930
2453
2871
3064
2978
2623
2115
1653
1399
1417
1706
2180
2621
2819
2767
2503
2103
1777
1568
1514
1575
1820
2080
2288
2386
2331
2178
1921
1711
1579
1577
1662
1823
1922
1982
2036
2038
2080
2163
2235
2375
2529
2626
3015
1960
1096
529
278
334
730
1387
2154
2778
3080
3106
3020
3037
3099
3103
2892
2549
2121
1723
1419
1115
757
477
546
1111
2077
3140
3913
4095
4095
3746
3087
2206
1248
480
91
156
637
1410
2229
2801
2969
2866
2733
2768
2856
2835
2664
2458
2346
2271
2094
1767
1372
1137
1132
1395
1797
2245
2773
3224
3480
3377
2901
2170
1507
979
573
291
253
676
1468
2276
2759
2839
2711
2606
2521
2406
2168
2000
2092
2391
2599
2620
2424
2185
1928
1667
1302
1050
1098
1542
2232
2861
3170
3180
2945
2560
2041
1513
1082
827
831
1053
1439
1925
2414
2802
2973
3004
2839
2604
2319
2050
1795
1660
1676
1787
1913
2054
2249
2534
2720
2709
2560
2419
6
0
969
2443
3757
4095
4095
4095
4095
4095
3115
1617
297
0
0
1
1
422
1300
2137
2878
3454
3816
3905
3678
3176
2523
1940
1536
1367
1389
1550
1756
1851
1800
1663
1481
1340
1294
1349
1477
1675
1944
2264
2653
3116
3545
3843
3961
3834
3506
2956
2215
1414
669
69
1
2
1
390
1162
2050
3025
3912
4095
4095
4095
4095
4095
3511
2456
1314
214
2
1
0
1
3
55
1079
2224
3248
4032
4095
4095
4095
4095
4095
3689
2769
1880
1177
760
632
628
662
710
769
960
1244
1553
1887
2088
2184
2298
2459
2741
3142
3512
3761
3802
3613
3260
2890
2527
2206
1879
1496
1038
552
92
2
1
0
28
657
1706
2933
2555
2122
1646
1207
729
248
1
0
0
1
0
1
0
2
1
1
1
0
1
416
1301
2221
3183
4093
4095
4095
4095
4095
4095
4095
4095
4095
4095
4095
4095
4095
4095
3345
2266
1199
197
0
1
0
1
1
1
1
1
0
1
0
0
476
1255
1986
2654
3171
3620
3994
4095
4095
4095
4095
4095
4095
4095
4095
3817
3531
3201
2855
2494
2141
1803
1454
1161
893
741
619
547
579
655
851
1069
1355
1670
1967
2265
2530
2762
2921
3044
3134
3156
3075
2949
2742
2522
2256
1943
1588
1274
961
670
473
288
181
179
210
328
590
910
1273
1688
2180
2646
3124
3593
4038
4095
4095
4095
4095
4095
4095
4095
4095
