2111
2113
2098
2120
2104
2096
2099
2112
2124
2098
2106
2113
2118
2114
2112
2100
2116
2096
2087
2134
2118
2124
2119
2126
2108
2114
2117
2127
2097
2110
2106
2122
2117
2114
2119
2106
2114
2128
2110
2128
2121
2105
2112
2106
2105
2126
2081
2092
2106
2093
2109
2088
2102
2080
2102
2093
2083
2094
2106
2116
2085
2118
2120
2138
2133
2127
2123
2094
2104
2097
2109
2093
2104
2090
2096
2092
2096
2086
2094
2116
2104
2097
2115
2090
2100
2112
2097
2092
2110
2111
2094
2122
2114
2117
2089
2064
2079
2079
2104
2102
2126
2095
2086
2103
2105
2112
2102
2096
2080
2083
2119
2098
2106
2076
2120
2106
2098
2097
2094
2082
2125
2088
2110
2106
2111
2119
2140
2109
2146
2155
2149
2128
2135
2118
2104
2108
2093
2057
2090
2085
2093
2073
2060
2030
2041
2032
2023
2026
2009
2000
2008
2021
2020
2021
2011
2021
2021
2031
2021
2007
2043
2031
2054
2083
2083
2105
2121
2104
2114
2126
2124
2163
2160
2169
2176
2172
2173
2193
2182
2169
2193
2186
2180
2177
2130
2139
2136
2126
2105
2103
2097
2084
2092
2095
2072
2048
2052
2054
2068
2068
2026
2027
2038
2046
2036
2024
2016
2023
2026
2041
2065
2067
2098
2092
2090
2108
2099
2128
2136
2161
2160
2182
2190
2210
2208
2225
2225
2235
2249
2241
2234
2238
2258
2263
2244
2230
2237
2224
2219
2201
2195
2190
2177
2146
2136
2121
2116
2095
2072
2073
2058
2062
2064
2055
2031
2033
2128
2130
2143
2156
2163
2178
2185
2195
2201
2199
2215
2222
2220
2230
2244
2253
2251
2240
2236
2238
2222
2210
2184
2146
2106
2078
2058
2035
1987
1950
1908
1872
1845
1818
1774
1756
1729
1709
1701
1697
1697
1707
1743
1756
1780
1808
1854
1878
1910
1941
1980
2006
2033
2061
2070
2095
2110
2122
2133
2138
2147
2153
2159
2157
2182
2181
2172
2189
2182
2179
2173
2186
2189
2193
2187
2186
2192
2197
2193
2213
2221
2244
2251
2265
2259
2280
2292
2304
2330
2338
2335
2340
2345
2355
2373
2386
2391
2412
2423
2412
2418
2426
2456
2461
2479
2464
2453
2448
2417
2401
2349
2305
2251
2201
2127
2074
2018
1957
1898
1852
1804
1775
1753
1755
1751
1732
1724
1732
2172
2133
2081
2025
1983
1928
1892
1852
1820
1787
1762
1749
1741
1737
1750
1777
1809
1845
1881
1929
1977
2028
2083
2120
2172
2212
2252
2286
2307
2328
2342
2349
2340
2327
2300
2264
2224
2174
2114
2056
1999
1947
1900
1858
1841
1828
1836
1859
1894
1949
2000
2064
2134
2196
2244
2295
2334
2355
2366
2359
2348
2328
2297
2262
2207
2160
2115
2078
2042
2007
1989
1978
1965
1973
1986
2010
2038
2069
2102
2131
2161
2183
2201
2209
2200
2189
2167
2139
2107
2070
2022
1977
1948
1922
1908
1897
1904
1923
1956
1999
2055
2108
2164
2222
2274
2329
2375
2410
2432
2439
2431
2407
2372
2321
2258
2195
2121
2044
1966
1904
1852
1802
1778
1767
1773
1798
1835
1886
2623
2567
2522
2471
2412
2368
2316
2259
2203
2134
2056
1974
1898
1838
1789
1765
1757
1781
1808
1834
1870
1893
1912
1924
1939
1961
1992
2042
2097
2163
2228
2284
2312
2304
2258
2169
2038
1891
1727
1565
1416
1307
1243
1227
1269
1348
1467
1621
1808
2016
2219
2435
2623
2789
2942
3034
3087
3084
3036
2962
2827
2682
2528
2362
2206
2077
1964
1868
1806
1764
1742
1738
1733
1729
1719
1713
1697
1666
1650
1650
1664
1713
1806
1933
2078
2228
2376
2507
2600
2665
2679
2656
2594
2497
2388
2276
2174
2083
2013
1958
1919
1900
1896
1923
1963
2002
2064
2106
2141
2160
2164
2162
2169
2166
2164
2159
2162
2169
2181
2191
2217
2230
2232
2220
2171
2094
2019
1928
1640
1654
1728
1826
1944
2075
2242
2422
2612
2790
2897
2933
2913
2845
2738
2605
2434
2228
1991
1770
1582
1457
1388
1349
1321
1293
1281
1301
1386
1520
1695
1877
2039
2177
2317
2458
2602
2736
2826
2833
2749
2589
2372
2154
1963
1834
1755
1711
1694
1692
1674
1644
1601
1574
1588
1662
1795
1946
2100
2216
2294
2338
2404
2493
2594
2688
2719
2660
2518
2313
2121
1974
1919
1947
2020
2077
2091
2045
1972
1921
1908
1960
2048
2140
2200
2222
2193
2137
2078
2044
2023
2031
2046
2042
1999
1941
1865
1815
1784
1809
1862
1938
2020
2069
2099
2105
2119
2147
2186
2224
2260
2278
2280
2273
2270
2289
2322
2357
2368
2334
2247
2111
1954
1818
1730
1692
1705
1754
2036
2029
2010
1984
1945
1910
1866
1821
1779
1750
1742
1772
1847
1961
2101
2255
2412
2539
2620
2642
2613
2526
2403
2252
2102
1982
1896
1850
1862
1927
2044
2192
2347
2474
2566
2600
2569
2464
2321
2127
1949
1778
1640
1557
1533
1560
1642
1776
1933
2098
2254
2384
2490
2534
2530
2472
2378
2242
2102
1962
1836
1741
1680
1674
1713
1811
1945
2121
2314
2505
2673
2796
2864
2854
2770
2622
2412
2170
1902
1660
1437
1244
1123
1087
1125
1234
1435
1684
1998
2322
2642
2902
3090
3184
3190
3124
2992
2807
2592
2366
2132
1914
1700
1497
1326
1200
1135
1155
1252
1436
1677
1958
2250
2526
2752
2920
2996
2975
2857
2655
2396
2104
1816
1552
1347
1224
1172
1203
2028
1933
1878
1821
1754
1675
1611
1622
1706
1825
1928
1989
2016
2055
2112
2154
2162
2127
2083
2080
2121
2149
2110
1989
1857
1811
1878
2020
2142
2177
2134
2107
2180
2347
2532
2629
2593
2464
2321
2219
2156
2093
1987
1839
1667
1539
1471
1451
1473
1527
1621
1756
1897
2030
2144
2280
2472
2676
2884
2977
2948
2808
2645
2509
2389
2251
2022
1715
1415
1191
1108
1124
1184
1255
1355
1512
1755
2068
2352
2591
2771
2906
3020
3082
3058
2928
2711
2480
2292
2164
2033
1869
1656
1436
1280
1235
1286
1401
1537
1702
1892
2130
2379
2606
2786
2918
3007
3031
2970
2805
2542
2227
1919
1670
1510
1397
1305
1225
1172
1200
1309
1484
1688
1879
2037
2155
2252
2368
2228
2386
2512
2578
2612
2581
2495
2365
2206
2034
1856
1711
1593
1516
1490
1506
1576
1668
1804
1953
2107
2276
2418
2532
2600
2606
2540
2412
2240
2042
1827
1628
1458
1333
1266
1251
1287
1374
1510
1684
1912
2150
2393
2606
2777
2881
2902
2862
2755
2611
2442
2276
2118
1977
1868
1789
1752
1731
1758
1804
1901
2040
2230
2440
2662
2872
3047
3148
3171
3104
2956
2745
2489
2221
1949
1702
1466
1250
1058
877
749
705
740
872
1109
1419
1792
2193
2597
2972
3301
3568
3744
3812
3756
3574
3281
2901
2440
1960
1490
1064
748
552
503
590
808
1118
1484
1876
2233
2552
2809
3006
3140
3212
3208
3130
2958
2703
2381
2016
1660
1362
1129
1007
996
1087
2283
2154
2068
2013
1983
1951
1897
1830
1767
1768
1848
1995
2148
2249
2270
2228
2177
2179
2229
2283
2272
2166
1994
1841
1799
1906
2115
2325
2424
2410
2324
2246
2232
2285
2335
2314
2187
1992
1823
1744
1770
1876
1983
2058
2080
2069
2064
2095
2180
2313
2444
2520
2457
2292
2062
1879
1765
1732
1698
1556
1296
994
790
781
992
1308
1630
1884
2076
2269
2534
2824
3110
3321
3434
3458
3394
3242
3018
2697
2328
1970
1680
1440
1254
1082
928
823
826
968
1274
1686
2155
2624
3047
3362
3547
3588
3542
3430
3303
3151
2936
2636
2278
1880
1552
1337
1252
1289
1363
1447
1512
1556
1589
1634
1703
1809
1942
2086
2186
2203
2167
2095
2040
2037
2087
2184
2474
2940
3307
3542
3640
3584
3380
3061
2642
2198
1767
1409
1148
1020
1035
1183
1448
1781
2141
2490
2769
2929
2954
2833
2573
2208
1781
1354
985
753
666
748
995
1380
1860
2362
2867
3318
3685
3936
4042
3984
3772
3420
2956
2420
1874
1391
1005
770
708
806
1043
1371
1750
2113
2426
2647
2775
2787
2700
2509
2251
1947
1634
1338
1078
888
792
788
901
1120
1434
1796
2192
2572
2920
3173
3325
3360
3283
3100
2845
2543
2224
1900
1633
1409
1257
1184
1185
1263
1394
1553
1734
1903
2034
2125
2169
2155
2101
2000
1885
1760
1665
1603
1582
1618
1684
1807
1958
2141
2338
2543
2730
2896
3023
3098
3101
3032
2896
2698
2458
2205
1946
1730
1564
1470
2581
2538
2586
2709
2829
2870
2769
2479
2017
1469
949
580
378
358
486
750
1123
1572
2068
2578
3076
3528
3881
4066
4004
3645
3028
2242
1413
715
236
2
3
1
2
3
220
731
1438
2252
3040
3668
4071
4095
4095
3977
3862
3775
3705
3577
3381
3177
3015
2890
2772
2561
2223
1773
1283
815
419
75
2
1
2
1
1
1
501
1324
2226
3133
3974
4095
4095
4095
4095
4095
4095
4095
4095
3704
2596
1448
390
3
1
1
3
0
2
1
3
524
1386
2271
3125
3859
4095
4095
4095
4095
4095
3924
3538
3148
2784
2478
2240
2068
1928
1778
1615
1449
1316
1240
1190
1111
952
728
484
309
257
373
634
971
1303
1612
876
1142
1492
1880
2289
2700
3082
3419
3669
3837
3914
3840
3640
3322
2914
2399
1825
1227
656
180
4
2
2
2
78
608
1284
2048
2845
3611
4095
4095
4095
4095
4095
4095
4095
4095
3563
2756
1940
1135
442
3
3
1
2
3
2
354
1061
1853
2665
3412
4094
4095
4095
4095
4095
4095
4095
3796
3050
2230
1404
617
2
1
1
2
1
3
11
615
1384
2184
2934
3591
4095
4095
4095
4095
4095
3993
3465
2836
2138
1438
768
192
1
2
1
1
1
400
1048
1752
2470
3129
3705
4095
4095
4095
4095
4095
3937
3405
2756
2024
1280
554
2
1
0
1
3
1
136
821
1619
2442
3221
3932
4095
4095
4095
4095
3185
3136
3147
3124
3072
2916
2579
2073
1419
684
1
1
2
1
1
0
354
1021
1664
2313
2946
3640
4095
4095
4095
4095
4095
4095
4095
4095
3695
2580
1479
490
0
2
3
1
3
3
2
1
352
981
1535
1952
2231
2373
2456
2529
2643
2873
3194
3616
4095
4095
4095
4095
4095
4095
4095
4095
4095
4095
3230
2046
776
1
3
3
2
0
1
1
3
2
2
93
1437
2797
3966
4095
4095
4095
4095
4095
4095
4095
4095
4095
4095
3915
2859
1867
1042
431
3
1
2
3
2
2
2
2
4
3
4
3
3
527
1317
2143
2983
3834
4095
4095
4095
4095
4095
4095
4095
4095
4095
4095
4095
3540
2279
1073
1111
1329
1568
1830
2156
2533
2954
3409
3864
4095
4095
4095
4095
4095
4095
4095
3976
3430
2837
2253
1710
1209
778
402
100
3
4
2
2
3
1
15
376
870
1464
2142
2883
3655
4095
4095
4095
4095
4095
4095
4095
4095
4095
4095
3312
2372
1470
633
3
3
3
3
2
2
2
2
2
1
15
732
1645
2590
3508
4095
4095
4095
4095
4095
4095
4095
4095
4095
4095
4095
3638
2590
1530
562
2
1
2
1
1
2
2
2
1
35
816
1717
2613
3438
4095
4095
4095
4095
4095
4095
4095
4095
4095
3651
2858
1986
1126
298
0
1
1
2
1
2
0
1
84
989
2024
3062
4033
4095
4095
4095
4095
4095
