2096
2081
2093
2096
2088
2082
2112
2067
2097
2080
2096
2080
2080
2078
2064
2086
2102
2088
2104
2103
2098
2091
2096
2081
2088
2094
2078
2097
2101
2093
2056
2101
2080
2088
2092
2111
2081
2097
2102
2075
2070
2079
2059
2085
2087
2085
2083
2103
2086
2093
2075
2083
2072
2097
2091
2076
2086
2071
2085
2088
2058
2087
2066
2072
2069
2099
2089
2078
2082
2090
2084
2113
2087
2091
2074
2091
2072
2093
2101
2098
2100
2064
2074
2087
2074
2088
2089
2069
2085
2077
2077
2064
2081
2064
2069
2083
2066
2068
2091
2105
2084
2081
2072
2078
2090
2076
2064
2088
2073
2090
2089
2076
2092
2092
2092
2079
2096
2067
2076
2087
2068
2104
2097
2078
2064
2068
2064
2090
2097
2095
2105
2112
2100
2092
2074
2079
2087
2091
2078
2076
2074
2088
2085
2096
2088
2078
2088
2071
2075
2070
2088
2076
2072
2078
2072
2056
2087
2069
2069
2074
2064
2076
2055
2063
2062
2079
2065
2057
2071
2064
2058
2043
2058
2038
2055
2038
2047
2025
2039
2040
2041
2051
2020
2037
2020
2038
2038
2037
2032
2042
2031
2043
2053
2062
2061
2061
2051
2053
2031
2030
2057
2069
2058
2065
2075
2069
2068
2070
2056
2073
2085
2085
2099
2108
2109
2091
2085
2099
2095
2087
2096
2096
2104
2099
2072
2096
2118
2104
2085
2102
2110
2104
2088
2076
2084
2084
2074
2079
2091
2088
2096
2091
2107
2091
2085
2098
2123
2131
2132
2106
2120
2131
2141
2135
2149
2154
2182
2177
2163
2152
2136
2115
2099
2122
2082
2037
2036
2038
2000
1984
1967
1979
2024
2052
2064
2122
2172
2228
2251
2276
2299
2295
2296
2263
2253
2162
2108
2060
1990
1985
1934
1924
1920
1941
1935
1998
2017
2077
2103
2144
2162
2199
2193
2202
2217
2215
2181
2144
2107
2062
2054
2024
2012
1991
1990
2001
2001
2018
2051
2080
2078
2121
2146
2168
2170
2165
2171
2137
2126
2112
2109
2092
2066
2066
2044
2038
2029
2049
2027
2062
2068
2077
2126
2132
2135
2131
2151
2139
2150
2127
2129
2116
2106
2097
2064
2061
2073
2057
2063
2035
2031
2042
2033
2037
2034
2014
2011
2027
2047
2054
2066
2079
2093
2127
2130
2127
2151
2174
2180
2184
2197
2195
2172
2131
2084
2110
2074
2049
1993
1962
1985
2064
2158
2220
2224
2144
2057
2022
2050
2121
2116
2086
2033
2029
2086
2102
2089
2070
2028
2016
2025
2072
2144
2190
2227
2228
2157
2087
2050
2076
2129
2112
2080
2017
1990
2021
2051
2056
2059
2137
2232
2318
2288
2204
2083
2039
2039
2038
1997
1992
2017
2099
2163
2206
2214
2232
2219
2167
2092
2008
1978
2030
2048
2051
2006
2006
2038
2072
2068
2043
2027
1997
1977
1976
2043
2181
2308
2320
2229
2170
2183
2254
2207
2061
1915
1900
2029
2159
2223
2182
2107
2041
1976
1924
1910
1884
1876
1885
1976
2130
2244
2256
2190
2130
2070
2029
1998
2010
2090
2180
2174
2089
2042
2071
2138
2161
2120
2089
2077
2079
2102
2125
2011
1936
1912
1932
2012
2091
2152
2205
2196
2157
2090
2019
2010
2058
2117
2172
2195
2174
2094
2002
1981
1989
2049
2151
2240
2265
2229
2157
2069
2051
2076
2099
2155
2159
2146
2075
2036
2010
2067
2091
2154
2111
2052
2018
2013
2060
2161
2242
2234
2167
2084
1979
1909
1872
1892
1986
2079
2144
2133
2041
2011
2051
2205
2309
2372
2305
2134
1973
1912
1926
2014
2109
2206
2213
2140
2066
2027
2017
2040
2119
2179
2180
2114
2060
2027
1996
2015
2065
2085
2118
2121
2164
2211
2279
2315
2221
2071
1960
1895
2008
2163
2340
2409
2332
2251
2150
2075
2088
2114
2126
2124
2143
2099
2029
2022
2032
2114
2152
2197
2191
2141
2105
2122
2162
2187
2195
2085
1968
2033
2017
2036
2109
2172
2280
2334
2256
2158
2060
2057
2108
2186
2163
2100
2026
1978
1977
2073
2218
2248
2108
1965
1937
2040
2184
2287
2281
2147
1952
1786
1770
1926
2171
2364
2316
2085
1897
1885
2009
2182
2260
2282
2217
2110
2023
2023
2090
2149
2128
2058
2028
2078
2157
2149
2054
1949
1966
2082
2205
2223
2057
1889
1833
1911
2039
2183
2275
2230
2111
2007
1931
1925
1944
2018
2128
2172
2148
2059
1940
1938
2064
2213
2295
2298
2222
2118
2064
2083
2119
2185
2290
2259
2198
2134
2089
2077
2109
2162
2195
2176
2139
2088
1994
1943
2002
2029
2115
2159
2162
2152
2119
2097
2144
2144
2178
2127
2066
1999
1947
1969
2054
2132
2185
2160
2077
1993
1991
1769
1839
2063
2197
2200
2118
1999
1971
2028
2091
2096
2101
2100
2077
2064
2086
2112
2067
2032
2080
2166
2170
2156
2130
2060
2012
2016
2032
2034
2051
2070
2072
2145
2200
2186
2202
2127
2046
1984
2038
2037
2032
2058
2036
2056
2140
2175
2179
2134
2058
1976
1953
2025
2054
2106
2198
2153
2077
2043
2024
2064
2128
2149
2173
2116
2051
2116
2134
2200
2252
2214
2154
2028
1935
1974
2063
2156
2204
2219
2221
2148
2123
2150
2131
2132
2086
2000
2033
2139
2192
2197
2086
1970
1929
1975
2114
2210
2193
2121
2010
1891
1954
2085
2165
2139
2027
1910
1855
1999
2176
2237
2221
2161
2015
1910
1981
2050
2035
2003
1969
2032
2119
2177
2107
2062
2089
2163
2242
2388
2119
1870
1797
1939
2095
2163
2218
2088
1908
2072
2280
2291
2223
2109
1950
1929
1974
1960
2013
2147
2179
2135
2062
1876
1850
2130
2346
2291
2145
1822
1655
1898
2253
2387
2325
2043
1706
1672
1841
2127
2389
2446
2287
2083
1962
1977
2091
2173
2120
1976
1822
1879
2096
2257
2264
2140
1923
1765
1793
1959
2061
2138
2272
2289
2182
2131
2152
2209
2227
2083
1881
1804
1951
2233
2439
2475
2229
1809
1541
1622
2025
2440
2657
2559
2264
1877
1733
1944
2169
2262
2336
2139
1868
1933
2121
2065
1966
1922
1878
2043
2400
2569
2525
2291
1889
1673
1785
2000
2274
2425
2274
1979
1738
1653
1862
2316
2583
2503
2227
1927
1779
1892
2209
2370
2380
2237
1964
2252
2037
1817
1861
2088
2161
2004
1839
1766
1876
2103
2381
2573
2465
2063
1686
1629
1875
2222
2497
2558
2306
1921
1732
1776
1937
2135
2415
2550
2303
1819
1604
1808
2200
2580
2744
2563
2027
1518
1400
1758
2350
2799
2811
2344
1768
1476
1676
2110
2453
2506
2329
1987
1663
1566
1887
2424
2746
2621
2190
1833
1669
1786
2116
2391
2424
2298
2132
2059
2047
2128
2253
2267
2123
1998
1874
1719
1728
2003
2463
2644
2385
2044
1954
1999
2024
1907
1796
1874
2138
2243
2001
1757
1848
2160
2401
2504
2391
2038
1733
1620
1645
1801
2143
2496
2529
2297
1974
1707
1828
2348
2702
2542
2224
2065
1909
1778
1860
2051
2206
2302
2143
1701
1526
1939
2350
2279
2135
2291
2319
2292
2256
2148
2040
2029
2125
2215
2250
2203
2148
2152
2099
1989
1894
1957
2137
2347
2406
2264
2012
1849
1817
1940
2179
2399
2477
2318
1986
1727
1681
1919
2242
2455
2467
2220
1930
1757
1882
2235
2508
2557
2297
1994
1782
1786
1975
2209
2281
2109
1907
1813
1901
2118
2248
2187
1941
1764
1741
1887
2142
2323
2307
2034
1752
1674
1895
2274
2576
2660
2391
1905
1540
1519
1793
2192
2529
2539
2273
1988
1864
1932
2088
2205
2136
1938
1800
1879
2146
2392
2425
2229
1952
1688
1615
1796
2026
2254
2368
2264
1926
1667
1749
2108
2513
2622
2416
2120
1949
1975
2045
2083
2026
1893
1754
1766
1931
2168
2406
2494
2335
1859
1454
1516
2021
2598
2810
2590
2361
2104
1964
1960
2060
2245
2324
2081
1631
1421
1752
2406
2936
2960
2465
1787
1400
1496
1885
2258
2422
2303
2037
1840
1914
2242
2516
2517
2211
1701
1338
1460
2187
2974
3292
2935
2044
1130
750
1060
1796
2581
3045
3007
2564
1936
1467
1330
1475
1748
2026
2148
2147
2145
2301
2546
2656
2419
1899
1434
1446
1957
2722
3246
3184
2568
1719
1075
1023
1555
2263
2739
2709
2183
1625
1452
1837
2478
2927
2876
2430
1901
1625
1711
2115
2478
2502
2214
1827
1677
1797
2036
2145
2016
1686
1397
1365
1730
2381
2986
3129
2678
1901
1259
1093
1449
2105
2673
2846
2525
1963
1511
1437
1737
2201
2503
2446
2108
1748
1627
1913
2372
2765
2740
2353
1847
1549
1847
1741
1941
2427
2823
2970
2830
2312
1492
796
637
1052
1754
2516
3170
3403
3036
2411
1944
1733
1563
1511
1723
2089
2298
2236
2239
2410
2609
2624
2398
2050
1685
1320
1020
1081
1591
2491
3271
3584
3350
2786
2046
1336
926
1001
1524
2186
2687
2831
2478
1942
1630
1716
2002
2237
2548
2910
2882
2268
1503
1092
1223
1557
1838
2212
2733
2969
2653
2078
1736
1716
1716
1678
1801
2137
2379
2458
2474
2488
2326
1967
1544
1112
772
831
1422
2384
3282
3829
3970
3457
2219
719
1
0
412
1704
3070
3987
4095
3449
2285
1086
377
568
1412
2341
3103
3450
3363
2791
1954
1317
1102
1131
1208
1450
1851
2362
2819
3127
3381
3445
3149
2313
1052
1
2937
2183
1420
788
411
362
527
817
1093
1233
1191
1031
931
1077
1575
2336
3276
4095
4095
4095
4095
4095
4095
3388
2491
1732
1231
1055
1182
1546
2069
2649
3179
3538
3498
3125
2393
1421
366
0
0
0
0
144
1163
2318
3381
4095
4095
4095
4095
3529
2574
1709
1124
854
905
1170
1609
2101
2507
2786
2835
2678
2443
2126
1853
1566
1298
1066
937
897
1032
1257
1574
1852
2098
2241
2323
2407
2525
2681
2850
2977
2978
2828
2496
2056
1545
1148
903
915
1154
1519
1866
2144
2267
2244
2128
1987
1873
1869
2063
2457
3003
3621
4095
4095
4095
4095
4022
3215
2176
1013
0
1
0
1
1
0
1
656
1783
2812
3611
4095
4095
4094
4095
4095
4095
4095
4095
4095
4095
4095
4095
4095
3971
2982
1902
813
2
3
1
0
2
1
2
2
2
1
729
2304
3719
4095
4095
4095
4095
4095
4095
4095
4095
4095
4095
3122
1889
648
1
0
0
1
2
1
1
0
0
49
768
1519
2196
2852
3478
4058
4095
4095
4095
4095
4095
4095
4095
3540
2641
1773
925
213
0
3
0
1
1
0
0
0
370
1345
2492
3640
4095
4095
4095
4095
4095
4095
4095
4095
4095
3995
3002
1956
956
1
1
0
1
1
0
1
0
0
0
0
0
133
1234
2417
3498
4095
4095
4095
4095
4095
4095
4095
4095
4095
4095
4095
4095
4095
3384
1967
584
0
0
0
4095
4095
4095
4095
4095
4095
4095
4095
4095
4095
4095
4095
4095
4095
4095
4095
4095
4095
4095
4095
4095
4095
4095
4095
4095
4095
4095
4095
4095
4095
4095
4095
4095
4095
4095
4095
4019
3088
2150
1238
343
3
1
0
1
1
0
0
1
1
0
0
0
0
2
0
0
0
0
0
0
0
0
0
0
0
0
0
0
0
0
0
0
0
0
0
0
0
524
1680
2765
3794
4095
4095
4095
4095
4095
4095
4095
4095
4095
4095
4095
4095
4095
4095
4095
4095
4095
4095
4095
4095
4095
4095
4095
4095
4095
4095
4095
4095
4095
4095
4095
4095
4095
4095
4095
4095
4095
4095
4045
3217
2328
1445
585
0
0
0
