2093
2113
2105
2090
2096
2077
2088
2100
2086
2098
2096
2092
2100
2097
2111
2088
2081
2094
2104
2104
2086
2104
2070
2079
2100
2090
2105
2099
2089
2109
2095
2104
2108
2098
2101
2096
2086
2098
2092
2092
2093
2071
2102
2115
2079
2105
2112
2102
2108
2114
2099
2112
2104
2096
2101
2094
2096
2101
2098
2094
2097
2105
2104
2120
2101
2110
2105
2086
2109
2104
2078
2099
2098
2111
2108
2112
2087
2094
2092
2104
2105
2107
2096
2103
2105
2083
2090
2091
2095
2093
2105
2085
2072
2087
2107
2106
2077
2081
2091
2080
2092
2093
2106
2105
2100
2094
2107
2112
2110
2100
2088
2074
2083
2110
2107
2102
2085
2096
2094
2096
2104
2088
2072
2092
2104
2096
2111
2092
2116
2087
2113
2107
2122
2097
2107
2107
2112
2122
2114
2110
2097
2091
2119
2111
2120
2093
2105
2127
2129
2119
2125
2156
2135
2132
2135
2168
2151
2151
2123
2134
2138
2129
2143
2112
2122
2132
2132
2149
2139
2126
2172
2146
2143
2144
2138
2151
2153
2133
2136
2135
2143
2126
2137
2139
2155
2137
2149
2151
2134
2146
2142
2136
2138
2160
2160
2161
2157
2162
2166
2159
2162
2122
2143
2178
2163
2163
2136
2137
2157
2145
2152
2156
2151
2132
2126
2142
2135
2116
2092
2104
2104
2099
2078
2110
2078
2081
2040
2053
2074
2062
2036
2038
2064
2056
2053
2014
2044
2037
2026
2035
2014
2011
1997
1978
1968
1980
1995
1972
1967
1949
1937
1968
1967
1947
1956
1955
2296
2301
2292
2280
2272
2282
2276
2246
2248
2234
2220
2212
2194
2190
2169
2138
2130
2121
2099
2068
2066
2058
2034
2018
2019
1991
1992
1960
1966
1957
1960
1971
1954
1946
1951
1946
1945
1939
1939
1932
1935
1930
1925
1935
1946
1957
1965
1981
1987
2001
2036
2042
2071
2094
2101
2120
2124
2137
2152
2149
2169
2184
2178
2198
2196
2198
2203
2187
2173
2183
2180
2194
2197
2177
2152
2153
2160
2154
2152
2128
2103
2102
2077
2064
2058
2032
2016
2006
1984
1980
1961
1973
1992
2016
2040
2044
2067
2074
2088
2096
2123
2129
2135
2140
2144
2148
2146
2129
2133
2131
2113
2116
2108
2090
2078
2058
2040
2016
1998
1983
1961
1936
1949
1928
1941
1926
1923
1904
2115
2057
2004
1975
1927
1927
1932
1964
1992
2028
2050
2086
2112
2151
2163
2205
2245
2272
2292
2278
2257
2209
2137
2115
2048
1996
1971
1959
1943
1973
1951
1934
1890
1877
1842
1803
1782
1806
1840
1889
1952
2047
2125
2200
2250
2287
2309
2344
2360
2402
2440
2448
2450
2463
2448
2433
2384
2321
2276
2211
2127
2057
1997
1964
1967
1980
1988
1964
1981
1994
1958
1919
1883
1870
1907
1936
1992
2052
2104
2144
2152
2160
2142
2146
2139
2164
2183
2231
2273
2268
2262
2235
2224
2170
2152
2155
2148
2184
2220
2218
2216
2192
2166
2133
2077
2029
1998
1976
1941
1912
1871
1833
1822
1790
1775
1744
1718
1686
1678
1686
1707
1728
1780
1810
1832
1837
1833
1869
1566
1637
1724
1877
2017
2162
2311
2459
2554
2656
2726
2775
2786
2783
2759
2712
2656
2583
2470
2389
2249
2127
2003
1903
1840
1748
1692
1661
1640
1650
1649
1690
1812
1877
1970
2089
2157
2264
2338
2383
2429
2474
2499
2495
2480
2442
2405
2299
2215
2117
1961
1856
1730
1639
1519
1430
1394
1381
1352
1380
1432
1511
1574
1705
1841
1944
2061
2193
2291
2397
2455
2516
2582
2589
2594
2575
2539
2471
2382
2296
2198
2078
1984
1878
1802
1792
1752
1738
1795
1855
1965
2069
2190
2318
2449
2548
2646
2742
2793
2826
2810
2796
2726
2647
2550
2422
2304
2164
2016
1910
1809
1704
1613
1538
1489
1488
1511
1551
1589
1687
1800
1907
2034
2141
2258
2367
2432
2434
2577
2610
2568
2534
2459
2348
2245
2154
2049
2023
2006
2038
2092
2117
2150
2126
2079
2012
1942
1873
1904
1928
2019
2113
2182
2225
2219
2168
2098
2016
1937
1902
1902
1914
1913
1918
1941
1949
1952
1990
2044
2126
2197
2258
2258
2264
2243
2186
2158
2074
2045
1995
1973
1959
1938
1916
1938
1973
2003
2048
2068
2115
2165
2207
2278
2238
2214
2106
1955
1848
1750
1750
1748
1757
1812
1880
1912
2040
2210
2398
2592
2770
2899
2932
2896
2844
2694
2535
2383
2191
2012
1841
1676
1609
1556
1608
1672
1804
1924
1995
2019
1995
1909
1765
1670
1577
1615
1661
1878
2104
2330
2535
2693
2768
2820
2848
2860
2806
2606
2304
1980
1633
1459
1421
1455
1607
1774
1908
1629
1768
1851
1979
2119
2236
2366
2433
2509
2551
2534
2510
2453
2396
2332
2212
2144
2058
1995
1974
1978
1946
1958
1992
2054
2152
2223
2296
2383
2434
2446
2434
2362
2284
2162
2044
1909
1745
1601
1478
1416
1336
1318
1358
1397
1495
1592
1720
1858
2021
2180
2337
2504
2611
2676
2789
2806
2804
2777
2705
2579
2459
2274
2100
1966
1830
1708
1654
1647
1645
1690
1777
1877
1986
2106
2222
2336
2423
2498
2528
2560
2545
2515
2444
2360
2252
2106
1970
1870
1783
1656
1606
1584
1595
1642
1693
1811
1917
2060
2198
2329
2412
2494
2542
2600
2592
2545
2495
2437
2333
2229
2106
2017
1902
1832
1752
1672
1668
1650
1656
1715
1835
1930
2022
2153
2280
2398
2484
2106
1960
1835
1742
1678
1674
1726
1806
1896
2006
2146
2279
2413
2539
2612
2653
2612
2527
2444
2361
2319
2290
2304
2276
2227
2154
2041
1921
1784
1649
1514
1415
1332
1304
1330
1364
1420
1503
1645
1862
2131
2451
2756
2997
3142
3196
3152
3048
2906
2768
2600
2380
2097
1772
1454
1223
1092
1100
1176
1298
1444
1567
1692
1826
2004
2215
2479
2747
2992
3144
3223
3191
3080
2920
2720
2514
2334
2162
1973
1785
1584
1424
1326
1300
1371
1485
1597
1704
1786
1896
2000
2157
2320
2461
2559
2594
2610
2599
2582
2587
2618
2599
2549
2479
2385
2268
2094
1917
1741
1535
1373
1227
1067
981
894
904
1012
1268
1579
1956
2306
2575
2742
2824
2890
2940
3022
3059
1878
1977
2050
2161
2254
2360
2437
2502
2562
2609
2594
2609
2566
2483
2393
2299
2193
2116
2036
1959
1905
1900
1910
1962
2031
2146
2239
2304
2390
2472
2474
2377
2302
2143
1955
1810
1702
1557
1464
1449
1438
1509
1592
1687
1812
1934
2088
2219
2306
2374
2452
2460
2488
2462
2425
2354
2292
2205
2122
2015
1930
1884
1851
1844
1857
1853
1865
1939
1974
2032
2024
2008
1979
1935
1883
1802
1756
1673
1666
1639
1656
1698
1784
1928
2079
2229
2405
2549
2647
2707
2731
2693
2603
2474
2296
2126
1951
1763
1600
1483
1433
1439
1452
1517
1623
1804
2006
2193
2357
2532
2672
2766
2796
2732
2681
2532
2374
2164
2010
1845
1743
1664
1667
1704
1822
1958
2145
2327
1646
1986
2331
2654
2919
3126
3270
3372
3392
3335
3185
2946
2605
2226
1812
1410
1106
895
795
768
803
878
1011
1189
1370
1566
1780
1970
2181
2365
2565
2775
3006
3227
3433
3592
3684
3657
3526
3254
2852
2378
1889
1412
999
667
412
266
267
423
690
1094
1592
2152
2717
3212
3581
3789
3834
3734
3515
3212
2904
2587
2285
1954
1632
1267
925
608
414
387
449
568
663
750
808
873
1047
1395
1924
2544
3179
3717
4095
4095
4095
4095
4095
4047
3800
3374
2715
1936
1096
376
0
1
1
1
0
198
631
1115
1686
2329
2944
3511
3924
4095
4095
4095
4095
4095
4054
3828
3509
3074
2559
2012
1486
980
482
3
3
2
2
2
2964
2938
2878
2763
2639
2482
2330
2153
2002
1840
1669
1533
1393
1287
1197
1148
1129
1128
1223
1340
1499
1690
1904
2123
2316
2477
2585
2633
2650
2588
2502
2376
2242
2118
2028
1962
1912
1892
1920
1988
2045
2112
2185
2252
2304
2326
2321
2284
2222
2145
2016
1889
1776
1686
1646
1659
1715
1840
2000
2163
2346
2500
2618
2696
2712
2667
2595
2467
2281
2069
1872
1660
1453
1316
1203
1193
1223
1323
1508
1703
1972
2232
2478
2714
2881
2973
3007
2940
2799
2596
2356
2136
1918
1769
1665
1645
1686
1778
1843
1946
2016
2070
2093
2110
2109
2099
2094
2113
2136
2161
2222
2290
2397
2517
2638
2794
2880
2951
2987
2913
2770
2548
2294
2020
1721
1414
1170
962
3927
3501
2875
2064
1256
602
263
248
597
1253
2032
2798
3450
3939
4095
4095
4095
3907
3416
2795
2151
1464
825
294
2
2
3
250
709
1228
1750
2262
2693
3023
3171
3162
3020
2731
2345
1934
1582
1400
1408
1641
2059
2613
3225
3800
4095
4095
4095
3614
2826
1847
899
72
4
3
3
2
4
3
182
910
1814
2840
3868
4095
4095
4095
4095
4095
4095
3696
2933
2216
1622
1128
651
224
4
2
70
558
1234
1977
2601
3010
3150
3047
2771
2454
2172
2033
2005
2096
2214
2352
2533
2748
3054
3345
3555
3663
3584
3299
2798
2167
1451
813
309
109
235
633
1124
1634
2064
2431
2736
3010
3248
3394
3389
3179
2748
2181
1560
1071
2321
2573
2809
2997
3121
3152
3087
2894
2637
2300
1886
1500
1146
862
693
689
836
1127
1508
1962
2416
2844
3163
3384
3512
3549
3469
3309
3094
2828
2494
2148
1764
1420
1103
849
685
685
799
1025
1315
1660
2009
2328
2589
2784
2884
2913
2901
2844
2769
2683
2596
2490
2375
2256
2131
2021
1937
1876
1906
1954
2063
2223
2373
2480
2539
2532
2452
2302
2092
1868
1671
1534
1434
1410
1446
1563
1733
1936
2146
2339
2539
2712
2851
2938
2961
2927
2827
2640
2427
2152
1848
1545
1300
1128
1024
1040
1126
1292
1501
1752
1983
2170
2344
2463
2540
2576
2592
2567
2527
2451
2380
2286
2204
2112
2042
1961
1920
1904
1887
1867
1852
1802
1742
1664
1576
1480
3
2
2
3
2
2
776
1874
3070
4095
4095
4095
4095
4095
4095
4095
4095
4095
4095
3674
2573
1589
827
221
1
3
3
2
2
2
1
1
64
761
1568
2339
2965
3485
3871
4095
4095
4095
4095
4095
4095
4095
4095
4095
4095
4095
4095
3624
2368
1123
2
0
3
0
2
2
3
1
3
2
1
3
610
2269
3876
4095
4095
4095
4095
4095
4095
4095
4095
4095
4092
2998
1804
750
2
2
3
2
2
3
3
3
2
2
82
925
1725
2370
2837
3172
3448
3749
4095
4095
4095
4095
4095
4095
4095
4095
4095
4095
3212
2275
1359
522
0
2
1
2
3
2
1
2
1
8
958
2131
3250
4095
4095
4095
4095
4095
3563
2860
2189
1576
1066
668
398
238
199
261
410
667
942
1262
1583
1895
2167
2369
2475
2501
2454
2337
2171
1944
1694
1441
1199
954
734
536
365
266
232
284
413
652
968
1356
1800
2305
2815
3349
3878
4095
4095
4095
4095
4095
4095
4095
4095
4095
4095
4095
4095
4095
3883
3343
2796
2259
1769
1349
994
682
461
318
233
211
255
303
338
383
399
432
461
510
578
672
810
949
1114
1296
1478
1665
1867
2078
2302
2556
2813
3102
3421
3711
4017
4095
4095
4095
4095
4095
4095
4095
4002
3685
3350
2981
2634
2292
1992
1716
1493
1312
1157
1032
920
855
808
784
815
865
923
1032
1132
1257
1382
1501
