2114
2103
2074
2073
2088
2078
2083
2084
2086
2084
2088
2077
2085
2095
2068
2082
2090
2084
2078
2086
2064
2089
2085
2089
2101
2107
2096
2098
2084
2101
2091
2069
2080
2084
2098
2088
2081
2108
2097
2083
2093
2084
2077
2080
2094
2082
2097
2088
2082
2067
2078
2080
2083
2091
2093
2103
2082
2075
2090
2097
2110
2099
2075
2091
2088
2117
2135
2092
2060
2097
2093
2096
2091
2100
2105
2100
2086
2102
2093
2109
2070
2102
2108
2107
2098
2091
2091
2110
2107
2089
2103
2101
2093
2089
2116
2079
2104
2095
2087
2100
2104
2107
2074
2088
2109
2101
2097
2090
2111
2110
2108
2110
2113
2095
2103
2092
2085
2091
2110
2103
2103
2108
2113
2098
2095
2108
2093
2094
2117
2080
2100
2087
2098
2085
2088
2087
2106
2100
2118
2110
2092
2076
2077
2048
2073
2106
2099
2082
2076
2084
2103
2077
2095
2100
2104
2084
2101
2082
2080
2118
2103
2091
2083
2088
2121
2103
2092
2115
2130
2117
2120
2125
2114
2109
2114
2120
2127
2124
2113
2128
2114
2124
2130
2148
2142
2145
2129
2122
2144
2123
2120
2144
2145
2148
2144
2114
2142
2144
2133
2142
2142
2114
2132
2132
2131
2127
2113
2107
2095
2112
2096
2106
2124
2127
2136
2108
2112
2110
2115
2119
2142
2124
2127
2128
2123
2109
2106
2106
2099
2096
2074
2072
2066
2082
2088
2057
2071
2067
2074
2075
2057
2034
2044
2034
2042
2061
2066
2057
2034
2049
2057
2064
2052
2068
2056
2057
2132
2114
2128
2126
2102
2109
2122
2130
2113
2106
2117
2118
2099
2084
2089
2089
2082
2087
2074
2080
2058
2065
2049
2058
2064
2085
2077
2036
2053
2053
2047
2047
2051
2055
2076
2070
2081
2068
2066
2053
2068
2094
2073
2098
2113
2098
2115
2120
2113
2127
2126
2128
2112
2145
2138
2160
2150
2145
2143
2121
2146
2146
2163
2166
2152
2150
2132
2132
2160
2154
2125
2139
2143
2122
2116
2125
2112
2105
2117
2122
2104
2084
2079
2050
2047
2056
2038
2020
2006
1992
1960
1982
1977
1958
1953
1955
1943
1933
1943
1926
1941
1939
1945
1942
1952
1954
1966
1995
2001
2023
2019
2042
2059
2073
2102
2102
2100
2126
2117
2155
2181
2172
2186
2204
2187
2221
2212
2203
2062
2013
2002
2029
2049
2060
2078
2109
2149
2183
2204
2207
2188
2168
2130
2111
2086
2054
2041
2041
2053
2063
2074
2073
2078
2083
2096
2098
2079
2071
2066
2052
2028
2004
2027
2020
2025
2050
2060
2092
2094
2077
2035
1982
1949
1919
1881
1912
1958
2005
2027
2056
2066
2031
1980
1944
1930
1900
1917
1952
2041
2117
2176
2257
2292
2288
2292
2279
2257
2253
2265
2277
2251
2230
2165
2062
1937
1830
1743
1706
1709
1782
1898
2038
2154
2256
2376
2436
2472
2542
2575
2520
2502
2461
2392
2293
2166
2100
1999
1936
1888
1875
1867
1851
1861
1874
1885
1905
1915
1976
2058
2143
2219
2275
2302
2331
2342
2309
2255
2197
2136
2076
1992
1956
1930
1879
1905
1936
2079
2111
2152
2156
2122
2065
2041
2062
2103
2168
2242
2318
2387
2441
2431
2408
2367
2308
2252
2177
2090
1973
1863
1750
1698
1691
1728
1826
1931
2070
2155
2224
2229
2273
2272
2254
2230
2143
2013
1886
1768
1748
1779
1857
1972
2056
2160
2224
2244
2287
2275
2280
2251
2228
2168
2090
2039
1964
1907
1887
1897
1952
2037
2125
2190
2262
2324
2349
2377
2348
2298
2200
2104
1998
1875
1781
1723
1710
1780
1912
2082
2239
2403
2485
2517
2485
2400
2246
2086
1946
1816
1696
1640
1628
1683
1795
1914
2047
2188
2308
2402
2444
2474
2460
2432
2334
2190
1997
1861
1734
1685
1705
1779
1925
2097
2293
2411
2517
2562
2543
2492
2377
2235
2069
1954
1843
1768
1757
1986
1853
1830
1883
1944
1975
1954
1906
1938
2036
2154
2265
2310
2351
2346
2313
2289
2280
2285
2287
2252
2131
1984
1798
1782
1839
1954
2075
2075
2026
1928
1848
1821
1802
1821
1882
1963
2098
2217
2318
2344
2322
2308
2274
2189
2094
1982
1938
1975
2061
2145
2174
2122
2092
2076
2069
2060
2103
2164
2316
2447
2472
2373
2210
2027
1850
1779
1737
1801
1912
2060
2167
2184
2140
2125
2138
2161
2177
2136
2099
2086
2101
2088
1965
1858
1817
1901
2041
2178
2226
2250
2278
2331
2331
2280
2221
2197
2213
2226
2171
2069
1990
1997
2054
2108
2067
1942
1852
1824
1884
2005
2135
2209
2273
2316
2298
2282
2250
2221
2175
2150
2126
2128
2118
2058
1971
1921
1926
2080
2229
2406
2474
2498
2412
2293
2115
1949
1799
1706
1728
1784
1903
2030
2123
2166
2222
2268
2314
2319
2321
2244
2097
1911
1749
1696
1757
1916
2110
2312
2398
2421
2299
2127
1978
1898
1886
1986
2140
2313
2436
2488
2506
2468
2351
2213
2116
2003
1936
1902
1898
1914
1931
1913
1912
1937
1996
2024
2060
2083
2089
2088
2118
2152
2208
2285
2371
2434
2439
2429
2357
2283
2201
2064
1979
1916
1904
1904
1967
2051
2122
2189
2284
2331
2334
2291
2235
2127
2034
1980
1967
1993
2035
2096
2137
2151
2163
2106
2035
1958
1861
1793
1749
1787
1829
1956
2088
2239
2346
2405
2382
2293
2204
2073
2000
1906
1908
1961
2049
2138
2239
2278
2342
2319
2250
2136
2022
2159
2348
2464
2603
2732
2757
2624
2468
2301
2154
2064
1969
1879
1811
1796
1911
2017
2060
2012
2058
2247
2400
2454
2383
2304
2225
2029
1752
1517
1438
1493
1707
2042
2314
2421
2369
2240
2128
2020
1888
1819
1869
1902
1875
1816
1912
2169
2432
2448
2357
2278
2160
1963
1820
1831
1966
2125
2185
2147
2096
2144
2173
2109
1962
1895
1876
1894
1902
1805
1677
1614
1710
1964
2324
2639
2645
2558
2407
2286
2259
2358
2484
2559
2446
2142
1811
1709
1795
1904
1900
1888
1984
2128
2287
2307
2320
2340
2259
2093
1945
1918
1970
1954
1818
1715
1868
2153
2433
2546
2507
2368
2227
2130
1986
1851
1876
2116
2430
2575
2511
2375
2207
2047
1917
1893
1973
2021
1967
1809
1890
1970
2039
2123
2177
2223
2240
2235
2233
2213
2172
2091
1956
1846
1779
1773
1837
1947
2095
2217
2297
2302
2266
2149
2004
1907
1856
1895
1957
2078
2215
2324
2368
2326
2211
2029
1894
1799
1798
1844
2000
2144
2308
2422
2442
2380
2264
2133
2045
2030
2109
2196
2301
2335
2284
2179
2015
1861
1715
1628
1657
1775
1968
2207
2430
2564
2541
2331
2037
1741
1527
1445
1571
1807
2161
2489
2746
2852
2759
2507
2155
1786
1545
1466
1579
1801
2088
2327
2446
2381
2210
1918
1653
1501
1534
1688
1975
2296
2581
2750
2754
2625
2403
2116
1861
1718
1658
1710
1798
1920
2013
2039
2014
1968
2001
2077
2140
2203
2212
2120
2046
1987
1920
1941
1995
2145
2301
2088
2355
2581
2542
2244
2050
1938
1728
1403
1227
1427
1847
2237
2358
2346
2279
2324
2391
2555
2627
2621
2496
2282
1913
1488
1231
1285
1444
1578
1745
2090
2497
2671
2514
2296
2165
2115
2076
2139
2243
2203
1912
1636
1591
1866
2260
2578
2728
2764
2659
2568
2463
2180
1759
1416
1426
1609
1747
1716
1570
1557
1735
2080
2426
2640
2672
2594
2597
2532
2288
1824
1372
1099
1079
1237
1527
1951
2346
2646
2855
2946
2991
2845
2610
2281
1959
1755
1760
1874
1908
1735
1593
1731
2071
2339
2369
2284
2300
2434
2478
2324
2149
2017
1934
1829
1898
2084
2363
2545
2513
2376
2264
2191
2105
1908
1671
1598
1793
2015
2064
2039
2113
2301
2362
2239
2095
2154
2319
2587
2618
2524
2274
1952
1653
1460
1424
1505
1704
2025
2376
2653
2906
3022
2986
2770
2398
1923
1489
1185
1086
1214
1525
1918
2321
2654
2806
2782
2620
2348
1981
1640
1408
1340
1472
1761
2104
2444
2693
2841
2879
2746
2463
2074
1674
1353
1232
1369
1708
2113
2445
2647
2665
2504
2199
1824
1468
1238
1228
1458
1885
2396
2850
3139
3221
3088
2738
2261
1694
1213
909
818
989
1378
1933
2530
3055
3404
3494
3286
2832
2205
1574
1046
763
779
1119
1636
2262
2822
3215
3335
3154
2729
2188
1671
1293
1136
1243
1535
1873
2191
2425
2521
2486
2357
2220
2129
2089
2084
2089
2068
2000
1963
1906
1867
1851
1846
1865
1932
2066
2299
2563
2785
2912
2848
2623
25
530
1242
1946
2502
2797
2761
2633
2592
2635
2574
2219
1661
1156
945
1117
1612
2132
2505
2597
2469
2404
2441
2523
2424
2116
1770
1597
1697
1907
2062
2203
2376
2654
2935
3085
3019
2773
2381
1973
1642
1383
1192
1181
1381
1806
2390
2933
3340
3461
3389
3172
2915
2638
2331
1970
1545
1051
566
260
249
524
1017
1534
2048
2616
3151
3560
3685
3582
3272
2928
2569
2186
1745
1345
1113
1195
1456
1806
2103
2419
2757
3080
3326
3414
3351
3048
2598
2075
1560
1149
815
642
632
744
983
1216
1465
1709
1967
2166
2384
2552
2691
2775
2728
2724
2740
2881
3029
3021
2833
2411
1887
1350
949
772
784
838
918
1057
1323
1760
2277
2762
3109
3277
2512
2409
2277
2154
2041
1934
1906
1933
2025
2136
2224
2248
2223
2088
1887
1661
1464
1351
1384
1559
1859
2204
2544
2844
3026
3090
3049
2903
2686
2353
2002
1653
1366
1157
1036
1055
1236
1560
2047
2620
3168
3586
3816
3818
3581
3102
2428
1687
971
391
84
90
395
1017
1807
2653
3438
4077
4095
4095
4095
4095
3389
2340
1080
0
1
0
0
0
0
175
1456
2814
3974
4095
4095
4095
4095
4095
4093
3043
1737
497
0
0
0
0
0
213
1028
1840
2528
3013
3280
3334
3192
2999
2712
2452
2284
2202
2185
2267
2435
2669
2952
3256
3482
3570
3503
3161
2636
1974
1154
305
0
0
1
0
1
111
1108
2197
3197
4036
4095
4095
1466
1625
1792
1954
2156
2336
2507
2666
2794
2891
2968
3000
3043
2994
3022
2978
2927
2880
2850
2818
2781
2744
2727
2703
2692
2710
2703
2704
2715
2726
2767
2811
2849
2907
2970
3001
3039
3054
3042
3006
2933
2831
2677
2454
2183
1918
1599
1311
998
687
399
121
3
0
1
3
0
2
1
1
36
332
701
1121
1520
1974
2418
2859
3268
3657
3990
4095
4095
4095
4095
4095
4095
4095
4095
4095
4095
4095
4095
3845
3359
2841
2270
1729
1141
615
113
2
2
1
1
0
0
1
1
0
0
1
3
59
505
990
1485
1957
2433
2874
3248
3624
3923
4095
4095
4095
4095
4095
4095
4095
4095
4095
4095
4095
4095
3823
3447
3050
4036
3872
3711
3519
3333
3151
2905
2682
2455
2206
1958
1707
1463
1193
946
723
479
240
34
1
1
1
2
1
0
0
1
0
1
1
0
2
1
1
1
1
1
1
192
508
821
1150
1465
1828
2144
2462
2797
3098
3401
3664
3919
4095
4095
4095
4095
4095
4095
4095
4095
4095
4095
4095
4095
4095
4095
4095
4095
4095
4095
4095
4095
4095
4095
4004
3702
3423
3120
2832
2488
2179
1855
1523
1193
889
558
275
1
0
1
1
3
0
2
0
1
1
0
0
0
2
1
1
1
2
1
2
1
2
0
2
1
2
290
762
1202
1647
2065
2486
2897
3278
3635
3987
4095
4095
4095
4095
4095
4095
