2099
2100
2092
2099
2095
2088
2093
2092
2094
2086
2088
2086
2093
2096
2098
2092
2096
2092
2090
2097
2096
2089
2097
2097
2095
2091
2094
2094
2089
2089
2096
2098
2098
2090
2093
2093
2097
2096
2097
2095
2088
2090
2093
2086
2087
2094
2094
2090
2092
2092
2092
2093
2092
2090
2099
2095
2093
2099
2099
2094
2095
2095
2092
2090
2088
2096
2096
2093
2092
2097
2093
2101
2098
2092
2098
2095
2091
2088
2093
2091
2096
2093
2088
2092
2090
2097
2102
2092
2103
2101
2090
2089
2089
2093
2092
2094
2092
2090
2096
2095
2093
2092
2092
2089
2093
2096
2090
2090
2100
2097
2100
2087
2088
2090
2089
2084
2090
2094
2098
2094
2096
2096
2100
2093
2096
2094
2090
2096
2096
2094
2093
2096
2094
2103
2096
2091
2095
2094
2098
2095
2094
2100
2102
2097
2096
2097
2096
2099
2100
2095
2100
2098
2096
2098
2091
2097
2094
2091
2095
2090
2094
2103
2096
2095
2098
2099
2101
2099
2099
2094
2097
2086
2079
2086
2095
2090
2094
2093
2092
2096
2091
2093
2096
2098
2098
2094
2096
2091
2088
2090
2089
2092
2091
2092
2097
2095
2100
2096
2092
2096
2093
2095
2093
2096
2096
2090
2093
2093
2090
2094
2091
2094
2096
2096
2096
2088
2096
2095
2094
2100
2093
2096
2101
2094
2096
2091
2097
2094
2096
2094
2102
2093
2090
2094
2102
2095
2099
2104
2101
2096
2095
2095
2094
2094
2099
2095
2096
2096
2096
2094
2093
2092
2094
2094
2096
2092
2195
2189
2184
2170
2174
2161
2152
2143
2140
2134
2130
2125
2120
2114
2108
2099
2094
2083
2081
2074
2072
2059
2053
2047
2042
2029
2022
2014
2003
1999
1989
1984
1975
1967
1958
1949
1947
1941
1934
1934
1938
1936
1932
1933
1933
1936
1940
1947
1956
1964
1974
1988
2000
2008
2022
2034
2040
2062
2075
2097
2115
2128
2141
2161
2171
2180
2190
2203
2208
2218
2225
2235
2238
2253
2258
2259
2265
2271
2275
2274
2273
2274
2280
2281
2280
2281
2277
2280
2279
2275
2277
2263
2255
2250
2241
2232
2220
2206
2188
2169
2153
2128
2116
2089
2070
2047
2026
2006
1984
1967
1946
1931
1913
1902
1888
1876
1869
1857
1856
1851
1850
1854
1860
1868
1881
1892
1903
1914
2064
1987
1933
1897
1888
1901
1943
2005
2077
2150
2219
2272
2304
2320
2305
2255
2190
2106
2024
1940
1874
1830
1806
1804
1816
1850
1906
1951
2012
2056
2103
2136
2174
2196
2223
2231
2228
2198
2156
2092
2021
1957
1896
1861
1865
1888
1933
1992
2057
2111
2155
2189
2212
2227
2248
2253
2244
2232
2225
2188
2148
2094
2050
2002
1974
1949
1944
1950
1960
1983
2007
2020
2029
2036
2060
2091
2135
2176
2219
2273
2314
2328
2330
2315
2282
2232
2194
2148
2101
2061
2029
2003
1986
1984
1997
2011
2045
2097
2146
2189
2214
2227
2221
2212
2216
2223
2240
2264
2284
2292
2276
2234
2161
2072
1976
1903
1850
1836
1842
1879
1928
1978
2016
2048
2067
2085
2130
2186
1806
1728
1760
1861
1939
1988
2017
2074
2168
2258
2302
2302
2283
2270
2217
2150
2099
2072
2037
1967
1887
1851
1888
1938
1960
1974
2015
2067
2093
2088
2098
2112
2117
2121
2161
2258
2328
2313
2263
2222
2216
2193
2152
2137
2160
2203
2185
2102
2002
1974
2037
2158
2265
2342
2362
2363
2360
2312
2214
2064
1943
1902
1956
2054
2123
2122
2084
2072
2108
2170
2200
2154
2081
2048
2061
2063
2015
1945
1916
1947
1981
1978
1952
1944
1993
2123
2238
2270
2236
2216
2228
2242
2192
2098
2049
2090
2173
2259
2299
2287
2204
2052
1885
1749
1702
1723
1793
1882
1961
1995
2028
2119
2302
2514
2604
2484
2238
2044
2031
2134
2202
2121
1964
1850
1854
1941
2028
2049
2202
2062
1944
1887
1894
2003
2170
2327
2456
2466
2365
2176
1952
1764
1655
1650
1705
1822
1960
2104
2220
2264
2247
2156
2056
1982
1991
2065
2191
2322
2408
2433
2378
2330
2326
2366
2416
2390
2288
2128
1994
1952
2035
2168
2280
2322
2304
2249
2176
2094
1997
1893
1814
1799
1864
1940
2005
2062
2089
2142
2196
2182
2088
1954
1875
1932
2102
2328
2451
2407
2248
2078
1986
2036
2129
2177
2129
2024
1944
1938
2011
2093
2183
2216
2202
2152
2040
1880
1712
1602
1613
1732
1931
2134
2305
2405
2433
2350
2190
2002
1842
1779
1850
2011
2137
2183
2169
2130
2126
2202
2275
2308
2271
2117
1957
1944
2082
2295
2464
2432
2280
2146
2109
2118
2042
1886
1735
1699
2209
2116
1997
1938
1936
1958
1920
1878
1871
1903
1977
2053
2127
2167
2220
2240
2221
2108
2024
2016
2130
2202
2149
1960
1827
1913
2198
2456
2491
2299
2073
2037
2167
2328
2317
2123
1886
1736
1743
1849
2022
2179
2342
2439
2458
2406
2300
2179
2063
1963
1852
1810
1873
1973
2058
2078
2055
2032
2048
2095
2151
2163
2181
2161
2085
1965
1844
1744
1750
1850
2049
2249
2412
2482
2450
2388
2329
2298
2234
2176
2105
2076
2093
2112
2116
2095
2099
2102
2111
2098
2101
2116
2125
2154
2161
2114
2032
1943
1892
1908
1966
2031
2103
2160
2221
2286
2309
2293
2255
2180
2116
2046
2005
1977
1964
1945
1907
1862
1819
1769
1753
1766
1804
1908
2043
2178
2286
2364
2015
1887
1778
1798
1932
2071
2145
2206
2101
1826
1630
1738
2125
2460
2697
2804
2648
2232
1869
1794
1865
1977
2152
2307
2276
2182
2220
2343
2281
2002
1781
1707
1675
1716
1988
2363
2468
2330
2259
2287
2215
2137
2159
2267
2188
2009
1990
2127
2367
2612
2754
2658
2357
1991
1835
1892
1904
1704
1456
1375
1535
1862
2248
2522
2539
2276
1825
1505
1511
1692
1905
2143
2429
2632
2655
2561
2410
2125
1760
1480
1419
1519
1656
1822
1985
2142
2233
2252
2270
2305
2292
2092
1856
1712
1710
1788
1938
2182
2410
2608
2756
2694
2430
2077
1752
1519
1443
1632
1938
2181
2389
2618
2555
2281
2075
2022
2024
2106
2358
2556
2447
2198
2123
2126
2064
2032
1951
1763
1819
2028
2250
2395
2400
2286
2101
1950
1902
1974
2130
2312
2419
2394
2255
2041
1814
1688
1713
1882
2095
2252
2304
2249
2126
1965
1850
1815
1917
2070
2203
2196
2091
1918
1804
1758
1822
1915
2044
2185
2281
2338
2296
2238
2215
2196
2160
2092
1987
1898
1867
1904
2006
2149
2268
2318
2305
2220
2085
1946
1887
1969
2160
2325
2372
2220
1943
1644
1488
1457
1623
1894
2197
2446
2554
2498
2306
2036
1831
1732
1818
2008
2202
2375
2491
2502
2400
2238
2050
1895
1796
1772
1830
1971
2167
2368
2547
2610
2579
2456
2272
2064
1898
1802
1826
1916
2055
2114
2162
2194
2220
2266
2283
2267
2183
2083
2028
2038
2088
2219
2355
2455
2464
2340
2146
1908
1716
1682
2265
2192
2178
2084
1908
1854
1947
1997
2016
2106
2293
2386
2399
2406
2366
2138
1760
1435
1272
1217
1334
1637
2072
2415
2623
2656
2504
2238
2002
1821
1735
1719
1721
1765
1871
2048
2176
2195
2106
2008
1978
2034
2141
2153
2158
2211
2320
2384
2372
2300
2067
1769
1615
1693
1873
2119
2438
2660
2679
2513
2322
2200
2102
1991
1869
1773
1839
2019
2240
2469
2661
2809
2766
2660
2556
2412
2078
1807
1802
1968
2123
2197
2288
2224
2186
2335
2560
2504
2186
1968
2072
2288
2328
2279
2243
2243
2047
1642
1267
1184
1294
1408
1700
2260
2849
3043
2973
2846
2610
2068
1364
904
887
1096
1315
1609
2098
2498
2576
2345
2097
1883
1577
1339
1424
1726
1976
2128
2784
2880
2817
2605
2294
1934
1619
1418
1349
1454
1720
2106
2486
2709
2697
2459
2065
1638
1332
1256
1427
1795
2244
2688
3057
3223
3057
2540
1858
1244
886
830
1047
1460
1954
2399
2715
2919
3030
3019
2803
2343
1727
1168
878
1047
1631
2412
2997
3112
2723
2119
1688
1680
2072
2559
2862
2841
2604
2380
2388
2618
2878
2892
2566
2024
1563
1440
1792
2495
3192
3530
3325
2651
1819
1152
783
720
862
1147
1545
1981
2360
2524
2421
2104
1769
1639
1809
2152
2417
2457
2330
2168
2096
2079
2057
1965
1766
1610
1632
1868
2205
2464
2539
2469
2354
2263
2257
2300
2357
2372
2270
2136
2058
2160
2401
2653
2736
2541
2159
1757
1527
1560
1757
1984
2110
2071
1449
900
631
885
1554
2285
2816
3160
3320
3083
2334
1528
1216
1454
1828
2081
2380
2759
2969
2867
2616
2315
1875
1334
1001
1128
1623
2288
2958
3457
3614
3282
2684
2118
1741
1592
1619
1751
1896
2088
2340
2520
2427
2000
1421
887
590
678
1198
2054
2967
3561
3695
3422
2873
2192
1575
1215
1098
1176
1498
2072
2734
3106
3051
2732
2280
1686
1092
912
1390
2222
2976
3378
3438
3174
2484
1486
573
109
154
566
1204
2025
2868
3406
3424
3044
2436
1738
1123
773
896
1462
2176
2742
3020
2942
2524
1926
1409
1204
1333
1647
2071
2634
3277
3718
3744
3331
2631
1797
903
120
2
51
867
2068
3236
4005
4095
3937
3067
1862
808
267
321
918
2689
2697
2537
2482
2797
3345
3640
3264
2316
1174
255
2
516
1833
3483
4095
4095
4095
3873
1632
3
3
3
3
602
1997
3229
4095
4095
4095
3868
2069
173
1
1
758
2163
2955
2982
2592
2230
2264
2739
3432
4068
4095
4095
3441
1910
3
3
2
1
1
1060
2842
4095
4095
4095
3918
2774
1759
1312
1564
2264
2914
3134
2894
2434
1932
1445
1078
990
1247
1691
2024
2064
1815
1457
1172
926
724
702
1074
1897
2977
3882
4095
3800
3178
2730
2603
2761
2986
3150
3244
3266
3084
2495
1376
30
0
2
2
1
1
321
954
1556
1982
2293
2702
3312
4000
4095
4095
3964
2987
1884
1004
568
519
817
1400
2226
2975
3278
3002
2
1
2
2
1
608
2228
3932
4095
4095
4095
4095
4095
4095
2763
700
2
3
3
1
1
15
1992
4095
4095
4095
4095
4095
4095
4095
2196
142
2
2
1
2
1
565
2229
3747
4095
4095
4095
4095
3420
2122
975
193
0
83
624
1408
2271
3090
3786
4095
4095
4095
3592
2722
1707
691
3
2
1
1
28
942
2159
3376
4095
4095
4095
4095
4095
3379
2109
815
1
0
1
2
155
1480
2957
4095
4095
4095
4095
4095
3223
1496
1
2
3
1
1
31
1961
4095
4095
4095
4095
4095
4095
4095
2313
0
2
2
3
1
3
421
2788
4095
4095
4095
4095
4095
3962
2173
379
2
3
2
3
503
4095
4095
4095
4095
4043
3249
2418
1641
989
493
147
0
2
155
535
1019
1552
2017
2299
2475
2627
2844
3224
3728
4095
4095
4095
4095
4095
4095
4052
3318
2405
1406
407
1
2
2
2
1
1
4
2
3
1
1146
2625
4078
4095
4095
4095
4095
4095
4095
4095
4095
4095
4095
3183
2077
968
4
3
3
2
1
2
2
2
2
3
1
19
1056
2172
3145
3964
4095
4095
4095
4095
4095
4095
4095
4095
4095
3104
1967
866
2
2
2
3
1
1
2
2
2
3
1
2
683
1748
2888
3954
4095
4095
4095
4095
4095
4095
4095
4095
3440
2645
1924
1324
866
548
372
288
315
372
468
644
913
1304
1807
