2098
2102
2110
2078
2094
2083
2087
2087
2109
2077
2100
2113
2085
2108
2097
2094
2089
2096
2085
2119
2114
2095
2096
2119
2111
2099
2084
2109
2074
2064
2086
2047
2080
2111
2064
2089
2095
2085
2068
2103
2100
2045
2109
2144
2112
2126
2129
2127
2108
2102
2124
2104
2104
2114
2106
2081
2069
2098
2130
2094
2092
2085
2075
2093
2072
2093
2064
2083
2107
2068
2111
2118
2080
2084
2070
2099
2101
2090
2089
2103
2064
2082
2076
2103
2104
2082
2081
2083
2120
2105
2085
2073
2063
2086
2092
2094
2110
2107
2115
2096
2082
2117
2152
2151
2151
2101
2084
2083
2135
2147
2149
2135
2137
2095
2102
2107
2133
2112
2104
2116
2089
2086
2076
2085
2078
2124
2108
2086
2129
2096
2084
2034
2077
2091
2089
2066
2080
2088
2088
2076
2075
2061
2085
2064
2039
2089
2075
2104
2085
2087
2070
2121
2108
2083
2079
2088
2107
2066
2104
2065
2092
2011
2054
2066
2061
2129
2136
2128
2130
2094
2092
2091
2089
2056
2080
2112
2094
2102
2117
2131
2107
2109
2107
2088
2112
2110
2087
2111
2105
2095
2100
2075
2087
2083
2096
2113
2074
2096
2105
2072
2100
2115
2075
2095
2047
2098
2076
2060
2112
2074
2060
2070
2068
2048
2070
2056
2077
2104
2073
2050
2076
2079
2054
2035
2046
2018
2057
2050
2024
1999
2026
2053
2018
2053
2023
2019
2007
2049
2055
2089
2005
1997
2001
2047
2040
2010
2092
2021
2060
2087
2071
2120
2085
2078
2156
2115
1927
1896
1918
1989
1992
1993
2000
2023
2063
2082
2111
2109
2131
2134
2174
2225
2258
2262
2263
2280
2344
2279
2323
2337
2340
2354
2316
2313
2292
2304
2272
2314
2240
2222
2222
2215
2168
2144
2094
2128
2094
2067
2052
2018
2024
1962
1987
1940
1944
1893
1917
1906
1876
1929
1916
1960
1940
1939
1951
1962
1999
2036
2012
2022
2060
2085
2064
2097
2148
2148
2200
2238
2223
2246
2208
2250
2256
2258
2246
2252
2216
2197
2220
2231
2224
2168
2147
2151
2178
2147
2110
2124
2117
2070
2091
2071
2065
2039
2035
2028
1982
1976
1990
1972
1941
1935
1917
1923
1958
1944
1958
1951
1951
1941
1934
1959
1973
2038
2060
2040
2053
2073
2056
2099
2066
2158
2156
2154
2264
2206
2129
2057
1984
1885
1852
1763
1768
1788
1742
1763
1861
1915
1978
2068
2183
2295
2358
2421
2454
2484
2528
2510
2448
2442
2422
2316
2159
2082
2012
1918
1846
1822
1823
1923
1986
2085
2133
2156
2158
2164
2044
2072
2085
2038
2088
2090
2158
2055
2051
1982
1939
1846
1863
1844
1938
2001
2107
2229
2342
2392
2383
2354
2299
2285
2242
2171
2139
2068
2035
1992
1939
1892
1890
1860
1845
1920
1966
1988
2076
2104
2089
2078
2016
2009
1982
1933
1922
1992
2046
2045
2075
2097
2060
2069
1984
1893
1853
1830
1853
1824
1889
1881
2021
2052
2123
2151
2152
2171
2087
2085
2040
2025
1925
1961
2041
2128
2228
2296
2339
2316
2277
2193
2104
2063
1968
1921
2035
2127
2174
2208
2281
2321
2354
2362
2349
2269
2116
1964
1862
1814
1807
1873
1968
2016
2072
2136
2164
2176
2182
2169
2173
2171
2142
2163
2190
2200
2217
2204
2228
2162
2102
2065
2067
2078
2090
2180
2292
2388
2454
2434
2389
2275
2158
1993
1890
1857
1904
1944
2016
2104
2187
2202
2232
2232
2199
2104
2047
1982
1938
1968
2012
2033
2105
2149
2145
2200
2224
2239
2282
2312
2307
2269
2209
2057
1878
1744
1587
1503
1477
1551
1661
1804
2020
2196
2377
2419
2466
2414
2312
2207
2050
1965
1930
1909
1958
1997
2101
2152
2167
2167
2106
2029
1992
1976
1960
1997
2060
2144
2272
2368
2435
2470
2448
2392
2382
2258
2144
2031
1924
1801
1754
1752
1757
1832
1831
1965
2114
2132
2103
2101
2140
2233
2239
2202
2174
2192
2290
2352
2204
2012
1868
1865
1982
2098
2203
2322
2430
2416
2281
2019
1824
1742
1790
1843
1984
2129
2298
2434
2469
2456
2455
2473
2361
2182
1999
1944
1946
1938
1820
1684
1589
1618
1673
1763
1957
2231
2594
2836
2866
2700
2453
2245
2130
2051
2075
2213
2354
2389
2232
2019
1847
1822
1890
1954
1986
2013
2096
2202
2319
2381
2397
2338
2239
2088
2000
1956
1974
2058
2176
2286
2373
2344
2214
2178
2144
2131
2117
2078
2077
1990
1922
1836
1887
1984
2048
2108
2217
2358
2405
2279
2030
1957
1960
1972
1927
1894
1949
1999
1966
1877
1906
2011
2152
2175
2205
2266
2277
2148
1959
1904
1993
2090
1928
1840
1769
1748
1757
1860
1939
2003
2057
2036
2062
2053
2093
2118
2198
2215
2314
2374
2419
2464
2432
2360
2256
2088
1908
1796
1784
1784
1949
2144
2352
2448
2482
2472
2392
2284
2133
1997
1927
1899
2030
2204
2334
2405
2360
2301
2142
1993
1845
1801
1787
1860
2010
2199
2354
2469
2429
2289
2067
1811
1617
1563
1580
1778
2018
2253
2501
2695
2804
2689
2484
2203
1905
1651
1501
1486
1560
1718
1905
2114
2278
2382
2420
2320
2207
2108
2047
2026
2072
2146
2266
2317
2358
2360
2296
2152
1996
1869
1785
1756
1816
1890
2042
2127
2181
2233
2247
2235
2178
2138
2088
2045
2039
2037
2046
2022
2035
2022
2058
2081
2081
2078
2099
2110
2069
2018
1932
1938
2666
2599
2362
2075
1818
1796
1995
2280
2533
2616
2555
2434
2316
2112
1869
1812
2010
2222
2208
2024
1866
1845
1820
1848
2028
2423
2808
3029
3046
2797
2420
2112
2021
2014
1905
1660
1485
1441
1651
2034
2384
2482
2380
2355
2391
2394
2276
2029
1821
1602
1444
1484
1636
1733
1748
1684
1700
1615
1607
1760
2008
2170
2272
2387
2399
2174
1918
1804
1802
1632
1424
1480
1808
2133
2265
2180
2066
2026
2056
2100
2115
2260
2459
2560
2505
2416
2247
2057
1834
1700
1680
1710
1726
1817
2070
2307
2473
2485
2520
2503
2399
2232
2120
2023
2021
2025
2142
2233
2282
2278
2264
2117
1938
1785
1727
1757
1858
1965
2069
2151
2205
2288
2242
2255
2289
2457
2574
2608
2108
2089
2068
1998
1958
1873
1871
1935
2014
2103
2158
2159
2166
1968
1790
1584
1430
1328
1393
1626
1977
2346
2635
2818
2835
2632
2380
2078
1844
1679
1720
1890
2190
2468
2580
2519
2298
2025
1774
1674
1714
1847
2064
2301
2503
2586
2491
2296
1982
1740
1657
1754
1956
2251
2438
2571
2495
2303
2052
1774
1601
1592
1724
1992
2284
2522
2597
2477
2254
1973
1748
1704
1855
2172
2457
2696
2749
2637
2374
2056
1701
1438
1324
1411
1709
2067
2436
2663
2724
2563
2266
1897
1577
1381
1375
1605
1962
2306
2562
2606
2478
2260
2020
1934
2012
2258
2600
2862
2955
2840
2473
2026
1640
1364
1288
1352
1550
1792
2071
2311
2435
2464
2385
2291
2147
2120
2138
2202
2835
2496
1979
1612
1503
1435
1247
1081
1234
1808
2504
2934
2932
2716
2578
2472
2262
1952
1771
1873
2072
2097
1874
1668
1648
1696
1681
1696
1925
2340
2696
2822
2744
2592
2405
2125
1747
1456
1419
1629
1958
2235
2351
2340
2268
2188
2043
1879
1756
1745
1818
1906
2036
2260
2463
2479
2269
2075
2121
2325
2357
2133
1965
2067
2333
2521
2549
2494
2360
2164
2041
2166
2472
2689
2692
2599
2509
2391
2070
1651
1380
1418
1574
1677
1780
2053
2502
2891
2971
2764
2458
2196
1916
1568
1144
862
833
1085
1482
1854
2167
2464
2736
2910
2929
2748
2442
2122
1838
1601
1435
1367
1478
1769
2144
2458
2602
2570
2454
2382
2338
2194
1918
1731
1794
2022
2095
1952
1842
2336
2782
3080
3165
3004
2643
2168
1695
1335
1130
1072
1141
1296
1470
1626
1728
1806
1924
2131
2472
2867
3204
3344
3221
2814
2218
1596
1128
952
1096
1471
1932
2333
2594
2668
2567
2340
2074
1879
1835
1970
2210
2461
2668
2785
2810
2721
2457
2028
1514
994
596
411
477
789
1312
1965
2640
3217
3576
3622
3388
2942
2447
2063
1899
2014
2325
2728
3071
3220
3120
2763
2217
1590
990
531
331
413
758
1295
1931
2552
3047
3297
3218
2844
2300
1835
1654
1821
2250
2760
3145
3227
2984
2431
1696
931
331
63
234
848
1755
2776
3678
4095
4095
4095
4011
3288
2372
1412
544
2
1
1
516
1328
2137
2771
3166
3294
3189
2992
2750
2544
3596
3306
2747
1877
924
81
1
3
1
56
626
1374
2272
3241
4095
4095
4095
4095
3802
3076
2383
1731
976
114
2
2
1
1
200
1138
1951
2557
3060
3471
3804
3966
3877
3533
3044
2502
2015
1618
1375
1229
1213
1278
1470
1777
2113
2348
2458
2510
2400
2266
2066
1806
1475
1157
989
1088
1458
1958
2355
2521
2531
2431
2341
2263
2211
2097
1904
1725
1634
1707
1856
2042
2219
2423
2660
2947
3251
3468
3564
3493
3324
3110
2843
2515
2072
1584
1092
718
535
549
681
870
1153
1593
2220
2945
3665
4095
4095
4095
4067
3594
2955
2133
1277
422
3
3
2
2
2
602
1502
2392
3084
3456
3556
3475
3308
3078
2696
2187
1624
1098
1616
3456
4095
4095
4095
4095
4095
4095
4095
4095
3742
1840
3
2
3
4
2
2
3
1
0
274
1792
3307
4095
4095
4095
4095
4095
4095
4095
4095
4095
3349
1810
358
2
1
1
2
2
2
1
0
393
1775
3146
4095
4095
4095
4095
4095
4095
4095
3327
2174
1144
296
2
0
1
515
1592
2898
4095
4095
4095
4095
4095
4095
4095
3386
1578
1
0
2
1
1
1
1
0
0
432
1975
3438
4095
4095
4095
4095
4095
4095
4095
3528
2873
2610
2831
3385
4095
4095
4095
4095
4095
4095
3295
2083
789
3
2
3
1
2
2
2
1
1
2
900
1879
2412
2574
2519
2421
2443
2694
3207
3889
4095
4095
4095
3995
2973
1915
893
2
1
2
3
3
3
2
3
3
3
1
1
4
1
4
1
492
1483
2460
3375
4095
4095
4095
4095
4095
4095
4095
4095
4095
4095
4095
4095
4095
4095
4095
4095
4095
3831
3050
2268
1516
816
149
2
2
2
3
2
3
3
3
2
4
1
3
1
98
712
1332
1912
2448
2908
3299
3616
3868
4031
4095
4095
4095
4095
4024
3925
3822
3711
3584
3470
3349
3201
3059
2900
2737
2562
2372
2149
1953
1735
1509
1305
1121
990
923
881
891
928
970
1018
1053
1064
1056
1034
992
937
877
817
767
738
730
767
832
949
1110
1352
1637
1978
2378
2797
3238
3658
4060
4095
4095
4095
4095
2907
2923
2945
2958
2972
2990
3002
3019
3020
3036
3049
3064
3105
3111
3160
3178
3192
3227
3276
3288
3322
3340
3317
3318
3318
3288
3256
3193
3140
3059
2966
2856
2731
2574
2444
2298
2140
1986
1849
1696
1532
1388
1232
1105
979
850
757
676
581
506
456
406
358
327
309
275
276
266
251
246
241
235
243
244
251
249
250
270
277
294
319
331
374
418
469
530
583
668
762
862
984
1125
1277
1437
1628
1820
2039
2268
2512
2769
3023
3305
3580
3881
4095
4095
4095
4095
4095
4095
4095
4095
4095
4095
4095
4095
4095
4095
4095
4095
4095
4095
4095
4095
4095
4095
4095
4095
4095
4095
4095
4095
4095
4095
4095
4095
4095
3988
