2104
2091
2098
2104
2094
2098
2083
2088
2117
2114
2114
2108
2115
2103
2093
2095
2122
2094
2128
2132
2114
2101
2089
2097
2100
2114
2108
2096
2110
2100
2130
2102
2101
2107
2118
2111
2090
2088
2084
2087
2098
2069
2072
2094
2106
2119
2106
2100
2104
2134
2115
2086
2106
2092
2087
2076
2109
2106
2099
2073
2089
2105
2072
2110
2081
2096
2093
2073
2083
2092
2096
2091
2074
2072
2086
2090
2119
2106
2120
2111
2113
2107
2063
2100
2079
2077
2112
2094
2114
2102
2102
2089
2126
2121
2098
2106
2080
2096
2082
2096
2087
2083
2110
2116
2133
2116
2100
2081
2088
2104
2100
2114
2092
2118
2090
2084
2098
2093
2087
2098
2101
2115
2116
2100
2111
2122
2116
2090
2093
2072
2048
2051
2104
2098
2119
2087
2074
2096
2102
2103
2116
2147
2113
2105
2111
2088
2099
2120
2107
2075
2064
2073
2063
2072
2073
2135
2115
2125
2115
2108
2102
2088
2099
2140
2100
2094
2091
2098
2112
2141
2122
2058
2079
2085
2063
2080
2078
2084
2095
2106
2115
2092
2103
2091
2088
2080
2114
2101
2112
2099
2090
2101
2106
2088
2083
2071
2063
2117
2098
2112
2110
2101
2065
2072
2071
2081
2092
2108
2128
2115
2097
2109
2083
2098
2124
2133
2099
2096
2122
2119
2103
2093
2105
2098
2099
2108
2085
2094
2050
2060
2067
2098
2111
2089
2089
2080
2089
2097
2080
2110
2082
2083
2086
2113
2092
2095
2099
2101
2117
2095
2083
2096
2063
2100
2045
2064
2216
2217
2239
2210
2207
2208
2234
2203
2235
2246
2250
2253
2221
2266
2247
2266
2272
2257
2260
2250
2256
2251
2253
2246
2217
2230
2221
2184
2182
2162
2120
2141
2126
2118
2102
2084
2060
2027
2012
2031
2002
1964
1955
1964
1941
1943
1915
1887
1865
1851
1876
1857
1839
1777
1792
1781
1796
1736
1735
1743
1747
1749
1754
1725
1747
1745
1748
1732
1759
1783
1786
1807
1799
1782
1825
1824
1858
1888
1900
1903
1962
1995
2013
2019
2043
2091
2110
2145
2188
2207
2248
2262
2278
2296
2336
2368
2386
2380
2424
2438
2429
2470
2462
2512
2500
2456
2476
2487
2483
2478
2466
2460
2467
2457
2447
2395
2413
2379
2355
2357
2328
2297
2292
2233
2217
2206
2216
2186
2076
2036
1973
1909
1879
1828
1821
1820
1821
1841
1889
1915
1946
1990
2013
2028
2017
2026
2015
2025
2003
2004
2046
2060
2079
2120
2180
2220
2311
2366
2393
2430
2432
2474
2498
2429
2406
2347
2336
2311
2229
2155
2121
2027
1952
1899
1868
1846
1808
1807
1826
1840
1904
1964
2028
2044
2041
2044
2073
2051
2046
2042
2043
2033
2030
2051
2111
2168
2183
2244
2284
2331
2351
2321
2308
2250
2175
2096
2014
1944
1863
1775
1714
1667
1643
1615
1623
1637
1693
1744
1813
1894
1998
2111
2189
2303
2374
2454
2515
2537
2562
2552
2512
2438
2413
2366
2358
2358
2357
2381
2392
2392
2435
2425
2405
2387
2351
2298
2238
2190
2107
2037
1998
1902
1867
1829
1807
1800
1968
2020
2056
2129
2258
2342
2415
2471
2502
2512
2496
2453
2364
2206
2081
1980
1952
1966
2019
2080
2156
2196
2240
2224
2154
2057
1976
1901
1833
1827
1753
1724
1706
1663
1683
1738
1798
1949
2088
2240
2356
2440
2496
2575
2654
2703
2694
2677
2635
2519
2395
2294
2210
2118
2064
1989
1950
1916
1832
1745
1658
1617
1612
1696
1815
1932
2073
2208
2326
2440
2526
2558
2598
2576
2511
2380
2180
1990
1849
1750
1706
1663
1628
1613
1594
1597
1652
1739
1887
2019
2147
2274
2380
2464
2526
2592
2654
2706
2752
2727
2638
2497
2296
2140
1997
1864
1770
1652
1560
1524
1493
1469
1498
1597
1716
1884
2081
2241
2412
2516
2571
2546
2462
2335
2193
2088
2010
1959
2468
2492
2524
2419
2368
2222
2114
1942
1889
1810
1778
1774
1876
1960
2117
2210
2305
2359
2396
2433
2353
2258
2115
1990
1863
1713
1626
1542
1496
1465
1551
1650
1724
1856
2000
2175
2318
2411
2482
2466
2469
2444
2368
2312
2260
2142
2031
1961
1876
1764
1724
1740
1814
1927
2033
2152
2318
2482
2568
2599
2658
2646
2608
2546
2480
2350
2274
2143
2098
2069
2069
2039
2101
2118
2204
2328
2401
2460
2408
2424
2420
2314
2219
2075
1964
1817
1644
1594
1566
1503
1604
1668
1755
1866
2007
2111
2195
2241
2298
2328
2242
2200
2154
1995
1835
1725
1539
1464
1392
1401
1421
1439
1540
1611
1699
1847
1974
2100
2290
2485
2678
2741
2855
2837
2730
2543
2337
2107
1618
1789
2026
2302
2539
2666
2848
2912
2994
3040
3069
2925
2678
2348
2150
2024
1895
1761
1604
1465
1459
1614
1794
1869
1893
1888
1918
2048
2249
2361
2430
2413
2438
2554
2633
2625
2539
2388
2286
2167
2083
2036
1941
1848
1782
1730
1701
1682
1694
1722
1808
1979
2130
2256
2256
2198
2022
1881
1902
2055
2284
2414
2438
2276
2147
2110
2250
2441
2562
2496
2325
2160
2082
2153
2226
2089
1879
1719
1691
1795
1932
2012
1930
1851
1857
1994
2133
2222
2125
2068
2015
1986
1956
1878
1758
1627
1534
1501
1574
1631
1694
1779
1841
1944
2135
2325
2496
2548
2553
2552
2626
2706
2802
2772
2678
2462
2292
2238
2165
2041
1851
1600
1416
1352
1351
1396
1427
1513
2337
2179
2053
1932
1831
1736
1632
1656
1680
1687
1800
1910
2007
2110
2215
2324
2390
2420
2428
2332
2289
2190
2081
1982
1909
1844
1814
1870
1957
1988
2143
2262
2382
2456
2518
2535
2550
2425
2280
2076
1854
1689
1468
1338
1235
1258
1382
1541
1746
1982
2225
2464
2668
2840
2870
2865
2735
2495
2255
1970
1708
1540
1447
1478
1576
1736
1944
2144
2288
2473
2601
2651
2668
2576
2484
2264
2066
1904
1748
1668
1570
1561
1638
1710
1788
1852
1965
2052
2093
2116
2031
1982
1924
1832
1824
1813
1820
1871
1928
1976
2068
2138
2190
2256
2291
2264
2288
2230
2243
2235
2200
2179
2195
2185
2126
2157
2151
2206
2276
2363
2416
2453
2457
2401
2324
2219
2107
1968
3723
4095
4095
4095
3988
3343
2702
2092
1592
1242
958
720
631
712
998
1429
1900
2286
2504
2579
2571
2587
2567
2575
2552
2481
2258
2056
1887
1735
1571
1356
1128
907
786
760
864
1111
1434
1776
2107
2440
2767
3070
3296
3475
3459
3337
3160
2955
2708
2456
2173
1844
1511
1137
850
773
798
996
1289
1660
2073
2463
2838
3105
3308
3307
3209
2949
2662
2320
2045
1718
1456
1320
1325
1404
1588
1730
1862
2002
2159
2300
2375
2356
2295
2261
2278
2387
2556
2683
2680
2570
2382
2158
1948
1723
1518
1358
1240
1255
1486
1900
2422
2892
3208
3369
3336
3187
2956
2622
2262
1864
1397
981
688
583
640
776
985
1178
1350
1622
1993
2410
2829
3175
1484
1158
939
843
937
1166
1504
1896
2327
2712
2994
3213
3322
3295
3194
2974
2702
2345
1963
1586
1262
998
845
833
946
1194
1494
1872
2260
2660
2975
3216
3326
3255
3053
2610
2153
1656
1197
869
710
714
917
1260
1655
2104
2548
2978
3336
3585
3686
3552
3223
2653
1924
1165
422
3
1
0
236
939
1790
2612
3296
3732
3960
3936
3786
3488
3075
2670
2243
1824
1466
1254
1120
1114
1217
1394
1650
1914
2184
2458
2671
2839
2923
2960
2891
2722
2460
2072
1665
1283
1020
887
899
1135
1486
1980
2519
3037
3511
3790
3898
3720
3382
2870
2278
1668
1131
767
564
594
838
1238
1762
2264
2738
3098
3272
3274
3110
2776
2338
1908
1492
1244
2870
2844
2796
2757
2702
2624
2527
2368
2187
1989
1821
1653
1581
1491
1446
1427
1427
1502
1652
1885
2189
2520
2850
3084
3166
3070
2812
2419
2004
1688
1536
1580
1761
2053
2294
2464
2518
2482
2412
2357
2312
2302
2276
2199
2031
1858
1669
1560
1606
1787
2042
2269
2407
2348
2197
1952
1751
1715
1810
2029
2320
2595
2793
2866
2814
2683
2490
2300
2097
1905
1691
1475
1287
1128
1113
1266
1584
2013
2495
2949
3326
3577
3691
3636
3396
2982
2439
1805
1178
659
296
153
230
474
839
1206
1498
1674
1736
1736
1727
1744
1808
1908
2062
2247
2489
2794
3160
3538
3870
4077
4095
3912
3563
3071
2524
2018
1593
1277
1085
954
864
796
781
800
891
1001
3166
3256
3356
3452
3515
3446
3188
2683
2053
1403
877
530
365
343
465
709
1089
1581
2094
2504
2814
2958
3022
3091
3209
3370
3541
3639
3605
3362
2927
2328
1698
1222
986
970
1069
1212
1254
1245
1308
1456
1780
2151
2446
2600
2646
2650
2711
2813
2887
2799
2494
2008
1496
1087
887
920
1037
1124
1199
1224
1248
1413
1772
2272
2808
3287
3590
3724
3734
3733
3728
3723
3607
3296
2774
2046
1331
744
371
268
301
338
313
274
342
660
1204
1889
2562
3101
3454
3658
3764
3813
3824
3774
3612
3264
2763
2189
1661
1263
1009
849
740
660
586
556
665
957
1440
2022
2565
3039
3375
3590
3725
3768
3706
3482
3112
2603
2046
1495
1021
688
1084
1210
1503
1941
2465
3011
3491
3832
3990
3948
3722
3328
2839
2300
1781
1278
858
530
346
314
442
752
1226
1789
2384
2927
3360
3602
3652
3482
3093
2579
1961
1358
842
461
236
219
408
776
1299
1937
2623
3316
3944
4095
4095
4095
4095
4095
3741
2860
1884
842
4
3
2
3
3
3
648
1668
2702
3647
4095
4095
4095
4095
4095
4095
3891
3114
2258
1452
732
191
3
2
1
1
83
528
1096
1682
2238
2697
2964
3070
2945
2692
2388
2080
1835
1707
1683
1787
1952
2152
2336
2515
2620
2735
2765
2760
2670
2498
2192
1760
1240
704
222
2
1
1
347
942
1679
2487
3282
4018
4095
4095
4095
4095
4095
4095
4095
3548
4095
4095
4095
4095
4095
4095
4095
4095
4095
4095
3606
2135
783
2
2
1
2
1
2
2
1
1
1
0
1
7
1076
2264
3311
4095
4095
4095
4095
4095
4095
4095
4095
4095
4095
4095
4095
4095
4095
4075
3240
2254
1270
270
3
1
1
3
2
0
2
3
3
2
1
1
66
1018
2107
3216
4095
4095
4095
4095
4095
4095
4095
4095
4095
4095
4095
4095
4095
3658
2235
810
1
2
3
3
5
3
1
3
3
3
1
0
1
654
1936
3219
4095
4095
4095
4095
4095
4095
4095
4095
4095
4095
4095
4095
3914
3080
2287
1541
885
295
2
2
0
1
3
1
2
0
0
271
663
1027
1352
1621
4095
4095
4095
4095
4095
4095
4095
4095
3863
1582
1
1
2
1
3
3
0
1
0
1
3
1
1492
4095
4095
4095
4095
4095
4095
4095
4095
4095
4095
4095
4095
3472
961
1
2
3
2
2
2
3
2
2
1
1
694
3028
4095
4095
4095
4095
4095
4095
4095
4095
4095
4095
4095
2121
2
2
0
1
2
2
3
1
1
1
1
363
2526
4095
4095
4095
4095
4095
4095
4095
4095
4095
4095
4095
2950
650
0
2
1
3
2
1
2
1
1
3
627
2958
4095
4095
4095
4095
4095
4095
4095
4095
4095
4095
4095
2914
223
2
1
2
2
2
1
2
2
2
1
1
248
2595
4095
4095
