2091
2082
2089
2107
2086
2105
2097
2075
2097
2111
2086
2098
2096
2095
2080
2092
2089
2095
2088
2079
2090
2096
2110
2094
2084
2090
2101
2130
2100
2075
2088
2090
2098
2091
2102
2104
2108
2108
2102
2080
2097
2098
2075
2076
2106
2087
2076
2072
2075
2085
2085
2102
2101
2111
2111
2106
2096
2080
2071
2096
2078
2097
2092
2107
2096
2090
2088
2106
2116
2104
2094
2108
2093
2095
2079
2097
2088
2086
2067
2110
2092
2097
2080
2090
2096
2082
2099
2078
2109
2114
2088
2094
2111
2118
2122
2086
2098
2095
2086
2073
2095
2095
2068
2106
2085
2116
2080
2096
2114
2096
2088
2094
2092
2072
2101
2088
2074
2096
2084
2104
2117
2101
2123
2104
2085
2103
2098
2114
2061
2036
2037
2062
2083
2102
2124
2131
2161
2136
2147
2171
2160
2176
2166
2179
2181
2185
2222
2232
2232
2228
2229
2215
2210
2223
2199
2193
2190
2194
2206
2187
2158
2162
2173
2158
2145
2133
2105
2104
2071
2086
2095
2068
2084
2084
2070
2060
2060
2081
2094
2092
2115
2091
2075
2076
2090
2140
2144
2124
2131
2188
2219
2212
2196
2234
2240
2241
2231
2244
2286
2264
2285
2312
2300
2296
2301
2313
2312
2335
2341
2360
2341
2346
2331
2351
2341
2329
2312
2318
2306
2282
2288
2245
2249
2210
2218
2186
2180
2153
2133
2103
2088
2059
2024
2000
1983
1945
1944
1912
1888
1895
1862
1840
1795
1820
1814
1790
1757
1738
1757
1749
1738
1732
1741
1748
1758
1752
2153
2119
2093
2052
2034
1989
1952
1904
1873
1850
1861
1918
1969
2001
2078
2138
2228
2264
2317
2350
2398
2405
2435
2401
2387
2338
2254
2182
2168
2128
2088
2028
2003
1943
1889
1894
1837
1861
1848
1830
1854
1864
1901
1902
1970
2045
2096
2168
2184
2242
2345
2391
2312
2358
2318
2306
2277
2228
2174
2115
2070
2038
2071
2068
2089
2123
2168
2201
2225
2238
2188
2151
2090
2016
1998
1898
1887
1852
1803
1791
1823
1858
1895
1951
2024
2058
2106
2156
2155
2170
2136
2118
2054
2027
1952
1945
1906
1927
1941
1958
1985
2041
2101
2144
2221
2244
2257
2230
2256
2286
2264
2248
2265
2261
2241
2238
2227
2233
2263
2223
2206
2177
2167
2112
2042
2012
1981
1970
1938
1891
1867
1854
1851
1832
1837
1835
1846
1833
1841
1895
1976
2024
2091
2106
2128
2150
2146
2138
2128
2104
2149
2204
2289
2389
2496
2557
2560
2502
2391
2274
2104
1972
1887
1835
1814
1831
1917
1979
2022
2027
2007
2007
1988
1972
1982
1995
2002
2035
2046
2063
2096
2095
2092
2057
2012
2006
2070
2096
2110
2134
2158
2144
2122
2109
2082
2111
2118
2161
2229
2267
2367
2412
2483
2501
2454
2393
2273
2162
2047
1913
1813
1728
1698
1664
1680
1727
1761
1838
1903
1943
1958
1950
1921
1870
1813
1777
1755
1787
1856
1954
2082
2209
2278
2360
2371
2336
2279
2206
2191
2126
2110
2129
2177
2195
2205
2167
2114
2052
1999
1939
1901
1880
1908
1902
1941
2021
2093
2042
1998
1933
1889
1836
1810
1790
1788
1815
1866
1943
2040
2142
2246
2341
2433
2518
2581
2638
2667
2674
2648
2592
2503
2389
2245
2117
1968
1894
1838
1804
1824
1848
1929
2006
2127
2221
2303
2395
2438
2445
2415
2332
2245
2141
2040
1941
1861
1844
1856
1892
1992
2094
2175
2234
2250
2208
2119
1975
1832
1692
1573
1512
1486
1536
1638
1800
1982
2148
2301
2403
2456
2480
2487
2484
2472
2457
2456
2462
2420
2390
2311
2200
2046
1876
1688
1546
1455
1427
1465
1569
1727
1895
2083
2246
2394
2490
2559
2593
2604
2610
2587
2587
2564
2540
2493
2426
2320
2191
2044
1887
1744
1627
1525
1489
1505
1574
1700
1852
2007
2157
2272
2367
2444
2480
2496
2503
1929
1842
1795
1784
1817
1855
1888
1910
1984
2061
2207
2366
2473
2551
2605
2615
2578
2519
2430
2308
2161
2069
2015
2033
2069
2092
2103
2003
1825
1639
1506
1425
1460
1628
1838
2105
2401
2602
2711
2706
2639
2504
2365
2232
2104
2059
2012
2016
2032
2024
2021
1972
1901
1801
1725
1714
1790
1879
2028
2152
2283
2423
2504
2587
2663
2706
2741
2677
2560
2423
2241
2048
1881
1710
1594
1471
1390
1377
1425
1534
1748
1921
2155
2312
2397
2458
2484
2539
2606
2678
2713
2717
2684
2558
2384
2208
2002
1818
1668
1526
1447
1404
1362
1387
1423
1532
1645
1826
1979
2130
2269
2354
2404
2400
2343
2275
2194
2152
2156
2165
2187
2190
2146
2096
2030
1955
1902
1891
2594
2314
2050
1836
1697
1621
1628
1648
1690
1727
1748
1770
1816
1902
2014
2146
2300
2442
2561
2625
2650
2602
2506
2347
2194
2026
1853
1713
1596
1508
1462
1458
1472
1494
1527
1542
1523
1518
1585
1714
1945
2285
2669
3002
3288
3423
3394
3196
2902
2548
2187
1865
1634
1494
1457
1500
1618
1808
2032
2247
2416
2536
2584
2537
2457
2369
2297
2301
2338
2358
2342
2261
2096
1880
1648
1435
1299
1248
1304
1482
1744
2040
2357
2619
2796
2856
2773
2586
2326
2044
1800
1607
1488
1439
1439
1491
1544
1600
1642
1648
1711
1768
1861
1974
2104
2274
2458
2610
2721
2784
2780
2689
2576
2468
2374
2308
2288
2266
2224
2151
2060
1934
1792
1664
1561
1492
1481
1525
2559
2538
2486
2400
2278
2128
1960
1810
1704
1680
1700
1765
1848
1920
1969
2016
2066
2145
2245
2338
2429
2467
2462
2416
2353
2287
2214
2141
2073
1994
1907
1827
1746
1720
1711
1749
1812
1936
2088
2268
2440
2618
2756
2843
2859
2826
2770
2639
2486
2298
2059
1777
1509
1278
1127
1093
1137
1271
1422
1570
1689
1781
1886
1991
2126
2252
2394
2513
2581
2576
2508
2355
2172
1987
1833
1741
1742
1818
1932
2083
2223
2372
2527
2654
2754
2825
2838
2800
2675
2535
2354
2155
1973
1798
1628
1502
1396
1316
1286
1328
1433
1602
1822
2079
2352
2614
2812
2943
2988
2978
2883
2762
2617
2450
2254
2039
1795
1542
1305
1112
983
976
1107
1358
1714
2148
2618
3048
2983
2912
2774
2576
2338
2078
1840
1642
1523
1493
1556
1715
1939
2214
2490
2737
2914
2998
2968
2798
2528
2170
1755
1324
939
624
444
427
604
944
1411
1963
2501
2977
3322
3507
3543
3410
3165
2836
2448
2033
1607
1196
839
590
477
566
832
1257
1765
2292
2756
3083
3242
3236
3100
2873
2623
2402
2257
2213
2244
2326
2403
2420
2350
2182
1941
1672
1413
1221
1120
1136
1249
1446
1705
2015
2334
2655
2940
3164
3299
3316
3198
2931
2572
2151
1744
1384
1121
964
919
959
1073
1229
1410
1610
1819
2075
2371
2715
3034
3269
3376
3320
3100
2761
2358
1967
1645
1427
1341
1373
1472
1592
1676
1705
1690
1633
1612
1655
1800
2038
2374
2740
3090
3369
1782
1659
1588
1558
1537
1508
1457
1384
1311
1244
1204
1173
1159
1160
1198
1270
1416
1671
1982
2350
2704
2993
3176
3237
3187
3058
2870
2652
2425
2187
1955
1722
1502
1312
1168
1084
1070
1125
1258
1468
1739
2066
2414
2759
3052
3261
3370
3382
3324
3205
3051
2883
2732
2598
2463
2311
2144
1960
1795
1670
1628
1692
1840
2061
2312
2508
2622
2622
2492
2252
1954
1641
1341
1103
952
867
863
936
1066
1271
1522
1821
2152
2482
2807
3104
3354
3539
3656
3694
3652
3526
3317
3048
2703
2311
1884
1446
1034
688
447
332
349
489
718
1003
1294
1558
1771
1915
2016
2088
2167
2267
2391
2554
2725
2880
3013
3073
3086
3033
2946
2846
2741
2642
2554
2456
3474
3563
3516
3299
2964
2550
2140
1748
1394
1044
723
431
231
174
311
673
1225
1905
2640
3310
3819
4095
4095
3996
3680
3284
2858
2454
2064
1698
1348
1019
754
576
518
627
895
1295
1773
2233
2637
2955
3186
3331
3394
3380
3304
3183
3054
2937
2839
2779
2734
2695
2648
2582
2491
2335
2124
1854
1517
1133
767
487
382
476
786
1271
1836
2384
2838
3130
3265
3255
3124
2896
2626
2346
2072
1804
1552
1323
1170
1155
1304
1629
2052
2474
2813
2948
2820
2457
1899
1275
707
314
188
333
696
1205
1756
2284
2746
3102
3350
3476
3464
3328
3037
2598
2052
1488
1001
714
721
1013
1515
2088
2597
2953
3113
3064
2847
2508
2102
1701
1308
979
1538
1474
1434
1420
1448
1540
1693
1909
2174
2442
2681
2845
2907
2856
2689
2465
2260
2054
1936
1917
1960
2074
2222
2371
2499
2604
2675
2696
2680
2630
2529
2391
2217
2022
1818
1644
1515
1433
1425
1447
1490
1564
1631
1695
1738
1777
1825
1872
1969
2099
2278
2480
2689
2872
3006
3046
2986
2820
2552
2196
1781
1357
977
664
464
391
447
620
918
1296
1727
2192
2655
3088
3474
3793
4016
4095
4095
3968
3707
3348
2892
2380
1860
1369
948
625
407
338
400
584
855
1199
1589
1983
2381
2759
3104
3394
3608
3725
3716
3588
3356
3038
2638
2191
1747
1335
995
778
698
739
908
1180
1540
1924
2322
2705
3043
3308
3505
3601
3616
3528
3345
3052
4
1
2
3
2
2
3
1
556
1811
3024
4095
4095
4095
4095
4095
4095
4095
4095
4095
4095
4095
4095
4095
2681
1036
3
3
2
1
1
3
1
3
2
2
1
182
1626
3188
4095
4095
4095
4095
4095
4095
4095
4095
4095
4095
4095
3386
1791
415
2
2
3
3
1
2
3
1
1
3
46
663
1390
2205
3064
3906
4095
4095
4095
4095
4095
4095
4095
4095
4095
4095
4095
4095
3303
2096
788
2
1
3
2
1
3
2
0
1
2
3
3
972
2778
4095
4095
4095
4095
4095
4095
4095
4095
4095
4095
4095
3744
2138
672
2
1
1
1
2
2
2
1
3
3
1
4
727
2096
3477
467
2
3
3
1
3
1
1
1
2
1
3
3
437
1011
1614
2226
2848
3472
4068
4095
4095
4095
4095
4095
4095
4095
4095
4095
4095
3478
2791
2092
1450
888
433
72
3
1
2
3
3
2
69
368
718
1104
1553
1988
2451
2877
3248
3577
3840
4023
4095
4079
3982
3769
3522
3194
2808
2438
2063
1712
1451
1239
1140
1119
1166
1305
1502
1722
1938
2144
2289
2448
2515
2550
2574
2572
2526
2500
2466
2427
2375
2300
2204
2089
1947
1780
1631
1475
1366
1262
1235
1252
1254
1346
1478
1634
1821
2063
2270
2516
2751
2947
3109
3246
3308
3318
3289
3185
2996
2750
2421
2026
1582
1117
676
236
2
2
3
2
4
143
669
4
3
3
2
63
505
1005
1460
1864
2226
2547
2871
3143
3464
3800
4095
4095
4095
4095
4095
4095
4095
4094
3645
3110
2543
1989
1450
974
555
201
2
3
2
4
283
727
1261
1831
2404
2848
3136
3274
3183
2921
2537
2136
1768
1489
1327
1316
1376
1496
1604
1650
1635
1546
1458
1373
1390
1467
1662
1963
2363
2827
3294
3781
4095
4095
4095
4095
4095
4095
4095
4095
4095
4095
4095
3784
2991
2140
1343
657
106
2
3
0
3
2
3
1
3
18
18
30
74
208
459
808
1249
1743
2246
2677
2990
3163
3219
3163
3040
2896
2775
2690
2650
2680
2759
2899
3068
3316
3565
3816
4048
4095
4095
4095
4095
4095
3864
3504
3052
