2126
2108
2102
2090
2092
2110
2122
2116
2102
2109
2112
2111
2084
2090
2090
2087
2084
2091
2100
2096
2087
2092
2105
2120
2077
2096
2044
2079
2102
2093
2102
2109
2102
2103
2075
2062
2080
2071
2090
2080
2081
2094
2087
2103
2091
2081
2079
2104
2091
2096
2082
2083
2066
2088
2102
2082
2093
2111
2097
2097
2069
2070
2080
2094
2097
2128
2116
2093
2104
2086
2088
2082
2084
2072
2076
2082
2088
2092
2099
2103
2094
2098
2109
2091
2090
2097
2097
2085
2100
2094
2080
2106
2104
2099
2102
2078
2058
2095
2109
2095
2095
2090
2126
2118
2094
2111
2098
2066
2070
2102
2093
2078
2064
2078
2081
2060
2068
2071
2092
2112
2104
2114
2098
2104
2082
2097
2110
2096
2079
2087
2096
2107
2117
2123
2081
2102
2108
2083
2102
2113
2082
2082
2126
2079
2077
2073
2063
2078
2104
2086
2108
2100
2106
2090
2088
2097
2111
2103
2063
2096
2092
2098
2083
2084
2077
2121
2078
2059
2083
2076
2094
2110
2096
2053
2092
2125
2090
2093
2089
2098
2112
2078
2053
2093
2071
2080
2104
2099
2076
2080
2104
2088
2090
2093
2098
2074
2109
2097
2111
2096
2139
2118
2116
2128
2100
2122
2078
2094
2083
2061
2107
2115
2090
2075
2108
2086
2104
2077
2089
2114
2120
2107
2099
2084
2090
2097
2081
2063
2052
2015
2075
2068
2066
2067
2079
2101
2073
2108
2096
2101
2105
2120
2099
2099
2068
2063
2064
2108
2053
2087
2086
2101
2108
2076
2117
2105
2059
2066
2061
2060
2056
2044
2038
2032
2022
2033
1987
2026
2001
2007
1977
2017
2003
2003
2003
2025
2017
2027
2035
2018
2033
2035
2066
2041
2061
2052
2083
2099
2073
2099
2114
2138
2130
2138
2161
2107
2141
2150
2127
2122
2116
2119
2116
2150
2126
2127
2116
2167
2152
2157
2150
2166
2141
2124
2122
2106
2107
2132
2091
2064
2086
2095
2063
2052
2055
2064
2028
2033
1994
2051
2035
2046
2034
2035
2018
2034
2069
2057
2025
2010
1989
2024
2013
2012
1992
2006
2013
1984
1979
2005
1999
2013
2005
1990
1985
1961
1983
1933
1969
1958
1940
1971
1947
1904
1896
1949
1929
1934
1950
1971
1963
1970
1970
1969
1936
1987
1993
1971
1980
2028
2016
2024
2038
2030
1924
1925
1938
1899
1940
1911
1931
1943
1944
1957
1944
1970
1945
1991
1971
1978
2012
2004
2056
2050
2051
2055
2064
2088
2064
2068
2060
2095
2077
2079
2082
2076
2098
2096
2120
2131
2143
2141
2128
2146
2163
2156
2148
2120
2114
2074
2070
1983
1933
1850
1805
1751
1738
1706
1712
1670
1709
1718
1730
1750
1800
1831
1900
1952
2011
2068
2109
2129
2146
2175
2174
2190
2169
2180
2181
2190
2200
2198
2235
2223
2259
2263
2248
2262
2248
2214
2160
2105
2080
2036
1956
1939
1939
1914
1868
1888
1890
1911
1967
2025
2080
2173
2193
2245
2328
2366
2355
2390
2361
2344
2326
2261
2236
2198
2137
2147
2100
2091
2091
2146
2170
2232
2239
2273
2299
2310
2333
2347
1942
1977
2061
2131
2199
2238
2286
2309
2312
2296
2285
2241
2206
2190
2151
2126
2103
2103
2089
2098
2102
2100
2069
2075
2053
2052
2030
2030
2037
2037
2023
2016
2034
2071
2078
2114
2140
2160
2183
2196
2195
2183
2138
2114
2061
2014
1964
1936
1902
1901
1918
1946
1986
2017
2081
2131
2187
2264
2326
2376
2392
2403
2409
2347
2280
2195
2120
2037
2000
1952
1916
1908
1916
1963
2004
2052
2096
2167
2226
2259
2290
2302
2297
2243
2178
2068
1987
1902
1842
1792
1756
1754
1781
1821
1876
1919
2011
2074
2158
2199
2236
2278
2290
2286
2252
2225
2190
2144
2106
2057
2008
1984
1983
1985
1980
1995
1994
2008
2011
2006
2004
2004
2017
2029
2028
2036
2054
2067
2180
2002
1844
1718
1629
1637
1778
2056
2370
2578
2585
2392
2098
1866
1805
1870
1993
2030
1998
1927
1924
1969
2020
2044
2016
1998
2045
2224
2435
2584
2629
2593
2482
2346
2155
1904
1666
1510
1475
1535
1638
1745
1834
1911
2008
2107
2179
2248
2322
2465
2691
2883
3011
2960
2766
2514
2222
1951
1727
1584
1572
1655
1774
1837
1843
1824
1834
1908
2028
2181
2329
2448
2471
2386
2207
2013
1885
1904
2025
2170
2273
2340
2372
2418
2475
2507
2492
2400
2268
2110
2005
1933
1941
1943
1940
1947
1979
2000
1976
1856
1736
1699
1822
2083
2362
2487
2493
2454
2464
2502
2481
2356
2201
2081
2088
2069
1973
1822
1676
1631
1662
1738
1804
1863
1931
2012
2101
2147
2216
2030
1872
1767
1734
1779
1890
2050
2208
2326
2415
2450
2416
2325
2204
2049
1919
1840
1824
1885
1979
2111
2245
2322
2342
2346
2261
2138
2012
1912
1813
1763
1762
1815
1938
2060
2174
2281
2344
2331
2253
2140
2015
1878
1749
1685
1695
1766
1893
2024
2173
2272
2358
2383
2352
2283
2180
2048
1945
1878
1873
1917
2023
2183
2362
2516
2604
2642
2612
2485
2296
2053
1822
1632
1523
1503
1571
1732
1956
2212
2460
2637
2731
2703
2562
2309
2055
1783
1592
1519
1543
1719
1972
2274
2578
2808
2932
2928
2803
2579
2273
1948
1660
1444
1327
1324
1458
1657
1922
2193
2429
2580
2606
2510
2304
2060
1824
1636
1560
1570
1704
1896
2108
2293
2395
2424
2347
2218
2470
2477
2392
2309
2239
2154
2064
2007
2024
2079
2106
2083
1929
1770
1717
1632
1571
1496
1483
1537
1596
1612
1608
1696
1957
2329
2677
2855
2839
2738
2626
2485
2316
2079
1906
1778
1685
1627
1609
1656
1740
1832
1986
2112
2216
2282
2339
2380
2407
2363
2280
2218
2182
2088
1968
1779
1646
1639
1704
1839
2045
2272
2471
2616
2709
2780
2809
2784
2718
2566
2301
1952
1587
1457
1546
1665
1677
1696
1825
2136
2353
2392
2328
2321
2354
2254
2009
1755
1687
1792
1884
1841
1747
1686
1759
1921
2088
2216
2261
2302
2365
2501
2512
2368
2164
2032
1966
1916
1783
1682
1724
1847
1910
1920
1932
2012
2162
2333
2482
2554
2594
2608
2637
2651
2580
2412
2226
2072
1822
2074
2396
2660
2786
2743
2514
2128
1702
1303
1040
996
1206
1630
2206
2757
3137
3267
3120
2737
2183
1677
1275
1099
1174
1448
1845
2281
2593
2770
2734
2518
2176
1803
1490
1348
1390
1583
1932
2282
2611
2794
2794
2633
2368
2093
1888
1771
1823
1998
2211
2461
2635
2666
2619
2402
2167
1894
1700
1572
1547
1672
1852
2059
2229
2286
2264
2142
1990
1864
1805
1834
1945
2112
2271
2362
2372
2321
2224
2162
2127
2127
2114
2092
2054
1977
1886
1814
1801
1852
1962
2140
2336
2527
2676
2736
2704
2518
2230
1912
1588
1352
1248
1284
1432
1660
1933
2113
2254
2356
2414
2440
2463
2466
2468
2464
2472
2483
2391
2215
1983
1689
1408
1223
1196
1346
1657
2058
1936
2133
2245
2210
2093
1942
1815
1766
1854
2099
2419
2658
2731
2675
2508
2274
2026
1854
1755
1619
1399
1209
1198
1327
1464
1598
1825
2210
2602
2790
2770
2710
2698
2666
2517
2338
2252
2210
2103
1937
1868
1978
2211
2369
2398
2351
2296
2230
2126
2028
1948
1883
1852
1920
2098
2317
2503
2661
2815
2901
2797
2449
2032
1700
1464
1250
1090
1134
1397
1704
1912
2058
2264
2504
2620
2475
2191
1904
1631
1344
1110
1029
1126
1299
1512
1799
2181
2541
2772
2912
3064
3224
3237
3028
2686
2354
2072
1782
1456
1228
1131
1242
1481
1800
2096
2333
2482
2555
2591
2574
2493
2321
2118
1982
1967
2014
2049
2054
2044
2090
2211
2335
2412
2435
2448
2526
2613
2648
1737
1608
1617
1788
2032
2302
2550
2765
2872
2871
2770
2569
2346
2129
2021
2027
2192
2408
2618
2693
2526
2197
1765
1337
1051
974
1205
1642
2220
2768
3197
3444
3528
3407
3075
2580
1996
1394
856
492
424
701
1322
2110
2841
3254
3244
2844
2300
1802
1564
1593
1847
2081
2185
2120
1905
1619
1387
1289
1444
1802
2276
2661
2860
2808
2543
2126
1676
1253
910
717
693
836
1173
1691
2308
2856
3153
3096
2718
2177
1690
1404
1456
1800
2234
2591
2685
2492
2051
1500
1073
790
725
854
1166
1568
1978
2289
2410
2335
2172
2079
2200
2566
3086
3562
3758
3557
2996
2270
1619
1173
1041
1068
1230
1453
1752
2121
2464
2681
2773
2701
2538
2480
2628
2961
1585
1364
1180
1166
1298
1451
1508
1439
1372
1395
1543
1677
1684
1535
1236
992
855
887
1140
1529
1994
2455
2932
3448
4012
4095
4095
4095
3963
3286
2626
2151
1837
1610
1377
1158
987
918
1049
1324
1661
1899
1943
1774
1455
1104
884
864
958
1076
1191
1277
1383
1557
1838
2246
2758
3329
3807
4095
4095
4032
3836
3644
3413
3104
2649
2030
1317
680
303
272
567
1091
1628
2117
2428
2614
2672
2663
2611
2533
2418
2203
1837
1366
852
503
456
730
1334
2078
2814
3384
3759
3931
3930
3811
3600
3276
2834
2277
1630
918
278
3
2
3
176
863
1702
2536
3250
3763
4016
4020
3828
3463
3012
2497
1998
1547
1199
954
856
858
992
1245
1743
2121
2199
1840
1237
692
462
638
1129
1751
2391
3027
3630
4095
4095
4095
3678
2536
1029
3
3
3
3
393
1352
1936
2121
2163
2352
2791
3333
3756
3859
3614
3105
2538
2104
1923
1965
2082
2100
1916
1650
1443
1430
1535
1627
1575
1390
1118
879
782
882
1247
1825
2516
3148
3571
3732
3710
3603
3514
3382
3178
2889
2528
2168
1825
1566
1446
1397
1373
1294
1186
1078
996
949
950
947
849
648
498
577
1070
2096
3508
4095
4095
4095
4095
4095
4095
4016
2540
938
2
3
3
1
2
4
1219
2687
3765
4095
4095
3880
3212
2521
1961
1662
1646
1878
2314
2874
3350
3595
3544
3219
2865
2562
2358
2312
2428
2686
2988
3262
3416
2
12
474
1081
1648
2091
2380
2512
2533
2498
2419
2335
2240
2106
2005
1946
2022
2278
2696
3154
3558
3769
3719
3416
2937
2341
1747
1192
699
308
1
2
1
191
806
1654
2641
3587
4095
4095
4095
4095
4048
3443
2760
2082
1438
894
487
259
234
426
751
1208
1746
2308
2826
3259
3539
3676
3599
3369
3064
2744
2423
2086
1732
1359
963
636
415
381
565
970
1518
2168
2843
3436
3924
4095
4095
4095
3702
2851
1783
692
2
3
4
3
1
2
931
2322
3752
4095
4095
4095
4095
4095
4095
3268
1883
599
4
2
1
3
3
413
1902
3433
4095
4095
4095
4095
4095
3166
1762
400
4
2
3
3
4
376
1841
3385
4095
4095
4095
4095
4095
4095
4095
4095
4095
3894
2094
3
1
2
3
1
3
2
2
3
3
2
4
1
949
4095
4095
4095
4095
4095
4095
4095
4095
4095
4095
4095
4095
2814
2
1
1
1
1
1
2
2
1
1
2
2
1366
3632
4095
4095
4095
4095
4095
4095
4095
4095
4095
3885
2028
124
4
1
0
1
3
2
1
2
1
1
872
1895
2687
3287
3732
3992
4092
4002
3717
3250
2640
1923
1184
473
1
3
1
2
3
3
632
1474
2331
3095
3728
4095
4095
4095
4095
4095
3950
3553
3137
2713
2376
2143
2018
2016
2100
2238
2427
2591
2752
2864
2888
2848
2734
2548
2323
2052
1718
1335
953
614
