2084
2091
2093
2092
2084
2090
2093
2094
2094
2092
2094
2088
2094
2093
2095
2097
2101
2096
2096
2097
2097
2095
2094
2093
2093
2104
2104
2101
2101
2096
2099
2101
2099
2101
2104
2098
2099
2104
2099
2104
2104
2103
2101
2103
2105
2105
2102
2103
2104
2104
2102
2105
2108
2104
2106
2105
2102
2107
2104
2104
2101
2108
2103
2106
2104
2110
2111
2105
2105
2108
2113
2112
2109
2109
2103
2104
2104
2114
2108
2108
2111
2108
2108
2107
2104
2110
2113
2113
2116
2117
2114
2118
2109
2104
2110
2110
2107
2109
2115
2115
2112
2112
2113
2110
2111
2106
2109
2111
2106
2105
2111
2113
2110
2110
2118
2109
2111
2113
2112
2103
2106
2105
2108
2107
2108
2110
2107
2105
2096
2101
2097
2095
2102
2108
2106
2103
2103
2102
2098
2102
2098
2098
2096
2103
2096
2093
2097
2091
2095
2097
2094
2089
2091
2086
2089
2093
2096
2099
2101
2101
2097
2089
2096
2095
2092
2089
2094
2100
2099
2102
2094
2094
2092
2094
2098
2092
2098
2096
2094
2102
2097
2100
2095
2098
2096
2103
2099
2101
2102
2102
2102
2099
2103
2097
2102
2104
2104
2104
2093
2097
2093
2096
2093
2100
2103
2097
2093
2096
2100
2096
2093
2099
2096
2101
2097
2101
2099
2100
2097
2097
2097
2099
2095
2096
2097
2098
2094
2099
2099
2096
2098
2093
2100
2097
2101
2096
2099
2100
2101
2099
2092
2098
2099
2099
2100
2102
2104
2108
2104
2103
2101
2105
2105
2106
2098
2097
2113
2114
2114
2109
2111
2103
2100
2095
2097
2091
2091
2088
2083
2093
2080
2085
2087
2097
2088
2083
2071
2079
2095
2089
2090
2092
2099
2101
2098
2096
2103
2111
2100
2108
2112
2114
2119
2125
2136
2132
2145
2140
2138
2136
2135
2160
2160
2145
2158
2160
2155
2164
2164
2164
2170
2174
2168
2162
2162
2159
2159
2157
2156
2150
2142
2143
2132
2134
2122
2125
2114
2110
2103
2092
2089
2085
2079
2072
2059
2050
2040
2037
2028
2024
2014
2005
2004
1992
1984
1981
1978
1971
1962
1963
1952
1945
1943
1942
1935
1932
1926
1923
1932
1932
1935
1927
1926
1932
1936
1943
1947
1953
1953
1967
1970
1990
1997
2010
2011
2025
2041
2052
2060
2073
2081
2098
2106
2123
2043
2106
2162
2217
2257
2289
2309
2323
2310
2278
2254
2215
2168
2136
2094
2056
2034
2025
2017
2029
2034
2066
2085
2120
2149
2181
2196
2205
2212
2225
2203
2181
2151
2116
2081
2046
2006
1976
1956
1944
1938
1935
1947
1969
2010
2043
2088
2132
2186
2232
2264
2297
2310
2310
2309
2271
2217
2151
2096
2030
1960
1909
1848
1807
1788
1779
1787
1812
1841
1891
1938
1993
2038
2098
2136
2167
2190
2212
2201
2180
2151
2099
2051
2001
1963
1928
1891
1874
1874
1890
1916
1963
2003
2068
2112
2170
2224
2257
2289
2310
2336
2299
2288
2251
2189
2155
2099
2057
2027
2009
2013
2029
2046
2087
2111
2144
2158
2187
2196
2201
2182
2167
2149
2132
2108
2059
2038
2007
2036
2047
2062
2097
2175
2271
2358
2389
2366
2327
2306
2294
2230
2118
2049
2040
2096
2108
2060
1986
1974
2000
2000
1978
1949
1966
2003
2043
2012
1991
1963
1987
2005
2017
2053
2087
2141
2153
2143
2121
2093
2090
2108
2107
2133
2150
2207
2230
2236
2205
2176
2177
2178
2164
2121
2087
2058
2055
2036
1976
1914
1857
1846
1837
1819
1827
1857
1905
1950
1995
2024
2070
2084
2110
2136
2197
2232
2255
2240
2230
2213
2190
2160
2106
2087
2066
2021
1980
1982
2018
2060
2073
2060
2085
2156
2242
2286
2251
2184
2099
2002
1896
1839
1810
1834
1875
1909
1965
2016
2103
2194
2270
2349
2420
2469
2512
2555
2584
2548
2480
2397
2289
2212
2139
2024
1916
1878
1861
1805
1713
1696
1766
1903
2080
2240
2350
2397
2351
2275
2174
2070
1977
1910
1872
1873
1904
1962
2024
2058
2093
2130
2169
2194
2214
2226
2213
2173
2131
2082
2056
2032
2007
1973
1923
1879
1838
1836
1880
1972
2112
2252
2370
2424
2383
2268
2105
1922
1789
1743
1792
1939
2136
2335
2478
2516
2456
2315
2155
2008
1912
1914
1966
2072
2189
2301
2394
2455
2478
2468
2418
2334
2211
2059
1914
1808
1755
1796
1909
2035
2133
2163
2108
2023
1952
1934
1975
2046
2110
2141
2122
2073
2008
1952
1932
1948
2007
2086
2163
2223
2250
2250
2234
2213
2185
2131
2063
1996
1961
1995
2084
2240
2418
2542
2580
2501
2336
2148
1994
1902
1870
1873
1892
1908
1935
1997
2084
2089
2087
2111
2152
2120
1984
1875
1852
1864
1859
1867
1990
2133
2236
2247
2280
2297
2266
2176
2117
2165
2268
2319
2338
2442
2558
2491
2228
1993
1872
1825
1803
1839
1948
2085
2237
2379
2455
2459
2411
2337
2185
1943
1725
1616
1625
1668
1777
1989
2256
2434
2526
2614
2696
2683
2536
2293
2027
1817
1679
1582
1520
1598
1870
2205
2417
2443
2424
2427
2437
2364
2236
2075
1944
1917
1922
1930
1926
1978
2026
2051
2036
2048
2086
2111
2066
1980
1937
1940
1944
1945
1912
1902
1944
2056
2135
2109
1977
1928
2006
2117
2132
2069
1997
1962
2015
2151
2284
2298
2235
2196
2272
2358
2380
2286
2161
2154
2208
2274
2225
2102
2074
2194
2325
2347
2302
2239
2135
1866
1750
1696
1724
1784
1909
2046
2138
2173
2177
2179
2143
2087
1978
1847
1733
1736
1861
2010
2144
2227
2288
2304
2294
2248
2160
2106
2165
2347
2544
2621
2566
2393
2188
1962
1817
1813
1917
2116
2299
2365
2348
2363
2383
2356
2263
2115
1918
1773
1763
1911
2055
2085
2041
2021
2093
2269
2400
2351
2160
1950
1869
1898
1989
2096
2157
2148
2120
2086
2021
1912
1830
1804
1840
1877
1886
1910
1966
2072
2164
2179
2102
1967
1952
2086
2230
2245
2148
2100
2101
2096
2005
1850
1745
1766
1903
2014
2060
2112
2182
2215
2212
2216
2250
2302
2328
2252
2080
1891
1767
1732
1826
2036
2238
2333
2365
2447
2568
2511
2238
1920
1823
1968
2148
2196
2216
2310
2396
1826
1833
1926
2082
2226
2318
2353
2340
2278
2197
2105
2022
1984
2012
2104
2209
2263
2248
2186
2130
2121
2168
2244
2332
2406
2425
2363
2208
1974
1742
1581
1541
1631
1827
2074
2308
2460
2482
2357
2153
1938
1804
1771
1833
1934
2032
2106
2129
2101
2020
1911
1834
1837
1909
2042
2179
2267
2317
2316
2300
2253
2189
2118
2077
2069
2088
2115
2133
2123
2093
2056
2033
2032
2050
2066
2076
2075
2074
2072
2099
2108
2110
2084
2063
2056
2062
2046
2017
1977
1961
2000
2102
2243
2368
2449
2460
2400
2263
2065
1849
1674
1592
1640
1786
1988
2201
2372
2482
2488
2387
2200
1989
1854
1844
1954
2126
2278
2339
2266
2103
1900
1744
1707
1790
1984
2220
2414
2491
2065
2122
2106
2089
2122
2231
2315
2228
2018
1860
1910
1997
1954
1865
1857
1900
1873
1890
2085
2372
2541
2526
2443
2332
2183
2032
1960
1952
1936
1999
2098
2086
1983
2010
2140
2176
2121
2192
2363
2357
2239
2296
2530
2604
2390
2146
2066
2077
2012
1958
1973
2013
1980
1939
1980
2088
2110
2004
1921
2025
2168
2121
1955
1970
2228
2454
2501
2528
2576
2490
2256
2013
1870
1766
1709
1796
2049
2345
2524
2524
2340
2123
2007
2021
2034
2006
1953
1931
1913
1921
1958
1966
1958
2003
2076
2129
2153
2177
2204
2258
2329
2350
2195
1895
1588
1380
1298
1371
1566
1782
1994
2228
2448
2539
2520
2497
2497
2473
2408
2290
2130
1968
1869
1826
1808
1835
1885
1939
2782
2881
2773
2515
2171
1842
1616
1540
1630
1824
2068
2277
2416
2431
2343
2164
1969
1797
1695
1719
1912
2209
2548
2777
2843
2690
2390
2029
1714
1519
1473
1574
1803
2093
2376
2551
2581
2470
2246
2024
1868
1842
1941
2115
2305
2419
2439
2332
2111
1825
1576
1437
1482
1684
1966
2256
2472
2587
2592
2489
2320
2085
1822
1561
1395
1365
1517
1808
2172
2503
2766
2946
2933
2784
2532
2270
2083
2044
2123
2260
2392
2447
2383
2200
1951
1718
1574
1567
1667
1825
1973
2094
2177
2201
2180
2101
1967
1800
1680
1661
1765
1972
2173
2301
2323
2245
2100
1951
1832
1782
1804
1873
1991
2100
2194
2257
2283
2276
2246
2231
2219
2203
2158
2072
1964
1884
1893
1984
2492
2643
2527
2275
2030
1859
1770
1814
1993
2206
2271
2162
1992
1873
1838
1876
1904
1908
1845
1834
1997
2292
2556
2680
2727
2781
2743
2440
1929
1456
1223
1259
1488
1872
2346
2747
2944
2993
2953
2788
2401
1890
1446
1209
1137
1188
1375
1774
2320
2758
2878
2643
2220
1802
1530
1409
1402
1534
1816
2220
2600
2824
2846
2763
2626
2445
2152
1778
1450
1341
1437
1683
2026
2415
2713
2782
2595
2260
1939
1673
1457
1333
1408
1693
2076
2377
2548
2640
2690
2643
2462
2173
1921
1840
1922
2128
2325
2426
2332
2045
1709
1493
1439
1526
1702
1954
2293
2680
3011
3132
3016
2768
2561
2401
2188
1883
1605
1495
1609
1884
2218
2460
2512
2342
2085
1864
1757
1723
635
366
564
1053
1759
2453
3032
3285
3054
2479
1668
942
552
672
1270
2047
2704
3050
3101
2806
2343
1864
1473
1414
1637
2100
2488
2540
2224
1778
1558
1705
2113
2540
2739
2750
2721
2769
2865
2808
2440
1877
1428
1353
1601
1951
2099
1987
1846
1986
2416
2933
3296
3276
3104
2997
3130
3171
2754
1875
844
55
29
536
1335
2028
2500
2885
3310
3604
3425
2675
1531
457
37
310
1096
1848
2309
2424
2505
2762
3134
3386
3248
2760
2361
2197
2173
1871
1211
431
2
164
812
1603
2266
2797
3198
3427
3352
2943
2412
2098
2118
2335
2509
2522
2438
2411
2312
2040
1497
1043
994
1476
2192
2695
2807
2653
2412
2061
1633
1231
1091
1378
2038
2702
2404
2507
2500
2462
2435
2290
2084
1837
1670
1592
1646
1774
2003
2259
2425
2471
2420
2353
2211
2055
1854
1720
1643
1725
1935
2283
2699
3024
3250
3394
3351
3164
2853
2409
1925
1465
1144
1043
1084
1339
1670
2093
2487
2824
3076
3208
3215
3051
2780
2389
1990
1484
1019
639
464
579
924
1398
1926
2460
2946
3299
3545
3554
3318
2827
2187
1572
1157
1005
1256
1696
2276
2838
3193
3201
2856
2144
1223
441
22
173
910
2055
3368
4095
4095
4095
4095
3624
2231
786
4
3
2
1
1072
2636
3914
4095
4095
4095
3279
2157
1156
454
186
446
1228
2282
3371
4095
4095
4095
3351
2331
1354
602
197
218
527
1110
1755
2394
2891
3114
3078
2729
3461
4095
4095
4095
4095
4095
4095
4095
4095
4087
3044
1738
421
2
1
2
2
5
3
1
2
755
2577
4095
4095
4095
4095
4095
4095
4095
4095
3853
2454
1004
2
2
1
3
0
2
1
2
1
837
2560
4095
4095
4095
4095
4095
4095
4095
4095
4009
2766
1560
420
1
2
3
2
1
2
3
749
2236
3562
4095
4095
4095
4095
4095
4095
4095
3330
2328
1367
576
60
2
7
378
958
1568
2119
2601
2995
3278
3412
3420
3301
3086
2820
2516
2138
1739
1322
909
595
510
684
1119
1818
2738
3688
4095
4095
4095
4095
4043
3116
2065
1102
335
1
2
2
4
3
2
258
989
1975
3061
4095
4095
4095
4095
