2091
2069
2047
2083
2053
2060
2085
2102
2067
2078
2100
2073
2098
2096
2084
2077
2070
2084
2115
2118
2094
2106
2078
2106
2109
2091
2104
2110
2107
2124
2102
2107
2109
2104
2092
2088
2109
2074
2070
2093
2086
2094
2066
2096
2115
2096
2073
2124
2112
2061
2085
2091
2103
2099
2087
2062
2071
2078
2096
2080
2072
2081
2071
2084
2102
2088
2082
2090
2094
2093
2136
2086
2087
2087
2103
2106
2081
2074
2108
2106
2120
2085
2070
2125
2108
2054
2115
2102
2103
2109
2130
2096
2078
2109
2104
2096
2123
2092
2068
2064
2087
2097
2088
2082
2085
2104
2075
2085
2092
2101
2110
2085
2057
2079
2102
2122
2124
2083
2077
2112
2089
2098
2098
2119
2074
2105
2081
2109
2007
2026
2005
1999
2008
2019
2024
2028
2041
1994
2017
2007
1979
1992
2048
2032
2025
2036
2049
1999
2029
2050
2039
2040
2083
2059
2070
2078
2078
2074
2088
2079
2123
2115
2110
2136
2141
2130
2121
2154
2143
2132
2144
2144
2124
2118
2134
2121
2105
2138
2124
2127
2134
2136
2137
2134
2133
2147
2115
2116
2104
2097
2121
2088
2098
2090
2106
2126
2099
2090
2096
2117
2101
2141
2105
2113
2098
2122
2118
2101
2088
2114
2092
2064
2067
2063
2092
2061
2039
2061
2061
2096
2096
2070
2057
2058
2060
2067
2095
2084
2080
2096
2096
2108
2103
2120
2122
2090
2092
2127
2092
2074
2084
2118
2117
2081
2087
2087
2086
2096
2095
2081
2074
2083
2102
2118
2113
2098
2096
2102
2114
2065
2064
2056
1995
1969
1977
2009
1984
1984
1992
1991
1973
2020
2032
2047
2039
2063
2058
2035
2095
2099
2124
2178
2194
2186
2177
2226
2213
2214
2222
2195
2200
2188
2224
2170
2133
2109
2101
2108
2074
2031
1991
2002
1972
1947
1941
1933
1918
1925
1941
1955
1929
1958
2019
2010
2045
2068
2109
2161
2169
2209
2246
2304
2328
2319
2355
2365
2374
2368
2356
2392
2382
2317
2275
2240
2214
2184
2132
2080
1989
1939
1897
1869
1833
1785
1759
1727
1689
1697
1714
1709
1751
1790
1780
1850
1899
1957
1987
2057
2136
2168
2222
2290
2291
2337
2422
2403
2401
2390
2392
2388
2367
2365
2341
2300
2250
2183
2157
2113
2113
2062
2002
1985
1945
1898
2139
2086
2042
2008
1998
1935
1864
1816
1762
1786
1817
1907
2006
2093
2116
2146
2169
2164
2180
2223
2237
2253
2240
2205
2194
2139
2102
2105
2093
2072
2040
2030
2018
2048
2096
2160
2219
2257
2285
2307
2312
2280
2264
2249
2238
2158
2082
1984
1902
1821
1821
1832
1845
1877
1911
1988
2046
2129
2194
2261
2288
2292
2260
2262
2255
2225
2228
2171
2148
2076
2039
1999
1984
1991
1981
1951
1955
1925
1898
1922
1946
2031
2097
2097
2183
2243
2300
2314
2351
2346
2338
2324
2317
2256
2243
2195
2144
2075
2008
1907
1922
1885
1896
1928
1908
1935
2010
2063
2126
2184
2220
2267
2270
2250
2224
2181
2129
2094
2058
1977
1972
1986
1988
1968
1965
1946
1931
1977
2154
2025
1915
1820
1784
1753
1822
1911
2050
2172
2276
2336
2380
2329
2229
2127
2053
1966
1861
1830
1806
1879
1954
2045
2182
2300
2313
2328
2274
2199
2073
1991
1883
1839
1860
1912
1982
2083
2173
2289
2331
2346
2323
2284
2182
2140
2023
1993
1992
2004
2044
2066
2083
2143
2178
2161
2104
2122
2142
2158
2142
2177
2194
2224
2217
2146
2085
2015
1931
1828
1774
1741
1738
1805
1942
2060
2199
2298
2351
2325
2285
2189
2070
1989
1933
1957
1985
2035
2098
2184
2232
2239
2214
2134
2096
1994
1915
1851
1865
1926
2050
2173
2283
2327
2309
2271
2178
2057
1907
1793
1735
1734
1780
1835
1909
2034
2135
2210
2221
2252
2194
2123
2071
2054
2084
2134
2170
2217
2053
2011
2048
2161
2184
2126
2079
2175
2257
2255
2155
2093
2094
2252
2350
2346
2327
2378
2320
2114
1899
1804
1730
1721
1720
1714
1804
1907
2056
2268
2522
2644
2588
2511
2392
2261
2042
1903
1821
1838
1787
1786
1958
2213
2327
2360
2309
2330
2344
2276
2106
1937
1909
2025
2043
1961
1929
2004
2164
2124
2102
2196
2327
2320
2245
2216
2243
2278
2240
2108
2085
2056
1974
1859
1840
1852
1930
2026
2121
2236
2326
2340
2266
2143
2084
2018
1955
1930
1979
2001
2022
2053
2000
2046
2074
2078
2044
2079
2110
2133
2090
2082
2042
1982
1896
1894
2009
2168
2265
2338
2393
2300
2213
2131
2026
1921
1799
1850
1899
2025
2175
2294
2445
2508
2479
2395
2304
2207
1938
1972
2010
2040
2030
2069
2059
2087
2038
2022
1965
1963
2027
2088
2153
2171
2183
2184
2166
2097
2054
2024
2005
2022
2040
2050
2011
2020
2058
2058
2076
2104
2137
2229
2306
2369
2343
2293
2196
2046
1915
1820
1804
1872
2017
2158
2197
2233
2255
2214
2134
2083
2041
2017
2020
2016
2111
2155
2152
2190
2192
2176
2072
1996
1904
1857
1884
1924
2041
2165
2273
2344
2312
2283
2210
2163
2075
2007
1925
1861
1872
1929
2013
2111
2182
2201
2174
2081
1924
1791
1693
1645
1700
1806
1931
2074
2169
2277
2333
2305
2190
2094
2026
2006
2035
2160
2222
2268
2259
2236
2160
2104
2024
2003
1988
2020
2089
2253
2428
2520
2575
2579
2464
2257
2132
1959
1801
1719
1853
1782
1948
2251
2373
2312
2078
1939
1878
1881
1929
2007
2182
2309
2394
2430
2323
2353
2388
2333
2084
1751
1522
1517
1669
1914
2176
2331
2408
2490
2673
2740
2557
2343
2160
1942
1809
1692
1658
1688
1716
1856
2202
2600
2733
2498
2153
1823
1619
1440
1281
1179
1191
1399
1768
2141
2523
2901
3062
2847
2438
2037
1874
1838
1821
1781
1835
1890
1947
2170
2430
2662
2648
2420
2106
1852
1548
1381
1408
1517
1712
1927
2090
2364
2623
2631
2510
2370
2234
2074
1884
1691
1660
1747
1910
2101
2301
2500
2627
2608
2334
1977
1729
1589
1594
1659
1862
2142
2379
2596
2741
2722
2580
2423
2233
1991
1752
1572
1651
1815
1963
2072
2252
2404
2521
2479
2346
2119
1856
2088
2373
2531
2548
2314
1944
1605
1409
1441
1647
1932
2207
2386
2484
2489
2436
2330
2216
2021
1800
1621
1538
1598
1727
1939
2111
2287
2471
2616
2707
2695
2558
2371
2205
2048
1960
1923
1925
1888
1900
2026
2223
2418
2502
2464
2240
2061
1942
1939
2015
2029
2005
1955
1950
2019
2213
2362
2443
2423
2324
2216
2135
2004
1786
1503
1283
1209
1412
1837
2248
2535
2641
2618
2576
2444
2211
1879
1598
1432
1529
1799
2145
2351
2325
2159
1997
2100
2393
2815
3022
2882
2463
1986
1657
1600
1784
2024
2151
2213
2227
2253
2344
2399
2367
2172
1842
1502
1188
1065
1216
1664
2275
2865
3184
3238
3059
2666
2271
2034
1968
2057
2182
2294
2289
2249
2240
2231
1911
2026
2243
2331
2243
2023
1787
1706
1743
1910
2062
2176
2280
2427
2575
2664
2555
2293
1922
1636
1494
1494
1552
1625
1740
1938
2254
2664
2983
3041
2790
2386
1942
1573
1349
1263
1404
1720
2200
2712
3127
3280
3200
2796
2176
1547
1134
1088
1195
1409
1623
2015
2491
2908
3093
3014
2603
2079
1520
1222
1213
1521
1967
2369
2621
2691
2677
2553
2307
1959
1605
1277
1133
1211
1408
1747
2108
2411
2558
2561
2576
2561
2580
2527
2327
2001
1693
1553
1657
1978
2326
2583
2672
2553
2274
1962
1705
1578
1551
1630
1745
1903
2104
2412
2731
3006
3158
3022
2596
1952
1236
718
534
799
1393
2121
2787
3170
3223
2968
2452
1880
1469
1354
1574
2050
2548
2943
1355
880
652
702
911
1240
1645
2080
2492
2811
3062
3172
3130
2894
2710
2636
2665
2710
2681
2478
2046
1481
933
511
319
341
554
974
1502
2060
2505
2723
2659
2449
2214
2091
2152
2361
2621
2907
3145
3349
3446
3313
2977
2449
1784
1116
564
171
18
215
715
1457
2132
2564
2561
2265
1907
1734
1961
2447
3157
3814
4095
4095
3554
2567
1431
371
0
1
163
884
1695
2348
2775
2978
2891
2596
2218
1945
1897
2125
2547
3031
3361
3378
3163
2786
2421
2026
1640
1278
1134
1267
1621
2103
2356
2284
1891
1470
1278
1347
1716
2232
2745
3166
3462
3527
3323
2904
2427
2042
1876
2001
2383
2721
2834
2506
1801
982
344
34
205
778
1604
2496
2636
2649
2566
2419
2174
1926
1802
1813
1974
2264
2542
2797
2950
3055
3092
3057
2874
2616
2228
1751
1253
839
528
371
332
436
713
1114
1664
2263
2855
3401
3813
4079
4095
4095
3908
3510
2902
2184
1474
874
488
336
394
628
1000
1322
1676
2017
2313
2537
2697
2797
2809
2687
2508
2194
1889
1584
1385
1241
1230
1323
1470
1792
2090
2413
2738
3000
3196
3295
3230
3004
2576
2053
1505
956
567
401
433
669
1068
1582
2212
2811
3377
3808
4048
4095
3890
3460
2865
2160
1422
751
259
41
98
494
1114
1900
2701
3450
3981
4095
4095
3899
3294
2518
1659
815
152
0
0
143
793
1659
2661
3534
4095
4095
4095
4095
3375
2279
1112
34
3242
4040
4095
4095
4095
4095
4095
3769
2921
1965
1057
335
2
1
0
40
397
831
1202
1492
1708
1900
2064
2262
2470
2649
2843
2981
3140
3264
3416
3565
3627
3624
3516
3335
3081
2706
2223
1638
1000
387
0
3
1
0
1
238
807
1518
2255
2979
3667
4095
4095
4095
4095
4095
3748
3249
2760
2339
2011
1779
1593
1421
1252
1117
1070
1070
1137
1332
1618
2016
2426
2804
3066
3141
3012
2686
2255
1768
1250
802
444
210
150
208
508
936
1469
2032
2517
2923
3249
3478
3582
3657
3645
3587
3497
3288
3009
2753
2430
2090
1761
1424
1092
814
602
425
322
265
309
396
564
757
970
1114
1286
1459
1690
1997
2327
2792
3280
3838
1273
1699
2125
2554
2934
3292
3612
3863
4095
4095
4095
4095
4095
4095
4095
4095
4095
4095
4095
4095
4095
4095
4095
4095
4095
3849
3499
3131
2704
2235
1769
1293
810
338
2
2
1
1
0
1
2
0
0
1
0
1
1
0
0
1
0
0
0
380
994
1602
2219
2833
3490
4077
4095
4095
4095
4095
4095
4095
4095
4095
4095
4095
4095
4095
4095
4095
4095
4095
4095
4095
4037
3260
2431
1601
830
98
0
0
0
0
0
2
0
0
0
0
0
0
1
0
1
1
1
1
151
810
1541
2213
2859
3470
4014
4095
4095
4095
4095
4095
4095
4095
4095
4095
4095
4095
4095
4095
4095
4095
4095
4095
4095
4095
612
675
734
800
875
934
997
1075
1163
1205
1280
1363
1456
1528
1573
1671
1732
1795
1880
1940
1998
2086
2128
2227
2293
2362
2414
2501
2545
2614
2674
2734
2788
2844
2866
2950
2983
3064
3079
3158
3191
3237
3297
3322
3357
3408
3455
3480
3517
3527
3578
3606
3618
3656
3668
3686
3704
3718
3734
3751
3736
3766
3755
3758
3770
3776
3748
3772
3757
3736
3728
3715
3700
3688
3658
3635
3622
3599
3593
3582
3522
3481
3470
3432
3381
3370
3328
3301
3249
3205
3185
3145
3137
3088
3057
2995
2969
2932
2888
2837
2785
2770
2711
2671
2636
2586
2559
2513
2491
2434
2386
2358
2312
2265
2233
2187
2161
2132
2091
2088
2030
1965
1948
1920
1843
1844
1807
1800
