2088
2101
2093
2086
2093
2104
2083
2091
2103
2106
2100
2076
2099
2104
2106
2082
2105
2095
2095
2109
2103
2092
2085
2087
2104
2096
2080
2106
2095
2093
2100
2089
2081
2091
2082
2096
2100
2104
2099
2104
2096
2097
2092
2083
2121
2109
2107
2096
2096
2087
2089
2088
2094
2083
2080
2080
2082
2100
2088
2105
2104
2101
2085
2087
2104
2112
2079
2093
2078
2092
2099
2102
2080
2078
2089
2087
2100
2089
2080
2085
2086
2088
2091
2104
2101
2095
2093
2077
2083
2096
2087
2085
2100
2093
2090
2074
2069
2084
2090
2093
2092
2089
2105
2095
2083
2088
2105
2105
2087
2093
2082
2097
2095
2087
2103
2092
2092
2097
2080
2085
2094
2088
2105
2075
2093
2079
2078
2092
2083
2094
2087
2100
2108
2091
2087
2088
2096
2110
2092
2102
2089
2081
2086
2084
2087
2098
2090
2076
2091
2093
2097
2105
2082
2077
2081
2099
2085
2103
2098
2098
2107
2101
2085
2101
2105
2104
2096
2104
2107
2095
2088
2098
2086
2081
2076
2089
2089
2071
2101
2082
2089
2101
2107
2099
2086
2082
2078
2093
2115
2106
2098
2088
2094
2103
2097
2096
2091
2079
2088
2083
2099
2083
2087
2092
2077
2102
2102
2094
2087
2090
2088
2101
2099
2096
2088
2086
2078
2084
2092
2082
2085
2104
2127
2122
2098
2084
2072
2094
2103
2114
2097
2088
2086
2074
2082
2096
2089
2101
2101
2097
2087
2092
2088
2091
2081
2101
2089
2067
2077
2093
2075
2086
2088
2096
2089
2093
2003
1985
1964
1944
1947
1952
1947
1942
1938
1926
1934
1944
1960
1977
1966
1985
1997
2005
2015
2039
2037
2064
2073
2105
2104
2132
2151
2138
2188
2182
2180
2188
2208
2225
2236
2256
2261
2256
2257
2253
2224
2234
2238
2216
2205
2197
2194
2162
2132
2107
2118
2085
2096
2059
2060
2050
2028
2010
1989
1989
1985
1960
1970
1927
1950
1942
1971
1960
1960
1965
1997
2017
1995
2020
2041
2077
2100
2133
2126
2120
2162
2190
2184
2187
2205
2223
2257
2283
2280
2270
2296
2284
2251
2260
2254
2250
2228
2212
2208
2184
2157
2130
2124
2101
2083
2086
2046
2008
1968
1978
1964
1944
1939
1942
1930
1889
1921
1909
1902
1891
1895
1906
1908
1912
1921
1944
1960
1970
2270
2220
2190
2182
2176
2173
2157
2129
2085
2015
1966
1904
1874
1874
1873
1890
1930
1959
1983
2028
2048
2086
2132
2185
2228
2266
2281
2280
2273
2252
2217
2179
2138
2155
2159
2169
2162
2108
2033
1959
1866
1806
1792
1791
1831
1923
1997
2084
2148
2178
2201
2224
2241
2274
2294
2293
2289
2264
2215
2175
2114
2022
1943
1877
1847
1811
1809
1814
1849
1908
1983
2062
2158
2208
2268
2275
2270
2253
2223
2182
2183
2239
2297
2293
2300
2284
2213
2151
2091
2001
1910
1840
1808
1781
1781
1837
1881
1937
2016
2052
2083
2088
2039
2016
2015
2062
2123
2200
2293
2345
2350
2293
2201
2094
2022
1925
1878
1846
1856
1879
1897
1924
1997
2065
2168
2216
2257
2263
2091
2133
2170
2208
2228
2211
2198
2176
2151
2108
2073
2051
2018
2022
2020
2041
2070
2121
2132
2157
2177
2174
2148
2104
2071
2027
2009
2021
2033
2072
2119
2158
2192
2191
2204
2165
2128
2090
2073
2054
2043
2040
2032
2098
2124
2156
2183
2208
2205
2181
2156
2134
2072
2043
2032
2008
2020
2065
2067
2105
2115
2098
2127
2129
2105
2102
2084
2065
2076
2064
2068
2056
2076
2096
2106
2110
2110
2084
2089
2080
2060
2053
2051
2100
2146
2152
2185
2201
2214
2201
2151
2092
2080
2029
2006
1986
1998
2033
2070
2110
2169
2191
2214
2203
2200
2215
2158
2114
2068
2016
1994
1928
1955
1959
1986
2040
2101
2162
2218
2256
2273
2276
2228
2155
2079
1992
1907
1869
2247
2244
2152
2071
1987
1993
2020
2058
2117
2064
1960
1901
1921
2004
2048
2094
2168
2238
2263
2162
2038
2025
2117
2182
2248
2272
2215
2133
2008
1878
1811
1840
1903
1980
2013
2010
2043
2083
2136
2155
2195
2212
2188
2150
2102
2120
2106
2030
2016
2051
2155
2253
2220
2169
2221
2235
2187
2107
2076
2055
1999
1915
1904
2028
2211
2281
2326
2268
2124
1968
1923
1942
1964
1962
1944
1951
1974
2022
2157
2301
2375
2350
2309
2307
2248
2144
2005
1843
1712
1644
1731
1844
1989
2061
2131
2213
2270
2276
2240
2187
2171
2164
2210
2316
2397
2368
2252
2145
2069
2026
2007
2060
2165
2124
1930
1741
1689
1848
2016
2149
2196
2176
2073
1973
1939
1993
2092
2135
2079
2149
2189
2162
2105
2018
1954
1934
1959
2046
2106
2180
2240
2261
2226
2131
2074
2011
2020
2094
2183
2253
2316
2320
2255
2100
1955
1846
1806
1881
2009
2154
2270
2302
2257
2178
2072
1978
1934
1964
2096
2253
2388
2461
2419
2326
2176
1995
1870
1810
1837
1901
1996
2127
2228
2243
2197
2136
2060
2000
1939
1909
1926
1948
1970
2007
2000
2008
2019
2063
2111
2167
2172
2132
2083
2021
1994
1979
2039
2122
2242
2340
2374
2382
2287
2171
2037
1977
1945
1996
2086
2170
2176
2143
2097
2004
1929
1924
1958
2058
2203
2329
2369
2332
2269
2137
2004
1924
1889
1941
2072
2203
2323
2366
2310
2225
2103
2005
1929
1900
1917
1978
2044
2074
2047
1998
1938
1897
2019
1970
2033
2185
2237
2164
2128
2162
2174
2070
1972
1973
1969
1850
1774
1856
2017
2150
2283
2501
2603
2463
2205
2103
2101
2034
1991
2036
2192
2265
2285
2376
2402
2322
2157
2081
2063
1974
1914
1972
2132
2277
2272
2225
2188
2088
1885
1705
1665
1731
1824
2008
2308
2533
2584
2557
2449
2272
1982
1744
1657
1685
1763
1903
2101
2281
2384
2454
2472
2426
2265
2077
1933
1847
1766
1805
1886
1991
2064
2149
2230
2156
1994
1880
1915
1927
1906
1935
2065
2184
2236
2307
2325
2203
2068
2001
1951
1851
1811
1904
2029
2155
2226
2326
2344
2257
2201
2153
2174
2154
2205
2340
2423
2384
2315
2263
2166
2114
2131
2148
2034
1910
1904
1899
1902
1924
2021
2124
1937
2100
2248
2325
2307
2155
1998
1926
1916
1984
2053
1995
1987
1938
1975
2088
2241
2386
2437
2368
2165
1943
1745
1667
1704
1844
2068
2309
2503
2514
2329
2050
1778
1620
1677
1871
2128
2301
2347
2184
1926
1744
1718
1804
2023
2293
2483
2532
2459
2276
2017
1711
1555
1564
1756
2043
2333
2504
2517
2435
2289
2109
1981
1904
1903
2004
2149
2246
2204
2047
1862
1815
1922
2174
2403
2568
2550
2450
2252
2024
1824
1726
1733
1854
2035
2179
2245
2204
2075
1903
1802
1824
1935
2132
2270
2305
2219
2062
1850
1719
1704
1860
2143
2437
2624
2654
2451
2176
1975
1906
1961
2083
2192
2286
2347
2322
2219
2030
1761
1507
1384
1480
1732
2077
2333
2418
2323
2159
1691
1459
1276
1310
1721
2284
2648
2820
2787
2504
1992
1660
1624
1629
1505
1399
1596
2002
2226
2273
2222
2223
2096
1841
1694
1777
2043
2324
2684
2944
2947
2688
2351
2067
1803
1572
1380
1317
1560
2064
2540
2800
2902
2837
2537
2185
2011
1987
1967
1924
1943
2064
2228
2253
2091
1879
1769
1750
1804
2051
2455
2767
2824
2727
2546
2420
2261
1872
1380
1134
1424
2003
2392
2432
2286
2179
2177
2110
1878
1698
1836
2158
2334
2348
2268
2176
2133
2016
1758
1409
1154
1234
1575
2028
2461
2764
2821
2705
2536
2313
2002
1696
1670
1886
2151
2364
2547
2637
2511
2183
1927
1829
1812
1672
1512
1636
2059
2484
2646
2596
2393
2079
1771
1579
1644
1866
2099
2337
2282
1888
1474
1340
1553
1918
2140
2114
1980
2040
2286
2579
2540
2159
1652
1367
1504
1891
2245
2387
2325
2194
2136
2211
2315
2368
2322
2135
1915
1896
2060
2283
2397
2294
2086
1917
1994
2346
2818
3080
2963
2508
1996
1655
1531
1512
1511
1513
1503
1621
1908
2202
2444
2510
2432
2185
1897
1735
1716
1814
1890
1840
1740
1756
1896
2046
2027
1859
1680
1683
2001
2435
2679
2777
2684
2515
2174
1817
1546
1401
1327
1278
1296
1504
1940
2492
3061
3510
3695
3641
3233
2565
1824
1156
753
733
982
1349
1748
2150
2577
3016
3336
3365
3006
2375
1736
1296
1138
1194
1432
1695
2021
2457
2819
3014
2892
2465
1952
1599
1468
1475
1531
1754
2167
2637
2933
2966
3275
3308
2958
2380
1734
1126
573
334
643
1398
2383
3237
3689
3600
3110
2355
1568
889
516
587
1180
2143
3096
3689
3632
2980
2014
1167
788
978
1516
2110
2495
2673
2699
2605
2416
2105
1712
1317
1136
1287
1845
2537
2998
3109
2745
2104
1397
841
664
896
1528
2313
3035
3407
3341
2839
2122
1479
1187
1261
1535
1880
2199
2517
2743
2789
2644
2302
1886
1470
1246
1288
1659
2285
2981
3414
3447
3040
2376
1675
1200
1051
1293
1760
2317
2787
3033
3018
2734
2295
1794
1383
1267
1438
1856
2335
2714
2759
2457
1931
1403
1060
1126
1546
2215
2898
3372
3522
3247
2560
1650
886
525
691
1308
2176
2969
3440
3434
3061
2474
1846
1335
1089
1182
1605
2268
892
1
1
1
1
1028
2442
3517
3994
3788
3162
2560
2283
2419
2867
3349
3702
3905
3934
3667
3002
2051
1165
716
819
1153
1250
798
0
0
1
0
5
1022
2280
3331
4058
4095
4095
4095
3853
3664
3677
3649
3324
2624
1703
913
516
678
1187
1926
2726
3389
3559
2956
1595
2
0
0
0
0
81
782
1381
1944
2473
2898
3295
3718
4095
4095
4095
4095
3640
1919
258
0
1
0
358
1089
1810
2457
2825
2723
2302
2048
2304
2952
3470
3419
2742
1735
826
264
149
408
1117
2123
3030
3521
3478
2956
2356
1886
1711
1694
1621
1443
1309
1397
1752
2127
2500
2724
2997
3197
3197
2886
2258
1625
1273
1264
1481
1590
1568
4095
3840
3002
1896
735
1
0
0
0
515
1689
2952
4095
4095
4095
4095
4095
3974
2632
1088
0
0
1
0
0
188
1508
2885
4032
4095
4095
4095
4095
4095
3208
1949
766
0
1
0
166
985
1918
2757
3390
3708
3800
3701
3455
3114
2623
2018
1441
922
528
375
472
865
1435
2068
2652
3112
3384
3500
3461
3350
3181
2924
2573
2115
1604
1070
582
248
96
165
401
757
1208
1734
2335
2946
3540
4009
4095
4095
3878
3126
2141
1085
170
0
0
1
83
914
1932
3007
4056
4095
4095
4095
4095
4095
3343
1966
581
0
0
0
0
0
0
681
1716
2808
3928
4095
4095
4095
4095
4095
3853
2564
1221
49
1
1
7
0
1
1
0
0
0
0
0
1
0
1
1
1
0
0
636
1456
2237
2934
3546
4090
4095
4095
4095
4095
4095
4095
4095
4095
4095
4095
4095
4095
3826
3460
3114
2787
2483
2196
1980
1783
1603
1423
1262
1069
901
704
482
289
114
0
1
1
1
2
0
0
2
0
4
250
583
951
1344
1724
2120
2505
2829
3111
3376
3596
3752
3882
3966
4083
4095
4095
4095
4095
4095
4095
4095
4095
4095
4095
4095
4095
4095
4095
4095
4095
4095
4095
4095
3664
3023
2321
1600
832
81
1
2
0
0
0
1
0
1
1
1
1
0
0
1
1
0
1
1
1
533
1499
2426
3304
4095
4095
4095
4095
