2079
2097
2096
2096
2095
2084
2086
2074
2092
2072
2095
2093
2070
2072
2073
2079
2078
2089
2061
2069
2082
2097
2094
2072
2088
2103
2098
2106
2105
2089
2107
2087
2102
2087
2107
2097
2085
2096
2109
2106
2096
2093
2080
2078
2078
2085
2073
2069
2104
2097
2094
2099
2091
2100
2104
2118
2101
2084
2104
2100
2105
2098
2097
2098
2084
2071
2083
2079
2079
2076
2105
2091
2105
2089
2087
2089
2089
2084
2107
2096
2083
2092
2108
2112
2084
2098
2081
2086
2087
2100
2100
2096
2096
2097
2091
2112
2108
2092
2079
2094
2081
2086
2091
2086
2089
2081
2082
2100
2082
2110
2101
2105
2108
2083
2078
2085
2112
2094
2107
2098
2098
2094
2096
2116
2129
2105
2090
2108
2092
2082
2083
2085
2085
2102
2104
2091
2115
2107
2095
2090
2096
2115
2091
2109
2093
2083
2080
2083
2088
2095
2099
2093
2092
2095
2092
2087
2102
2076
2082
2092
2096
2096
2080
2072
2080
2096
2084
2086
2087
2104
2113
2091
2104
2086
2095
2094
2088
2095
2091
2090
2107
2098
2093
2090
2105
2093
2089
2095
2107
2074
2070
2098
2091
2084
2096
2103
2100
2075
2093
2106
2077
2072
2099
2080
2094
2101
2100
2124
2112
2102
2100
2095
2093
2100
2093
2078
2080
2092
2095
2086
2104
2093
2094
2082
2082
2099
2081
2084
2103
2114
2097
2089
2083
2082
2077
2085
2084
2085
2105
2103
2116
2116
2093
2092
2080
2079
2078
2090
2092
2077
2091
2084
2084
2090
2086
2055
2098
2099
2125
2123
2125
2110
2157
2149
2131
2172
2172
2166
2180
2180
2165
2175
2168
2173
2167
2172
2186
2152
2162
2133
2126
2133
2117
2112
2081
2068
2065
2051
2058
2030
2028
2001
1993
2003
1976
1964
1965
1970
1942
1959
1973
1959
1943
1941
1948
1946
1949
1982
1984
1990
1992
2000
2010
2021
2022
2033
2049
2055
2089
2088
2094
2093
2122
2120
2130
2152
2156
2172
2160
2184
2188
2171
2196
2187
2193
2201
2200
2213
2216
2239
2231
2220
2209
2189
2201
2196
2192
2197
2178
2178
2160
2153
2132
2113
2111
2121
2105
2091
2072
2072
2065
2052
2023
2012
1995
1993
1989
1978
1987
1977
1981
1969
1972
1970
1948
1955
1971
1980
1978
2000
1984
2006
2044
2042
2219
2198
2166
2122
2093
2059
2016
2000
1976
1953
1938
1910
1912
1941
1958
1984
2031
2079
2113
2130
2161
2140
2149
2147
2180
2172
2192
2188
2183
2217
2236
2257
2273
2285
2318
2321
2310
2296
2280
2243
2190
2139
2109
2037
1975
1955
1907
1894
1879
1875
1862
1894
1912
1955
1992
2018
2055
2065
2081
2100
2109
2096
2079
2051
2021
2010
2009
2015
2012
2020
2027
2057
2073
2087
2095
2092
2114
2141
2108
2090
2090
2057
2055
2034
2018
2040
2040
2057
2079
2107
2135
2159
2186
2194
2200
2186
2174
2166
2137
2133
2104
2077
2076
2073
2063
2064
2088
2102
2096
2100
2096
2042
2027
1993
1960
1932
1922
1907
1908
1960
1969
2046
2108
2181
2245
2290
2321
2340
1851
1794
1855
1937
2063
2127
2195
2281
2338
2376
2340
2298
2268
2249
2209
2175
2109
2029
2004
1975
1954
1951
1940
1989
2041
2071
2090
2081
2053
2023
1999
1966
1964
2029
2093
2127
2152
2134
2179
2235
2254
2218
2153
2134
2128
2104
2093
2107
2140
2123
2089
2061
2053
2050
2069
2104
2161
2185
2236
2243
2241
2185
2123
2080
2050
1993
1916
1846
1843
1895
1970
2038
2053
2096
2180
2254
2296
2300
2263
2268
2269
2235
2123
2021
2010
2041
2032
1982
1916
1937
1992
2045
2063
2072
2108
2174
2223
2228
2193
2187
2163
2146
2105
2093
2077
2074
2072
2051
2070
2062
2085
2102
2140
2170
2150
2142
2118
2096
2068
2038
2029
1988
1960
1960
2006
2044
2036
2058
2490
2439
2327
2156
1967
1829
1776
1783
1881
1974
2121
2223
2319
2365
2366
2301
2185
2047
1904
1806
1786
1795
1908
2001
2123
2198
2247
2275
2232
2176
2122
2075
2073
2098
2157
2203
2247
2255
2231
2201
2204
2194
2191
2125
2051
1999
1967
1991
2034
2116
2162
2171
2108
2009
1942
1872
1856
1912
2016
2090
2144
2137
2076
1997
1981
1998
2013
2036
2057
2041
2018
2014
2024
2075
2139
2183
2220
2203
2180
2122
2055
1987
1941
1940
1985
2042
2128
2213
2282
2337
2361
2345
2280
2156
2032
1902
1818
1753
1760
1808
1879
1975
2123
2210
2261
2255
2173
2055
1971
1907
1914
1965
2027
2051
2029
1990
1960
1976
2030
2133
2236
2323
2319
2287
2254
2248
2217
2179
1911
2027
2144
2185
2219
2274
2266
2184
1997
1861
1801
1866
1990
2068
2103
2077
2111
2176
2206
2137
2115
2163
2225
2264
2257
2248
2261
2289
2281
2222
2086
1925
1791
1719
1787
1967
2168
2303
2429
2474
2376
2179
1929
1831
1818
1825
1832
1852
1922
2053
2216
2323
2328
2240
2129
2022
1960
1897
1843
1790
1862
1969
2078
2169
2217
2265
2282
2293
2274
2202
2062
1971
1927
1987
2071
2065
2019
1949
1920
1961
2114
2263
2358
2376
2390
2357
2304
2266
2242
2138
1992
1866
1789
1811
1946
2107
2250
2365
2402
2340
2212
2048
1913
1826
1798
1815
1838
1905
1992
2068
2120
2144
2152
2156
2148
2140
2134
2167
2203
2223
2177
2145
2067
1973
1929
1922
1906
1920
1717
1965
2191
2289
2290
2281
2316
2337
2348
2402
2440
2362
2183
2075
2137
2243
2324
2328
2271
2154
1983
1887
1981
2148
2205
2111
1970
1907
1960
2054
2124
2209
2260
2268
2231
2141
2107
2152
2217
2228
2238
2272
2294
2233
2129
2005
1940
1891
1856
1826
1826
1856
1928
2026
2142
2234
2173
1978
1822
1811
1951
2116
2240
2312
2287
2200
2107
2189
2369
2384
2182
1865
1651
1614
1650
1775
1971
2147
2215
2182
2186
2311
2400
2396
2230
1922
1717
1698
1879
2169
2424
2538
2472
2277
2154
2088
2016
1879
1792
1855
1982
2032
2065
2172
2344
2359
2229
2088
2035
2065
2056
1963
1869
1921
2082
2148
2100
2050
2064
1938
1761
1692
1824
1922
1981
2201
2439
2510
2173
2139
2130
2133
2156
2136
2107
2079
2063
2102
2094
2088
2020
1937
1836
1773
1734
1776
1881
2035
2200
2353
2415
2397
2312
2191
2078
2067
2110
2168
2201
2180
2118
2041
1949
1902
1900
1963
2100
2263
2388
2429
2360
2216
2059
1964
1919
1926
1978
2027
2106
2164
2189
2145
2105
2013
1969
1934
1946
1961
2021
2075
2094
2068
2048
2018
1955
1893
1897
1945
2032
2143
2239
2280
2258
2211
2121
2048
2011
2024
2074
2199
2285
2321
2244
2100
1942
1821
1833
1915
2060
2187
2290
2336
2289
2158
2010
1875
1785
1816
1900
2021
2132
2240
2271
2258
2184
2125
2064
2048
2012
2007
2034
2088
2159
2203
2198
2134
2053
1996
1980
1990
2026
2077
2150
2235
2258
2190
2276
2187
1879
1643
1659
1813
1944
2115
2331
2438
2375
2158
1908
1732
1627
1649
1788
2024
2290
2514
2659
2726
2680
2482
2223
2068
2026
1908
1764
1725
1827
1967
2064
2181
2282
2262
2133
2008
2028
2148
2164
2088
2098
2152
2242
2351
2346
2242
1957
1714
1603
1623
1709
1808
1931
2078
2228
2322
2337
2359
2341
2217
2079
1978
1879
1755
1715
1776
1888
2000
2153
2245
2282
2212
2064
1959
1967
2057
2110
2105
2163
2286
2373
2310
2144
2014
1888
1718
1551
1498
1638
1771
1830
1978
2282
2528
2595
2491
2383
2295
2121
1989
1978
2028
2031
1959
1953
2032
2040
2012
2020
2026
2007
1991
2026
2013
2000
2053
2159
2227
2196
2223
2267
2269
2233
2213
2203
2196
1769
1863
2062
2244
2391
2468
2479
2462
2379
2256
2081
1884
1728
1633
1650
1755
1960
2230
2433
2516
2471
2310
2116
1935
1850
1872
1981
2129
2241
2338
2382
2364
2286
2123
1960
1872
1856
1976
2184
2412
2537
2524
2355
2092
1850
1670
1612
1596
1662
1834
2066
2270
2418
2462
2458
2400
2272
2091
1893
1800
1864
1995
2134
2184
2165
2048
1956
1891
1831
1773
1751
1703
1691
1732
1875
2101
2356
2493
2555
2519
2420
2245
2063
1901
1786
1702
1672
1702
1848
2047
2258
2451
2543
2556
2515
2392
2196
1970
1803
1705
1687
1679
1683
1775
1931
2161
2431
2640
2708
2502
2212
1941
1775
1796
1930
2036
2078
2068
2093
2184
2366
2497
2506
2394
2276
2212
2196
2151
2825
2605
2330
2210
2284
2424
2388
2154
1845
1670
1653
1760
1833
1943
2047
2149
2211
2197
2111
1980
1939
1994
2118
2278
2424
2510
2466
2272
1953
1680
1524
1544
1717
1945
2180
2333
2379
2331
2172
2039
1951
2032
2157
2255
2264
2216
2180
2251
2437
2566
2562
2386
2098
1820
1628
1677
1913
2251
2499
2543
2385
2151
1958
1904
1970
2069
2107
2076
2021
1996
2061
2174
2196
2167
2041
1938
1948
2026
2166
2260
2208
2030
1796
1633
1660
1871
2145
2455
2637
2659
2497
2202
1819
1495
1328
1392
1666
2030
2331
2511
2532
2446
2272
2092
1950
1871
1841
1902
1988
2088
2216
2322
2401
2345
2141
1792
1418
1156
1191
1454
1921
2447
2839
2972
2792
2345
1749
1230
3081
3320
3367
3141
2592
1772
940
356
347
887
1678
2274
2494
2443
2293
2162
2070
1990
1963
1999
2169
2454
2712
2748
2400
1787
1271
1112
1350
1828
2356
2726
2936
2954
2739
2278
1649
1018
694
857
1360
1916
2332
2447
2374
2274
2158
2134
2179
2314
2560
2824
2920
2723
2176
1477
903
683
811
1227
1796
2424
2926
3176
3185
2967
2604
2256
2030
2029
2158
2283
2348
2296
2065
1727
1360
1180
1369
1801
2275
2564
2659
2624
2503
2368
2200
1986
1845
1916
2167
2362
2256
1777
1183
844
985
1454
1866
2180
2435
2687
2861
2739
2222
1510
1050
1228
1940
2736
3146
3112
2874
2589
2272
1848
1361
1062
1158
1591
2022
2179
1934
1488
1226
1303
1647
2071
2847
3377
3681
3717
3499
3050
2437
1730
1103
595
423
536
954
1594
2353
3107
3727
4095
4095
3986
3359
2468
1490
611
31
1
78
595
1288
2075
2804
3343
3643
3602
3165
2424
1509
693
192
178
578
1305
2245
3178
3862
4095
4095
3955
3246
2280
1208
239
2
0
2
401
1411
2500
3463
4083
4095
4095
3486
2558
1523
653
93
21
399
1186
2161
3120
3836
4095
4095
3577
2720
1724
795
151
3
281
981
1944
2935
3815
4095
4095
3978
3158
2122
1115
358
70
268
919
1813
2735
3516
3961
4034
3619
2804
1779
737
0
1
1
546
1654
2833
3856
4095
4095
4095
3772
2635
1288
59
0
0
0
182
1341
2624
3676
4095
4095
8
0
3
3
1
228
673
1122
1566
2034
2430
2788
3064
3263
3425
3537
3637
3694
3722
3715
3686
3630
3504
3284
3018
2719
2373
2031
1695
1397
1127
889
713
581
518
509
594
737
951
1225
1539
1860
2138
2396
2619
2823
2957
3042
3054
2998
2853
2683
2498
2302
2157
2081
2091
2176
2227
2261
2224
2115
1906
1701
1502
1371
1376
1505
1724
2056
2407
2729
3077
3279
3403
3448
3417
3337
3172
3018
2851
2678
2484
2253
1995
1695
1356
1044
702
397
136
0
0
1
0
1
1
0
142
480
860
1332
1847
2414
3014
3630
4095
4095
4095
4095
4095
4095
4095
4095
4095
4095
4095
4077
3563
2978
2401
1795
1181
558
0
0
0
1
