2093
2116
2099
2072
2040
2057
2079
2066
2046
2058
2071
2120
2142
2122
2081
2144
2150
2088
2100
2104
2129
2098
2096
2073
2095
2097
2062
2059
2085
2080
2099
2095
2137
2102
2133
2137
2106
2118
2114
2097
2138
2104
2084
2099
2078
2109
2102
2076
2106
2092
2076
2085
2045
2108
2100
2135
2082
2096
2094
2080
2102
2091
2056
2074
2057
2077
2065
2094
2076
2098
2114
2117
2101
2116
2065
2134
2116
2130
2110
2104
2085
2088
2096
2126
2124
2081
2115
2116
2120
2133
2080
2087
2111
2134
2108
2121
2080
2067
2097
2086
2086
2096
2121
2088
2038
2087
2087
2102
2115
2147
2104
2072
2084
2099
2142
2101
2070
2069
2130
2106
2101
2102
2071
2107
2106
2130
2084
2080
2115
2138
2105
2069
2086
2125
2121
2116
2084
2069
2101
2109
2070
2074
2084
2047
2069
2047
2080
2112
2077
2080
2058
2081
2079
2066
2086
2125
2146
2124
2101
2127
2073
2147
2124
2129
2099
2096
2086
2088
2126
2081
2072
2033
2094
2104
2108
2076
2085
2099
2090
2125
2123
2091
2122
2118
2096
2098
2088
2078
2073
2060
2069
2041
2093
2098
2060
2055
2053
2062
2062
2082
2067
2034
2040
2096
2094
2066
2084
2116
2077
2085
2115
2147
2054
2091
2124
2128
2110
2036
2060
2089
2090
2091
2091
2105
2088
2096
2136
2091
2092
2086
2104
2076
2052
2062
2095
2091
2076
2096
2102
2051
2064
2079
2100
2103
2087
2076
2026
2106
2096
2074
2110
2126
2132
2125
2090
2080
2110
2100
2132
2127
2119
2104
2088
2102
2117
2131
2104
2123
2114
2125
2140
2109
2117
2109
2120
2096
2132
2106
2064
2138
2113
2089
2122
2112
2124
2088
2081
2066
2099
2084
2082
2115
2080
2048
2079
2056
2071
2082
2080
2097
2086
2091
2104
2132
2126
2096
2080
2088
2102
2074
2096
2102
2066
2093
2135
2129
2122
2121
2116
2148
2157
2126
2126
2126
2126
2123
2087
2118
2140
2141
2117
2117
2112
2093
2129
2111
2102
2104
2085
2072
2066
2055
2099
2038
2045
2064
2028
2063
2078
2072
2045
2075
2083
2050
2048
2080
2112
2077
2104
2073
2122
2096
2140
2118
2125
2115
2110
2097
2096
2117
2085
2069
2080
2062
2037
2047
2006
1988
1984
1942
1972
1949
1904
1902
2332
2312
2256
2237
2177
2210
2186
2114
2098
2061
2027
2023
1974
1980
1956
1968
1994
2016
2040
2063
2060
2078
2083
2109
2100
2071
2040
1966
1928
1886
1813
1754
1714
1671
1625
1652
1698
1714
1706
1760
1817
1864
1878
1944
1919
1935
1919
1917
1929
1940
1943
1997
2020
2071
2109
2124
2216
2265
2322
2375
2412
2386
2440
2448
2416
2408
2364
2324
2307
2266
2244
2229
2219
2196
2132
2138
2109
2104
2118
2158
2134
2093
2102
2076
2056
2027
2004
1966
1947
1946
1907
1939
1955
1988
2041
2086
2134
2181
2269
2311
2354
2343
2346
2324
2302
2240
2186
2105
2000
1946
1915
1898
1879
1882
1906
1973
2043
2117
2213
2292
2365
2427
2465
2404
2390
2300
2309
2140
2051
2095
2081
2113
2136
2133
2184
2180
2200
2200
2205
2214
2178
2173
2134
2116
2136
2107
2115
2063
2037
2010
1955
1918
1899
1876
1816
1767
1741
1728
1723
1725
1733
1794
1861
1930
1999
2081
2203
2270
2383
2472
2563
2636
2714
2813
2843
2874
2892
2852
2769
2699
2582
2466
2320
2187
2008
1913
1740
1618
1520
1463
1442
1465
1476
1520
1588
1669
1766
1873
1985
2139
2256
2390
2476
2554
2636
2666
2667
2675
2673
2646
2584
2464
2380
2246
2172
2042
1935
1851
1802
1694
1635
1584
1608
1620
1648
1708
1726
1784
1911
1970
2056
2119
2208
2213
2225
2242
2240
2175
2127
2096
2019
1978
1881
1829
1765
1732
1720
1676
1718
1705
1769
1763
1832
1906
1988
2041
2446
2460
2416
2415
2409
2405
2456
2562
2618
2726
2708
2689
2592
2492
2393
2264
2197
2116
1936
1736
1531
1400
1344
1301
1388
1465
1606
1799
1916
2001
2004
2001
2056
2160
2276
2420
2495
2528
2572
2559
2525
2458
2406
2326
2288
2182
2166
2071
1975
1911
1896
1891
1888
1922
1896
1872
1786
1616
1600
1582
1641
1836
2049
2270
2400
2474
2522
2542
2568
2607
2706
2786
2737
2584
2387
2181
2066
2046
2110
2136
2079
1929
1782
1638
1665
1741
1884
1998
2050
2014
1974
2071
2165
2288
2368
2407
2420
2389
2370
2396
2348
2394
2424
2382
2351
2252
2168
2064
2028
1953
1905
1890
1859
1872
1788
1717
1693
1689
1736
1811
1909
2010
2056
2048
2085
2080
2119
2191
2554
2408
2281
2154
2000
1887
1759
1669
1619
1600
1619
1644
1661
1772
1894
1994
2144
2300
2417
2478
2548
2626
2626
2606
2566
2446
2413
2343
2220
2129
2070
2052
1967
1932
1866
1921
1880
1892
1931
1964
2030
2032
2071
2110
2094
2120
2143
2143
2114
2118
2102
2070
2003
1995
1929
1874
1834
1751
1780
1783
1791
1827
1857
1911
1923
1940
2035
2059
2087
2097
2048
2099
2142
2072
2058
2051
2047
2028
2070
2117
2132
2155
2218
2268
2346
2404
2425
2472
2481
2464
2442
2383
2381
2339
2301
2255
2173
2126
2035
1968
1932
1814
1766
1720
1698
1642
1630
1696
1744
1820
1911
1939
2010
2056
2066
2095
2114
2082
2087
2081
2010
1966
1942
1872
1850
1823
1788
1815
2336
2429
2505
2558
2559
2533
2420
2280
2172
2046
1941
1868
1852
1880
1974
2056
2185
2323
2464
2558
2630
2673
2725
2711
2686
2631
2525
2388
2274
2146
2044
1946
1884
1845
1832
1846
1892
1921
1944
2000
1996
1972
1913
1879
1820
1786
1779
1797
1793
1882
1950
2084
2171
2228
2263
2266
2211
2126
1962
1794
1645
1487
1392
1341
1323
1370
1470
1593
1729
1879
2000
2077
2144
2162
2169
2192
2200
2193
2243
2267
2278
2298
2288
2281
2226
2144
2055
1997
1966
2014
2076
2174
2246
2272
2254
2179
2066
1907
1764
1691
1652
1700
1808
1986
2186
2319
2507
2583
2636
2602
2539
2479
2423
2416
2433
2466
2524
2529
2516
2443
2352
2264
2157
2140
2098
2120
2108
2058
2394
2340
2310
2266
2236
2164
2100
2016
1974
1880
1808
1722
1660
1627
1576
1574
1590
1599
1684
1800
1924
2070
2236
2364
2451
2495
2528
2559
2555
2516
2456
2450
2354
2300
2282
2271
2301
2333
2360
2368
2352
2313
2225
2125
2006
1828
1714
1623
1590
1548
1587
1691
1766
1852
1927
1958
2008
2040
2064
2100
2151
2232
2311
2399
2477
2558
2617
2620
2569
2514
2408
2274
2120
1981
1840
1735
1700
1668
1723
1793
1894
1975
2108
2212
2304
2336
2336
2301
2265
2203
2141
2098
2028
1982
1968
1929
1929
1906
1891
1888
1861
1836
1793
1736
1710
1676
1707
1740
1832
1902
2001
2102
2218
2315
2409
2466
2511
2527
2538
2504
2458
2380
2344
2260
2196
2122
2071
2027
2287
2274
2195
2092
1992
1899
1850
1822
1865
1947
2109
2278
2449
2638
2759
2857
2884
2860
2771
2611
2431
2226
2042
1854
1683
1600
1557
1556
1617
1692
1775
1866
1912
1945
1932
1903
1850
1813
1798
1795
1794
1809
1878
1949
2039
2190
2353
2510
2640
2757
2794
2770
2662
2508
2317
2089
1854
1684
1571
1548
1570
1668
1804
1990
2174
2359
2527
2634
2698
2716
2700
2629
2511
2406
2271
2159
2048
1969
1920
1869
1841
1818
1828
1850
1858
1913
1967
1974
2007
1994
1987
1970
1941
1908
1906
1929
1965
2041
2169
2286
2414
2513
2567
2623
2600
2559
2508
2423
2339
2214
2139
2028
1892
1779
1656
1508
1424
1342
1320
1363
1467
1623
1828
2049
2273
2459
2632
2764
2327
2398
2523
2707
2876
3027
3053
2984
2833
2656
2479
2283
2056
1869
1696
1647
1648
1724
1802
1805
1832
1828
1904
2021
2221
2424
2594
2753
2892
3023
3135
3215
3171
3054
2806
2592
2340
2144
1931
1752
1564
1362
1164
992
853
741
679
675
739
910
1202
1552
1964
2320
2590
2774
2891
2984
3060
3135
3165
3182
3194
3147
3061
2927
2659
2304
1939
1581
1320
1134
1047
1019
1060
1148
1327
1567
1871
2208
2588
2855
3020
3033
2972
2765
2532
2254
2020
1785
1604
1493
1418
1375
1319
1256
1180
1113
1116
1219
1364
1543
1704
1826
1899
1971
2078
2293
2571
2912
3213
3440
3570
3568
3477
3310
3095
2862
2599
2332
2066
1795
1492
1220
996
860
857
846
721
814
949
1168
1428
1685
1972
2254
2508
2714
2892
3002
3044
3065
2997
2901
2772
2597
2400
2198
1998
1849
1718
1618
1549
1488
1457
1419
1412
1381
1360
1349
1359
1386
1444
1541
1644
1812
1989
2186
2399
2623
2835
3019
3184
3326
3384
3361
3320
3202
3037
2820
2549
2247
1946
1652
1386
1158
954
784
693
657
700
810
980
1262
1600
2000
2419
2831
3224
3535
3770
3906
3927
3852
3666
3400
3061
2678
2264
1858
1473
1105
802
595
468
435
531
729
1024
1389
1749
2080
2410
2639
2774
2856
2838
2783
2670
2520
2384
2244
2128
2024
1880
1753
1636
1571
1536
1558
1625
1786
1990
2227
2447
2672
2829
2902
2912
2843
2705
2490
2309
2070
1832
1603
2337
2045
1827
1788
1894
2072
2184
2153
1996
1782
1638
1638
1789
2016
2223
2292
2258
2143
2010
1968
2032
2175
2320
2413
2434
2375
2316
2325
2432
2653
2944
3203
3345
3345
3191
2938
2724
2552
2441
2270
2004
1580
999
389
1
1
2
3
0
1
85
604
1261
1983
2732
3470
4095
4095
4095
4095
4095
4095
4095
4095
4095
3484
2738
1942
1062
181
2
2
2
1
1
3
2
40
713
1600
2616
3617
4095
4095
4095
4095
4095
4095
4095
4095
4095
3581
2678
1735
861
118
0
1
2
4
3
2
1
0
230
913
1682
2504
3327
4039
4095
4095
4095
4095
4095
3992
3746
3453
3069
2545
1912
1266
721
377
240
301
476
716
2033
2210
2350
2462
2533
2560
2539
2482
2390
2296
2211
2124
2100
2120
2217
2386
2600
2828
3017
3160
3224
3173
3008
2742
2396
1965
1502
1028
616
238
1
3
4
57
417
950
1588
2298
2992
3617
4076
4095
4095
4095
4003
3531
2935
2272
1618
1037
551
231
57
82
283
608
1058
1562
2080
2587
3033
3381
3600
3675
3592
3366
3012
2591
2134
1702
1319
1022
824
740
786
952
1232
1621
2112
2652
3207
3712
4095
4095
4095
4095
4095
3733
3113
2415
1636
866
163
1
1
1
1
0
207
1061
2038
3012
3900
4095
4095
4095
4095
4095
4095
3779
2920
1994
1066
231
0
2
0
0
1
1
1
430
1268
2148
3001
3795
4095
4095
3914
4095
4095
4095
4095
4095
4095
4095
3882
3504
3164
2872
2630
2370
2056
1632
1106
516
2
1
1
1
2
3
3
1
1
2
164
769
1455
2220
3024
3818
4095
4095
4095
4095
4095
4095
4095
4095
4095
4095
4095
4095
3766
2846
1840
806
0
1
0
1
0
3
3
3
2
1
1
16
857
1810
2660
3400
4025
4095
4095
4095
4095
4095
4095
4095
4095
4095
3622
2836
2052
1323
705
191
1
3
1
2
2
2
2
113
759
1504
2258
2982
3606
4095
4095
4095
4095
4095
4095
4095
4095
3940
3465
2897
2245
1518
776
63
1
3
3
4
4
2
3
3
3
3
79
706
1507
2442
3416
4095
4095
4095
