2096
2104
2099
2122
2094
2088
2111
2105
2104
2086
2082
2080
2083
2109
2100
2105
2101
2085
2095
2077
2079
2079
2075
2098
2099
2099
2097
2084
2055
2075
2093
2110
2105
2092
2101
2096
2080
2101
2093
2083
2078
2090
2089
2091
2096
2107
2100
2098
2071
2081
2102
2100
2099
2108
2089
2096
2092
2104
2103
2114
2088
2089
2084
2091
2076
2101
2099
2096
2095
2072
2105
2099
2095
2095
2100
2093
2091
2085
2079
2080
2104
2086
2074
2074
2083
2093
2085
2075
2110
2099
2105
2115
2100
2099
2094
2116
2093
2077
2098
2093
2086
2076
2099
2099
2122
2114
2088
2108
2095
2090
2092
2066
2077
2089
2078
2070
2085
2095
2096
2097
2099
2091
2086
2077
2098
2101
2109
2105
2105
2102
2095
2099
2078
2087
2095
2095
2089
2095
2096
2069
2066
2077
2083
2102
2106
2109
2104
2093
2104
2097
2088
2119
2108
2097
2099
2095
2082
2085
2115
2074
2084
2111
2097
2083
2110
2116
2099
2096
2083
2085
2094
2064
2083
2088
2116
2090
2108
2102
2090
2099
2085
2082
2098
2097
2097
2118
2113
2086
2087
2100
2105
2108
2094
2090
2097
2105
2091
2103
2080
2075
2100
2099
2091
2097
2088
2063
2084
2087
2078
2085
2091
2086
2080
2086
2095
2072
2094
2086
2084
2101
2103
2108
2127
2102
2078
2102
2115
2086
2099
2084
2093
2084
2068
2080
2106
2095
2098
2091
2081
2084
2098
2082
2077
2065
2080
2089
2085
2086
2087
2065
2096
2089
2083
2094
2097
2094
2048
2078
2055
2063
2071
2104
2114
2134
2137
2154
2136
2160
2159
2175
2162
2172
2173
2176
2193
2206
2217
2212
2203
2222
2230
2233
2226
2240
2223
2219
2186
2214
2193
2225
2231
2219
2221
2190
2192
2191
2190
2189
2176
2176
2144
2138
2129
2142
2102
2073
2074
2076
2031
2024
2008
1999
1956
1950
1974
1974
1981
1960
1949
1944
1931
1948
1928
1911
1908
1913
1924
1938
1949
1955
1953
1957
1971
1970
2003
2013
2001
2002
2032
2029
2036
2046
2047
2080
2074
2067
2110
2109
2082
2136
2163
2160
2158
2191
2181
2210
2215
2238
2232
2256
2245
2255
2246
2266
2269
2242
2239
2260
2237
2235
2247
2214
2230
2204
2168
2163
2167
2139
2147
2106
2081
2074
2060
2033
2238
2235
2249
2238
2212
2173
2139
2114
2064
2036
2011
2027
2060
2078
2095
2145
2196
2252
2246
2266
2284
2243
2224
2160
2111
2054
2034
1983
1982
2002
2022
2022
2063
2092
2103
2131
2171
2172
2214
2242
2204
2186
2172
2141
2100
2078
2020
2005
1982
1972
1965
1963
1961
1964
1984
1990
2033
2062
2129
2183
2221
2257
2247
2250
2200
2157
2136
2080
2035
2021
2042
2026
1990
1988
1978
1974
2001
1965
1941
1951
1988
1971
2007
2020
2087
2133
2167
2198
2237
2232
2252
2253
2210
2144
2096
2065
2013
1991
1965
1997
2003
2046
2059
2046
2078
2054
2067
2062
2096
2128
2163
2165
2231
2268
2263
2236
2180
2130
2058
1999
1955
1944
1950
1976
1992
1975
2002
2055
2359
2283
2160
2067
2009
2002
1994
1952
1901
1867
1900
1964
2027
2093
2118
2160
2195
2208
2237
2251
2217
2140
2032
1994
2026
2021
1995
1946
1957
2006
2042
2067
2032
2016
1944
1944
2003
2063
2098
2099
2086
2068
2080
2058
2050
2077
2132
2173
2176
2109
2024
1932
1911
1936
1979
2009
2076
2162
2216
2288
2221
2128
2062
2013
1985
2003
2029
2041
2020
2000
2060
2156
2188
2158
2136
2154
2177
2181
2114
2090
2091
2101
2104
2048
1932
1875
1887
1944
2009
2023
2007
2032
2104
2183
2174
2137
2077
2039
2084
2168
2274
2354
2396
2397
2295
2193
2115
2060
2037
1991
1953
1877
1840
1880
2007
2185
2264
2242
2120
2076
2103
2201
2271
2259
2159
2069
2026
2039
2246
2300
2308
2255
2117
2000
1912
1841
1898
1974
2126
2270
2380
2432
2362
2252
2114
1990
1873
1848
1831
1864
1968
2083
2148
2143
2119
2011
1932
1925
1899
1935
1977
1979
1970
1991
2084
2177
2272
2323
2260
2136
2000
1925
1913
1921
1964
2069
2175
2279
2371
2425
2399
2263
2136
2024
1969
2011
2024
2045
2056
2107
2160
2207
2201
2112
1948
1891
1896
2015
2148
2198
2137
2085
2084
2135
2195
2189
2143
2080
2022
1968
1993
2017
2046
2167
2294
2391
2386
2302
2162
1984
1847
1783
1781
1855
1990
2091
2201
2322
2413
2287
2122
1997
1945
1942
1969
1986
1974
1981
1975
2006
2130
2239
2203
2115
1986
1939
1989
2089
2170
2207
2240
2251
2320
2370
2355
2236
2211
2262
2276
2286
2205
2179
2150
2168
2098
2037
1976
1936
1981
1987
2012
2053
2122
2183
2210
2102
2036
2021
2137
2192
2154
1966
1797
1834
2018
2187
2161
2071
1972
2007
2157
2314
2362
2259
2124
1976
1899
1818
1832
1889
1976
2072
2167
2196
2211
2252
2225
2165
2081
2030
2053
2099
2147
2131
2116
2103
2115
2098
2164
2221
2228
2264
2267
2217
2133
1932
1829
1777
1801
1896
1938
2042
2097
2135
2165
2190
2148
2113
2126
2125
2149
2142
2181
2154
2186
2166
2115
2117
2076
2061
2126
2197
2260
2256
2228
2174
2107
2018
1999
1970
1940
1987
2050
2087
2161
2206
2261
2260
2237
2205
2186
2168
2160
2183
2218
2217
2183
2108
2028
1992
1930
1908
1908
1959
2275
2367
2370
2244
2118
2082
2044
2107
2199
2249
2111
1808
1619
1577
1649
1857
2159
2435
2480
2297
2127
1989
1906
1857
1952
2030
2017
2010
2192
2376
2361
2256
2134
2002
1752
1693
1831
1970
2043
2073
2111
2081
1998
2039
2121
2137
2011
1844
1750
1819
1965
2198
2474
2575
2482
2353
2392
2437
2398
2198
1949
1771
1747
1879
2098
2412
2535
2435
2190
1933
1768
1701
1695
1792
1962
2176
2368
2512
2582
2497
2333
2163
1993
1897
1820
1828
1856
1918
1972
1995
2107
2250
2336
2229
2109
1980
1833
1720
1717
1776
1918
2120
2373
2508
2528
2440
2205
1964
1829
1743
1699
1804
2046
2212
2192
2142
2089
1949
1867
1989
2206
2273
2242
2212
2225
2290
2340
2350
1997
1852
1799
1857
2009
2160
2263
2252
2130
2016
1925
1936
2001
2136
2318
2395
2405
2307
2144
1968
1916
1938
2006
2108
2220
2242
2184
2063
1962
1907
1934
2012
2145
2223
2225
2141
2046
1934
1850
1822
1842
1929
1982
2048
2108
2134
2177
2225
2243
2218
2175
2041
1947
1908
1933
1977
2076
2167
2231
2206
2122
1975
1906
1943
2087
2293
2470
2473
2388
2143
1964
1805
1726
1770
1885
2055
2261
2358
2320
2187
2028
1938
1877
1869
1963
2089
2219
2336
2395
2359
2270
2150
2010
1870
1762
1707
1745
1857
2008
2193
2346
2420
2405
2312
2164
2023
1940
1902
1931
1988
2009
2038
2094
2166
2207
2208
2161
2110
1992
1945
1949
2003
2095
2193
2314
2359
2301
2210
2246
2268
2326
2391
2369
2248
2141
2085
2047
1954
1956
1995
2079
2166
2340
2560
2656
2600
2466
2234
1939
1653
1490
1483
1625
1864
2112
2301
2469
2472
2406
2337
2227
2136
2017
1957
1941
2033
2095
2074
2029
1935
1936
1952
1980
1957
1967
2020
2074
2176
2287
2281
2116
1900
1706
1599
1569
1668
1904
2151
2265
2306
2319
2281
2229
2075
1925
1784
1710
1735
1759
1880
2024
2181
2245
2423
2495
2360
2112
1957
1968
1998
2102
2153
2112
1995
2042
2267
2375
2203
1987
1931
1997
2136
2213
2301
2529
2729
2661
2459
2235
2009
1680
1376
1432
1702
1998
2275
2619
2973
3108
2904
2532
2213
1988
1742
1575
1628
1960
2221
2345
2456
2490
2333
2036
1773
1683
1658
1484
1737
1987
2244
2470
2617
2657
2574
2356
2086
1825
1602
1568
1707
1988
2316
2569
2639
2536
2268
1933
1652
1446
1419
1509
1806
2228
2667
2951
2994
2786
2461
2032
1634
1390
1279
1358
1535
1725
2008
2312
2668
2858
2768
2444
1914
1378
1107
1273
1739
2249
2534
2455
2086
1685
1501
1604
1827
2052
2107
2007
1896
1978
2202
2491
2635
2558
2229
1767
1441
1432
1807
2420
2996
3328
3322
3079
2713
2341
2039
1752
1608
1599
1792
2024
2260
2328
2201
1943
1775
1809
1972
2113
2208
2176
2137
2168
2200
2258
2167
1973
1777
1674
1720
1828
1947
2030
2030
1981
1955
1974
2067
2201
2230
2170
2002
1898
1916
2065
2360
2546
2593
2469
2207
2002
1901
1935
2035
2982
2888
2491
1889
1412
1209
1263
1465
1776
2321
2837
2889
2540
2096
1831
1706
1581
1555
1789
2111
2392
2592
2789
2797
2472
1968
1494
1197
1096
1271
1730
2323
2731
2856
2799
2601
2368
2158
2077
1983
1970
2110
2468
2844
3012
2955
2621
2074
1472
959
793
1045
1522
2074
2624
2961
2997
2824
2496
2100
1684
1366
1307
1573
1973
2386
2678
2889
2775
2272
1625
1209
1170
1436
1865
2433
3062
3485
3454
3049
2443
1853
1353
980
900
1199
1744
2279
2684
2948
2933
2626
2118
1610
1335
1379
1651
2042
2470
2696
2668
2404
2065
1748
1461
1222
1172
1453
1958
2566
3067
3399
3547
3353
2795
1991
1179
641
547
894
1490
2240
2956
3412
3377
2906
2232
1540
1554
1712
1809
1769
1601
1578
1942
2560
3100
3300
3040
2356
1354
431
2
90
963
2373
3869
4095
4095
3979
2682
1382
511
69
1
138
723
1787
3076
4011
4095
3431
2245
1228
886
1158
1629
1959
1953
1673
1352
1258
1423
1889
2665
3613
4095
4095
4095
3385
2072
818
2
1
0
585
1628
2569
3096
3153
2772
2228
1821
1802
2107
2500
2805
2944
2979
2834
2540
2228
2032
2087
2331
2521
2572
2508
2383
2196
1795
1255
685
386
553
1113
1743
2165
2212
2126
2040
2041
2114
2212
2433
2855
3444
4027
4095
3979
3370
2713
2092
1627
1306
1071
924
909
920
805
689
774
1091
1772
2524
3171
3499
3452
3128
2702
2182
1726
1416
1434
1786
2272
3802
3284
2547
1649
690
0
0
1
1
0
600
1864
3154
4095
4095
4095
4095
4095
3762
2313
764
1
0
1
1
0
658
2178
3626
4095
4095
4095
4095
4095
3277
2036
900
21
1
1
58
805
1747
2678
3383
3762
3728
3374
2797
2105
1496
1028
783
748
946
1329
1846
2450
3023
3515
3786
3846
3636
3206
2593
1856
1125
516
111
2
183
654
1383
2170
2948
3602
4026
4095
3991
3462
2689
1744
830
172
0
19
475
1240
2216
3239
4095
4095
4095
4095
3678
2418
974
1
1
1
0
0
524
2039
3563
4095
4095
4095
4095
4095
3645
2017
401
1
1
1
0
297
1694
3053
4095
4095
4095
4095
3725
2604
1375
321
402
1095
1792
2423
2957
3350
3600
3718
3720
3601
3411
3144
2812
2422
2029
1738
1549
1465
1464
1428
1320
1171
942
787
752
921
1233
1687
2213
2765
3324
3831
4095
4095
4095
4095
4095
4095
3895
3367
2743
2019
1182
349
1
1
1
1
0
0
1
14
797
1756
2674
3465
4095
4095
4095
4095
4095
4095
4095
4095
4095
4095
4095
3444
2496
1517
604
1
1
1
1
1
1
1
0
1
260
962
1744
2553
3308
3963
4095
4095
4095
4095
4095
4095
4095
3816
3281
2692
2128
1548
972
392
0
1
1
1
0
0
0
1
258
1009
1732
2378
2891
3289
3556
3698
3672
3551
3314
3091
2834
2544
2245
1951
1614
1232
839
427
