2112
2104
2105
2103
2099
2097
2106
2096
2103
2104
2107
2094
2099
2096
2100
2099
2112
2096
2100
2098
2099
2097
2097
2097
2106
2104
2098
2104
2096
2104
2106
2100
2104
2098
2104
2110
2104
2098
2097
2094
2102
2100
2095
2097
2093
2099
2102
2109
2101
2103
2106
2106
2098
2106
2102
2101
2102
2103
2102
2104
2104
2101
2095
2099
2105
2104
2093
2101
2111
2104
2103
2097
2104
2100
2108
2101
2102
2096
2094
2099
2094
2100
2097
2100
2098
2100
2097
2089
2095
2100
2100
2096
2101
2098
2102
2098
2097
2099
2086
2090
2094
2095
2096
2104
2092
2101
2100
2103
2099
2102
2095
2095
2098
2092
2096
2099
2102
2095
2097
2091
2086
2094
2090
2090
2087
2086
2085
2091
2094
2088
2099
2089
2098
2110
2095
2094
2102
2098
2105
2118
2114
2105
2104
2104
2100
2106
2103
2110
2094
2099
2105
2097
2112
2097
2104
2102
2102
2096
2096
2097
2103
2101
2095
2098
2112
2115
2116
2114
2113
2108
2119
2115
2108
2116
2114
2112
2101
2107
2117
2106
2119
2110
2116
2116
2137
2128
2117
2121
2121
2116
2126
2120
2116
2116
2123
2123
2119
2120
2128
2130
2123
2132
2129
2123
2130
2138
2137
2134
2133
2136
2133
2128
2132
2137
2129
2141
2140
2137
2137
2139
2133
2150
2153
2154
2144
2143
2137
2138
2139
2158
2158
2151
2148
2145
2131
2139
2136
2131
2136
2139
2122
2122
2119
2122
2104
2119
2114
2110
2120
2122
2108
2108
2101
2096
2101
2096
1889
1864
1845
1846
1848
1889
1927
1979
2035
2091
2148
2208
2257
2285
2298
2304
2306
2269
2239
2216
2176
2131
2073
2019
1983
1956
1936
1904
1900
1911
1932
1956
1991
2039
2060
2093
2119
2130
2142
2138
2140
2147
2160
2164
2184
2204
2222
2250
2271
2283
2269
2260
2216
2134
2081
2018
1944
1915
1865
1842
1832
1843
1866
1895
1935
1970
2021
2058
2080
2118
2136
2149
2146
2142
2125
2105
2093
2085
2079
2096
2120
2145
2194
2224
2272
2284
2278
2245
2218
2200
2187
2155
2125
2111
2083
2089
2088
2077
2054
2046
2054
2045
2046
2051
2066
2091
2102
2115
2120
2134
2117
2084
2074
2032
1998
1988
1996
1998
2025
2034
2020
2045
2060
2052
2050
2082
2104
2116
2295
2068
1901
1843
1876
1947
2005
2006
1998
1985
2041
2138
2325
2484
2614
2643
2602
2502
2379
2294
2238
2178
2131
2080
2025
2007
1984
2004
2069
2141
2248
2341
2394
2406
2332
2224
2108
2024
1943
1915
1908
1928
1983
2052
2124
2139
2162
2174
2192
2177
2065
1936
1872
1911
2007
2060
2079
2120
2131
2113
2078
2008
1970
2008
2096
2133
2110
2079
2066
2066
2027
1908
1784
1739
1833
1993
2159
2327
2450
2574
2615
2543
2390
2183
1971
1804
1674
1654
1745
1911
2078
2136
2089
1983
1937
1945
2039
2180
2298
2303
2190
1989
1816
1698
1644
1668
1758
1853
1920
2001
2165
2407
2653
2748
2686
2502
2337
2182
2049
1906
1826
1782
1774
1771
1769
1826
1943
2068
2390
2527
2595
2509
2287
1998
1716
1594
1639
1792
2027
2244
2392
2474
2439
2356
2167
1940
1800
1737
1807
1979
2183
2326
2376
2287
2152
1958
1807
1777
1800
1904
2062
2230
2339
2433
2410
2307
2144
2008
1952
1930
1981
2034
2101
2218
2253
2275
2212
2095
1991
1897
1840
1839
1924
2043
2144
2152
2108
2028
1973
1955
1952
1968
1954
1986
2095
2216
2298
2321
2251
2140
2032
2016
2039
2098
2152
2205
2242
2240
2218
2168
2075
1985
1938
1916
1917
1964
2070
2159
2216
2184
2125
2010
1907
1902
1935
2011
2106
2178
2235
2242
2202
2073
1943
1866
1857
1976
2126
2313
2380
2366
2242
2106
1990
1880
1819
1795
1842
1932
2005
2073
2112
2166
2201
2213
2210
2171
1913
2024
2096
2167
2184
2179
2280
2289
2148
2028
1928
1839
1961
2217
2264
2066
1858
1869
2143
2411
2420
2110
1833
1912
2201
2356
2273
2186
2096
1974
1931
1903
1794
1824
2167
2419
2377
2324
2194
1989
2068
2346
2263
1978
1912
1940
1810
1671
1713
1774
1815
1872
2048
2278
2453
2508
2595
2592
2373
2116
2190
2430
2340
2096
2041
2002
1814
1790
1835
1657
1560
1902
2237
2324
2372
2421
2376
2288
2354
2376
2126
1931
1947
2049
2220
2400
2248
1806
1675
1846
1817
1787
2082
2357
2375
2442
2505
2301
2016
1843
1652
1515
1654
1871
1978
2164
2382
2492
2531
2475
2248
2013
1939
1894
1786
1882
2073
2072
2019
2097
2074
1902
1912
1974
1866
1861
2128
2274
2220
2058
1939
1934
1990
2055
2066
2027
1920
1816
1741
1742
1873
2066
2215
2298
2283
2199
2110
2074
2097
2153
2177
2149
2062
1962
1891
1904
2042
2257
2513
2666
2629
2385
2008
1620
1381
1393
1660
2071
2492
2747
2772
2612
2343
2090
1930
1915
1969
2034
2019
1912
1753
1638
1646
1762
1964
2195
2368
2406
2368
2245
2118
2030
1961
1926
1916
1930
1989
2090
2216
2352
2411
2376
2246
2086
1913
1821
1798
1864
1968
2046
2079
2073
2063
2067
2128
2190
2247
2267
2239
2177
2086
2012
2004
2078
2208
2336
2387
2333
2195
2041
1921
1900
1960
2106
2235
2286
2253
2157
2041
1942
1890
1926
2026
2160
2223
2186
2083
1996
1978
2072
2188
2302
2341
2291
2189
2060
2100
2155
2211
2313
2378
2334
2132
1884
1815
1866
1863
1996
2304
2392
2208
2044
1958
1740
1532
1526
1614
1689
1938
2305
2588
2721
2612
2286
1926
1803
1868
2072
2378
2575
2508
2250
1936
1614
1380
1402
1645
1953
2262
2636
2898
2659
2040
1657
1647
1728
1789
1996
2316
2519
2556
2537
2361
1978
1583
1365
1383
1674
2131
2436
2520
2518
2445
2254
2017
1765
1433
1169
1299
1790
2273
2466
2385
2335
2362
2262
2063
1993
2058
2143
2222
2348
2456
2324
1933
1640
1687
1928
2176
2374
2409
2376
2419
2368
2169
2027
1997
1985
1937
1820
1702
1728
1892
2021
2120
2326
2523
2473
2294
2224
2279
2207
1981
1807
1797
1968
2297
2516
2353
2008
1815
1790
1700
1626
1755
1330
1122
1242
1687
2272
2760
2988
2912
2566
2058
1599
1364
1467
1839
2269
2520
2497
2246
1880
1530
1357
1456
1814
2286
2667
2836
2727
2392
1962
1623
1581
1868
2342
2786
3033
3017
2773
2404
1992
1575
1225
1038
1124
1556
2176
2713
2880
2680
2228
1818
1575
1522
1570
1673
1831
2054
2270
2345
2264
2088
1943
1941
2072
2257
2435
2554
2617
2570
2376
2032
1689
1484
1469
1630
1828
2034
2208
2359
2458
2454
2375
2245
2145
2108
2074
1963
1832
1815
1939
2064
2075
2018
1981
2017
2066
2046
2074
2186
2227
2090
1805
1615
1740
2052
2278
2410
2519
2647
2636
2402
2099
1975
2057
2204
2408
2640
2852
2842
2529
2100
1788
1599
1420
1310
1447
1825
2191
1840
2271
2785
2941
2580
2061
1864
1990
2139
2299
2586
2850
2769
2408
2086
1923
1834
1839
2033
2321
2472
2325
1928
1430
1080
1148
1657
2359
2830
2835
2519
2192
1963
1808
1723
1740
1778
1729
1625
1688
1980
2325
2510
2512
2394
2284
2297
2308
2192
2036
1945
1917
1890
1892
2023
2226
2366
2290
1918
1533
1637
2258
2831
2910
2530
1990
1566
1374
1365
1505
1862
2308
2582
2570
2398
2241
2215
2314
2408
2383
2212
2005
1985
2241
2653
2939
2873
2452
1990
1808
1934
2112
2075
1839
1664
1813
2250
2737
2962
2784
2299
1712
1265
1200
1634
2364
3002
3164
2788
2164
1666
1452
1500
1677
1888
2045
2152
2209
2216
2165
2060
2005
2082
2277
2441
2447
2214
1834
2664
846
2
1
271
1104
1507
2089
2933
3289
3208
3321
3518
3094
1973
1056
910
1100
1041
950
1534
2622
3114
2703
2232
2509
3008
2588
1285
263
547
2046
3785
4095
4095
3756
2680
1962
1738
1637
1371
958
609
700
1239
1944
2599
3109
3331
3023
2267
1732
1989
2826
3265
2779
1927
1475
1543
1749
1893
2015
1885
1320
527
321
1493
3409
4095
3978
2560
1204
671
1142
2066
2616
2623
2362
2264
2483
2656
2599
2385
1964
1285
497
171
758
1956
3147
3938
4095
4095
3506
2389
1565
1129
725
115
2
2
331
2262
4095
4095
4095
3738
2774
2232
1943
1696
1242
442
0
2
503
2239
3794
4095
4095
4095
3359
2781
2606
2192
1092
2
1
3638
2765
1488
189
2
3
882
2282
3390
3936
3789
3016
1950
1158
1034
1504
2150
2545
2440
1905
1312
1143
1652
2710
3878
4095
4095
2886
721
1
1
2
1105
3735
4095
4095
4095
2782
2
2
1
1
2030
4095
4095
4095
3075
633
2
1
117
2217
4095
4095
3978
2077
90
2
61
1968
4095
4095
4095
4095
1696
0
2
0
120
2876
4095
4095
4095
3571
717
1
2
1
1896
4095
4095
4095
3769
1293
1
1
1
930
3336
4095
4095
4095
2834
572
2
4
13
1840
4095
4095
4095
4095
3124
836
4
3
3
994
3298
4095
4095
4095
3012
997
2
3
23
1843
4095
4095
4095
4095
3104
439
2
0
1
368
4
2
2
3
0
237
812
1366
1904
2429
2910
3308
3586
3736
3786
3841
3944
4095
4095
4095
4095
4095
4095
4095
4084
3382
2615
1869
1163
590
108
2
3
2
3
2
0
1
2
2
9
218
438
651
813
929
959
930
890
908
1054
1343
1789
2377
3059
3794
4095
4095
4095
4095
4095
4095
4095
4095
4095
4095
4095
3530
2198
995
2
2
1
1
3
2
1
1
460
1415
2295
2992
3412
3488
3234
2732
2055
1386
746
204
2
1
1
0
364
1199
2325
3643
4095
4095
4095
4095
4095
4095
4095
4095
4095
4095
4095
3628
994
1
1
2
1
2
2
1
2
0
2
1
2520
4095
4095
4095
4095
4095
4095
4095
4095
4095
4095
4095
4095
4095
4095
4034
3179
2262
1373
523
1
0
1
1
2
1
1
1
2
1
1
2
4
2
2
3
2
3
0
2
1
2
1
626
1716
2824
3898
4095
4095
4095
4095
4095
4095
4095
4095
4095
4095
4095
4095
4095
4095
4095
4095
4095
4095
4095
4095
4095
4095
4095
4095
3789
2198
532
1
1
0
1
0
0
1
0
1
0
0
1
1
1
2
2
1
2
0
0
1
1
1
3
0
1560
3812
4095
4095
4095
4095
4095
4095
4095
4095
4095
4095
4095
4095
4095
4095
4095
4095
4095
4095
4095
4095
4095
4095
4095
4095
4095
4095
2998
757
2
1
2
1
1
190
88
1
2
1
2
3
2
3
5
4
3
4
4
2
4
3
2
2
2
4
2
3
3
3
2
2
4
4
5
2
3
5
4
4
3
4
3
3
3
4
71
164
264
356
479
592
669
772
864
942
1040
1125
1201
1270
1351
1428
1516
1580
1666
1734
1794
1856
1907
1966
2025
2065
2120
2171
2212
2261
2305
2354
2363
2387
2407
2432
2476
2493
2506
2547
2565
2562
2588
2594
2624
2618
2651
2650
2664
2678
2678
2708
2706
2718
2742
2752
2762
2776
2784
2814
2833
2829
2851
2883
2886
2918
2920
2941
2980
3006
3032
3053
3090
3117
3161
3174
3202
3240
3289
3311
3357
3393
3440
3454
3530
3546
3589
