2093
2095
2083
2099
2086
2093
2098
2123
2116
2092
2078
2089
2112
2119
2076
2082
2110
2089
2088
2110
2109
2097
2096
2108
2096
2144
2081
2100
2141
2131
2085
2096
2091
2092
2084
2087
2089
2080
2076
2059
2078
2109
2120
2077
2082
2088
2102
2078
2072
2091
2078
2060
2084
2101
2118
2118
2123
2093
2091
2088
2094
2099
2092
2082
2093
2104
2085
2092
2101
2089
2073
2064
2079
2096
2097
2099
2092
2090
2095
2104
2092
2096
2079
2080
2080
2124
2114
2118
2079
2077
2100
2073
2107
2126
2079
2081
2061
2080
2090
2083
2077
2109
2104
2120
2090
2093
2100
2080
2080
2054
2111
2092
2096
2105
2096
2111
2099
2114
2076
2086
2098
2087
2084
2076
2089
2115
2081
2078
1920
1892
1900
1922
1903
1913
1926
1946
1924
1938
1965
1965
1990
2035
2046
2081
2081
2085
2120
2126
2158
2199
2201
2214
2220
2221
2261
2295
2284
2260
2274
2306
2315
2309
2300
2285
2294
2314
2301
2306
2282
2254
2270
2260
2242
2257
2222
2192
2195
2182
2174
2155
2136
2112
2094
2093
2037
2030
2031
2020
1980
1988
1987
1968
1963
1948
1957
1920
1929
1944
1944
1939
1933
1908
1927
1923
1934
1961
1952
1967
1988
2005
2033
2026
2032
2088
2069
2083
2094
2093
2080
2111
2115
2117
2120
2116
2123
2113
2102
2122
2124
2113
2126
2119
2114
2141
2149
2135
2110
2111
2106
2099
2155
2143
2170
2158
2165
2157
2136
2151
2128
2127
2122
2123
2099
2107
2128
2105
2208
2190
2149
2129
2054
2052
1999
1982
1947
1930
1905
1923
1944
1959
2053
2087
2163
2222
2256
2286
2268
2275
2271
2233
2207
2174
2096
2053
2002
1974
1971
1968
1946
1996
2002
2034
2086
2149
2164
2262
2262
2315
2329
2292
2264
2220
2189
2119
2031
1980
1966
1945
1924
1930
1971
2005
2053
2076
2165
2186
2216
2241
2216
2216
2175
2136
2101
2043
2009
2017
1992
1987
2007
2036
2041
2082
2098
2097
2117
2148
2149
2159
2128
2122
2112
2085
2108
2121
2144
2154
2197
2222
2258
2205
2210
2201
2176
2097
2054
1999
1931
1880
1834
1825
1804
1808
1860
1906
1958
2027
2056
2123
2180
2246
2242
2266
2225
2228
2160
2107
2081
2057
2014
2053
2016
2058
2066
2076
2243
2207
2207
2149
2121
2079
2075
2057
2073
2100
2065
2058
2065
2071
2071
2058
2060
2032
2027
2023
2014
2005
2032
2072
2166
2168
2207
2183
2210
2236
2246
2198
2169
2136
2085
2091
2007
1915
1861
1875
1912
1989
2065
2107
2154
2243
2279
2287
2243
2185
2148
2083
2095
2096
2070
2020
1969
1998
1986
1998
2013
2027
2058
2127
2155
2158
2136
2099
2044
2019
1998
1986
2016
2013
2008
2044
2066
2071
2065
2051
2047
2014
2012
2064
2118
2183
2186
2122
2053
2056
2106
2162
2190
2168
2184
2162
2139
2146
2094
2013
2006
2067
2066
2112
2068
2033
2012
2055
2132
2134
2098
2064
1988
2004
2047
2157
2157
2092
2052
2041
2038
2086
2106
2102
2048
2009
2025
2105
2074
2164
2276
2372
2400
2344
2288
2130
1945
1795
1716
1741
1849
1963
2117
2248
2279
2320
2269
2149
2028
1859
1767
1751
1817
1917
2062
2142
2190
2177
2162
2122
2104
2152
2146
2118
2083
1989
1930
1943
1938
2001
2042
2173
2206
2278
2268
2191
2087
1932
1858
1848
1885
2023
2176
2220
2268
2209
2163
2169
2175
2251
2291
2268
2202
2110
2038
2037
2114
2197
2254
2210
2125
1997
1865
1775
1814
1881
1923
1991
2038
2098
2176
2203
2206
2162
2102
2066
2029
2095
2089
2102
2088
2062
2135
2226
2315
2410
2372
2251
2135
2013
1923
1858
1839
1892
1992
2121
2309
2404
2430
2344
2234
2152
2110
2074
2036
1975
1910
1867
1872
1938
1998
2049
2085
2072
2044
2009
2075
2176
2203
2219
2202
2207
2175
2068
1995
1873
1801
1748
1756
1843
2002
2162
2324
2409
2381
2314
2225
2122
1991
1950
2004
2091
2111
2088
2073
2123
2241
2344
2362
2306
2191
2044
1939
1960
2044
2165
2200
2119
1982
1846
1790
1813
1898
2028
2160
2255
2274
2273
2195
2080
2000
1925
1853
1836
1880
1937
2030
2136
2196
2288
2268
2217
2091
2028
1985
2015
2057
2133
2238
2313
2378
2380
2329
2202
2055
1960
1912
1930
2017
2125
2225
2287
2288
2209
2158
2049
1934
1858
1848
1920
2053
2145
2238
2245
2226
2127
2046
1968
1926
1924
1941
1993
2080
2129
2146
2144
2114
2095
2099
2058
2099
2078
2090
2116
2092
2092
2036
1990
1966
2000
2047
2144
2218
2307
2328
2158
1914
1864
2011
2118
2042
1950
1946
1940
1896
1866
1940
2092
2139
2114
2078
2070
2064
1996
1957
1966
2053
2151
2282
2385
2438
2296
2007
1802
1754
1824
1945
2087
2181
2333
2322
2298
2284
2253
2179
2069
1956
1914
1925
2012
2117
2163
2155
2123
2112
2108
2087
2116
2108
2092
1957
1930
1988
2044
2194
2261
2238
2077
1897
1826
1918
1997
2066
2145
2275
2436
2526
2467
2398
2377
2292
2145
1969
1868
1852
1922
2027
2150
2200
2257
2239
2182
2194
2184
2094
2019
1937
1958
1980
2032
2121
2232
2288
2282
2185
2071
1979
1887
1855
1822
1789
1808
1930
2014
2008
1934
1950
1962
1929
1838
1807
1935
2158
2256
2194
2201
2133
2105
2008
2056
2064
1940
2203
2143
2128
2194
2214
2245
2217
2132
2052
1935
1857
1824
1872
2003
2151
2278
2327
2289
2226
2138
2073
1998
1966
1984
2039
2142
2210
2210
2213
2191
2156
2090
2008
1950
1919
1901
1863
1882
1884
1880
1930
2024
2178
2300
2409
2410
2358
2235
2132
2049
1972
1944
1979
2008
2015
2016
1988
1989
1976
1999
2000
1997
2002
2019
2057
2140
2169
2184
2115
2010
1919
1891
1945
2054
2200
2323
2384
2397
2333
2240
2151
2045
1950
1918
1924
1991
2123
2288
2389
2426
2330
2153
1924
1755
1655
1671
1793
1945
2112
2294
2375
2400
2363
2248
2104
1987
1966
2000
2095
2225
2286
2255
2169
2062
1957
1934
1979
2041
2092
2164
2244
2315
2382
2303
2206
2071
1922
1877
2144
2125
2136
2148
2164
2120
2120
2120
2121
2040
2017
2058
2102
2022
1886
1848
1931
1973
1950
1942
2012
2078
2063
2048
2102
2166
2252
2269
2286
2340
2442
2462
2446
2365
2232
2040
1844
1691
1633
1711
1947
2155
2269
2345
2381
2299
2075
1874
1876
1974
2008
1983
2004
2057
2129
2204
2265
2256
2276
2310
2247
2069
1995
2139
2326
2371
2286
2090
1940
1886
1876
1824
1744
1776
1977
2131
2128
2099
2171
2276
2204
1977
1834
1890
2024
2139
2223
2278
2243
2165
2005
1881
1824
1886
1982
2026
2005
2012
2059
2087
2084
2072
2009
1836
1742
1875
2067
2145
2088
2041
2058
2120
2144
2094
1986
1902
1900
2071
2283
2400
2375
2337
2284
2213
2146
2110
2026
1873
1531
1701
1955
2214
2338
2406
2336
2210
2067
1920
1798
1761
1807
1900
2067
2252
2302
2260
2194
2240
2356
2464
2429
2250
2076
1999
1994
1970
1951
2021
2163
2305
2357
2282
2110
2053
2096
2261
2402
2407
2342
2132
1878
1699
1648
1796
2082
2361
2455
2349
2072
1897
1941
2192
2455
2487
2320
2092
2025
2103
2096
1904
1546
1311
1236
1457
1838
2204
2425
2484
2432
2366
2419
2488
2456
2298
2094
1975
1954
1911
1856
1829
1901
1991
1990
1927
1963
2074
2180
2216
2190
2157
2229
2340
2483
2673
2834
2884
2773
2505
2172
1937
1908
2047
2168
2186
2122
2007
1839
1691
1662
1767
2029
2269
2294
2075
1848
1743
1933
2274
2489
2499
2396
2300
2261
2172
1986
1769
2246
2140
1936
1733
1720
1820
2016
2193
2270
2226
2072
1886
1817
1930
2239
2667
2993
3148
3006
2624
2114
1667
1284
1149
1202
1462
1854
2266
2645
2874
2910
2769
2468
2080
1722
1489
1443
1601
1929
2315
2595
2724
2630
2352
1948
1568
1371
1416
1648
2055
2418
2676
2790
2724
2544
2269
2015
1810
1665
1558
1536
1580
1706
1931
2147
2304
2385
2393
2296
2156
1968
1815
1756
1806
1972
2219
2401
2416
2301
2081
1830
1645
1552
1602
1765
2035
2336
2576
2730
2721
2582
2383
2180
2040
1946
1958
2016
2114
2194
2247
2243
2269
2222
2136
2055
2054
2083
2143
2222
2258
2273
2242
2194
2097
1964
1846
1763
1757
1848
1990
2133
2232
2239
2127
1940
1734
1563
1492
692
878
1235
1719
2202
2616
2859
2916
2766
2580
2498
2498
2519
2394
2192
1795
1373
978
782
868
1289
1944
2598
3139
3456
3632
3594
3267
2627
1859
1216
939
1035
1362
1639
1680
1574
1449
1504
1675
1966
2286
2694
3156
3543
3669
3373
2734
1988
1464
1251
1304
1532
1836
2198
2554
2771
2773
2606
2388
2312
2452
2744
2874
2730
2330
1859
1388
1015
721
496
599
1117
2021
2971
3629
3671
3200
2506
1875
1558
1503
1610
1805
1952
2169
2387
2484
2397
2025
1652
1483
1667
2119
2533
2670
2437
2015
1665
1512
1539
1708
1993
2406
2923
3345
3429
3069
2368
1637
1142
933
954
1036
1245
1678
2256
2725
2868
2661
2341
2178
2310
2636
2917
2953
2725
2281
2947
2972
2806
2487
2054
1655
1314
1106
1129
1288
1531
1841
2156
2451
2648
2806
2800
2727
2536
2293
2057
1879
1809
1785
1872
1924
2008
2062
2083
2096
2113
2095
2080
2108
2142
2267
2396
2572
2696
2711
2604
2393
2100
1770
1500
1270
1143
1076
1110
1224
1453
1813
2224
2668
3034
3271
3341
3210
2947
2640
2262
1881
1561
1353
1275
1310
1475
1721
2033
2328
2581
2798
2903
2970
3004
2923
2790
2593
2352
2053
1767
1553
1414
1336
1339
1363
1429
1569
1770
1983
2223
2428
2560
2567
2498
2365
2175
1962
1797
1665
1598
1620
1744
1937
2116
2349
2551
2737
2884
2905
2789
2534
2174
1718
1310
1007
870
935
1188
1518
1975
2404
2741
2986
3083
3006
2765
2421
2117
1183
272
0
1
1
2
1
2
1
2
0
139
952
1796
2657
3467
4095
4095
4095
4095
4095
4095
4095
4095
4095
4095
3495
2789
2126
1484
951
548
284
164
72
63
41
43
57
121
267
518
834
1280
1777
2296
2701
3049
3314
3519
3704
3910
4095
4095
4095
4095
4095
4095
4095
3958
3439
2911
2340
1824
1377
933
547
121
1
0
0
1
0
0
0
242
1054
1927
2713
3430
4032
4095
4095
4095
4095
4095
4095
4095
4095
3964
3228
2388
1533
730
14
0
1
0
0
0
0
0
0
168
716
1348
2076
2824
3604
4095
4095
4095
4095
4095
4095
4095
4095
3911
3091
2257
1490
717
47
0
0
0
0
7
0
0
0
0
1
0
0
2
1
1
2
519
1908
3257
4095
4095
4095
4095
4095
4095
4095
4095
4095
4095
4095
4095
4095
4095
4095
3383
1964
605
2
0
1
0
1
1
0
2
0
0
1
0
0
0
1
100
1212
2374
3429
4095
4095
4095
4095
4095
4095
4095
4095
4095
4095
4095
4095
4095
4095
4095
4095
3517
2832
2171
1574
1034
587
191
0
1
1
1
0
2
0
0
1
0
0
2
1
122
320
516
775
1033
1291
1538
1772
2073
2322
2560
2818
3076
3283
3530
3806
4058
4095
4095
4095
4095
4095
4095
4095
4095
4095
4095
4095
4095
4095
4095
4095
4095
3874
3143
2334
1516
691
1
0
