2095
2088
2082
2077
2102
2108
2097
2101
2081
2076
2095
2076
2087
2069
2089
2096
2091
2064
2068
2082
2090
2073
2077
2087
2082
2093
2096
2083
2093
2089
2099
2101
2097
2079
2077
2097
2080
2085
2099
2088
2080
2088
2085
2114
2112
2094
2093
2083
2088
2083
2086
2088
2086
2082
2092
2088
2089
2066
2088
2115
2102
2088
2103
2100
2099
2090
2089
2086
2068
2077
2088
2076
2074
2076
2105
2090
2088
2091
2087
2087
2088
2067
2055
2083
2104
2094
2087
2088
2084
2100
2080
2093
2090
2099
2100
2094
2104
2099
2090
2095
2099
2066
2072
2112
2096
2089
2096
2092
2074
2081
2086
2077
2090
2085
2077
2092
2086
2067
2076
2088
2094
2106
2094
2095
2093
2105
2090
2100
2139
2142
2111
2097
2112
2110
2088
2100
2101
2089
2077
2056
2069
2068
2066
2057
2050
2065
2049
2054
2049
2026
2023
2013
2016
2018
2022
2034
2011
2021
2017
2023
2025
2034
2036
2007
2008
2021
2035
2039
2026
2036
2040
2028
2060
2054
2068
2078
2064
2092
2086
2098
2127
2120
2115
2108
2134
2137
2136
2139
2130
2135
2148
2156
2139
2156
2159
2162
2161
2165
2144
2128
2115
2132
2118
2109
2090
2072
2075
2071
2080
2077
2045
2036
2040
2050
2024
2023
2021
1998
2012
2016
2011
2011
2016
2016
2024
2034
2028
2037
2057
2065
2056
2065
2081
2084
2089
2104
2133
2144
2155
2141
2153
2154
2168
2170
2165
2176
2168
2185
2180
2173
2147
2166
2161
2149
2132
2130
2187
2194
2194
2204
2207
2188
2170
2126
2090
2079
2041
2000
1960
1923
1914
1893
1866
1879
1916
1899
1916
1925
1929
1954
1955
1968
1961
1967
1983
2006
2011
2008
2012
2003
2024
2035
2062
2073
2084
2085
2088
2119
2136
2162
2190
2214
2226
2271
2294
2306
2343
2346
2341
2349
2347
2313
2286
2281
2252
2240
2207
2177
2146
2142
2098
2099
2070
2080
2083
2094
2079
2087
2086
2065
2030
1988
1951
1907
1860
1813
1771
1720
1700
1667
1675
1679
1688
1697
1740
1772
1834
1900
1956
2024
2062
2101
2147
2185
2231
2262
2285
2314
2341
2357
2389
2396
2429
2433
2459
2477
2498
2508
2516
2519
2480
2493
2476
2446
2415
2370
2349
2299
2236
2207
2161
2110
2079
2044
2321
2289
2234
2176
2160
2158
2111
2061
2043
2010
1996
2002
1977
1948
1940
1944
1945
1979
2049
2061
2114
2170
2183
2158
2183
2167
2180
2166
2128
2130
2118
2134
2109
2078
2050
2043
2030
2049
2072
2078
2100
2110
2104
2096
2083
2041
2010
2009
2022
2018
2038
2076
2100
2097
2122
2130
2134
2143
2154
2157
2167
2156
2155
2140
2142
2142
2136
2117
2074
2057
2033
2018
1982
1945
1920
1907
1875
1893
1924
1967
2009
2063
2137
2238
2298
2331
2366
2381
2400
2355
2287
2189
2097
1980
1885
1777
1717
1697
1725
1803
1897
1990
2098
2195
2287
2350
2377
2392
2402
2361
2321
2289
2235
2178
2139
2094
2019
1996
1934
1879
1839
1816
1796
1812
1859
1916
2004
2120
2170
2348
2514
2641
2659
2604
2481
2265
2042
1832
1689
1656
1662
1732
1807
1846
1876
1876
1886
1946
2036
2150
2317
2457
2535
2546
2485
2344
2171
2045
1942
1915
1944
1989
2040
2098
2113
2116
2072
2039
2044
2076
2137
2216
2363
2469
2515
2490
2431
2321
2194
2099
2047
2031
2032
2076
2084
2090
2061
2001
1960
1881
1845
1817
1844
1878
1922
1986
2031
2069
2112
2132
2179
2186
2276
2337
2322
2231
2170
2073
2005
2013
2075
2165
2232
2257
2225
2127
1999
1840
1777
1741
1808
1948
2126
2260
2336
2362
2340
2274
2182
2093
1971
1846
1730
1696
1739
1845
2004
2162
2280
2325
2296
2220
2134
2082
2093
2170
2245
2335
2352
2335
2253
2102
1953
1809
1718
1666
2221
2199
2155
2113
2061
2002
1951
1899
1891
1907
1921
1985
2006
2091
2161
2223
2213
2125
2013
1889
1860
1898
1958
2012
2047
2090
2157
2248
2352
2384
2392
2302
2125
1938
1766
1676
1646
1690
1784
1923
2063
2168
2299
2457
2534
2529
2465
2361
2245
2162
2100
2056
1992
1896
1804
1731
1760
1900
2134
2368
2489
2491
2340
2083
1835
1652
1648
1744
1886
2041
2159
2211
2255
2326
2356
2382
2416
2394
2319
2208
2071
1951
1872
1862
1882
1939
2007
2061
2085
2072
2057
2005
2017
2001
1998
1990
2000
2017
2065
2117
2258
2392
2501
2557
2516
2372
2193
1952
1759
1609
1521
1528
1598
1743
1900
2120
2356
2548
2696
2738
2680
2548
2340
2124
1934
1769
1684
1665
1792
1721
1740
1838
2042
2172
2217
2198
2158
2117
2117
2148
2222
2288
2387
2437
2408
2263
2058
1849
1662
1532
1500
1585
1747
1960
2128
2250
2244
2227
2234
2280
2297
2266
2148
2046
1941
1807
1710
1636
1739
1957
2277
2548
2624
2560
2364
2188
2028
1912
1822
1859
1947
2058
2154
2184
2193
2089
1945
1807
1717
1686
1734
1809
1917
2010
2102
2195
2209
2160
2127
2170
2328
2459
2431
2296
2103
2001
1960
1944
1856
1826
1892
2026
2095
2020
1915
1918
2144
2484
2751
2850
2779
2602
2470
2268
2120
1976
1932
1949
1977
1982
1944
1938
1972
2038
2127
2190
2200
2185
2116
2046
1963
1921
1942
2024
2112
2146
2119
2113
2105
2073
2064
2123
2234
2342
2378
2239
2270
2162
2016
1867
1751
1711
1784
1941
2155
2411
2600
2734
2760
2658
2438
2196
1898
1657
1482
1406
1492
1663
1929
2220
2523
2690
2738
2649
2441
2177
1889
1655
1483
1456
1546
1732
1960
2217
2430
2575
2602
2484
2312
2045
1807
1632
1568
1614
1791
2054
2349
2609
2780
2839
2732
2552
2269
1971
1710
1529
1447
1475
1603
1816
2063
2252
2391
2423
2368
2232
2063
1910
1824
1849
1941
2109
2315
2510
2624
2626
2494
2293
2042
1823
1656
1562
1545
1632
1768
1933
2104
2267
2367
2376
2325
2227
2137
2076
2025
2046
2107
2190
2223
2236
2194
2131
2024
1893
1800
1753
1759
1822
1956
2143
2335
2486
2554
2516
2402
2259
2084
1927
1865
1868
1963
2100
2263
2376
2027
2215
2338
2415
2582
2824
2925
2791
2422
1972
1635
1371
1215
1145
1254
1573
2017
2323
2438
2375
2270
2251
2344
2435
2369
2163
1930
1785
1756
1704
1686
1838
2156
2571
2931
3085
2990
2717
2442
2158
1848
1554
1349
1351
1436
1486
1403
1373
1517
1884
2317
2583
2699
2722
2749
2746
2495
2020
1620
1515
1662
1845
1886
1940
2080
2331
2528
2452
2198
2008
2063
2196
2196
1985
1680
1551
1675
1870
1929
1958
2022
2215
2404
2432
2281
2134
2094
2153
2198
2167
2122
2169
2302
2435
2435
2314
2114
1904
1786
1776
1769
1719
1708
1803
1949
2032
1968
1880
2014
2288
2589
2734
2756
2718
2683
2614
2435
2114
1803
1653
1685
1769
1862
1932
2061
2248
2415
2363
2601
2873
2988
2936
2743
2470
2128
1848
1642
1537
1528
1607
1707
1834
1977
2084
2157
2194
2249
2301
2359
2357
2314
2213
2120
2039
1974
1965
1973
2036
2104
2211
2297
2366
2368
2333
2248
2088
1917
1735
1637
1656
1849
2187
2557
2818
2895
2739
2379
1934
1507
1234
1202
1377
1734
2164
2546
2838
2973
2899
2662
2272
1795
1388
1082
1004
1187
1606
2124
2655
3074
3278
3268
2999
2579
2068
1613
1264
1122
1171
1341
1552
1777
1967
2089
2158
2159
2140
2080
2053
2087
2171
2275
2384
2477
2470
2409
2328
2181
1997
1822
1682
1616
1660
1787
1988
2248
2519
2768
2938
2994
2878
2615
2264
1871
1591
1398
1415
1592
1941
2336
2661
2822
2815
2666
2371
2009
1627
2234
1936
1732
1720
1885
2076
2144
2150
2152
2219
2352
2384
2273
2030
1895
1914
2007
1932
1671
1359
1248
1417
1688
1880
2040
2239
2520
2708
2707
2505
2210
1979
1867
1771
1714
1677
1712
1836
2007
2256
2560
2785
2937
3020
3109
3210
3224
3033
2626
2176
1880
1830
1826
1703
1429
1252
1341
1634
1950
2069
1953
1839
1855
2020
2208
2237
2096
2042
2139
2413
2731
2863
2752
2476
2229
2066
1969
1802
1480
1082
734
629
810
1118
1446
1740
2039
2347
2691
3030
3252
3338
3278
3115
2862
2541
2128
1659
1244
1080
1156
1516
2032
2551
2920
3058
2981
2810
2661
2519
2279
1890
1394
973
729
752
995
1296
1535
1699
1926
2344
2923
3474
3658
3334
2628
1870
1770
1793
1851
1955
2112
2311
2422
2421
2249
1904
1497
1175
1022
1106
1422
1956
2600
3216
3734
3979
3914
3519
2821
1914
927
99
1
0
0
409
1268
2160
2999
3743
4095
4095
4095
4093
3441
2602
1777
1065
521
160
0
2
174
607
1275
2073
2845
3443
3780
3804
3534
2975
2246
1416
719
248
150
417
950
1604
2256
2784
3113
3220
3148
2960
2763
2594
2465
2410
2416
2399
2346
2238
2120
1969
1795
1620
1470
1358
1317
1409
1623
1985
2413
2857
3260
3544
3610
3440
3004
2381
1713
1149
805
725
873
1216
1578
1836
2035
2130
2198
2221
2252
2386
2564
2798
3080
3273
3346
3193
2855
2319
1698
1039
447
72
5
203
705
1399
2176
2924
3603
2216
839
2
2
0
1
1
0
2
468
1565
2618
3485
4095
4095
4095
4095
3981
3244
2265
1302
512
23
12
435
1286
2394
3502
4095
4095
4095
4095
4095
3785
2716
1530
311
1
0
2
1
1
1
1
71
1735
3586
4095
4095
4095
4095
4095
4095
3896
2466
1076
1
1
1
0
1
31
1146
2566
3972
4095
4095
4095
4095
4095
4095
4032
2557
927
2
1
0
0
1
0
0
384
1814
3175
4095
4095
4095
4095
4095
4095
3584
2569
1544
627
0
0
0
254
1006
1956
2936
3806
4095
4095
4095
4095
3915
3121
2179
1210
259
0
0
0
0
0
84
910
1897
2865
3666
4095
4095
4095
4095
3918
3290
2246
1488
806
278
1
1
1
55
485
1083
1759
2449
3062
3547
3833
3860
3613
3127
2487
1724
973
267
0
0
2
2
54
729
1615
2564
3500
4095
4095
4095
4095
4095
4095
4095
4095
3754
3033
2344
1736
1242
851
557
382
232
91
1
1
1
0
1
0
2
257
771
1323
1906
2502
3053
3574
4072
4095
4095
4095
4095
4095
4095
4095
4095
3703
2977
2311
1681
1189
850
673
698
894
1258
1710
2206
2607
2929
3069
2973
2689
2250
1698
1159
683
358
221
232
367
631
949
1260
1628
1947
2207
2383
2563
2748
2882
3016
3171
3250
3320
3363
3382
3407
3456
3515
3548
3580
3623
3623
3565
3424
3138
2721
2186
1497
769
0
4095
4095
4095
4095
4095
4095
4095
4095
4095
4095
4095
3960
3266
2522
1784
1075
437
0
0
0
1
0
0
1
0
0
0
1
0
0
85
606
1219
1860
2485
3144
3776
4095
4095
4095
4095
4095
4095
4095
4095
4095
4095
4095
4095
4095
3662
2848
1979
1113
259
0
1
1
1
2
1
1
0
1
0
1
0
1
1
1
597
1730
2862
3949
4095
4095
4095
4095
4095
4095
4095
4095
4095
4095
4095
4095
4095
4095
4095
4095
4052
2780
1309
2
0
0
2
1
1
0
0
1
1
1
3
0
1
0
1
1
1
807
2484
4078
4095
4095
4095
4095
4095
4095
4095
4095
4095
4095
4095
4095
4095
4095
