2101
2104
2105
2112
2122
2120
2108
2107
2103
2109
2100
2134
2137
2125
2123
2101
2121
2116
2109
2096
2103
2105
2112
2094
2098
2088
2113
2129
2120
2128
2104
2116
2095
2102
2096
2068
2084
2083
2117
2084
2102
2084
2096
2096
2077
2082
2096
2103
2097
2093
2087
2101
2106
2090
2093
2073
2081
2083
2089
2093
2091
2098
2111
2089
2083
2072
2074
2088
2070
2101
2079
2077
2067
2058
2069
2072
2081
2074
2092
2080
2086
2071
2075
2103
2085
2094
2066
2050
2056
2056
2062
2058
2069
2044
2069
2050
2077
2076
2068
2055
2084
2080
2088
2081
2090
2084
2078
2072
2082
2082
2060
2064
2066
2064
2062
2072
2054
2067
2070
2091
2070
2047
2070
2088
2062
2071
2076
2068
2117
2091
2081
2113
2056
2068
2075
2071
2077
2063
2081
2071
2096
2071
2076
2061
2084
2081
2076
2109
2103
2108
2151
2110
2131
2124
2127
2139
2138
2154
2145
2145
2184
2191
2162
2218
2217
2181
2182
2206
2180
2208
2218
2237
2238
2213
2214
2184
2216
2245
2226
2224
2248
2202
2188
2197
2223
2204
2214
2165
2174
2144
2166
2184
2176
2125
2147
2116
2134
2134
2139
2161
2149
2136
2156
2133
2144
2111
2084
2109
2112
2116
2091
2096
2106
2116
2119
2136
2127
2109
2114
2093
2104
2103
2090
2106
2098
2102
2089
2088
2080
2058
2064
2050
2060
2060
2088
2087
2066
2073
2076
2084
2052
2041
2073
2042
2044
2013
2024
2041
2034
2066
2046
2018
2014
2015
2016
2021
2103
2093
2088
2094
2053
2035
2042
2001
1952
1968
1995
1961
1970
1960
1988
1988
1958
2001
1997
2036
2038
2012
2031
2053
2042
2009
2013
2029
2017
2012
2027
2012
1986
2030
2014
2011
2001
1995
2044
2091
2108
2116
2124
2163
2199
2205
2255
2252
2279
2341
2306
2309
2338
2356
2369
2370
2352
2327
2326
2311
2262
2240
2222
2211
2188
2137
2074
2082
2035
2038
2018
2014
2079
2052
2079
2085
2123
2066
2116
2124
2127
2100
2106
2127
2141
2088
2122
2131
2097
2104
2060
2056
2027
2012
2014
1993
1985
1958
1944
1964
1962
1937
1948
1959
2028
2031
2040
2086
2123
2150
2175
2172
2236
2224
2238
2241
2181
2193
2217
2167
2072
2050
2013
2006
1962
1871
1819
1766
2362
2485
2515
2488
2421
2352
2250
2153
2052
1961
1869
1862
1840
1852
1928
2017
2068
2143
2168
2207
2249
2252
2234
2220
2211
2202
2214
2273
2301
2321
2319
2320
2292
2222
2204
2114
2054
1943
1829
1818
1809
1827
1847
1887
1936
1957
1973
2016
2054
2048
2090
2134
2215
2315
2418
2462
2485
2526
2458
2356
2290
2184
2088
1986
1912
1912
1867
1829
1804
1832
1875
1909
1943
1937
1974
1970
1944
1958
1945
1993
1975
1995
2008
2043
2082
2101
2181
2216
2263
2281
2290
2266
2226
2118
2044
2016
1990
2038
2109
2192
2256
2285
2316
2356
2368
2457
2406
2368
2329
2194
2096
2037
1984
1939
1851
1746
1700
1633
1618
1636
1715
1756
1871
2010
2121
2224
2312
2364
1842
2052
2262
2436
2477
2412
2340
2153
1946
1792
1646
1638
1694
1820
1986
2110
2289
2403
2516
2582
2530
2476
2349
2176
2000
1813
1678
1619
1688
1783
1922
2095
2224
2319
2355
2356
2340
2273
2204
2106
2047
2030
1980
2010
2060
2083
2192
2202
2181
2138
2058
1973
1932
1866
1878
1910
1998
2075
2196
2279
2296
2334
2312
2310
2262
2176
2059
1976
1949
1936
1959
2045
2108
2198
2296
2314
2315
2321
2242
2146
2036
1924
1891
1862
1858
1885
1952
2006
2070
2127
2171
2224
2181
2171
2172
2134
2128
2140
2185
2192
2212
2223
2186
2154
2090
2036
2013
1952
1919
1956
2001
2106
2190
2300
2379
2433
2416
2342
2310
2226
2094
1996
1885
1819
1822
1822
1881
1988
2155
2222
2336
2389
2202
1986
1974
2086
2136
2074
1997
1999
2040
2051
1947
1892
1928
1933
1929
1875
1890
1916
1982
2053
2169
2240
2196
2089
2033
2061
2126
2193
2224
2303
2390
2442
2403
2416
2462
2399
2162
1847
1668
1629
1722
1832
2005
2221
2433
2611
2572
2446
2292
2251
2152
1934
1705
1608
1729
1924
1942
1902
1961
2229
2418
2487
2366
2232
2112
1988
1893
1910
2011
2084
2076
2014
1941
1890
2014
2171
2279
2240
2206
2215
2323
2328
2217
2106
2017
1918
1778
1744
1827
1880
1821
1787
1962
2217
2370
2408
2423
2508
2403
2175
1969
1946
2058
2070
1948
1784
1749
1858
1980
2110
2253
2328
2368
2347
2210
2156
2179
2222
2120
1963
1845
1895
2052
2158
2344
2223
2058
1931
1840
1797
1845
1960
2088
2205
2282
2246
2202
2089
1976
1920
1909
1974
2056
2190
2308
2414
2524
2565
2551
2446
2281
2032
1814
1609
1541
1550
1645
1827
1979
2140
2236
2277
2276
2252
2160
2041
1920
1787
1693
1686
1808
2030
2291
2540
2705
2719
2584
2304
2073
1862
1738
1766
1816
1945
2060
2202
2320
2401
2433
2412
2350
2228
2039
1860
1714
1659
1688
1763
1870
2052
2237
2383
2436
2412
2277
2078
1890
1743
1685
1650
1686
1769
1904
2085
2260
2411
2527
2604
2566
2478
2328
2167
2021
1956
1959
1998
2051
2115
2160
2168
2111
2022
1932
1900
1880
1921
2023
2141
2232
2330
2375
2278
2121
1873
1661
1484
1399
1461
1675
1975
2337
2580
1627
1485
1646
1848
1937
1971
2075
2233
2316
2334
2334
2338
2286
2131
2041
2176
2432
2606
2630
2519
2342
2180
2169
2257
2340
2271
1944
1752
1831
1986
2100
2087
2083
2190
2239
2296
2209
2079
1885
1709
1747
1920
2080
2215
2332
2556
2656
2544
2318
2083
1872
1739
1700
1704
1758
1765
1770
1878
2025
2112
2042
1972
1967
2067
2144
2081
1834
1553
1471
1560
1762
1942
2090
2184
2186
2225
2437
2744
2942
2951
2713
2364
2167
2131
2184
2066
1786
1531
1512
1656
1803
1950
2032
2088
2098
2136
2214
2286
2212
2092
1917
1798
1794
1959
2206
2347
2407
2290
2174
2055
1959
1838
1745
1731
1751
1769
1846
1901
2032
2235
2426
2455
2253
2036
1965
1957
1960
1944
1782
1893
1991
2080
2163
2254
2348
2354
2232
1954
1619
1251
1007
953
1192
1610
2117
2633
3005
3172
3160
2980
2676
2325
1930
1571
1312
1227
1367
1696
2146
2598
2919
2999
2824
2494
2139
1865
1764
1806
1933
2058
2096
2085
2059
2112
2218
2352
2486
2564
2570
2483
2273
1912
1529
1128
886
859
1094
1532
2040
2477
2714
2693
2438
2032
1611
1318
1239
1391
1719
2126
2472
2640
2650
2467
2253
2113
2102
2130
2162
2079
1847
1576
1303
1135
1165
1390
1736
2122
2474
2736
2895
2901
2836
2738
2696
2696
2724
2743
2704
2593
2415
2138
1838
1594
1462
1504
1656
1877
2079
2213
2236
2163
2038
1926
1883
1967
2098
2226
2275
2300
2360
2429
2519
2559
2547
2416
2192
2149
1976
1860
1849
1846
1766
1676
1624
1688
1818
1960
2056
2174
2377
2671
2903
2948
2759
2460
2053
1646
1350
1284
1426
1588
1667
1693
1885
2295
2768
3071
3088
2952
2801
2661
2524
2345
2169
1955
1663
1340
1125
1142
1326
1483
1535
1607
1761
2085
2402
2631
2727
2832
2916
3024
3102
3034
2793
2426
2072
1857
1698
1450
1119
823
764
933
1305
1738
2163
2538
2846
3065
3184
3109
2835
2411
2026
1760
1645
1585
1593
1713
1993
2320
2548
2639
2570
2398
2180
2003
1876
1792
1744
1705
1702
1776
1949
2148
2280
2382
2423
2420
2340
2203
2028
1893
1770
1717
1777
1941
2178
2315
2268
2078
1872
1779
1799
1906
2028
2144
2181
2110
1889
1688
1659
1929
2977
2751
2449
2225
2064
1936
1824
1709
1537
1263
916
626
598
1001
1909
3040
4027
4095
4095
3726
2883
2076
1493
1131
991
996
1049
1158
1320
1518
1722
1876
1977
2179
2545
3070
3608
3915
3836
3344
2592
1681
828
135
0
132
1006
2269
3568
4095
4095
4095
3913
2752
1466
318
1
3
64
1011
2125
2924
3262
3191
3047
3131
3435
3713
3678
3224
2416
1553
937
678
587
614
732
1028
1462
1830
2016
2098
2200
2507
2800
2919
2638
2164
1676
1440
1460
1742
2250
2857
3387
3534
3216
2467
1427
466
1
2
3
590
1600
2704
3661
4095
4095
4006
3458
2900
2400
2080
1910
1789
1624
1333
965
604
344
259
536
1092
1956
2980
4014
4095
1898
1381
997
885
1164
1731
2440
3159
3756
4095
4095
4095
3707
3054
2308
1538
894
470
303
350
574
918
1376
1889
2432
2933
3230
3296
3074
2638
2086
1582
1253
1139
1225
1444
1700
1954
2195
2383
2470
2445
2295
2062
1877
1781
1878
2116
2353
2548
2574
2523
2516
2595
2716
2825
2743
2506
2144
1764
1440
1258
1121
1067
1187
1482
1880
2221
2400
2324
2079
1755
1445
1194
1033
1000
1266
1890
2775
3675
4095
4095
4018
3256
2294
1272
413
2
1
479
1383
2345
3136
3672
3848
3593
3027
2245
1558
1226
1335
1738
2217
2626
2924
3067
2968
2535
1893
1265
971
1051
1304
1482
1476
1396
1394
1518
1732
2077
2616
3390
4095
4095
4095
3464
2392
1293
4095
4095
4095
4095
3918
1961
258
1
2
2
1
405
1243
2002
2662
3165
3360
3106
2331
1201
1
1
1
2
416
2516
4095
4095
4095
4095
4095
4095
4095
2996
46
2
2
2
3
2
1
244
2034
3535
4095
4095
4095
4095
4095
4095
4095
4095
3608
3032
2830
2959
3208
3217
2765
1795
516
1
0
2
2
4
3
1
1
1242
3364
4095
4095
4095
4095
4095
4095
4095
4095
2336
614
2
2
1
0
56
345
621
686
571
312
0
1
1
329
1254
2591
4095
4095
4095
4095
4095
4095
4095
4095
3291
1181
3
1
1
3
1
1
2
257
1872
3548
4095
4095
4095
4095
4095
4095
4095
4095
3072
1864
893
4095
4095
4095
4095
3980
2419
770
0
3
3
2
1
2
1
2
2
3
3
1
1131
2680
4095
4095
4095
4095
4095
4095
4095
4095
4095
4095
4095
4095
3187
1777
446
1
2
0
0
0
2
1
1
1
0
2
1164
2690
4095
4095
4095
4095
4095
4095
4095
4095
4095
4095
4095
4095
3902
2309
597
2
4
3
2
3
3
1
3
1
3
2
1
74
1612
3297
4095
4095
4095
4095
4095
4095
4095
4095
4095
4095
4095
4095
3833
2090
302
1
1
1
2
3
3
1
2
2
2
2
2
1018
2792
4095
4095
4095
4095
4095
4095
4095
4095
4095
4095
4095
4095
4095
2944
1258
1
1
3
2
2
1
3
1
0
1
2
2
2
1
1
3
4
1
4
2
0
3
0
2
1
0
2
2
1
2
0
2
640
1389
2111
2815
3478
4095
4095
4095
4095
4095
4095
4095
4095
4095
4095
4095
4095
4095
4095
4095
4095
4095
4095
4095
4095
4095
4095
4095
4095
4095
4095
4095
4095
4095
4095
4095
4095
4095
4095
4095
4095
4095
4095
4095
4095
4095
4095
4095
4095
4095
4095
3889
3267
2612
1983
1410
833
267
1
2
2
3
3
3
3
3
1
1
2
1
1
3
4
3
5
2
4
1
0
4
3
2
1
3
3
1
1
2
3
3
2
2
3
2
2
3
0
0
1
2
2
