2102
2092
2091
2080
2089
2089
2083
2078
2093
2099
2086
2072
2080
2072
2077
2101
2097
2075
2075
2084
2074
2079
2078
2071
2071
2083
2078
2078
2078
2080
2080
2081
2075
2081
2098
2091
2079
2071
2079
2080
2080
2092
2072
2094
2080
2092
2091
2082
2093
2103
2094
2101
2091
2083
2085
2072
2079
2092
2079
2077
2086
2077
2080
2072
2079
2069
2088
2095
2096
2094
2098
2078
2072
2086
2089
2083
2082
2076
2075
2085
2089
2078
2089
2072
2069
2074
2089
2066
2080
2077
2074
2081
2090
2079
2090
2078
2093
2084
2091
2093
2101
2087
2101
2094
2086
2091
2087
2090
2089
2090
2096
2100
2094
2091
2086
2102
2094
2096
2097
2096
2091
2095
2088
2084
2086
2089
2084
2087
2094
2096
2084
2090
2092
2087
2088
2092
2088
2090
2094
2094
2080
2088
2094
2091
2095
2099
2090
2088
2092
2094
2086
2091
2094
2102
2095
2097
2104
2094
2105
2092
2094
2094
2093
2094
2096
2088
2094
2088
2078
2088
2086
2089
2094
2088
2094
2096
2098
2087
2087
2096
2090
2091
2086
2095
2094
2092
2095
2098
2094
2092
2087
2080
2095
2088
2088
2090
2091
2096
2100
2101
2097
2093
2098
2093
2090
2091
2089
2093
2088
2089
2084
2085
2101
2096
2091
2093
2092
2094
2087
2094
2094
2078
2096
2096
2092
2086
2094
2090
2094
2091
2089
2090
2089
2090
2101
2107
2096
2083
2084
2087
2091
2080
2092
2085
2089
2097
2092
2090
2097
2096
2098
2096
2092
2102
2102
2100
2070
2072
2062
2062
2045
2046
2053
2050
2040
2028
2036
2029
2032
2009
2027
2034
2039
2020
2037
2019
2036
2026
2034
2036
2036
2028
2027
2037
2047
2039
2041
2042
2076
2081
2085
2089
2104
2098
2109
2116
2120
2119
2130
2152
2146
2156
2159
2167
2178
2182
2187
2172
2177
2183
2188
2178
2182
2174
2178
2183
2176
2163
2162
2151
2144
2134
2128
2120
2110
2096
2080
2066
2047
2045
2034
2017
2006
2008
2004
1986
1982
1981
1984
1984
1992
1990
1994
2014
2004
2022
2032
2035
2051
2054
2065
2080
2089
2108
2115
2114
2126
2123
2138
2142
2139
2144
2151
2149
2150
2133
2137
2123
2126
2115
2117
2108
2094
2097
2095
2087
2087
2086
2080
2095
2087
2096
2099
2101
2230
2248
2236
2220
2180
2133
2070
2024
1981
1940
1916
1900
1894
1909
1958
2010
2070
2108
2140
2189
2195
2224
2250
2262
2271
2268
2264
2238
2208
2151
2114
2047
2032
1996
1974
1975
1995
2032
2078
2128
2192
2247
2320
2358
2355
2347
2311
2281
2191
2093
2003
1912
1852
1825
1829
1866
1942
2030
2148
2255
2348
2412
2456
2451
2406
2360
2271
2173
2102
2017
1959
1905
1881
1898
1932
1957
2020
2055
2093
2130
2130
2107
2109
2078
2036
2000
1992
2000
2016
2050
2087
2169
2240
2290
2327
2332
2332
2304
2234
2150
2096
2052
1954
1942
1920
1928
1948
1968
2024
2084
2132
2180
2194
2204
2192
2147
2106
2080
2036
1996
1977
1965
1974
1964
1992
2016
2050
2105
2183
2172
2064
1937
1952
2065
2237
2288
2263
2213
2075
1884
1790
1875
1961
1980
1978
2105
2216
2193
2153
2224
2300
2246
1985
1860
1887
1923
1896
1883
1991
2113
2180
2218
2273
2257
2138
2059
2050
2134
2140
2084
2064
2108
2165
2152
2152
2172
2124
2046
1914
1809
1693
1733
1824
1961
1981
2053
2222
2347
2328
2174
2077
2049
1992
1942
1927
1954
2054
2096
2093
2106
2156
2218
2288
2356
2336
2244
2161
2102
2076
1956
1817
1833
1916
1982
2084
2271
2360
2335
2160
2004
1920
1786
1725
1811
1979
2123
2229
2278
2361
2387
2310
2160
2019
1930
1893
1861
1900
1889
1899
1972
2032
2080
2165
2214
2222
2192
2115
2082
2072
2109
2249
2418
2440
2436
2329
2172
2174
2171
2151
2123
2072
1999
1932
1866
1827
1846
1940
2036
2121
2137
2118
2101
2106
2157
2201
2210
2109
1946
1830
1808
1948
2162
2335
2376
2311
2193
2111
2066
2060
2088
2114
2092
2026
1985
1969
1991
2040
2117
2130
2115
2141
2231
2216
2134
2014
2013
2122
2244
2263
2168
2038
2032
2109
2183
2280
2288
2171
2020
1876
1883
2035
2140
2192
2155
2130
2133
2090
1968
1879
1946
2089
2283
2401
2374
2236
2060
1926
1935
1997
2043
2074
2168
2297
2350
2343
2258
2158
2134
2145
2168
2107
1984
1872
1898
2049
2211
2232
2108
1990
1992
2025
2050
2112
2164
2109
2012
2012
2102
2194
2193
2181
2210
2190
2089
2011
2039
2095
2063
1913
1840
1938
2096
2168
2129
2059
2080
2026
1924
1865
1909
2068
2239
2301
2232
2062
1879
1786
1809
1905
2032
2091
2040
1936
1861
1893
2033
2192
2289
2263
2072
1863
1771
1885
2120
2369
2492
2408
2204
2013
1904
1951
2061
2202
2320
2378
2348
2259
2144
2024
1912
1906
1975
2055
2074
2048
2016
2075
2196
2360
2504
2507
2330
2074
1854
1793
1888
2072
2186
2198
2098
2005
1975
2009
2116
2181
2214
2161
2083
2022
2004
2054
2136
2184
2190
2139
2060
2010
2056
2174
2326
2398
2358
2181
1972
1824
1790
1896
2104
2276
2345
2295
2176
2063
2007
2078
2152
2175
2130
2079
2019
1994
2053
2156
2266
2310
2227
2096
1967
1895
1872
1927
2087
2216
2230
2105
1929
1804
1820
1977
2210
2377
2420
2075
1863
1813
1934
2099
2254
2315
2236
2158
2167
2241
2235
2147
2137
2205
2196
2078
1938
1914
2007
2198
2358
2377
2222
2025
1846
1814
1932
2088
2183
2158
1992
1874
1931
2081
2108
1987
1932
2070
2242
2267
2146
2085
2182
2284
2198
1967
1804
1889
2122
2216
2134
2095
2136
2164
2135
2086
2071
2002
1960
2006
2203
2417
2493
2447
2325
2132
1974
1882
1921
2112
2287
2331
2229
2054
1877
1863
2006
2174
2218
2186
2132
2156
2195
2274
2331
2304
2190
2075
2026
2058
2146
2258
2291
2196
1974
1834
1848
1973
2123
2181
2123
2011
1953
1996
2066
2160
2177
2159
2110
2069
2064
2076
2066
2053
2079
2134
2169
2196
2215
2236
2257
2250
2158
1994
1875
1841
1877
2335
2183
2112
1959
1796
1850
1998
1973
2026
2278
2080
1833
1882
1870
1951
2178
2339
2324
2111
1784
1737
1865
1898
1988
2156
2124
1932
1856
1973
2191
2479
2618
2540
2215
1813
1650
1765
1902
1954
2127
2227
2224
2430
2501
2307
2213
2238
2198
2195
2198
1970
1725
1889
2199
2279
2229
2110
1914
1936
2146
2245
2269
2306
2114
1867
1863
2006
2224
2472
2484
2204
1865
1667
1774
2215
2665
2768
2574
2225
1900
1825
2107
2460
2611
2456
2108
1744
1586
1697
2016
2273
2326
2301
2126
1860
1824
1913
1984
2152
2299
2299
2267
2260
2188
2055
1988
1979
1972
2110
2251
2274
2204
1996
1762
1798
1996
2192
2286
2077
1745
1647
1782
2104
2402
2424
2166
1739
1518
2072
1705
1616
1769
2016
2242
2386
2295
2078
2009
2016
1964
2067
2148
1972
1821
1861
1924
2087
2238
2149
2115
2201
1924
1606
1750
1953
2015
2121
2137
2016
2039
2012
1758
1703
2128
2481
2337
2036
1875
1832
2073
2471
2443
2143
2070
1928
1762
1841
1803
1821
2181
2357
2146
2006
2001
1934
2129
2420
2428
2259
2046
1775
1744
2026
2282
2411
2392
2132
1979
2067
2044
1838
2065
2440
2401
2219
1994
1595
1567
1974
2207
2270
2334
2270
2192
2158
2118
2150
2268
2206
1989
1896
1996
2229
2515
2589
2416
2272
2107
1848
1763
1725
1724
2090
2483
2444
2283
2145
1951
2007
2185
2144
1921
1744
1849
2151
2378
2541
2376
1816
1523
1664
1733
1889
2272
2437
2377
2543
2672
2672
2471
2186
1970
1853
1794
1764
1816
1997
2265
2421
2368
2218
2181
2315
2440
2322
2065
1905
1995
2268
2409
2334
2137
1949
1856
1851
1909
2037
2137
2150
2078
1980
1937
1970
1990
1948
1905
1986
2115
2179
2130
2046
1960
1865
1708
1535
1556
1916
2503
2815
2598
2060
1550
1335
1430
1710
2093
2443
2655
2614
2340
2003
1875
2095
2384
2486
2372
2127
1804
1589
1752
2199
2514
2458
2048
1613
1415
1467
1720
2142
2630
2949
2871
2495
2073
1807
1707
1924
2288
2446
2257
1943
1726
1686
1705
1844
2192
2514
2478
2042
1494
1244
1509
2144
2728
2827
2484
2016
1702
1680
1854
2084
2312
2447
2438
2301
2136
2033
1934
1760
1649
1881
2389
2759
2664
1446
1852
2407
2739
2533
1907
1358
1171
1637
2518
3282
3438
2891
1903
1034
680
1089
2048
2927
3271
2871
1958
1200
898
1294
2082
2915
3272
3050
2432
1685
1210
1151
1559
2191
2653
2789
2606
2288
2010
1920
2091
2351
2548
2520
2152
1641
1298
1308
1608
2017
2410
2724
2770
2480
2064
1739
1620
1711
2082
2530
2765
2679
2308
1860
1490
1449
1782
2384
2818
2816
2413
1828
1389
1424
1992
2664
2972
2676
2041
1495
1350
1588
2084
2601
2670
2293
1729
1382
1550
2122
2605
2719
2456
1982
1548
1380
1640
2129
2457
2431
2191
1896
1756
1860
2226
2584
2642
2370
1960
1606
1395
1483
1875
2407
2828
2963
2853
2600
2178
1696
1548
1798
2160
2381
2453
2370
2199
3532
3958
3924
3236
2052
898
231
192
729
1690
2834
3725
4095
3891
2988
1496
1
3
2
32
1478
3327
4095
4095
4095
4095
2618
760
1
3
2
392
2097
3617
4095
4095
3867
2842
1709
742
142
154
837
1842
2622
2918
2797
2465
2119
1958
2057
2306
2633
2932
3031
2706
2069
1507
1278
1284
1443
1864
2546
3171
3579
3641
3259
2344
1058
0
3
1
803
2045
3321
4095
4095
4095
3056
1550
189
0
2
421
1712
2946
3737
3894
3484
2643
1521
490
145
751
1962
3173
3968
4095
3659
2345
706
2
2
272
1773
3366
4095
4095
4095
3056
1215
3
2
2
824
2718
4095
4095
4095
3778
1896
4
1
3
4
1704
3775
4095
4095
4095
4095
3108
1924
805
44
1
4
317
638
651
336
0
4
0
1
3
75
1297
2913
4095
4095
4095
4095
4095
4095
4095
4095
3758
2304
1222
589
425
666
1149
1737
2359
2942
3407
3714
3941
4090
4095
4095
4024
3840
3424
2776
1790
490
3
3
3
4
2
1
1
1
514
2361
3930
4095
4095
4095
4095
4095
3484
2601
2048
1955
2296
2786
3267
3525
3484
3135
2604
2000
1414
985
731
814
1261
2116
3190
4095
4095
4095
4095
3369
2030
527
2
0
3
2
0
1
0
82
969
1659
1997
2027
1872
1656
1592
1824
2406
3210
4095
4095
4095
4095
4095
4095
4005
3127
2307
1763
1590
1792
2376
3133
3807
4095
4095
4095
3372
2551
1710
933
182
2
3
2
3
1
3
2
3
2
2
1
2
1
2
7
907
2001
3031
3976
4095
4095
4095
4095
4095
4095
4095
4095
4095
4095
4095
4095
4095
4095
4095
3667
2707
1728
758
1
1
1
1
2
3
2
1
1
1
1
1
1
3
1
1
2
183
1009
1857
2688
3497
4095
4095
4095
4095
4095
4095
4095
4095
4095
4095
4095
4095
4095
4095
4095
4095
4095
4095
4095
3575
2533
1482
499
2
1
5
1
2
3
1
3
4
2
2
2
3
1
1
2
1
1
1
211
1550
2963
4095
4095
4095
4095
4095
4095
4095
4095
4095
4095
4095
4095
4095
4095
4095
4095
4095
