2102
2111
2104
2123
2086
2091
2095
2096
2101
2100
2086
2095
2119
2095
2107
2100
2112
2087
2110
2134
2106
2095
2083
2095
2096
2096
2108
2111
2117
2096
2088
2092
2087
2084
2078
2089
2106
2113
2124
2101
2094
2091
2123
2096
2072
2083
2091
2117
2089
2108
2091
2083
2109
2109
2098
2083
2108
2097
2106
2094
2101
2097
2084
2118
2082
2100
2096
2088
2084
2097
2082
2082
2081
2110
2068
2098
2088
2079
2089
2096
2114
2107
2101
2085
2091
2100
2121
2111
2097
2092
2096
2078
2084
2104
2097
2103
2113
2107
2097
2097
2107
2106
2104
2128
2113
2100
2090
2104
2119
2072
2074
2100
2100
2099
2095
2099
2096
2085
2096
2112
2120
2089
2106
2084
2079
2073
2088
2088
2101
2108
2123
2105
2108
2100
2103
2099
2119
2116
2116
2091
2114
2116
2102
2120
2121
2090
2091
2125
2097
2122
2101
2116
2094
2115
2119
2104
2098
2089
2086
2086
2112
2090
2092
2101
2100
2088
2116
2113
2104
2086
2104
2081
2115
2121
2115
2114
2104
2112
2092
2061
2120
2097
2097
2092
2087
2101
2111
2106
2091
2108
2117
2095
2100
2070
2094
2082
2096
2099
2105
2083
2102
2106
2107
2099
2100
2106
2120
2115
2104
2114
2103
2121
2075
2077
2087
2103
2089
2106
2081
2110
2088
2110
2062
2088
2099
2121
2108
2084
2086
2104
2099
2117
2120
2092
2120
2098
2096
2090
2096
2101
2100
2078
2066
2090
2101
2102
2102
2089
2077
2085
2087
2088
2096
2062
2068
2099
1898
1878
1865
1873
1883
1879
1903
1929
1927
1942
1981
2009
2021
2067
2088
2126
2158
2196
2201
2237
2275
2279
2298
2314
2319
2306
2321
2322
2309
2311
2288
2255
2224
2210
2189
2175
2140
2125
2091
2080
2045
2044
2018
2013
2010
2023
2006
1986
1992
1995
2016
2031
2031
2049
2067
2079
2067
2098
2120
2107
2086
2088
2100
2110
2089
2086
2096
2093
2080
2088
2080
2091
2066
2089
2099
2096
2075
2080
2076
2082
2070
2063
2066
2077
2101
2095
2109
2114
2127
2119
2125
2143
2126
2123
2121
2112
2111
2099
2107
2082
2081
2075
2073
2059
2048
2043
2049
2018
2035
2005
2003
2020
2003
2035
2043
2022
2016
2029
2039
2058
2067
2073
2068
2072
2092
2106
2091
2111
2056
2086
2087
2081
2102
2101
2084
2091
2086
2105
2109
2129
2172
2182
2188
2204
2192
2191
2179
2150
2115
2091
2030
2014
1986
1982
1967
1998
2022
2057
2088
2142
2178
2203
2213
2201
2197
2150
2106
2062
2027
1992
1986
1980
1984
2002
2035
2110
2143
2190
2224
2219
2210
2192
2132
2079
2035
1994
1978
1943
1944
1948
1953
1970
1990
2066
2091
2123
2161
2168
2138
2106
2036
1999
1997
1999
2043
2043
2025
2010
2009
2022
2069
2106
2159
2224
2226
2241
2218
2197
2173
2139
2127
2130
2097
2088
2084
2016
1948
1894
1880
1907
1943
1989
2038
2040
2041
2041
2062
2098
2141
2174
2159
2171
2173
2156
2120
2091
2078
2093
2114
2105
2053
2030
2007
1981
1966
1956
2178
2151
2087
2037
1926
1956
2007
2081
2161
2218
2165
2200
2237
2211
2171
2129
2065
2040
1977
1940
1962
1970
2057
2119
2137
2149
2176
2096
2054
1987
1958
2009
2119
2171
2158
2072
2074
2098
2085
2062
2104
2121
2158
2237
2269
2242
2242
2135
2044
1980
2003
1979
2049
2115
2163
2194
2147
2103
2051
2018
2028
2063
2092
2081
2055
2042
2049
2050
2055
2085
2118
2172
2242
2282
2264
2194
2069
2008
1966
1961
2018
2070
2117
2127
2129
2104
2053
2045
2005
2052
2123
2121
2151
2160
2117
2088
2049
2029
2029
2086
2126
2131
2151
2134
2112
2062
2046
2063
2100
2114
2135
2141
2138
2134
2158
2131
2079
2029
2016
2027
2058
2040
2054
2064
2107
2092
2085
2032
2164
2222
2235
2176
2095
2032
2068
2129
2114
2173
2186
2088
2033
2034
2005
2035
2107
2166
2222
2266
2241
2171
2060
1935
1915
1977
2110
2336
2329
2244
2142
2003
1908
1909
2044
2126
2214
2161
2115
2020
1949
1980
2118
2259
2305
2269
2199
2117
1960
1952
2004
2040
2121
2182
2167
2095
2077
2069
2087
2194
2185
2166
2127
2042
2023
2067
2062
2108
2139
2133
2068
2022
2028
2026
1985
2016
2094
2080
2105
2094
2115
2101
2154
2175
2152
2018
1989
2017
2030
2110
2145
2156
2080
2003
1952
1945
1995
2109
2225
2270
2257
2218
2100
2019
2037
2096
2120
2133
2159
2153
2066
1978
1989
1979
2067
2146
2150
2171
2147
2088
2005
2010
2052
2070
2107
2126
2132
2142
1952
1894
1942
2083
2285
2350
2257
2113
2076
2031
1974
2033
2016
1960
2055
2104
1998
2041
2159
2172
2105
2035
1967
2048
2148
2197
2130
2050
1982
2031
2058
1982
1964
2113
2265
2336
2262
2192
2064
2002
2061
2108
2074
2086
2154
2210
2214
2125
2078
1987
1914
1966
2021
2042
2070
2129
2026
1970
1970
1986
1972
2059
2140
2149
2128
2087
2034
1934
1985
2073
2162
2241
2265
2225
2141
2077
1971
1924
1931
2028
2102
2104
2027
1952
2005
2128
2297
2413
2386
2287
2144
1975
1905
1919
2066
2131
2200
2185
2095
2009
2008
2020
2061
2095
2166
2180
2134
2076
2085
2147
2174
2199
2257
2208
2143
2084
2055
2064
2105
2124
2070
2107
2089
2016
2028
2033
2026
2038
2204
2033
2009
2153
2283
2214
2144
2146
2278
2256
2027
1844
1962
2203
2293
2191
2110
2117
2072
1912
1909
2078
2233
2236
2061
2012
2107
2186
2072
1908
1878
1966
2057
2070
2032
2077
2192
2248
2217
2133
2080
2058
2102
2120
2084
1993
1941
1980
2103
2166
2208
2171
2098
2034
1961
1986
2119
2204
2146
1952
1814
1881
2080
2184
2207
2165
2029
1938
2006
2007
2084
2208
2154
1942
1896
1865
1907
2083
2222
2224
2235
2088
1859
1928
2082
2157
2209
2200
2052
1984
2000
2039
2192
2360
2319
2128
1980
1886
2026
2208
2160
2118
2148
2085
2018
2090
2141
2158
2229
2132
2023
2038
2118
2201
2286
2209
2063
2045
1939
1859
1993
2168
2288
2265
2109
1889
1872
2088
2388
2239
1892
1692
1914
2375
2652
2468
2154
1972
1957
2010
2070
2165
2281
2344
2259
2030
1882
2090
2407
2444
2183
1945
1920
1868
1787
1981
2418
2625
2383
1952
1808
2007
2232
2258
2129
1998
1985
2018
1974
1929
1959
1995
1989
2019
2204
2406
2394
2159
1917
1919
2068
2165
2137
2032
1946
1963
2024
2145
2319
2384
2268
2068
1948
1959
2006
2084
2257
2340
2118
1804
1690
1868
2196
2446
2355
2077
2000
2096
2152
2081
2022
1937
1855
1891
2110
2289
2298
2233
2114
1931
1790
1851
2050
2194
2281
2187
1916
1787
1953
2189
2220
2104
2004
1954
1995
2111
2286
2402
2344
2091
1913
1947
1985
1918
1943
2080
2222
2288
2284
2165
2106
2200
2133
1854
1802
2088
2303
2072
1855
1788
1897
2067
2194
2189
2058
1923
1938
2167
2421
2463
2239
1928
1657
1607
1730
1987
2208
2281
2174
1954
1807
1834
2069
2248
2213
1969
1735
1710
1900
2145
2301
2269
2154
2045
1969
1932
2031
2265
2350
2201
1893
1702
1827
2176
2460
2466
2215
1904
1741
1832
2102
2362
2458
2369
2164
2064
2003
1971
2057
2348
2544
2352
1853
1460
1552
1966
2331
2456
2424
2320
2049
1703
1526
1786
2299
2572
2375
2009
1810
1886
2088
2249
2284
2246
2166
2064
2055
2099
2162
2209
2229
2129
1934
1778
1859
2179
2363
2329
2309
2248
2044
1696
1595
1888
2340
2654
2650
2293
1781
1408
1554
2074
2551
2619
2359
2010
1794
1732
1884
2152
2319
2381
2353
2217
1619
2452
3026
2954
2321
1538
1173
1490
2273
2812
2788
2277
1568
1104
1251
1973
2736
2996
2567
1800
1275
1348
1988
2751
3135
2825
1995
1233
1127
1784
2702
3221
2969
2064
1160
868
1408
2375
3129
3146
2365
1313
798
1206
2293
3248
3376
2587
1443
831
1196
2169
3092
3338
2762
1623
705
767
1752
2995
3588
3120
1898
819
589
1360
2518
3303
3245
2450
1505
1088
1383
2094
2688
2823
2431
1827
1418
1477
2008
2669
2996
2757
2024
1311
1021
1390
2108
2765
2897
2465
1757
1293
1467
2201
2900
3051
2506
1630
1072
1219
1895
2632
3009
2801
2310
1961
1979
2080
2141
2044
1774
1519
1497
1806
2231
2568
2651
2447
2076
1866
1899
2031
2193
2347
2434
2339
2123
2264
2370
2322
2054
1726
1503
1690
2255
2871
3073
2654
1872
1151
896
1227
2016
2815
3172
2852
2093
1406
1218
1557
2210
2742
2974
2827
2437
2047
1843
1792
1819
1835
1817
1876
2069
2386
2640
2657
2355
1857
1421
1299
1601
2196
2775
2939
2589
1994
1547
1484
1811
2396
2878
2848
2368
1767
1329
1218
1516
2040
2479
2594
2491
2249
1998
1959
2188
2544
2706
2546
2161
1734
1516
1627
1926
2193
2399
2533
2405
2074
1868
1956
2190
2288
2198
2041
1831
1648
1749
2107
2494
2709
2495
1907
1281
1032
1334
2035
2742
3066
2770
1999
1268
1098
1650
2571
3198
3094
2265
1136
448
687
1697
2775
3326
3129
2323
1459
1176
1658
2365
2642
2401
1917
1455
1186
2191
1384
783
660
1103
2007
2972
3529
3420
2631
1509
469
3
341
1398
2764
3862
4095
3909
2800
1388
191
1
318
1576
3017
4050
4095
3566
2216
717
0
0
602
2148
3732
4095
4095
3865
2225
488
1
2
462
1978
3401
4095
4095
3302
2020
898
434
839
1863
2954
3591
3482
2716
1593
656
321
793
1919
3256
4095
4095
3570
2220
713
0
1
254
1781
3485
4095
4095
3832
2345
663
1
1
47
1456
3125
4095
4095
4095
2744
1037
1
4
255
1610
3062
4062
4095
3639
2429
1145
294
114
590
1494
2416
3172
3556
3360
2771
2032
1491
1295
1437
1835
2266
2582
2598
2339
1988
1731
1680
1821
2060
2220
2284
2307
2224
2110
1954
2406
2856
3119
3216
3123
2954
2760
2605
2517
2532
2602
2747
2915
3041
3114
3106
2997
2801
2501
2131
1755
1363
987
620
319
175
208
420
846
1419
2055
2658
3146
3457
3544
3407
3130
2811
2429
2111
1888
1759
1658
1603
1613
1703
1830
1976
2065
2064
1942
1735
1426
1119
855
698
673
831
1180
1643
2261
2955
3645
4095
4095
4095
4095
4095
4095
3641
2727
1750
805
1
0
1
2
1
1
1
759
1967
3112
4095
4095
4095
4095
4095
4095
4095
4095
3451
2686
1891
1066
378
0
1
1
3
176
679
1211
1678
2068
2433
2756
3039
3364
3656
3885
4076
4095
3980
3581
2946
2146
1201
346
0
0
0
1
0
331
1202
2155
3068
5
0
0
0
0
0
0
0
0
0
2
0
0
405
987
1613
2231
2818
3349
3865
4095
4095
4095
4095
4095
4095
4095
4095
4095
4095
4095
4095
4095
4095
4095
4095
4095
4095
3786
3283
2714
2197
1681
1154
677
248
0
1
2
1
0
0
0
1
1
1
1
0
1
173
632
1041
1535
1975
2482
2875
3285
3641
3930
4095
4095
4095
4095
4095
4095
4095
4095
4070
3767
3447
3044
2621
2215
1797
1324
865
383
0
0
0
0
0
1
0
0
0
0
0
0
1
0
0
1
1
159
708
1298
1895
2461
3006
3562
4031
4095
4095
4095
4095
4095
4095
4095
4095
4095
4095
4095
4095
4095
4095
4095
4095
