2097
2100
2101
2099
2102
2098
2094
2091
2088
2092
2092
2089
2093
2092
2099
2101
2095
2093
2098
2097
2098
2097
2103
2098
2096
2094
2092
2094
2090
2098
2096
2100
2101
2097
2096
2097
2096
2094
2097
2091
2096
2093
2092
2096
2092
2095
2089
2094
2095
2099
2094
2095
2099
2098
2096
2096
2100
2101
2099
2102
2098
2094
2097
2090
2090
2097
2100
2096
2095
2095
2094
2090
2091
2092
2095
2092
2095
2091
2093
2094
2096
2093
2098
2097
2095
2095
2098
2098
2098
2096
2094
2093
2095
2092
2092
2092
2098
2100
2090
2094
2091
2091
2094
2091
2092
2094
2098
2088
2090
2095
2096
2096
2100
2101
2100
2099
2098
2101
2097
2102
2097
2099
2096
2091
2099
2098
2096
2099
2104
2086
2097
2101
2101
2109
2102
2104
2094
2077
2086
2082
2092
2091
2099
2093
2101
2105
2092
2088
2087
2091
2099
2085
2105
2103
2094
2094
2089
2098
2088
2094
2080
2091
2083
2092
2106
2098
2089
2103
2090
2089
2098
2098
2087
2072
2085
2085
2094
2090
2099
2098
2094
2111
2091
2094
2094
2110
2092
2103
2084
2093
2096
2093
2092
2087
2096
2080
2081
2088
2075
2072
2076
2091
2082
2092
2073
2113
2094
2095
2092
2101
2099
2093
2099
2098
2104
2102
2106
2101
2088
2079
2081
2092
2088
2093
2096
2094
2095
2081
2091
2090
2095
2090
2081
2088
2088
2094
2102
2077
2068
2099
2090
2091
2095
2102
2104
2106
2098
2088
2096
2100
2080
2078
2092
2093
2095
2097
1939
1927
1923
1915
1906
1893
1914
1907
1910
1869
1865
1886
1861
1915
1908
1919
1951
1958
1942
1958
1973
1976
2012
2015
2011
2040
2056
2069
2068
2070
2079
2101
2105
2108
2115
2145
2144
2204
2174
2186
2182
2217
2208
2210
2214
2214
2228
2208
2208
2200
2209
2147
2188
2210
2161
2165
2134
2127
2117
2087
2104
2093
2073
2095
2061
2053
2053
2024
2027
2040
2014
2025
2028
2010
2056
2040
2030
2046
2043
2044
2048
2064
2067
2073
2093
2097
2108
2093
2092
2108
2113
2120
2131
2139
2094
2111
2110
2145
2114
2137
2138
2116
2118
2110
2113
2092
2115
2116
2117
2080
2110
2110
2121
2106
2128
2102
2107
2098
2103
2147
2149
2170
2147
2150
2147
2172
2159
2201
2087
2072
2065
2071
2079
2065
2102
2053
2049
2018
2031
2015
1994
2017
2024
2090
2151
2205
2292
2346
2397
2394
2358
2320
2281
2196
2108
2040
1970
1925
1876
1884
1912
1973
2054
2115
2196
2288
2356
2363
2348
2303
2229
2141
2053
1946
1880
1822
1810
1833
1889
1926
2008
2104
2173
2234
2283
2265
2209
2140
2100
2005
1926
1866
1808
1824
1827
1889
1975
2071
2160
2257
2320
2356
2348
2311
2208
2106
1998
1892
1815
1751
1759
1792
1850
1979
2131
2267
2384
2478
2552
2575
2531
2454
2313
2202
2077
1972
1886
1862
1844
1886
1916
1989
2070
2106
2130
2120
2085
2022
2000
1960
1934
1935
1960
1977
2050
2061
2125
2169
2199
2184
2191
2108
2080
2071
2019
1998
2049
2038
2050
2119
2190
2185
2049
1947
1945
2026
2076
2104
2173
2226
2202
2156
2180
2196
2113
2018
2011
2098
2203
2259
2334
2374
2396
2386
2351
2318
2267
2191
2017
1836
1798
1799
1831
1906
2049
2193
2258
2272
2292
2264
2100
2001
1984
1998
2017
2007
2056
2157
2217
2228
2244
2255
2196
2118
2074
2140
2130
2038
1979
1982
2014
2024
2033
2085
2119
2123
2118
2049
1903
1756
1698
1756
1892
2054
2183
2234
2232
2182
2080
1934
1850
1876
1965
2090
2230
2270
2217
2109
2027
1981
1966
2034
2104
2159
2188
2163
2072
1966
1914
1943
2045
2149
2216
2196
2105
1997
1984
2010
2070
2206
2321
2312
2221
2150
2032
1912
1835
1840
1915
2040
2140
2220
2160
1996
1955
1935
1954
1945
1910
2026
2259
2410
2340
2063
1807
1765
1920
2144
2208
2120
2041
2025
2034
2065
2092
2227
2373
2408
2335
2139
1940
1758
1685
1829
2145
2410
2410
2288
2155
2006
1966
2084
2241
2279
2354
2306
2010
1773
1860
1999
2093
2212
2270
2194
2136
2045
1804
1612
1741
2056
2277
2360
2233
1987
1889
1763
1726
1929
2299
2427
2335
2186
1854
1497
1488
1693
1875
2151
2520
2630
2404
2211
2210
2168
2028
1956
1970
1955
2066
2149
2133
2069
2174
2328
2396
2296
2232
2258
2247
2121
2030
1959
1954
2095
2123
2018
2062
2254
2311
2267
2266
2156
1980
2000
2134
2110
2107
2219
2344
2311
2115
1964
1960
2121
2236
2252
2242
2177
2056
1927
1802
1784
1776
1512
1674
2158
2452
2372
1999
1936
2149
2221
2074
1962
2060
2100
2105
2012
2060
2115
2192
2129
2098
2262
2377
2189
1896
1899
2050
2246
2288
2184
1970
1858
2076
2388
2564
2433
2054
1675
1615
1962
2448
2608
2472
2073
1753
1765
2063
2321
2286
2097
1950
1863
1845
1974
2160
2237
2126
2000
1917
1950
2170
2347
2359
2136
1774
1692
1938
2170
2241
2274
2296
2203
2052
1944
1900
2022
2279
2286
2069
1878
1921
2114
2147
2040
1914
2007
2187
2201
2035
1860
1825
2035
2192
2117
2039
2241
2341
2099
1884
1800
1904
2131
2176
2177
2219
2186
1980
1905
2085
2241
2285
2308
2258
2062
1802
1665
1777
2070
2326
2363
2262
2079
1907
1912
2095
2343
2492
2298
1916
1883
1926
2076
2278
2399
2228
1890
1711
1844
2119
2249
2104
1903
1898
2134
2321
2284
2100
2007
2002
2018
2031
2134
2293
2234
1962
1685
1713
1997
2272
2361
2272
2070
1824
1704
1877
2199
2399
2314
2064
1917
1912
1894
1860
1904
2117
2333
2303
2056
1885
1842
1964
2159
2387
2383
2121
1788
1741
1987
2216
2203
2069
1969
1924
1875
1894
2104
2283
2190
2000
1887
1984
2137
2192
2134
2002
1792
1647
1819
2190
2348
2178
2014
2036
2139
2181
2208
2370
2514
2426
2163
1957
1984
2143
2229
2150
2052
2002
2085
2223
2253
2138
2088
2241
2389
2388
2184
1879
1769
1966
2168
2168
2139
2248
2321
2239
2156
2245
2258
2125
1894
1827
1963
2247
2375
2204
1994
2109
2027
1957
1888
1944
2099
2193
2128
2019
2054
2205
2223
1992
1700
1651
1910
2224
2313
2199
2070
1973
1874
1876
2076
2277
2316
2209
2095
2101
2139
1951
1698
1728
2032
2326
2441
2333
2040
1820
1797
1929
2230
2571
2592
2152
1680
1604
1919
2304
2439
2255
2026
1996
2107
2229
2250
2171
2069
2102
2218
2223
2079
1933
1928
2092
2230
2206
2097
2020
2055
2213
2437
2630
2623
2358
1967
1644
1538
1715
2044
2283
2328
2329
2313
2260
2139
2002
1872
1923
2151
2298
2231
2066
1912
1868
1985
2140
2151
2097
2134
2301
2417
2370
2238
2030
1887
1893
2023
2144
2216
2173
2038
1974
2037
2124
2155
2097
1977
1876
2028
2472
2782
2575
1928
1399
1462
2015
2500
2059
2235
2318
2310
2201
2028
1962
2148
2400
2420
2174
1900
1804
1911
2163
2322
2182
1785
1554
1782
2237
2540
2453
2028
1551
1488
1936
2498
2742
2577
2082
1497
1288
1641
2210
2567
2574
2237
1780
1660
1967
2302
2373
2242
2037
1900
1974
2207
2346
2192
1970
1955
2048
2133
2189
2139
2030
1993
2118
2250
2196
1986
1771
1694
1800
2049
2223
2174
1999
1837
1765
1874
2101
2229
2148
1976
1857
1872
2028
2246
2332
2166
1883
1769
1857
1960
2019
2043
1989
1832
1818
2087
2437
2529
2276
1928
1721
1756
2027
2308
2363
2121
1916
1958
2155
2318
2314
2086
1790
1732
1981
2280
2355
2240
2057
2010
2206
2405
2372
2103
1850
1820
2032
2212
2174
1978
1898
2028
2572
2910
2736
2029
1266
1126
1759
2531
2685
2118
1425
1177
1691
2621
3137
2792
1861
1159
1215
1846
2436
2672
2622
2298
1868
1748
2094
2458
2392
2079
1884
2049
2520
2825
2521
1670
1060
1396
2354
2956
2654
1760
1129
1323
2263
3038
2854
1925
1107
1078
1870
2905
3352
2805
1630
960
1284
2304
3224
3361
2462
1263
750
1383
2626
3522
3285
2134
1065
1001
1852
2836
3173
2596
1644
1264
1880
2854
3197
2552
1526
912
1182
2102
2940
2906
2047
1231
1326
2190
2991
3036
2271
1265
998
1695
2658
3078
2773
2037
1412
1484
2181
2865
2942
2287
1318
792
1354
2616
3512
3343
2359
1272
858
1436
2512
3238
3100
2221
1236
951
1629
2719
3396
3173
2215
1264
3208
3827
3529
2640
1562
814
823
1546
2492
3105
3026
2262
1277
816
1395
2724
3849
3882
2778
1203
11
0
737
2343
3728
4095
3658
2307
904
349
963
2288
3525
4045
3463
2017
573
86
930
2540
3846
3984
2977
1467
246
0
453
1778
3081
3688
3456
2760
2021
1430
1158
1327
1828
2366
2676
2705
2497
2203
2024
2133
2460
2724
2674
2274
1790
1517
1552
1847
2364
2897
3036
2626
2013
1699
1758
1996
2310
2562
2500
2004
1432
1295
1769
2546
3228
3428
2880
1729
649
376
1066
2268
3303
3598
2968
1744
692
477
1303
2705
3863
4041
3054
1420
97
3
838
2444
3802
4095
3397
1879
527
130
772
1900
2857
3196
2872
2191
1650
1676
2214
2730
2
1
2
1
2
1244
3180
4095
4095
4095
4095
3182
1873
951
631
919
1574
2264
2729
2842
2608
2158
1604
1071
738
692
958
1485
2177
2907
3528
3961
4089
3864
3299
2488
1548
659
17
3
14
506
1176
1786
2256
2609
2912
3195
3409
3504
3503
3475
3444
3310
2934
2199
1159
43
1
2
2
1
333
2000
3968
4095
4095
4095
4095
3691
1898
346
3
2
3
129
1408
2800
3786
4075
3560
2456
1118
4
1
21
1081
2638
4031
4095
4095
3691
2155
445
1
1
3
3
1340
3260
4095
4095
4095
4095
3360
1741
434
3
2
427
1247
2019
2514
2608
2363
1975
1770
1969
2612
3504
4095
4095
4095
3526
1897
2
2
1
2
3
1
1
2
3
2
1
13
1109
2446
3749
4095
4095
4095
4095
4095
4095
4095
4095
4095
4095
4095
3302
1843
375
2
3
0
1
3
3
3
3
2
3
0
2
214
1689
3214
4095
4095
4095
4095
4095
4095
4095
4095
4095
4095
4095
4095
3921
2688
1440
282
2
3
4
2
2
1
4
3
3
37
968
2023
3033
3932
4095
4095
4095
4095
4095
4095
4095
4095
3988
3131
2112
1135
204
3
2
1
2
3
0
2
2
2
1
424
1427
2435
3412
4095
4095
4095
4095
4095
4095
4095
4095
4095
4095
3886
3182
2335
1505
793
125
3
3
3
2
2
2
224
816
1485
2135
2776
3358
3826
4095
4095
4095
4095
4095
4095
4095
4095
4095
4095
4064
3970
3829
3698
3574
3425
3310
3135
2974
2806
2642
2486
2300
2122
1946
1801
1625
1467
1288
1158
992
812
692
539
400
241
140
1
4
3
3
3
3
4
1
3
1
1
3
1
3
2
2
3
2
3
1
1
2
3
1
1
2
1
3
0
1
1
1
1
2
0
1
0
0
1
2
3
1
0
2
15
493
983
1509
2109
2632
3199
3827
4095
4095
4095
4095
4095
4095
4095
4095
4095
4095
4095
4095
4095
4095
4095
4095
4095
4095
4095
4095
4095
4095
4095
4095
4095
4095
4095
4095
4095
4095
4095
4095
4095
4095
4095
4095
4095
4095
4095
4095
