2089
2094
2097
2089
2094
2101
2096
2093
2092
2088
2088
2096
2094
2096
2090
2092
2094
2090
2097
2094
2093
2090
2096
2095
2097
2092
2096
2096
2089
2097
2099
2101
2098
2095
2093
2089
2087
2090
2089
2093
2089
2088
2094
2097
2096
2096
2093
2094
2088
2095
2094
2090
2092
2093
2087
2091
2090
2091
2091
2096
2095
2100
2096
2096
2098
2094
2094
2101
2088
2089
2095
2100
2093
2091
2087
2096
2090
2099
2095
2098
2090
2089
2090
2090
2084
2088
2097
2098
2098
2092
2091
2097
2091
2088
2090
2092
2096
2093
2098
2096
2093
2088
2092
2088
2095
2090
2086
2089
2089
2090
2094
2092
2089
2086
2089
2089
2089
2089
2093
2086
2091
2091
2090
2090
2086
2088
2095
2089
2161
2157
2159
2161
2162
2171
2169
2172
2170
2180
2175
2176
2179
2175
2174
2169
2176
2169
2168
2171
2174
2174
2171
2170
2172
2164
2159
2154
2155
2159
2154
2148
2144
2142
2140
2138
2127
2124
2121
2122
2110
2112
2116
2104
2104
2095
2093
2094
2093
2090
2088
2084
2076
2076
2072
2068
2069
2070
2067
2066
2060
2059
2058
2055
2049
2051
2052
2052
2053
2053
2056
2048
2046
2048
2054
2052
2056
2056
2060
2058
2060
2066
2068
2068
2069
2075
2084
2087
2088
2093
2096
2100
2111
2106
2108
2106
2116
2115
2119
2120
2122
2120
2118
2118
2119
2120
2120
2117
2121
2115
2119
2117
2118
2114
2112
2105
2099
2098
2094
2090
2093
2088
2084
2074
2076
2074
2067
2069
2399
2451
2495
2519
2536
2547
2545
2534
2509
2472
2422
2381
2319
2261
2187
2126
2058
1997
1944
1893
1848
1815
1794
1782
1778
1773
1786
1813
1848
1890
1928
1985
2028
2080
2134
2180
2218
2259
2288
2314
2322
2322
2311
2292
2265
2216
2166
2107
2056
1994
1928
1864
1808
1755
1722
1690
1676
1677
1688
1711
1748
1787
1840
1895
1960
2023
2080
2153
2220
2287
2330
2364
2404
2426
2440
2447
2439
2410
2362
2318
2265
2196
2141
2060
2002
1939
1874
1828
1800
1782
1768
1776
1805
1840
1887
1951
2018
2086
2161
2237
2299
2364
2411
2462
2499
2519
2526
2520
2496
2461
2415
2355
2296
2235
2163
2093
2027
1970
1916
1869
1837
1815
1799
1801
1814
1824
1840
1871
2035
2119
2200
2271
2343
2381
2396
2376
2342
2296
2257
2223
2186
2136
2087
2034
1996
1955
1931
1914
1921
1941
1958
1948
1920
1884
1875
1906
1969
2043
2109
2165
2220
2262
2253
2206
2125
2065
2065
2120
2190
2250
2260
2240
2195
2152
2125
2104
2085
2062
2038
2002
1956
1922
1900
1900
1913
1937
1973
2044
2143
2250
2333
2365
2344
2298
2276
2261
2257
2251
2206
2156
2105
2081
2084
2114
2155
2185
2192
2178
2168
2174
2200
2220
2216
2169
2091
2007
1939
1874
1810
1731
1686
1680
1750
1883
2032
2163
2257
2309
2322
2299
2271
2256
2266
2276
2246
2182
2083
1992
1931
1903
1877
1854
1838
1850
1901
1963
2026
2089
2156
2216
2266
2276
2257
2220
2191
2164
2032
1978
1946
1930
1954
2008
2074
2156
2231
2288
2315
2302
2250
2192
2112
2059
2032
2023
2037
2064
2096
2120
2125
2108
2053
1987
1903
1828
1774
1765
1805
1896
2038
2214
2382
2530
2606
2616
2557
2424
2259
2059
1865
1697
1591
1580
1645
1774
1942
2111
2248
2334
2367
2355
2302
2220
2133
2044
1966
1910
1897
1909
1958
2012
2072
2107
2133
2141
2135
2126
2124
2128
2140
2156
2177
2186
2182
2173
2174
2174
2178
2162
2146
2119
2096
2068
2056
2043
2047
2045
2059
2089
2138
2200
2265
2312
2327
2299
2246
2153
2067
1995
1947
1932
1956
2004
2079
2155
2226
2286
2330
2337
2323
2300
2273
2250
2238
2220
2201
2163
2114
2053
1991
1944
1907
1886
1876
1868
2047
1848
1798
1906
2020
2024
1984
1992
2077
2120
2089
2049
2038
2054
2083
2109
2131
2158
2221
2294
2290
2186
2084
2076
2118
2118
2066
2014
1999
1977
1940
1939
1972
2044
2164
2288
2310
2231
2173
2228
2267
2181
2051
1999
2038
2033
1989
2029
2194
2297
2275
2190
2148
2149
2167
2208
2287
2319
2288
2216
2091
1893
1712
1680
1778
1852
1850
1904
2100
2343
2481
2537
2573
2549
2423
2234
2080
1978
1941
1956
2028
2068
2016
1925
1889
1894
1876
1868
1973
2156
2257
2217
2122
2114
2175
2218
2219
2133
1994
1840
1769
1839
1969
2045
2010
1964
1988
2075
2214
2313
2328
2254
2143
2071
2052
2036
2017
2015
2060
2091
2046
1962
1942
2012
2094
2093
2025
1984
1794
1921
2046
2160
2205
2173
2094
2016
1961
1957
1986
2043
2100
2148
2156
2140
2105
2099
2120
2175
2233
2280
2299
2310
2294
2268
2211
2129
2032
1927
1848
1798
1812
1907
2021
2160
2269
2341
2382
2410
2422
2406
2361
2280
2167
2049
1954
1903
1909
1966
2048
2117
2154
2160
2118
2030
1896
1738
1570
1447
1440
1566
1816
2172
2534
2825
2960
2923
2714
2383
2015
1672
1421
1296
1288
1403
1594
1840
2083
2304
2478
2534
2519
2449
2344
2238
2135
2043
1954
1863
1810
1792
1841
1932
2034
2158
2285
2381
2429
2408
2335
2246
2176
2144
2164
2238
2392
2564
2745
2805
2720
2504
2242
2028
1890
1841
1825
1822
1821
1790
1776
1812
1932
2096
2266
2370
2372
2296
1907
1617
1438
1396
1456
1601
1816
2138
2493
2711
2719
2593
2520
2511
2517
2524
2577
2616
2490
2189
1854
1590
1448
1405
1472
1606
1751
1875
1973
2026
2006
2010
2148
2393
2558
2514
2318
2122
2038
2017
1999
1931
1857
1880
2083
2394
2652
2736
2640
2503
2429
2406
2354
2237
2128
2087
2116
2129
2057
1913
1785
1758
1877
2079
2278
2372
2370
2294
2186
2037
1918
1880
1928
2005
2048
2050
2113
2261
2388
2354
2150
1888
1734
1770
1936
2105
2166
2086
1921
1826
1872
2032
2192
2249
2186
2054
1971
1983
2104
2323
2549
2628
2500
2204
1936
1785
1700
1616
1483
1394
1424
1594
1863
2150
2394
2564
2606
2532
2360
2180
2072
2037
2046
2020
1970
1948
1990
2086
1991
1798
1551
1365
1396
1677
2126
2548
2838
2931
2873
2639
2270
1776
1274
924
893
1211
1790
2370
2743
2810
2689
2532
2422
2343
2249
2152
2083
2108
2196
2243
2189
2057
1990
2063
2237
2357
2293
2086
1857
1684
1513
1280
1080
1096
1435
2000
2560
2882
2954
2828
2592
2265
1870
1479
1214
1200
1350
1501
1589
1605
1655
1852
2211
2652
2997
3110
2964
2586
2099
1658
1430
1497
1788
2098
2366
2568
2690
2613
2248
1764
1362
1223
1354
1670
2001
2226
2322
2337
2419
2658
3046
3365
3448
3202
2717
2183
1698
1282
1010
998
1326
1920
2494
2826
2945
3005
3029
2915
2612
2218
2084
2243
2410
2288
1974
1834
2039
2383
2574
2486
2230
1875
1441
969
777
1115
3041
2768
2279
1794
1424
1308
1446
1752
2089
2336
2481
2500
2445
2362
2264
2105
1892
1621
1384
1264
1422
1896
2617
3396
3976
4095
3912
3267
2427
1600
979
688
750
1089
1575
2036
2314
2346
2140
1785
1436
1187
1154
1338
1716
2157
2566
2818
2893
2812
2590
2310
2043
1894
1904
2128
2494
2878
3153
3227
3073
2687
2141
1508
925
468
288
423
864
1482
2174
2802
3239
3437
3390
3076
2608
2096
1665
1355
1237
1279
1477
1758
2080
2360
2517
2516
2349
2090
1847
1682
1654
1752
1940
2192
2442
2604
2635
2445
2121
1704
1357
1171
1250
1568
2068
2612
3082
3336
3332
3048
2577
2024
1548
1235
1158
1317
1657
2096
2526
2824
2947
2852
2568
2120
1608
1154
2
166
757
1229
1802
2612
3568
4095
4095
4095
4095
4095
3883
2392
596
1
2
1
1
345
1688
2976
3804
3974
3643
3236
3077
3090
2936
2364
1542
812
359
191
321
708
1248
1871
2562
3253
3750
3848
3435
2434
1199
332
358
1228
2338
2936
2740
2037
1480
1679
2720
4018
4095
4095
3904
2784
1740
837
0
2
1
0
663
2246
3478
4023
3912
3462
3003
2691
2542
2476
2334
1966
1398
735
227
112
443
1242
2428
3668
4095
4095
3337
2197
1383
1158
1554
2330
3188
3718
3631
2937
2119
1604
1474
1493
1354
1078
944
1056
1134
926
561
499
1200
2536
4000
4095
4095
4095
4095
2867
1212
98
2
537
1370
1856
1888
1735
1734
1865
4095
4030
2554
984
3
2
394
1630
2865
3628
3824
3548
2946
2171
1329
747
713
1416
2543
3577
3993
3638
2745
1665
779
300
279
785
1734
2884
3793
4095
3650
2566
1178
3
3
0
12
1232
2798
4061
4095
4095
3500
2327
1222
538
491
1095
2076
3075
3674
3596
2898
1721
392
2
3
1
614
2217
3776
4095
4095
4095
4033
2603
1021
2
2
198
1370
2655
3560
3972
3880
3287
2221
926
1
2
171
1375
2696
3587
3909
3805
3384
2689
1847
1113
834
1188
2004
2857
3306
3221
2721
1974
1143
344
1
6
863
2354
3808
4095
4095
4005
2900
1560
246
2
1
1
1201
3282
4095
4095
4095
4095
3467
1591
2
2
1
1
2
1
3
3
0
1
1
1433
3070
4095
4095
4095
4095
4095
4095
4095
4095
4095
4095
4095
3592
3032
2686
2533
2500
2528
2521
2382
2080
1639
1090
494
2
3
2
4
2
3
53
1024
2209
3392
4095
4095
4095
4095
4095
4095
4095
3299
1744
1
2
3
4
1
1
1
2
3
1
1
1175
3964
4095
4095
4095
4095
4095
4095
4095
4095
4095
4095
4095
4095
3528
1136
0
2
4
1
1
2
2
2
1
1
1
1
2
1
1
2
3
1
1156
3028
4095
4095
4095
4095
4095
4095
4095
4095
4095
4095
4095
4095
4095
4095
4095
3756
1464
1
0
0
0
1
0
1
0
1
1
0
1
0
4095
4095
4095
4095
4095
4095
4095
4095
4095
4095
4095
4095
4095
3098
2020
985
2
2
1
2
3
1
1
1
3
3
3
2
2
2
4
0
2
0
2
3
628
1808
3018
4095
4095
4095
4095
4095
4095
4095
4095
4095
4095
4095
4095
4095
4095
4095
4095
4095
4095
4095
3842
2741
1682
694
2
1
3
3
2
1
2
3
3
2
3
1
2
1
5
2
3
4
2
3
222
1387
2593
3767
4095
4095
4095
4095
4095
4095
4095
4095
4095
4095
4095
4095
4095
4095
4095
4095
4095
4095
4095
4095
4095
3470
2320
1196
69
4
2
2
2
2
2
3
3
3
1
4
1
3
1
1
1
2
2
1
2
1
2
2
2
2
1
1
3
2
3
3
4
2
1
3
0
2
1
3
1
1
3
2
2
3
3
2
1
2
2
2
1
1
482
1172
1845
2489
3118
3712
4095
4095
4095
4095
4095
4095
4095
4095
4095
4095
4095
4095
4095
4095
4095
4095
4095
4095
4095
4095
4095
4095
4095
4095
4095
4095
4095
4095
4095
4095
4095
4095
4095
4095
4095
4095
4095
4095
4095
4095
4095
4095
4095
4095
4095
4095
4095
4095
4095
4095
4095
4095
4095
4095
4095
4095
4095
4095
4095
4095
4095
4095
4095
3686
3116
2570
2032
1496
1016
542
79
1
1
2
1
1
1
3
3
2
2
3
2
2
2
3
