2118
2150
2121
2095
2088
2083
2108
2100
2094
2098
2110
2104
2070
2061
2090
2093
2084
2091
2105
2069
2087
2098
2112
2096
2080
2057
2072
2074
2091
2083
2089
2103
2079
2086
2088
2082
2074
2087
2057
2079
2074
2085
2073
2098
2088
2073
2083
2080
2083
2080
2114
2099
2083
2090
2078
2096
2113
2074
2088
2098
2084
2090
2095
2116
2099
2108
2072
2105
2099
2077
2090
2089
2099
2083
2084
2089
2079
2086
2115
2089
2107
2091
2086
2075
2084
2067
2080
2091
2082
2088
2101
2104
2113
2075
2082
2096
2100
2074
2078
2081
2101
2105
2091
2091
2091
2084
2071
2098
2097
2094
2106
2084
2091
2086
2105
2110
2090
2087
2086
2099
2091
2100
2085
2059
2073
2077
2085
2101
2112
2094
2061
2081
2100
2096
2108
2092
2098
2086
2093
2083
2067
2072
2085
2080
2081
2066
2080
2066
2100
2099
2086
2060
2061
2078
2044
2072
2046
2033
2041
2048
2044
2026
2031
2037
2016
2031
2016
2022
2007
2001
2003
2008
2024
2009
1998
2002
1982
1992
1978
2004
1980
1977
1966
1941
1970
1968
1975
1978
1978
1975
1993
1991
1978
1964
1972
1986
1976
1975
1977
1966
1974
1985
1973
1970
1981
1988
1994
1973
1980
2013
2011
2019
2009
2042
2044
2058
2044
2045
2056
2040
2058
2066
2067
2073
2083
2064
2078
2077
2116
2133
2132
2140
2109
2114
2142
2144
2156
2165
2144
2161
2150
2170
2170
2199
2181
2182
2199
2215
2203
2225
2235
2230
2216
2216
2230
2248
2168
2231
2247
2292
2280
2288
2347
2342
2345
2326
2344
2351
2336
2317
2286
2266
2237
2237
2187
2194
2164
2165
2139
2112
2087
2066
2042
2029
2019
1997
1963
1923
1909
1923
1902
1897
1900
1887
1879
1912
1914
1929
1960
1969
2000
1992
2013
2044
2070
2104
2113
2104
2148
2162
2183
2191
2204
2206
2219
2240
2243
2294
2303
2311
2304
2327
2317
2332
2339
2324
2313
2300
2282
2266
2251
2241
2201
2186
2160
2115
2096
2064
2028
1990
1948
1949
1916
1890
1874
1865
1846
1834
1844
1854
1849
1899
1911
1939
1926
1965
1990
1992
2010
2018
2048
2083
2073
2085
2096
2098
2097
2124
2112
2108
2103
2081
2096
2096
2073
2058
2073
2060
2050
2053
2061
2058
2065
2067
2204
2192
2197
2180
2180
2189
2231
2268
2280
2326
2322
2316
2280
2229
2250
2239
2224
2190
2154
2129
2045
1982
1959
1931
1932
1933
1940
1963
1960
1956
1941
1918
1930
1916
1926
1973
1981
2016
2049
2049
2055
2038
2061
2097
2127
2195
2229
2274
2287
2280
2254
2239
2207
2196
2205
2204
2205
2203
2187
2162
2157
2147
2149
2141
2088
2071
2027
1997
1979
1976
1988
1999
2018
2024
2037
2043
2037
2021
2019
2026
2007
2055
2088
2140
2194
2228
2230
2237
2229
2216
2213
2183
2169
2157
2134
2134
2111
2053
2038
2031
2014
1998
1956
1926
1896
1846
1847
1864
1913
1956
1996
2024
2036
2028
2018
2022
2042
2072
2110
2122
2155
2194
2220
2273
2340
2389
2430
2500
2164
2169
2190
2191
2210
2204
2207
2203
2216
2215
2211
2220
2234
2253
2243
2239
2239
2210
2204
2163
2132
2090
2044
2000
1950
1935
1883
1864
1852
1841
1830
1832
1838
1840
1878
1940
1983
2028
2060
2141
2175
2222
2264
2268
2265
2274
2260
2258
2252
2234
2224
2200
2163
2145
2092
2055
2027
1981
1977
1956
1948
1934
1940
1982
2026
2071
2109
2160
2200
2250
2260
2288
2292
2293
2289
2267
2245
2244
2220
2158
2127
2080
2038
1984
1963
1897
1865
1853
1853
1842
1850
1861
1874
1914
1941
1974
2035
2090
2133
2227
2273
2323
2386
2419
2450
2437
2439
2370
2306
2236
2133
2054
1991
1924
1867
1812
1771
1740
1763
1759
1776
1835
1876
1952
2039
2128
2194
2240
2490
2426
2295
2182
2064
1968
1887
1865
1827
1832
1784
1780
1778
1803
1814
1818
1836
1877
1930
1986
2058
2148
2239
2307
2382
2421
2447
2477
2541
2541
2510
2488
2349
2232
2120
2025
1984
1967
1960
1942
1894
1879
1854
1870
1911
1924
1969
1984
1959
1927
1978
2030
2127
2229
2294
2350
2388
2414
2430
2442
2439
2373
2272
2194
2081
1983
1947
1952
1998
2034
2075
2087
2082
2076
2091
2094
2106
2111
2115
2082
2070
2052
2088
2112
2164
2214
2232
2229
2173
2128
2082
2067
2065
2093
2076
2029
1941
1898
1869
1889
1922
1951
1954
1944
1896
1907
1934
1982
2047
2069
2075
2064
2080
2099
2133
2154
2155
2151
2143
2180
2208
2236
2264
2256
2230
2193
2168
2130
2529
2586
2599
2599
2522
2411
2298
2168
2036
1944
1884
1825
1801
1836
1869
1948
2035
2140
2260
2359
2434
2509
2553
2535
2504
2427
2337
2193
2053
1884
1754
1636
1557
1491
1473
1504
1582
1674
1818
1940
2086
2234
2351
2451
2508
2588
2598
2530
2492
2407
2284
2150
2007
1878
1753
1635
1563
1528
1521
1552
1602
1672
1767
1890
2010
2118
2211
2304
2367
2461
2493
2535
2531
2508
2438
2358
2279
2175
2078
1974
1872
1818
1747
1731
1732
1764
1821
1894
1992
2111
2235
2337
2457
2552
2600
2654
2667
2646
2576
2502
2383
2247
2115
2008
1902
1792
1711
1651
1635
1637
1671
1744
1846
1939
2065
2179
2275
2342
2376
2389
2377
2344
2280
2184
2094
2028
1958
1932
1822
1827
1840
1793
1726
1710
1685
1760
1905
2047
2184
2279
2340
2378
2371
2384
2362
2348
2285
2192
2095
1971
1846
1785
1738
1807
1792
1849
1837
1799
1798
1862
1956
2102
2277
2402
2471
2499
2452
2462
2433
2508
2598
2665
2706
2676
2516
2305
2119
1846
1708
1479
1376
1303
1301
1352
1396
1485
1559
1584
1661
1746
1827
1955
2089
2275
2469
2567
2685
2742
2735
2674
2646
2555
2485
2385
2292
2158
2056
1926
1850
1722
1600
1518
1459
1482
1535
1596
1703
1868
1991
2147
2269
2360
2408
2480
2563
2690
2730
2747
2730
2708
2640
2479
2314
2153
1950
1812
1710
1640
1612
1674
1771
1888
1959
1991
2053
2125
2196
2268
2417
2466
2479
2460
2377
2281
2163
2123
1236
1332
1515
1758
2034
2305
2587
2790
2969
3084
3113
3064
2926
2736
2509
2292
2059
1802
1607
1463
1346
1310
1308
1387
1478
1615
1769
1968
2141
2308
2457
2522
2557
2578
2474
2406
2276
2149
2016
1896
1836
1842
1819
1913
1981
2096
2233
2352
2462
2612
2637
2674
2715
2696
2586
2494
2313
2130
1970
1802
1668
1562
1492
1460
1476
1518
1581
1707
1840
2008
2182
2370
2522
2633
2702
2768
2742
2671
2563
2388
2234
2084
1940
1804
1740
1701
1690
1711
1775
1843
1935
2015
2113
2191
2269
2306
2320
2353
2290
2227
2185
2121
2039
1995
1914
1896
1841
1817
1795
1801
1783
1804
1846
1882
1952
2029
2106
2170
2239
2281
2300
2285
2307
2309
2335
2312
2298
2294
1958
1801
1676
1621
1582
1594
1617
1697
1739
1798
1884
1935
1976
2065
2075
2112
2128
2128
2169
2220
2324
2427
2554
2721
2899
3025
3140
3128
3004
2802
2487
2189
1872
1585
1365
1169
1045
989
962
1040
1168
1339
1526
1710
1894
2023
2134
2227
2264
2320
2374
2421
2504
2592
2686
2717
2711
2645
2546
2411
2182
1915
1663
1415
1239
1109
1090
1167
1322
1592
1914
2277
2566
2844
3028
3150
3183
3144
3042
2898
2715
2551
2429
2395
2438
2518
2594
2592
2450
2234
1867
1533
1240
1001
928
883
895
926
990
1084
1268
1524
1827
2194
2559
2844
3004
3102
3105
3065
3015
2970
2906
2844
2773
2640
2493
2267
1995
1697
1375
1074
754
477
228
110
138
326
1409
1387
1443
1496
1589
1707
1903
2070
2233
2425
2609
2730
2818
2873
2871
2805
2684
2553
2349
2138
1930
1741
1582
1454
1382
1356
1375
1460
1537
1644
1764
1901
2057
2218
2347
2475
2564
2655
2683
2672
2621
2497
2344
2142
1936
1748
1597
1486
1407
1422
1481
1608
1775
1986
2197
2412
2598
2767
2898
2981
3000
2978
2894
2780
2636
2442
2212
1992
1718
1504
1288
1112
1029
976
1040
1160
1340
1582
1833
2129
2408
2619
2806
2942
2952
2924
2836
2675
2497
2308
2131
1930
1784
1660
1558
1508
1500
1537
1627
1752
1934
2108
2295
2440
2583
2699
2740
2716
2634
2480
2303
2115
1928
1764
1615
1552
1568
1574
1638
1754
1894
2039
2222
2380
2516
2639
2738
2760
1712
1502
1354
1191
1119
1108
1151
1249
1434
1661
1915
2143
2337
2476
2493
2474
2346
2193
2099
2060
2109
2304
2539
2796
3026
3237
3279
3222
3045
2779
2456
2098
1733
1379
1032
760
547
406
373
421
618
912
1263
1720
2195
2680
3124
3477
3655
3754
3690
3506
3173
2742
2203
1695
1194
783
455
262
219
325
582
939
1379
1816
2244
2628
2936
3176
3371
3471
3416
3267
3045
2774
2438
2114
1788
1570
1423
1366
1414
1496
1620
1775
1894
2002
2075
2104
2146
2160
2189
2224
2199
2166
2131
2046
1997
1994
2057
2152
2358
2543
2777
2973
3124
3175
3065
2875
2575
2220
1817
1465
1173
1009
959
1005
1102
1298
1489
1749
1981
2268
2579
2923
3225
3526
794
687
636
624
657
737
885
1030
1234
1469
1719
1963
2208
2386
2551
2674
2756
2779
2735
2658
2568
2436
2286
2147
2033
1970
1942
1922
1962
2005
2048
2102
2152
2193
2256
2281
2327
2351
2362
2385
2389
2361
2353
2335
2289
2256
2222
2134
2055
2002
1905
1810
1706
1645
1579
1554
1544
1558
1627
1686
1789
1895
1988
2093
2184
2274
2363
2424
2468
2515
2545
2572
2589
2621
2621
2608
2561
2510
2399
2288
2136
1968
1832
1685
1545
1463
1393
1396
1419
1448
1521
1635
1764
1923
2075
2245
2414
2578
2708
2800
2877
2900
2847
2771
2610
2439
2246
2051
1871
1695
1569
1482
1438
1430
1463
1566
1689
1830
2006
2150
2335
2509
2642
2781
2914
3003
3016
2989
4095
4095
4095
4095
4095
4095
2969
1649
388
0
1
0
1
2
1
0
1
1
0
177
825
1500
2201
2801
3404
3945
4095
4095
4095
4095
4095
4095
4095
4095
4095
4095
3838
3275
2586
1848
1071
272
1
0
1
1
1
1
0
2
0
230
1216
2197
3126
3909
4095
4095
4095
4095
4095
4095
4095
4095
4095
4095
3755
3078
2369
1653
957
308
1
0
0
0
1
0
0
0
1
1
1
3
454
1437
2474
3527
4095
4095
4095
4095
4095
4095
4095
4095
4095
4095
4048
3206
2287
1435
651
6
1
0
0
0
1
0
153
558
953
1343
1712
2091
2437
2802
3160
3505
3912
4095
4095
4095
4095
4095
4095
4051
4010
3766
3472
3158
2906
2712
2536
2397
2280
2091
1872
1612
1307
996
671
415
245
170
162
233
321
445
532
657
736
798
905
1089
1309
1609
1924
2265
2587
2857
3074
3230
3344
3369
3362
3391
3400
3397
3389
3380
3338
3213
3087
2957
2753
2563
2349
2129
1954
1793
1715
1640
1677
1733
1835
1941
2058
2131
2174
2146
2071
1968
1801
1602
1425
1253
1144
1069
986
978
942
945
987
1030
1131
1228
1375
1568
1741
1951
2185
2366
2557
2733
2871
3023
3153
3294
3421
3583
3709
3816
3879
3928
3915
3876
3771
3640
3462
3227
2919
2592
2207
1860
1464
1093
784
572
423
335
356
440
584
737
936
1123
1279
1430
1530
1608
1680
1741
1774
1833
