2108
2085
2095
2100
2073
2078
2102
2088
2082
2119
2123
2111
2105
2088
2094
2095
2125
2107
2092
2125
2103
2095
2085
2089
2096
2104
2095
2093
2104
2114
2091
2096
2117
2078
2084
2100
2105
2112
2100
2086
2110
2126
2100
2079
2100
2096
2087
2097
2108
2078
2095
2080
2096
2086
2110
2095
2083
2078
2094
2112
2112
2096
2097
2075
2093
2118
2122
2106
2112
2082
2110
2121
2100
2091
2087
2075
2076
2080
2080
2082
2082
2094
2080
2073
2100
2120
2109
2087
2096
2109
2103
2076
2104
2133
2132
2136
2106
2095
2119
2082
2073
2104
2121
2098
2095
2082
2085
2073
2092
2118
2102
2096
2103
2112
2080
2106
2117
2108
2073
2120
2097
2110
2127
2127
2101
2095
2102
2084
2273
2210
2201
2200
2183
2182
2138
2141
2146
2124
2140
2123
2124
2114
2111
2113
2147
2155
2177
2167
2191
2182
2167
2159
2182
2187
2166
2160
2126
2119
2115
2095
2069
2038
2011
2024
1999
1961
1937
1936
1928
1965
1960
1952
1973
1952
1993
2019
2027
2014
2027
2018
1993
2005
2033
2053
2056
2038
2083
2076
2049
2062
2061
2073
2037
2050
2047
2037
2085
2066
2033
2045
2046
2054
2072
2077
2097
2112
2084
2096
2136
2146
2163
2169
2164
2174
2184
2151
2167
2198
2212
2201
2174
2183
2204
2177
2150
2156
2158
2149
2152
2132
2114
2114
2113
2123
2096
2103
2099
2089
2095
2084
2099
2094
2070
2086
2070
2061
2062
2061
2082
2071
2070
2089
2090
2069
2061
2083
1949
1956
1926
1909
1905
1927
1969
1980
1982
2026
2029
2060
2090
2112
2154
2188
2186
2180
2175
2172
2129
2117
2096
2082
2086
2055
2053
2064
2090
2087
2082
2128
2152
2119
2111
2072
2046
2030
2007
1966
1950
1973
1984
1974
1987
2004
2021
2073
2118
2146
2160
2196
2236
2274
2291
2286
2252
2248
2204
2158
2111
2099
2054
2049
2066
2028
2025
2014
2024
2045
2054
2013
2026
2038
2093
2109
2125
2111
2119
2189
2178
2188
2201
2231
2226
2233
2194
2131
2098
2062
1979
1922
1919
1892
1904
1882
1895
1937
1987
2048
2058
2115
2147
2173
2200
2233
2238
2230
2212
2215
2202
2165
2173
2180
2149
2139
2107
2111
2067
2045
2052
2023
1975
1995
1986
1987
1983
1992
1978
2021
2053
2110
2171
2245
2233
2195
2207
2181
2102
2037
2033
1994
1946
1904
1964
1997
2039
2098
2159
2210
2200
2208
2168
2138
2160
2161
2135
2093
2104
2110
2108
2170
2137
2034
2024
2036
2004
1970
1899
1904
1922
1951
1996
2047
2115
2125
2092
2085
2084
2094
2087
2053
2075
2038
2093
2050
1999
2020
2062
2104
2111
2177
2248
2277
2323
2300
2297
2241
2160
2138
2179
2181
2090
1994
1967
2000
2034
2041
1991
2011
2039
2110
2164
2144
2157
2150
2171
2193
2212
2201
2179
2188
2182
2147
2100
2062
2064
2068
2053
2007
1940
1857
1786
1782
1889
1954
2020
2050
2075
2151
2179
2147
2143
2118
2148
2210
2165
2091
2145
2195
2243
2198
2140
2149
2160
2080
2320
2247
2135
1979
1842
1736
1728
1792
1932
2050
2153
2181
2183
2113
2023
1928
1834
1856
1875
1959
2073
2145
2208
2254
2259
2193
2139
2096
2038
2029
2035
2021
2057
2100
2141
2174
2186
2227
2272
2235
2225
2156
2120
2060
2037
2032
2047
2068
2136
2186
2258
2311
2373
2350
2244
2107
1946
1810
1780
1819
1899
2073
2200
2324
2372
2377
2264
2119
1946
1813
1726
1720
1828
1994
2190
2358
2454
2457
2415
2265
2076
1920
1809
1795
1861
1973
2089
2196
2257
2226
2151
2032
1912
1819
1811
1828
1940
2066
2252
2377
2421
2371
2256
2118
1968
1841
1826
1879
1971
2104
2204
2309
2376
2391
2309
2181
2092
2044
2037
2077
2152
2202
2262
2270
2233
2165
2050
1984
1828
1835
1833
1905
2027
2135
2239
2278
2280
2130
1982
1821
1762
1844
2026
2166
2188
2179
2229
2241
2235
2141
2054
1987
2042
2112
2132
2110
2032
1994
2060
2062
2015
2015
2130
2234
2292
2225
2123
2076
2010
2013
2096
2045
1979
2018
2146
2256
2290
2199
2070
1977
1944
1960
1937
1931
2024
2225
2371
2405
2356
2235
2031
1891
1885
2048
2242
2302
2264
2161
2119
2069
1955
1920
1973
2086
2135
2112
2085
2181
2299
2267
2162
2045
1941
1965
2010
2043
2068
2110
2129
2103
2017
1930
1774
1768
1878
2009
2118
2128
2113
2074
2008
1972
2059
2154
2248
2324
2159
1980
1875
1865
1936
1980
1937
1944
2026
2136
2241
2253
2198
2138
2180
2273
2239
2216
2136
2033
1912
1853
1935
2012
2118
2181
2054
1883
1939
2114
2164
2186
2224
2149
1997
1859
1845
2010
2160
2253
2272
2279
2203
2176
2184
2187
2105
2146
2247
2312
2269
2187
2128
2055
1991
1878
1763
1811
2049
2254
2345
2397
2342
2131
1916
1747
1669
1664
1749
1858
2057
2265
2470
2579
2533
2419
2293
2154
1926
1694
1721
1872
1852
1806
1915
1988
1963
2044
2233
2285
2229
2189
2196
2153
2084
2079
2000
1906
1884
2030
2266
2263
2150
2082
2163
2111
2043
1906
1812
1858
1924
1990
2159
2365
2415
2288
2226
2211
2120
2081
2107
2089
1965
1924
1913
1934
2005
2071
1991
1914
2080
2211
2190
2107
1998
2024
2137
2178
2256
2416
2491
2248
1959
1901
2038
2072
2020
2036
2417
2288
2131
2040
2036
2064
2126
2186
2222
2166
2116
2105
2173
2274
2327
2288
2190
2068
2019
2036
2140
2260
2356
2346
2251
2070
1913
1848
1904
2086
2258
2369
2316
2120
1841
1606
1559
1738
2057
2356
2477
2350
2018
1679
1518
1640
1986
2319
2529
2453
2169
1832
1601
1633
1927
2328
2600
2619
2324
1871
1513
1442
1718
2139
2503
2638
2479
2121
1710
1496
1595
1966
2391
2683
2729
2517
2196
1900
1780
1866
2098
2328
2394
2304
2064
1784
1612
1626
1815
2107
2398
2582
2575
2401
2134
1851
1724
1742
1860
2006
2168
2280
2276
2211
2128
2093
2137
2137
2081
1971
1883
1849
1911
2082
2270
2371
2363
2204
2056
1876
1812
1846
1973
2067
2060
1977
1874
1862
1648
1249
1186
1447
1774
2109
2355
2413
2271
2111
1935
1767
1779
1927
2206
2577
2757
2395
1888
1773
1865
1934
2031
2307
2382
2159
1845
1675
1563
1610
1964
2412
2642
2660
2754
2702
2345
1949
1852
1799
1632
1573
1937
2353
2420
2363
2341
2300
2102
1947
1823
1703
1692
1914
2248
2570
2711
2585
2254
1852
1516
1394
1552
1762
1966
2082
2081
2092
2274
2493
2462
2221
2026
1916
1933
2051
2281
2369
2081
1704
1670
1880
2026
2219
2331
2294
2238
2429
2613
2647
2460
2083
1668
1329
1112
1124
1485
2099
2651
2967
2950
2608
2136
1891
1842
1765
1699
1829
2031
2185
2320
2395
2357
2239
2104
1870
1719
1702
1874
2173
2325
2239
2181
2143
1909
1792
1949
2049
2389
2149
1865
1702
1730
1889
2096
2281
2430
2486
2466
2339
2177
2014
1896
1821
1867
1940
2110
2304
2456
2566
2529
2351
2091
1809
1591
1540
1673
2019
2442
2833
3006
2901
2498
1932
1373
1006
972
1256
1794
2408
2825
2950
2715
2210
1652
1273
1256
1556
2086
2626
2980
3051
2854
2491
2070
1733
1596
1649
1839
2037
2136
2172
2175
2192
2196
2202
2214
2256
2334
2349
2225
1973
1718
1549
1586
1816
2177
2544
2830
2895
2731
2349
1855
1471
1303
1446
1809
2267
2657
2894
2908
2610
2112
1529
1042
804
961
1427
2056
2655
3016
3077
2810
2298
1728
1252
1070
1236
1722
2342
2945
3350
3416
3104
2454
1761
1216
1022
1153
1548
2040
2496
2817
2928
2871
2630
2358
1900
1548
1400
1339
1369
1575
2112
2747
3083
2882
2338
1818
1427
1147
951
960
1308
1998
2777
3380
3632
3541
3210
2618
1844
1073
642
784
1299
1905
2448
2921
3231
3302
3085
2747
2352
2062
1929
2055
2292
2436
2347
2094
1928
1918
1837
1628
1504
1687
2108
2484
2512
2227
1828
1575
1391
1136
955
1202
1909
2700
3270
3458
3218
2670
1907
1170
677
683
1146
1917
2847
3631
3948
3650
2930
2011
1151
520
362
704
1367
2221
3218
4032
4095
3837
2940
1928
946
112
0
338
1378
2488
3394
3988
4095
3653
2631
1422
501
214
565
1394
2400
3270
3657
3536
3052
2367
1544
780
374
495
1136
1977
2756
3299
3545
3459
3062
2359
1573
930
565
929
610
470
469
537
603
634
631
659
808
1143
1709
2486
3435
4095
4095
4095
4095
4095
4095
4095
4095
3780
2884
2026
1276
675
215
0
0
0
1
71
599
1254
2004
2661
3100
3209
3005
2518
1775
973
276
1
0
1
25
438
1013
1561
2077
2663
3270
3912
4095
4095
4095
4095
4095
4095
4095
4095
4095
3884
2978
2163
1464
969
610
458
347
417
645
1060
1664
2312
2862
3157
3155
2773
2131
1328
539
0
0
0
0
1
528
1194
1763
2123
2231
2253
2339
2572
2981
3461
4034
4095
4095
4095
4095
4095
4095
3652
3037
2516
2077
1707
1410
1286
1274
1336
1358
1381
1507
1753
2095
2496
2955
3390
3676
3744
3507
3016
2328
6
1
0
1
0
301
1400
2528
3647
4095
4095
4095
4095
4095
4095
4095
4095
4095
4095
4095
4095
4074
3038
1842
680
0
0
1
0
0
0
0
0
0
0
0
0
154
1425
2802
4029
4095
4095
4095
4095
4095
4095
4095
4095
4095
4095
4095
3884
2828
1738
706
1
1
0
1
1
1
0
0
0
0
0
1
549
1542
2494
3417
4095
4095
4095
4095
4095
4095
4095
4095
4095
4095
4095
4095
4095
3431
2547
1658
815
23
1
1
0
1
0
2
1
0
0
0
1
2
0
318
1036
1738
2379
2970
3517
3975
4095
4095
4095
4095
4095
4095
4095
4095
4095
4095
4095
4095
4095
4005
3824
3674
3482
3289
2978
3016
3059
3120
3127
3164
3188
3180
3189
3177
3164
3142
3123
3127
3071
3035
2987
2928
2883
2811
2740
2666
2592
2514
2427
2338
2258
2163
2069
1960
1866
1773
1682
1583
1472
1365
1281
1187
1097
1012
915
848
757
691
625
554
520
481
438
385
367
361
335
359
345
349
371
390
436
486
534
585
619
691
747
838
914
995
1085
1196
1290
1377
1474
1579
1689
1770
1889
1981
2083
2195
2265
2378
2481
2566
2680
2794
2904
2983
3060
3155
3235
3342
3428
3500
3585
3679
3750
3810
3905
3948
3997
4050
4095
4095
4095
4095
4095
4095
4095
4095
4095
4095
4095
4095
4095
4095
4095
4095
4095
4095
4095
4082
3992
3906
3812
3709
3639
3540
1396
1406
1388
1385
1411
1385
1395
1413
1425
1432
1448
1436
1442
1458
1465
1446
1448
1474
1461
1470
1471
1510
1511
1512
1525
1527
1528
1545
1544
1554
1584
1589
1594
1611
1619
1615
1627
1631
1647
1676
1679
1694
1696
1688
1690
1712
1726
1739
1755
1728
1750
1772
1775
1795
1823
1821
1824
1834
1837
1842
1845
1869
1857
1893
1891
1906
1926
1936
1923
1931
1952
1966
1952
1971
1971
1992
2007
2004
2016
2033
2034
2079
2072
2068
2087
2101
2109
2101
2104
2096
2130
2143
2145
2144
2160
2169
2161
2178
2179
2193
2191
2182
2195
2207
2195
2223
2232
2230
2234
2231
2247
2235
2239
2242
2253
2268
2255
2265
2273
2255
2269
2283
2271
2272
2261
2261
2236
2249
