2099
2112
2120
2098
2099
2094
2092
2072
2091
2091
2103
2097
2120
2121
2093
2082
2085
2094
2096
2098
2106
2110
2103
2079
2100
2128
2095
2098
2112
2099
2096
2097
2115
2106
2092
2096
2098
2088
2109
2102
2111
2103
2104
2105
2098
2105
2098
2094
2134
2100
2101
2100
2101
2097
2114
2098
2114
2101
2093
2090
2100
2100
2080
2100
2098
2106
2115
2128
2098
2098
2108
2128
2112
2122
2102
2082
2101
2132
2087
2084
2107
2092
2087
2127
2109
2110
2102
2121
2106
2096
2102
2073
2105
2072
2098
2094
2082
2094
2117
2105
2115
2121
2104
2101
2099
2091
2096
2100
2077
2090
2068
2112
2049
2102
2096
2102
2096
2057
2088
2077
2109
2086
2091
2084
2072
2098
2106
2106
2096
2090
2090
2095
2092
2085
2088
2090
2098
2096
2092
2088
2092
2097
2100
2090
2091
2091
2095
2091
2095
2097
2093
2087
2088
2089
2086
2093
2102
2097
2092
2094
2088
2093
2089
2089
2099
2104
2090
2094
2104
2095
2102
2102
2092
2102
2108
2118
2101
2092
2096
2098
2098
2099
2100
2094
2093
2089
2096
2084
2095
2107
2099
2096
2091
2094
2090
2087
2092
2098
2098
2090
2093
2097
2094
2097
2103
2102
2093
2089
2092
2098
2094
2095
2100
2106
2105
2106
2094
2111
2101
2110
2117
2118
2112
2112
2117
2111
2113
2116
2104
2110
2112
2125
2109
2105
2114
2111
2122
2132
2120
2134
2123
2122
2138
2120
2141
2123
2127
2110
2118
2110
2110
2136
2113
2110
2124
2131
2059
2114
2130
2146
2137
2164
2163
2184
2202
2206
2218
2227
2266
2238
2259
2266
2290
2302
2308
2310
2306
2311
2314
2326
2318
2309
2290
2297
2306
2264
2279
2248
2230
2242
2224
2208
2201
2204
2179
2160
2136
2127
2120
2114
2123
2099
2071
2058
2040
2016
1996
1995
1978
1987
1960
1976
1956
1952
1915
1949
1927
1944
1944
1936
1953
1954
1942
1934
1931
1942
1934
1956
1962
1986
1974
1983
1987
2028
2014
2024
2044
2054
2066
2074
2086
2104
2104
2120
2136
2134
2157
2146
2154
2149
2161
2167
2170
2171
2169
2154
2137
2162
2122
2104
2118
2110
2088
2100
2072
2063
2050
2029
2015
2016
2016
1996
1990
1978
1960
1947
1960
1953
1987
1959
1943
1945
1938
1946
2521
2534
2533
2528
2508
2477
2440
2402
2362
2327
2288
2260
2229
2209
2196
2188
2186
2174
2168
2167
2146
2135
2116
2080
2042
2005
1956
1904
1859
1816
1788
1770
1773
1774
1808
1838
1892
1945
2002
2067
2116
2163
2216
2252
2266
2278
2273
2274
2253
2227
2186
2150
2114
2072
2030
1994
1972
1954
1947
1942
1938
1935
1937
1939
1934
1928
1910
1894
1877
1862
1854
1851
1844
1862
1875
1914
1964
2015
2087
2158
2232
2308
2380
2448
2509
2553
2580
2598
2593
2584
2553
2510
2444
2375
2311
2227
2155
2090
2027
1970
1928
1897
1886
1895
1909
1934
1968
2017
2065
2112
2149
2185
2206
2227
2237
2242
2244
2234
2223
2220
2210
2221
2223
2240
2260
2294
2325
2359
1999
2052
2114
2156
2203
2273
2358
2456
2550
2644
2722
2778
2795
2793
2755
2690
2610
2517
2418
2317
2197
2085
1967
1856
1741
1620
1517
1434
1375
1350
1360
1415
1499
1619
1765
1919
2053
2181
2275
2340
2374
2380
2372
2353
2330
2303
2292
2271
2270
2260
2259
2251
2223
2184
2138
2069
1990
1911
1822
1731
1662
1608
1589
1593
1635
1692
1764
1849
1944
2035
2123
2210
2274
2333
2373
2391
2390
2390
2381
2379
2367
2371
2369
2383
2380
2378
2365
2333
2295
2234
2166
2094
2016
1936
1876
1839
1825
1825
1850
1902
1959
2031
2100
2161
2203
2225
2219
2180
2128
2052
1959
1877
1816
1771
1753
1763
1791
1833
1898
1961
2034
2090
2134
2160
2168
2165
2157
2147
1734
1798
1857
1917
1986
2044
2094
2136
2161
2169
2182
2187
2177
2165
2156
2134
2117
2088
2067
2040
2017
1980
1937
1888
1851
1836
1816
1793
1774
1779
1799
1832
1880
1951
2009
2087
2154
2233
2293
2349
2384
2410
2421
2410
2394
2358
2320
2268
2212
2171
2128
2098
2084
2083
2087
2100
2139
2201
2255
2338
2411
2481
2542
2582
2621
2626
2616
2586
2521
2434
2359
2266
2164
2037
1942
1832
1738
1673
1599
1569
1534
1536
1554
1600
1672
1734
1827
1930
2017
2102
2196
2280
2344
2401
2422
2458
2479
2464
2453
2429
2406
2342
2274
2204
2146
2072
1988
1887
1809
1737
1645
1570
1514
1472
1449
1443
1466
1529
1604
1695
1800
1923
2034
2153
2248
2300
2340
2368
1528
1534
1518
1538
1562
1600
1685
1834
2018
2212
2362
2452
2498
2502
2526
2562
2587
2581
2528
2420
2342
2266
2218
2188
2157
2096
2003
1904
1786
1664
1600
1569
1572
1625
1719
1834
1927
2019
2118
2218
2322
2415
2475
2510
2540
2570
2599
2616
2597
2513
2400
2261
2135
2073
2072
2081
2063
2016
1947
1888
1856
1864
1876
1870
1857
1860
1879
1967
2079
2182
2256
2272
2263
2264
2287
2340
2405
2383
2319
2255
2182
2159
2197
2253
2288
2282
2230
2172
2136
2138
2168
2213
2253
2262
2253
2242
2229
2208
2179
2172
2180
2168
2149
2127
2076
2002
1924
1849
1800
1796
1776
1748
1678
1578
1485
1430
1428
1511
1626
1747
1839
1883
1904
1945
2019
2140
2307
2465
2856
2809
2690
2523
2331
2111
1952
1816
1700
1656
1656
1714
1795
1888
1983
2064
2139
2175
2177
2151
2101
2022
1929
1882
1847
1843
1894
1957
2010
2062
2099
2135
2130
2116
2078
2050
2045
2056
2094
2175
2272
2388
2535
2674
2777
2875
2915
2904
2832
2701
2543
2368
2167
1952
1760
1600
1479
1422
1395
1433
1512
1638
1784
1928
2051
2142
2200
2239
2247
2252
2235
2234
2219
2199
2163
2124
2080
2023
1952
1883
1810
1748
1689
1659
1661
1705
1798
1919
2060
2223
2385
2529
2653
2752
2838
2894
2938
2970
2976
2954
2893
2821
2698
2540
2367
2181
1995
1793
1625
1494
1381
1318
1301
1346
1445
1584
1752
1922
2081
2206
2272
2280
2248
2183
2096
2004
1934
1879
2310
2198
2093
2003
1932
1894
1916
1961
2025
2097
2178
2204
2196
2168
2135
2124
2145
2191
2246
2289
2312
2303
2286
2244
2198
2157
2131
2137
2156
2199
2269
2340
2419
2471
2479
2451
2380
2263
2110
1963
1836
1758
1771
1818
1856
1864
1819
1715
1601
1500
1453
1477
1545
1659
1809
1974
2142
2308
2441
2543
2603
2649
2696
2750
2802
2855
2842
2766
2619
2424
2203
2001
1820
1656
1529
1406
1294
1216
1185
1212
1289
1406
1538
1656
1775
1884
2011
2162
2336
2547
2759
2952
3110
3199
3217
3172
3075
2953
2821
2688
2529
2346
2139
1899
1686
1522
1429
1398
1400
1383
1330
1283
1261
1307
1444
1662
1907
2130
2295
2414
2493
2559
2619
2691
2733
2730
2666
2554
2245
2238
2223
2208
2218
2234
2276
2306
2321
2317
2275
2205
2102
1982
1852
1710
1592
1481
1392
1320
1277
1273
1298
1364
1477
1632
1811
2012
2200
2367
2499
2594
2639
2655
2647
2612
2567
2511
2424
2322
2198
2036
1867
1682
1514
1392
1318
1318
1373
1484
1630
1801
1980
2163
2337
2493
2638
2728
2791
2804
2758
2658
2515
2337
2167
2034
1936
1900
1915
1976
2068
2172
2259
2338
2377
2376
2360
2323
2266
2187
2103
1998
1888
1770
1659
1571
1531
1537
1583
1696
1841
1995
2162
2329
2459
2569
2640
2688
2693
2660
2564
2448
2280
2100
1878
1664
1472
1307
1184
1139
1178
1280
1472
1712
1990
2272
2545
2766
2945
3035
3074
3037
2959
2828
2676
2490
2301
2104
1496
1137
830
553
317
145
75
154
400
804
1319
1899
2457
2957
3346
3654
3861
3978
3992
3886
3666
3355
2999
2660
2347
2074
1851
1665
1534
1456
1438
1466
1512
1529
1504
1436
1330
1237
1180
1191
1291
1478
1741
2056
2385
2696
2982
3218
3405
3553
3640
3636
3512
3263
2939
2581
2253
1986
1781
1602
1423
1218
1007
846
780
831
985
1192
1384
1514
1576
1594
1628
1740
1933
2174
2421
2629
2793
2930
3062
3200
3332
3425
3432
3348
3147
2854
2498
2110
1747
1469
1297
1243
1274
1362
1439
1505
1576
1660
1771
1884
1992
2055
2072
2057
2036
2022
2018
2032
2072
2162
2309
2505
2698
2827
2868
2817
2718
2642
2582
2528
2422
2210
1928
1622
1391
1313
2298
1988
1701
1496
1343
1272
1271
1340
1483
1659
1874
2085
2264
2372
2430
2414
2322
2180
2013
1853
1712
1626
1623
1689
1830
2024
2239
2452
2640
2774
2816
2769
2603
2330
1994
1589
1172
798
492
278
259
356
612
1014
1509
2068
2616
3124
3553
3842
4011
4013
3893
3655
3342
2954
2578
2215
1886
1603
1372
1194
1082
1012
1037
1115
1238
1396
1588
1793
2001
2216
2435
2658
2896
3132
3357
3544
3674
3718
3678
3548
3309
3015
2668
2312
1976
1664
1432
1252
1136
1107
1084
1108
1176
1278
1394
1537
1712
1920
2113
2320
2493
2630
2720
2764
2749
2695
2573
2428
2244
2044
1839
1646
1465
1315
1232
1199
1217
1276
1338
1415
1467
1504
1518
1479
1477
1496
1888
2310
2748
3103
3345
3508
3602
3570
3530
3473
3390
3260
3045
2750
2378
1940
1464
978
531
160
2
2
3
32
416
888
1368
1802
2149
2433
2674
2912
3165
3453
3738
3962
4076
4047
3858
3536
3125
2692
2285
1925
1704
1584
1552
1590
1586
1519
1392
1190
986
833
767
800
937
1124
1272
1389
1475
1491
1537
1676
1867
2159
2486
2798
3040
3208
3278
3264
3203
3076
2908
2721
2523
2287
2096
1902
1680
1410
1148
880
616
478
512
711
1049
1443
1796
2081
2257
2325
2310
2313
2352
2440
2537
2589
2611
2595
2543
2441
2302
2117
1900
1697
1560
1561
1670
1883
2152
2389
2512
2522
2425
2295
2204
2176
2230
2369
2465
2480
2438
2278
2074
1882
2026
1911
1846
1788
1749
1713
1655
1583
1488
1387
1296
1243
1249
1321
1458
1651
1860
2089
2280
2440
2538
2585
2615
2622
2628
2601
2565
2522
2473
2357
2230
2082
1916
1782
1691
1656
1680
1756
1864
1998
2116
2202
2238
2232
2182
2119
2049
1988
1994
2017
2084
2180
2285
2368
2439
2482
2487
2467
2432
2355
2274
2170
2050
1907
1750
1595
1442
1320
1265
1278
1377
1504
1691
1884
2064
2174
2267
2305
2314
2313
2296
2282
2281
2267
2256
2251
2216
2189
2155
2144
2150
2187
2248
2320
2392
2469
2506
2534
2533
2482
2409
2317
2209
2093
1971
1823
1650
1484
1307
1170
1067
1018
1039
1170
1377
1674
2005
2327
2633
2846
2974
3004
2946
2820
2652
2452
2239
2032
38
714
1464
2211
2888
3468
3926
4095
4095
4095
4077
3815
3540
3302
3134
3048
2999
2951
2852
2685
2443
2118
1760
1373
1013
679
438
297
253
291
375
509
698
921
1204
1556
1982
2479
3020
3600
4095
4095
4095
4095
4095
4095
4095
4033
3445
2796
2178
1587
1043
527
42
1
1
1
3
2
2
438
1176
1928
2627
3205
3615
3866
3952
3957
3887
3796
3704
3629
3524
3410
3264
3102
2871
2634
2392
2159
1942
1738
1566
1374
1189
1038
903
785
689
587
452
306
138
3
2
1
121
504
1074
1792
2587
3374
4053
4095
4095
4095
4095
4095
4095
3939
3450
2925
2396
1847
1315
794
331
3
4
2
2
115
584
1165
1769
2353
