2090
2095
2090
2091
2091
2092
2092
2093
2089
2090
2091
2095
2092
2090
2094
2095
2098
2095
2097
2100
2097
2096
2092
2094
2088
2098
2096
2093
2096
2091
2090
2095
2089
2091
2085
2093
2092
2094
2088
2093
2092
2087
2091
2090
2092
2086
2088
2086
2085
2086
2094
2098
2093
2095
2093
2097
2100
2096
2094
2093
2092
2092
2092
2096
2098
2099
2087
2094
2091
2094
2090
2093
2092
2090
2091
2092
2088
2088
2090
2092
2092
2096
2094
2096
2095
2098
2090
2088
2090
2091
2090
2097
2097
2090
2095
2090
2095
2087
2092
2090
2096
2098
2096
2095
2093
2095
2089
2090
2094
2091
2095
2092
2094
2090
2087
2090
2097
2095
2096
2089
2093
2095
2096
2093
2098
2099
2104
2100
2099
2096
2095
2097
2094
2090
2096
2094
2102
2096
2093
2091
2084
2091
2088
2090
2087
2093
2092
2092
2096
2092
2097
2091
2097
2092
2094
2092
2092
2092
2096
2097
2102
2100
2099
2096
2093
2091
2094
2091
2094
2098
2098
2091
2097
2100
2101
2099
2097
2096
2098
2096
2096
2094
2092
2092
2097
2098
2102
2097
2102
2096
2102
2091
2096
2098
2094
2095
2096
2092
2090
2090
2091
2090
2097
2097
2098
2096
2095
2095
2096
2098
2097
2090
2091
2089
2095
2098
2094
2097
2106
2093
2096
2101
2087
2093
2093
2098
2098
2100
2095
2099
2096
2102
2096
2097
2095
2094
2095
2099
2094
2101
2094
2096
2093
2095
2098
2093
2102
2103
2099
2101
2101
2094
2088
2094
2089
2092
2050
2051
2060
2058
2068
2067
2069
2072
2077
2082
2091
2089
2092
2096
2101
2103
2098
2093
2092
2093
2087
2084
2087
2077
2068
2068
2061
2056
2050
2048
2051
2052
2049
2060
2062
2076
2077
2090
2102
2108
2122
2137
2151
2174
2174
2195
2207
2209
2214
2218
2214
2207
2209
2199
2194
2177
2173
2156
2144
2133
2120
2110
2101
2086
2070
2060
2052
2045
2038
2028
2027
2029
2027
2024
2028
2036
2047
2059
2058
2075
2080
2091
2106
2115
2123
2127
2130
2124
2133
2131
2126
2119
2113
2115
2103
2094
2086
2078
2083
2075
2074
2073
2088
2096
2098
2116
2118
2129
2140
2158
2168
2187
2196
2204
2213
2216
2209
2207
2202
2194
2173
2148
2125
2103
2076
2048
2009
1980
2072
2110
2146
2165
2181
2167
2144
2125
2090
2049
2024
1988
1983
1989
2002
2038
2063
2104
2136
2160
2146
2118
2069
2008
1949
1912
1904
1943
2029
2116
2200
2294
2334
2320
2265
2165
2053
1946
1877
1823
1824
1865
1931
2021
2114
2195
2249
2257
2245
2213
2144
2081
2027
1976
1952
1942
1945
1969
2014
2062
2086
2112
2134
2103
2076
2018
1993
1980
1994
2014
2068
2125
2193
2241
2290
2318
2329
2306
2257
2159
2067
1962
1893
1862
1886
1949
2049
2122
2193
2254
2289
2290
2258
2200
2105
2010
1929
1879
1859
1875
1937
2023
2119
2205
2271
2292
2257
2174
2056
1942
1861
1826
1840
1900
2001
2122
2248
2335
2419
2428
2403
2315
2205
2083
1970
1905
1875
1867
2045
2196
2233
2207
2129
2081
2010
1935
1936
2033
2116
2120
2115
2080
2047
1977
1940
1985
2112
2226
2261
2221
2185
2144
2102
2068
2044
2069
2100
2130
2149
2171
2142
2068
2015
1996
2032
2078
2124
2097
2044
2018
2016
2021
2031
2063
2116
2148
2114
2057
2029
2031
2047
2024
2008
2003
1998
2000
2028
2086
2165
2226
2252
2241
2220
2180
2135
2084
2029
2022
2076
2148
2186
2184
2150
2119
2075
2018
1985
2004
2114
2257
2326
2270
2122
1989
1937
1958
2030
2148
2296
2402
2392
2254
2058
1893
1808
1831
1980
2204
2398
2452
2362
2192
2028
1891
1816
1845
1964
2113
2211
2222
2204
2164
2090
2003
1942
1969
2099
2279
2392
2407
2331
2175
2016
1906
1886
1943
2079
2218
2138
2100
2112
2055
2060
2102
2102
2130
2228
2241
2176
2112
2067
2019
2010
2108
2230
2251
2261
2273
2169
2029
2018
2093
2122
2136
2197
2212
2064
1877
1848
1976
2139
2258
2256
2101
1867
1702
1701
1858
2073
2232
2274
2163
2001
1897
1891
1968
2067
2194
2273
2180
2047
2006
1997
2031
2146
2158
2032
1908
1802
1764
1896
2118
2285
2348
2257
2036
1817
1737
1838
2046
2212
2271
2229
2102
1966
1918
1956
1990
1992
2017
2061
2133
2208
2296
2354
2341
2290
2136
1946
1867
1907
2032
2237
2372
2323
2138
1947
1786
1717
1887
2211
2418
2422
2294
2066
1842
1883
2088
2274
2428
2471
2281
2022
1878
1872
1983
2177
2299
2262
2133
2030
1988
2066
2221
2024
1975
1996
2172
2265
2221
2202
2096
1873
1786
1953
2044
1997
2012
2032
1998
2007
2072
1969
1893
2119
2368
2323
2158
2100
2013
1923
2007
2147
2105
2092
2141
2006
1776
1842
2088
2296
2416
2536
2425
2134
1942
1918
1945
2068
2200
2236
2193
2129
2039
1974
1990
2160
2296
2319
2337
2380
2272
2087
1937
1915
1986
2062
2079
1978
1937
2008
2076
2150
2242
2403
2432
2194
1890
1820
1960
2147
2304
2359
2288
2180
2120
2011
1922
1910
1883
1792
1833
2008
2136
2156
2201
2227
2162
2092
2079
2056
2028
2109
2112
1973
2018
2231
2246
2053
1982
1922
1765
1769
1868
1834
1776
1890
2020
2068
2174
2220
2114
2091
2134
2108
2112
2244
2349
2394
2378
2260
2066
1941
1882
1939
2002
2055
2056
2018
1983
1957
1972
2034
2123
2202
2224
2108
1886
1747
1861
2201
2485
2490
2206
1879
1711
1790
2043
2294
2400
2314
2164
2076
2071
2064
2077
2123
2184
2154
2021
2001
2104
2108
1974
1979
2167
2356
2334
2173
2073
2103
2155
2015
1765
1668
1791
2044
2294
2458
2484
2388
2283
2220
2143
2015
1948
2069
2258
2210
1916
1799
2044
2280
2221
2138
2261
2407
2256
1967
1932
2166
2212
2003
1953
2296
2630
2498
2094
1917
2066
2110
1936
1864
2041
2264
2255
2087
2079
2212
2182
1926
1702
1690
1844
2006
2163
2309
2377
2332
2184
1959
1788
1868
2185
2448
2390
2110
1966
2062
2129
2128
2167
2284
2256
2063
1928
1940
1971
1977
2120
1941
1945
2089
2254
2246
2114
2016
2026
2057
2060
2062
2045
2025
2047
2126
2204
2267
2319
2375
2327
2168
1959
1891
2007
2184
2302
2305
2177
1982
1858
1887
1978
2086
2162
2144
2023
1942
2046
2244
2342
2225
2082
2063
2086
2091
2003
1896
1955
2212
2516
2544
2305
1952
1666
1542
1617
1813
2009
2204
2357
2339
2185
2097
2166
2320
2275
1968
1649
1611
1881
2225
2410
2330
2072
1893
1909
2042
2170
2232
2173
1986
1793
1754
1971
2376
2735
2763
2343
1762
1404
1481
1897
2276
2418
2264
1989
1839
1859
1985
2162
2277
2232
2044
1929
2008
2247
2476
2521
2342
2110
2055
2234
2436
2419
2196
1862
1605
1568
1829
2184
2377
2331
2071
1779
1723
1946
2273
2451
1907
2220
2364
2438
2556
2451
2054
1632
1625
1984
2391
2528
2433
2182
1933
1856
2135
2493
2428
2081
1886
1856
1889
2035
2247
2326
2157
1893
1723
1649
1765
2013
2158
2117
1988
1859
1805
1895
2179
2527
2750
2655
2227
1731
1453
1583
2046
2527
2713
2556
2136
1733
1543
1695
2165
2611
2673
2342
1893
1677
1840
2273
2594
2480
2014
1571
1489
1864
2399
2727
2638
2198
1731
1567
1782
2148
2435
2550
2481
2236
1996
1948
2096
2222
2234
2178
2142
2033
1798
1564
1526
1814
2272
2530
2419
2075
1822
1852
2125
2436
2511
2241
1774
1410
1450
1908
2486
2765
2454
1813
1388
1505
2032
2581
2796
2635
2223
1854
1794
2102
2459
2555
2292
1914
1714
1804
2065
2298
3003
2447
1834
1370
1338
1706
2280
2736
2639
2347
2277
2149
2040
1978
1673
1603
1962
2187
2512
3064
3029
2480
2068
1711
1476
1731
2376
2965
3055
2536
1860
1328
1149
1636
2492
3077
3068
2425
1652
1400
1509
1563
1867
2437
2558
2179
2003
2065
1984
1936
2090
1996
1745
1919
2466
2848
2830
2466
1909
1272
1004
1503
2137
2430
2672
2568
1826
1274
1292
1455
1815
2369
2661
2594
2399
2090
1720
1575
1719
1925
2207
2660
2856
2574
2151
1695
1224
1123
1549
2256
2794
2834
2336
1500
1063
1416
1953
2586
3402
3301
2133
1488
1637
1880
2461
3167
3076
2270
1420
1130
1521
2109
2504
2518
1975
1210
960
1479
2360
2924
3027
2848
2119
1059
857
1722
2699
3234
1332
1412
2082
3095
3455
2568
1361
931
1318
1788
2240
2692
2947
3071
3254
3225
2522
1578
1308
1924
2667
2887
2674
2215
1648
1274
1452
2092
2472
2197
1813
1959
2489
2640
2267
1723
1429
1428
1858
2562
2779
2150
1327
1061
1413
2034
2756
3415
3615
3125
2336
1851
1555
1230
940
1044
1668
2407
3006
3301
3286
3027
2440
1832
1385
1020
860
868
1244
2014
2632
2934
2583
1799
1091
985
1694
2544
3412
3893
3291
2323
1665
1533
1556
1256
1108
1190
1356
2164
3408
3987
3507
2383
1229
663
1021
2093
3055
3263
2952
2514
1869
1197
1097
1477
1698
1839
2608
3864
4095
3766
2663
1560
582
185
776
1842
2386
2219
1934
1974
2290
2773
3189
3019
2175
1282
3856
4095
3785
2384
766
2
3
428
1936
3306
3911
3573
2457
1046
39
0
811
2323
3814
4095
4095
3714
2294
926
3
2
319
1407
2550
3335
3483
3058
2415
1930
1628
1447
1434
1772
2429
3138
3608
3649
3083
1884
484
2
2
3
1105
2703
4095
4095
4095
3360
1659
76
2
3
1
1026
2480
3786
4095
4095
4095
4095
3603
2798
1832
784
2
3
1
3
133
904
1819
2902
4095
4095
4095
4095
4095
2536
3
1
2
2
3
1653
4095
4095
4095
4095
4095
3101
231
2
1
3
1012
3302
4095
4095
3091
1365
2
3
329
1879
3583
4095
4095
4095
2992
1281
3
2
0
22
1309
2974
4095
4095
4095
3179
1653
374
1
1
4
0
339
2835
4095
4095
4095
4095
4095
4095
4095
3924
2003
383
3
3
3
3
0
1
2
9
1330
2881
4076
4095
4095
3810
2954
2259
1955
2141
2745
3616
4095
4095
4095
4095
4095
3918
3029
1911
390
2
1
2
3
2
3
1
2
2364
4095
4095
4095
4095
4095
4095
4095
4095
3796
2
2
1
0
1
3
2
1
3
4095
4095
4095
4095
4095
4095
4095
4095
4095
1
3
2
3
3
2
0
2
878
4095
4095
4095
4095
4095
4095
4095
3476
325
3
4
1
1
1
0
344
3133
4095
4095
4095
4095
4095
2864
886
2
1
1
1
602
1537
2234
2748
3229
3731
4095
4095
3674
2588
2
2
2
3
1
0
0
1
1
1
1
1
48
2365
4095
4095
4095
4095
4095
4095
4095
4095
4095
4095
4095
4095
4095
4095
4095
4095
4095
4095
4095
4095
4095
4095
4048
1694
1
0
3
2
4
2
2
3
3
2
2
4
2
3
2
4
4
1
2
2
0
0
2
2
4
975
3130
4095
4095
4095
4095
4095
4095
4095
4095
4095
4095
4095
4095
4095
4095
4095
4095
4095
4095
4095
4095
4095
4095
4095
4095
3300
1355
1
4
3
2
4
3
4
2
4
3
2
2
1
2
2
3
3
1
1
2
2
1
1
1
2
514
1760
2975
4086
4095
4095
4095
4095
4095
4095
4095
4095
