2111
2089
2081
2096
2100
2090
2091
2083
2086
2079
2098
2069
2092
2093
2096
2086
2086
2079
2103
2108
2086
2087
2095
2101
2097
2096
2100
2090
2094
2082
2093
2102
2100
2090
2082
2076
2097
2099
2110
2087
2081
2098
2073
2094
2084
2086
2110
2089
2080
2101
2082
2079
2092
2102
2107
2105
2104
2114
2100
2098
2100
2092
2091
2106
2086
2092
2083
2098
2078
2105
2096
2097
2094
2073
2076
2080
2082
2106
2110
2094
2107
2099
2093
2085
2101
2108
2092
2092
2080
2083
2079
2111
2098
2101
2100
2098
2088
2083
2100
2077
2083
2108
2107
2097
2081
2079
2088
2079
2098
2108
2104
2102
2090
2088
2093
2100
2108
2096
2087
2078
2078
2104
2098
2088
2085
2087
2095
2089
2096
2104
2115
2082
2094
2083
2080
2091
2101
2095
2099
2096
2090
2084
2083
2060
2089
2111
2102
2102
2089
2106
2084
2081
2089
2103
2098
2110
2112
2111
2106
2099
2106
2098
2098
2098
2096
2092
2098
2095
2097
2101
2105
2101
2083
2086
2090
2095
2091
2091
2082
2087
2096
2076
2089
2086
2079
2081
2104
2104
2084
2107
2108
2101
2091
2097
2091
2087
2101
2081
2089
2089
2089
2093
2105
2103
2095
2088
2084
2090
2085
2089
2098
2077
2080
2087
2093
2112
2091
2088
2103
2088
2088
2090
2104
2109
2087
2084
2086
2109
2110
2105
2097
2093
2082
2099
2092
2091
2086
2078
2096
2104
2113
2095
2112
2100
2102
2085
2095
2097
2089
2087
2076
2115
2099
2103
2097
2089
2124
2111
2086
2096
2116
2121
2128
2139
2145
2139
2135
2130
2136
2136
2142
2146
2141
2143
2128
2121
2142
2139
2139
2145
2134
2131
2134
2127
2115
2123
2128
2143
2137
2128
2144
2121
2113
2102
2109
2110
2128
2123
2101
2103
2096
2089
2088
2095
2098
2104
2100
2096
2112
2104
2085
2073
2072
2074
2070
2094
2084
2082
2075
2080
2067
2058
2088
2087
2077
2066
2082
2064
2069
2063
2056
2057
2054
2059
2062
2067
2047
2041
2044
2031
2036
2026
2032
2004
2013
2013
2029
2023
2024
2020
2035
2019
2023
2021
2016
2000
2011
2039
2043
2026
2026
2041
2046
2038
2060
2061
2056
2082
2080
2073
2095
2088
2089
2086
2093
2121
2110
2092
2101
2100
2094
2100
2096
2083
2134
2152
2166
2178
2193
2218
2231
2223
2232
2222
2211
2213
2210
2181
2134
2131
2092
2072
2038
2025
2023
2019
2008
2016
2027
2034
2060
2074
2077
2090
2122
2134
2153
2162
2161
2178
2184
2173
2154
2134
2130
2114
2092
2080
2077
2053
2052
2061
2051
2040
2045
2035
2044
2054
2072
2084
2084
2095
2133
2174
2195
2181
2190
2188
2181
2176
2148
2140
2123
2077
2044
2022
1979
1956
1923
1902
1915
1912
1921
1920
1969
1989
2033
2044
2074
2103
2119
2140
2155
2153
2148
2149
2145
2120
2100
2077
2048
2010
2004
2005
2020
2040
2069
2104
2125
2153
2192
2189
2184
2176
2169
2146
2099
2061
2013
1971
1943
1925
1923
1948
1996
2058
2117
2159
2194
2240
2265
2264
1901
1865
1897
1950
2004
2016
2030
2055
2105
2149
2154
2164
2168
2137
2101
2076
2053
2083
2114
2148
2180
2191
2164
2140
2105
2107
2078
2047
2016
2020
2048
2060
2050
2020
2049
2088
2113
2127
2142
2162
2145
2076
2019
1983
1963
1949
1945
1998
2039
2021
2015
2025
2019
2014
1982
1997
2006
1985
1999
2025
2094
2149
2207
2212
2172
2166
2213
2265
2285
2301
2263
2232
2157
2053
2036
2035
2055
2078
2080
2121
2120
2134
2121
2124
2100
2120
2100
2128
2144
2163
2128
2107
2111
2147
2181
2148
2131
2100
2062
2075
2069
2084
2069
2072
2032
2063
2123
2186
2199
2220
2210
2237
2233
2180
2108
2053
2002
1956
1942
1902
1881
1881
1957
2064
2145
2210
2210
2176
2025
2057
2058
2045
2007
2014
2005
2052
2100
2134
2161
2146
2144
2171
2225
2264
2323
2314
2257
2231
2197
2167
2154
2128
2096
2050
2058
2067
2103
2132
2127
2098
2121
2150
2187
2215
2174
2118
2057
2006
2017
2100
2186
2255
2246
2197
2167
2175
2185
2183
2102
2004
1930
1893
1934
2088
2242
2373
2425
2375
2248
2074
1932
1838
1808
1870
2003
2097
2155
2157
2105
2070
2116
2212
2279
2279
2165
2002
1842
1816
1885
2046
2201
2305
2235
2131
2028
1994
2025
2088
2062
1947
1849
1806
1900
2068
2192
2267
2217
2088
1976
1910
1937
1992
2057
2131
2232
2239
2197
2076
1945
1851
1821
1827
1880
1926
1933
1972
2069
2206
2322
2404
2384
2274
2142
2074
2053
2074
1932
1930
1900
1836
1814
1913
2083
2163
2132
2126
2160
2183
2189
2214
2196
2121
1967
1848
1846
1917
2032
2115
2161
2168
2125
2025
1960
1981
2024
2087
2112
2146
2213
2222
2165
2061
2033
2050
2018
1961
1945
2003
2063
2102
2136
2143
2184
2210
2168
2144
2100
2070
2021
1964
1992
2039
2102
2129
2120
2146
2191
2206
2176
2132
2077
2052
2016
1956
1928
1949
2048
2208
2330
2354
2358
2345
2250
2153
2065
2076
2087
2051
1979
1926
1989
2147
2294
2344
2319
2202
2065
2016
2006
2020
2047
2092
2122
2119
2082
2030
2019
2114
2142
2098
2005
1885
1884
1966
2120
2135
2093
2013
2040
2179
2349
2379
2268
2111
2081
2114
2149
2143
2039
1913
1890
1916
1959
2005
2249
2342
2360
2240
2096
2040
2069
2065
2037
2056
2069
2076
2115
2209
2277
2218
2029
1800
1674
1648
1770
2011
2242
2359
2362
2344
2333
2250
2100
1942
1866
1775
1720
1746
1867
1959
1990
1997
2084
2191
2211
2111
1955
1854
1842
1900
1973
2057
2103
2149
2181
2202
2096
2009
1943
1921
1888
1908
2069
2277
2408
2355
2245
2133
2093
2091
2138
2182
2215
2156
2070
2042
2104
2204
2276
2334
2368
2259
2026
1768
1695
1848
2141
2481
2733
2786
2686
2469
2095
1767
1705
1848
1935
1952
2021
2154
2229
2221
2317
2490
2527
2360
2177
1973
1711
1519
1549
1804
2073
2265
2376
2400
2331
2155
1977
1740
1551
1479
1633
1935
2239
2459
2474
2378
2213
2069
1986
1995
2147
2314
2364
2321
2145
1934
1793
1786
1871
2038
2241
2399
2437
2300
2143
1965
1872
1853
1942
2090
2247
2344
2313
2175
1983
1837
1807
1888
2081
2273
2433
2491
2402
2188
1976
1823
1749
1827
2032
2283
2480
2564
2523
2354
2168
2002
1909
1930
2025
2165
2285
2347
2295
2166
2057
1992
1977
2029
2121
2188
2227
2207
2079
1895
1753
1680
1719
1840
2018
2183
2293
2319
2258
2116
1991
1904
1893
1965
2047
2120
2160
2165
2129
2073
2059
2064
2099
2170
2209
2179
2066
1923
1784
1738
1792
1938
2167
2367
2481
2457
2325
2130
1968
1895
1896
1995
2174
2320
2378
2323
2192
2031
1903
1907
2000
2125
2219
2223
2160
2062
1979
1934
1998
2095
2264
2409
2435
2322
2499
2484
2308
2064
1880
1752
1595
1485
1538
1789
2100
2341
2524
2612
2607
2463
2247
1980
1750
1543
1437
1593
1934
2134
2176
2244
2340
2237
2017
1973
2037
2022
1955
2037
2159
2193
2130
2102
2041
1849
1626
1553
1689
1958
2242
2473
2618
2663
2616
2487
2365
2189
1889
1568
1475
1577
1686
1840
2063
2299
2414
2373
2272
2201
2093
2021
2008
2078
2194
2294
2356
2389
2322
2117
1797
1538
1515
1628
1860
2111
2290
2323
2261
2190
2153
2131
2028
1900
1835
1897
2034
2147
2287
2422
2412
2265
2090
1917
1801
1812
2031
2279
2393
2432
2462
2313
2038
1874
1821
1762
1728
1828
2112
2371
2581
2695
2700
2522
2292
2114
1863
1616
1449
1459
1683
1949
2214
2355
1387
2032
2712
3187
3304
3081
2595
1999
1489
1262
1354
1727
2188
2589
2753
2688
2420
2005
1646
1423
1345
1430
1563
1750
1956
2117
2275
2296
2252
2165
2080
2084
2108
2087
2049
1975
1888
1892
1928
2034
2229
2380
2438
2391
2277
2150
2035
1957
1947
1981
2057
2154
2151
2081
1948
1825
1756
1755
1882
2156
2496
2779
2874
2663
2263
1842
1667
1738
2023
2325
2503
2519
2366
2169
1961
1891
1945
2080
2191
2234
2222
2136
2113
2089
2093
2008
1921
1895
1934
2037
2096
2091
1954
1766
1593
1604
1859
2266
2682
2924
2860
2486
1982
1510
1224
1183
1346
1660
2024
2344
2562
2584
2461
2277
2122
2056
2024
2000
2020
2107
2243
2330
2281
2046
1777
1578
1623
1905
1767
1705
1800
1885
1912
2105
2521
2960
3080
2871
2434
1865
1189
777
879
1300
1703
2067
2552
3026
3215
3003
2493
1843
1173
659
512
835
1527
2262
2712
2817
2652
2392
2039
1734
1576
1499
1484
1660
2200
2892
3338
3246
2635
1876
1548
1696
1894
1868
1821
2022
2363
2557
2477
2173
1753
1506
1698
2242
2729
2945
3059
3135
3018
2581
1980
1463
1188
1199
1430
1792
2199
2563
2896
2939
2589
1985
1389
1070
1167
1534
2021
2386
2622
2659
2498
2134
1747
1481
1373
1389
1664
2119
2555
2779
2837
2745
2470
1953
1480
1276
1271
1370
1724
2399
3103
3431
3256
2760
2094
1434
1098
1226
1720
2291
2762
3088
3161
2927
2466
1884
1316
876
775
1128
1787
2470
1238
1704
2051
2370
2749
3158
3459
3590
3466
2896
1926
1034
643
592
562
533
652
955
1530
2286
2921
3181
2910
2320
1723
1403
1335
1531
2002
2508
2740
2595
2273
1913
1843
2128
2452
2572
2454
2089
1565
1010
791
1011
1431
1849
2223
2614
2992
3303
3446
3506
3417
3167
2756
2372
2176
2116
2062
1963
1825
1663
1537
1396
1332
1519
1917
2255
2307
2128
1829
1407
1022
840
1049
1631
2448
3233
3913
4095
4095
4010
3175
2025
873
1
0
0
447
1137
1591
1844
2008
2252
2502
2784
3081
3280
3247
2958
2454
1929
1476
1301
1465
1940
2614
3205
3683
3931
3743
2960
1795
764
290
433
1007
1752
2401
2783
2896
2799
2688
2607
2516
2388
2179
1786
4095
4095
4095
4095
3062
1350
0
0
1
0
0
856
2250
3542
4095
4095
4095
3476
2054
636
0
0
0
697
1971
3138
3982
4095
4095
4095
3347
2141
759
0
1
0
12
1013
2287
3415
4095
4095
4095
4024
3137
1928
677
0
0
8
702
1551
2275
2741
2938
2962
2903
2764
2519
2167
1856
1822
2164
2829
3543
3920
3802
3149
2266
1300
474
1
0
0
455
1548
2923
4095
4095
4095
4095
3202
1763
452
0
0
0
339
1698
3297
4095
4095
4095
4095
3177
1264
1
0
0
1
102
1918
3971
4095
4095
4095
4095
3535
1305
0
1
0
1
2
1100
3423
4095
4095
4095
4095
4095
2259
178
0
1
0
3
1362
5
0
2
1
0
471
1199
1875
2533
3064
3419
3699
3912
4052
4095
4095
4095
4095
4095
4095
4095
4095
4095
4095
4048
3554
2935
2238
1481
757
130
2
0
1
3
0
0
2
1
52
502
1020
1482
1993
2484
2913
3302
3593
3805
3936
3984
3929
3844
3734
3560
3361
3135
2944
2736
2560
2427
2320
2266
2176
2107
1998
1880
1678
1423
1141
852
556
284
77
1
0
3
34
221
499
810
1214
1698
2158
2647
3132
3572
3927
4095
4095
4095
4095
4095
4095
4062
3687
3207
2690
2157
1653
1168
709
342
44
1
1
2
0
27
232
536
907
1321
1763
2181
2615
3017
3392
3679
3940
4095
4095
4095
4095
4092
3933
3728
3469
