2104
2086
2111
2100
2104
2121
2128
2125
2107
2103
2089
2112
2104
2098
2108
2109
2094
2096
2091
2101
2096
2116
2102
2082
2085
2062
2084
2101
2102
2074
2063
2076
2080
2080
2079
2059
2080
2078
2088
2093
2090
2091
2089
2127
2093
2115
2098
2110
2128
2105
2103
2099
2110
2067
2093
2094
2101
2094
2080
2081
2099
2080
2083
2101
2115
2109
2114
2134
2104
2088
2056
2065
2099
2126
2098
2089
2052
2096
2089
2080
2106
2084
2093
2101
2101
2068
2074
2081
2095
2100
2093
2053
2070
2087
2094
2116
2120
2090
2100
2102
2082
2092
2114
2088
2106
2096
2088
2079
2109
2093
2086
2121
2117
2106
2106
2101
2082
2079
2083
2072
2102
2087
2078
2106
2114
2081
2088
2088
2107
2109
2132
2116
2125
2143
2106
2122
2129
2133
2103
2147
2120
2132
2138
2137
2144
2127
2159
2150
2144
2138
2156
2156
2138
2158
2138
2152
2159
2126
2145
2149
2155
2138
2138
2133
2136
2126
2136
2152
2123
2119
2104
2108
2089
2082
2100
2071
2064
2069
2079
2052
2045
2043
2043
2030
2022
2002
1990
2013
2013
2011
2022
1994
1981
1971
1998
1976
1980
1984
2003
1990
1973
1948
1966
1950
1969
1972
1986
1959
1956
1959
1958
1972
1961
1950
1952
1985
1984
1996
1988
2012
2000
1972
2005
2015
2046
2043
2025
2023
2026
2025
2045
2060
2036
2067
2075
2095
2094
2105
2093
2091
2114
2119
2133
2128
2173
2148
2151
2195
2199
2191
2196
2204
2190
2208
2225
2219
1982
1983
1982
1969
1962
2018
2067
2071
2074
2108
2148
2169
2172
2203
2226
2256
2286
2308
2313
2344
2366
2389
2387
2388
2357
2355
2313
2313
2282
2226
2160
2103
2027
2002
1944
1870
1848
1799
1744
1722
1715
1688
1690
1688
1700
1749
1757
1802
1850
1916
1969
2024
2065
2128
2201
2256
2291
2338
2349
2389
2383
2401
2390
2369
2368
2368
2320
2302
2268
2226
2181
2142
2113
2038
2004
1961
1909
1843
1820
1794
1746
1748
1740
1757
1739
1777
1826
1854
1892
1966
2016
2091
2158
2227
2290
2342
2385
2394
2414
2437
2447
2402
2381
2386
2374
2351
2364
2353
2354
2368
2370
2372
2374
2365
2360
2358
2322
2300
2253
2256
2186
2139
2089
2056
1992
1933
1870
1842
2290
2312
2336
2375
2358
2429
2391
2341
2196
2058
1973
1825
1795
1732
1696
1699
1681
1721
1693
1775
1789
1836
1894
1901
1971
1986
1996
1957
2118
2135
2202
2326
2402
2475
2509
2490
2396
2378
2316
2249
2236
2228
2260
2251
2138
2045
1893
1768
1672
1677
1693
1708
1806
1833
1903
1968
2014
2051
2164
2288
2356
2420
2444
2481
2427
2452
2404
2429
2496
2502
2542
2561
2572
2502
2411
2282
2196
2141
2053
1987
1964
1929
1880
1826
1727
1631
1522
1496
1512
1504
1574
1628
1678
1739
1854
1902
1943
2013
2022
2039
2128
2226
2335
2467
2487
2504
2441
2424
2284
2253
2233
2221
2234
2253
2329
2309
2282
2184
2176
2129
2115
2086
2133
2144
2213
2217
2193
2180
1940
2073
2185
2261
2376
2464
2543
2573
2594
2522
2483
2352
2216
2120
1958
1858
1753
1594
1487
1466
1451
1466
1480
1572
1726
1918
2029
2194
2299
2504
2637
2734
2845
2886
2907
2856
2815
2652
2540
2367
2145
1993
1842
1669
1506
1360
1308
1281
1288
1322
1434
1578
1738
1954
2110
2320
2485
2640
2719
2762
2747
2717
2616
2515
2298
2097
1947
1781
1659
1536
1459
1439
1475
1585
1691
1886
2056
2282
2408
2528
2656
2691
2713
2636
2571
2490
2351
2213
2101
1971
1851
1768
1782
1779
1792
1859
1951
2060
2145
2238
2408
2517
2561
2544
2563
2525
2463
2328
2272
2119
1944
1824
1754
1677
1629
1570
1546
1511
1508
1485
1529
1550
1631
1736
1867
2014
2184
2316
1780
1818
1835
1920
2045
2230
2435
2626
2680
2731
2682
2687
2686
2725
2688
2641
2602
2566
2546
2484
2422
2199
2035
1827
1704
1662
1687
1765
1779
1801
1732
1747
1811
1911
1970
1986
2009
1999
2015
2032
2138
2255
2293
2361
2332
2247
2235
2202
2124
2097
2020
2005
1877
1795
1730
1734
1841
1970
2067
2258
2339
2376
2400
2404
2386
2376
2394
2385
2390
2307
2199
2042
1971
1957
1950
1904
1839
1744
1670
1711
1700
1711
1758
1686
1670
1683
1744
1829
1922
2068
2164
2286
2345
2437
2489
2581
2651
2610
2578
2523
2513
2551
2502
2364
2266
2102
1990
1889
1893
1837
1818
1837
1847
1877
1962
1972
1963
1905
1875
1990
2076
2200
2313
2378
2410
2467
2557
2654
2265
2106
1998
1859
1805
1768
1731
1728
1798
1815
1861
1959
2070
2122
2200
2254
2316
2343
2352
2331
2305
2208
2134
2035
1926
1903
1910
1940
2000
2128
2212
2342
2478
2545
2574
2603
2544
2464
2330
2236
2068
1892
1770
1644
1475
1474
1413
1471
1521
1617
1768
1892
2010
2134
2260
2378
2483
2584
2625
2682
2658
2661
2623
2535
2448
2407
2331
2251
2142
2049
1988
1893
1764
1690
1600
1578
1551
1588
1632
1668
1767
1876
1945
2021
2072
2170
2284
2345
2410
2451
2496
2487
2423
2334
2250
2172
2145
2115
2030
2082
2053
2059
2056
2076
2057
2019
2018
1976
1930
1872
1795
1731
1673
1686
1741
1771
1821
1893
1991
2118
2215
2350
2464
2520
2545
2588
2568
2519
1888
2026
2135
2186
2219
2255
2267
2248
2296
2337
2392
2356
2308
2269
2232
2150
2114
2066
2024
2028
2033
1995
1990
1878
1734
1584
1449
1468
1528
1694
1813
1940
2025
2113
2121
2176
2255
2345
2492
2614
2686
2714
2706
2607
2536
2402
2278
2142
1986
1843
1716
1645
1692
1762
1886
1971
1965
2016
2039
2049
2163
2204
2246
2244
2245
2230
2299
2416
2561
2641
2651
2572
2450
2338
2243
2169
2090
2008
1944
1850
1835
1810
1810
1860
1839
1865
1893
1939
1944
2014
2036
2120
2200
2273
2326
2343
2304
2260
2269
2232
2182
2072
1906
1732
1624
1572
1586
1675
1736
1756
1805
1906
2030
2172
2241
2341
2351
2300
2258
2191
2057
1947
1910
1894
1905
1935
1949
1996
1782
1692
1612
1563
1535
1558
1613
1692
1832
1992
2134
2312
2494
2649
2788
2900
2954
2950
2905
2822
2665
2475
2268
2072
1861
1661
1542
1493
1457
1512
1575
1675
1799
1994
2128
2268
2392
2443
2440
2406
2321
2219
2078
1930
1827
1704
1651
1648
1698
1754
1852
1992
2130
2270
2426
2559
2670
2704
2720
2656
2553
2404
2185
1980
1816
1640
1523
1487
1483
1520
1592
1688
1787
1870
1969
2114
2224
2329
2413
2436
2439
2409
2347
2241
2136
2054
1970
1908
1878
1867
1924
2003
2125
2232
2373
2496
2595
2716
2810
2843
2874
2883
2806
2670
2509
2323
2102
1879
1669
1466
1352
1256
1252
1294
1383
1508
1660
1834
1989
2135
2304
2423
2508
2570
2603
2580
2554
2486
1585
1629
1642
1643
1661
1722
1857
2058
2260
2385
2419
2356
2241
2127
2060
2022
1985
1919
1865
1828
1875
1984
2129
2243
2294
2280
2265
2264
2268
2225
2084
1845
1529
1263
1123
1131
1255
1424
1572
1714
1852
2034
2253
2478
2668
2794
2849
2839
2776
2650
2502
2362
2246
2171
2138
2089
2014
1927
1874
1857
1882
1881
1817
1696
1594
1602
1750
1992
2235
2401
2476
2512
2598
2751
2917
3032
3043
2940
2776
2594
2437
2279
2120
1966
1832
1732
1665
1616
1555
1504
1499
1560
1693
1862
2035
2184
2316
2458
2605
2724
2780
2730
2611
2442
2280
2126
1976
1820
1670
1538
1464
1440
1484
1583
1701
1846
1985
2113
2202
2260
2286
2284
2264
2189
2073
1897
1722
1574
2264
2553
2787
2950
3048
3032
2916
2731
2479
2206
1945
1706
1546
1432
1364
1319
1314
1320
1339
1382
1478
1605
1768
1977
2204
2431
2670
2903
3112
3288
3392
3421
3357
3197
2973
2694
2390
2120
1894
1730
1613
1546
1512
1506
1506
1523
1533
1548
1556
1579
1650
1765
1935
2173
2475
2779
3064
3294
3455
3501
3458
3335
3128
2832
2489
2084
1673
1263
900
627
455
436
499
714
1008
1353
1728
2108
2454
2747
3009
3176
3268
3288
3223
3102
2900
2653
2338
1994
1655
1312
1037
845
739
750
860
1057
1329
1675
2036
2400
2741
3001
3160
3191
3098
2902
2656
2391
2160
1976
1873
1799
1803
1826
1859
1894
1939
1977
2002
2013
2025
2025
2045
2064
2165
2255
4095
4095
4095
3909
3512
3148
2839
2528
2206
1850
1441
1042
725
514
473
560
770
984
1188
1373
1523
1672
1912
2245
2666
3103
3460
3646
3627
3405
3034
2559
2078
1658
1291
1023
838
719
689
739
902
1183
1546
1958
2376
2742
3039
3241
3382
3445
3435
3320
3135
2904
2644
2384
2184
2007
1818
1620
1388
1179
1027
1016
1205
1547
1965
2377
2711
2953
3114
3201
3219
3176
3044
2806
2477
2102
1733
1434
1176
1001
899
842
840
906
1006
1152
1341
1546
1789
2118
2495
2900
3280
3566
3787
3892
3943
3918
3836
3633
3310
2800
2143
1457
758
201
3
2
2
0
113
564
1134
1744
2363
2930
3407
3764
3986
4066
4052
3915
3663
3244
2700
2066
3633
3173
2684
2180
1708
1273
867
575
308
208
250
336
532
815
1125
1451
1774
2066
2335
2595
2829
3059
3249
3342
3344
3268
3101
2886
2628
2339
2079
1866
1710
1603
1571
1618
1713
1841
2011
2202
2333
2375
2383
2280
2170
1973
1834
1741
1678
1684
1742
1840
2028
2264
2498
2760
2959
3111
3143
3040
2859
2572
2256
1896
1591
1323
1147
1033
1036
1141
1357
1672
2089
2558
3012
3416
3726
3915
3930
3831
3529
3074
2543
1897
1254
633
38
4
3
1
2
3
13
658
1498
2382
3239
3987
4095
4095
4095
4095
4095
4095
3749
3015
2180
1326
530
1
4
1
3
3
4
3
339
1010
1685
2319
2894
3368
3723
3962
4084
4049
3889
3622
1310
1176
1091
1042
988
935
818
706
636
682
903
1286
1799
2307
2716
2942
3002
2894
2769
2681
2700
2805
3011
3222
3399
3487
3456
3325
3136
2882
2636
2351
2096
1814
1544
1320
1120
939
822
752
777
893
1172
1566
2078
2662
3219
3665
3958
3999
3864
3552
3096
2656
2318
2108
2084
2233
2579
3007
3404
3718
3885
3794
3388
2733
1871
858
1
1
1
1
1
1
2
2
2
166
1099
1968
2619
3001
3094
2956
2602
2124
1611
1133
764
602
666
1029
1614
2398
3287
4095
4095
4095
4095
4095
4095
4095
4095
3184
2241
1452
929
713
780
1078
1544
2064
2572
2947
3140
3040
2683
2069
1272
360
3
2
3
3
3
5
3
125
3
4
2
2
2
4
2
98
1067
2174
3206
4095
4095
4095
4095
4095
4095
4095
4095
4095
4095
3652
2794
2014
1206
588
94
0
3
2
1
1
1
1
1
1
0
1
390
911
1396
1915
2377
2828
3210
3551
3859
4095
4095
4095
4095
4095
4095
4095
4095
3735
3159
2560
2051
1590
1266
983
823
708
684
692
764
934
1124
1360
1620
1864
2051
2182
2226
2216
2166
2100
2040
2035
2060
2118
2184
2272
2338
2420
2576
2730
2913
3102
3206
3267
3216
3078
2789
2451
2081
1668
1342
1055
837
748
695
726
809
975
1196
1484
1816
2143
2460
2728
2909
2999
2989
2902
2812
2732
2697
2691
2740
2801
2891
2958
2997
3003
2916
2781
