2092
2088
2095
2088
2089
2086
2089
2091
2086
2087
2097
2091
2087
2093
2092
2085
2094
2092
2091
2090
2090
2093
2090
2097
2088
2089
2093
2090
2087
2092
2091
2090
2088
2087
2088
2089
2087
2088
2093
2091
2091
2089
2089
2086
2090
2089
2086
2088
2087
2082
2088
2086
2088
2095
2090
2090
2090
2095
2095
2092
2100
2093
2089
2092
2095
2097
2086
2091
2094
2091
2088
2084
2092
2089
2089
2090
2093
2094
2093
2094
2096
2091
2093
2090
2093
2094
2093
2095
2095
2098
2096
2095
2091
2097
2102
2101
2095
2095
2092
2095
2099
2093
2090
2089
2096
2093
2089
2092
2092
2090
2101
2096
2094
2095
2088
2089
2093
2092
2095
2092
2088
2092
2095
2092
2094
2091
2093
2098
2114
2105
2095
2086
2072
2059
2055
2027
2010
2003
1991
1982
1975
1968
1963
1958
1958
1958
1966
1968
1978
1985
1998
2016
2027
2033
2051
2065
2074
2092
2103
2106
2120
2133
2133
2143
2148
2147
2157
2156
2154
2144
2142
2140
2132
2130
2114
2105
2096
2093
2080
2074
2064
2060
2054
2043
2037
2035
2025
2022
2024
2024
2012
2016
2016
2017
2020
2016
2026
2018
2019
2020
2023
2020
2020
2020
2016
2012
2008
2008
2007
1999
1993
1996
1995
1990
1989
1985
1988
1992
1992
1994
2001
2006
2017
2028
2040
2052
2062
2074
2089
2105
2116
2127
2146
2165
2183
2196
2213
2230
2241
2253
2258
2266
2275
2282
2284
2282
2281
2276
2272
2263
2255
2242
2234
2221
2208
2193
2104
2104
2102
2096
2089
2072
2063
2044
2032
2016
2009
2000
2007
2019
2060
2092
2142
2186
2224
2246
2264
2266
2253
2224
2186
2144
2100
2057
2026
1998
1976
1967
1975
1989
2021
2058
2098
2143
2177
2214
2239
2256
2267
2256
2242
2221
2199
2168
2131
2094
2049
2012
1980
1960
1948
1952
1972
2013
2059
2116
2160
2198
2212
2208
2185
2145
2088
2037
1986
1938
1914
1899
1909
1930
1978
2024
2084
2144
2199
2230
2266
2279
2285
2256
2227
2191
2145
2104
2080
2055
2052
2064
2080
2115
2133
2139
2133
2106
2073
2024
1977
1931
1904
1888
1900
1934
1984
2043
2092
2136
2162
2183
2176
2156
2131
2104
2086
2060
2043
2042
2036
2039
2049
2065
2085
2097
2129
2150
2175
2180
2136
2089
2061
2032
1988
1982
1991
1998
2066
2135
2202
2254
2224
2137
2057
1993
1970
1990
2045
2126
2222
2315
2360
2380
2346
2279
2246
2197
2172
2146
2126
2070
2007
1940
1898
1841
1815
1828
1933
2089
2220
2278
2262
2208
2104
1962
1874
1896
2001
2115
2230
2301
2317
2255
2179
2107
2032
2017
2108
2173
2176
2151
2132
2099
2016
1936
1921
1998
2091
2152
2172
2171
2164
2161
2144
2128
2163
2213
2240
2195
2102
2009
1932
1897
1904
1976
2109
2232
2279
2201
2037
1900
1792
1755
1810
1970
2188
2381
2440
2381
2264
2112
1904
1733
1718
1873
2092
2292
2423
2455
2400
2276
2136
1971
1861
1856
1935
2010
2101
2195
2301
2301
2203
2100
2061
2053
2126
2048
1952
1928
2001
2095
2136
2168
2187
2167
2148
2136
2125
2064
2010
2069
2211
2304
2255
2090
1890
1818
1828
1904
2066
2222
2291
2289
2299
2248
2096
1957
1962
2047
2094
2185
2301
2267
2104
1968
1870
1804
1922
2175
2303
2305
2322
2326
2152
1927
1852
1865
1881
1970
2116
2223
2244
2238
2160
2024
1958
1981
2036
2074
2122
2159
2124
2021
1866
1811
1942
2122
2204
2262
2331
2304
2207
2172
2156
2021
1856
1861
2008
2105
2090
2024
1955
1943
1952
1980
2097
2242
2288
2235
2203
2142
2015
1901
1953
2054
2056
2082
2235
2336
2226
2047
1993
2028
1984
1963
2067
2142
2078
2028
2096
2090
1922
1767
1843
1956
2002
2113
2267
2291
2207
2223
2321
2256
1974
1985
1997
1962
1966
2084
2277
2318
2136
1851
1720
1806
2068
2247
2271
2145
2005
1972
2000
2010
2054
2132
2200
2240
2191
2120
2040
1978
2007
2153
2343
2407
2250
2018
1908
1949
2082
2188
2163
2154
2216
2267
2208
1992
1708
1589
1749
2109
2398
2366
2054
1777
1806
2088
2326
2294
2120
2026
2076
2075
1953
1876
2060
2308
2312
2084
1967
2159
2345
2248
1937
1778
1975
2279
2305
2040
1853
1981
2232
2347
2298
2184
2019
1843
1760
1848
2093
2241
2192
2037
1969
2025
2030
1896
1828
1974
2221
2368
2304
2148
2036
1944
1924
2037
2248
2327
2221
2043
1973
1996
2007
1971
1970
2063
2210
2305
2360
2208
1965
1924
2151
2429
2472
2300
2112
2102
2142
2134
2396
2209
1960
1778
1756
1902
2166
2411
2487
2358
2103
1898
1854
1964
2132
2230
2182
2072
2029
2104
2226
2301
2246
2068
1900
1875
2026
2272
2432
2406
2191
1920
1772
1832
2050
2277
2356
2220
1989
1840
1883
2059
2187
2176
2077
1978
1928
1942
2007
2061
2068
2016
1993
2078
2250
2396
2410
2194
1819
1527
1548
1882
2317
2587
2549
2254
1917
1740
1822
2060
2280
2344
2239
2038
1874
1829
1896
1976
2003
1992
1998
1997
2011
2030
2017
1989
1968
1963
2014
2147
2299
2348
2183
1923
1816
1949
2206
2376
2376
2250
2130
2142
2274
2366
2328
2137
1909
1768
1831
2046
2281
2360
2266
2068
1850
1756
1898
2202
2480
2545
2344
2062
1927
2013
2184
2191
1989
1778
2319
2055
1835
1896
2236
2446
2340
2194
2220
2227
2100
2059
2188
2210
1940
1661
1766
2227
2604
2540
2146
1814
1773
1954
2178
2326
2368
2285
2058
1753
1582
1727
2144
2569
2619
2214
1718
1538
1752
2166
2492
2579
2385
2059
1872
1967
2213
2395
2425
2361
2234
2026
1836
1774
1896
2122
2243
2159
1963
1812
1829
2009
2219
2293
2210
2053
1956
1987
2082
2128
2080
1972
1826
1774
1937
2240
2482
2538
2287
1818
1445
1457
1832
2307
2598
2547
2228
1890
1734
1778
1929
2120
2273
2349
2320
2232
2153
2082
2012
1945
1914
1989
2172
2354
2364
2167
1912
1766
1817
2034
2256
2317
2202
2042
1922
1846
1835
1924
2046
2150
2232
2283
2248
2176
2148
2148
2100
2012
1891
2057
2328
2413
2280
2106
1939
1911
2098
2219
2157
2016
1899
1870
1950
2186
2372
2200
1858
1673
1712
2005
2345
2402
2129
1762
1573
1708
2105
2539
2643
2254
1708
1468
1634
2120
2676
2870
2548
1999
1576
1467
1761
2332
2742
2737
2408
1942
1684
1830
2179
2375
2437
2377
2136
1935
1829
1830
2031
2286
2343
2365
2333
2038
1850
1909
1893
1966
2186
2345
2323
2148
1989
1991
1968
1971
2105
2024
1812
1906
2156
2246
2177
2103
2117
2007
1638
1538
1921
2325
2453
2379
2206
1976
1784
1882
2248
2456
2370
2188
1991
1876
1996
2224
2334
2316
2196
1940
1790
1982
2279
2284
2159
2056
1856
1716
1878
2179
2430
2508
2369
2164
2058
1999
2036
2217
2242
2141
2560
2528
2578
2602
2154
1735
1976
2498
2778
2881
2423
1375
745
1218
1997
2618
3036
2929
2321
1839
1760
1881
2229
2770
3094
2952
2300
1442
972
1122
1680
2412
2932
2888
2485
2141
1895
1777
1979
2301
2525
2432
2056
1709
1493
1683
2363
2917
2807
2424
2151
1752
1581
1891
2173
2248
2349
2252
1809
1574
1764
2024
2337
2735
2568
1769
1188
1241
1755
2423
2811
2747
2434
2016
1593
1486
1767
2066
2291
2487
2360
1875
1636
1867
2274
2859
3450
3270
2204
1348
1098
1081
1608
2724
3274
3062
2800
2350
1538
1133
1366
1688
2036
2526
2766
2519
2061
1900
2041
2098
2080
2190
2098
1876
1985
2269
2390
2380
2249
1932
1539
1343
1562
1948
2137
2421
2818
2675
3035
3118
2780
2076
1406
1181
1408
1833
2153
2207
1969
1698
1571
1749
2282
2792
2903
2361
1546
1071
1205
1781
2483
2952
2920
2278
1403
898
1221
2000
2594
2791
2713
2498
1948
1180
816
1370
2536
3518
3794
3430
2576
1367
114
1
435
1890
3102
3481
3170
2553
2009
1736
1910
2336
2433
2002
1578
1746
2266
2501
2263
1951
1922
2163
2434
2570
2490
2161
1709
1720
2473
3147
2909
1903
964
730
1260
2329
3435
3793
3114
2135
1808
2149
2287
1822
1145
1021
1571
2356
2918
2871
2158
1496
1614
2184
2350
1953
1798
2110
2352
2293
2317
2563
2580
2210
1909
1986
2079
1738
1262
1294
1942
2795
3440
3696
3429
2716
1998
1687
1454
759
2
1
984
2520
2861
3311
3301
2800
2090
1661
1772
2269
2723
2780
2413
1824
1394
1385
1768
2367
2984
3299
3050
2352
1650
1394
1638
2200
2711
2905
2684
2130
1489
1129
1377
2147
2966
3312
3059
2382
1693
1283
1260
1639
2341
2950
3013
2587
2041
1686
1554
1591
1842
2162
2085
1517
916
756
1118
1836
2773
3638
3962
3488
2393
1253
576
670
1490
2674
3519
3606
3084
2335
1585
1158
1465
2392
3147
3121
2307
1194
352
311
1204
2619
3813
3968
2880
1231
84
49
1040
2621
3950
4095
3687
2470
1226
427
443
1255
2356
3212
3510
3228
2547
1876
1566
1519
1562
1713
1974
2238
2548
2868
2974
2664
1962
1221
1086
1671
2371
2637
2393
1704
845
492
1199
2638
4023
4095
2566
1054
2
3
1
3
1
726
1834
2519
2715
2508
2041
1446
981
962
1615
2889
4095
4095
4095
4095
2932
739
4
2
2
2
4
2028
4095
4095
4095
4095
4095
2838
118
1
3
1
2
0
1544
3863
4095
4095
3406
1805
785
698
1306
2210
3258
4095
4095
4095
4095
2762
2
1
1
2
3
258
2634
4095
4095
4095
4095
4095
1642
0
2
1
2
2
786
3438
4095
4095
4095
4095
1545
3
0
2
2
2
1338
3648
4095
4095
4095
2903
584
1
2
1
2
413
1674
3294
4095
4095
3159
1561
682
779
1490
2261
2756
3028
3221
3368
3199
2404
1187
118
2
283
1568
3119
4095
4095
4095
3845
2446
953
2884
2595
2284
1906
1489
1037
528
5
3
3
2
3
1
2
1
2
2
2
2
1
1
1
2
3
3
4
2
3
833
2112
3420
4095
4095
4095
4095
4095
4095
4095
4095
4095
4095
4095
4095
4095
4095
4095
4095
4095
4095
4095
4008
2466
877
2
2
2
2
2
1
2
2
1
2
1
3
3
3
2
2
1
3
1
9
1187
2551
3830
4095
4095
4095
4095
4095
4095
4095
4095
4095
4095
4095
4095
4095
4095
4095
4095
4095
4095
4095
3946
3238
2489
1797
1223
667
127
3
3
2
3
2
3
2
2
2
1
2
1
2
2
0
1
2
1
2
0
619
1403
2223
3087
3897
4095
4095
4095
4095
4095
4095
4095
4095
4095
4095
4095
4095
4095
4095
4095
4095
4095
4095
4095
4095
4095
4095
4095
4051
4026
3998
3982
3991
3998
4034
4058
4095
4095
4095
4095
4095
4095
4095
4095
4095
4095
4095
4095
4095
4095
4095
4095
3898
3668
3392
3089
2747
2380
1987
1573
1106
652
185
2
2
1
2
2
1
1
2
2
1
0
5
1
3
1
1
1
2
3
3
3
4
1
3
4
3
3
4
1
3
2
3
1
0
3
3
4
0
347
1276
2168
3016
3873
4095
4095
4095
4095
4095
4095
4095
4095
4095
4095
4095
4095
4095
4095
4095
4095
4095
4095
4095
4095
4095
4095
4095
4095
4095
4095
4095
4095
