2117
2114
2112
2110
2106
2101
2110
2110
2111
2110
2108
2109
2116
2119
2113
2119
2118
2116
2118
2116
2120
2122
2122
2121
2120
2119
2126
2124
2118
2117
2114
2112
2112
2110
2112
2118
2110
2111
2113
2109
2114
2105
2102
2106
2110
2100
2100
2097
2098
2098
2096
2092
2096
2095
2095
2091
2091
2085
2084
2078
2076
2072
2078
2076
2073
2074
2076
2073
2074
2071
2073
2072
2066
2066
2072
2075
2068
2072
2073
2072
2078
2075
2077
2072
2074
2076
2073
2071
2072
2072
2071
2072
2074
2071
2068
2068
2074
2071
2072
2072
2067
2067
2072
2070
2069
2066
2072
2072
2070
2067
2068
2070
2074
2076
2075
2069
2076
2075
2072
2072
2076
2072
2073
2071
2072
2078
2078
2076
2085
2087
2092
2093
2092
2088
2091
2094
2090
2092
2088
2088
2088
2100
2099
2094
2094
2097
2101
2097
2101
2098
2098
2100
2104
2100
2102
2099
2100
2101
2097
2106
2107
2103
2100
2105
2105
2110
2110
2112
2107
2105
2104
2106
2109
2105
2106
2101
2100
2100
2099
2098
2106
2105
2104
2099
2096
2102
2098
2098
2106
2099
2097
2098
2100
2098
2093
2093
2088
2095
2089
2096
2092
2095
2094
2092
2092
2090
2092
2090
2093
2084
2089
2084
2081
2078
2082
2083
2081
2079
2078
2072
2073
2078
2078
2075
2075
2075
2068
2072
2074
2080
2080
2079
2080
2075
2072
2079
2080
2078
2078
2082
2083
2084
2087
2085
2086
2084
2083
2088
2089
2085
2091
2092
2094
2095
2104
2101
2180
2162
2162
2156
2128
2125
2109
2114
2107
2091
2094
2084
2090
2082
2080
2064
2079
2079
2071
2070
2081
2072
2092
2108
2106
2118
2119
2134
2145
2162
2168
2164
2177
2191
2188
2185
2185
2189
2177
2179
2172
2174
2164
2133
2128
2107
2083
2080
2059
2042
2032
2017
1996
1975
1977
1953
1951
1934
1928
1933
1927
1924
1926
1923
1917
1925
1942
1956
1964
1974
2001
2018
2032
2068
2082
2098
2126
2142
2167
2179
2190
2210
2228
2238
2253
2266
2277
2274
2277
2264
2266
2255
2244
2226
2213
2196
2186
2171
2150
2125
2105
2090
2081
2058
2047
2029
2003
1973
1965
1957
1958
1950
1934
1928
1928
1915
1922
1924
1918
1929
1926
1948
1948
1956
1984
1983
2003
2017
1967
1968
2006
2060
2125
2161
2224
2264
2276
2267
2190
2109
2041
1958
1885
1826
1787
1792
1829
1885
2001
2098
2201
2284
2338
2383
2361
2328
2276
2182
2126
2084
2040
2015
2004
2013
2036
2046
2059
2073
2036
2012
1964
1925
1876
1866
1903
1919
1984
2071
2162
2232
2292
2327
2334
2324
2254
2177
2101
2029
1977
1915
1902
1907
1939
2015
2105
2167
2248
2287
2317
2311
2282
2210
2132
2040
1966
1893
1840
1837
1848
1882
1930
1995
2079
2153
2217
2257
2261
2253
2212
2160
2088
2021
1978
1916
1889
1897
1906
1938
2000
2072
2134
2195
2238
2257
2263
2258
2207
2165
2118
2054
1982
1972
1985
2015
2054
2115
2184
2250
2321
2332
2344
2317
2256
2192
2123
2042
2037
1975
1944
1930
1926
1976
2085
2161
2148
2136
2184
2186
2134
2108
2154
2160
2120
2094
2072
2008
1971
1989
2018
2043
2067
2083
2078
2049
2019
1981
1928
1871
1837
1868
1944
2044
2123
2194
2240
2248
2229
2164
2027
1912
1903
1946
1989
2075
2238
2346
2298
2175
2107
2000
1836
1746
1821
1940
1997
2006
2073
2122
2052
1970
1986
2052
2074
2082
2143
2209
2216
2145
2102
2119
2188
2229
2249
2254
2227
2139
2023
1941
1909
1968
2084
2164
2164
2133
2081
1999
1927
1900
1905
1972
2091
2216
2247
2198
2107
2004
1936
1938
1987
2055
2140
2231
2257
2218
2136
2047
1962
1938
1974
2034
2096
2148
2186
2188
2156
2134
2170
2218
2198
2117
2066
2052
2015
1975
2103
1908
1842
2032
2243
2207
2018
1875
1853
1890
1962
2056
2117
2133
2211
2246
2135
1967
1964
2097
2157
2104
2091
2124
2088
1990
1960
2046
2198
2328
2372
2252
2063
1968
1979
1994
2072
2186
2221
2229
2220
2141
2078
2145
2196
2184
2149
2073
2017
1998
1981
1974
2107
2269
2270
2186
2168
2088
1954
1842
1784
1836
2049
2301
2410
2334
2138
1991
1935
1869
1895
2036
2108
2094
2170
2177
1992
1874
1958
2090
2196
2269
2260
2289
2319
2223
2054
1994
1886
1775
1900
2057
1950
1909
2141
2232
2148
2117
2119
2047
2088
2235
2232
2089
2088
2139
2023
1855
1889
1981
1995
2028
2018
1860
1833
2015
2161
2171
2125
2081
2025
2020
2094
2156
2175
2120
2094
2120
1968
1863
1929
2108
2263
2228
2025
1861
1921
2070
2139
2162
2216
2196
2018
1868
1991
2268
2405
2228
1995
1938
2040
2161
2140
1975
1817
1796
1932
2182
2374
2359
2184
2060
2088
2148
2107
2030
2033
2144
2212
2173
2055
1974
1913
2022
2265
2402
2256
2023
1959
1924
1859
1890
2055
2288
2442
2384
2158
2020
2087
2097
1881
1697
1821
2047
2149
2140
2159
2196
2227
2228
2139
1921
1812
1952
2168
2179
2016
1909
1966
2176
2347
2320
2171
2081
1918
1638
1570
1865
2265
2406
2314
2205
2208
2308
2267
2125
2074
2149
1970
1663
1611
1875
2168
2389
2411
2254
2048
1850
1738
1904
2230
2352
2158
1930
1958
2076
2146
2230
2404
2382
2042
1680
1682
2015
2403
2535
1930
1963
2050
2032
1950
2006
2213
2359
2288
2064
1871
1860
2022
2248
2412
2363
2163
2046
2167
2388
2464
2381
2280
2158
1936
1749
1840
2200
2502
2473
2156
1814
1771
2076
2450
2540
2309
2040
1973
2047
2140
2185
2126
1973
1841
1871
2113
2349
2353
2104
1836
1681
1737
2023
2308
2295
2092
1993
2040
2070
2068
2102
2146
2107
2013
1964
1962
1992
2124
2296
2215
1926
1855
2017
2011
1888
1952
2081
1964
1718
1774
2119
2387
2367
2190
2050
2095
2303
2395
2170
1900
1947
2100
1996
1794
1924
2254
2293
2081
1991
2049
2095
2141
2221
2228
2146
2037
1981
2066
2290
2417
2215
1955
2076
2383
2401
2208
2005
1901
1854
1948
2216
2420
2336
2130
2087
2138
2008
2145
1960
1952
2198
2347
2368
2306
2244
2124
1964
1948
2143
2358
2391
2165
1786
1615
1778
2162
2486
2494
2220
1893
1760
1957
2220
2303
2190
2015
1960
2105
2264
2269
2128
1902
1799
1952
2122
2129
2016
1966
2060
2202
2196
2086
1978
1959
1977
2000
2084
2221
2302
2301
2176
1957
1801
1806
2003
2343
2490
2249
1860
1707
1907
2210
2384
2360
2268
2161
2015
1896
1896
2064
2225
2184
1908
1623
1643
2099
2709
2886
2407
1809
1666
1951
2276
2374
2288
2107
1887
1702
1700
1912
2177
2323
2294
2072
1851
1892
2168
2422
2482
2260
1924
1821
2041
2307
2325
2036
1749
1755
1968
2245
2564
2695
2339
1684
1348
1720
2391
2646
2345
1854
1574
1618
1917
2336
2585
1744
1677
2036
2485
2584
2227
1720
1579
1933
2484
2804
2600
1950
1432
1476
1956
2445
2599
2336
1876
1690
1925
2338
2597
2436
1887
1456
1492
2031
2778
3150
2864
2212
1694
1614
1938
2268
2352
2158
1981
2030
2294
2525
2464
2196
1846
1661
1740
2098
2416
2574
2504
2249
1892
1703
1908
2316
2538
2407
2031
1693
1648
2001
2455
2703
2520
1960
1352
1228
1669
2285
2616
2409
1814
1415
1633
2361
2891
2768
2082
1489
1421
1832
2415
2699
2425
1876
1412
1378
1851
2545
2894
2640
1875
1160
1179
1930
2701
2842
2168
1344
1134
1732
2673
3203
2957
2206
1498
1224
1474
2023
2493
2539
2192
1834
1816
2259
2705
2632
2132
1715
1599
1763
1977
2103
2158
2133
2097
1313
1590
2320
2820
2633
1910
1294
1226
1892
2795
3200
2750
1793
1022
877
1379
2174
2763
2850
2524
2008
1650
1660
1904
2024
1819
1610
1810
2438
3037
3254
2724
1803
1115
1102
1792
2752
3388
3257
2350
1329
819
1232
2390
3368
3468
2574
1339
614
902
2005
3151
3571
3069
2028
1207
1177
2000
3016
3428
2859
1618
535
534
1667
3040
3762
3465
2391
1168
602
1021
2128
3152
3396
2760
1770
1160
1152
1614
2190
2477
2542
2323
2094
2024
2030
1962
1867
1986
2339
2557
2550
2370
2077
1696
1607
1875
2311
2509
2516
2370
2164
1863
1689
1623
1704
1899
2256
2490
2554
2400
1890
1360
1513
2258
2990
3134
2534
1614
1177
1602
2455
3078
2946
2086
1035
699
2488
2587
2300
1986
1870
1937
2142
2406
2513
2300
1878
1465
1278
1371
1726
2184
2479
2442
2134
1778
1608
1862
2484
3060
3052
2460
1658
1051
891
1337
2198
2972
3180
2848
2307
1804
1485
1484
1763
2063
2226
2293
2299
2138
1944
1906
1980
1907
1772
1848
2162
2442
2569
2616
2539
2246
1887
1768
1966
2234
2408
2450
2277
1903
1632
1736
2092
2369
2490
2516
2340
1908
1604
1732
2076
2152
2062
2096
2272
2438
2644
2832
2749
2165
1296
695
800
1581
2610
3357
3456
2920
2050
1288
1102
1598
2364
2756
2621
2198
1688
1343
1520
2294
3177
3465
2909
1879
984
620
897
1701
2720
3500
3547
2757
1616
794
750
1472
2508
3240
3236
2449
1334
624
789
1771
4095
3464
2717
2041
1592
1397
1510
1908
2429
2889
3154
3191
2992
2553
1934
1250
735
586
868
1452
1992
2238
2102
1804
1603
1725
2220
3026
4016
4095
4095
4095
4095
3221
1305
3
2
2
1
2
424
2117
3530
4095
4027
3053
1601
125
0
1
22
1588
3770
4095
4095
4095
4095
4095
2618
833
1
1
1
306
1365
2313
2816
2699
1989
945
1
3
0
48
1147
2461
3582
4095
4095
4095
4095
4095
4001
3789
3632
3433
3021
2290
1316
319
1
1
1
93
620
1047
1308
1400
1281
1016
715
612
1028
2076
3658
4095
4095
4095
4095
4095
4095
3090
1658
692
216
226
619
1124
1396
1191
499
3
4
0
1
1152
3141
4095
150
940
1810
2652
3445
4095
4095
4095
4095
4095
4095
4095
4095
4095
4095
4095
4095
4095
4053
2671
1137
3
4
3
3
4
2
3
5
2
2
2
2
1
745
2189
3606
4095
4095
4095
4095
4095
4095
4095
4095
4095
4095
4095
4095
4095
3813
2499
1159
1
0
3
2
2
3
1
2
2
2
3
3
2
8
1136
2451
3685
4095
4095
4095
4095
4095
4095
4095
4095
4095
4095
4095
4095
4095
3431
2558
1727
942
188
2
1
3
4
4
3
2
5
2
0
2
1
1
642
1500
2344
3124
3832
4095
4095
4095
4095
4095
4095
4095
4095
4095
4026
3443
2864
2320
1814
1365
1025
802
687
709
843
1076
1384
2675
3376
4095
4095
4095
4095
4095
4095
4095
4095
4095
4095
4095
4095
4095
4095
4095
4095
4095
4095
4095
4095
4095
4095
4095
4095
4095
4095
4095
4095
4095
4095
4095
4095
4095
3752
3234
2739
2260
1810
1373
1002
616
304
20
0
2
2
2
1
1
2
2
1
1
3
4
0
1
4
3
3
1
3
2
2
4
2
1
3
2
1
3
3
2
4
4
3
166
480
792
1096
1372
1628
1910
2179
2433
2673
2887
3098
3301
3477
3637
3801
3932
4060
4095
4095
4095
4095
4095
4095
4095
4095
4095
4095
4095
4095
4095
4095
4095
4095
4095
4095
4095
4095
4095
4095
4095
4095
4095
4095
4095
4095
4095
4095
4095
4095
