2080
2063
2086
2110
2089
2108
2094
2089
2087
2094
2093
2072
2127
2089
2106
2105
2097
2083
2080
2096
2113
2074
2090
2098
2076
2111
2142
2128
2116
2116
2107
2127
2124
2084
2092
2140
2126
2132
2152
2136
2117
2133
2152
2185
2161
2145
2172
2163
2157
2156
2169
2143
2182
2169
2164
2155
2147
2179
2200
2209
2196
2212
2165
2206
2182
2215
2208
2184
2182
2199
2176
2188
2161
2179
2150
2191
2152
2194
2184
2185
2190
2173
2204
2182
2172
2174
2160
2163
2129
2134
2156
2146
2134
2142
2123
2099
2137
2142
2141
2129
2144
2156
2145
2138
2169
2111
2118
2118
2107
2096
2120
2095
2083
2083
2087
2100
2097
2078
2054
2081
2093
2062
2056
2079
2046
2077
2068
2044
2176
2154
2170
2193
2164
2107
2118
2092
2056
2048
2062
2015
2010
1997
1970
1931
1904
1898
1890
1881
1864
1878
1856
1842
1864
1865
1860
1902
1866
1881
1954
1991
2024
2073
2090
2134
2140
2203
2235
2258
2320
2326
2356
2364
2370
2360
2362
2359
2342
2353
2329
2325
2323
2296
2262
2268
2273
2266
2247
2240
2228
2201
2206
2152
2139
2168
2142
2123
2122
2112
2124
2113
2100
2094
2074
2085
2057
2038
1977
1968
1952
1925
1907
1885
1854
1927
1926
1884
1875
1910
1900
1926
1952
1959
1992
2013
2023
2060
2099
2081
2091
2125
2145
2137
2124
2148
2161
2150
2142
2135
2153
2153
2154
2172
2166
2168
2190
2173
2176
2162
2166
2146
2122
2127
2046
2016
1993
1959
2049
2128
2200
2257
2343
2399
2403
2419
2366
2325
2254
2179
2096
2053
1982
1928
1951
1954
1969
1995
2076
2108
2127
2147
2179
2219
2245
2237
2218
2256
2252
2260
2206
2213
2126
2060
1972
1886
1884
1833
1861
1895
1940
2023
2107
2156
2170
2108
2101
2076
2032
2032
2029
2078
2113
2139
2192
2188
2149
2112
2039
2021
1936
1864
1784
1783
1765
1799
1818
1961
1996
2094
2207
2303
2367
2406
2323
2235
2105
1976
1879
1806
1815
1832
1902
2000
2142
2246
2306
2325
2276
2213
2132
2020
1992
1954
1927
1950
2008
2062
2113
2104
2069
2016
2004
1906
1876
1821
1900
1954
2008
2088
2202
2236
2244
2225
2204
2092
1994
1974
1934
1939
1957
1990
2080
2119
2181
2224
1946
1874
1732
1648
1706
1935
2109
2206
2265
2418
2539
2616
2535
2362
2199
2024
1908
1801
1758
1812
1899
2036
2123
2160
2127
2130
2267
2362
2372
2300
2271
2198
2172
2135
2126
2099
2108
2217
2228
2165
2081
2123
2234
2223
2074
1801
1591
1654
1811
1980
2104
2200
2179
2152
2112
2086
2199
2267
2278
2092
1911
1963
2075
2206
2223
2192
2111
2102
2200
2200
2110
1988
1918
1920
1994
2016
2073
2098
2167
2226
2315
2327
2264
2040
1929
1858
1941
2063
2049
2057
2069
2080
2134
2241
2294
2224
2136
2045
2037
1986
1888
1837
1753
1820
2006
2184
2425
2487
2457
2328
2120
1888
1730
1681
1719
1799
1946
2207
2405
2533
2582
2474
2335
2230
2220
2187
2028
1770
2326
2317
2190
2068
2068
2062
2074
2055
2064
2101
2256
2399
2397
2246
1951
1797
1799
2028
2189
2182
2057
1963
1931
1963
2088
2204
2222
2312
2264
2208
2079
1893
1711
1754
1818
1872
1988
1968
1878
1758
1780
1909
2108
2266
2340
2310
2265
2256
2218
2147
2083
2077
2128
2098
2108
2074
2042
2021
2019
2040
2060
2116
2269
2470
2505
2370
2207
2095
2038
1933
1951
1934
2074
2249
2310
2217
2171
2226
2348
2405
2354
2265
2058
1842
1671
1622
1830
2208
2502
2568
2454
2298
2199
2155
2094
2086
1939
1760
1660
1742
1953
2195
2272
2110
1922
1836
1903
1956
2011
2044
2062
2079
2070
2149
2206
2279
2181
2035
2024
2066
2152
2215
2206
2110
1973
1893
1887
1952
2355
2580
2581
2524
2232
2078
1898
1866
1869
1942
2091
2204
2272
2314
2315
2286
2094
1949
1852
1884
1920
2062
2128
2212
2213
2169
2154
2066
1983
1950
1997
2011
2081
2139
2151
2154
2142
2125
2150
2120
2103
2092
2027
1982
1864
1855
1873
1889
1988
2064
2204
2239
2228
2264
2202
2129
2085
2064
2004
2115
2151
2088
2105
2133
2069
2017
1950
1987
2012
2118
2195
2231
2204
2117
2063
2025
1980
1974
2054
2114
2196
2216
2186
2062
1921
1896
1784
1807
1902
2075
2261
2420
2409
2371
2302
2255
2169
2116
2058
2096
2080
2058
2060
2031
2020
1974
1981
2008
2059
2086
2130
2164
2168
2107
2110
2065
2156
2182
2206
2158
2079
2023
1825
1774
1800
1911
2040
2278
2281
2444
2586
2504
2150
1908
1800
1697
1601
1668
1776
2006
2141
2153
2098
1880
1751
1737
1786
1757
1830
2104
2349
2493
2470
2371
2207
1989
1894
1926
1952
1982
2007
2028
2012
2086
2174
2227
2236
2085
1880
1899
1992
2140
2310
2418
2464
2461
2390
2261
2175
2072
2038
1986
2043
2073
2121
2200
2282
2393
2305
2131
2034
2028
2076
2036
1984
1960
1867
1856
1820
1779
1728
1823
1944
1983
1942
1816
1796
1952
2063
2137
2179
2306
2337
2404
2359
2162
1992
1895
1938
1937
1932
1953
2043
2179
2319
2339
2180
2106
2102
2093
1933
1776
1924
2116
2151
2185
2220
2300
2271
2347
2311
2130
1915
1915
1967
2032
1932
1980
2124
2204
2067
2016
1948
1894
1949
2219
2526
2350
2222
1992
1896
1832
1832
1856
1918
1909
1894
1921
1868
1922
2125
2369
2572
2624
2543
2338
2081
1736
1516
1541
1727
2074
2438
2712
2748
2514
2208
1838
1558
1446
1551
1766
2085
2256
2268
2186
1991
1855
1868
1885
1970
2116
2199
2120
2141
2000
1970
1986
1995
1955
1924
2084
2176
2274
2338
2258
2214
2097
1958
1916
1867
1984
2148
2307
2420
2320
2186
2022
1936
1958
1958
2055
2078
2203
2279
2292
2200
2065
1854
1746
1656
1852
2113
2415
2651
2701
2619
2433
2167
1927
1740
1705
1798
1969
2209
2437
2512
2497
2382
2158
2036
2024
2056
2109
2107
2050
2021
1949
1922
1956
2080
2062
1999
1929
1974
2124
2307
2452
2397
2275
2052
1800
1586
1568
1891
1970
2012
2327
2758
2920
2654
2265
2002
1715
1254
935
986
1245
1628
1997
2406
2729
2915
2890
2432
1762
1420
1684
2006
2028
1928
2127
2540
2800
2833
2649
2462
2392
2350
2096
1845
1994
2342
2391
1969
1655
1795
1977
2008
2014
2180
2288
2357
2578
2865
2776
2368
2028
1757
1465
1198
1316
1718
2104
2338
2265
2353
2513
2510
2111
1701
1607
1817
2234
2464
2744
2950
3022
2836
2668
2303
1860
1335
1028
1288
1954
2402
2450
2271
2260
2154
1962
1710
1553
1519
1561
1877
2332
2799
3042
3021
2941
2598
2162
1822
1449
1281
1509
2019
2464
2598
2534
2243
1825
1490
1354
1409
1556
1895
2384
2745
2825
2652
2381
2051
1666
1250
1162
1392
1848
2288
2572
2484
2406
2216
1908
1681
1681
1932
2356
2749
2955
3070
3110
3088
2829
2475
1940
1556
1307
1393
1647
1917
2162
2382
2580
2696
2733
2699
2619
2399
2100
1766
1621
1759
2034
2390
2684
2799
2643
2583
2514
2413
2247
2191
2257
2276
2186
1996
1720
1592
1598
1541
1520
1610
1617
1493
1101
722
628
958
1685
2364
2748
2982
3064
2906
2552
2220
2084
2256
2474
2608
2540
2330
2144
1902
1568
1248
1206
1355
1592
1784
1854
1854
1936
2038
2028
1895
1561
1336
1472
2097
3033
3824
4018
3512
2477
1512
1052
1091
1346
1596
1727
1817
1936
2155
2403
2495
2461
2359
2376
2568
2723
2697
2254
1794
1554
1780
2367
2959
3119
2833
2340
1793
1482
1592
1953
2306
2270
2369
1985
1620
1405
1354
1393
1488
1825
2262
2795
3268
3450
3195
2597
1823
1061
586
543
893
1555
2325
2964
3184
3004
2470
1912
1482
1261
1204
1283
1458
1830
2314
2970
3500
3710
3417
2730
1955
1242
860
853
1277
1985
2767
3427
3658
3353
2610
1706
900
413
349
742
1471
2399
3234
3724
3864
3634
3196
2619
1952
1289
790
571
781
1277
1986
2638
3168
3452
3448
3088
2413
1729
1236
1099
1242
1584
1943
2258
2529
2712
2774
2575
2254
1836
1598
1539
1591
1761
2093
2494
3015
3381
3416
3072
2309
1528
815
309
207
525
1298
2380
3309
3823
3665
3052
2348
1779
1480
1258
1262
1499
1919
2357
2522
2385
2020
1719
1587
1598
1612
1486
1428
1489
2003
2238
2352
2467
2593
2511
2169
1624
1231
1342
1993
3002
3898
4095
4095
3573
2814
2146
1728
1461
1282
1223
1359
1644
2056
2418
2455
2189
1668
1187
994
1152
1801
2636
3250
3416
3119
2510
1850
1437
1240
1192
1308
1715
2381
3175
3812
3910
3280
2171
1056
509
817
1693
2706
3486
4015
4095
4095
4095
3403
1984
480
2
2
3
674
1772
2501
2698
2435
1943
1463
1118
1081
1535
2431
3547
4095
4095
4095
3465
2001
523
3
3
1
1
490
1809
2933
3528
3446
2878
2181
1670
1536
1751
2234
2839
3375
3612
3337
2582
1440
279
2
3
380
1504
2518
3079
3102
2879
2511
2050
1489
953
621
708
1346
2330
3174
3547
3262
2516
1535
726
2388
1180
171
0
3
1
216
1153
2232
3254
4095
4095
4095
4095
4095
3153
1940
737
2
3
0
2
2
1
890
2371
3818
4095
4095
4095
4095
4095
4095
3152
1674
380
1
0
2
2
28
956
2120
3250
4095
4095
4095
4095
4079
3120
1906
626
1
3
2
2
3
230
1543
2962
4095
4095
4095
4095
4095
4095
4044
3041
1963
954
88
2
0
2
1
512
1671
2935
4064
4095
4095
4095
4095
3098
1870
677
1
2
2
3
3
1
858
2062
3235
4095
4095
4095
4095
4095
4095
3788
2727
1753
983
548
436
659
1124
1671
2224
2680
2972
3057
2935
2654
2275
1831
1395
1016
791
784
967
1424
2040
2732
3409
3999
4095
4095
4095
4095
4095
4095
4095
4095
4095
4095
4095
3042
1733
444
2
1
1
3
2
3
2
4
2
3
1
2
11
1136
2401
3592
4095
4095
4095
4095
4095
4095
4095
4095
4095
4095
4095
4095
4095
4095
3248
2033
772
2
2
2
2
1
1
3
1
1
2
4
1
665
2076
3404
4095
4095
4095
4095
4095
4095
4095
4095
4095
4095
4095
4095
4095
4095
4095
4095
4095
3768
2616
1412
199
2
1
3
3
2
2
1
2
1
0
1
2
1
2
2
1
2
2
329
1391
2431
3407
4095
4095
4095
4095
4095
4095
4095
4095
4095
4095
4095
4095
4095
4095
3706
2840
2024
1280
648
161
1
0
1
1
1
0
2
2
1
3
1
2
1
1
0
1
2
1
2
38
627
1292
1935
2556
3138
3658
4095
4095
4095
4095
4095
4095
4095
4095
4095
4095
4095
4095
4095
4095
4095
4095
4095
4095
4095
4095
4095
4095
4095
4095
4095
3752
3249
2720
2150
1616
1065
550
22
2
3
1
5
3
2
2
2
2
4
3
3
1
3
0
2
1
1
2
3
1
1
4
0
90
592
1120
1646
2149
2622
3094
3531
3936
4095
4095
4095
4095
4095
4095
4095
4095
4095
4095
4095
4095
4095
4095
4095
4095
4095
4095
4095
4095
4095
4095
4095
4095
4095
4095
4095
4095
3800
3123
2456
1766
1112
488
1
2
2
2
1
