2067
2117
2064
2000
2040
2108
2084
2086
2118
2092
2057
2102
2136
2082
2115
2061
2060
2085
2058
2052
2051
2113
2144
2067
2110
2144
2090
2004
2067
2078
2136
2132
2109
2129
2096
2106
2138
2115
2090
2091
2099
2051
2046
2150
2097
2113
2081
2078
2114
2104
2105
2074
2101
2062
2105
2083
2112
2136
2144
2100
2130
2098
2084
2141
2150
2135
2118
2079
2073
2104
2092
2067
2110
2088
2088
2102
2131
2088
2086
2070
2050
2118
2077
2122
2101
2083
2045
2121
2088
2064
2134
2118
2108
2144
2058
2063
2067
2056
2082
2065
2062
2085
2090
2068
2084
2098
2127
2064
2114
2027
2093
2099
2090
2096
2072
2069
2087
2113
2109
2092
2163
2174
2113
2070
2056
2058
2108
2130
2104
2165
2081
2061
2023
2097
2110
2097
2071
2105
2103
2097
2064
2097
2047
2047
2040
2048
2129
2080
2060
2022
2065
2100
2104
2106
2084
2132
2079
2130
2119
2083
2080
2095
2078
2070
2080
2105
2060
2152
2167
2082
2098
2042
2072
2005
2112
2108
2133
2132
2118
2085
2094
2106
2094
2126
2117
2117
2094
2118
2094
2084
2074
2092
2083
2058
2120
2107
2101
2118
2059
2092
2093
2072
2089
2075
2083
2108
2104
2042
2120
2146
2137
2109
2096
2056
2043
2029
2078
1999
2031
2042
2034
2019
2091
2083
2088
2115
2146
2141
2152
2110
2045
2078
2087
2075
2104
2087
2088
2108
2071
2109
2117
2100
2141
2088
2117
2149
2107
2040
2116
2153
2142
2176
2113
2143
2115
2125
2122
2162
2124
2127
2122
2126
2130
2119
2139
2140
2183
2175
2173
2143
2151
2178
2176
2210
2216
2180
2189
2209
2212
2223
2236
2178
2191
2189
2210
2204
2185
2172
2180
2163
2161
2144
2144
2098
2088
2086
2085
2057
2037
2006
2039
2014
1994
1990
1989
1996
1946
1971
1982
2025
1986
1920
1930
1969
1968
2004
1951
2046
2018
2011
2040
2011
2082
2046
2054
2034
2103
2054
2093
2060
2057
2078
2068
2105
2066
2088
2091
2085
2093
2076
1987
2032
2034
2052
2094
2063
2070
2056
2014
2024
2077
2101
2037
2091
2091
2125
2098
2115
2152
2143
2131
2184
2173
2115
2132
2163
2188
2191
2178
2187
2163
2192
2182
2225
2241
2202
2187
2148
2154
2132
2114
2097
2141
2152
2036
1989
1932
1936
1924
1953
1950
2039
2090
2126
2215
2216
2259
2252
2272
2238
2160
2118
2104
2027
1993
1988
1925
1919
1939
1857
1938
1982
1956
2041
2138
2169
2192
2254
2279
2271
2191
2196
2161
2147
2076
2043
2054
1941
1968
1968
2030
2011
2001
2070
2076
2156
2165
2147
2100
2085
2119
2076
2099
2070
2024
1954
1976
2024
1977
1929
1996
2060
2092
2006
2054
2070
2044
2040
2083
2077
2121
2030
2153
2210
2285
2268
2348
2320
2213
2217
2119
2011
1919
1875
1920
1913
1986
2050
2086
2196
2281
2300
2374
2402
2378
2341
2283
2188
2023
1967
1878
1870
1829
1870
1888
1915
1978
2043
2073
2152
2211
2277
2313
2246
2256
2189
2117
2118
2161
2112
2092
2091
2174
2044
2114
2068
2090
2036
2043
2036
2036
1986
2028
2179
2354
2486
2376
2179
2016
1925
1880
1844
1822
1978
2078
2097
2162
2192
2212
2143
2014
1924
1928
1945
1968
2034
2140
2170
2221
2286
2213
2048
1859
1912
2018
2159
2150
2149
2164
2218
2267
2293
2312
2297
2158
2117
2135
2138
2136
2044
2066
2162
2122
2006
1911
1939
2058
2080
2064
2118
2142
2165
2103
2111
2035
1984
1928
1910
2009
2144
2179
2241
2311
2267
2257
2240
2251
2203
2069
2030
1995
1972
2028
2068
2062
1993
2062
2145
2134
2090
1971
1869
1829
1900
2017
2039
2075
2133
2151
2082
2040
2017
2089
2065
1980
2071
2136
2094
2067
2071
2133
2089
2079
2052
2074
2051
1955
2000
2054
2105
2159
2182
2161
2100
2092
1998
1903
1971
2124
2234
2263
2221
2238
2306
2225
2101
1962
1934
2050
2140
2145
2169
2139
2192
2227
2143
2095
2115
2125
2102
2092
2069
2000
2013
2002
1955
2019
2092
2190
2252
2232
2163
2147
2208
2314
2428
2273
2160
2081
2101
2148
2053
1986
2083
2144
2184
2141
2102
2040
1963
2038
2150
2225
2265
2219
2164
1991
1825
1856
1969
1887
1815
1893
2048
2100
2064
2055
2064
2035
1951
1983
2135
2278
2201
2188
2178
2097
1988
1846
1850
1998
2136
2286
2398
2318
2150
2069
2031
1959
1892
2025
2235
2206
2128
2091
2044
1978
1894
1929
1997
2248
2351
2227
2071
2015
1930
1911
1930
2064
2304
2289
2193
2083
2067
2040
1918
2046
2098
2231
2299
2368
2295
2141
1948
1882
1900
1967
2078
2124
2018
1937
1982
2081
2241
2390
2364
2244
2072
1887
1766
1886
2046
2291
2421
2366
2269
2016
1884
1895
1953
2076
2172
2205
2168
2058
2090
2125
2208
2325
2275
2186
2036
1985
1994
2068
2172
2286
2252
2032
1716
1556
1564
1779
2117
2413
2383
2171
1811
1663
1882
2255
2612
2654
2333
1882
1588
1491
1645
1875
2048
2214
2220
2209
2090
2077
2201
2350
2383
2213
1956
1754
1766
1907
2306
2466
2340
2128
1820
1760
1894
2116
2290
2337
2158
2075
1915
1859
1986
2117
2247
2336
2246
2080
1859
1786
1925
2150
2283
2388
2301
2186
1968
1972
2057
2288
2403
2427
2359
2179
2100
1966
1933
2028
2140
2198
2129
2029
1992
2078
2176
2111
2029
2046
2147
2181
2188
2134
2278
2257
2034
1923
2137
2507
2601
2331
1903
1817
2137
2454
2409
2024
1728
1774
2200
2486
2518
2271
1982
1772
1791
2012
2161
2284
2195
1977
1845
1944
2133
2157
2113
1935
1807
1773
2019
2326
2458
2270
2029
1892
1929
2044
2165
2288
2254
2042
1872
1833
1948
2104
2146
2152
2076
2059
2144
2171
2099
1982
1914
1985
2064
2182
2129
2066
1944
1954
2022
2213
2352
2338
2211
1980
1816
1824
2097
2369
2441
2320
2062
1912
1884
2098
2298
2334
2230
2018
1972
2065
2183
2267
2175
2024
1840
1880
1996
2158
2216
2100
1943
1884
2001
2235
2348
2302
2107
1853
1657
1648
1867
2145
2418
2525
2466
2280
1938
1840
1958
2171
2155
2219
2345
2363
2308
2201
2084
1924
1864
1954
2013
2192
2436
2396
2146
2102
2051
1988
2060
2116
2044
1879
1906
1944
2044
2179
2222
2226
2212
2112
1940
1870
2003
2151
2294
2313
2143
1935
1829
1875
2061
2397
2478
2306
1994
1718
1603
1818
2246
2460
2446
2251
2005
1902
2032
2263
2258
2037
1823
1783
1986
2296
2472
2459
2186
1882
1762
1915
2157
2332
2295
2100
1956
1936
2076
2246
2405
2326
2101
1964
2063
2204
2317
2280
2173
2090
2050
2030
2075
2185
2154
2152
2174
2411
2496
2280
2003
1847
1783
1947
2146
2206
2152
1985
1873
1852
2053
2203
2230
2147
2108
2013
1864
1872
2036
2063
1865
1700
1873
2176
2376
2235
2144
2069
1984
2348
2128
2003
2140
2450
2333
2064
1890
1796
1774
1836
1893
1882
1998
2030
1979
2098
2285
2306
2216
2102
1913
1746
1761
1970
2339
2601
2493
2225
2009
1828
1717
1753
1983
2286
2388
2243
2279
2383
2278
2138
2122
2062
2024
1917
1732
1683
1792
2049
2300
2264
2132
1940
1814
1895
2075
2128
2020
1981
1926
2085
2225
2210
2112
1971
1926
2021
2208
2426
2599
2536
2279
1942
1775
1852
2049
2231
2255
2042
1970
2008
2026
2162
2268
2145
2006
2039
1992
2068
2166
2178
1997
1802
1630
1720
2115
2560
2745
2555
2083
1658
1637
1845
2152
2374
2388
2269
2081
1975
1967
2035
2108
2247
2365
2451
2384
2198
2080
1963
1888
1928
2062
2243
2246
2189
2187
2107
1982
2560
3026
2913
2439
2040
1793
1559
1382
1693
2471
2979
2859
2336
1696
1194
1232
1898
2786
3038
2504
1776
1277
1198
1552
2386
3098
3070
2419
1920
1876
1799
1614
1766
2259
2510
2313
2024
1832
1761
1938
2559
3187
3206
2543
1691
1094
827
1127
2106
3004
3104
2510
1948
1746
1740
1904
2319
2626
2507
2241
2123
1996
1806
1859
2217
2471
2238
2001
1885
1816
1696
1863
2327
2722
2829
2747
2514
2118
1825
1757
1683
1441
1510
2101
2634
2620
2312
2077
2048
2356
2732
2614
1846
1056
840
1320
2158
2794
2858
2471
2103
1946
2035
2114
2125
2295
2542
2615
2236
1428
766
1001
1931
2666
2622
1922
1409
1713
2527
3023
3191
3223
2950
2310
1680
1188
934
1276
3116
2645
1906
1466
1522
1920
2437
2847
2872
2558
2046
1635
1546
1730
2072
2307
2312
2080
1731
1517
1634
2071
2598
2989
3054
2735
2172
1603
1262
1315
1847
2599
3203
3327
2734
1595
509
173
901
2345
3816
4095
4070
2697
1033
23
176
1290
2803
3906
3986
3120
1893
1001
820
1266
2091
2764
2976
2640
2204
1886
1696
1658
1723
1904
2224
2548
2584
2142
1713
1672
1976
2384
2721
2813
2474
1817
1207
1056
1434
1988
2388
2522
2513
2498
2434
2373
2309
2166
1832
1484
1363
1546
1873
2149
2434
2639
2475
1862
1156
981
1613
2816
3941
4095
3576
2032
495
0
130
1177
2481
3536
4044
3841
3013
1816
774
295
527
1290
2195
2784
2825
2424
1952
1711
4095
4095
3625
1740
276
1
7
771
1840
2750
3251
3246
2844
2405
2152
2169
2199
2068
1685
1219
958
1207
1987
2941
3637
3837
3525
2740
1701
754
302
544
1346
2200
2759
2880
2702
2428
2246
2346
2661
2930
2914
2513
1823
1010
356
320
1146
2505
3756
4095
4095
3278
1982
600
2
2
875
2524
3974
4095
4095
3090
1352
2
1
1
1417
3376
4095
4095
3445
1708
206
1
118
1476
3081
3989
3712
2374
827
2
207
1566
3258
4095
4095
2733
774
2
1
778
3054
4095
4095
4095
2466
2
0
1
480
3226
4095
4095
4095
2027
1
1
2
1339
3408
4095
4095
3368
1583
17
2
252
1558
2771
3539
3914
3747
3000
1777
646
611
3
2
0
4
1
2
1
1132
3290
4095
4095
4095
4095
4095
4095
4095
3655
1230
1
1
4
1
3
1
1
1071
3329
4095
4095
4095
4095
4095
4095
3842
2405
1055
1
3
1
1
3
3
245
875
1462
1968
2400
2756
3100
3388
3647
3909
4095
4095
4095
4095
4095
4095
3623
2558
1267
22
2
1
0
2
2
3
545
1314
1943
2391
2663
2771
2736
2633
2538
2428
2442
2556
2845
3243
3739
4095
4095
4095
4095
3477
2422
1123
1
1
1
1
1
2
2
768
2389
3831
4095
4095
4095
4095
3970
2806
1603
553
1
1
1
390
1294
2353
3382
4095
4095
4095
3732
2630
1288
1
1
2
2
0
2
4095
4095
4095
4095
4095
2500
120
1
1
2
2
1
3
1
2
1
1
2
1
0
1
1697
4095
4095
4095
4095
4095
4095
4095
4095
4095
4095
4095
4095
4095
4095
4095
3719
1487
1
3
2
1
2
3
1
2
1
3
2
1
1
3
404
3016
4095
4095
4095
4095
4095
4095
4095
4095
4095
4095
4095
4095
4095
4095
4095
3193
1
2
1
2
3
1
2
1
1
2
1
1
1
1
1
2
2442
4095
4095
4095
4095
4095
4095
4095
4095
4095
4095
4095
4095
4095
4095
4095
3309
2
1
3
3
2
2
0
2
1
4
1
0
1
1
3
0
1438
4095
4095
4095
4095
4095
4095
4095
