2102
2073
2086
2090
2103
2123
2109
2104
2119
2089
2094
2095
2084
2108
2099
2086
2108
2113
2103
2106
2110
2089
2097
2108
2100
2107
2087
2076
2080
2080
2096
2103
2109
2078
2094
2103
2118
2121
2106
2088
2096
2112
2053
2094
2088
2101
2100
2127
2092
2109
2108
2085
2073
2106
2108
2106
2112
2104
2117
2117
2111
2109
2115
2113
2120
2107
2099
2118
2092
2088
2059
2072
2074
2095
2099
2086
2116
2095
2084
2099
2078
2100
2093
2120
2089
2104
2092
2090
2111
2129
2120
2104
2112
2122
2123
2105
2103
2110
2100
2093
2099
2089
2123
2109
2093
2111
2108
2092
2091
2094
2110
2092
2103
2120
2121
2130
2096
2099
2104
2100
2086
2092
2107
2072
2079
2074
2089
2101
2106
2087
2062
2078
2081
2106
2078
2088
2065
2072
2071
2081
2077
2073
2079
2084
2073
2074
2088
2099
2116
2080
2073
2102
2103
2099
2085
2087
2060
2103
2100
2088
2068
2071
2074
2091
2088
2093
2066
2121
2087
2091
2097
2083
2059
2076
2089
2087
2080
2069
2080
2082
2080
2097
2097
2096
2108
2100
2080
2103
2088
2085
2076
2093
2079
2071
2095
2082
2092
2096
2092
2094
2096
2077
2080
2104
2077
2097
2083
2079
2098
2081
2086
2037
2066
2097
2097
2071
2078
2099
2097
2088
2136
2090
2084
2071
2109
2099
2083
2107
2104
2077
2078
2093
2092
2115
2116
2078
2096
2089
2100
2083
2105
2093
2097
2136
2110
2085
2088
2097
2097
2105
2113
2091
2110
2111
2106
2108
2026
2043
2088
2099
2106
2122
2168
2194
2188
2223
2240
2240
2259
2272
2268
2278
2256
2273
2234
2254
2215
2227
2229
2193
2185
2171
2158
2151
2151
2118
2102
2079
2095
2049
2063
2044
2008
2020
2033
2044
2039
2056
2052
2039
2054
2061
2074
2055
2090
2088
2093
2077
2079
2108
2074
2077
2060
2064
2072
2067
2061
2064
2063
2082
2062
2028
1997
2012
2011
1984
1992
1972
1989
2008
1979
1967
1953
1948
1981
1965
1960
1990
2002
2005
2011
2022
2033
2050
2035
2049
2064
2076
2108
2131
2115
2149
2194
2196
2198
2211
2231
2232
2225
2238
2236
2206
2216
2228
2220
2190
2216
2187
2144
2154
2169
2152
2150
2142
2135
2130
2147
2116
2098
2106
2094
2072
2070
2049
2270
2300
2313
2337
2308
2301
2310
2289
2267
2244
2267
2233
2209
2193
2224
2216
2177
2178
2205
2191
2152
2174
2144
2114
2098
2111
2107
2054
2096
2132
2139
2125
2129
2121
2151
2156
2143
2164
2180
2183
2162
2175
2167
2126
2129
2107
2121
2110
2140
2109
2100
2102
2045
2056
2004
1998
2004
1996
1912
1925
1870
1886
1860
1885
1902
1907
1922
1949
1952
1938
1955
1980
1985
1985
2008
2025
2037
2090
2105
2165
2194
2249
2261
2256
2308
2332
2297
2301
2310
2295
2303
2317
2258
2185
2126
2069
1997
2005
1985
1980
1960
1922
1915
1906
1881
1914
1863
1847
1845
1848
1828
1810
1862
1877
1903
1914
1920
1968
1971
1994
2041
2123
2140
2157
2182
2208
2200
2196
2178
2076
2029
1926
1875
1771
1716
1651
1601
1571
1589
1644
1705
1813
1911
2068
2206
2376
2510
2592
2684
2711
2715
2654
2579
2431
2298
2110
2005
1887
1791
1678
1648
1657
1682
1751
1830
1919
1998
2144
2178
2277
2364
2403
2351
2350
2337
2239
2170
2124
2021
1969
1969
1926
1902
1892
1927
1989
2059
2099
2149
2263
2275
2286
2287
2316
2294
2273
2255
2185
2133
2100
2095
2026
1948
1935
1916
1902
1885
1915
1966
2012
2083
2124
2229
2267
2312
2382
2431
2419
2433
2403
2376
2284
2257
2128
2053
1985
1911
1866
1825
1754
1779
1808
1850
1896
1993
2069
2092
2178
2270
2263
2319
2358
2343
2309
2255
2267
2170
2140
2019
1960
1833
1766
1656
1627
1610
1648
2225
2353
2415
2476
2534
2526
2515
2448
2334
2194
2020
1845
1709
1593
1527
1462
1532
1610
1754
1931
2150
2326
2538
2639
2701
2707
2634
2512
2355
2163
1995
1826
1700
1587
1513
1543
1599
1774
1997
2232
2450
2694
2875
2951
2971
2906
2803
2712
2577
2419
2260
2123
2019
1894
1798
1673
1580
1515
1511
1526
1661
1812
2032
2296
2502
2685
2776
2845
2810
2664
2508
2341
2150
1990
1855
1730
1646
1572
1588
1598
1660
1782
1888
2043
2144
2249
2317
2372
2323
2272
2169
2092
1971
1866
1779
1744
1737
1717
1735
1817
1867
1919
2022
2132
2248
2313
2397
2408
2398
2334
2260
2128
1995
1852
1739
1646
1595
1639
1717
1894
2046
2212
2404
2579
2692
2730
2676
2550
1452
1466
1455
1507
1637
1843
2054
2253
2341
2346
2371
2381
2380
2402
2369
2272
2223
2105
2026
1964
1898
1895
1888
1838
1817
1795
1861
1932
2064
2124
2212
2310
2376
2429
2471
2446
2358
2242
2101
2007
1947
1880
1837
1792
1744
1673
1624
1609
1615
1642
1617
1656
1748
1899
2068
2276
2431
2530
2557
2542
2550
2622
2650
2596
2529
2502
2417
2312
2236
2144
2078
1944
1745
1559
1393
1331
1392
1552
1683
1852
1993
2036
2169
2264
2386
2524
2524
2511
2520
2427
2443
2444
2480
2464
2375
2193
1893
1624
1506
1500
1608
1817
1988
2055
2031
1968
1931
1925
2024
2172
2377
2515
2557
2464
2348
2203
2084
2030
1980
1979
2001
1942
1963
1914
1858
1856
1879
1901
1624
1610
1625
1671
1783
1921
2017
2081
2180
2291
2358
2429
2487
2544
2516
2461
2359
2251
2130
2008
1909
1794
1718
1655
1663
1709
1848
2003
2202
2363
2490
2496
2488
2407
2332
2298
2263
2188
2132
2052
2019
2029
2071
2144
2265
2358
2411
2358
2262
2122
1938
1800
1677
1608
1578
1637
1771
1904
2115
2303
2505
2637
2753
2800
2784
2650
2498
2302
2085
1874
1721
1612
1562
1574
1661
1808
1939
2113
2189
2183
2206
2151
2114
2059
1995
1938
1899
1949
1975
2104
2241
2409
2514
2585
2602
2586
2487
2344
2152
1908
1641
1457
1339
1285
1395
1540
1755
1912
2084
2261
2348
2407
2446
2456
2391
2318
2230
2108
2011
1971
1948
1947
1988
2051
2109
2169
2208
2244
976
997
1121
1236
1417
1645
1927
2178
2416
2562
2667
2682
2591
2440
2275
2128
2010
1939
1858
1780
1709
1651
1629
1627
1657
1678
1698
1689
1690
1705
1824
1956
2104
2286
2383
2510
2672
2805
2889
2881
2851
2711
2517
2303
2160
2013
1903
1849
1835
1825
1845
1820
1795
1852
1889
1937
2016
1992
1979
1969
2063
2247
2429
2566
2550
2431
2226
2086
2006
1952
1944
1882
1840
1846
1994
2240
2472
2585
2606
2556
2434
2264
2126
2015
1971
1926
1949
2008
2021
2043
2110
2145
2109
1998
1845
1655
1550
1520
1642
1848
2028
2149
2218
2303
2394
2504
2609
2624
2532
2380
2210
2117
2074
2112
2183
2165
2055
1933
1824
1797
1794
1816
1788
1736
1757
1880
2143
2449
1809
2013
2237
2436
2656
2767
2768
2712
2547
2362
2131
1861
1633
1453
1351
1307
1333
1482
1626
1884
2106
2343
2583
2709
2797
2821
2757
2603
2412
2183
1902
1675
1491
1374
1370
1480
1603
1796
1984
2160
2284
2354
2418
2406
2338
2269
2119
2001
1843
1735
1666
1654
1756
1966
2159
2397
2652
2851
2945
2993
2965
2862
2684
2433
2160
1904
1618
1410
1269
1171
1176
1348
1576
1845
2128
2439
2688
2829
2837
2801
2727
2538
2271
2005
1685
1412
1225
1088
1076
1199
1354
1637
1978
2299
2573
2776
2978
3052
3081
3008
2894
2659
2406
2115
1783
1472
1245
1166
1144
1225
1400
1656
1935
2245
2525
2745
2919
3019
2970
2826
2598
2307
1946
1645
1386
1219
1137
1219
2086
1732
1416
1152
967
824
777
851
1015
1285
1611
1934
2264
2552
2715
2864
2888
2862
2775
2722
2571
2410
2267
2085
1910
1761
1597
1542
1535
1546
1640
1810
2014
2245
2463
2681
2854
2981
3027
2941
2740
2469
2090
1666
1234
829
545
396
386
487
710
1001
1386
1793
2218
2625
2963
3183
3275
3230
3010
2732
2358
2018
1718
1461
1324
1330
1408
1490
1626
1790
1975
2147
2298
2395
2477
2456
2437
2411
2325
2291
2209
2172
2123
2123
2132
2120
2107
2043
2014
1966
1933
1919
1936
1971
2008
2018
2061
2098
2147
2209
2270
2286
2285
2279
2233
2181
2199
2151
2182
2208
2262
2294
2340
2342
2199
1992
1702
1400
1163
1034
1062
1299
1687
2134
2547
2937
1936
1489
1065
723
517
433
560
849
1228
1661
2104
2502
2854
3118
3335
3437
3441
3327
3083
2757
2384
1958
1548
1184
929
816
795
863
913
1002
1167
1440
1779
2208
2669
3015
3223
3271
3199
3022
2859
2693
2546
2343
2075
1758
1396
1153
1003
1018
1172
1395
1687
1989
2261
2492
2713
2871
2994
3022
3030
2959
2830
2657
2429
2197
1958
1739
1534
1400
1283
1136
1022
957
954
1054
1269
1601
1940
2254
2489
2663
2782
2852
2895
2987
3036
3028
2904
2696
2359
1996
1674
1404
1259
1207
1185
1253
1350
1486
1671
1911
2119
2384
2561
2713
2776
2769
2711
2618
2473
2302
2098
1914
1755
1579
1464
1356
1315
1356
1446
1658
1927
2242
2553
2824
3064
3193
2961
3072
3077
2944
2746
2397
1974
1477
980
505
213
80
163
470
965
1616
2336
3064
3665
4095
4095
4095
4095
4095
4095
3712
2996
2188
1321
527
3
2
2
0
2
5
556
1310
2097
2840
3441
4012
4095
4095
4095
4095
4095
4095
3571
2873
2067
1263
543
1
1
0
1
1
1
0
444
1104
1818
2540
3198
3726
4095
4095
4095
4095
3972
3536
2978
2401
1883
1444
1155
991
949
1082
1326
1664
2083
2466
2818
3062
3112
2979
2607
2078
1382
592
0
1
2
1
0
1
271
1358
2511
3597
4095
4095
4095
4095
4095
4095
4095
4095
4095
3482
2256
1064
1
1
0
1
0
1
3
1
1
23
1050
2306
3623
4095
6
1
1
254
876
1530
2186
2841
3432
3906
4095
4095
4095
4095
4084
3791
3452
3088
2748
2416
2078
1738
1372
1061
733
483
310
285
364
609
955
1402
1890
2289
2644
2850
2929
2887
2786
2620
2404
2213
2059
1843
1624
1429
1238
1088
929
861
829
898
1096
1348
1697
2066
2459
2864
3275
3586
3886
4095
4095
4095
4095
4095
4095
4078
3748
3292
2781
2164
1520
899
278
1
0
0
1
0
0
0
0
0
1
221
1044
1921
2798
3608
4095
4095
4095
4095
4095
4095
4095
4095
4095
4095
4095
4095
3910
2874
1774
700
0
0
0
0
0
1
0
1
1
1
0
1
117
1252
2484
3610
4095
4095
4095
4095
4095
4095
7
1064
2557
3992
4095
4095
4095
4095
4095
4095
4095
4095
4095
4095
3668
1920
139
0
0
3
0
0
1
0
1
1
0
1
1151
2761
4095
4095
4095
4095
4095
4095
4095
4095
4095
4095
4095
3975
2875
1723
666
2
1
3
1
0
1
0
1
2
289
1132
1988
2793
3448
4018
4095
4095
4095
4095
4095
4095
4095
4095
4047
3572
3034
2439
1882
1283
679
94
1
0
0
0
0
1
0
0
1
249
906
1603
2315
3024
3709
4095
4095
4095
4095
4095
4095
4095
4095
4095
4095
3460
2666
1818
942
68
0
1
2
0
1
0
0
0
1
0
641
1673
2672
3618
4095
4095
4095
4095
4095
4095
4095
4095
