2081
2072
2085
2099
2103
2085
2110
2107
2088
2101
2094
2105
2103
2108
2118
2107
2104
2104
2110
2107
2092
2089
2106
2096
2102
2080
2086
2068
2106
2100
2083
2083
2083
2102
2095
2087
2091
2081
2096
2091
2096
2092
2096
2099
2113
2088
2081
2101
2077
2083
2085
2079
2084
2080
2091
2098
2087
2103
2090
2093
2099
2096
2084
2082
2088
2106
2097
2097
2098
2107
2109
2099
2096
2092
2089
2093
2101
2097
2100
2094
2106
2106
2075
2087
2093
2100
2100
2096
2087
2084
2095
2100
2093
2107
2110
2118
2088
2088
2089
2115
2093
2104
2099
2095
2088
2082
2089
2098
2086
2089
2104
2095
2089
2089
2092
2081
2085
2097
2104
2081
2093
2096
2116
2112
2093
2098
2078
2096
2088
2093
2090
2075
2086
2084
2079
2100
2093
2090
2102
2107
2099
2113
2091
2098
2075
2075
2096
2100
2104
2099
2096
2096
2121
2093
2094
2080
2081
2087
2086
2098
2101
2102
2116
2107
2096
2092
2097
2089
2075
2088
2098
2103
2097
2091
2102
2107
2085
2085
2114
2102
2091
2105
2106
2106
2086
2100
2106
2077
2089
2098
2106
2093
2084
2090
2084
2099
2093
2092
2089
2082
2075
2091
2084
2087
2097
2078
2086
2099
2082
2085
2070
2085
2087
2110
2080
2089
2085
2089
2084
2091
2089
2090
2112
2117
2095
2086
2080
2070
2087
2095
2100
2099
2125
2113
2081
2105
2097
2076
2080
2104
2090
2096
2090
2103
2094
2096
2099
2116
2107
2081
2103
2107
2084
2061
2099
2085
1977
1959
1950
1919
1929
1908
1907
1904
1878
1869
1877
1860
1855
1853
1844
1830
1820
1826
1839
1814
1832
1824
1830
1809
1822
1830
1816
1826
1825
1842
1848
1854
1870
1891
1921
1928
1935
1952
1996
1983
2026
2036
2066
2081
2089
2094
2113
2145
2179
2195
2202
2221
2254
2257
2253
2284
2290
2302
2345
2335
2337
2360
2373
2361
2368
2377
2372
2378
2371
2371
2363
2368
2343
2339
2335
2323
2314
2307
2319
2303
2264
2249
2224
2224
2218
2194
2168
2160
2153
2138
2118
2082
2070
2051
2035
2024
2010
1992
1969
1980
1963
1944
1923
1914
1901
1910
1899
1898
1894
1885
1882
1884
1874
1899
1892
1901
1888
1926
1927
1948
1941
1965
1974
1974
1979
2009
2021
2048
2245
2244
2224
2175
2126
2065
2009
1959
1918
1890
1881
1882
1909
1945
1972
2019
2047
2083
2101
2090
2075
2042
1998
1972
1946
1911
1908
1917
1937
1948
1962
1977
1997
1985
2015
1992
1995
1947
1931
1913
1928
1964
1993
2061
2126
2195
2255
2320
2374
2405
2426
2424
2374
2353
2322
2260
2220
2178
2155
2134
2118
2112
2117
2088
2103
2059
2032
1997
1990
1961
1945
1958
1958
1956
1970
1976
2009
2042
2046
2058
2075
2076
2087
2100
2110
2128
2130
2153
2136
2152
2144
2148
2156
2178
2200
2212
2258
2282
2303
2306
2291
2314
2280
2220
2182
2154
2119
2106
2109
2107
2110
2093
2093
2063
2045
2011
1964
1947
1908
1883
1892
1880
1905
1934
1951
1951
1947
1941
2323
2256
2180
2106
2052
1990
1931
1898
1879
1882
1869
1870
1914
1968
2086
2203
2293
2356
2416
2445
2432
2424
2389
2314
2223
2119
2030
1940
1856
1791
1749
1718
1714
1728
1760
1801
1868
1973
2052
2138
2206
2252
2291
2297
2265
2266
2240
2214
2171
2166
2162
2139
2128
2118
2109
2097
2106
2077
2080
2081
2086
2097
2113
2168
2220
2256
2294
2334
2337
2308
2270
2219
2140
2076
1975
1935
1855
1813
1813
1810
1823
1870
1933
1977
2042
2100
2130
2169
2188
2203
2203
2214
2207
2220
2195
2181
2172
2132
2104
2072
2018
1997
1974
1968
1955
1961
1984
2014
2021
2065
2091
2124
2151
2174
2200
2212
2215
2196
2211
2212
2222
2232
2221
2219
2173
2144
2106
2051
2197
2138
2041
1958
1890
1825
1772
1756
1766
1800
1848
1935
2009
2096
2151
2225
2242
2260
2250
2206
2143
2079
2057
1973
1961
1947
1944
1963
1980
1997
1998
2010
2003
2019
1994
1972
1954
1974
2002
2018
2069
2106
2158
2218
2237
2271
2289
2302
2289
2268
2250
2210
2171
2118
2075
2021
1998
1985
1977
1953
1974
2027
2103
2160
2241
2315
2364
2409
2379
2325
2238
2136
2015
1930
1864
1827
1835
1905
1989
2094
2201
2256
2310
2315
2295
2241
2186
2103
2054
2017
1986
1956
1935
1933
1935
1978
2014
2046
2128
2198
2262
2335
2384
2393
2385
2356
2301
2278
2247
2201
2189
2185
2163
2152
2145
2108
2073
2032
1981
1944
1931
1927
1918
1934
1945
1973
1975
1969
2074
2052
2075
2055
2042
1997
1957
1869
1763
1717
1690
1663
1653
1657
1745
1891
2102
2268
2388
2496
2536
2551
2527
2463
2367
2272
2199
2140
2066
2016
1990
1946
1878
1825
1803
1814
1848
1882
1910
1985
2106
2236
2314
2368
2379
2366
2375
2422
2470
2494
2395
2267
2073
1888
1728
1667
1690
1759
1765
1733
1713
1712
1778
1888
2010
2108
2191
2301
2461
2638
2807
2881
2806
2608
2333
2026
1837
1779
1825
1867
1809
1648
1458
1377
1446
1684
1962
2233
2406
2505
2537
2563
2590
2633
2662
2693
2627
2468
2202
1902
1640
1490
1443
1472
1570
1678
1785
1893
1983
2086
2189
2293
2348
2382
2424
2501
2572
2612
2600
2529
2432
2327
2168
2014
1845
1675
1494
1381
1948
1890
1804
1742
1736
1790
1890
2026
2201
2346
2431
2465
2456
2433
2342
2245
2127
1987
1866
1763
1710
1702
1735
1837
1960
2100
2207
2308
2414
2458
2493
2497
2474
2431
2366
2269
2170
2074
1986
1941
1940
1963
1993
2023
2094
2140
2200
2254
2267
2280
2251
2199
2135
2110
2048
1987
1937
1872
1831
1823
1874
1937
2063
2191
2323
2414
2487
2473
2444
2356
2192
2013
1838
1684
1589
1548
1558
1638
1776
1944
2115
2289
2438
2537
2576
2540
2460
2344
2200
2074
1962
1918
1914
1952
2036
2132
2219
2292
2338
2300
2252
2117
1960
1832
1739
1713
1717
1761
1837
1914
2033
2099
2179
2247
2292
2336
2308
2298
2304
2227
2159
2097
2057
1987
1984
1947
1920
1913
1950
1978
2000
2018
2060
2136
2261
2420
2600
2658
2585
2447
2237
2009
1780
1575
1387
1193
1123
1210
1432
1712
2006
2183
2318
2394
2473
2606
2746
2834
2867
2795
2707
2634
2615
2539
2292
1863
1357
951
717
706
876
1114
1376
1697
2104
2532
2922
3136
3172
3080
2938
2814
2682
2524
2341
2156
1961
1754
1560
1361
1181
1060
1036
1079
1255
1527
1859
2266
2661
2974
3147
3224
3136
2976
2814
2657
2457
2206
1981
1829
1735
1700
1688
1645
1632
1609
1630
1724
1885
2075
2228
2344
2395
2457
2561
2602
2584
2411
2102
1726
1459
1366
1367
1412
1442
1527
1634
1821
2088
2335
2507
2513
2495
2476
2490
2541
2541
2461
2310
2145
1975
1906
1879
1835
1704
1563
1696
2040
2379
2727
2943
3024
3006
2844
2579
2258
1886
1540
1272
1099
1048
1143
1335
1644
1986
2324
2597
2821
2908
2868
2690
2412
2108
1758
1474
1329
1274
1381
1621
1953
2337
2705
2997
3191
3255
3144
2917
2532
2069
1557
1082
708
532
567
860
1335
1885
2482
2958
3321
3457
3364
3090
2673
2144
1598
1101
703
507
512
783
1232
1831
2461
3091
3552
3808
3848
3656
3230
2696
2054
1457
996
674
576
711
1050
1516
2072
2592
3038
3357
3434
3335
3058
2682
2251
1814
1481
1250
1194
1285
1528
1829
2173
2496
2743
2865
2893
2724
2486
2167
1800
1485
1283
1251
1351
1561
1842
2156
2421
2644
2753
2716
2612
2416
2147
1883
1641
1525
1481
1530
1680
2503
2606
2579
2460
2287
2071
1964
1950
2002
2155
2275
2380
2431
2483
2435
2351
2206
2089
1958
1873
1855
1909
2017
2162
2369
2523
2625
2710
2683
2583
2392
2137
1768
1336
912
627
482
528
799
1210
1668
2079
2328
2509
2617
2659
2742
2842
2947
2941
2866
2649
2394
2184
2040
2008
1994
1957
1864
1690
1486
1366
1396
1520
1876
2284
2669
2956
3122
3104
2999
2854
2677
2460
2201
1828
1419
1046
809
675
691
880
1139
1477
1803
2128
2399
2569
2640
2680
2674
2690
2661
2625
2582
2497
2419
2266
2068
1855
1626
1421
1208
1019
916
871
965
1198
1574
2030
2510
2964
3306
3497
3501
3340
3060
2705
2276
1887
1624
1437
1378
1328
1258
1163
1043
942
2910
3143
3270
3327
3307
3208
3081
2881
2603
2286
1919
1531
1201
942
752
687
729
850
1048
1337
1671
2095
2535
2954
3334
3557
3694
3648
3483
3207
2821
2430
2002
1615
1317
1032
880
804
849
982
1199
1497
1823
2150
2447
2700
2902
3063
3172
3168
3069
2924
2744
2557
2314
2096
1880
1665
1470
1342
1288
1299
1331
1423
1575
1695
1827
1921
1983
2073
2169
2285
2356
2430
2496
2513
2516
2501
2427
2331
2198
2109
1969
1842
1775
1706
1618
1586
1567
1556
1641
1774
1926
2125
2352
2552
2709
2821
2844
2800
2626
2365
1998
1685
1361
1128
1008
978
1124
1376
1707
2117
2562
2975
3281
3487
3562
3503
3335
3062
2670
2226
1784
1328
884
509
217
106
4095
4095
4095
4095
4095
4095
4095
3637
2386
1075
0
1
0
0
1
0
0
15
1038
2380
3640
4095
4095
4095
4095
4095
4079
3304
2499
1701
976
320
1
0
1
397
1166
2013
2745
3297
3661
3868
4000
4045
3980
3682
3253
2617
1905
1199
686
332
105
3
2
8
198
625
1302
2089
2910
3562
4012
4095
4095
3918
3624
3252
2801
2234
1653
1078
578
278
227
386
716
1115
1553
1967
2369
2736
3083
3361
3522
3527
3375
3153
2919
2685
2496
2354
2252
2130
1924
1743
1555
1399
1262
1161
1054
840
584
313
170
248
530
1045
1665
2314
2935
3530
4011
4095
4095
4095
4095
4095
4042
3263
2364
1600
1042
689
515
444
419
394
1667
1502
1391
1331
1317
1371
1452
1590
1766
1991
2234
2516
2788
3057
3303
3489
3618
3621
3479
3247
2913
2456
1937
1397
879
422
33
0
0
0
0
1
108
451
890
1358
1857
2410
2968
3464
3892
4095
4095
4095
4095
4095
4095
4095
4095
3657
3056
2358
1643
927
266
1
0
0
0
0
0
11
574
1352
2103
2853
3562
4095
4095
4095
4095
4095
4095
4095
4095
3884
3191
2390
1551
683
2
0
3
0
1
1
0
2
1
0
2
517
1689
2872
4029
4095
4095
4095
4095
4095
4095
4095
4095
4095
4095
4095
4095
3030
1692
395
1
1
2
1
0
1
0
0
1
0
2
17
1055
2277
3400
4095
4095
4095
4095
2754
78
0
1
1
0
0
2
0
2
1
1
1095
3334
4095
4095
4095
4095
4095
4095
4095
4095
4095
4095
2057
0
0
1
2
0
0
1
0
2
1
862
3202
4095
4095
4095
4095
4095
4095
4095
4095
4095
4095
4095
4095
2228
0
2
1
0
1
0
0
0
0
0
0
1
542
3250
4095
4095
4095
4095
4095
4095
4095
4095
4095
4095
4095
4095
3014
409
1
1
1
1
1
1
0
0
0
0
0
869
3004
4095
4095
4095
4095
4095
4095
4095
4095
4095
4095
4095
2770
880
1
2
1
1
2
0
1
0
2
0
605
2590
4095
4095
4095
4095
4095
4095
4095
4095
4095
4095
4095
