2093
2065
2082
2057
2069
2075
2067
2094
2102
2063
2077
2102
2112
2096
2093
2090
2126
2072
2091
2106
2103
2080
2071
2099
2078
2107
2116
2092
2116
2092
2099
2141
2107
2132
2120
2113
2091
2117
2112
2127
2113
2108
2110
2122
2132
2137
2118
2124
2124
2102
2092
2095
2128
2091
2104
2108
2102
2106
2126
2134
2104
2102
2123
2121
2112
2091
2083
2103
2107
2097
2090
2117
2115
2116
2153
2136
2102
2106
2118
2123
2124
2113
2094
2126
2101
2118
2111
2123
2134
2104
2110
2116
2076
2112
2072
2071
2094
2115
2104
2104
2104
2102
2087
2103
2132
2108
2081
2096
2080
2093
2113
2114
2105
2106
2106
2093
2093
2075
2080
2070
2113
2098
2123
2097
2108
2117
2114
2098
2146
2118
2092
2127
2101
2108
2116
2089
2072
2079
2060
2080
2060
2051
2042
2045
2042
2059
2059
2026
2043
2016
2025
2002
1998
2004
2030
2002
2026
2024
2019
1987
2027
2024
2004
2011
2024
2004
1984
1976
2026
2024
1999
2011
2024
2025
2021
1983
2008
2028
2027
2023
2060
2070
2057
2016
2043
2073
2053
2073
2086
2074
2082
2065
2067
2089
2072
2095
2096
2084
2121
2094
2098
2082
2123
2122
2131
2166
2151
2138
2116
2113
2135
2129
2131
2144
2138
2127
2125
2113
2100
2115
2103
2109
2093
2127
2123
2132
2116
2107
2072
2096
2074
2086
2076
2110
2098
2075
2084
2097
2086
2076
2088
2103
2082
2090
2079
2098
2060
2105
2117
2060
2087
2098
2068
2068
2085
2096
2052
2008
1973
1911
1924
1918
1888
1848
1822
1826
1785
1812
1834
1836
1862
1882
1904
1937
1938
1985
2016
2056
2106
2128
2175
2193
2193
2221
2255
2283
2233
2226
2237
2212
2216
2160
2151
2136
2102
2106
2013
2024
1989
1946
1931
1899
1907
1897
1837
1833
1850
1829
1878
1880
1849
1902
1940
1930
1993
2054
2116
2135
2142
2212
2229
2263
2291
2338
2341
2346
2382
2385
2380
2378
2342
2288
2308
2301
2250
2214
2186
2114
2060
2052
2046
2004
1998
1960
1952
1966
1927
1965
1951
1946
1974
2023
2027
2035
2043
2068
2117
2152
2195
2227
2244
2224
2272
2299
2301
2292
2288
2276
2291
2250
2241
2218
2200
2143
2113
2105
2046
2023
2044
1979
1988
1936
1968
1944
2086
2166
2266
2321
2368
2351
2335
2266
2208
2122
1993
1949
1877
1825
1784
1828
1841
1843
1823
1847
1914
1950
1986
2057
2122
2228
2295
2314
2323
2277
2254
2197
2229
2216
2300
2290
2325
2337
2357
2324
2313
2265
2264
2146
2052
1968
1870
1766
1687
1647
1620
1627
1678
1769
1866
1950
2041
2122
2135
2261
2325
2357
2441
2420
2426
2366
2275
2185
2074
2030
2000
1984
1987
1933
1936
1842
1828
1811
1812
1858
1913
2043
2214
2352
2412
2535
2592
2610
2578
2584
2471
2385
2291
2152
2087
2028
1930
1894
1804
1709
1581
1480
1458
1466
1557
1672
1867
1995
2136
2255
2365
2411
2462
2556
2587
2605
2576
2492
2325
2148
2011
1899
1778
1758
1753
1742
1814
1888
1720
1665
1678
1733
1808
1980
2158
2332
2445
2527
2542
2456
2352
2259
2043
1924
1866
1770
1817
1933
2024
2073
2191
2298
2374
2354
2316
2268
2154
2108
2004
1990
2017
1951
1986
2008
2068
2096
2138
2191
2200
2143
2138
2070
2026
2030
2040
2094
2133
2163
2238
2323
2416
2492
2490
2474
2386
2210
2090
1990
1837
1801
1758
1822
1888
2003
2108
2172
2169
2159
2108
1983
1884
1782
1720
1702
1723
1818
1960
2160
2369
2515
2570
2624
2536
2368
2120
1975
1725
1518
1410
1422
1456
1604
1835
2043
2294
2545
2683
2792
2815
2753
2596
2388
2153
1841
1691
1600
1599
1652
1728
1880
2019
2140
2258
2372
2358
2296
2188
2013
1863
1769
1728
1793
1910
2117
2281
2427
1823
1900
2104
2351
2400
2376
2406
2514
2563
2447
2273
2126
2047
1904
1614
1442
1412
1582
1696
1799
2000
2266
2406
2320
2133
1997
2101
2250
2331
2284
2252
2252
2186
2028
1894
1980
2190
2251
2094
1868
1780
1860
1965
2007
2156
2344
2543
2559
2489
2383
2370
2413
2332
2111
1862
1638
1595
1664
1828
1939
1932
1789
1572
1376
1345
1502
1828
2264
2629
2878
2931
2688
2416
2236
2177
2088
1998
1941
2010
1985
1795
1452
1320
1505
1846
2074
2081
2064
2187
2392
2480
2516
2593
2812
2889
2705
2241
1842
1612
1532
1404
1356
1488
1736
1925
2027
2238
2545
2634
2502
2326
2315
2297
2183
2029
2041
2278
2401
2208
1914
1747
1733
1782
1808
1716
1846
2135
2334
2102
1874
1720
1628
1594
1673
1798
1952
2078
2208
2222
2258
2236
2166
2110
2033
2074
2034
2004
1973
1969
1904
1870
1838
1803
1829
1838
1941
2048
2240
2364
2439
2440
2371
2256
2168
2068
1941
1888
1914
2030
2132
2310
2413
2456
2448
2376
2223
2060
1887
1767
1768
1836
1972
2055
2140
2138
2131
2016
1880
1782
1785
1884
2099
2407
2692
2927
3037
2995
2804
2439
1981
1623
1359
1290
1348
1537
1831
2114
2357
2524
2609
2594
2501
2344
2188
2027
1895
1805
1792
1788
1865
1947
1993
2030
2070
2092
2154
2205
2253
2292
2314
2320
2308
2223
2106
1986
1843
1706
1636
1661
1821
2056
2279
2465
2572
2522
2362
2148
1928
1756
1685
1761
1956
2273
2560
2735
2749
2054
2079
2126
2209
2164
2036
1938
2009
2264
2459
2444
2292
2245
2354
2384
2116
1655
1366
1310
1478
1742
1921
2084
2264
2367
2394
2331
2267
2164
2079
2170
2344
2463
2373
2185
2061
1992
1855
1670
1594
1748
2040
2292
2412
2456
2528
2696
2795
2741
2462
2114
1877
1777
1620
1393
1265
1414
1823
2168
2300
2289
2286
2435
2487
2276
1900
1547
1450
1510
1636
1863
2060
2143
2161
2211
2372
2537
2517
2305
2136
2198
2402
2453
2200
1858
1644
1748
2011
2161
2132
2064
2182
2402
2537
2359
1952
1587
1437
1546
1801
2179
2545
2802
2949
2964
2891
2736
2364
1948
1657
1500
1437
1421
1576
1907
2326
2687
2848
2714
2378
2040
1856
1756
1622
1551
1586
1660
1738
2201
1960
1693
1497
1478
1649
1957
2287
2549
2679
2690
2596
2425
2205
2024
1906
1904
2004
2169
2344
2458
2455
2327
2060
1721
1398
1207
1209
1399
1713
2047
2317
2454
2437
2286
2077
1917
1900
2063
2360
2700
2964
3065
2968
2726
2382
2024
1728
1575
1585
1758
2023
2275
2434
2438
2274
1974
1650
1406
1324
1424
1661
1980
2280
2488
2544
2426
2181
1905
1680
1599
1671
1900
2207
2507
2711
2763
2644
2400
2092
1804
1623
1626
1795
2062
2318
2497
2548
2484
2325
2090
1814
1542
1343
1280
1369
1587
1858
2123
2342
2468
2491
2388
2184
1962
1776
1718
1787
1917
2048
2114
2116
2077
2009
1937
1908
1940
2049
2210
2376
2512
2600
2596
2518
2371
2226
2131
2093
2822
2473
2198
2082
2012
1931
1936
2124
2364
2466
2438
2356
2221
1979
1679
1432
1314
1222
1139
1192
1476
1864
2103
2134
2117
2247
2410
2386
2133
1785
1535
1464
1552
1758
2033
2314
2564
2812
2998
2952
2594
2009
1403
963
758
798
1086
1567
2229
2967
3648
4040
3966
3488
2903
2468
2120
1695
1228
1019
1248
1714
2056
2127
2162
2406
2780
2983
2831
2424
1967
1565
1296
1214
1393
1758
2067
2188
2225
2399
2723
2954
2896
2595
2236
1950
1763
1688
1782
2011
2248
2424
2587
2782
2949
2939
2733
2363
1933
1570
1415
1513
1704
1742
1588
1498
1732
2198
2549
2599
2424
2236
2132
2046
1936
1796
1681
1584
1500
1484
1527
1612
1734
1937
2236
2526
2683
2679
1680
1903
2289
2697
2998
3096
2976
2675
2254
1830
1523
1443
1620
1993
2493
2964
3274
3360
3230
2941
2562
2124
1696
1289
978
843
910
1178
1582
2048
2473
2774
2925
2932
2844
2690
2520
2343
2159
1946
1732
1497
1268
1074
994
1054
1243
1538
1884
2214
2459
2608
2724
2877
3077
3272
3298
3098
2732
2375
2156
2104
2132
2176
2252
2340
2379
2312
2040
1547
976
466
174
174
463
1004
1700
2444
3140
3718
4034
3980
3534
2784
1933
1206
730
562
680
1076
1696
2456
3184
3665
3740
3422
2835
2172
1665
1374
1286
1307
1372
1455
1485
1450
1360
1218
1125
1114
1267
1580
1998
2464
2884
3122
3106
2802
2354
1887
1576
1518
1712
2074
2534
2972
3272
3299
4
1
1
1
533
1820
3327
4095
4095
4095
4095
4095
4095
3140
1774
413
1
1
2
4
3
938
2708
4095
4095
4095
4095
4095
4095
3746
1960
54
3
2
2
3
3
2
522
2166
3624
4095
4095
4095
4095
3628
2458
1289
305
2
3
42
875
2107
3473
4095
4095
4095
4095
4055
2822
1423
67
2
2
4
4
1
1022
2666
4095
4095
4095
4095
4095
3990
2598
1140
4
2
4
3
155
1280
2651
4022
4095
4095
4095
4095
3348
2117
907
2
4
1
2
70
1081
2342
3518
4095
4095
4095
4095
3919
2724
1378
272
2
3
16
712
1620
2421
3038
3411
3540
3436
3107
2639
2006
1361
863
694
992
1728
2689
2176
2825
3223
3325
3085
2528
1758
925
167
1
2
2
16
745
1820
3064
4095
4095
4095
4095
4095
4095
4095
4095
4095
4095
3137
1964
960
199
2
1
2
3
1
2
1
2
1
0
2
2
3
2
1083
2822
4095
4095
4095
4095
4095
4095
4095
4095
4095
4095
4095
3396
1586
0
0
1
1
1
1
0
1
0
783
2537
4095
4095
4095
4095
4095
4095
4095
3778
2721
1729
995
613
621
980
1539
2268
3032
3783
4095
4095
4095
4095
3878
3019
2128
1325
699
273
76
136
456
942
1437
1800
1939
1789
1402
895
393
2
2
1
81
758
1794
3134
4095
4095
4095
4095
4095
4095
4095
4095
4095
3505
1736
49
4095
4095
4095
4095
4095
4095
4095
3858
2248
616
3
2
4
3
3
2
2
3
2
4
3
4
4
3
2
3
3
850
2127
3335
4095
4095
4095
4095
4095
4095
4095
4095
4095
4095
4095
4095
4095
4095
4095
3932
2980
2008
1088
248
3
2
2
1
3
3
3
2
1
1
1
4
537
1461
2376
3227
3972
4095
4095
4095
4095
4095
4095
4095
4095
4095
4095
4095
4095
3985
3470
2880
2222
1544
838
170
2
2
2
2
0
1
2
2
2
3
2
3
8
642
1392
2122
2804
3427
3988
4095
4095
4095
4095
4095
4095
4095
4095
4095
4095
4095
3702
3090
2459
1823
1205
616
47
3
2
1
1
3
4095
4095
4095
4095
4095
3904
3588
3272
2957
2648
2318
2039
1749
1450
1201
961
721
507
321
156
27
3
3
4
2
2
3
2
7
132
297
465
651
856
1074
1293
1513
1723
1947
2159
2344
2516
2688
2827
2943
3046
3122
3156
3192
3193
3179
3143
3090
3013
2926
2818
2726
2610
2498
2375
2248
2112
1990
1867
1753
1642
1540
1440
1356
1278
1208
1147
1097
1062
1042
1032
1025
1033
1071
1110
1169
1245
1318
1422
1536
1653
1793
1935
2088
2252
2423
2598
2771
2946
3119
3295
3463
3627
3765
3912
4040
4095
4095
4095
4095
4095
4095
4095
4095
4095
4095
4095
4095
3980
3821
3649
3470
3252
3033
2813
2584
2333
2082
1832
1580
1352
1117
891
