2076
2089
2087
2091
2100
2093
2084
2088
2097
2093
2082
2071
2089
2080
2088
2086
2088
2072
2093
2111
2110
2094
2079
2090
2096
2077
2096
2090
2088
2101
2084
2081
2092
2083
2090
2096
2087
2078
2104
2095
2091
2092
2085
2081
2074
2055
2071
2082
2085
2095
2099
2089
2104
2106
2094
2101
2099
2098
2084
2089
2103
2090
2092
2077
2075
2072
2103
2105
2082
2088
2077
2064
2103
2095
2091
2117
2113
2093
2110
2093
2095
2075
2088
2087
2090
2086
2111
2108
2100
2088
2101
2099
2096
2082
2113
2096
2089
2099
2095
2097
2089
2090
2099
2106
2104
2100
2061
2070
2097
2090
2096
2104
2100
2088
2103
2095
2087
2106
2108
2103
2083
2062
2076
2093
2096
2082
2073
2096
2135
2140
2108
2121
2116
2108
2131
2127
2117
2130
2114
2114
2109
2107
2111
2096
2112
2119
2112
2100
2101
2142
2139
2122
2106
2104
2116
2132
2134
2130
2143
2134
2132
2112
2134
2110
2132
2120
2110
2133
2121
2099
2121
2107
2096
2077
2089
2084
2105
2106
2084
2084
2067
2084
2075
2068
2055
2071
2084
2078
2091
2064
2054
2059
2064
2050
2048
2039
2074
2039
2050
2046
2039
2045
2052
2054
2051
2082
2085
2084
2091
2070
2099
2103
2129
2104
2104
2117
2088
2116
2144
2144
2135
2130
2120
2124
2109
2114
2122
2114
2133
2116
2111
2112
2098
2074
2075
2091
2061
2072
2048
2056
2049
2039
1992
1990
1998
2004
2014
2010
2016
1996
2015
2013
2010
2022
2042
2044
2328
2301
2295
2285
2256
2249
2263
2269
2259
2250
2218
2234
2208
2212
2228
2221
2183
2140
2118
2090
2067
2040
1976
1936
1927
1865
1832
1822
1811
1818
1847
1839
1853
1874
1866
1881
1921
1950
1972
1988
2011
2033
2059
2050
2042
2076
2093
2088
2119
2134
2136
2152
2164
2162
2175
2177
2182
2184
2214
2204
2192
2168
2169
2125
2130
2140
2107
2088
2057
2059
2040
2032
2000
2022
1988
1981
1961
1929
1883
1869
1867
1868
1864
1819
1818
1791
1801
1820
1864
1849
1862
1902
1934
1960
2004
2036
2060
2106
2151
2123
2152
2175
2175
2219
2214
2203
2210
2237
2250
2272
2272
2292
2342
2344
2366
2368
2373
2358
2337
2341
2346
2313
2246
2186
2149
2093
2065
2004
2179
2214
2272
2312
2376
2398
2418
2392
2339
2294
2211
2120
2032
1966
1919
1894
1866
1846
1848
1879
1888
1889
1900
1914
1941
1963
2004
2066
2144
2207
2277
2336
2403
2414
2383
2334
2309
2250
2176
2078
2025
1975
1926
1896
1877
1859
1910
1883
1902
1976
2060
2131
2219
2291
2368
2454
2470
2447
2404
2300
2190
2075
1972
1872
1817
1767
1782
1826
1883
1965
2035
2097
2147
2181
2184
2210
2208
2236
2245
2248
2269
2318
2343
2339
2308
2299
2248
2181
2090
2001
1916
1838
1759
1692
1713
1743
1832
1908
2002
2108
2201
2284
2375
2374
2370
2345
2299
2247
2172
2129
2061
2007
1962
1916
1903
1887
1894
1921
1911
1912
1973
2008
2057
2110
2188
2259
2295
2358
2053
2012
2005
1990
1994
1979
1963
1989
2052
2108
2145
2220
2311
2339
2354
2329
2281
2226
2196
2152
2134
2119
2096
2096
2071
2034
2011
1982
1923
1888
1849
1845
1880
1952
2043
2120
2211
2265
2260
2217
2134
2028
1891
1801
1814
1857
1936
2067
2148
2186
2164
2079
1961
1862
1810
1791
1835
1858
1871
1859
1869
1869
1917
2047
2166
2314
2385
2377
2347
2265
2160
2131
2128
2202
2264
2314
2323
2303
2214
2080
1961
1839
1773
1746
1769
1842
1964
2048
2156
2232
2313
2330
2367
2397
2374
2337
2282
2182
2056
1948
1870
1844
1912
1999
2087
2115
2093
2033
1954
1931
1954
2004
2038
2051
2022
1987
1989
2025
2090
2201
2305
2393
2458
2485
2480
2402
2298
2128
2091
2130
2200
2280
2303
2235
2208
2170
2164
2148
2156
2132
2117
2103
2052
2030
2029
2047
2073
2108
2148
2191
2234
2293
2341
2374
2324
2211
2061
1899
1830
1855
1968
2100
2189
2202
2106
1975
1890
1874
1977
2107
2221
2292
2242
2177
2031
1913
1879
1888
1953
2056
2130
2162
2152
2124
2102
2085
2055
2093
2120
2122
2122
2063
2060
2006
1998
2041
2093
2155
2197
2205
2181
2079
1989
1918
1897
1924
1940
1951
1982
1995
2016
2021
2072
2137
2184
2252
2261
2246
2214
2152
2077
2003
1970
1943
1904
1908
1931
1969
2047
2120
2205
2279
2355
2391
2376
2338
2264
2192
2115
2030
1958
1904
1861
1858
1906
1983
2080
2155
2230
2275
2298
2284
2244
2189
2130
2054
2008
2112
2180
2148
2097
2041
2024
2077
2210
2322
2398
2468
2538
2514
2366
2086
1824
1644
1561
1585
1598
1616
1706
1915
2192
2456
2591
2536
2409
2252
2103
1990
1845
1657
1495
1476
1544
1625
1741
1826
1929
2068
2274
2431
2458
2319
2102
1920
1819
1837
1869
1899
1896
1892
1910
1929
1932
1941
1948
2046
2207
2375
2505
2550
2444
2250
2049
1831
1659
1555
1519
1633
1841
2092
2266
2336
2393
2405
2368
2309
2213
2148
2156
2152
2142
2088
2062
2084
2156
2205
2203
2170
2146
2135
2163
2193
2164
2101
2100
2122
2244
2344
2432
2469
2409
2286
2170
2056
2004
2046
2108
2145
2173
2221
2263
2283
2258
2197
2203
2310
2456
2581
2565
2401
2156
1958
1800
1663
2195
2109
2045
1951
1897
1858
1869
1947
2069
2275
2467
2599
2661
2636
2520
2349
2164
1932
1743
1607
1555
1624
1774
2002
2244
2457
2651
2787
2761
2646
2441
2163
1897
1647
1484
1410
1453
1568
1787
1984
2200
2391
2506
2506
2494
2403
2272
2144
2000
1874
1808
1800
1828
1890
1994
2100
2163
2176
2176
2078
1977
1875
1809
1805
1912
2034
2201
2368
2550
2642
2667
2660
2544
2392
2169
1969
1746
1588
1504
1506
1658
1853
2077
2274
2435
2502
2490
2399
2287
2153
2016
1899
1844
1784
1852
1969
2129
2237
2308
2315
2280
2148
2006
1860
1746
1699
1748
1854
2056
2211
2403
2523
2534
2422
2258
2040
1821
1661
1571
1640
1749
1917
2128
2377
2546
2633
2617
2487
1659
1468
1389
1386
1453
1555
1605
1624
1609
1693
1886
2103
2333
2461
2587
2758
2941
2963
2712
2290
1886
1666
1625
1688
1813
1878
1972
2091
2143
2109
2009
1891
1816
1830
1964
2147
2276
2272
2175
2113
2077
2137
2270
2402
2520
2576
2563
2529
2420
2255
2085
1998
2024
2129
2248
2344
2366
2429
2454
2373
2136
1758
1464
1412
1550
1747
1802
1746
1650
1640
1628
1609
1590
1652
1858
2201
2535
2714
2676
2499
2317
2226
2163
2075
1903
1795
1871
2048
2160
2149
2098
2031
2024
1994
1943
1864
1848
1980
2176
2304
2282
2072
1843
1710
1648
1668
1730
1813
1967
2197
2437
2570
2523
2357
2261
2276
2328
2283
2158
2055
2006
2000
1977
1888
1806
1820
1941
2089
2058
2135
2198
2248
2235
2207
2179
2173
2171
2210
2283
2328
2392
2348
2232
2050
1814
1617
1471
1449
1505
1707
1932
2164
2382
2492
2527
2441
2316
2166
1999
1843
1740
1723
1792
1954
2185
2337
2412
2379
2312
2167
2033
1952
1897
1896
1966
2134
2304
2428
2470
2428
2299
2155
2000
1867
1738
1601
1540
1539
1684
1982
2307
2591
2744
2736
2578
2348
2077
1817
1625
1520
1527
1652
1880
2153
2366
2522
2616
2594
2536
2407
2254
2096
1909
1777
1675
1669
1729
1840
1977
2135
2261
2352
2440
2499
2507
2458
2340
2146
1894
1653
1463
1364
1360
1441
1587
1842
2159
2504
2811
3021
3053
2905
2596
2174
1732
1374
1187
1193
1336
1575
1866
2148
2332
2454
2476
2465
1393
1468
1540
1703
1944
2246
2486
2561
2536
2392
2187
2001
1850
1749
1684
1623
1466
1285
1188
1247
1449
1691
1940
2201
2596
3074
3468
3643
3537
3264
2953
2728
2529
2272
1947
1600
1332
1211
1225
1267
1373
1434
1570
1751
2008
2271
2471
2510
2413
2305
2211
2219
2261
2224
2142
2152
2319
2582
2816
2855
2762
2629
2593
2593
2554
2372
2078
1769
1626
1571
1570
1514
1449
1402
1456
1685
1947
2226
2317
2190
1960
1769
1716
1802
1823
1742
1628
1692
1958
2374
2736
2968
3106
3215
3291
3254
3053
2714
2343
2023
1725
1471
1315
1287
1436
1646
1881
2039
2264
2503
2735
2865
2800
2603
2345
2067
1833
1549
1253
1084
1031
1132
1316
1529
1750
2082
2471
2898
1539
1907
2328
2728
2997
3165
3147
2989
2606
2103
1575
1127
927
1022
1362
1933
2580
3184
3619
3771
3637
3146
2426
1553
770
175
0
105
532
1144
1797
2368
2795
3069
3205
3192
3088
2917
2730
2499
2259
1932
1580
1225
971
874
931
1233
1609
2117
2651
3167
3513
3615
3514
3165
2694
2166
1628
1099
610
260
81
105
412
987
1733
2587
3439
4052
4095
4095
4007
3356
2472
1565
761
166
1
0
113
672
1354
2094
2761
3297
3615
3773
3802
3689
3517
3251
2888
2486
2022
1549
1091
688
435
416
629
1052
1597
2222
2783
3166
3314
3214
2945
2604
2274
2057
2032
2166
2342
2464
2412
2129
1735
1297
987
856
980
1302
1803
2342
2820
3097
1920
1955
1909
1801
1696
1656
1669
1679
1774
1931
2103
2321
2576
2815
2941
3070
3105
3143
3112
3009
2836
2562
2231
1851
1518
1234
1012
870
755
738
770
891
1108
1398
1776
2133
2453
2718
2927
3097
3203
3284
3307
3278
3256
3147
2921
2674
2410
2141
1849
1520
1216
968
827
789
852
979
1120
1283
1428
1516
1625
1719
1845
1942
1979
1973
1932
1917
1963
2184
2497
2889
3250
3548
3744
3797
3764
3631
3307
2914
2492
2034
1591
1191
900
606
400
325
404
650
1048
1587
2138
2688
3075
3286
3286
3084
2767
2405
2146
2012
1984
1999
2026
2100
2221
2361
2508
2685
2872
3056
3130
3116
2957
2701
2365
1973
1579
1209
924
699
560
477
368
312
1427
951
624
478
481
585
735
903
1059
1259
1516
1811
2146
2576
3058
3520
3804
3938
3814
3556
3207
2882
2606
2442
2348
2314
2326
2234
2024
1593
1013
331
0
0
0
0
0
2
893
2167
3302
4095
4095
4095
4095
4095
3745
3158
2767
2647
2744
2903
3018
2991
2854
2630
2286
1871
1472
1149
1094
1267
1552
1781
1804
1575
1082
460
0
0
0
0
3
1
988
2333
3650
4095
4095
4095
4095
4095
4095
3944
2989
2087
1442
1067
978
1185
1575
2072
2504
2778
2930
2888
2745
2458
2122
1821
1506
1243
1029
855
720
564
451
385
457
731
1125
1646
2348
3137
3922
4095
4095
4095
4095
4095
3966
3093
2200
1462
1001
884
1109
1599
4
1
1
2
1
3
1
0
1
1
468
1833
3198
4095
4095
4095
4095
4095
4095
4095
4095
4095
4095
4095
4095
3659
2288
865
1
0
0
0
1
0
0
0
1
1
2
527
1926
3246
4095
4095
4095
4095
4095
4095
4095
4095
4095
4095
4095
4095
2950
1572
262
1
2
3
2
3
1
2
2
2
2
768
1992
3150
4095
4095
4095
4095
4095
4095
4095
4095
4095
4095
3893
2753
1579
392
2
0
1
1
0
0
0
1
1
1
686
1884
3040
4070
4095
4095
4095
4095
4095
4095
4095
4095
4095
4095
3435
2292
1125
5
0
0
1
2
2
0
0
1
1
18
956
2056
3114
4029
4095
4095
