2080
2086
2113
2088
2088
2081
2093
2085
2081
2089
2091
2094
2087
2098
2097
2095
2085
2095
2081
2075
2082
2089
2101
2086
2074
2089
2092
2093
2098
2102
2101
2086
2091
2074
2058
2075
2084
2081
2088
2082
2081
2080
2088
2084
2092
2095
2088
2087
2084
2092
2088
2092
2084
2108
2093
2100
2104
2087
2068
2084
2075
2089
2088
2099
2084
2078
2083
2092
2095
2089
2091
2085
2080
2080
2084
2093
2092
2103
2093
2113
2097
2089
2094
2085
2108
2089
2083
2086
2091
2090
2084
2090
2073
2064
2073
2093
2111
2109
2098
2083
2070
2094
2100
2079
2081
2092
2082
2076
2089
2108
2105
2108
2106
2116
2085
2094
2079
2077
2085
2092
2083
2094
2115
2097
2080
2105
2116
2107
2077
2090
2080
2063
2075
2107
2092
2087
2089
2076
2073
2084
2093
2083
2080
2085
2093
2104
2085
2080
2096
2107
2104
2077
2090
2105
2112
2088
2089
2119
2079
2070
2095
2087
2075
2078
2099
2103
2078
2078
2075
2086
2096
2095
2075
2076
2076
2062
2069
2069
2099
2076
2099
2082
2080
2064
2056
2080
2091
2089
2089
2088
2093
2096
2088
2080
2092
2083
2076
2103
2090
2088
2088
2096
2111
2108
2091
2072
2102
2077
2070
2069
2070
2088
2087
2080
2074
2053
2059
2074
2076
2080
2106
2094
2093
2087
2086
2074
2065
2075
2086
2092
2106
2118
2106
2085
2087
2105
2084
2091
2085
2079
2070
2076
2076
2073
2084
2089
2083
2095
2077
2075
2096
2092
2101
2098
2093
2086
2199
2194
2204
2203
2177
2190
2170
2136
2132
2123
2092
2073
2061
2026
2019
2004
1992
1970
1963
1931
1932
1927
1932
1914
1921
1920
1932
1934
1936
1974
1976
1996
1989
2022
2050
2073
2084
2102
2102
2130
2137
2151
2164
2166
2198
2200
2199
2221
2214
2234
2243
2271
2278
2283
2278
2309
2320
2316
2313
2313
2302
2311
2323
2312
2296
2244
2213
2192
2163
2125
2062
2030
1980
1933
1883
1837
1777
1737
1704
1670
1637
1638
1634
1615
1614
1656
1658
1687
1738
1797
1862
1913
1960
2023
2053
2125
2163
2208
2281
2320
2357
2384
2401
2439
2468
2463
2487
2484
2484
2479
2454
2436
2409
2408
2384
2369
2342
2303
2268
2237
2212
2200
2162
2092
2063
2022
1996
1917
2024
2007
2012
2004
2003
2008
2065
2132
2175
2194
2207
2181
2176
2136
2118
2118
2114
2150
2156
2213
2230
2213
2194
2175
2159
2146
2157
2157
2156
2125
2099
2082
2047
2026
2018
2058
2070
2074
2067
2054
2044
2054
2064
2064
2073
2094
2127
2130
2128
2135
2139
2146
2208
2249
2255
2249
2237
2192
2173
2124
2125
2144
2164
2194
2182
2146
2110
2065
2032
2018
2022
2021
2033
2024
2023
1976
1932
1879
1857
1842
1852
1867
1881
1928
1939
1960
1985
1998
1996
2017
2029
2101
2156
2203
2223
2257
2261
2227
2200
2160
2169
2209
2230
2258
2262
2265
2218
2179
2150
2156
2169
2219
2216
2237
2221
2152
2136
2085
2068
2091
2098
2112
2096
2053
1973
1922
1894
1865
1814
1847
1891
1938
2007
2058
2136
2210
2245
2287
2286
2280
2247
2204
2155
2068
1999
1934
1909
1907
1922
1952
2006
2082
2184
2269
2368
2446
2498
2525
2513
2452
2398
2271
2119
1978
1830
1698
1595
1503
1477
1501
1560
1647
1763
1912
2073
2247
2377
2504
2622
2676
2698
2681
2619
2520
2412
2260
2120
1988
1884
1804
1762
1753
1800
1846
1915
1960
2002
2076
2110
2143
2138
2107
2067
2006
1947
1921
1887
1870
1892
1928
1992
2088
2198
2274
2352
2426
2480
2482
2492
2436
2369
2301
2208
2105
2000
1888
1830
1785
1784
1802
1859
1950
2063
2185
2318
2429
2519
2539
2495
2442
2317
2188
2009
1849
1684
1591
1541
1550
1605
1696
1816
1945
2102
2267
2382
2480
1823
1816
1876
1938
1994
2069
2109
2095
2079
2059
2035
2069
2098
2154
2222
2247
2249
2235
2169
2131
2109
2096
2096
2080
2082
2061
2049
2006
1993
2022
2068
2173
2313
2428
2529
2579
2570
2461
2281
2107
1946
1828
1746
1730
1759
1842
1933
2025
2086
2123
2152
2160
2151
2103
2089
2052
1992
1976
1937
1874
1830
1780
1752
1758
1753
1777
1800
1815
1821
1807
1810
1861
1942
2036
2180
2335
2479
2602
2647
2642
2590
2507
2358
2253
2111
1987
1847
1760
1702
1697
1742
1816
1933
2054
2174
2231
2263
2224
2179
2134
2087
2044
2047
2074
2066
2098
2110
2100
2111
2109
2076
2065
2033
1998
1975
1939
1950
1962
2007
2064
2149
2220
2268
2249
2234
2140
2096
2043
1942
2045
2142
2202
2206
2207
2215
2297
2411
2526
2575
2488
2323
2124
1940
1831
1760
1679
1596
1558
1588
1715
1940
2162
2342
2446
2480
2449
2393
2346
2292
2265
2197
2137
2076
2004
1954
1965
2011
2021
2039
2025
2075
2118
2204
2256
2271
2235
2170
2123
2096
2079
2047
1975
1876
1790
1715
1716
1784
1904
2026
2155
2203
2174
2127
2030
1981
1978
1998
2023
2048
2043
1984
1965
1971
2014
2049
2095
2117
2111
2125
2133
2156
2197
2235
2285
2334
2361
2395
2401
2351
2297
2151
1985
1763
1588
1453
1452
1534
1689
1886
2073
2261
2408
2526
2647
2724
2762
2750
2674
2565
2372
2193
1999
1834
1687
1548
1437
1364
1381
1449
1627
1839
2132
2410
2647
2809
2860
2014
1985
1995
2043
2104
2210
2279
2357
2378
2347
2260
2138
1975
1820
1683
1558
1476
1432
1454
1549
1694
1866
2112
2353
2557
2682
2729
2690
2533
2368
2154
1956
1787
1703
1672
1650
1679
1757
1857
1960
2097
2276
2398
2516
2579
2584
2536
2395
2248
2090
1919
1808
1754
1727
1739
1757
1786
1851
1947
2086
2243
2379
2495
2564
2637
2674
2653
2609
2541
2399
2219
2039
1858
1722
1642
1614
1641
1749
1885
2050
2197
2299
2356
2386
2349
2318
2289
2194
2102
1969
1835
1679
1550
1454
1412
1405
1458
1556
1723
1877
2070
2236
2372
2461
2512
2512
2470
2401
2314
2226
2139
2039
1923
1852
1830
1825
1864
1933
2023
2107
2189
2221
2254
2216
2169
2084
2026
1977
1362
1283
1215
1210
1325
1519
1750
1975
2237
2487
2681
2752
2717
2608
2510
2415
2284
2050
1834
1685
1659
1703
1760
1820
1951
2120
2282
2404
2446
2468
2454
2400
2276
2120
1979
1872
1783
1667
1594
1600
1695
1778
1832
1883
2005
2243
2542
2712
2703
2532
2374
2270
2224
2099
1827
1511
1310
1307
1503
1746
1880
1944
2029
2229
2482
2698
2746
2646
2454
2331
2284
2282
2252
2158
1969
1821
1741
1774
1854
1916
1926
1921
1946
2044
2210
2286
2196
2020
1913
1967
2145
2278
2309
2220
2113
2103
2194
2245
2232
2130
2021
1972
1960
2019
2033
2058
2037
2075
2105
2152
2183
2166
2085
2006
1993
2004
2035
1967
1839
1643
1490
1562
1769
2020
2294
2459
2605
2738
1736
2276
2820
3219
3469
3508
3366
3070
2623
2189
1733
1399
1216
1215
1355
1627
1937
2252
2475
2611
2591
2461
2240
1934
1623
1304
1128
1118
1249
1528
1899
2305
2683
2975
3143
3170
3023
2708
2296
1826
1365
992
772
773
959
1324
1796
2313
2736
3063
3227
3196
3017
2744
2423
2127
1807
1581
1436
1478
1552
1783
2038
2311
2489
2590
2590
2492
2360
2226
2090
1985
1893
1838
1837
1865
1964
2056
2130
2158
2111
1996
1917
1869
1866
1907
1991
2112
2276
2411
2568
2672
2763
2731
2625
2408
2113
1786
1527
1368
1322
1375
1514
1720
1940
2190
2404
2587
2710
2765
2759
2679
2534
2359
2190
2048
1901
1821
1751
1673
1646
1594
1605
1667
1770
1900
2070
2241
2659
2844
2989
2980
2822
2501
2092
1608
1173
831
635
632
840
1304
1889
2490
2989
3236
3279
3162
2884
2526
2096
1638
1285
1177
1380
1768
2195
2500
2520
2269
1861
1483
1235
1239
1415
1695
2065
2520
2995
3466
3801
3865
3610
3066
2404
1766
1349
1085
918
887
968
1245
1689
2251
2707
2917
2903
2740
2568
2450
2356
2276
2178
2072
1972
1905
1850
1796
1689
1625
1524
1447
1368
1373
1502
1784
2229
2732
3182
3517
3625
3571
3381
3024
2519
1824
1008
269
2
1
0
340
868
1365
1840
2350
2969
3610
4048
4095
4095
3839
3489
3175
2896
2559
2051
1455
868
495
375
448
693
952
1182
1424
1783
2281
2888
3392
3708
3743
3540
3295
3060
2840
2267
3432
4095
4095
4095
4095
4095
3502
2161
713
3
1
1
1
3
757
2116
3377
4095
4095
4095
4095
4095
3758
2477
1095
1
0
2
1
40
1023
2213
3315
4095
4095
4095
4095
4095
3210
1999
808
2
1
1
0
91
937
1985
3001
3849
4095
4095
4095
3973
3120
2111
1135
406
9
36
428
1089
1846
2643
3288
3772
3988
3881
3466
2805
1953
1072
307
0
0
4
479
1203
1995
2764
3358
3846
4022
3992
3694
3183
2539
1914
1408
1073
1000
1132
1450
1863
2233
2587
2796
2840
2761
2528
2184
1745
1319
964
742
769
1049
1537
2150
2807
3420
3810
3984
3891
3590
3141
2562
1918
1302
739
305
82
116
405
905
1502
2191
2864
3429
3867
4095
4095
4095
4095
4095
4095
4095
4095
4095
3309
2262
1054
1
0
1
2
1
0
1
0
1
1034
2371
3640
4095
4095
4095
4095
4095
4095
4095
3388
2205
1129
296
2
0
1
39
380
802
1205
1547
1821
1993
2188
2308
2396
2503
2579
2717
2895
3126
3390
3664
3924
4095
4095
4029
3643
3074
2381
1635
854
123
1
1
0
0
0
0
409
1458
2535
3555
4095
4095
4095
4095
4095
3971
3200
2374
1559
800
119
0
1
0
0
0
224
1128
2083
2982
3658
4095
4095
4095
4095
4095
4095
3928
3617
3280
2871
2446
1981
1559
1219
875
484
44
0
0
1
1
0
1
1
38
865
1903
2974
4026
1033
1553
2053
2621
3252
3894
4095
4095
4095
4095
4095
4095
3348
2400
1459
588
1
1
0
0
1
1
1
172
775
1467
2285
3138
3974
4095
4095
4095
4095
4095
4095
4095
3513
2452
1344
324
2
1
0
0
0
0
1
472
1497
2556
3554
4095
4095
4095
4095
4095
4095
4095
4095
3009
1618
180
0
1
0
0
0
0
0
88
1672
3411
4095
4095
4095
4095
4095
4095
4095
4095
4095
3080
1174
0
1
0
0
0
0
0
0
1
1665
3942
4095
4095
4095
4095
4095
4095
4095
4095
4048
1826
0
0
0
0
0
0
0
0
0
648
3349
4095
4095
4095
4095
4095
4095
4095
4095
4095
3295
974
0
0
6
0
0
2
1
1
2
290
870
1477
2120
2751
3358
3934
4095
4095
4095
4095
4095
4095
4095
4095
4095
4095
4095
4095
4095
4095
4095
4095
4095
4095
4095
4095
3959
3057
2085
1120
224
1
0
0
1
3
0
1
0
0
1
0
1
1
0
1
2
1
1
0
117
696
1272
1812
2320
2811
3236
3674
4063
4095
4095
4095
4095
4095
4095
4095
4095
4095
4095
4095
4095
4095
4095
4095
4095
4095
4095
4095
4095
4095
4095
4056
3504
2936
2359
1779
1167
547
0
1
0
1
2
1
2
2
3
0
2
1
0
2
0
2
1
1
0
1
1
1
1
776
1859
2916
3891
4095
4095
4095
4095
4095
