2120
2127
2108
2106
2119
2121
2061
2088
2087
2112
2097
2082
2075
2108
2115
2077
2102
2112
2098
2102
2071
2063
2101
2076
2058
2074
2079
2097
2096
2088
2078
2089
2093
2079
2068
2048
2073
2097
2127
2084
2092
2123
2110
2107
2058
2095
2098
2120
2082
2101
2087
2085
2086
2118
2080
2114
2088
2080
2100
2092
2116
2134
2096
2069
2119
2124
2120
2089
2088
2081
2118
2126
2102
2076
2103
2110
2076
2071
2120
2102
2102
2103
2095
2090
2113
2074
2094
2095
2095
2086
2097
2098
2104
2110
2090
2095
2097
2104
2096
2072
2118
2103
2125
2093
2094
2091
2101
2113
2095
2111
2093
2094
2077
2061
2081
2091
2091
2081
2106
2100
2073
2101
2069
2101
2121
2079
2088
2099
2087
2080
2105
2099
2108
2088
2071
2091
2078
2080
2067
2054
2106
2103
2056
2074
2096
2065
2070
2051
2063
2070
2084
2123
2132
2089
2087
2087
2099
2108
2091
2123
2076
2088
2099
2096
2093
2091
2099
2084
2084
2101
2066
2075
2078
2103
2110
2115
2067
2091
2087
2129
2073
2130
2109
2121
2100
2108
2111
2132
2119
2084
2094
2113
2101
2107
2114
2116
2109
2089
2111
2142
2105
2096
2080
2107
2072
2070
2069
2062
2070
2096
2094
2121
2100
2096
2054
2098
2106
2081
2094
2080
2068
2083
2088
2096
2079
2093
2092
2083
2077
2109
2079
2082
2101
2073
2113
2100
2078
2116
2069
2078
2072
2082
2087
2087
2082
2079
2083
2105
2103
2086
2089
2097
2098
2076
2085
2065
2086
2080
2040
2055
2055
2055
2038
1989
1999
2006
2000
2028
2014
1985
2003
2000
1993
2018
1987
2014
2061
2041
2005
2034
2022
2046
2041
2064
2050
2094
2088
2054
2069
2063
2086
2087
2075
2076
2036
2021
2040
1999
2025
2004
2026
2022
1981
1978
1998
2006
2002
2000
2031
1989
2006
2040
2038
2069
2057
2086
2106
2100
2124
2148
2157
2177
2169
2199
2204
2210
2212
2206
2238
2219
2232
2204
2229
2216
2208
2194
2195
2211
2196
2169
2150
2150
2152
2160
2149
2134
2117
2129
2120
2101
2097
2114
2076
2080
2087
2102
2129
2105
2068
2070
2069
2077
2086
2086
2089
2074
2082
2094
2095
2062
2076
2117
2099
2115
2082
2077
2096
2110
2073
2105
2120
2129
2104
2089
2036
2063
2097
2113
2096
2078
2065
2049
2013
1977
1975
1933
1909
1904
1881
1883
1924
1963
1999
2007
2056
2090
2106
2163
2221
2227
2213
2241
2235
2260
2227
2183
2172
2138
2087
2046
2014
1999
1987
1992
1989
2023
2038
2039
2095
2153
2145
2136
2164
2185
2203
2215
2159
2182
2118
2095
2093
2073
2040
2030
2021
1988
2010
2046
2073
2049
2094
2145
2181
2185
2215
2211
2223
2242
2202
2207
2200
2160
2137
2056
2076
2032
2056
2025
2015
2009
2014
2048
2075
2091
2127
2136
2147
2136
2135
2127
2077
2058
1985
1978
2016
1988
1972
2010
2023
2047
2103
2140
2162
2159
2143
2154
2115
2072
1991
2000
2021
1965
1989
2007
2038
2058
2090
2144
2101
2102
2123
2088
2135
2222
2373
2361
2323
2225
2119
2071
2018
1962
1908
1905
1954
1959
1976
2055
2138
2156
2127
2107
2075
2059
2066
2004
1979
2000
2096
2117
2169
2207
2247
2258
2222
2093
1968
1918
1907
1862
1858
1907
1973
2037
2072
2140
2145
2108
2062
2063
2103
2136
2154
2164
2159
2150
2068
1991
1947
1980
1970
1968
1922
1982
2075
2199
2272
2273
2259
2222
2184
2223
2267
2260
2155
2044
1991
1977
1979
2056
2048
2002
1962
1991
1998
1938
1911
1996
2097
2151
2190
2201
2248
2311
2287
2190
2096
2058
2074
2066
2009
1965
2019
2126
2164
2159
2107
2113
2091
2038
2012
2078
2160
2259
2258
2228
2162
2072
2033
2032
2043
2017
2028
2033
2075
2076
2050
2055
2116
2179
2172
2115
2069
1996
1991
1945
1991
1993
2045
2141
2106
2070
2034
1966
1932
1918
1921
2027
2050
2151
2126
2141
2139
2113
2084
2078
2097
2114
2147
2158
2068
2078
2027
2004
2027
2027
2051
2033
2063
2046
2053
2081
2093
2120
2115
2186
2142
2096
2063
1992
2012
2040
2114
2185
2259
2250
2229
2131
2043
1964
1860
1876
1930
2076
2091
2210
2328
2324
2311
2235
2089
2000
1971
1994
1955
2045
2085
2180
2197
2224
2174
2164
2082
2037
1971
1944
1948
2006
2077
2163
2127
2129
2168
2139
2105
2038
1924
1922
1956
2034
2127
2158
2159
2132
2114
2079
2007
2025
2099
2230
2243
2262
2196
2082
2037
2086
2114
2200
2231
2175
2088
2038
2058
2136
2118
2110
2068
2096
1952
1880
1923
1984
2032
2063
2254
2407
2330
2157
1956
1779
1675
1658
1681
1860
2115
2235
2198
2149
2186
2146
2002
1862
1839
1971
2099
2190
2228
2239
2279
2239
2010
1821
1795
1899
2082
2219
2318
2403
2384
2307
2121
1918
1811
1873
2092
2339
2423
2376
2332
2236
2086
1860
1806
1860
2051
2146
2239
2350
2220
1952
1785
1803
1926
2152
2274
2333
2323
2271
2075
1783
1681
1796
1998
2126
2127
2192
2250
2202
2109
1974
1800
1718
1727
1888
2126
2250
2319
2232
2088
1922
1871
1937
2069
2191
2237
2213
2220
2153
1982
1804
1824
1977
2196
2379
2449
2293
2093
2034
1981
1976
2004
2001
2080
2105
2102
2022
1997
2044
2067
2046
1995
2044
2145
2241
2232
2091
1928
1961
2129
2142
2036
2024
2228
2497
2522
2386
2257
2066
1908
1883
2000
2041
1963
1985
2056
2245
2389
2343
2139
2001
1892
1785
1815
1950
2020
2037
2242
2455
2530
2472
2207
1833
1542
1569
1680
1876
2113
2258
2174
2246
2335
2317
2197
2080
1973
1841
1925
2023
1972
2020
2001
1948
1910
2153
2304
2225
2177
2378
2436
2372
2378
2297
1987
1736
1731
1747
1840
2037
2094
2110
2168
2383
2498
2368
2087
1964
1864
1842
1893
2044
2016
1968
2043
2126
2108
2030
1991
2004
2030
2277
2465
2458
2250
2057
1978
1969
2145
2316
2384
2363
2366
2503
2466
2300
2211
2006
1766
1771
2086
2164
1908
1802
2068
2296
2170
1959
2031
2185
2097
2082
2264
2330
2282
2288
1984
1982
2023
2122
2204
2273
2284
2153
1991
1922
1866
1980
2136
2280
2317
2132
1981
1887
1956
2180
2459
2581
2370
2015
1597
1363
1517
1858
2364
2639
2653
2380
2063
1880
1922
2123
2242
2284
2180
2004
1835
1896
2066
2336
2523
2508
2327
2019
1828
1750
1872
2124
2313
2408
2340
2147
1911
1717
1687
1797
1948
2128
2189
2187
2116
1953
1833
1797
1905
2096
2325
2464
2425
2332
2136
1882
1765
1793
1959
2160
2357
2505
2469
2296
2067
1818
1683
1742
1919
2215
2419
2522
2409
2158
1929
1846
1823
1969
2146
2256
2281
2140
1885
1771
1839
1998
2247
2365
2389
2256
2032
1722
1629
1708
1920
2158
2258
2279
2151
1995
1856
1908
2106
2296
2361
2258
2042
1830
1950
1856
1864
1779
1722
1948
2335
2325
2054
2022
2341
2506
2496
2569
2650
2424
2003
1688
1671
1832
1968
2095
2371
2681
2656
2305
1940
1813
1705
1517
1451
1683
2039
2236
2301
2289
2328
2254
1927
1577
1456
1501
1578
1772
2246
2697
2808
2547
2252
2076
1815
1359
1279
1660
2189
2542
2811
3007
3174
3013
2436
1704
1235
1053
933
1077
1756
2575
2912
2690
2436
2329
2172
1949
1685
1525
1560
1814
2031
2118
2294
2396
2211
1870
1664
1677
1964
2314
2398
2272
2227
2340
2304
2026
1802
1793
1868
1931
1963
2006
2096
2197
2120
1955
1784
1787
1910
2021
2051
1983
1981
2032
1962
1903
1958
2153
2338
2575
2762
2803
2682
2455
2159
1970
1868
1909
1768
1606
2369
2629
2771
2790
2642
2402
2226
2068
2061
2124
2267
2370
2464
2540
2552
2386
2109
1736
1337
1018
943
1213
1827
2444
2947
3153
3082
2683
2191
1709
1448
1453
1752
2200
2519
2471
2195
1904
1781
1838
1861
1767
1656
1667
1785
1932
1999
1992
2106
2329
2473
2513
2319
2094
2071
2260
2506
2704
2671
2557
2281
1869
1393
1128
1133
1213
1347
1564
1949
2369
2591
2650
2480
2309
2209
2160
2100
2135
2191
2201
2142
2015
1938
1970
2088
2240
2309
2253
2111
1896
1736
1681
1827
2085
2331
2537
2518
2363
2128
1930
1824
1879
1991
2266
2514
2665
2670
2518
2339
2291
2260
2368
2396
2451
2471
2303
2027
1789
1743
1884
2052
2018
1911
1767
1569
1459
1493
1771
1210
1288
1460
1810
2221
2507
2616
2659
2700
2907
3207
3316
3092
2446
1576
899
627
682
865
1198
1737
2384
2694
2354
1741
1300
1399
1960
2551
2800
2664
2333
1930
1596
1480
1638
2027
2634
3080
3282
3205
2917
2530
2072
1814
1721
1818
1980
2224
2580
3013
3443
3796
3906
3712
3166
2385
1495
761
410
569
1127
1929
2525
2659
2312
1719
1283
1323
1794
2426
2869
2978
2691
2130
1565
1106
905
1003
1312
1788
2305
2706
2869
2813
2576
2190
1857
1773
1959
2239
2304
2158
1975
1886
1986
2152
2335
2491
2470
2188
1618
1141
1052
1449
2104
2651
2761
2438
1827
1316
1164
1432
2040
2761
3222
3189
2609
1624
695
120
260
990
2078
3088
3740
3779
3284
2852
2929
2760
2453
2221
2344
2789
3445
4026
4095
4095
4093
3523
2696
1784
932
339
128
292
664
1108
1532
1950
2410
2953
3466
3862
4061
3957
3593
2929
2044
974
1
1
0
0
0
1
2
526
1693
2738
3553
3999
4006
3717
3220
2646
2223
1999
2060
2303
2690
3104
3410
3546
3460
3219
2904
2638
2434
2213
1959
1633
1366
1271
1411
1834
2376
2838
3111
3141
2955
2621
2139
1642
1160
711
291
1
1
0
46
275
570
929
1373
1922
2485
2936
3184
3234
3023
2551
2028
1545
1276
1319
1704
2295
2933
3455
3678
3543
3085
2458
1840
1496
1451
1721
2280
3023
3774
4095
4095
4095
3931
3097
2160
1261
585
167
0
1
0
1
1
2342
2239
2165
2064
1924
1855
1817
1807
1867
1977
2118
2315
2568
2846
3112
3345
3508
3588
3560
3401
3136
2749
2273
1720
1144
584
48
0
1
1
0
1
0
0
86
630
1239
1911
2582
3248
3902
4095
4095
4095
4095
4095
4095
4095
4095
4095
4095
4095
4095
3724
2683
1580
467
0
1
1
0
1
0
1
0
1
2
0
1
9
1008
2234
3428
4095
4095
4095
4095
4095
4095
4095
4095
4095
4095
4095
4095
4095
4095
3175
1953
705
0
0
1
0
1
2
0
1
1
0
1
0
1
0
995
2263
3459
4095
4095
4095
4095
4095
4095
4095
4095
4095
4095
4095
4095
4095
4095
4095
3406
2265
1108
1
2
2
293
326
375
450
528
621
703
793
912
1038
1179
1336
1488
1596
1799
1964
2138
2311
2480
2644
2819
2984
3111
3318
3432
3604
3761
3896
4017
4095
4095
4095
4095
4095
4095
4095
4095
4095
4095
4095
4095
4095
4095
4095
4095
4095
4095
4095
4095
4095
4095
4095
4054
3896
3738
3552
3355
3185
2992
2823
2597
2390
2191
1978
1771
1593
1395
1182
986
816
627
453
295
122
2
2
0
1
0
2
3
3
0
2
2
1
2
0
2
0
2
0
1
1
0
3
0
0
0
2
0
1
1
0
0
99
307
523
737
953
1143
1356
1576
1804
1984
2190
2374
2536
2739
2885
3042
3175
3355
3504
3620
3756
3870
3964
