2096
2111
2092
2084
2093
2110
2078
2114
2091
2096
2086
2108
2099
2113
2076
2101
2084
2103
2088
2091
2094
2090
2104
2097
2098
2106
2100
2087
2085
2068
2105
2097
2112
2099
2096
2110
2099
2093
2095
2090
2075
2126
2091
2121
2104
2083
2077
2064
2080
2105
2084
2070
2074
2088
2096
2079
2081
2072
2093
2090
2087
2059
2058
2068
2078
2091
2080
2100
2076
2097
2096
2101
2094
2096
2112
2115
2127
2105
2103
2106
2123
2098
2110
2106
2107
2105
2115
2104
2109
2090
2096
2098
2103
2106
2128
2111
2112
2080
2101
2098
2089
2084
2103
2097
2108
2099
2104
2104
2099
2081
2101
2113
2132
2118
2111
2092
2096
2096
2090
2078
2094
2102
2094
2089
2072
2048
2081
2098
2084
2088
2099
2080
2079
2087
2094
2103
2095
2074
2103
2085
2110
2102
2089
2082
2103
2109
2106
2104
2099
2106
2099
2109
2096
2080
2094
2091
2072
2084
2101
2087
2122
2101
2085
2091
2093
2090
2082
2093
2085
2098
2088
2112
2090
2110
2094
2110
2107
2106
2110
2102
2104
2101
2106
2105
2092
2094
2095
2096
2079
2093
2092
2101
2090
2102
2093
2086
2097
2110
2115
2113
2109
2092
2106
2102
2102
2095
2096
2089
2097
2114
2108
2107
2115
2106
2092
2094
2102
2102
2096
2120
2102
2104
2096
2094
2115
2094
2102
2102
2082
2097
2098
2091
2083
2097
2108
2102
2090
2082
2079
2092
2110
2097
2088
2087
2088
2092
2095
2096
2087
2093
2102
2092
2098
2098
2107
2096
2098
2091
2096
2083
2067
2070
2076
2083
2075
2064
2075
2062
2063
2064
2082
2058
2068
2057
2041
2042
2034
2044
2036
2032
2025
2016
2018
2017
2022
2019
2001
2008
2015
2028
1993
2010
2004
2025
2020
2028
2024
2023
2039
2027
2031
2056
2059
2072
2093
2074
2086
2106
2104
2106
2130
2131
2114
2140
2143
2147
2167
2152
2153
2168
2188
2194
2180
2188
2186
2179
2183
2193
2184
2184
2203
2198
2190
2194
2187
2198
2186
2187
2194
2191
2192
2171
2190
2186
2164
2168
2176
2170
2163
2163
2155
2155
2146
2156
2139
2140
2130
2122
2116
2115
2107
2094
2090
2087
2086
2058
2053
2044
2040
2032
2024
2005
2016
1974
1969
1984
1988
1952
1965
1959
1952
1960
1947
1955
2118
2086
2084
2036
2024
1997
1980
1965
1991
1999
1998
2023
2060
2075
2122
2163
2211
2260
2303
2354
2380
2407
2412
2400
2376
2341
2270
2185
2111
2029
1938
1842
1795
1760
1749
1760
1774
1794
1845
1906
1949
1990
2024
2044
2050
2070
2071
2064
2054
2047
2047
2051
2053
2059
2058
2055
2042
2028
2008
1994
1980
1960
1959
1960
1965
1994
2018
2046
2072
2111
2144
2171
2184
2201
2214
2224
2234
2254
2275
2278
2294
2300
2303
2310
2291
2262
2219
2189
2139
2104
2079
2075
2071
2081
2105
2147
2190
2230
2272
2303
2340
2365
2381
2385
2394
2399
2393
2365
2337
2284
2207
2129
2036
1942
1837
1775
1721
1701
1688
1704
1730
1808
1873
1928
1992
2049
2089
2112
2115
2078
2031
1973
1915
1903
1931
2027
2141
2262
2331
2312
2211
2085
1948
1854
1837
1887
1978
2103
2204
2275
2304
2297
2271
2216
2110
1998
1899
1841
1850
1947
2074
2212
2318
2363
2350
2288
2172
2078
1985
1939
1912
1925
1970
2009
2025
2027
1994
1957
1949
1956
2009
2080
2135
2166
2156
2134
2111
2111
2133
2167
2190
2194
2192
2192
2195
2222
2250
2254
2227
2179
2099
2048
2005
1987
1991
2002
2040
2072
2125
2173
2212
2224
2215
2160
2092
2022
1958
1918
1906
1920
1949
2017
2088
2171
2223
2249
2214
2135
2030
1908
1813
1783
1807
1898
2027
2160
2243
2264
2210
2102
2000
1911
1889
1929
2023
2137
2237
2279
2275
2237
2169
2110
2069
2055
2074
2127
2146
2091
1999
2053
2149
2161
2168
2125
1996
1895
2006
2217
2298
2258
2226
2191
2072
1964
1928
1922
1952
2104
2320
2413
2371
2315
2238
2130
2045
2036
2068
2076
2034
2008
2023
1968
1862
1896
1993
1985
2004
2149
2231
2223
2260
2331
2313
2255
2229
2191
2095
2002
1940
1894
1884
1959
2099
2209
2227
2169
2081
2056
2100
2155
2146
2087
1957
1831
1822
1876
1908
1910
1992
2105
2208
2302
2388
2342
2228
2123
2020
1937
1907
1947
2046
2143
2152
2057
1914
1778
1781
2000
2301
2450
2429
2320
2130
1912
1860
1968
2087
2161
2261
2346
2316
2158
1988
1864
1814
1926
2184
2311
2294
2270
2249
2145
2062
2077
2112
2108
2072
2022
1974
1963
2022
2144
2316
2466
2272
2172
2035
2067
2203
2236
2191
2215
2276
2216
2074
1965
1992
2093
2148
2162
2128
2038
1979
2027
2109
2159
2273
2386
2304
2041
1872
1830
1864
2003
2206
2302
2203
2033
1906
1865
1894
1989
2110
2195
2236
2243
2174
2034
1982
2095
2212
2205
2108
1965
1847
1864
1943
1964
2001
2126
2239
2205
2061
1911
1864
1925
2061
2170
2118
2008
1997
2086
2104
2063
2102
2199
2248
2213
2091
1963
1992
2104
2169
2236
2262
2162
2068
2064
2092
2160
2277
2267
2201
2260
2256
2133
2046
1972
1857
1852
1950
2053
2176
2229
2166
2108
2078
2088
2237
2396
2387
2224
2022
1912
1994
2124
2173
2156
2036
1943
1919
1836
1792
1965
2134
2184
2266
2274
2186
2268
2343
2176
1666
1692
1840
2004
2198
2370
2416
2282
2064
1864
1816
1935
2036
2037
2090
2248
2299
2070
1806
1822
2068
2224
2166
2046
2029
2072
2056
2010
2089
2263
2299
2100
1902
2041
2378
2472
2170
1818
1794
2062
2252
2252
2232
2245
2176
2067
2030
1982
1879
1851
1952
2095
2178
2219
2176
2073
2046
2096
2090
2026
2069
2188
2128
1909
1797
1874
2021
2079
2080
2045
2067
2158
2231
2170
2075
2029
2055
2137
2210
2202
2128
2119
2192
2212
2120
1982
1947
2034
2106
2073
2036
2062
2089
2137
2216
2218
2104
1998
1965
2061
2292
2388
2201
2072
2216
2327
2116
1823
1856
2113
2209
2069
1942
2075
2362
2472
2304
2023
1905
1900
1838
1846
1966
2110
2149
2095
2046
2135
1760
1768
1950
2127
2200
2164
2037
1915
1876
1938
2002
2030
2038
1978
1852
1738
1845
2206
2462
2324
1980
1847
2021
2162
2000
1808
1932
2224
2163
1795
1622
1862
2270
2428
2228
1987
1956
1981
1965
2108
2413
2558
2270
1832
1748
1991
2180
2126
2057
2247
2440
2272
1927
1845
2030
2106
1970
1793
1816
2081
2313
2390
2226
1865
1656
1795
2177
2442
2376
2155
2043
2155
2233
2097
1871
1906
2229
2500
2460
2200
1916
1810
1962
2250
2324
2080
1894
2065
2394
2588
2505
2206
1890
1773
1931
2258
2453
2289
1918
1676
1823
2246
2480
2446
2308
2139
1999
1943
2036
2249
2327
2162
1937
1997
2243
2250
2066
2057
2114
1969
1823
1920
2247
2596
2640
2258
1687
1486
1249
1713
2503
2924
2715
2094
1544
1450
1833
2337
2603
2445
2017
1618
1527
1842
2374
2669
2448
1866
1415
1538
2160
2755
2812
2274
1520
1191
1635
2580
3244
3049
2092
1094
813
1439
2464
3117
2997
2270
1526
1312
1856
2741
3175
2744
1883
1266
1286
1839
2444
2646
2312
1732
1394
1584
2179
2622
2522
2055
1652
1653
1961
2324
2541
2486
2036
1456
1258
1669
2350
2630
2228
1698
1669
2119
2478
2375
2047
1875
1875
1793
1699
1887
2233
2300
2101
1941
1953
2079
2142
2111
2149
2241
2276
2289
2214
1996
1810
1924
2203
2293
2152
2080
2179
2199
2000
1896
2035
2164
2096
2126
2442
2667
2411
1887
1662
1818
2115
2354
2387
2263
2140
2093
2067
1998
1990
2019
1787
1610
1763
2064
2330
2406
2189
1766
1505
1678
2208
2684
2766
2436
1996
1657
1616
1974
2441
2606
2467
2222
1923
1606
1534
1855
2337
2544
2379
2093
1863
1818
2060
2368
2394
2162
1960
1918
1926
1979
2147
2344
2339
2084
1839
1895
2267
2555
2430
1918
1431
1529
2288
2923
2839
2274
1618
1221
1417
2090
2746
3046
2834
2184
1546
1433
1891
2538
3048
3054
2354
1314
699
932
1808
2804
3268
2829
1896
1221
1217
1924
2858
3306
2863
1801
1015
1121
1892
2666
2937
2561
1829
1330
1485
2192
2868
3027
2453
1502
1002
1399
2312
2890
2762
2263
1820
1690
1830
1909
1902
1952
2100
2177
2112
2032
2135
2320
2314
1960
1621
1609
1832
2128
2310
2303
2200
2149
2007
2995
3464
3090
2016
1041
917
1616
2482
2981
2970
2505
1908
1633
1814
2181
2306
2018
1600
1446
1655
2105
2628
2869
2601
2078
1737
1592
1638
1929
2234
2263
2113
2112
2196
2156
2108
2108
2052
1928
1817
1750
1713
1776
2000
2282
2347
2133
1891
1776
1864
2132
2402
2306
1878
1588
1694
2117
2680
2942
2535
1785
1512
1948
2643
3096
3028
2301
1348
933
1424
2424
3197
3174
2371
1396
968
1312
2146
2788
2734
2114
1395
1031
1342
2213
3039
3264
2884
2114
1240
704
984
1973
3026
3506
3164
2150
1045
606
1291
2677
3770
3755
2669
1396
899
1453
2560
3284
3089
2243
1461
1393
2126
3025
3249
2557
1451
740
903
1668
2360
2649
2575
2392
2377
2336
2118
2826
3268
3444
3289
2735
1878
1087
684
750
1132
1654
2173
2564
2753
2768
2710
2695
2728
2864
2964
2911
2518
1802
867
1
1
2
177
1830
3722
4095
4095
4095
3481
1742
158
1
3
1095
2727
3805
3876
3010
1725
695
276
540
1386
2560
3626
4095
3655
2549
1385
725
811
1525
2487
3122
3085
2400
1384
469
40
416
1672
3397
4095
4095
3965
2316
648
1
1
178
1739
3604
4095
4095
4095
2373
340
1
2
4
1474
3417
4095
4095
4095
2510
679
1
2
671
2148
3542
4095
3837
2599
1225
474
776
1894
3258
4095
3965
2760
1102
2
11
1088
2686
3888
3990
2824
855
3
3
159
2737
4095
4095
4095
3391
85
1
4095
4095
3821
2480
1386
822
890
1542
2558
3705
4095
4095
4095
4095
4095
2802
1064
1
1
1
4
1
2
2
2
1200
2968
4095
4095
4095
4095
4095
4095
3873
3000
2294
1810
1600
1503
1393
1242
967
580
76
3
2
1
4
3
4
3
1162
2716
4095
4095
4095
4095
4095
4095
4095
3857
2428
921
2
2
0
2
1
2
786
1926
2957
3802
4095
4095
4095
4095
4095
4095
3814
3284
2682
2047
1360
722
189
1
2
2
1
85
545
1098
1712
2309
2813
3122
3184
3025
2686
2303
1952
1696
1628
1768
2147
2714
3394
4033
4095
4095
4095
3190
1886
427
1
3
3
1
2
137
1476
2962
4095
4095
4095
4095
4095
261
3
1
4
1
2
3
1
1
1
2
2
2
2
2
0
1
134
2032
4095
4095
4095
4095
4095
4095
4095
4095
4095
4095
4095
4095
4095
4095
4095
4095
4095
4095
4095
4095
3273
1002
2
2
1
1
3
3
2
2
4
5
3
2
3
0
3
2
1
1
305
2538
4095
4095
4095
4095
4095
4095
4095
4095
4095
4095
4095
4095
4095
4095
4095
4095
4095
4095
4095
3907
1935
0
2
2
0
1
1
2
2
1
1
1
1
2
3
2
2
0
0
0
3
1711
3939
4095
4095
4095
4095
4095
4095
4095
4095
4095
4095
4095
4095
4095
4095
4095
4095
4095
4095
4095
4095
2792
764
1
2
