2085
2103
2086
2088
2056
2103
2114
2079
2086
2113
2088
2110
2112
2106
2082
2107
2086
2103
2080
2077
2095
2100
2073
2096
2072
2087
2096
2092
2077
2080
2093
2096
2096
2116
2121
2092
2095
2098
2086
2090
2098
2103
2090
2098
2072
2095
2077
2094
2084
2094
2092
2087
2109
2096
2115
2089
2079
2097
2102
2096
2066
2106
2115
2109
2090
2097
2105
2085
2101
2102
2089
2082
2094
2062
2074
2101
2078
2086
2085
2104
2094
2103
2087
2079
2069
2078
2086
2092
2083
2123
2096
2088
2102
2098
2084
2094
2083
2086
2102
2117
2113
2082
2079
2067
2070
2078
2097
2095
2088
2087
2083
2093
2098
2096
2093
2079
2077
2085
2087
2085
2104
2087
2096
2082
2092
2088
2076
2085
2127
2120
2107
2069
2060
2064
2058
2051
2059
2040
2056
2022
2011
2022
1989
1997
1962
1973
1973
1958
1966
1982
1966
1946
1947
1958
1952
1933
1971
1987
1984
1983
1990
1992
1983
2023
2020
2018
2038
2057
2071
2064
2094
2128
2121
2129
2140
2183
2175
2158
2190
2197
2204
2214
2227
2221
2251
2241
2252
2233
2254
2258
2246
2267
2278
2228
2231
2217
2209
2203
2212
2176
2180
2166
2182
2146
2140
2145
2135
2113
2102
2098
2062
2077
2064
2066
2054
2039
1997
1994
1978
1990
1955
1968
1945
1955
1937
1967
1947
1953
1945
1944
1957
1934
1962
1960
1983
1971
1981
2001
1989
2002
2009
2034
2032
2042
2050
2039
2048
2073
2086
2085
2068
2130
2139
2078
2118
2132
1942
1934
1912
1893
1860
1868
1862
1877
1880
1885
1912
1949
1970
2010
2015
2025
2050
2061
2082
2077
2114
2111
2126
2161
2162
2168
2144
2129
2130
2137
2141
2148
2159
2134
2117
2095
2091
2090
2105
2104
2098
2088
2095
2075
2093
2076
2091
2125
2108
2143
2147
2150
2178
2198
2212
2209
2188
2209
2180
2199
2171
2162
2182
2171
2169
2150
2147
2130
2135
2094
2084
2093
2069
2056
2060
2064
2066
2069
2083
2106
2107
2106
2097
2120
2122
2131
2146
2133
2144
2136
2132
2157
2130
2128
2106
2100
2120
2085
2066
2053
2060
2022
2000
1999
1983
1956
1954
1977
1979
1984
1975
2019
2015
2022
2032
2035
2036
2071
2066
2068
2090
2112
2107
2100
2107
2111
2124
2081
2266
2319
2345
2378
2394
2350
2329
2306
2268
2209
2162
2116
2057
1969
1944
1901
1901
1912
1969
2037
2096
2128
2150
2139
2121
2104
2116
2096
2119
2120
2122
2115
2135
2152
2180
2244
2272
2278
2262
2207
2197
2120
2095
2057
1965
1903
1901
1887
1889
1931
1920
1906
1927
1946
1943
2004
2041
2056
2080
2132
2168
2195
2220
2238
2270
2288
2248
2213
2188
2131
2029
1956
1928
1916
1912
1898
1888
1939
1962
2036
2101
2173
2184
2251
2264
2285
2322
2330
2319
2312
2283
2253
2221
2160
2116
2061
2071
2056
2020
1982
1938
1919
1972
2054
2130
2117
2129
2120
2123
2111
2159
2176
2190
2213
2165
2110
2063
2024
2020
2034
1992
1980
1966
1959
1934
1954
2006
2037
2127
2092
2085
2064
2057
2041
2019
2010
2005
2003
2005
2030
2063
2078
2136
2117
2114
2085
2050
2016
1969
1934
1910
1914
1938
1987
2034
2088
2160
2239
2285
2307
2304
2293
2258
2224
2148
2128
2070
2009
2008
2002
2022
2054
2074
2103
2112
2152
2158
2147
2160
2157
2155
2097
2054
2006
1967
1937
1939
1948
1969
1996
2017
2040
2080
2096
2096
2080
2065
2029
1978
1941
1953
1979
2005
2074
2134
2202
2261
2304
2293
2269
2223
2186
2116
2068
2014
1976
2002
2026
2105
2201
2262
2314
2340
2283
2257
2170
2076
2036
1961
1908
1914
1928
1989
2040
2128
2194
2208
2209
2165
2136
2121
2095
2072
2072
2054
2064
2083
2095
2120
2120
2126
2100
2057
1999
1995
2005
2376
2384
2424
2424
2354
2254
2228
2233
2130
1961
1869
1869
1935
1973
2000
2068
2122
2115
2072
2004
1980
1931
1870
1906
1990
2056
2141
2207
2240
2231
2192
2169
2071
1940
1914
1987
2004
1998
1989
2088
2233
2286
2354
2417
2456
2364
2161
1997
2012
2050
1933
1819
1745
1777
1864
1914
1863
1965
2131
2288
2232
2132
2085
2116
2136
1946
1791
1754
1856
1925
1990
2080
2192
2226
2263
2247
2330
2304
2254
2192
2132
2076
2056
2096
2203
2195
2104
2024
2094
2228
2257
2165
2117
2173
2287
2261
2145
2090
2203
2227
2135
1939
1924
2113
2270
2260
2187
2184
2231
2169
2007
1817
1830
1948
2003
2024
2045
2177
2292
2293
2236
2179
2137
2059
1965
1892
1853
1852
2233
2149
2088
2062
2006
1953
1940
1948
1960
1931
1938
1950
1987
2019
2027
2119
2175
2153
2153
2118
2049
2011
1969
1974
1984
2083
2152
2208
2260
2264
2229
2216
2200
2100
2073
2026
1933
1887
1885
1911
1939
1974
2022
2070
2109
2150
2146
2165
2131
2127
2120
2130
2159
2204
2233
2291
2270
2226
2165
2059
2008
2018
2062
2164
2252
2346
2350
2335
2267
2126
1976
1826
1755
1808
1904
2008
2190
2374
2513
2575
2508
2360
2147
1917
1730
1643
1643
1731
1854
2001
2130
2293
2379
2394
2348
2265
2153
2024
1897
1809
1771
1783
1909
2065
2201
2314
2420
2467
2453
2433
2365
2275
2231
2137
2100
2107
2161
2211
2209
2199
2166
2075
1923
1845
1763
1790
1874
1944
1813
1857
1953
2050
2091
2170
2273
2301
2239
2092
2017
2048
2136
2242
2278
2226
2159
2127
2096
2087
1964
1872
1893
2037
2210
2272
2187
2070
2026
2104
2182
2186
2080
1999
2068
2250
2428
2569
2601
2557
2443
2361
2238
2096
1904
1755
1675
1700
1770
1901
2070
2190
2272
2262
2213
2096
2006
1899
1815
1798
1763
1819
1957
2070
2148
2178
2141
2184
2276
2311
2264
2154
2042
1932
1856
1936
2170
2430
2555
2518
2431
2288
2120
1920
1797
1696
1639
1631
1720
1864
2010
2216
2394
2530
2550
2522
2417
2264
2150
2097
2084
2024
1954
1921
1960
1960
1925
1894
1915
1932
1904
1912
1978
2075
2154
2258
2315
2354
2400
2449
2462
2425
2397
2348
2246
2081
1940
1918
2266
2337
2366
2410
2422
2364
2225
2050
1870
1719
1606
1599
1715
1907
2128
2304
2361
2305
2206
2054
1924
1864
1833
1859
1962
2056
2137
2154
2081
2012
1900
1776
1673
1640
1667
1758
1895
2034
2154
2278
2371
2429
2433
2427
2390
2264
2088
1906
1743
1662
1644
1763
1980
2287
2599
2800
2903
2857
2652
2359
2036
1716
1490
1394
1435
1613
1849
2090
2289
2397
2368
2214
2051
1882
1752
1719
1746
1814
1966
2151
2313
2452
2513
2490
2425
2309
2138
1917
1703
1464
1356
1361
1521
1760
2034
2253
2429
2536
2567
2550
2495
2414
2311
2260
2243
2277
2284
2301
2292
2305
2279
2303
2266
2243
2191
2131
2069
2012
1962
1866
1789
1789
1872
2072
2290
2454
2524
2464
2474
2222
1978
1760
1584
1510
1579
1738
1886
1901
1803
1680
1653
1672
1627
1592
1750
2159
2638
2956
3065
3023
2990
2921
2722
2383
1946
1598
1476
1553
1723
1933
2075
2130
2220
2336
2428
2450
2350
2206
2070
2007
2031
2065
2000
1748
1462
1277
1244
1416
1631
1800
1904
1975
2062
2152
2216
2195
2124
2006
1912
1907
1942
2037
2205
2369
2568
2724
2759
2717
2529
2298
1999
1719
1561
1508
1617
1862
2158
2393
2532
2565
2531
2425
2217
1951
1711
1575
1611
1771
2044
2272
2398
2378
2252
2081
1920
1838
1821
1886
1950
1996
2069
2205
2410
2643
2851
2951
2936
2811
2653
2443
2222
1958
1643
1304
1030
883
917
1143
1550
2016
2434
2716
2791
2677
2408
2123
1682
2049
2342
2491
2552
2665
2884
3177
3399
3399
3228
2793
2224
1579
926
411
71
88
475
1144
2025
2976
3737
4095
4080
3670
3032
2388
1818
1292
857
560
457
555
746
1074
1518
2101
2716
3287
3679
3890
3838
3550
3098
2544
1960
1521
1239
1162
1284
1616
2042
2491
2810
2939
2899
2605
2140
1558
1050
753
852
1319
2017
2771
3276
3451
3200
2705
2193
1816
1655
1767
2058
2432
2716
2721
2402
1787
1141
806
969
1535
2239
2765
2858
2592
2187
1823
1563
1420
1425
1570
1872
2182
2396
2409
2256
2133
2070
2007
1837
1625
1545
1757
2242
2862
3372
3620
3472
2848
1896
863
158
72
645
1661
2746
3474
3642
3258
2459
1574
928
875
1381
2198
7
0
0
574
1689
2859
3908
4095
4095
4095
4095
3774
2715
1597
658
12
1
96
725
1585
2403
2953
3153
2931
2382
1699
1085
676
576
751
1200
1836
2518
3150
3640
3903
3922
3689
3194
2588
1939
1411
1041
892
953
1212
1571
1984
2320
2534
2572
2460
2248
2047
1841
1689
1669
1812
2091
2517
2929
3219
3267
3031
2545
2000
1516
1164
1001
982
1147
1477
1927
2482
2986
3289
3335
3049
2552
2032
1654
1444
1481
1708
1996
2202
2337
2357
2212
1930
1532
1055
629
380
501
1010
1883
2996
4052
4095
4095
4095
4095
3203
1866
528
1
0
0
1
256
1768
3362
4095
4095
4095
4095
3380
1976
674
1
1
1
11
1053
2616
4095
4095
2502
2933
3349
3635
3852
3925
3799
3505
3011
2416
1791
1282
942
821
968
1340
1880
2482
2998
3430
3706
3827
3748
3492
3105
2549
1893
1263
662
184
1
1
2
180
560
1012
1513
1980
2415
2781
3046
3201
3237
3191
3084
2950
2812
2709
2725
2794
2893
3010
3136
3237
3253
3217
3110
2954
2759
2548
2302
1990
1604
1119
520
0
0
2
0
1
0
1
0
17
1074
2350
3534
4095
4095
4095
4095
4095
4095
4095
4095
4095
3535
2477
1434
482
1
2
1
2
1
2
282
959
1593
2051
2398
2666
2862
3048
3217
3383
3469
3458
3366
3187
2936
2630
2301
1976
1719
1576
1554
1621
1791
2025
2245
2438
2536
2541
2423
2211
1893
1542
41
1
0
3
0
1
0
1
1
0
1
1
64
847
1716
2557
3339
4001
4095
4095
4095
4095
4095
4095
4095
4095
4095
4095
4093
3529
2899
2250
1620
952
355
0
2
3
1
0
2
1
1
1
51
575
1230
1936
2674
3395
4077
4095
4095
4095
4095
4095
4095
4095
4095
4095
4095
3610
2949
2309
1652
1050
471
1
0
2
1
2
1
1
2
2
1
186
853
1591
2324
3041
3702
4095
4095
4095
4095
4095
4095
4095
4095
4095
4095
4095
3958
3241
2482
1710
964
271
1
2
2
0
1
3
2
0
1
0
0
0
265
1009
1818
2624
3406
4095
4095
4095
4095
4095
4095
4095
4095
4095
4095
4095
4095
4095
4095
3976
3413
2822
2265
1690
1169
633
179
1
2
2
1
1
0
1
2
1
1
1
0
3
2
1
2
1
0
2
1
0
2
0
0
0
2
0
1
0
1
2
0
0
0
1
0
0
0
0
0
0
431
1027
1597
2145
2680
3191
3678
4095
4095
4095
4095
4095
4095
4095
4095
4095
4095
4095
4095
4095
4095
4095
4095
4095
4095
4095
4095
4095
4095
4095
4095
4095
4095
4095
4095
4095
4095
4095
4095
4095
4095
4095
4095
4095
4095
4095
4095
4095
4095
4095
3649
3152
2690
2239
1793
1328
894
471
84
1
0
1
0
1
0
0
1
0
1
0
0
0
1
2
1
1
