2078
2082
2070
2075
2081
2102
2104
2092
2090
2073
2079
2070
2094
2085
2100
2090
2097
2088
2094
2096
2080
2086
2078
2072
2081
2080
2079
2093
2079
2059
2068
2083
2084
2084
2063
2070
2068
2081
2088
2103
2103
2086
2086
2085
2067
2068
2078
2059
2089
2086
2065
2087
2094
2079
2078
2088
2081
2089
2088
2083
2087
2072
2089
2079
2090
2093
2067
2083
2078
2093
2084
2069
2072
2077
2097
2074
2077
2082
2090
2062
2066
2063
2100
2077
2098
2079
2080
2096
2080
2072
2066
2081
2099
2095
2103
2063
2067
2087
2077
2087
2096
2081
2071
2083
2087
2076
2088
2084
2088
2083
2082
2083
2083
2081
2080
2079
2077
2070
2074
2076
2078
2090
2091
2082
2101
2082
2077
2094
2116
2091
2098
2107
2122
2099
2117
2092
2119
2118
2106
2132
2114
2105
2091
2108
2108
2120
2106
2117
2108
2118
2119
2121
2112
2101
2111
2101
2093
2083
2098
2120
2106
2112
2111
2110
2118
2088
2112
2115
2126
2113
2112
2111
2116
2141
2112
2101
2103
2101
2109
2100
2097
2094
2102
2107
2117
2104
2104
2116
2113
2112
2122
2120
2100
2119
2112
2115
2110
2121
2099
2097
2098
2109
2115
2106
2112
2087
2109
2099
2124
2118
2118
2118
2103
2088
2122
2122
2125
2108
2099
2110
2107
2125
2125
2117
2119
2123
2111
2094
2100
2097
2120
2135
2107
2119
2122
2115
2107
2113
2120
2103
2092
2092
2090
2110
2116
2112
2119
2109
2111
2119
2103
2106
2107
2115
2117
2122
2143
2129
2100
2090
2063
2066
2070
2044
2019
2022
2020
2008
1996
1991
2001
1980
2000
1984
1964
1950
1954
1966
1959
1964
1938
1921
1935
1929
1907
1905
1896
1882
1892
1887
1888
1882
1917
1930
1937
1963
2002
2013
2042
2063
2087
2116
2163
2204
2233
2266
2280
2299
2333
2351
2382
2391
2404
2406
2399
2401
2398
2369
2363
2343
2319
2301
2256
2234
2209
2174
2151
2132
2091
2096
2086
2043
2025
2030
2016
2022
2014
2008
2039
2026
2008
2007
2004
2003
2002
1986
1992
1986
1989
1971
1977
1949
1955
1959
1967
1942
1946
1947
1953
1964
1971
1973
1970
2004
2032
2056
2064
2086
2112
2139
2142
2176
2201
2197
2208
2237
2227
2245
2241
2259
2273
2279
2269
2288
2199
2214
2231
2248
2257
2226
2185
2165
2128
2094
2090
2103
2082
2068
2061
2037
2037
2024
2013
2011
2024
2025
2034
2001
2042
2034
2057
2076
2091
2089
2108
2118
2144
2168
2216
2256
2300
2325
2296
2268
2251
2206
2187
2163
2107
2087
2058
2068
2071
2070
2090
2117
2110
2085
2025
2000
1998
1998
2012
2017
2025
2034
2043
2021
2004
2024
2039
2082
2108
2108
2092
2078
2063
2058
2030
2027
1994
2004
1996
2005
2010
2040
2028
2064
2081
2114
2153
2198
2208
2212
2186
2173
2148
2143
2134
2152
2157
2120
2081
2042
2011
2033
2072
2111
2131
2170
2153
2133
2091
2089
2104
2131
2135
2116
2097
2078
2061
2069
2094
2109
2133
2144
2150
2112
2098
2088
2042
2065
2081
2092
2104
2131
2151
2151
2176
2183
2179
2153
2144
2111
2118
2131
2131
2134
2152
2177
2206
2238
2249
2252
2228
2224
2179
2118
2057
2019
1982
1911
1863
1825
1813
1792
1813
1817
1870
1890
1952
2010
2085
2137
2178
2178
2194
2221
2231
2240
2251
2261
2273
2261
2272
2237
2220
2209
2184
2181
2176
2152
2124
2095
2074
2060
2031
1998
1955
1928
1950
1944
1962
1978
2003
2017
2010
2057
2083
2064
2101
2123
2132
2164
2160
2131
2121
2089
2057
2032
2025
2053
2079
2097
2109
2136
2180
2197
2192
2190
2182
2156
2163
2131
2135
2075
2026
1971
1938
1909
1894
1872
1874
1917
1971
2014
2103
2172
2220
2257
2286
2290
2309
2292
2266
2219
2208
2181
2131
2088
2156
2049
1932
1841
1824
1795
1818
1845
1878
1890
1929
2022
2097
2137
2230
2256
2202
2166
2146
2079
2020
1978
1963
1912
1863
1851
1825
1825
1866
1905
1927
1982
2047
2068
2103
2156
2248
2324
2446
2549
2615
2656
2558
2460
2349
2253
2146
2101
2060
2053
2046
1985
2017
2041
2036
2083
2098
2137
2122
2066
2020
1958
1921
1916
1939
1987
2009
2027
2031
2014
2044
2071
2042
2045
2010
1976
1975
1984
2016
2048
2131
2184
2242
2245
2252
2246
2201
2159
2078
1965
1869
1780
1770
1809
1909
1987
2061
2109
2160
2231
2284
2317
2340
2289
2176
2079
1983
1982
2002
2064
2108
2124
2099
2039
1990
1955
1931
1915
1849
1820
1804
1882
2009
2158
2306
2421
2496
2494
2394
2277
2137
2035
1921
1859
1826
1778
1781
1752
1734
1764
1842
1922
2066
2185
2314
2451
2550
2578
2580
2532
2433
2302
2100
1935
1766
1673
1603
1613
1665
1752
1906
2056
2208
2363
2476
2507
2498
2476
2432
2335
2209
2085
1937
1790
1626
1514
1417
1368
1388
1494
1638
1895
2149
2440
2730
2956
3056
3052
2938
2719
2418
2102
1814
1594
1473
1449
1551
1689
1868
2013
2163
2256
2312
2306
2306
2293
2279
2300
2291
2276
2220
2112
1970
1792
1660
1561
1532
1580
1740
1907
2110
2319
2501
2607
2657
2614
2534
2395
2220
2032
1867
1751
1683
1696
1733
1805
1940
2050
2183
2290
2386
2452
2467
2456
2377
2319
2216
2077
1949
1829
1723
1634
1587
1588
1638
1735
1195
1232
1354
1548
1733
1917
2123
2273
2416
2502
2552
2576
2551
2484
2377
2261
2121
1984
1903
1832
1814
1852
1919
2014
2124
2249
2337
2362
2337
2253
2089
1914
1711
1545
1411
1364
1361
1423
1595
1744
1923
2112
2293
2450
2551
2591
2565
2510
2402
2301
2208
2131
2101
2095
2106
2177
2256
2342
2416
2471
2488
2491
2472
2427
2345
2224
2088
1950
1790
1621
1512
1391
1362
1374
1465
1617
1816
2062
2295
2486
2624
2706
2740
2698
2609
2478
2243
2018
1760
1541
1363
1295
1282
1359
1447
1586
1725
1875
2037
2198
2395
2532
2622
2611
2536
2394
2246
2126
2090
2120
2199
2298
2398
2421
2387
2337
2264
2180
2140
2097
2044
1970
1898
1794
1721
1730
1763
1886
2072
2003
1933
1827
1663
1532
1533
1604
1712
1759
1787
1848
1946
2118
2326
2506
2565
2610
2611
2608
2540
2430
2292
2145
1958
1760
1589
1491
1466
1527
1657
1862
2096
2318
2527
2711
2842
2919
2958
2950
2856
2727
2516
2347
2173
1997
1800
1568
1329
1148
1068
1124
1286
1482
1707
1919
2125
2325
2504
2629
2695
2694
2592
2456
2267
2136
2094
2093
2111
2065
1929
1792
1662
1651
1753
1932
2175
2410
2559
2560
2435
2277
2125
2061
2081
2153
2155
2137
2079
2023
2002
2033
2120
2203
2297
2363
2392
2363
2296
2222
2194
2135
2099
1996
1834
1698
1569
1493
1490
1540
1629
1793
1974
2206
2409
2594
2736
2828
2883
2891
2848
2755
2573
2357
2153
1911
1709
1522
1929
1886
1885
1940
2003
2081
2110
2143
2127
2126
2133
2136
2125
2108
2078
2016
1956
1916
1885
1871
1872
1870
1929
1992
2079
2192
2314
2459
2529
2597
2610
2547
2450
2318
2158
2044
1937
1852
1807
1799
1814
1847
1890
1952
2039
2112
2121
2114
2021
1890
1726
1584
1500
1482
1539
1640
1799
1988
2221
2443
2640
2777
2835
2816
2712
2520
2298
2074
1870
1707
1614
1584
1606
1714
1863
2068
2269
2473
2626
2675
2652
2485
2319
2102
1911
1745
1627
1581
1563
1613
1699
1819
1975
2133
2285
2369
2393
2416
2350
2238
2127
1942
1782
1659
1559
1512
1580
1763
2014
2321
2609
2884
3062
3150
3075
2928
2697
2398
2107
1796
1522
1330
1211
1201
1287
1494
1760
2097
23
0
0
1
0
10
535
1128
1574
1944
2283
2692
3157
3594
3975
4095
4095
4095
4095
4095
4095
3937
3398
2658
1770
936
244
1
2
1
1
1
1
398
1201
2052
2807
3381
3737
3844
3775
3594
3409
3247
3140
2976
2722
2405
2078
1819
1713
1683
1631
1428
1064
716
480
533
866
1334
1820
2249
2629
3079
3548
4036
4095
4095
4095
3808
3156
2392
1607
900
285
1
3
1
0
2
100
758
1497
2249
2930
3562
4088
4095
4095
4095
4095
4095
4045
3521
2940
2390
1798
1242
671
128
2
2
1
1
0
2
407
1158
1960
2771
3457
4002
4095
4095
4095
4095
4095
3962
3240
2438
1685
1020
474
1
0
2
0
0
571
507
647
934
1379
1890
2370
2778
3046
3146
3054
2847
2530
2191
1871
1617
1465
1417
1467
1615
1844
2090
2393
2654
2840
2941
2879
2636
2317
1907
1498
1132
864
790
847
1072
1392
1822
2284
2753
3172
3498
3682
3684
3488
3127
2615
1997
1388
854
489
343
447
772
1233
1787
2293
2742
3080
3269
3304
3191
2998
2703
2341
1939
1585
1281
1105
1102
1273
1596
2023
2530
2980
3299
3458
3443
3240
2920
2488
1992
1500
1091
745
483
404
466
736
1218
1776
2385
2939
3367
3605
3612
3438
3108
2652
2168
1697
1313
1062
890
891
1003
1281
1654
2055
2465
2789
2967
3022
2916
2691
2413
2097
1851
1665
1594
1586
1663
1782
1928
2080
2243
2331
2395
6
0
1
9
320
704
1079
1447
1818
2144
2449
2667
2878
3049
3182
3306
3428
3530
3632
3759
3862
3942
3954
3836
3582
3170
2622
1990
1370
788
319
0
0
0
2
26
359
761
1133
1433
1651
1808
1938
2051
2229
2408
2604
2822
3050
3283
3537
3778
3964
4044
3967
3731
3373
2928
2407
1889
1368
925
562
351
292
348
480
698
911
1146
1410
1656
1851
1987
2071
2149
2271
2413
2658
2912
3192
3435
3618
3782
3821
3796
3652
3369
2975
2474
1937
1439
991
643
420
368
515
849
1362
1953
2566
3084
3464
3675
3699
3508
3202
2805
2310
1783
1256
795
422
154
85
191
466
868
1332
1845
2300
2723
3075
3353
3600
3747
3857
3894
1145
992
895
893
949
1086
1247
1473
1711
1945
2215
2430
2628
2826
2996
3126
3217
3260
3248
3206
3076
2865
2603
2269
1928
1549
1143
772
440
214
64
0
6
113
320
605
954
1340
1752
2153
2523
2886
3237
3536
3818
4066
4095
4095
4095
4095
4095
4095
4050
3710
3319
2861
2378
1855
1316
762
307
1
1
1
1
1
0
0
0
0
0
242
899
1628
2346
3011
3660
4095
4095
4095
4095
4095
4095
4095
4095
4095
4095
3967
3385
2774
2146
1487
845
250
1
1
0
1
1
1
0
0
0
5
579
1323
2068
2732
3295
3727
4051
4095
4095
4095
4095
4046
3822
3505
3181
2855
2508
2194
1892
1606
1362
1151
1025
951
7
1
0
0
0
1
0
1
0
0
0
848
2945
4095
4095
4095
4095
4095
4095
4095
4095
4095
4095
4095
4095
4095
4095
4095
3970
2420
832
0
1
0
0
0
1
1
0
0
1
1
1
1
1
0
208
1323
2416
3411
4095
4095
4095
4095
4095
4095
4095
4095
4095
4095
4095
4095
4095
4095
4095
4095
3718
3303
2920
2544
2199
1826
1474
1076
659
203
1
0
0
0
1
1
0
0
0
0
0
0
0
1
0
1
0
327
1760
3164
4095
4095
4095
4095
4095
4095
4095
4095
4095
4095
4095
4095
4095
4095
4095
4095
4095
3957
2345
564
1
1
1
0
2
0
1
1
0
0
1
0
