2128
2099
2100
2117
2140
2120
2124
2115
2142
2127
2132
2120
2135
2135
2150
2146
2152
2152
2140
2147
2112
2129
2113
2110
2131
2127
2129
2127
2127
2121
2114
2108
2103
2119
2114
2117
2104
2097
2099
2110
2107
2116
2107
2111
2105
2108
2089
2081
2074
2099
2105
2100
2091
2082
2094
2096
2092
2098
2087
2085
2100
2094
2121
2092
2109
2111
2095
2110
2107
2119
2111
2115
2122
2130
2132
2140
2137
2135
2142
2141
2151
2149
2144
2145
2139
2131
2111
2137
2125
2115
2123
2108
2126
2096
2099
2072
2093
2090
2084
2072
2079
2075
2080
2076
2064
2063
2090
2080
2046
2056
2077
2077
2084
2097
2084
2095
2094
2102
2093
2088
2096
2079
2088
2104
2089
2100
2084
2097
2087
2088
2072
2075
2079
2104
2127
2107
2085
2098
2073
2081
2084
2094
2098
2086
2094
2074
2088
2088
2059
2044
2048
2070
2046
2072
2052
2068
2094
2071
2122
2077
2088
2072
2097
2084
2069
2096
2109
2105
2090
2087
2098
2098
2096
2094
2091
2115
2092
2085
2060
2097
2068
2075
2071
2114
2084
2099
2075
2082
2091
2088
2091
2117
2045
2088
2110
2072
2097
2093
2100
2133
2124
2090
2067
2096
2079
2104
2094
2071
2088
2110
2096
2106
2079
2073
2080
2064
2086
2079
2094
2097
2062
2062
2053
2074
2070
2062
2067
2088
2085
2090
2103
2062
2059
2065
2068
2083
2096
2056
2079
2071
2090
2082
2111
2077
2089
2093
2102
2062
2080
2092
2093
2083
2078
2082
2109
2106
2280
2214
2206
2194
2129
2118
2068
2012
1997
1978
1948
1918
1904
1920
1901
1919
1901
1912
1910
1977
2006
2036
2099
2099
2170
2186
2243
2228
2240
2259
2282
2319
2268
2287
2308
2280
2280
2255
2210
2214
2149
2126
2112
2101
2121
2086
2043
2033
2037
2049
2059
2053
2010
2073
2054
2066
2070
2085
2111
2106
2113
2132
2148
2164
2141
2144
2136
2139
2122
2113
2086
2091
2070
2071
2042
2037
2027
2047
2075
2087
2102
2088
2083
2142
2091
2080
2141
2134
2122
2124
2076
2079
2041
2035
2054
2038
2033
2003
2038
2044
2028
2030
2034
2012
2038
2076
2065
2079
2104
2096
2140
2165
2167
2146
2136
2126
2176
2140
2120
2070
2108
2045
1991
1987
1974
1913
1939
1931
2217
2232
2205
2157
2077
1950
1899
1891
1983
2081
2151
2152
2148
2163
2180
2183
2128
2074
2080
2146
2230
2258
2226
2170
2101
2036
1979
1979
1952
1988
2024
2059
2093
2084
2072
2054
2060
2102
2165
2147
2162
2149
2120
2058
2061
2034
2071
2044
2032
2002
2029
2056
2063
2030
1978
1908
1934
1960
2091
2194
2345
2455
2482
2518
2506
2462
2360
2244
2192
2133
2177
2165
2140
2140
2023
1963
2008
1972
1953
1915
1930
1945
1962
1961
1914
1903
1931
1996
2054
2087
2164
2182
2206
2235
2244
2263
2221
2172
2135
2115
2123
2063
1943
1896
1917
1947
2016
2016
2025
2029
2059
2050
2036
1972
2008
2114
2205
2246
2273
2273
2288
2255
2282
2238
2213
2136
2076
2073
1574
1477
1467
1623
1886
2195
2446
2604
2576
2438
2256
2087
1863
1763
1760
1812
1971
2166
2315
2392
2356
2280
2176
2065
1946
1867
1873
1954
2039
2172
2189
2175
2126
2126
2113
2121
2108
2164
2237
2262
2245
2190
2093
1952
1840
1764
1719
1806
1977
2183
2401
2537
2604
2526
2344
2177
1941
1768
1688
1742
1873
2015
2269
2443
2493
2486
2401
2217
2002
1869
1785
1771
1856
2061
2208
2391
2494
2476
2397
2228
2102
1896
1773
1729
1798
1904
2070
2218
2344
2326
2211
2106
1971
1860
1779
1793
1875
1978
2105
2136
2122
2066
2056
2064
2080
2125
2267
2410
2586
2578
2455
2335
2087
1884
1670
1584
1617
1742
1866
2008
2158
2254
2362
2339
2334
2272
2163
2088
1999
2128
2241
2258
2219
2071
1893
1783
1759
1789
1906
2011
2205
2382
2444
2428
2367
2241
2132
1976
1848
1816
1867
1940
2022
2095
2198
2342
2350
2260
2161
2048
1926
1842
1824
1858
1880
1950
2071
2191
2250
2317
2332
2308
2175
2018
1908
1864
1867
1889
1963
2028
2116
2198
2264
2370
2370
2258
2096
1969
1837
1652
1469
1442
1586
1808
2040
2321
2539
2621
2551
2463
2360
2189
2004
1908
1859
1877
1849
1836
1870
1840
1896
1981
2120
2241
2319
2316
2221
2199
2150
2226
2324
2297
2090
1908
1856
1792
1696
1649
1690
1720
1795
1961
2228
2461
2532
2546
2544
2477
2338
2227
2172
2071
1969
1911
1860
1819
1836
1931
2055
2256
2400
2414
2424
2439
2470
2381
1842
1820
1870
1898
2011
2120
2309
2410
2466
2375
2166
1936
1757
1674
1753
1945
2228
2383
2395
2228
1971
1808
1744
1834
2001
2182
2324
2357
2334
2287
2211
2171
2112
2081
1991
1917
1888
2009
2138
2242
2320
2328
2244
2136
2064
2032
2094
2127
2154
2154
2194
2219
2211
2213
2151
1957
1752
1576
1568
1685
1891
2079
2161
2093
1966
1838
1803
1868
2043
2208
2272
2263
2188
1990
1704
1523
1433
1465
1609
1785
1986
2216
2429
2635
2766
2777
2622
2359
2154
2008
1931
2000
2148
2251
2348
2394
2389
2300
2159
2079
2025
2046
2060
2085
2113
2124
2088
2148
2192
2253
2328
2314
2258
2195
2112
2058
2008
2010
2009
2050
2171
2255
2212
2055
1858
1690
1663
1658
2176
2302
2374
2332
2141
2023
2032
2086
2062
1926
1800
1826
2014
2296
2420
2506
2447
2246
1906
1804
1962
2025
1763
1401
1483
1985
2510
2660
2435
2219
2246
2272
2090
1798
1728
1859
1967
1928
1942
2112
2342
2608
2763
2773
2615
2336
2051
1848
1856
1917
2092
2307
2403
2332
2257
2226
2205
2172
2149
2108
2036
1935
1924
2045
2152
2173
2191
2158
2016
1879
1772
1862
2061
2298
2492
2557
2428
2226
2082
2049
2112
2240
2328
2385
2404
2279
2011
1713
1544
1552
1631
1756
1962
2213
2350
2405
2395
2240
1993
1737
1636
1714
1935
2225
2521
2708
2650
2424
2161
1986
1854
1652
1530
1630
1851
2109
2323
2546
2674
2598
2274
1902
1592
1472
1499
1591
1717
1884
1898
1952
2008
1839
1701
1901
2226
2408
2296
2043
1900
1919
1958
1929
1789
1724
1706
1724
1773
1880
2056
2228
2270
2196
2106
2106
2154
2217
2243
2230
2245
2276
2377
2503
2556
2220
1570
1068
1164
1836
2706
3172
3091
2783
2480
2233
1915
1521
1392
1457
1512
1478
1448
1628
2004
2421
2697
2792
2661
2471
2320
2132
1913
1698
1474
1482
1764
2134
2288
2076
1621
1440
1611
2008
2417
2638
2744
2830
2947
2918
2578
2141
1907
1959
2005
1895
1654
1606
1656
1912
2102
2278
2430
2471
2361
2144
1913
1691
1644
1895
2460
3067
3304
2888
2093
1329
939
1063
1544
2031
2353
2344
2318
2444
2624
2738
2598
2263
1904
1506
1203
1054
1222
1524
2035
2619
3143
3230
1701
2132
2510
2712
2683
2465
2114
1804
1608
1585
1740
1972
2223
2435
2595
2660
2568
2322
2032
1767
1594
1605
1786
2099
2472
2807
2988
2883
2479
1886
1293
923
897
1273
1899
2598
3141
3396
3279
2843
2276
1746
1428
1418
1644
2021
2391
2598
2536
2185
1707
1295
1163
1385
1843
2371
2786
2917
2787
2452
2032
1633
1428
1509
1846
2324
2759
2974
2856
2462
1902
1344
967
930
1234
1838
2522
3064
3295
3138
2676
1996
1362
974
942
1256
1736
2228
2588
2740
2659
2366
1978
1629
1436
1470
1688
1967
2198
2285
2257
2164
2069
2055
2181
2445
2768
2985
2985
2642
2106
1517
1092
893
1038
1536
2282
3050
3585
3695
3333
2645
1881
1176
791
763
1112
1693
1995
2271
2241
2143
1837
1417
1412
1972
2550
2519
2132
2195
2846
3486
3710
3539
2900
1721
393
1
134
896
1542
2160
2838
3059
2635
2136
2116
2288
2148
1935
2096
2469
2632
2590
2456
1988
1120
345
334
1010
1716
2100
2362
2574
2657
2644
2680
2864
2985
2756
2291
1812
1544
1466
1554
1954
2614
3027
2777
2185
1852
1844
1923
2020
2100
1908
1243
616
740
1576
2528
3186
3516
3484
3078
2582
2110
1686
1266
833
667
983
1648
2468
3248
3688
3661
3276
2728
2201
1924
2024
2218
2015
1423
1093
1454
2145
2597
2619
2292
1632
850
584
1274
2416
3176
3348
3234
3165
3123
2985
2656
2112
1418
709
178
158
835
1978
3096
3781
3893
3506
2809
2151
1965
1814
1728
1837
2083
2464
2811
2920
2682
2141
1450
876
723
1053
1742
2559
3201
3434
3214
2602
1804
1091
740
949
1601
2447
3175
3478
3249
2575
1689
951
638
853
1527
2406
3148
3531
3436
2896
2159
1488
1082
1108
1482
2099
2736
3232
3380
3120
2564
1920
1502
1388
1522
1861
2290
2705
2951
2816
2297
1592
1006
826
1075
1673
2421
3143
3532
3378
2653
1583
583
88
296
1150
2250
3152
3567
3368
2629
1623
825
595
1044
2059
3228
4095
4095
3928
2824
1371
67
1
1
592
2054
3540
4095
4095
4048
2786
1335
227
1
285
1435
2894
4095
4095
4095
3550
2062
653
2
0
317
1382
2660
3740
4095
4095
3463
2477
1420
510
4
0
4095
4095
3979
2429
796
3
1
2
2
1
1
1482
3178
4095
4095
4095
4095
4095
4095
3134
1426
1
2
3
2
1
2
407
2734
4095
4095
4095
4095
4095
4095
3934
2216
368
2
4
4
1
4
4
1008
2159
2896
3094
2896
2540
2326
2384
2650
2920
3071
3123
3184
3281
3312
3154
2694
1977
1177
472
26
2
21
326
860
1630
2547
3418
4080
4095
4095
4010
3493
2838
2115
1394
809
491
540
894
1424
1939
2388
2737
2981
3084
3017
2743
2302
1790
1355
1015
861
919
1193
1614
2068
2456
2771
2956
3076
3124
2985
2578
1982
1312
736
349
139
192
567
1239
2143
3102
3888
4095
4095
4095
3514
2669
1704
761
0
1
4095
4095
4095
4095
4095
4095
2900
979
3
1
3
1
3
1
3
89
2517
4095
4095
4095
4095
4095
4095
4095
4095
3163
1096
3
1
1
2
2
1
1
2
388
2070
3768
4095
4095
4095
4095
4095
4095
4095
2854
970
1
2
2
1
2
1
2
951
2974
4095
4095
4095
4095
4095
4095
4095
4095
2669
1013
3
1
1
2
3
2
2
2
564
1959
3303
4095
4095
4095
4095
4095
4095
4095
4095
2802
1360
79
1
2
1
2
0
211
1338
2500
3530
4095
4095
4095
4095
4095
4095
3760
3093
2306
1454
579
3
3
2
1
3
2
2
781
2112
3332
4095
4095
4095
4095
4095
4095
3918
3463
3020
2546
2
6
2
4
3
2
3
1
4
5
3
0
2
3
2
864
1915
2918
3866
4095
4095
4095
4095
4095
4095
4095
4095
4095
4095
4095
4095
4095
3984
3232
2490
1832
1252
787
410
176
79
119
324
596
945
1374
1815
2298
2776
3215
3632
4013
4095
4095
4095
4095
4095
4095
3965
3538
3044
2514
1880
1193
506
1
1
1
4
4
1
6
2
3
1
2
4
4
2
1
1
195
1131
2091
3030
3900
4095
4095
4095
4095
4095
4095
4095
4095
4095
4095
4095
4095
4095
4095
4095
4095
4095
3471
2745
2009
1231
522
1
2
1
3
4
3
1
4
1
1
2
2
3
4
2
2
1
2
3
3
