2087
2095
2076
2090
2099
2083
2082
2087
2086
2097
2117
2089
2093
2094
2091
2084
2097
2093
2095
2089
2100
2100
2093
2088
2065
2083
2086
2081
2076
2098
2105
2087
2096
2104
2098
2090
2091
2113
2102
2091
2088
2091
2097
2093
2101
2070
2089
2075
2081
2091
2088
2080
2089
2095
2075
2096
2086
2085
2090
2085
2093
2087
2102
2099
2094
2095
2102
2102
2105
2110
2098
2096
2104
2101
2102
2090
2101
2092
2103
2102
2094
2099
2088
2095
2085
2094
2099
2098
2080
2087
2087
2090
2087
2089
2086
2088
2088
2086
2115
2091
2090
2095
2092
2092
2100
2102
2093
2088
2080
2082
2094
2091
2080
2077
2094
2094
2098
2108
2100
2098
2095
2092
2085
2099
2094
2084
2087
2100
2110
2118
2106
2104
2109
2091
2090
2103
2104
2090
2094
2108
2105
2096
2097
2086
2090
2069
2085
2087
2096
2097
2105
2093
2089
2092
2089
2084
2106
2085
2088
2080
2106
2078
2068
2076
2080
2101
2098
2101
2089
2090
2087
2083
2096
2087
2084
2094
2086
2096
2093
2102
2087
2096
2084
2074
2071
2086
2099
2108
2105
2097
2121
2100
2075
2080
2091
2090
2083
2085
2101
2097
2092
2087
2086
2073
2080
2096
2076
2090
2082
2091
2085
2104
2106
2092
2089
2096
2086
2106
2097
2090
2100
2101
2095
2089
2101
2091
2090
2089
2095
2093
2081
2078
2105
2097
2106
2107
2098
2075
2082
2088
2098
2080
2100
2097
2076
2089
2079
2082
2078
2080
2086
2082
2083
2104
2097
2097
1913
1936
1946
1971
1988
2001
2026
2042
2073
2071
2111
2137
2145
2184
2191
2218
2213
2240
2247
2247
2268
2284
2287
2291
2296
2293
2295
2294
2288
2276
2287
2273
2274
2256
2228
2198
2214
2202
2184
2166
2146
2143
2136
2137
2130
2099
2098
2100
2082
2082
2080
2096
2079
2073
2091
2104
2086
2113
2121
2116
2115
2112
2112
2110
2116
2115
2130
2117
2110
2106
2086
2098
2106
2092
2110
2103
2105
2101
2100
2088
2096
2101
2110
2116
2116
2104
2118
2112
2117
2104
2100
2086
2084
2068
2071
2051
2060
2068
2061
2049
2064
2020
2034
2021
2019
1993
2030
2006
2019
2021
2015
2024
2036
2040
2052
2067
2085
2095
2126
2132
2153
2170
2186
2192
2200
2202
2205
2198
2091
2064
2084
2085
2070
2099
2122
2136
2137
2137
2153
2151
2153
2147
2141
2128
2137
2115
2123
2124
2126
2150
2156
2172
2178
2186
2184
2170
2160
2143
2128
2121
2098
2092
2096
2084
2093
2120
2134
2126
2138
2135
2137
2143
2143
2129
2113
2107
2114
2105
2096
2103
2112
2079
2075
2062
2052
2026
2011
1992
1981
1973
1984
2002
2019
2038
2072
2091
2122
2137
2136
2145
2148
2110
2089
2048
2014
1969
1949
1911
1885
1904
1924
1946
2017
2101
2168
2263
2340
2391
2442
2473
2479
2459
2417
2346
2250
2160
2068
1970
1889
1817
1777
1748
1781
1814
1884
2000
2083
2184
2267
2331
2349
2352
2323
2257
2208
2158
2084
2038
1998
1966
1968
1990
2029
2084
2094
2128
2178
2041
1920
1908
1978
2094
2188
2253
2284
2290
2284
2256
2184
2065
1920
1828
1858
2039
2235
2328
2295
2205
2193
2260
2336
2335
2248
2150
2106
2106
2136
2178
2222
2205
2117
1966
1846
1860
2027
2207
2309
2275
2186
2100
2027
1969
1956
2000
2040
2020
1987
1941
1948
2012
2051
2034
1988
1983
2046
2106
2109
2031
1968
1919
1916
1918
1930
1933
1960
1958
2010
2044
2116
2155
2166
2106
2032
2055
2163
2280
2298
2223
2114
2012
1900
1861
1938
2122
2331
2394
2341
2174
2068
2075
2113
2104
2099
2119
2193
2281
2315
2310
2258
2173
2113
2057
2085
2129
2248
2326
2335
2208
2006
1776
1572
1481
1597
1892
2238
2452
2502
2416
2231
2033
1932
1957
2068
2200
2213
2204
2131
2031
1998
2034
2143
2218
2227
2216
2205
2182
2083
1995
1963
1998
2056
2078
2076
2072
2069
2048
2036
2074
2146
2203
2187
2135
2052
2008
1994
2016
2134
2288
2383
2377
2276
2153
2114
2103
2076
2046
2072
2126
2172
2154
2073
2018
2046
2086
2057
1968
1910
1940
2046
2130
2197
2216
2194
2144
2092
2072
2094
2193
2292
2342
2248
2082
1923
1866
1937
2050
2158
2246
2313
2282
2156
1973
1885
1989
2123
2232
2243
2200
2108
2008
1907
1870
1936
2061
2107
2144
2181
2230
2266
2249
2201
2144
2112
2080
2031
1935
1851
1825
1849
1957
2082
2222
2275
2296
2254
2203
2108
1998
1925
1932
2020
2124
2207
2216
2165
2136
2112
2100
2090
2085
2044
2011
2108
2228
2307
2305
2258
2099
1900
1833
1867
2028
2346
2512
2458
2333
2125
1834
1771
1928
2113
2313
2387
2285
2161
2007
1908
2017
2158
2218
2218
2126
2038
1956
1882
1964
2106
2159
2206
2164
2012
1970
2031
2076
2137
2184
2181
2249
2234
2155
2144
2119
2076
2118
2212
2221
2161
2050
1976
2021
2104
2169
2160
2051
1879
1833
1932
2071
2241
2336
2303
2206
2140
2096
2024
2000
2034
2111
2130
2093
2058
2050
2093
2125
2123
2166
2251
2206
2002
1853
1871
1887
1908
2043
2247
2341
2272
2112
1956
1937
2112
2364
2503
2396
2163
2016
1966
1989
2117
2283
2405
2390
2261
2137
2114
2133
2086
2069
2174
2295
2231
2060
2009
2130
2208
2127
2046
2043
2066
2041
2158
2338
2425
2347
2162
1923
1765
1805
1980
2225
2435
2429
2206
1918
1770
1844
2089
2353
2386
2223
2006
1880
1906
2033
2104
2087
2144
2220
2061
1865
1848
1985
2220
2466
2554
2394
2182
2013
1852
1804
1896
1904
1880
1980
2126
2181
2162
2083
2023
1957
1833
1748
1743
1815
2079
2345
2439
2376
2185
2021
1955
1948
2032
2134
2174
2160
2228
2287
2243
2230
2227
2186
2104
1961
1899
1926
1992
2092
2092
1998
1961
2057
2185
2247
2167
1974
1932
2059
2172
2140
1913
1710
1835
2144
2343
2352
2194
1967
1904
1994
2114
2207
2143
1904
1770
1967
2207
2261
2260
2195
1996
1882
1984
2163
2260
2229
2186
2147
2126
2170
2184
2132
2050
1932
1952
2174
2356
2307
2284
1815
1457
1415
1792
2399
2852
2890
2592
2116
1631
1465
1650
1894
2142
2504
2653
2369
1982
1832
1974
2296
2450
2170
1828
1835
1935
1991
2255
2582
2638
2461
2206
1843
1640
1886
2322
2672
2900
2732
2170
1586
1427
1692
2064
2346
2586
2591
2240
1933
1979
2172
2380
2481
2325
2108
1977
1718
1426
1528
1870
2052
2041
1906
1858
2001
2147
2173
2200
2271
2294
2227
2010
1686
1593
1856
2104
2084
2044
2029
1986
2034
2093
2124
2358
2572
2415
2108
1926
1755
1758
1995
2044
1885
1894
2003
1966
2001
2120
2116
2147
2256
2217
2061
2051
2155
2180
2093
1979
1924
1963
2036
2167
2295
2335
2365
2442
2279
1988
1967
2140
2345
2540
2318
1798
1673
1782
1821
1822
1933
2197
2496
2625
2392
1884
1439
1454
1960
2527
2666
2391
2047
1992
2163
2319
2304
2149
2002
1941
1938
2028
2284
2612
2660
2221
1642
1441
1774
2362
2734
2594
2049
1480
1334
1686
2265
2619
2514
2153
1969
2134
2334
2257
2035
1923
2040
2199
2202
2055
1890
1815
1896
2096
2225
2117
1760
1399
1410
1824
2250
2380
2231
1969
1764
1806
2090
2377
2494
2422
2255
2087
1991
1943
1833
1692
1679
1929
2383
2748
2655
2233
1868
1770
1887
2015
2044
2028
2062
2132
2185
2118
1907
1807
2088
2644
3004
2800
2180
1580
1287
1377
1708
2069
2303
2352
2314
2262
2085
1777
1579
1790
2394
2909
2846
2272
1710
1619
1936
2180
2128
1952
1998
2275
2494
2472
2238
2129
2330
2427
2265
1879
1551
1533
1842
2271
2565
2558
2297
2011
1846
1833
1938
2042
2010
1856
1869
2211
2668
2856
2617
2095
1600
1354
1371
1553
1808
2038
2202
2351
2563
2771
2725
2280
1631
1174
1160
1519
1937
2141
2093
1930
1845
1951
2254
2558
2652
2436
2004
1648
1595
1831
2148
2328
2308
2154
1940
1802
1888
2232
2545
2574
2296
1935
1709
1714
1889
2106
2181
2078
1889
1762
1839
2152
2543
2796
2697
2274
1806
1592
1698
1926
2120
2246
2265
2093
1849
1779
2003
2381
2602
2526
2239
1911
1651
1600
1758
2069
2382
2553
2534
2363
2105
1890
1874
2109
2408
2575
2518
2321
2031
1732
1624
1827
2230
2494
2424
2148
1939
1900
1931
1947
2038
2172
2239
2740
2783
2400
2041
1765
1377
1338
2003
2732
2913
2717
2511
2284
1854
1345
1274
1794
2368
2642
2721
2610
2414
2204
1930
1710
1855
2150
2309
2392
2346
2047
1853
2017
1990
1593
1495
2024
2594
2681
2426
2124
1932
1781
1648
1726
2034
2327
2410
2305
1967
1438
1064
1238
1938
2713
3021
2749
2216
1854
1791
1975
2317
2650
2670
2384
2008
1644
1124
753
1215
2447
3412
3497
3038
2387
1623
954
846
1472
2406
2970
2948
2636
2214
1614
1013
944
1644
2686
3258
3187
2778
2310
1906
1728
1823
2085
2315
2405
2293
1941
1515
1230
1336
1916
2772
3406
3452
3060
2532
1984
1398
1014
1172
1784
2391
2690
2668
2437
1998
1494
1249
1465
1962
2451
2674
2596
2307
2933
2794
2728
2830
3041
3059
2648
1820
870
100
3
0
295
906
1455
1788
1894
1899
1928
2076
2365
2731
2997
3076
2918
2736
2738
3066
3564
3863
3698
3045
2015
819
1
2
3
3
3
604
1649
2595
3294
3722
3950
4050
4022
3639
2748
1660
884
648
781
1007
1318
1803
2366
2640
2371
1729
1172
1016
1135
1328
1579
2052
2736
3347
3580
3384
2939
2429
2120
2158
2448
2574
2283
1692
1128
767
520
361
530
1296
2458
3524
4095
4095
3949
3320
2366
1373
686
512
732
1193
1753
2267
2686
2979
3073
2905
2625
2504
2630
2840
2843
2463
1776
1032
529
362
529
1007
1648
2288
2786
3048
2933
2464
1805
1247
912
784
909
1445
2400
3464
3
1
1
1
839
2176
3387
4095
4095
4095
3810
3038
2180
1402
806
468
372
527
896
1463
2092
2660
3102
3331
3241
2841
2218
1499
957
610
603
921
1466
2115
2806
3453
4006
4095
4095
3828
3064
2150
1322
666
157
1
1
131
587
1207
1852
2360
2708
2873
2866
2757
2656
2554
2570
2726
2958
3144
3118
2854
2291
1480
532
2
2
2
2
3
848
2541
4085
4095
4095
4095
4095
4095
4095
2955
1647
463
0
5
0
3
32
900
1992
3067
4040
4095
4095
4095
4095
4095
3546
2743
2016
1412
921
610
391
308
327
425
538
697
879
1122
1408
1716
2059
2397
2830
3312
3830
4095
4095
4095
4095
3993
3390
2712
2062
1542
2472
2970
3496
3960
4095
4095
4095
4095
4095
4095
4095
4095
4095
3929
3604
3238
2831
2370
1866
1302
688
58
1
3
3
2
2
3
1
3
1
1
56
753
1495
2197
2835
3410
3918
4095
4095
4095
4095
4095
4095
4095
4095
4095
4095
3591
2622
1567
478
1
3
0
1
2
1
1
2
0
0
0
1
803
2029
3223
4095
4095
4095
4095
4095
4095
4095
4095
4095
4095
4095
4095
4095
4095
2925
1559
205
1
1
3
2
2
1
3
1
2
2
1
96
1053
2069
3000
3857
4095
4095
4095
4095
4095
4095
4095
4095
3876
3043
2124
1240
428
1
3
2
2
0
1
1
151
896
1720
2592
3440
4095
4095
