2086
2087
2095
2098
2096
2107
2097
2113
2094
2094
2080
2111
2107
2080
2088
2108
2100
2123
2090
2096
2104
2094
2094
2095
2109
2100
2084
2094
2092
2088
2086
2093
2104
2104
2101
2090
2085
2078
2098
2080
2087
2076
2088
2075
2090
2082
2092
2077
2077
2092
2095
2099
2093
2076
2083
2082
2097
2106
2105
2101
2115
2085
2092
2088
2100
2097
2096
2084
2119
2095
2088
2095
2094
2104
2093
2101
2085
2076
2102
2088
2085
2081
2073
2092
2101
2091
2100
2084
2094
2105
2116
2093
2098
2112
2103
2110
2105
2117
2091
2091
2099
2096
2074
2076
2074
2093
2105
2116
2095
2092
2091
2092
2108
2102
2093
2102
2083
2093
2108
2094
2098
2092
2091
2089
2101
2084
2099
2096
2104
2099
2073
2090
2091
2105
2095
2088
2088
2082
2092
2093
2110
2117
2112
2084
2103
2106
2112
2123
2088
2066
2088
2078
2097
2088
2107
2098
2083
2080
2104
2096
2088
2077
2074
2087
2104
2073
2086
2091
2075
2049
2070
2078
2073
2083
2091
2079
2095
2085
2093
2104
2099
2084
2075
2066
2074
2077
2083
2061
2067
2073
2078
2084
2081
2066
2061
2061
2101
2077
2080
2081
2079
2067
2086
2078
2097
2095
2083
2075
2099
2100
2097
2084
2074
2069
2080
2067
2094
2067
2071
2097
2092
2089
2080
2064
2091
2096
2085
2103
2084
2082
2096
2103
2092
2092
2107
2104
2102
2080
2062
2091
2078
2072
2080
2081
2104
2086
2092
2112
2093
2101
2109
2115
2124
2106
2095
2100
2054
2027
2042
2052
2088
2090
2116
2083
2108
2142
2124
2152
2134
2177
2173
2151
2134
2152
2160
2139
2111
2149
2154
2172
2146
2132
2142
2116
2112
2114
2115
2102
2110
2129
2099
2112
2116
2130
2118
2110
2101
2083
2080
2077
2089
2078
2069
2071
2092
2082
2090
2084
2083
2082
2086
2118
2148
2137
2158
2163
2162
2160
2168
2155
2186
2187
2187
2178
2194
2212
2183
2183
2195
2182
2172
2159
2168
2122
2105
2120
2081
2043
2021
1989
1989
1918
1918
1877
1851
1861
1871
1848
1870
1878
1896
1907
1932
1943
1969
1986
2013
2048
2074
2093
2111
2140
2158
2187
2206
2223
2210
2237
2238
2233
2234
2218
2223
2219
2206
2203
2184
2161
2174
2163
2126
2160
2141
2128
1823
1806
1807
1843
1901
1956
2006
2052
2092
2120
2105
2112
2119
2093
2088
2088
2080
2088
2052
2072
2051
2057
2050
2027
2043
2072
2085
2106
2151
2152
2178
2192
2208
2226
2214
2176
2129
2093
2051
2042
2009
2031
2039
2055
2104
2117
2129
2131
2108
2067
2039
2012
1973
1945
1944
1932
1958
2018
2068
2080
2137
2161
2166
2171
2174
2203
2207
2202
2200
2185
2144
2108
2100
2091
2073
2083
2064
2095
2102
2085
2077
2076
2095
2083
2098
2109
2130
2136
2111
2093
2073
2054
2044
2067
2096
2121
2141
2165
2171
2156
2140
2092
2071
2045
2013
2013
2004
2005
2018
2042
2034
2075
2075
2058
2120
2148
2164
2163
2126
2106
2089
2079
2072
2083
2072
2069
2056
2049
2155
2263
2268
2165
2048
1997
1970
1957
1999
2033
2060
2077
2072
2038
2018
1988
2000
2048
2087
2108
2104
2103
2152
2208
2315
2353
2332
2268
2187
2128
2084
2084
2045
1975
1902
1925
1980
2057
2120
2200
2224
2253
2222
2140
2049
1998
2022
2108
2160
2110
2033
1984
1976
2046
2111
2113
2136
2144
2128
2138
2110
2118
2114
2094
2073
2061
2077
2117
2150
2137
2120
2088
2075
2063
2075
2088
2082
2049
2089
2118
2123
2075
1992
1916
1907
1967
2092
2167
2190
2163
2134
2141
2179
2232
2260
2308
2295
2225
2139
2061
2020
1966
1940
1969
2035
2095
2130
2133
2177
2230
2234
2214
2163
2090
2013
1927
1909
1892
1965
2067
2159
2203
2225
2194
2140
2075
2035
1988
2083
2008
1959
1949
1979
1993
1982
2033
2072
2113
2121
2096
2116
2118
2085
2018
1983
1963
2038
2135
2254
2293
2312
2275
2188
2119
2080
2115
2146
2118
2058
2051
2109
2172
2158
2094
1993
1952
1895
1783
1732
1775
1932
2081
2100
1969
1841
1849
2041
2149
2123
1930
1758
1713
1790
1910
1979
1936
1809
1739
1776
1946
2207
2372
2291
2116
1947
1904
2003
2068
2105
2133
2142
2209
2250
2323
2276
2201
2039
1891
1931
2112
2238
2266
2196
2120
2044
2005
1978
1974
2028
2006
1951
1905
1893
1882
1933
1977
2089
2248
2367
2368
2226
2109
2036
2014
1990
1972
1980
2007
1997
2029
2138
2266
2293
2236
2171
2174
2227
2123
1975
1824
1809
1828
1888
1895
1976
2055
1940
1926
1995
2095
2204
2227
2205
2103
1933
1840
1789
1842
1943
2118
2297
2381
2390
2332
2213
2065
1976
1953
1991
2071
2197
2272
2320
2290
2191
2066
1972
1904
1906
1990
2105
2192
2228
2207
2117
1997
1881
1860
1910
2046
2205
2345
2400
2391
2285
2121
1947
1807
1775
1798
1959
2112
2260
2336
2349
2282
2135
2002
1904
1898
1950
2018
2106
2192
2252
2263
2195
2139
2116
2073
2057
2047
2039
2088
2097
2080
2056
2053
2090
2153
2204
2251
2246
2193
2099
1947
1866
1836
1869
1923
2040
2196
2323
2370
2327
2231
2110
1998
1945
1926
2008
2094
2160
2236
2224
2193
2120
2046
2003
2029
2071
2121
2159
2172
2146
2094
2035
2024
2073
2142
2206
2242
2224
2163
1817
1827
1962
2135
2187
2073
1999
2030
2075
2058
2063
2182
2358
2429
2463
2482
2424
2260
1968
1727
1607
1650
1745
1787
1803
1932
2206
2452
2545
2496
2375
2195
1968
1777
1782
1904
2017
2063
2143
2256
2321
2310
2229
2161
2086
1994
1948
2014
2151
2224
2260
2283
2256
2154
2016
2000
2049
2016
2024
2151
2244
2264
2258
2216
2167
2092
1982
1887
1863
1913
2014
2125
2226
2308
2361
2362
2349
2245
2093
1941
1802
1716
1719
1850
2053
2261
2377
2468
2446
2292
2104
1979
1907
1734
1558
1612
1894
2200
2392
2464
2471
2330
2136
1952
1773
1668
1656
1799
1994
2173
2285
2342
2393
2387
2251
2026
1834
1795
1800
1840
1939
2153
2291
2334
2348
2227
1991
1777
2070
2053
2083
2143
2219
2292
2313
2353
2308
2237
2109
1951
1853
1860
1995
2194
2378
2485
2468
2371
2210
2054
1935
1887
1897
1972
2055
2136
2187
2176
2145
2059
1984
1928
1902
1906
1938
1982
2091
2155
2165
2137
2060
2016
2054
2129
2250
2353
2402
2329
2142
1918
1755
1689
1757
1942
2094
2251
2342
2334
2270
2123
1949
1805
1661
1577
1569
1654
1853
2100
2331
2421
2387
2176
1960
1842
1815
1901
2028
2182
2281
2369
2374
2324
2219
2082
2041
2066
2146
2186
2185
2089
1934
1858
1853
1919
2049
2166
2202
2161
2135
2138
2159
2220
2235
2231
2169
2108
2127
2151
2175
2172
2126
2061
2011
2042
2040
2089
2107
2106
2096
2092
2078
2037
1971
1922
1953
2061
2202
2119
2101
2171
2172
2040
1914
1933
1982
1850
1719
1753
1850
1834
1699
1658
1806
2034
2209
2251
2163
2099
2246
2381
2300
2150
2166
2336
2376
2178
2023
2062
2276
2438
2405
2179
2063
2046
1989
1857
1818
1875
1933
1952
2033
2147
2129
2099
2205
2325
2230
2009
1891
1783
1632
1475
1590
1914
2216
2372
2438
2404
2296
2210
2260
2308
2149
1957
1971
2155
2406
2592
2608
2382
2118
1977
2004
1983
1905
1870
2001
2251
2453
2520
2388
2147
1937
1842
1841
1907
2025
2207
2411
2605
2681
2564
2298
1915
1594
1478
1585
1729
1839
1936
2135
2325
2373
2333
2279
2180
2038
1942
1991
2178
2331
2494
2630
2664
2508
2212
1856
1548
1295
1210
1441
1762
2083
2418
1757
1802
2017
2251
2375
2313
2151
2010
1968
1991
1999
1984
2030
2245
2548
2760
2733
2482
2224
2092
2015
1937
1868
1851
1970
2119
2176
2135
2040
2035
2089
2114
2028
1789
1537
1426
1519
1795
2204
2600
2883
2932
2800
2513
2192
1960
1859
1896
2023
2161
2251
2197
2048
1936
1968
2024
1968
1789
1572
1466
1569
1850
2146
2333
2355
2270
2117
2008
2033
2232
2414
2471
2313
2107
1999
2123
2179
1897
1440
1248
1460
1797
1831
1614
1567
1965
2622
3074
3076
2830
2634
2501
2298
2011
1799
1888
2164
2356
2354
2435
2581
2619
2365
1906
1656
1704
1875
1979
1946
1814
1668
1514
1437
1534
1873
2442
2914
3028
2712
2281
2058
2105
2189
2159
2078
2078
2233
2347
3342
3047
2493
1882
1351
1086
1097
1361
1804
2258
2677
2901
2873
2565
2086
1606
1266
1239
1508
1940
2456
2854
3078
3036
2745
2304
1821
1585
1604
1833
2137
2346
2426
2339
2218
2087
2006
1896
1842
1756
1727
1788
1901
2067
2238
2370
2409
2345
2202
2037
1892
1778
1723
1739
1861
2036
2201
2293
2314
2252
2206
2243
2400
2584
2625
2514
2270
2003
1854
1814
1851
1884
1932
2020
2093
2166
2216
2214
2192
2114
2065
2018
2011
2045
2107
2158
2160
2130
2137
2176
2225
2257
2170
1994
1858
1824
1826
1827
1878
2025
2316
2617
2804
2751
2475
2100
1774
1610
1549
1587
1736
2037
2340
2492
2365
2074
1765
1548
1427
1393
1438
1637
2055
2562
2902
2931
2693
2257
1490
1011
766
753
976
1561
2368
3102
3528
3538
3169
2541
1948
1513
1304
1384
1687
2034
2189
2082
1735
1509
1670
2215
2921
3389
3569
3581
3510
3200
2461
1336
148
0
15
779
1672
2120
2089
2094
2386
2830
3115
3018
2684
2604
2874
3094
2797
1901
779
165
415
1173
1901
2306
2447
2570
2761
2738
2257
1544
1026
1160
1990
2889
3340
3081
2366
1610
1235
1224
1477
1880
2491
3184
3624
3574
2914
1904
942
390
423
876
1494
2131
2653
2893
2876
2610
2353
2318
2653
3212
3623
3544
2844
1754
507
2
0
1
1
644
2065
3291
3991
4095
3837
3482
3292
3323
3379
3230
2600
1547
353
1
0
0
0
566
2221
3940
4095
4095
4095
4095
659
2011
3438
4095
4095
4095
4095
3472
1853
277
0
1
0
1
875
2496
4017
4095
4095
4095
4095
2747
1032
1
0
0
0
457
2065
3633
4095
4095
4095
4095
4095
2834
1364
169
1
0
148
1187
2416
3519
4095
4095
3821
2908
1795
720
0
0
0
584
1718
3006
4095
4095
4095
4095
3351
2051
735
0
0
0
0
790
2206
3601
4095
4095
4095
4095
3117
1729
377
0
0
1
2
1032
2529
3933
4095
4095
4095
4095
3406
2070
836
1
0
1
232
1294
2627
3817
4095
4095
4095
3628
2454
1240
279
0
0
1
288
1163
2202
3180
3964
4095
4095
3685
2798
1854
1043
533
400
611
1113
1774
2472
3173
3703
3966
4095
4095
4095
4095
4095
4095
4095
3824
3280
2639
1939
1215
470
0
0
0
0
1
1
1
3
2
1
1
2
1
589
1657
2725
3662
4095
4095
4095
4095
4095
4095
4095
4095
4095
4095
4095
4095
4095
3883
2911
1880
840
1
1
1
2
1
1
1
3
0
1
0
2
2
2
42
990
2099
3185
4095
4095
4095
4095
4095
4095
4095
4095
4095
4095
4095
4095
4095
4095
4095
3441
2437
1464
599
1
1
0
2
2
0
1
1
0
2
1
147
965
1814
2675
3505
4095
4095
4095
4095
4095
4095
4095
4095
4095
4095
4095
3999
3344
2704
2055
1450
914
419
2
1
3
1
0
1
0
2
1
1
