2098
2096
2094
2096
2091
2093
2088
2094
2087
2091
2093
2088
2091
2090
2100
2097
2093
2094
2096
2089
2094
2099
2094
2092
2093
2096
2088
2097
2092
2088
2090
2093
2096
2097
2091
2098
2094
2083
2099
2086
2093
2089
2084
2093
2096
2095
2087
2089
2088
2088
2077
2092
2094
2091
2099
2100
2093
2098
2095
2093
2094
2098
2091
2095
2083
2091
2096
2100
2099
2092
2099
2093
2096
2093
2101
2106
2102
2102
2106
2106
2094
2089
2108
2107
2101
2103
2105
2106
2104
2102
2106
2099
2100
2092
2086
2099
2088
2096
2091
2096
2097
2094
2098
2093
2092
2098
2091
2093
2102
2094
2096
2088
2098
2092
2094
2101
2098
2100
2094
2105
2100
2096
2102
2090
2090
2089
2100
2102
2095
2097
2103
2089
2094
2082
2094
2086
2090
2079
2087
2090
2091
2099
2090
2091
2076
2096
2088
2096
2089
2075
2095
2103
2110
2107
2107
2101
2096
2093
2096
2102
2093
2096
2102
2108
2100
2092
2094
2092
2081
2090
2095
2104
2100
2095
2093
2098
2099
2102
2098
2096
2107
2094
2089
2086
2088
2101
2100
2100
2093
2094
2078
2090
2084
2092
2105
2108
2108
2092
2095
2105
2101
2081
2091
2098
2099
2092
2089
2087
2095
2101
2092
2098
2099
2098
2097
2083
2096
2099
2099
2099
2097
2091
2086
2095
2085
2096
2106
2099
2095
2096
2100
2104
2110
2096
2103
2100
2096
2091
2085
2102
2096
2096
2097
2093
2092
2096
2096
2084
2093
2095
2092
2088
2086
2080
2106
2105
1893
1897
1868
1883
1875
1874
1857
1854
1857
1847
1861
1863
1871
1876
1886
1931
1938
1958
1984
1990
2003
2027
2051
2086
2109
2135
2155
2175
2203
2218
2227
2247
2263
2241
2260
2269
2272
2277
2253
2241
2231
2195
2188
2165
2141
2134
2128
2095
2061
2034
2008
1991
1987
1968
1994
1972
1963
1962
1968
1967
1965
1983
1996
1997
1998
2004
2027
2040
2056
2085
2087
2115
2132
2182
2178
2197
2232
2245
2263
2272
2252
2264
2281
2283
2252
2241
2222
2214
2203
2173
2180
2161
2153
2141
2127
2106
2093
2084
2065
2063
2056
2037
2026
2018
2008
2011
1999
1976
1960
1966
1956
1950
1948
1976
1979
1965
1970
1989
1995
2001
2016
2031
2056
2079
2082
2121
2127
2143
2192
2208
2209
2184
2130
2052
1992
1937
1924
1905
1868
1875
1902
1943
1990
2024
2037
2032
2008
2005
2021
2067
2095
2094
2067
2027
1998
1983
1987
1979
1970
1965
1962
1978
2002
2011
1994
1982
1966
1998
2050
2101
2127
2122
2102
2083
2076
2085
2062
2010
1931
1890
1867
1891
1933
1949
1930
1920
1939
1999
2099
2185
2250
2293
2322
2362
2428
2456
2418
2352
2246
2161
2093
2061
2032
1988
1948
1911
1901
1910
1922
1962
2005
2057
2120
2199
2214
2228
2214
2199
2200
2230
2239
2252
2234
2195
2152
2134
2086
2042
1983
1912
1861
1854
1882
1956
2006
2053
2096
2102
2128
2145
2132
2078
2007
1932
1903
1904
1906
1899
1908
1947
2000
2067
2123
2132
2102
2119
1875
1919
1994
2077
2169
2247
2279
2308
2260
2170
2101
2049
2013
2000
2020
2069
2126
2153
2190
2196
2167
2130
2062
2008
2003
2024
2068
2170
2237
2310
2344
2310
2237
2138
1988
1871
1798
1785
1860
1996
2192
2374
2500
2535
2506
2411
2250
2094
1912
1794
1771
1846
1937
2103
2207
2295
2279
2218
2102
1969
1848
1777
1784
1918
2088
2291
2448
2592
2607
2509
2340
2134
1901
1744
1669
1694
1765
1930
2124
2307
2425
2428
2368
2201
2030
1864
1752
1716
1804
1912
2088
2225
2294
2303
2210
2115
1979
1858
1806
1808
1921
2079
2263
2408
2504
2511
2433
2337
2226
2100
2000
1977
2014
2061
2072
2119
2106
2083
2047
2043
2033
2056
2092
2102
2164
2184
2190
2164
2278
2333
2303
2254
2243
2180
2066
1960
1924
1953
1992
2015
2016
2033
2024
2003
2024
2116
2198
2212
2214
2236
2266
2259
2264
2314
2346
2300
2192
2109
2023
1888
1736
1663
1734
1902
2085
2257
2396
2422
2359
2311
2305
2232
2072
1938
1922
1944
1903
1841
1889
2075
2310
2459
2486
2465
2440
2411
2335
2196
2058
1958
1888
1846
1854
1912
2012
2161
2299
2313
2192
2062
2054
2112
2084
1956
1877
1907
1956
1932
1944
2062
2203
2234
2181
2114
2045
1943
1884
1891
1900
1852
1840
1891
1960
2047
2187
2335
2411
2379
2300
2199
2146
2139
2121
2052
1992
1963
1979
2007
2083
2152
2140
2074
2033
1991
1974
2007
2141
2299
2390
2420
2421
2368
2276
2128
2049
2062
1948
2320
2620
2733
2619
2327
1958
1650
1521
1589
1796
2050
2276
2429
2485
2436
2309
2140
1998
1904
1874
1916
2032
2172
2275
2277
2176
2009
1861
1774
1817
1954
2126
2250
2244
2142
2001
1890
1855
1925
2076
2225
2326
2349
2268
2113
1907
1726
1627
1624
1727
1895
2108
2281
2382
2359
2228
2052
1939
1952
2097
2306
2508
2601
2545
2331
2044
1788
1659
1665
1784
1958
2140
2315
2476
2592
2642
2566
2358
2054
1760
1577
1555
1660
1871
2087
2224
2244
2175
2087
2024
1988
1964
1972
1989
2016
2056
2140
2255
2375
2402
2310
2106
1861
1679
1627
1679
1784
1885
1930
1955
2020
2194
2440
2638
2698
2575
2338
2071
1881
1805
1822
1859
1870
1851
1878
1972
2167
1920
2036
2234
2294
2228
2118
2055
2036
1997
2013
2118
2265
2379
2465
2511
2534
2484
2369
2219
2042
1843
1715
1787
2043
2244
2344
2442
2395
2067
1637
1523
1699
1847
1926
1993
2078
2140
2182
2287
2342
2172
1840
1557
1399
1306
1405
1759
2116
2290
2360
2397
2298
2059
1871
1807
1815
1862
1949
2106
2303
2380
2223
1998
1954
1982
2005
2166
2440
2571
2478
2413
2490
2560
2464
2216
1908
1711
1696
1758
1902
2177
2439
2461
2337
2314
2321
2132
1789
1560
1599
1802
2012
2229
2473
2514
2188
1845
1915
2218
2193
1790
1583
1882
2306
2394
2116
1833
1783
1866
1877
1850
2000
2338
2682
2888
2924
2744
2371
1982
1758
1711
1758
1868
2108
2392
2518
2466
2400
2296
2239
2124
2083
2074
1978
1760
1575
1623
1987
2472
2777
2722
2354
1910
1676
1742
2027
2362
2619
2719
2635
2328
1828
1370
1237
1521
1999
2383
2518
2522
2498
2384
2130
1830
1709
1876
2192
2384
2354
2234
2210
2303
2384
2289
2088
1912
1840
1814
1787
1814
1935
2129
2345
2497
2480
2260
2013
1948
2075
2177
2048
1771
1682
1993
2471
2607
2237
1750
1546
1671
1868
2032
2256
2522
2580
2352
2118
2213
2416
2393
2112
1820
1760
1808
1865
1970
2170
2382
2325
2086
1957
2030
2052
1835
1699
1850
2209
2473
2429
2277
2054
1880
1848
2188
2750
2987
2656
2054
1737
1804
1990
2093
2089
2043
1909
1870
2164
2630
2794
2457
2081
2069
2306
2324
1993
1549
1207
2143
2602
2872
2896
2660
2204
1648
1187
1034
1293
1837
2396
2726
2698
2340
1793
1315
1089
1185
1599
2196
2751
3127
3234
3114
2811
2455
2122
1860
1717
1752
1935
2227
2568
2802
2778
2437
1898
1395
1158
1294
1745
2297
2751
2933
2822
2450
1918
1395
1061
1018
1251
1692
2204
2604
2724
2552
2183
1749
1473
1483
1855
2375
2790
2928
2757
2337
1776
1233
873
837
1156
1704
2345
2896
3181
3140
2832
2385
1958
1654
1576
1749
2114
2507
2751
2765
2576
2243
1885
1599
1544
1757
2171
2612
2905
2899
2540
1950
1350
1021
1131
1636
2333
2983
3318
3226
2732
2011
1348
994
1064
1484
2078
2622
2934
2923
2569
2004
1438
1082
1065
1374
1864
2337
2604
2599
2326
1697
344
2
2
417
1388
2337
2968
2864
2088
1242
868
991
1518
2384
3296
3844
3700
3039
2364
2080
2192
2459
2821
3301
3597
3405
2924
2481
2046
1622
1334
1203
1011
744
736
1056
1399
1646
1998
2338
2390
2190
2146
2173
1920
1479
1316
1536
2020
2692
3394
3690
3257
2173
759
5
3
3
805
2498
3443
3610
3341
2870
2329
2078
2255
2552
2455
1854
1135
612
532
1076
2134
2969
3001
2488
2159
2202
2226
2009
1685
1279
723
176
212
1156
2562
3726
4095
3945
2982
1806
1070
1088
1573
2268
3039
3697
3936
3747
3398
2908
2114
1005
2
1
2
3
880
2464
3753
4095
4095
4095
4095
3621
2834
1859
742
27
42
550
1308
2234
3156
2512
1827
1127
609
483
795
1431
2171
2777
3066
3020
2710
2304
1981
1837
1870
2002
2127
2172
2146
2078
1982
1959
2065
2282
2544
2703
2660
2379
1905
1406
1134
1200
1622
2250
2878
3334
3452
3070
2282
1290
499
228
519
1141
1866
2493
2923
3080
2919
2534
2136
1965
2089
2343
2494
2476
2308
2076
1814
1543
1393
1579
2079
2684
3066
3080
2784
2382
2085
1896
1785
1702
1710
1766
1786
1676
1439
1272
1353
1757
2320
2842
3156
3219
3002
2560
1983
1446
1158
1237
1652
2226
2727
2988
2876
2395
1655
956
554
657
1241
2131
2992
3507
3516
3048
2215
1285
588
426
897
1839
2848
3558
3696
3320
2575
1682
899
504
724
1576
2798
3932
4095
4095
3642
4095
4095
4095
4095
3615
2576
1668
1155
1107
1358
1600
1768
1808
1827
1794
1728
1660
1725
2055
2703
3622
4095
4095
4095
4095
3041
1428
48
2
2
2
173
1109
2134
3126
3935
4095
4095
3999
3398
2783
2344
2186
2177
2313
2473
2462
2275
1936
1548
1177
931
857
1051
1531
2205
3063
3963
4095
4095
4095
3620
2346
970
2
2
1
1
1
2
1
559
1841
3147
4095
4095
4095
4095
4095
4095
3367
2497
1618
745
3
3
1
2
95
986
2079
3122
3944
4095
4095
3848
3028
1897
618
1
4
1
2
2
81
1693
3532
4095
4095
4095
4095
4095
4095
4095
3902
1860
2
1
2
2
1
154
1753
3451
4095
4095
4095
4095
4095
4095
3063
1412
3
1
1
1
1
1
1
758
2109
3364
4095
4095
4095
4095
4095
3566
2648
1764
982
399
96
48
262
712
1319
2031
2751
3385
3883
4095
4095
4095
3796
3313
2742
2109
1508
954
455
91
1
3
2
315
867
1564
2338
3111
3817
4095
4095
4095
4095
4095
4095
3474
2666
1788
931
168
4
1
2
4
1
334
967
1566
2054
2475
2843
3206
3599
4017
4095
4095
4095
4095
4095
3610
2765
1738
634
4
4
3
2
3
2
2
660
1850
2927
3794
4095
4095
4095
4095
4095
3526
2686
1832
967
176
3
1
1
1
2
2
297
1147
2103
3077
4035
4095
4095
4095
4095
4095
4095
4095
4095
4095
4095
4095
4095
4095
4095
4095
4095
4095
4095
4095
4095
4095
3528
2520
1520
526
2
1
3
1
3
2
1
0
1
1
0
1
1
0
1
1
2
2
2
2
1
2
2
900
2501
4043
4095
4095
4095
4095
4095
4095
4095
4095
4095
4095
4095
4095
4095
4095
4095
4095
4095
4095
4095
4095
4095
3303
1549
2
5
2
2
1
3
4
2
3
2
4
2
3
3
2
3
2
0
1
3
1
2
2
214
2078
3996
4095
4095
4095
4095
4095
4095
4095
4095
4095
4095
4095
4095
4095
4095
4095
4095
4095
4095
4095
4095
4095
4095
4095
3932
2069
109
2
1
1
1
0
1
3
1
2
1
2
