2084
2116
2100
2092
2080
2095
2107
2108
2139
2120
2101
2069
2079
2074
2071
2105
2112
2109
2090
2080
2088
2094
2115
2099
2120
2103
2073
2097
2095
2094
2075
2100
2073
2086
2102
2064
2064
2084
2104
2100
2104
2091
2090
2082
2111
2099
2081
2088
2080
2082
2073
2082
2090
2094
2092
2072
2114
2076
2071
2080
2092
2099
2088
2081
2077
2112
2095
2094
2120
2100
2120
2090
2106
2107
2104
2096
2124
2118
2096
2107
2095
2112
2103
2097
2091
2090
2081
2109
2120
2098
2103
2098
2101
2084
2068
2069
2102
2110
2104
2099
2097
2108
2099
2112
2112
2101
2084
2094
2096
2117
2115
2096
2094
2076
2103
2081
2090
2100
2081
2107
2081
2065
2095
2100
2113
2112
2113
2113
2032
2021
2080
2043
2058
2064
2079
2082
2096
2057
2036
2044
2062
2092
2061
2046
2050
2045
2042
2052
2063
2046
2035
2062
2038
2053
2027
2038
2052
2036
2047
2056
2050
2047
2036
2026
2028
2022
2027
2007
2044
2017
2062
2052
2064
2038
2053
2048
2059
2057
2067
2064
2056
2066
2071
2072
2079
2097
2074
2076
2074
2097
2096
2094
2096
2083
2110
2096
2089
2076
2096
2112
2109
2110
2105
2110
2112
2133
2121
2096
2111
2105
2120
2138
2152
2146
2153
2177
2144
2152
2148
2139
2156
2140
2126
2136
2152
2155
2158
2148
2148
2136
2164
2207
2183
2165
2154
2168
2152
2150
2144
2153
2170
2120
2128
2134
2153
2145
2101
2113
2114
2163
2164
2142
2122
2143
2120
2123
2075
2125
2183
2158
2165
2178
2187
2206
2242
2263
2248
2230
2237
2210
2215
2202
2145
2113
2131
2089
2092
2066
2039
2022
2003
2002
1998
1975
2000
2004
1979
1993
1989
2026
2028
2033
2033
2068
2104
2099
2125
2120
2114
2124
2121
2118
2128
2121
2107
2099
2112
2080
2078
2055
2054
2041
2072
2112
2118
2143
2168
2162
2161
2163
2152
2132
2079
2071
2053
2012
1986
1968
1964
1963
1998
2000
2036
2092
2112
2156
2188
2240
2287
2280
2296
2269
2271
2242
2202
2149
2064
2028
1938
1885
1856
1814
1817
1806
1781
1821
1846
1893
1932
1977
2047
2090
2175
2199
2211
2221
2225
2201
2209
2165
2105
2076
2049
2012
1982
1961
1962
1944
1960
1966
1988
2039
2073
2098
1790
1864
1982
2068
2183
2257
2336
2373
2391
2396
2331
2290
2262
2195
2184
2209
2230
2289
2337
2399
2407
2440
2436
2446
2423
2374
2335
2265
2175
2096
1993
1912
1854
1833
1827
1847
1873
1910
1925
1971
1985
1988
1964
1967
2014
2042
2080
2181
2257
2336
2379
2407
2436
2443
2397
2322
2254
2136
2076
1958
1917
1809
1800
1757
1762
1803
1854
1872
1897
1939
2041
2060
2098
2113
2120
2128
2111
2152
2165
2206
2248
2258
2320
2325
2359
2310
2239
2152
2075
1992
1905
1849
1752
1711
1705
1700
1730
1778
1811
1906
1992
2084
2168
2238
2299
2344
2364
2397
2417
2438
2412
2344
2277
2231
2141
2053
1991
1925
1876
1849
1868
1873
1952
1982
2042
2120
2180
2230
1579
1644
1705
1801
1902
2059
2129
2233
2291
2326
2333
2318
2256
2234
2221
2205
2217
2226
2236
2232
2200
2120
2018
1874
1747
1599
1485
1434
1425
1516
1591
1782
1983
2116
2280
2436
2547
2579
2597
2566
2492
2413
2326
2248
2175
2121
2078
2050
2048
2024
1993
1908
1833
1795
1786
1892
1997
2148
2317
2482
2573
2649
2644
2601
2439
2267
2128
1993
1950
1928
1909
1880
1832
1840
1828
1882
1921
1955
2040
2162
2241
2332
2392
2422
2430
2426
2400
2356
2331
2250
2176
2122
2059
1970
1916
1892
1909
1980
2114
2252
2353
2356
2293
2195
2122
2043
1958
2003
2117
2234
2297
2288
2239
2108
1886
1671
1546
1537
1587
1662
1772
1940
1983
2053
2149
2173
2229
2300
1515
1563
1635
1731
1868
2003
2124
2226
2250
2211
2127
2010
1885
1814
1779
1816
1881
1978
2090
2186
2283
2380
2472
2550
2608
2631
2634
2566
2445
2315
2118
1918
1784
1678
1675
1752
1851
2002
2117
2221
2271
2232
2187
2101
2027
1969
1925
1911
1929
1946
1990
2043
2092
2158
2221
2282
2332
2302
2246
2117
1966
1797
1616
1456
1360
1353
1419
1575
1813
2102
2376
2620
2799
2865
2876
2782
2642
2441
2236
2060
1866
1680
1553
1504
1485
1521
1616
1761
1906
2077
2237
2390
2486
2559
2575
2549
2494
2402
2278
2131
2004
1876
1770
1705
1707
1764
1860
1996
2144
2278
2386
2472
2486
2458
2403
2292
2168
2079
2006
1969
1986
2033
2092
2156
2232
2319
2380
2421
3063
3077
2966
2747
2459
2156
1877
1686
1601
1585
1576
1503
1349
1156
1028
1064
1302
1683
2106
2448
2651
2709
2659
2520
2374
2237
2128
2107
2154
2204
2244
2196
2058
1850
1656
1541
1560
1686
1857
1983
2052
2071
2053
2046
2067
2169
2296
2428
2575
2683
2741
2742
2656
2505
2318
2138
1994
1877
1795
1693
1598
1488
1448
1565
1815
2151
2476
2652
2693
2633
2561
2544
2556
2547
2460
2287
2112
1948
1848
1776
1698
1614
1568
1615
1814
2120
2434
2644
2711
2610
2448
2321
2242
2204
2182
2123
2023
1888
1747
1614
1519
1474
1474
1543
1728
1988
2274
2507
2646
2659
2584
2486
2395
2320
2265
2207
2115
1996
1818
1610
1456
1375
1397
1477
1590
1726
1892
2114
2550
2440
2295
2133
1987
1859
1770
1732
1770
1879
2052
2259
2466
2634
2727
2749
2707
2597
2465
2316
2164
2029
1932
1894
1912
1977
2074
2152
2185
2167
2092
1976
1847
1719
1620
1549
1525
1567
1671
1834
2032
2229
2391
2510
2548
2480
2321
2080
1845
1642
1514
1489
1554
1706
1912
2144
2376
2592
2765
2873
2902
2830
2715
2548
2368
2178
1997
1816
1650
1515
1448
1484
1614
1840
2103
2344
2532
2604
2584
2457
2280
2075
1889
1746
1640
1597
1606
1667
1760
1864
1950
2013
2072
2128
2190
2275
2396
2532
2652
2717
2713
2646
2537
2398
2274
2183
2125
2098
2100
2080
2050
2004
1942
1867
1799
1754
1748
1794
1867
1978
2111
2219
2274
2254
2156
1985
1799
1654
2392
2230
2071
1964
1888
1810
1719
1644
1672
1826
2062
2327
2546
2670
2692
2620
2504
2381
2280
2151
1959
1718
1518
1460
1610
1906
2180
2300
2270
2200
2164
2201
2220
2160
2037
1929
1919
1968
2011
1998
1967
2038
2240
2456
2516
2426
2308
2320
2464
2547
2404
2118
1926
1952
2038
1958
1687
1459
1509
1816
2113
2164
2068
2059
2224
2416
2412
2166
1871
1729
1774
1838
1807
1711
1689
1822
2017
2083
1972
1823
1828
2003
2175
2160
1994
1886
1981
2183
2269
2215
2144
2181
2286
2313
2232
2173
2210
2274
2245
2130
2097
2258
2499
2631
2570
2456
2410
2454
2478
2396
2244
2124
2116
2182
2231
2180
2052
1926
1892
2010
2212
2335
2268
2054
1846
1771
1812
1843
2071
1810
1544
1323
1176
1149
1255
1500
1834
2204
2552
2834
3036
3148
3189
3143
3002
2778
2477
2147
1833
1587
1424
1351
1339
1391
1506
1670
1861
2070
2262
2418
2518
2550
2500
2381
2212
2045
1888
1795
1798
1890
2054
2247
2437
2583
2674
2683
2622
2504
2332
2148
1965
1792
1662
1594
1576
1615
1694
1765
1817
1848
1887
1952
2045
2160
2297
2457
2594
2695
2699
2565
2287
1924
1543
1229
1022
975
1100
1371
1760
2182
2560
2820
2950
2956
2873
2731
2536
2290
1981
1636
1283
978
759
687
772
1045
1506
2099
2721
3328
3734
3895
3798
3473
3011
2475
1986
1600
1352
1269
1335
1515
1783
2083
2370
2600
2746
2758
2645
2411
2118
1823
1593
1478
1479
1592
523
634
944
1374
1862
2321
2735
3112
3468
3687
3630
3305
2834
2372
1990
1636
1271
942
722
628
719
1005
1510
2091
2562
2872
3068
3323
3589
3713
3515
3014
2426
1926
1589
1338
1089
909
849
958
1220
1631
2140
2682
3095
3315
3330
3204
3020
2792
2538
2227
1943
1702
1526
1368
1245
1225
1412
1751
2130
2368
2458
2577
2824
3148
3354
3244
2830
2299
1842
1481
1160
907
764
817
1024
1298
1561
1889
2277
2654
2858
2830
2675
2530
2421
2293
2069
1811
1663
1678
1760
1853
1904
2021
2300
2723
3132
3374
3359
3128
2719
2224
1696
1201
792
582
570
761
1073
1449
1857
2292
2690
3031
3260
3331
3287
3114
2773
2219
1580
975
573
465
581
829
2279
2278
2189
2063
1981
2004
2142
2338
2528
2625
2584
2400
2046
1577
1028
492
30
3
3
98
764
1733
2815
3840
4095
4095
4095
4095
3925
3001
2026
1157
528
242
296
640
1153
1700
2158
2442
2529
2444
2231
1947
1687
1500
1448
1550
1816
2184
2576
2886
3067
3110
3058
2980
2906
2864
2851
2830
2775
2677
2510
2279
1980
1658
1333
1028
808
724
818
1107
1571
2141
2730
3242
3595
3719
3596
3236
2710
2142
1646
1288
1086
989
957
984
1058
1180
1342
1550
1792
2077
2348
2590
2760
2885
2983
3066
3094
3032
2851
2522
2116
1702
1355
1169
1163
1303
1549
1797
1988
2094
2140
2195
2282
2439
2648
2883
3082
3168
3117
2932
2652
2342
2071
1874
1051
1216
1489
1873
2354
2838
3262
3535
3625
3543
3336
3052
2743
2417
2112
1863
1672
1602
1674
1898
2264
2710
3184
3608
3914
4074
4055
3871
3560
3113
2619
2144
1737
1451
1322
1338
1440
1579
1678
1698
1657
1577
1498
1437
1419
1418
1402
1363
1264
1092
868
625
433
363
464
753
1204
1757
2335
2871
3293
3556
3655
3613
3466
3262
3036
2810
2580
2352
2120
1908
1724
1602
1553
1586
1702
1855
2002
2121
2168
2146
2042
1901
1726
1578
1510
1554
1736
2063
2490
2958
3402
3748
3944
3964
3807
3504
3110
2659
2217
1800
1440
1168
961
827
777
812
900
1045
1223
1411
1606
1800
1955
2068
2111
2088
1981
1816
1598
1362
1151
998
958
1066
1353
1809
2
1
2
0
0
2
3
0
1
898
2625
4095
4095
4095
4095
4095
4095
4095
4095
4095
4095
4023
3269
2548
1903
1267
652
56
0
0
2
2
1
2
1
0
3
1
1
2
894
2091
3325
4095
4095
4095
4095
4095
4095
4095
4095
4095
3853
2403
1035
4
2
3
2
3
3
3
3
3
4
1
3
319
935
1645
2462
3371
4095
4095
4095
4095
4095
4095
4095
4095
4095
4095
4026
2454
842
2
3
5
3
3
4
4
1
1
1
553
2016
3396
4095
4095
4095
4095
4095
4095
4095
4095
4095
3749
3458
3246
3025
2704
2158
1370
387
3
1
1
4
3
3
3
2
608
1951
3246
4095
4095
4095
4095
4095
4095
4095
4095
4095
4048
2901
1662
507
3
1
3
2
4
2
1
1
4
401
1401
2392
3246
3919
4095
4095
4095
4095
4095
4095
3718
3267
2754
2251
1765
1303
907
596
382
287
314
452
701
1009
1350
1699
2006
2218
2346
2392
2311
2154
1948
1709
1525
1394
1340
1391
1576
1844
2213
2616
3059
3478
3826
4095
4095
4095
4095
4095
4095
3980
3566
3028
2402
1760
1091
447
1
3
1
1
3
3
6
540
1252
1976
2646
3234
3681
3977
4095
4090
3911
3615
3219
2737
2227
1718
1236
832
529
337
289
379
601
956
1396
1898
2420
2921
3348
3666
3856
3892
3776
3523
3145
2682
2170
1653
1156
713
332
55
0
