2089
2091
2089
2082
2089
2094
2089
2097
2091
2083
2098
2098
2095
2098
2096
2090
2093
2108
2095
2101
2101
2097
2102
2095
2096
2101
2094
2095
2096
2095
2097
2095
2090
2095
2092
2086
2095
2076
2089
2080
2088
2091
2089
2088
2093
2080
2087
2078
2080
2084
2082
2096
2088
2090
2089
2090
2098
2085
2083
2101
2090
2094
2089
2101
2088
2103
2107
2093
2102
2098
2088
2087
2088
2088
2093
2083
2102
2099
2091
2095
2092
2079
2100
2107
2101
2097
2093
2091
2073
2080
2082
2080
2090
2082
2086
2092
2099
2093
2091
2093
2098
2091
2088
2097
2085
2100
2084
2084
2101
2095
2088
2089
2090
2090
2079
2077
2081
2084
2087
2097
2105
2096
2092
2091
2091
2090
2088
2089
2100
2105
2096
2097
2106
2098
2101
2100
2097
2087
2093
2097
2097
2101
2096
2093
2094
2094
2104
2100
2098
2098
2101
2099
2100
2089
2092
2100
2096
2107
2091
2099
2098
2097
2094
2104
2106
2102
2096
2098
2106
2100
2112
2095
2100
2102
2099
2099
2091
2098
2092
2095
2094
2100
2091
2098
2103
2102
2100
2094
2094
2101
2096
2098
2096
2091
2095
2101
2096
2099
2113
2115
2101
2092
2089
2098
2108
2100
2103
2113
2108
2105
2103
2089
2086
2084
2090
2086
2086
2095
2100
2106
2102
2104
2086
2088
2086
2096
2092
2095
2092
2101
2106
2088
2106
2116
2102
2089
2102
2104
2100
2098
2092
2092
2097
2088
2094
2106
2101
2094
2096
2102
2098
2099
2101
2103
2086
2085
2448
2440
2426
2409
2391
2366
2359
2338
2325
2292
2284
2258
2221
2201
2172
2142
2123
2097
2066
2038
2011
1995
1977
1928
1919
1893
1872
1850
1831
1828
1832
1809
1793
1791
1777
1762
1777
1780
1782
1780
1804
1800
1826
1834
1858
1862
1903
1911
1934
1962
1967
2001
2009
2045
2058
2104
2126
2133
2155
2166
2192
2206
2238
2236
2249
2270
2284
2271
2282
2284
2271
2255
2264
2259
2234
2220
2213
2188
2165
2148
2134
2109
2087
2080
2052
2032
2030
2006
1996
1970
1963
1942
1934
1936
1922
1921
1912
1928
1926
1927
1935
1942
1951
1958
1983
2003
2017
2029
2054
2077
2096
2116
2141
2158
2182
2198
2218
2240
2258
2266
2279
2287
2300
2303
2306
2310
2314
2294
1848
1865
1872
1904
1959
1988
2034
2087
2128
2152
2190
2205
2229
2222
2242
2252
2276
2291
2293
2291
2288
2276
2244
2199
2159
2060
1970
1872
1786
1708
1673
1669
1722
1810
1908
1998
2088
2152
2188
2192
2198
2208
2234
2240
2274
2293
2290
2276
2235
2182
2120
2050
1984
1917
1860
1808
1732
1682
1647
1628
1666
1747
1872
2030
2195
2372
2524
2598
2604
2552
2446
2319
2188
2069
1999
1950
1943
1966
1992
2013
2016
2022
2028
2022
2036
2054
2087
2126
2164
2173
2156
2109
2051
1984
1946
1911
1907
1913
1946
1991
2051
2113
2167
2233
2281
2322
2363
2385
2375
2346
2285
2200
2118
2039
1983
1966
1996
2052
2139
2218
2283
2310
2299
2236
2140
2022
1893
1799
2060
1971
1912
1904
1925
1992
2087
2184
2250
2317
2381
2411
2381
2331
2289
2274
2222
2173
2090
2034
1992
1952
1945
1894
1862
1810
1851
1977
2178
2401
2537
2584
2521
2434
2322
2223
2142
2058
1985
1862
1710
1551
1439
1404
1495
1669
1878
2095
2300
2475
2620
2726
2747
2662
2461
2189
1918
1728
1610
1581
1564
1603
1638
1708
1856
2028
2212
2400
2542
2630
2616
2546
2436
2277
2160
2066
1970
1929
1840
1768
1782
1863
2014
2219
2393
2456
2460
2355
2212
2034
1855
1700
1612
1569
1610
1724
1907
2107
2288
2420
2516
2595
2624
2607
2573
2501
2320
2141
1990
1868
1800
1750
1687
1650
1620
1650
1756
1944
2196
2415
2568
2581
2465
2276
2028
1816
1666
1610
1973
1866
1817
1828
1930
2080
2216
2316
2352
2341
2263
2168
2055
1940
1871
1892
2009
2178
2324
2402
2377
2259
2120
2011
1946
1892
1865
1911
1986
2058
2096
2112
2098
2106
2158
2277
2348
2306
2076
1842
1672
1640
1746
1872
1980
2070
2152
2348
2576
2741
2784
2663
2471
2282
2096
1952
1832
1769
1724
1754
1867
1994
2104
2182
2216
2152
2054
1903
1740
1570
1442
1367
1422
1606
1837
2038
2149
2151
2061
1983
2040
2282
2637
2895
2909
2700
2374
2132
2040
2070
2164
2208
2165
2094
1990
1918
1948
2059
2255
2435
2450
2322
2103
1933
1875
1920
2017
2090
2111
2055
2002
1991
2060
2187
2312
2416
2524
2604
2584
2457
2163
1843
1667
1703
1888
1987
1901
1697
2422
2475
2523
2559
2544
2421
2167
1807
1492
1280
1298
1530
1911
2283
2521
2515
2292
1932
1595
1390
1367
1525
1831
2199
2536
2744
2808
2732
2571
2359
2134
1878
1661
1514
1499
1632
1894
2249
2577
2809
2825
2601
2174
1648
1175
903
952
1319
1904
2523
3006
3256
3242
3042
2735
2354
1978
1636
1402
1272
1314
1506
1812
2154
2424
2568
2577
2475
2272
2038
1838
1688
1630
1693
1894
2191
2515
2769
2875
2768
2470
2056
1675
1423
1380
1507
1788
2097
2363
2532
2567
2470
2304
2115
1948
1838
1817
1873
1993
2148
2237
2292
2268
2203
2128
2042
1978
1900
1835
1806
1820
1875
1966
2070
2154
2213
2256
2263
2255
2250
2234
2208
2197
2178
2148
2117
2060
2025
2625
2637
2488
2232
1937
1707
1572
1526
1505
1559
1681
1914
2235
2523
2628
2576
2407
2242
2140
2078
2070
2057
2056
1986
1746
1372
1070
1108
1346
1624
1994
2481
2808
2740
2482
2420
2521
2490
2275
2005
1796
1709
1878
2183
2400
2180
1798
1728
1964
2212
2209
2239
2379
2496
2546
2642
2580
2168
1613
1332
1516
1960
2283
2357
2305
2466
2805
2974
2824
2504
2140
1651
1176
1112
1534
2204
2821
3128
2988
2537
1974
1515
1215
1165
1384
1619
1716
1832
2098
2323
2308
2274
2389
2529
2506
2359
2118
1784
1525
1490
1534
1412
1242
1212
1456
1798
2182
2561
2877
3012
2856
2380
1845
1601
1602
1674
1757
1960
2151
2122
2004
2031
2220
2422
2538
2447
2148
1854
2557
2616
2529
2308
2054
1824
1645
1617
1790
2044
2288
2420
2374
2231
2000
1751
1603
1637
1871
2202
2549
2767
2722
2381
1871
1335
954
900
1246
1828
2563
3162
3509
3474
3127
2555
1965
1532
1398
1553
1885
2281
2511
2536
2310
1968
1611
1424
1540
1922
2410
2852
3088
3042
2722
2193
1615
1128
880
938
1312
1816
2300
2621
2702
2583
2329
2070
1910
1931
2088
2281
2391
2318
2083
1756
1459
1349
1473
1867
2366
2832
3086
3050
2678
2116
1536
1110
1045
1296
1804
2405
2884
3056
2863
2409
1841
1373
1200
1421
1947
2603
3131
3321
3089
2555
1941
1418
1193
1293
1655
2136
2532
2700
2554
2214
1796
1500
1443
1606
1878
2196
2446
2564
2503
2302
2088
1930
1414
1340
1566
1944
2345
2623
2661
2379
1942
1637
1650
1933
2335
2553
2406
2001
1630
1494
1509
1558
1744
2204
2799
3109
2862
2193
1444
928
882
1292
1842
2184
2316
2490
2777
2909
2614
2066
1759
1875
2135
2278
2289
2235
2096
1841
1627
1605
1837
2256
2694
3008
3124
3012
2719
2292
1800
1402
1341
1688
2219
2528
2392
1968
1532
1286
1230
1292
1486
1838
2218
2392
2276
2027
1884
1846
1746
1592
1707
2271
2928
3100
2688
2138
1857
1754
1510
1185
1197
1826
2720
3256
3149
2654
2238
2055
1909
1763
1797
2122
2607
2873
2843
2682
2483
2166
1672
1230
1200
1543
1970
2237
2421
2726
3150
3382
3215
2763
2341
2133
2034
1890
1717
1596
1500
1377
1386
1735
3376
3474
3424
3190
2746
2148
1563
1124
934
978
1247
1597
2005
2405
2763
2951
3006
2914
2789
2740
2711
2668
2546
2287
1870
1452
1146
1020
1012
1176
1465
1908
2488
3092
3513
3617
3383
2852
2184
1541
986
653
566
797
1312
2003
2648
3099
3254
3100
2737
2271
1785
1376
1052
952
1103
1521
2118
2768
3332
3675
3663
3289
2617
1784
980
397
264
563
1268
2198
3087
3724
4000
3945
3647
3200
2558
1835
1210
829
753
911
1198
1515
1863
2223
2559
2853
3067
3128
3046
2848
2582
2178
1673
1118
638
404
515
895
1511
2235
2946
3421
3647
3550
3142
2512
1757
1020
449
204
312
726
1392
2274
3172
3868
4095
3952
3375
2637
1910
1321
951
842
3
159
1075
2023
2855
3543
4095
4095
4095
4095
3744
2900
1952
1051
154
2
3
3
541
1583
2525
3217
3774
4095
4095
4095
3778
2808
1714
775
133
1
1
2
1
620
1748
2842
3620
4029
4095
4044
3848
3421
2758
1924
1124
545
336
430
747
1184
1687
2211
2640
2968
3143
3096
2791
2216
1530
939
616
562
658
775
987
1323
1855
2555
3246
3743
3958
3904
3730
3474
3152
2733
2165
1525
870
328
2
2
1
54
331
706
1156
1706
2354
3083
3793
4095
4095
4095
3926
3523
3126
2664
2017
1223
436
4
1
1
3
123
448
816
1270
1820
2446
3040
3446
3579
3474
3299
3241
3338
3596
3861
3962
3854
3561
3181
2780
2352
4095
3846
2964
2112
1368
805
406
142
3
3
31
204
463
822
1282
1866
2598
3417
4095
4095
4095
4095
4095
4095
3759
2608
1395
258
1
1
1
1
3
313
1492
2783
4020
4095
4095
4095
4095
4095
4095
4095
3617
1639
2
5
2
1
3
3
2
3
110
2660
4095
4095
4095
4095
4095
4095
4095
4095
4095
2596
3
1
3
4
3
4
3
3
135
3213
4095
4095
4095
4095
4095
4095
4095
4095
3502
1267
1
2
3
2
2
1
2
1
2
2
829
1810
2610
3227
3692
4095
4095
4095
4095
4095
4095
4095
4095
4095
4095
4095
4095
3782
1955
2
2
1
2
1
3
0
1
2
1
1168
3480
4095
3
25
469
968
1437
1884
2302
2678
3012
3312
3564
3808
3979
4095
4095
4095
4095
4095
4095
4095
4095
4095
4095
4095
4095
4095
4095
4027
3804
3522
3150
2753
2295
1819
1352
900
466
120
1
3
1
0
3
1
2
0
79
362
639
885
1105
1296
1418
1530
1542
1532
1499
1424
1352
1284
1236
1207
1227
1309
1429
1565
1738
1931
2105
2298
2463
2619
2739
2838
2931
3024
3106
3184
3277
3372
3486
3616
3744
3912
4069
4095
4095
4095
4095
4095
4095
4095
4095
4095
4095
4095
4095
3713
3258
2766
2256
1746
1247
785
324
2
1
4
1
1
1
2
3
1
2
3
4
3
4
2
2
1
1
1
29
880
1866
2821
2
4
1
2
3
1
4
5
2
3
2
2
3
2
194
623
1036
1432
1860
2248
2626
2994
3341
3681
4013
4095
4095
4095
4095
4095
4095
4095
4095
4095
4095
4095
4095
4095
4095
4095
4095
4095
4095
4095
4095
4095
4095
4095
4095
4095
4095
4095
4095
4095
4095
4095
4095
4095
4095
4095
4095
4095
4095
4095
4095
4095
4095
4095
4095
4095
4095
4095
4095
4095
4095
4095
4095
4095
4095
4056
3765
3442
3142
2886
2609
2347
2099
1862
1648
1436
1239
1060
884
714
578
428
280
171
51
3
4
4
1
3
4
3
3
4
3
3
3
2
4
3
2
2
4
1
2
3
1
2
3
3
2
4
2
3
