2094
2092
2092
2094
2093
2092
2089
2091
2089
2092
2091
2094
2093
2099
2101
2096
2100
2095
2095
2097
2090
2092
2095
2095
2086
2093
2088
2095
2093
2093
2089
2091
2094
2097
2095
2101
2098
2100
2103
2097
2098
2096
2096
2095
2095
2093
2085
2093
2095
2102
2099
2093
2094
2092
2095
2096
2100
2095
2098
2096
2095
2097
2094
2093
2095
2095
2093
2096
2092
2089
2091
2089
2091
2087
2093
2091
2090
2096
2097
2090
2096
2097
2092
2092
2098
2090
2095
2096
2099
2099
2109
2098
2099
2104
2099
2100
2096
2092
2094
2091
2097
2099
2096
2093
2102
2100
2095
2099
2105
2099
2089
2090
2090
2099
2101
2092
2098
2108
2097
2096
2092
2100
2098
2094
2093
2096
2100
2098
2091
2098
2092
2098
2096
2104
2097
2096
2094
2100
2092
2091
2103
2096
2102
2102
2096
2098
2102
2092
2100
2098
2096
2095
2089
2094
2094
2096
2097
2101
2091
2092
2096
2095
2096
2095
2098
2102
2100
2094
2102
2100
2094
2100
2094
2099
2099
2093
2093
2092
2090
2095
2092
2095
2093
2098
2099
2096
2095
2092
2098
2102
2096
2099
2096
2095
2096
2099
2100
2098
2095
2087
2101
2096
2087
2091
2091
2098
2091
2089
2089
2091
2096
2097
2099
2094
2102
2099
2096
2085
2086
2096
2089
2090
2093
2103
2093
2093
2092
2097
2096
2094
2088
2094
2088
2094
2093
2093
2091
2090
2094
2095
2092
2090
2095
2100
2097
2100
2092
2092
2100
2096
2090
2088
2096
2091
2095
2101
2238
2241
2232
2235
2225
2216
2214
2200
2188
2179
2160
2148
2135
2118
2097
2089
2066
2049
2038
2027
2012
1996
1988
1972
1968
1964
1960
1951
1958
1953
1958
1958
1965
1971
1979
1992
2004
2015
2027
2045
2064
2083
2094
2106
2116
2132
2152
2174
2182
2195
2217
2224
2235
2243
2254
2259
2265
2273
2274
2280
2282
2288
2276
2274
2274
2272
2266
2256
2252
2243
2230
2221
2212
2204
2185
2183
2162
2144
2127
2112
2098
2081
2059
2046
2033
2012
1997
1982
1965
1957
1943
1927
1920
1912
1901
1892
1888
1886
1887
1889
1891
1899
1899
1907
1924
1935
1944
1964
1977
2000
2014
2031
2038
2065
2088
2105
2115
2138
2152
2174
2188
2206
2215
2230
2246
2247
2258
2264
2007
1974
1945
1910
1882
1880
1882
1901
1929
1977
2033
2110
2174
2226
2262
2284
2308
2318
2294
2282
2259
2250
2235
2211
2196
2175
2157
2145
2133
2125
2104
2087
2054
2022
1978
1930
1889
1845
1803
1773
1755
1749
1767
1789
1827
1880
1934
2009
2075
2109
2160
2192
2229
2240
2244
2240
2220
2200
2176
2150
2132
2122
2118
2132
2132
2151
2162
2176
2195
2197
2199
2201
2190
2177
2166
2146
2125
2101
2074
2070
2056
2065
2071
2097
2129
2153
2179
2199
2218
2215
2209
2200
2173
2142
2115
2089
2061
2039
2019
2014
2001
2003
2013
2033
2043
2045
2052
2061
2049
2034
2026
2027
2043
2060
2102
2145
2204
2268
2307
2348
2367
2362
2335
2286
2229
2139
2041
1930
2104
2254
2387
2454
2464
2419
2369
2299
2194
2047
1916
1817
1762
1730
1689
1688
1755
1867
1977
2057
2124
2214
2312
2365
2352
2310
2273
2229
2176
2118
2084
2097
2158
2200
2183
2132
2089
2096
2090
2039
1977
1974
2042
2108
2099
2067
2054
2044
1999
1929
1866
1866
1919
2017
2112
2160
2170
2122
2094
2054
1994
1966
1981
1991
1984
1974
2022
2112
2224
2285
2295
2277
2290
2316
2307
2235
2103
1996
1980
1957
1874
1792
1801
1907
2008
2030
2023
2092
2207
2279
2281
2229
2224
2299
2337
2248
2104
2019
1990
1993
1979
1960
1975
2010
2058
2078
2086
2085
2125
2182
2216
2208
2130
2035
1998
2030
2062
2054
2017
1964
1948
2007
2123
2241
2276
2226
2201
2237
1731
1508
1383
1380
1507
1738
2010
2261
2416
2472
2419
2300
2127
1957
1805
1710
1691
1776
1938
2148
2348
2501
2580
2582
2524
2408
2256
2105
1978
1936
1973
2068
2166
2207
2174
2074
1965
1900
1882
1902
1907
1888
1841
1812
1832
1928
2060
2157
2188
2125
2023
1942
1917
1998
2131
2286
2389
2400
2326
2195
2073
2018
2034
2100
2177
2240
2256
2238
2208
2179
2158
2160
2147
2122
2081
2037
1990
1930
1866
1819
1818
1884
1997
2131
2235
2297
2286
2220
2116
2008
1902
1822
1760
1741
1764
1839
1970
2151
2346
2522
2628
2612
2491
2291
2077
1917
1861
1914
2041
2180
2264
2268
2214
2169
2176
2263
2381
2489
2534
2478
2344
2156
1983
1885
1834
1816
1796
1791
2476
2399
2283
2157
2012
1872
1765
1718
1787
2003
2296
2460
2426
2293
2216
2225
2258
2234
2173
2187
2260
2286
2196
2042
1870
1759
1673
1579
1505
1497
1594
1780
2054
2377
2588
2609
2464
2208
1893
1592
1398
1408
1640
1944
2166
2296
2380
2466
2526
2461
2255
1960
1706
1582
1633
1771
1916
2066
2229
2394
2545
2576
2478
2344
2216
2122
2047
1984
1927
1912
1938
2070
2212
2252
2173
2086
2095
2262
2495
2640
2652
2523
2320
2103
1943
1851
1796
1747
1695
1682
1783
2006
2272
2509
2606
2549
2388
2136
1848
1626
1531
1589
1750
1944
2132
2299
2423
2485
2464
2396
2293
2202
2126
2066
2040
2042
2064
2096
2065
1998
1938
1902
1913
1963
2053
2135
2195
2265
2762
2728
2535
2353
2322
2330
2248
2146
2114
2017
1791
1627
1680
1901
2043
2016
1900
1762
1645
1613
1786
2069
2238
2166
1934
1876
2032
2236
2336
2318
2241
2142
1999
1862
1820
1876
2026
2118
2052
1950
1904
1843
1729
1636
1605
1664
1753
1862
1947
2049
2200
2326
2384
2375
2270
2045
1810
1839
2102
2364
2447
2371
2270
2131
1998
1979
2116
2156
1922
1542
1375
1614
2023
2354
2573
2669
2647
2418
2207
2171
2226
2162
1923
1634
1523
1705
2116
2554
2766
2666
2329
1964
1730
1700
1774
1826
1853
2006
2269
2423
2422
2391
2427
2406
2201
1944
1833
1917
2019
2002
1905
1912
2102
2277
2191
1963
1887
1944
1893
1864
2055
2350
2450
2409
2488
2487
2194
1798
1928
1957
1972
1968
1942
1914
1917
1955
1999
2014
1999
1973
1962
1997
2092
2236
2411
2557
2642
2612
2503
2304
2080
1893
1807
1826
1917
2009
2037
1992
1906
1840
1819
1881
2000
2146
2296
2394
2392
2267
2040
1811
1672
1679
1803
1980
2127
2230
2281
2278
2212
2102
1974
1879
1855
1905
1986
2094
2184
2242
2256
2217
2152
2075
2015
1992
2017
2120
2242
2360
2392
2329
2197
2059
1958
1922
1938
1998
2101
2213
2272
2231
2076
1883
1746
1756
1920
2168
2392
2492
2462
2316
2108
1888
1727
1672
1764
1959
2200
2392
2478
2460
2352
2201
2058
1962
1915
1922
1957
2024
2120
2210
2260
2264
2194
2088
1978
1919
1940
2028
2143
2244
2312
2322
2269
2125
1949
1816
1703
1502
1594
2051
2456
2559
2537
2508
2286
1876
1541
1476
1624
1898
2302
2710
2986
3020
2785
2424
2055
1732
1418
1209
1271
1488
1632
1771
2108
2502
2675
2607
2510
2439
2248
1983
1872
2000
2152
2164
2142
2198
2279
2275
2188
1997
1732
1496
1465
1683
2036
2359
2547
2678
2752
2676
2444
2210
2077
1913
1670
1520
1566
1676
1806
2032
2347
2559
2597
2530
2410
2221
2009
1849
1856
2015
2193
2246
2212
2226
2261
2145
1862
1608
1535
1592
1643
1753
2061
2466
2728
2811
2924
3028
2880
2471
2053
1844
1758
1644
1646
1866
2091
2117
2061
2136
2268
2268
2185
2120
2067
2023
2059
2158
2209
2248
2380
2521
2475
2312
2226
2178
2052
1893
1834
1825
1822
1847
2237
2441
2483
2392
2248
2090
1938
1769
1608
1514
1517
1651
1898
2204
2498
2721
2779
2627
2294
1906
1606
1477
1547
1756
2032
2268
2410
2414
2313
2160
1990
1825
1701
1677
1799
2045
2312
2486
2468
2230
1855
1507
1325
1357
1565
1835
2126
2394
2620
2756
2758
2590
2329
2040
1790
1620
1549
1601
1793
2044
2227
2255
2167
2043
1942
1928
1961
2019
2076
2153
2241
2350
2486
2644
2756
2723
2511
2192
1868
1604
1427
1397
1520
1752
2008
2240
2435
2613
2752
2791
2674
2430
2132
1848
1614
1469
1478
1629
1862
2102
2291
2455
2623
2773
2862
2805
2501
2037
1559
1281
1321
1634
2046
2354
2430
2340
2248
2256
2312
2309
2155
1856
1577
1470
1526
1622
1652
1640
1773
1530
1672
1931
1987
1748
1441
1326
1551
1950
2279
2439
2494
2516
2518
2436
2267
2137
2101
2161
2296
2425
2449
2371
2148
1846
1528
1359
1479
1813
2225
2592
2759
2716
2484
2218
1950
1832
1828
2010
2259
2406
2394
2249
2108
2088
2199
2212
2101
1824
1511
1308
1416
1752
2215
2641
2818
2628
2215
1795
1566
1624
1887
2156
2264
2194
2047
1976
2001
2074
2105
1988
1817
1723
1810
1984
2180
2268
2156
1937
1703
1632
1804
2162
2521
2750
2671
2387
1935
1460
1142
1076
1310
1768
2361
2840
3039
2944
2624
2247
1876
1650
1571
1642
1797
1963
2123
2220
2273
2284
2225
2023
1771
1509
1348
1426
1860
2479
3108
3506
3506
3121
2407
1627
1040
831
1142
1901
2342
1581
803
216
2
294
1278
2641
3888
4095
4095
3409
2514
1974
1758
1712
1769
1887
2030
2182
2262
2144
1749
1208
940
1233
2055
3003
3637
3740
3331
2620
1829
1071
481
258
527
1329
2386
3246
3560
3332
2808
2388
2226
2302
2546
2799
2965
3010
2823
2291
1519
787
491
762
1509
2380
3056
3391
3346
2897
2221
1546
1046
820
968
1378
1936
2321
2435
2334
2060
1772
1576
1648
2073
2751
3276
3314
2960
2425
1963
1623
1457
1369
1402
1586
1909
2149
2006
1447
874
775
1333
2330
3147
3438
3356
3160
2969
2660
2138
1534
1374
1980
3105
4008
4049
3177
1968
1000
456
225
144
339
976
1931
2778
3090
2830
2374
2212
2658
3469
4095
4095
4095
3704
2784
1760
805
70
2
2
127
932
1974
3050
3968
4095
4095
4095
3724
2668
1423
168
3
2
4
2
386
1777
3126
4095
4095
4095
4095
3675
2614
1415
331
1
3
69
1147
2576
3928
4095
4095
4095
4093
2907
1484
114
2
2
2
2
460
2077
3731
4095
4095
4095
4095
4044
2659
1106
1
3
1
1
846
2330
3720
4095
4095
4095
4020
2802
1358
66
3
1
3
626
2054
3468
4095
4095
4095
4095
3174
1669
202
2
3
3
111
1440
2928
4095
4095
4095
4034
2914
1542
202
3
3
2
287
1833
3545
4095
4095
4095
4095
3952
2322
557
4
2
4
1
190
1991
3932
4095
4095
4095
4095
4084
2550
927
3041
3787
4095
4095
4095
4095
4095
4095
4095
4095
4095
4095
4000
3517
3044
2607
2206
1808
1430
1082
737
413
92
1
3
0
2
15
265
600
970
1380
1815
2267
2704
3145
3545
3853
4084
4095
4095
3991
3774
3496
3188
2843
2490
2116
1776
1494
1309
1233
1261
1412
1600
1782
1889
1908
1845
1728
1587
1502
1550
1746
2061
2440
2786
3076
3226
3189
3001
2645
2176
1699
1204
769
408
151
3
1
1
4
3
2
1
3
83
433
874
1375
1913
2478
3061
3641
4095
4095
4095
4095
4095
4095
4095
4095
4095
4095
4095
4095
4095
4095
3335
2343
1361
431
1
1
5
3
2
1
2
1
3
0
1
1
1
754
1727
2734
