2112
2111
2099
2105
2121
2112
2086
2096
2094
2109
2106
2080
2087
2074
2092
2125
2114
2087
2095
2087
2109
2097
2112
2116
2117
2114
2096
2100
2091
2081
2066
2068
2086
2077
2060
2080
2085
2070
2092
2104
2093
2101
2069
2084
2107
2112
2098
2078
2072
2104
2102
2106
2097
2107
2093
2074
2109
2110
2109
2098
2098
2101
2081
2084
2079
2098
2100
2064
2082
2082
2099
2096
2093
2119
2094
2116
2102
2087
2094
2094
2099
2098
2093
2100
2082
2097
2105
2120
2122
2114
2086
2092
2086
2087
2091
2103
2090
2082
2090
2094
2104
2108
2102
2082
2090
2104
2104
2084
2089
2111
2097
2106
2085
2109
2089
2086
2104
2115
2110
2105
2107
2101
2109
2098
2082
2092
2100
2085
2105
2107
2102
2101
2081
2089
2090
2090
2090
2090
2109
2097
2092
2078
2075
2083
2094
2099
2098
2090
2111
2103
2080
2089
2083
2084
2076
2076
2095
2109
2093
2072
2103
2092
2129
2087
2090
2071
2116
2099
2088
2094
2080
2085
2090
2123
2121
2077
2118
2115
2094
2084
2094
2089
2109
2097
2084
2097
2090
2065
2088
2108
2084
2072
2115
2099
2120
2098
2104
2084
2106
2103
2130
2124
2071
2097
2097
2067
2114
2091
2122
2101
2099
2100
2102
2115
2089
2099
2096
2101
2105
2102
2098
2102
2091
2102
2074
2098
2084
2111
2120
2098
2093
2124
2092
2115
2110
2117
2106
2104
2112
2096
2117
2085
2109
2071
2110
2088
2100
2099
2070
2088
2093
2098
2084
2088
2104
2104
2088
2100
2090
2095
2111
2082
2119
2110
2120
2140
2129
2135
2127
2156
2132
2160
2157
2134
2139
2136
2135
2143
2146
2166
2159
2155
2164
2120
2129
2111
2118
2093
2126
2141
2104
2080
2071
2099
2076
2087
2056
2050
1999
2027
2008
2009
2027
2032
2038
2046
2014
2001
1990
1996
1997
1992
1984
2002
1990
2010
2024
2000
2009
2024
2028
2040
2026
2011
2034
2008
2052
2066
2087
2104
2068
2087
2080
2089
2124
2108
2066
2095
2043
2056
2074
2043
2060
2038
2050
2030
2040
2042
2031
2007
2019
2004
1970
1995
1999
1999
1970
1972
1978
1982
1936
2000
2004
2029
2014
2051
2072
2077
2081
2107
2097
2126
2125
2170
2195
2221
2217
2226
2238
2261
2256
2259
2302
2289
2179
2152
2156
2151
2124
2154
2140
2169
2158
2208
2236
2269
2323
2317
2360
2366
2303
2310
2225
2154
2094
1992
1947
1899
1842
1847
1845
1845
1857
1831
1854
1820
1756
1738
1749
1725
1725
1700
1729
1772
1820
1870
1903
1944
2002
2029
2080
2128
2154
2208
2272
2298
2330
2366
2402
2418
2464
2480
2488
2469
2427
2398
2340
2333
2288
2258
2258
2222
2183
2143
2120
2077
2060
2075
2074
2076
2074
2083
2084
2057
2057
2070
2016
1972
1958
1906
1927
1955
1973
1965
2011
2000
1992
2016
2038
2016
2016
2025
2039
2039
2064
2040
2039
2049
1994
2006
2008
2014
2016
1998
2029
2053
2023
2034
2026
1985
1980
1968
1981
1956
1936
1959
1967
1976
2016
2044
2088
2099
1876
1856
1852
1797
1810
1814
1866
1893
1926
1995
2086
2178
2261
2322
2369
2406
2361
2326
2281
2238
2158
2061
1971
1926
1861
1852
1884
1934
2009
2064
2168
2219
2299
2326
2322
2334
2354
2309
2230
2179
2114
2076
2054
2022
1981
1944
1940
1913
1920
1942
1956
1945
1969
1958
2000
2052
2043
2048
2026
2015
2012
1992
1978
1944
1977
1990
2042
2122
2167
2248
2313
2381
2416
2428
2452
2451
2412
2363
2284
2230
2156
2061
1959
1900
1847
1818
1815
1845
1844
1864
1923
1936
1955
1981
2008
2032
2010
2049
2044
2071
2140
2226
2279
2361
2424
2454
2496
2498
2440
2382
2308
2210
2071
1980
1786
1672
1565
1509
1459
1465
1481
1576
1694
1867
2047
2209
2380
2522
1720
1796
1839
1923
2021
2144
2252
2320
2400
2442
2424
2389
2318
2195
2061
1942
1840
1753
1717
1718
1759
1824
1919
2031
2154
2264
2362
2420
2437
2405
2339
2251
2134
2015
1914
1832
1817
1786
1819
1832
1952
2065
2167
2288
2326
2426
2470
2470
2444
2428
2330
2247
2129
2044
1927
1836
1746
1727
1742
1757
1801
1886
1973
2046
2122
2190
2211
2233
2220
2204
2176
2157
2129
2097
2114
2098
2069
2076
2052
2038
2022
1993
1995
1994
2019
2048
2091
2132
2174
2227
2277
2315
2370
2436
2490
2520
2529
2510
2436
2347
2221
2086
1973
1845
1797
1711
1671
1653
1676
1721
1772
1831
1909
1981
2043
2120
2169
2219
2237
2262
2252
2264
2254
2256
2248
2253
2296
2323
2602
2570
2422
2251
2105
2018
1967
1900
1825
1730
1688
1712
1778
1838
1856
1842
1894
2019
2232
2452
2636
2749
2793
2808
2816
2811
2748
2609
2386
2149
1950
1848
1802
1810
1799
1725
1676
1678
1776
1954
2096
2171
2174
2143
2075
2080
2124
2158
2191
2188
2107
2042
1975
1962
1982
2003
1988
1924
1866
1850
1870
1909
1948
1975
2063
2190
2340
2524
2619
2645
2566
2439
2282
2136
2041
2015
1992
1975
1896
1773
1656
1594
1580
1629
1661
1677
1681
1734
1879
2108
2322
2465
2502
2476
2393
2361
2358
2405
2485
2495
2422
2226
1946
1689
1531
1531
1618
1766
1852
1866
1846
1850
1919
2068
2242
2408
2542
2622
2654
2670
2624
2562
2480
2363
2238
2114
2005
1878
2090
2234
2384
2500
2580
2583
2508
2358
2157
1957
1748
1614
1523
1502
1550
1653
1820
2003
2197
2350
2445
2458
2404
2257
2046
1813
1595
1418
1319
1317
1392
1550
1775
2022
2245
2440
2580
2629
2629
2540
2386
2243
2117
1996
1935
1945
2018
2122
2252
2409
2541
2626
2659
2608
2504
2320
2112
1912
1710
1576
1494
1498
1578
1736
1926
2089
2253
2372
2444
2438
2413
2343
2250
2155
2090
2051
2045
2097
2153
2249
2358
2450
2508
2517
2444
2301
2112
1894
1718
1573
1518
1543
1648
1845
2079
2322
2536
2714
2825
2863
2818
2708
2536
2295
2051
1808
1605
1469
1383
1409
1480
1632
1819
1993
2132
2225
2300
2321
2304
2266
2189
2120
2069
1993
1944
1930
1937
1960
1938
2035
2155
2254
2300
2284
2237
2187
2154
2124
2124
2179
2259
2346
2418
2478
2516
2562
2561
2496
2377
2239
2130
2044
2000
1972
1932
1896
1871
1871
1863
1873
1825
1788
1780
1826
1946
2128
2325
2513
2670
2789
2792
2696
2545
2363
2174
2005
1862
1760
1699
1690
1756
1878
2014
2149
2245
2315
2378
2399
2396
2348
2288
2211
2142
2067
2010
1950
1880
1812
1753
1688
1648
1643
1694
1813
1970
2155
2332
2503
2650
2780
2860
2871
2804
2669
2478
2262
2053
1838
1626
1440
1298
1207
1189
1234
1306
1408
1548
1707
1888
2104
2309
2487
2636
2755
2820
2832
2802
2724
2624
2484
2304
2098
1879
1692
1531
1434
1388
1387
1440
1554
1702
1895
2078
2263
2415
2511
1721
1572
1508
1513
1617
1801
2017
2232
2410
2561
2608
2606
2512
2368
2224
2061
1899
1778
1690
1638
1654
1705
1801
1918
2042
2166
2261
2316
2354
2385
2358
2311
2234
2168
2060
1978
1922
1884
1888
1921
1987
2063
2148
2250
2313
2368
2395
2360
2279
2186
2067
1960
1872
1815
1833
1900
1982
2114
2249
2414
2531
2608
2626
2561
2408
2236
2024
1811
1621
1492
1405
1379
1434
1532
1718
1971
2261
2553
2791
2949
3018
2977
2853
2688
2478
2257
2063
1878
1704
1576
1490
1510
1601
1758
1928
2087
2202
2260
2275
2255
2221
2199
2175
2166
2170
2181
2178
2199
2226
2289
2332
2378
2393
2359
2286
2175
2008
1828
1661
1523
1456
1448
1487
1598
1734
1882
2034
2182
2154
2150
2144
2142
2158
2204
2246
2286
2240
2116
1932
1736
1591
1538
1594
1720
1892
2054
2204
2376
2577
2806
2964
3016
2906
2623
2198
1782
1390
1120
1001
963
1001
1094
1250
1445
1734
2083
2429
2717
2907
3011
3035
3044
3044
3092
3158
3160
3048
2819
2470
2056
1630
1226
895
619
462
402
515
785
1199
1721
2289
2830
3266
3560
3715
3711
3620
3406
3118
2791
2447
2157
1968
1868
1800
1744
1741
1763
1762
1747
1744
1732
1740
1775
1830
1976
2216
2468
2674
2812
2816
2698
2460
2182
1884
1584
1363
1203
1175
1261
1464
1803
2148
2408
2602
2688
2666
2625
2484
2348
2192
2026
1846
1749
1678
1665
1667
1654
1616
1560
1492
1443
1413
1427
1498
1637
3402
3148
2800
2430
2048
1714
1438
1243
1131
1105
1161
1286
1480
1728
2046
2372
2682
2917
3026
2948
2762
2402
2011
1597
1250
1032
991
1062
1230
1504
1834
2162
2480
2788
3008
3144
3139
2971
2656
2223
1734
1277
940
768
773
1029
1458
2016
2634
3195
3625
3883
3899
3699
3282
2675
2008
1324
669
181
1
1
168
669
1305
2063
2806
3434
3892
4095
4095
3834
3344
2729
2028
1372
844
496
375
489
803
1282
1823
2368
2850
3218
3407
3427
3280
3023
2620
2226
1818
1510
1324
1280
1397
1630
1932
2254
2528
2684
2716
2594
2364
2059
1721
1390
1143
951
867
900
1064
1343
1737
2207
2705
3168
3503
3664
3630
3411
3039
2570
2097
1644
1260
982
2
43
393
840
1310
1794
2236
2623
2902
3015
2968
2828
2595
2348
2130
1986
1948
2043
2215
2442
2706
2977
3226
3422
3501
3508
3386
3159
2885
2519
2074
1603
1048
488
12
3
1
1
2
261
963
1796
2692
3627
4095
4095
4095
4095
4095
4095
4095
4095
3871
2826
1735
714
2
2
2
2
2
1
2
728
1656
2564
3431
4095
4095
4095
4095
4095
4095
3612
2924
2268
1743
1364
1080
921
869
894
996
1166
1390
1638
1828
1962
1992
1926
1809
1673
1537
1412
1296
1236
1232
1253
1392
1580
1835
2182
2612
3084
3502
3835
4000
3993
3852
3548
3186
2784
2354
1924
1465
1060
662
274
1
3
2
2
1
89
524
1079
1686
2332
2415
1680
1024
452
45
2
2
3
5
53
430
951
1544
2178
2807
3408
3940
4095
4095
4095
4095
4095
4095
3659
3156
2615
2086
1606
1180
816
528
336
239
250
347
541
832
1212
1672
2162
2644
3058
3362
3548
3600
3543
3385
3136
2840
2516
2216
1947
1755
1658
1637
1658
1700
1774
1907
2079
2280
2480
2642
2743
2762
2720
2597
2419
2159
1832
1473
1112
776
529
362
310
366
546
837
1231
1703
2223
2762
3275
3745
4095
4095
4095
4095
4095
4095
3952
3412
2764
2067
1346
665
69
1
2
2
2
3
63
657
1347
2048
2714
3309
3808
4095
4095
4095
4095
4095
3832
3254
2600
1830
1047
252
1
0
1
3
2
0
1
4095
4095
4095
4095
4095
3590
1673
4
1
4
3
2
1
3
3
2
3
4
895
2468
3935
4095
4095
4095
4095
4095
4095
4095
4095
4095
3352
1865
405
1
2
1
1
2
3
1
2
3
48
1439
3044
4095
4095
4095
4095
4095
4095
4095
4095
4095
4095
4095
3512
2096
717
1
1
1
3
1
2
1
2
1
3
565
1998
3485
4095
4095
4095
4095
4095
4095
4095
4095
4095
4095
3732
2225
724
0
2
1
1
1
0
2
1
1
4
0
0
2
941
3004
4095
4095
4095
4095
4095
4095
4095
4095
4095
4095
4095
4095
4095
3834
2100
366
2
0
1
1
1
2
1
1
0
2
2
2
