2088
2082
2080
2082
2080
2076
2085
2082
2084
2085
2083
2082
2082
2083
2083
2078
2087
2090
2085
2086
2082
2080
2087
2086
2088
2088
2092
2086
2086
2096
2093
2088
2085
2085
2087
2093
2092
2101
2094
2094
2107
2100
2094
2101
2097
2093
2096
2091
2101
2100
2096
2096
2096
2090
2103
2103
2101
2099
2096
2093
2100
2099
2111
2104
2100
2104
2104
2103
2096
2101
2105
2100
2111
2104
2106
2104
2096
2103
2111
2106
2105
2112
2110
2102
2112
2099
2104
2105
2110
2109
2108
2105
2112
2107
2110
2104
2105
2103
2101
2101
2101
2105
2102
2104
2095
2104
2110
2097
2104
2104
2104
2106
2109
2108
2109
2100
2102
2099
2101
2101
2111
2105
2101
2102
2099
2105
2101
2102
2101
2093
2104
2092
2095
2092
2094
2098
2092
2104
2093
2094
2090
2096
2092
2090
2091
2092
2105
2104
2092
2096
2087
2098
2092
2103
2093
2094
2110
2096
2092
2105
2097
2095
2098
2094
2091
2097
2107
2105
2096
2093
2106
2105
2104
2102
2098
2104
2107
2102
2102
2087
2106
2096
2098
2107
2094
2089
2100
2098
2095
2095
2106
2099
2098
2107
2104
2117
2096
2099
2107
2104
2106
2112
2109
2098
2106
2098
2105
2091
2092
2100
2094
2095
2105
2100
2098
2096
2106
2098
2098
2115
2102
2101
2111
2100
2096
2113
2110
2092
2101
2105
2110
2102
2103
2091
2102
2098
2094
2100
2106
2098
2088
2090
2089
2100
2095
2100
2103
2093
2096
2092
2094
2099
2110
2102
2100
2096
2123
2128
2121
2120
2117
2117
2127
2122
2120
2118
2122
2117
2120
2110
2121
2119
2119
2121
2124
2122
2115
2118
2112
2112
2110
2106
2110
2104
2105
2100
2106
2108
2096
2110
2095
2097
2093
2096
2098
2092
2096
2096
2088
2091
2088
2081
2092
2095
2092
2087
2081
2084
2088
2081
2076
2088
2072
2068
2078
2076
2068
2069
2079
2070
2066
2074
2062
2072
2070
2074
2071
2065
2066
2061
2064
2065
2062
2065
2065
2056
2065
2065
2066
2069
2064
2070
2058
2065
2072
2074
2071
2077
2063
2076
2072
2072
2064
2065
2069
2072
2076
2085
2079
2076
2080
2084
2086
2084
2084
2086
2077
2080
2084
2085
2087
2090
2082
2087
2097
2096
2096
2098
2090
2097
2110
2099
2098
2101
2331
2367
2376
2384
2383
2374
2360
2334
2292
2254
2200
2164
2122
2080
2020
1986
1962
1934
1930
1913
1919
1919
1928
1959
1988
2011
2049
2087
2118
2135
2164
2191
2216
2229
2247
2269
2283
2305
2309
2318
2331
2343
2350
2357
2359
2364
2350
2340
2308
2287
2235
2173
2113
2044
1968
1904
1848
1776
1735
1690
1674
1668
1680
1718
1757
1804
1864
1930
2002
2078
2145
2199
2253
2288
2314
2328
2328
2324
2313
2294
2272
2252
2236
2226
2223
2217
2219
2213
2222
2222
2226
2217
2210
2193
2168
2144
2112
2084
2056
2031
2016
2006
2021
2038
2066
2102
2141
2183
2224
2257
2284
2300
2306
2292
2273
2239
2189
2138
2081
2027
1971
1930
1896
1875
1869
1877
1898
1911
2109
2123
2149
2180
2227
2289
2358
2435
2516
2588
2650
2696
2719
2720
2690
2644
2566
2459
2338
2208
2080
1949
1830
1730
1648
1591
1553
1535
1544
1570
1605
1640
1686
1725
1753
1773
1800
1806
1809
1801
1800
1801
1812
1836
1869
1920
1988
2069
2156
2249
2342
2427
2511
2572
2619
2647
2659
2658
2641
2603
2562
2509
2450
2387
2322
2259
2192
2120
2067
2003
1950
1893
1845
1794
1744
1707
1664
1639
1625
1616
1622
1640
1685
1739
1811
1888
1976
2079
2176
2267
2350
2427
2497
2553
2582
2604
2602
2596
2566
2526
2474
2413
2347
2275
2205
2137
2071
2008
1951
1899
1862
1829
1791
1769
1752
1732
1725
1712
1716
1712
1713
1730
1750
1780
1818
1875
1926
1994
2057
2117
2174
2219
2257
2274
2281
2272
2256
2230
2192
2150
2123
2089
2063
2045
2036
2029
2026
2030
2033
2032
2026
2021
2006
2004
1985
1973
1955
1936
1923
1909
1892
1892
1890
1902
1918
1946
1978
2014
2045
2074
2103
2124
2137
2150
2151
2144
2131
2118
2090
2083
2076
2079
2096
2132
2155
2206
2248
2285
2314
2329
2323
2297
2258
2197
2127
2043
1976
1922
1867
1840
1835
1840
1872
1909
1964
2035
2107
2196
2274
2371
2460
2525
2569
2578
2561
2485
2388
2263
2112
1954
1807
1677
1573
1504
1478
1490
1546
1642
1774
1926
2097
2285
2460
2624
2765
2877
2941
2963
2943
2866
2736
2575
2395
2214
2020
1858
1711
1594
1507
1448
1428
1434
1466
1513
1576
1669
2337
2374
2443
2506
2492
2392
2272
2189
2176
2205
2187
2090
1942
1812
1773
1804
1891
1976
2045
2084
2101
2146
2207
2304
2424
2553
2643
2674
2646
2578
2508
2448
2385
2277
2123
1946
1822
1764
1753
1732
1660
1586
1548
1587
1676
1761
1781
1749
1729
1769
1888
2052
2168
2200
2173
2148
2176
2267
2380
2467
2503
2495
2479
2452
2420
2368
2319
2296
2299
2323
2314
2230
2094
1932
1819
1802
1876
1986
2083
2116
2083
2026
1974
1972
2007
2052
2082
2064
2028
2006
2030
2090
2175
2197
2161
2084
2018
1964
1923
1867
1776
1668
1596
1592
1647
1747
1841
1920
2008
2130
2310
2490
2630
2680
2656
2594
2533
2487
2431
2356
2248
2116
2008
1953
1959
1997
2027
2046
1942
1924
1905
1902
1904
1912
1928
1945
1972
2005
2049
2085
2122
2150
2157
2158
2141
2124
2100
2080
2063
2038
2024
2007
2001
1998
2009
2019
2058
2110
2155
2216
2265
2286
2286
2260
2213
2148
2087
2033
2009
2007
2036
2095
2167
2243
2316
2395
2443
2482
2507
2501
2475
2420
2344
2241
2113
1978
1844
1728
1643
1597
1598
1638
1716
1835
1963
2106
2259
2396
2512
2595
2639
2626
2560
2433
2258
2056
1845
1642
1480
1366
1307
1299
1348
1442
1569
1725
1894
2068
2242
2400
2527
2622
2670
2676
2632
2547
2439
2320
2210
2105
2031
1977
1950
1943
1963
1994
2036
2089
2140
2179
2203
2185
2141
2063
1976
1879
1782
1718
1692
1711
1774
1880
2014
2161
2305
2439
1638
1510
1437
1429
1463
1604
1811
2108
2452
2799
3117
3334
3427
3386
3250
3029
2744
2427
2128
1869
1698
1605
1597
1666
1791
1947
2105
2254
2324
2340
2261
2120
1928
1720
1509
1368
1295
1315
1421
1637
1875
2065
2175
2209
2176
2103
2013
1980
2031
2128
2280
2430
2557
2653
2725
2801
2884
2993
3098
3115
3036
2832
2534
2132
1698
1365
1138
1052
1135
1299
1474
1620
1724
1810
1900
1994
2127
2258
2356
2432
2462
2448
2449
2492
2533
2646
2686
2669
2536
2298
1971
1601
1279
1026
925
886
953
1097
1249
1465
1726
2001
2271
2476
2603
2632
2604
2486
2414
2384
2446
2576
2716
2830
2817
2722
2502
2225
1944
1682
1492
1410
1383
1388
1424
1506
1611
1761
2110
1925
1799
1726
1694
1686
1709
1720
1740
1760
1776
1806
1796
1793
1839
1924
2090
2313
2544
2748
2897
2950
2928
2823
2680
2522
2384
2271
2130
1977
1830
1666
1474
1336
1242
1221
1262
1349
1498
1624
1734
1834
1922
2005
2135
2270
2424
2592
2692
2740
2725
2593
2455
2253
2092
1958
1883
1856
1891
1954
2016
2072
2125
2172
2234
2290
2320
2342
2322
2273
2152
2023
1896
1820
1812
1863
1949
1999
2042
2043
2045
2097
2174
2290
2405
2546
2648
2712
2703
2639
2519
2359
2208
2072
1956
1838
1738
1656
1560
1481
1410
1369
1372
1439
1556
1718
1928
2158
2367
2601
2783
2891
2960
2908
2798
2664
2475
2279
2092
1890
1690
1491
1282
1104
967
883
865
952
2535
2409
2247
2015
1784
1565
1359
1240
1188
1196
1296
1457
1687
1936
2211
2487
2731
2929
3038
3089
3055
2950
2803
2624
2474
2347
2232
2157
2096
2044
2002
1956
1922
1871
1847
1826
1854
1901
1954
2028
2089
2092
2078
1997
1934
1826
1758
1723
1692
1687
1712
1743
1767
1824
1880
1944
2027
2071
2102
2068
2056
2010
1965
1961
2005
2080
2148
2233
2321
2384
2406
2421
2392
2342
2265
2148
2043
1928
1783
1680
1589
1536
1493
1510
1515
1515
1509
1511
1520
1542
1620
1754
1932
2147
2407
2699
2975
3237
3421
3484
3456
3295
3038
2678
2277
1837
1454
1145
973
953
1092
1382
1784
2236
2732
3139
3460
3628
3641
3510
3224
2843
2399
1955
1573
1238
1048
994
2869
3156
3395
3571
3580
3466
3233
2894
2520
2173
1853
1574
1274
934
620
410
309
338
447
617
709
815
985
1199
1529
1944
2344
2693
2994
3242
3466
3732
4007
4095
4095
4095
4095
3831
3464
3045
2586
2146
1675
1224
758
397
183
21
1
46
162
335
575
870
1241
1620
2058
2532
2955
3372
3681
3855
3887
3805
3669
3522
3409
3257
3126
2899
2610
2203
1797
1388
1085
945
882
948
1060
1131
1196
1304
1416
1639
1939
2202
2443
2622
2690
2704
2662
2603
2461
2308
2074
1878
1756
1752
1809
1872
1979
2045
2066
2074
2216
2398
2598
2800
2886
2776
2507
2153
1750
1400
1205
1085
1115
1271
1399
1493
1578
1676
1828
1994
2275
2519
2838
3128
3051
2943
2737
2454
2144
1874
1652
1544
1528
1594
1748
1929
2131
2347
2479
2609
2653
2618
2518
2372
2232
2046
1925
1844
1822
1811
1832
1933
2046
2170
2320
2475
2595
2712
2790
2819
2776
2698
2609
2508
2423
2350
2317
2331
2299
2252
2226
2129
1995
1824
1649
1415
1183
941
690
467
288
208
272
511
898
1422
2062
2725
3301
3745
4049
4095
3956
3648
3182
2590
1939
1220
534
3
1
1
1
1
2
686
1644
2650
3585
4095
4095
4095
4095
4095
4095
3710
2804
1830
904
85
1
1
1
1
157
1021
2021
3014
3903
4095
4095
4095
4095
4095
4095
4008
3142
2164
1263
458
3
2
4
3
138
772
1564
2338
3085
3702
4095
4095
1126
1698
2239
2632
2836
2854
2740
2516
2246
2043
1911
1886
1866
1936
2049
2225
2398
2659
2961
3231
3488
3623
3581
3368
2962
2448
1908
1350
854
491
319
313
432
674
1002
1372
1771
2191
2560
2864
3052
3108
2994
2758
2455
2141
1868
1688
1602
1585
1636
1738
1932
2228
2662
3120
3578
3849
3944
3742
3309
2700
2085
1514
1131
924
831
794
686
566
442
449
645
1111
1776
2480
3016
3231
3219
2952
2616
2326
2215
2250
2392
2531
2578
2501
2330
2196
2170
2281
2464
2658
2719
2582
2325
1905
1470
1122
847
621
530
511
583
729
1064
1528
2114
2695
3193
3545
3740
3834
3832
3777
3644
3360
2998
2492
1926
1416
1084
902
990
1202
1417
1516
3386
3762
4095
4095
4095
4095
4095
4095
4030
3640
3154
2588
2021
1468
938
456
52
1
1
2
2
2
1
1
241
760
1331
1965
2616
3234
3811
4095
4095
4095
4095
4095
4095
4095
4095
3479
2742
1955
1112
259
1
2
3
1
2
1
1
3
2
1
239
1203
2247
3277
4095
4095
4095
4095
4095
4095
4095
4095
4095
4095
4095
4095
4095
4095
3332
2158
937
2
1
2
1
2
2
2
0
2
1
1
1
1
1015
2344
3624
4095
4095
4095
4095
4095
4095
4095
4095
4095
4095
4095
4095
4095
3114
1841
628
2
3
3
2
4
1
1
1
3
3
2
3
30
1151
2458
3712
4095
4095
4095
4095
4095
