2101
2087
2082
2097
2093
2094
2094
2110
2108
2089
2087
2088
2100
2085
2103
2083
2085
2085
2087
2082
2073
2084
2094
2091
2080
2073
2096
2103
2081
2085
2090
2107
2097
2086
2090
2105
2094
2096
2096
2082
2095
2102
2104
2107
2101
2085
2073
2087
2093
2096
2100
2083
2093
2089
2077
2090
2078
2080
2087
2093
2085
2086
2094
2086
2098
2099
2108
2095
2099
2100
2111
2092
2081
2090
2089
2092
2081
2086
2072
2073
2074
2076
2089
2099
2104
2102
2103
2089
2091
2093
2096
2093
2091
2075
2087
2105
2090
2073
2113
2092
2089
2088
2090
2093
2077
2090
2089
2085
2102
2091
2096
2096
2106
2094
2087
2082
2102
2090
2092
2108
2103
2104
2102
2080
2076
2082
2095
2098
2109
2090
2088
2097
2101
2083
2079
2075
2059
2074
2073
2079
2087
2088
2085
2099
2114
2085
2084
2089
2091
2089
2084
2085
2075
2075
2089
2088
2099
2083
2079
2113
2105
2103
2092
2094
2082
2090
2087
2096
2078
2095
2067
2102
2086
2086
2092
2092
2112
2104
2104
2097
2097
2097
2094
2101
2092
2093
2106
2094
2079
2079
2089
2099
2093
2119
2101
2114
2100
2087
2099
2106
2086
2073
2091
2093
2084
2103
2094
2078
2084
2090
2085
2087
2091
2096
2105
2087
2098
2097
2089
2087
2075
2087
2081
2089
2100
2096
2110
2098
2092
2084
2108
2110
2099
2074
2083
2085
2090
2079
2073
2092
2097
2096
2090
2090
2077
2099
2099
2094
2092
2082
2087
2098
2091
2081
2067
2104
2107
2086
2079
2101
2114
2091
2107
2111
2108
2082
2077
2098
2083
2113
2107
2098
2098
2097
2088
2107
2103
2084
2094
2099
2106
2097
2098
2105
2097
2080
2088
2099
2100
2086
2086
2088
2077
2088
2090
2087
2082
2107
2112
2099
2102
2092
2084
2104
2088
2094
2089
2105
2107
2105
2107
2097
2075
2084
2104
2112
2085
2100
2100
2088
2099
2092
2098
2119
2118
2110
2100
2098
2085
2098
2078
2081
2102
2087
2089
2102
2098
2089
2099
2094
2094
2099
2103
2093
2096
2103
2095
2094
2099
2096
2104
2102
2098
2086
2107
2082
2111
2101
2114
2119
2097
2108
2106
2107
2107
2095
2083
2104
2091
2081
2091
2090
2094
2099
2097
2082
2104
2103
2096
2091
2082
2097
2096
2094
2004
2011
2033
2037
2054
2044
2052
2063
2065
2088
2092
2089
2112
2120
2130
2135
2146
2136
2141
2152
2141
2133
2127
2124
2123
2104
2103
2093
2067
2087
2086
2070
2080
2061
2043
2050
2047
2028
2049
2065
2053
2042
2059
2053
2055
2081
2058
2068
2085
2095
2099
2114
2102
2108
2111
2106
2152
2150
2150
2148
2146
2153
2162
2187
2144
2148
2165
2163
2158
2185
2168
2159
2165
2165
2144
2163
2165
2147
2164
2154
2149
2146
2158
2136
2121
2123
2149
2147
2126
2125
2119
2108
2088
2096
2079
2076
2035
2027
2013
2009
2011
1998
1995
1981
1965
1966
1975
1975
1987
1981
2006
2013
2014
2017
2032
2035
2039
2048
2069
2067
2085
2111
2119
2120
2106
2123
2105
2138
2138
2102
2061
2026
1985
1983
1958
1997
1989
2038
2053
2108
2133
2136
2145
2147
2118
2077
2036
1994
1972
1968
1996
2021
2057
2110
2134
2157
2168
2156
2162
2115
2082
2070
2029
2019
2029
2019
2049
2080
2109
2150
2175
2185
2179
2193
2166
2146
2090
2045
2013
2031
2024
2034
2057
2074
2107
2121
2146
2162
2174
2176
2168
2140
2135
2106
2074
2017
2007
1968
1971
1981
2004
2029
2051
2105
2139
2188
2218
2214
2236
2233
2208
2157
2121
2069
2023
1960
1940
1941
1922
1942
2002
2037
2073
2126
2143
2166
2153
2157
2139
2101
2051
2014
1991
1973
1951
1978
2008
2068
2070
2115
2142
2170
2192
2197
2190
2191
2151
2113
2102
2086
2071
2090
2073
2060
2057
2102
2166
2156
2096
2022
2009
1995
2004
2061
2165
2256
2269
2231
2220
2181
2067
1977
1927
1982
2041
2082
2134
2172
2146
2045
1998
1940
1874
1891
1942
1990
2001
2057
2115
2142
2106
2098
2106
2087
2052
2073
2120
2140
2132
2125
2121
2076
2008
1966
1933
1905
1912
1973
2077
2190
2238
2208
2159
2060
2004
1983
1971
2012
2074
2100
2141
2167
2216
2207
2187
2152
2159
2153
2105
2078
2102
2127
2151
2147
2155
2166
2145
2053
2003
1996
2008
2024
2084
2161
2219
2238
2199
2184
2146
2067
1995
1980
1976
1938
1987
2095
2183
2177
2176
2197
2147
2050
2018
2074
2110
2067
2080
2108
2119
2053
2013
2048
2058
2056
2058
2104
2120
2066
2068
2086
2121
2150
2159
2187
1879
1923
2014
2141
2212
2302
2248
2071
1952
1988
2076
2155
2152
2135
2071
2058
2078
2087
2079
2090
2040
2012
1990
2007
2090
2129
2076
1999
2038
2189
2279
2225
2104
2039
2028
2072
2117
2143
2143
2089
2053
2076
2068
2008
2015
2050
2111
2108
2034
1994
2012
2121
2157
2084
2008
2051
2146
2124
2017
1950
1941
2028
2093
2048
1999
2050
2104
2147
2123
2092
2092
2127
2098
2092
2165
2207
2127
2064
2061
2109
2088
2012
1942
2016
2214
2327
2275
2172
2138
2126
2133
2160
2221
2291
2216
2004
1847
1815
1962
2162
2253
2300
2340
2316
2209
2007
1903
1947
2086
2171
2125
2013
1984
2018
2015
2052
2101
2170
2250
2257
2157
2091
2110
2075
2054
2075
2054
1971
2233
2263
2210
1995
1762
1732
1902
2156
2278
2178
2017
1917
1958
2050
2184
2193
2192
2152
2156
2177
2127
2042
2060
2161
2204
2148
2050
1973
1923
1954
2064
2211
2256
2151
2034
2057
2138
2124
2013
2006
2134
2220
2160
2058
2036
2031
2008
2052
2133
2169
2138
2070
2035
2031
2111
2197
2280
2275
2166
2045
1998
2046
2168
2272
2235
2087
1986
1976
2089
2245
2263
2153
1972
1897
1991
2119
2141
2082
2124
2271
2332
2119
1903
1989
2210
2241
2107
2056
2113
2027
1953
2055
2291
2358
2243
2023
1856
1918
2139
2264
2227
2162
2081
1973
1998
2194
2265
2107
1898
1850
1915
2060
2190
2159
2023
1975
2007
2024
2092
2193
2161
2023
1972
1969
1938
2006
2188
2225
2060
2128
2147
2148
2134
2124
2062
1945
1890
1991
2149
2246
2193
2075
1981
1962
1989
2072
2178
2189
2128
2038
2014
2076
2167
2157
2060
2024
2158
2298
2301
2166
2044
1987
1992
1989
2004
2075
2116
2064
2020
2062
2201
2243
2157
2000
1940
1984
2085
2159
2214
2278
2222
2053
1904
1860
1990
2185
2212
2108
1992
1957
2012
2075
2065
2074
2107
2157
2182
2109
1988
1937
1944
2014
2096
2169
2159
2011
1932
2008
2155
2224
2219
2188
2177
2163
2134
2103
2069
2030
1960
1931
2002
2090
2082
2024
2023
2082
2129
2155
2162
2145
2056
2002
2016
2103
2097
2011
1982
2050
2102
2058
2013
2059
2074
2025
1969
1997
2117
2293
2356
2357
2222
2094
2013
1978
1995
2039
2227
2316
2170
1991
1961
2152
2418
2515
2305
1899
1650
1756
2088
2375
2414
2170
1851
1762
1912
2134
2297
2348
2218
1994
1866
1831
1935
2074
2139
2081
2008
2066
2209
2278
2199
2030
1900
1915
2021
2144
2179
2215
2264
2250
2163
2081
2061
2066
2104
2139
2131
2166
2192
2196
2165
2141
2113
2007
1954
1974
2067
2145
2162
2041
1922
1934
2023
2104
2129
2109
2095
2112
2128
2080
2025
1994
2001
2125
2238
2203
2036
1943
1921
1990
2109
2195
2135
2026
1942
1963
2123
2286
2347
2227
2053
1965
2053
2198
2238
2132
2015
1955
2005
2144
2221
2130
1930
1886
2034
2263
2392
2258
2014
1866
1952
2182
2362
2326
2096
1833
1739
1893
2217
2472
2472
2222
1909
1789
2203
2295
2206
2074
2053
2072
2083
2101
2079
2086
2096
2186
2262
2231
2123
2009
1979
2033
2092
2072
2049
2093
2124
2106
2119
2156
2158
2070
2012
1976
1886
1851
1943
2129
2280
2246
2069
1952
1992
2035
2136
2210
2059
1808
1702
1867
2088
2279
2338
2219
2065
1919
1828
1892
2068
2245
2275
2134
1931
1802
1807
1982
2281
2480
2310
1889
1634
1782
2139
2420
2515
2258
1840
1644
1893
2307
2572
2481
2001
1574
1550
1963
2494
2770
2578
2084
1714
1670
1896
2128
2233
2155
1984
1938
2019
2142
2129
2044
1986
2033
2128
2242
2366
2323
2107
1936
2018
2200
2330
2379
2235
1937
1784
2039
2420
2532
2280
1897
1665
1720
2007
2400
2522
2351
2076
1969
2062
2205
1941
1931
2175
2355
2272
2055
1838
1825
2083
2450
2606
2400
1952
1564
1509
1751
2133
2417
2505
2387
2081
1914
1999
2243
2346
2122
1760
1592
1848
2334
2591
2507
2141
1774
1664
1896
2261
2495
2479
2173
1776
1717
2098
2654
2911
2660
2073
1482
1361
1843
2518
2784
2372
1691
1313
1483
2075
2601
2694
2273
1697
1350
1542
2119
2640
2706
2310
1696
1305
1481
2202
2916
3119
2648
1851
1275
1298
1862
2537
2816
2508
1954
1559
1698
2162
2504
2411
1987
1615
1643
2166
2749
2985
2565
1716
1040
1071
1846
2752
3156
2804
1907
1146
1171
1962
2828
3172
2763
1843
1139
1128
1802
2681
3153
2930
2231
1640
1593
2089
2656
2752
2356
1716
1272
1424
2004
2507
2525
1365
1626
1954
2204
2311
2404
2550
2689
2624
2390
2088
1720
1373
1232
1460
2014
2547
2835
2749
2430
2008
1645
1548
1707
2058
2348
2376
2101
1682
1293
1052
1183
1750
2704
3593
4041
3788
2966
1767
728
115
155
808
1777
2763
3370
3439
3117
2644
2257
2028
1980
2070
2181
2145
1907
1595
1553
1874
2411
2905
3166
3100
2682
1915
1195
902
1158
1704
2332
2833
3004
2829
2396
1989
1916
2089
2219
2101
1905
1721
1665
1750
1946
2280
2633
2703
2433
1968
1485
1299
1390
1743
2220
2530
2587
2298
1959
1759
1858
2098
2347
2403
2226
1952
1771
1852
2128
2519
2838
2855
2437
1808
1243
1075
1503
2178
2786
3006
2712
2038
1355
1053
1361
2044
2714
3068
2897
3204
2813
2192
1455
659
1
1
2
0
1
578
1651
2774
3798
4095
4095
4095
4095
4095
4095
3505
2113
701
0
1
0
0
0
0
709
1980
3183
4095
4095
4095
4095
4095
3569
2608
1653
829
299
160
424
992
1789
2656
3395
3883
3942
3520
2659
1488
294
0
1
1
2
764
1938
3183
4095
4095
4095
4095
4095
3316
1970
782
1
1
0
437
1343
2354
3368
4095
4095
4095
4095
3670
2619
1417
326
1
0
0
0
4
823
1918
2896
3695
4095
4095
4065
3733
3244
2672
2066
1433
935
656
670
1075
1752
2540
3160
3495
3438
3019
2321
1525
806
285
55
158
632
1481
2595
3731
4095
4095
4095
4095
4095
3231
1870
3003
2932
2817
2675
2531
2384
2237
2121
2025
2004
2002
2034
2084
2162
2254
2332
2416
2514
2584
2615
2669
2708
2688
2689
2667
2636
2597
2516
2445
2393
2292
2220
2078
1966
1835
1711
1561
1409
1273
1191
1039
985
942
913
945
995
1079
1195
1304
1408
1552
1700
1833
1987
2103
2229
2361
2448
2507
2578
2593
2654
2664
2673
2682
2639
2645
2611
2546
2455
2332
2219
2124
1970
1782
1661
1530
1419
1313
1261
1247
1238
1264
1350
1415
1500
1636
1808
1941
2110
2270
2429
2604
2764
2927
3043
3135
3237
3286
3303
3274
3213
3159
3078
2972
2850
2716
2571
2405
2262
2112
1993
1904
1778
1691
1588
1534
1493
1476
1461
1464
1471
1459
1498
1525
1573
1624
1617
