2077
2083
2084
2103
2086
2086
2072
2076
2102
2098
2104
2091
2107
2107
2085
2088
2096
2107
2087
2103
2106
2087
2076
2080
2103
2105
2095
2103
2087
2082
2079
2106
2112
2099
2091
2101
2098
2105
2104
2092
2095
2083
2097
2073
2083
2080
2077
2084
2095
2081
2086
2081
2081
2080
2086
2084
2078
2085
2097
2087
2092
2105
2116
2098
2072
2093
2092
2083
2084
2103
2090
2077
2095
2096
2091
2101
2104
2103
2089
2089
2093
2081
2087
2104
2117
2105
2108
2104
2088
2096
2092
2104
2098
2096
2108
2102
2106
2102
2099
2090
2113
2098
2101
2092
2091
2115
2120
2122
2098
2094
2104
2100
2095
2102
2116
2113
2093
2091
2093
2096
2095
2096
2089
2094
2107
2084
2104
2099
2172
2177
2205
2199
2224
2224
2216
2201
2210
2224
2214
2217
2221
2222
2213
2210
2202
2188
2171
2178
2152
2128
2142
2138
2115
2106
2085
2075
2082
2063
2052
2049
2049
2056
2027
2027
2036
2044
2038
2023
2030
2037
2036
2021
2025
2027
2041
2044
2049
2054
2057
2060
2072
2082
2084
2074
2089
2086
2118
2119
2124
2155
2148
2152
2146
2125
2124
2140
2139
2145
2136
2140
2169
2168
2156
2154
2136
2143
2127
2136
2120
2122
2113
2113
2091
2076
2060
2059
2082
2084
2064
2049
2054
2050
2043
2017
2017
2003
2019
2006
2001
2001
1992
1999
1994
2012
2006
1993
2008
2013
2042
2040
2053
2055
2070
2082
2091
2096
2110
2135
2118
2128
2144
2169
2166
2150
2151
2172
2094
2058
2010
1960
1919
1933
1912
1882
1909
1952
1987
2037
2077
2109
2119
2128
2156
2167
2145
2150
2144
2131
2105
2110
2105
2091
2106
2124
2124
2120
2130
2132
2128
2108
2093
2068
2011
1965
1958
1944
1921
1915
1951
1962
1993
2053
2099
2120
2164
2190
2221
2260
2269
2276
2273
2272
2286
2272
2252
2255
2259
2248
2256
2280
2270
2283
2260
2240
2209
2194
2166
2128
2056
2026
1988
1948
1900
1877
1852
1820
1831
1793
1798
1790
1806
1825
1834
1854
1864
1886
1864
1878
1884
1912
1918
1949
1975
2012
2021
2094
2116
2140
2204
2242
2285
2311
2372
2412
2448
2457
2471
2464
2432
2383
2356
2310
2277
2223
2190
2147
2137
2142
2105
2098
2109
2146
2120
2140
2045
2029
1998
1965
1966
1967
1987
2045
2110
2139
2154
2145
2155
2159
2154
2142
2159
2154
2145
2155
2150
2158
2145
2132
2106
2053
2007
1980
1965
1944
1927
1922
1911
1902
1857
1853
1835
1857
1892
1964
2036
2106
2209
2279
2347
2433
2486
2536
2551
2536
2535
2496
2451
2433
2426
2425
2400
2360
2318
2215
2093
1978
1861
1763
1692
1649
1626
1645
1659
1671
1719
1754
1806
1867
1920
1988
2078
2176
2274
2366
2464
2525
2545
2530
2495
2420
2368
2280
2211
2139
2074
2003
1957
1896
1888
1873
1871
1865
1878
1906
1938
1980
2031
2083
2154
2225
2255
2264
2252
2241
2192
2169
2144
2125
2110
2093
2063
2054
2033
2012
1999
1954
1920
1901
1865
1837
1780
1757
1962
1999
2072
2156
2211
2231
2268
2260
2268
2229
2196
2158
2092
2031
1980
1888
1859
1793
1780
1765
1763
1788
1794
1808
1862
1917
1970
2020
2076
2149
2216
2270
2320
2364
2393
2401
2364
2340
2309
2319
2245
2198
2138
2092
2043
1995
1954
1932
1925
1940
1939
1960
1989
2024
2087
2141
2190
2246
2271
2303
2289
2259
2226
2172
2125
2084
2067
2062
2079
2080
2119
2160
2176
2188
2192
2200
2196
2194
2176
2178
2223
2241
2256
2284
2285
2254
2240
2199
2114
2054
1963
1900
1856
1835
1836
1899
1958
2018
2084
2147
2200
2203
2203
2164
2117
2058
1991
1894
1841
1779
1734
1693
1688
1708
1754
1811
1920
2027
2142
2217
2292
2338
2367
2370
2360
2309
2257
2169
2226
2130
2010
1904
1854
1837
1816
1801
1744
1676
1660
1658
1683
1758
1859
2009
2163
2285
2363
2405
2430
2472
2503
2514
2471
2390
2294
2239
2164
2094
2018
1930
1870
1856
1890
1944
1988
2071
2143
2177
2174
2149
2158
2178
2204
2217
2209
2188
2162
2123
2073
2002
1903
1808
1794
1841
1936
2051
2117
2084
2056
2019
2043
2054
2046
2044
2055
2045
2060
2079
2081
2054
2037
2017
2033
2045
2053
2052
2069
2108
2168
2250
2329
2351
2358
2341
2292
2234
2209
2162
2048
1918
1810
1735
1716
1725
1785
1838
1893
1880
1919
1893
1919
1980
2053
2131
2191
2200
2182
2162
2199
2244
2288
2358
2341
2323
2286
2300
2311
2310
2296
2225
2142
2054
1945
1863
1843
1849
1523
1519
1599
1777
1954
2142
2312
2420
2476
2455
2392
2299
2226
2164
2187
2230
2245
2289
2317
2312
2222
2135
1989
1813
1705
1591
1512
1498
1576
1625
1751
1837
1939
1999
2009
2043
2008
1994
1992
2056
2085
2120
2161
2221
2238
2233
2176
2102
2023
1967
1920
1914
1928
2003
2068
2111
2123
2148
2125
2145
2140
2167
2211
2266
2351
2416
2475
2499
2464
2438
2332
2203
2052
1928
1876
1844
1889
1984
2085
2158
2191
2200
2160
2111
2072
2044
2059
2088
2149
2248
2366
2441
2492
2510
2455
2344
2201
2095
2000
1919
1892
1942
1971
1997
2028
2033
2007
1963
1886
1799
1779
1754
1758
1799
1842
1914
1957
1974
1997
2027
2036
2039
2079
2134
2208
2256
2306
2352
1981
1893
1845
1884
1901
1836
1736
1599
1515
1535
1634
1747
1862
1971
2065
2163
2290
2394
2487
2509
2478
2412
2348
2295
2258
2153
2024
1871
1746
1680
1710
1833
1937
2023
2029
1979
1966
1976
2050
2158
2309
2396
2430
2438
2414
2422
2475
2555
2639
2685
2639
2502
2351
2144
1944
1816
1724
1723
1744
1780
1848
1920
1978
1982
2000
2011
2008
2005
2004
1976
1944
1890
1835
1843
1897
1996
2120
2238
2288
2261
2205
2131
2067
2049
2057
2082
2082
2074
2057
2037
2037
2063
2074
2112
2105
2088
2027
1898
1785
1671
1639
1712
1868
2056
2222
2342
2372
2357
2333
2336
2391
2414
2431
2433
2394
2382
2351
2334
2317
2267
2246
2192
2172
2141
2098
2079
2057
2033
1635
1621
1646
1701
1772
1876
1992
2120
2232
2334
2385
2407
2344
2271
2188
2156
2088
2048
2039
2028
2023
2016
2010
1997
2010
2007
1986
1990
2005
2030
2035
2059
2032
2003
2013
1951
1967
1939
1978
2010
2067
2148
2212
2264
2273
2266
2241
2194
2176
2128
2133
2126
2158
2196
2208
2235
2243
2229
2225
2190
2158
2120
2052
1989
1912
1865
1799
1785
1774
1789
1781
1810
1856
1902
1984
2071
2196
2329
2485
2656
2733
2820
2836
2787
2664
2474
2262
2063
1878
1744
1640
1632
1669
1762
1885
2009
2124
2209
2246
2212
2153
2084
2005
1926
1875
1801
1734
1690
1686
1709
1797
1896
2035
2196
2346
2495
2607
2677
2701
2708
2673
2591
2466
2290
2108
1936
1771
1677
2446
2206
1999
1816
1714
1656
1643
1652
1727
1817
1886
2002
2058
2132
2193
2228
2247
2305
2303
2321
2328
2338
2327
2326
2293
2220
2130
1974
1872
1802
1773
1820
1865
1907
1950
2026
2132
2266
2385
2465
2460
2406
2368
2305
2252
2207
2124
2022
1966
1951
1989
2092
2167
2189
2154
2099
2052
2064
2075
2104
2081
2061
1997
1982
2021
2062
2092
2082
2011
1896
1809
1740
1700
1718
1753
1778
1802
1827
1927
2032
2160
2327
2446
2491
2436
2336
2197
2050
1947
1897
1866
1854
1804
1770
1732
1765
1869
1981
2072
2152
2230
2337
2461
2586
2682
2748
2810
2877
2914
2913
2841
2649
2391
2074
1801
1537
1354
1210
1101
1022
1005
1096
1239
1453
1707
2019
2376
2779
2766
2768
2708
2635
2487
2295
2100
1920
1768
1691
1704
1811
1959
2132
2304
2448
2572
2638
2645
2609
2522
2418
2246
2042
1836
1634
1444
1286
1191
1192
1305
1501
1771
2098
2423
2692
2919
3040
3087
3048
2949
2785
2606
2397
2185
1966
1779
1624
1474
1407
1383
1431
1556
1725
1954
2202
2488
2748
2978
3142
3264
3258
3169
2951
2649
2256
1864
1479
1093
826
670
616
742
974
1304
1712
2127
2527
2880
3129
3306
3331
3280
3141
2912
2665
2388
2109
1824
1577
1355
1140
954
817
790
865
1036
1320
1686
2074
2497
2875
3135
3287
3320
3200
2970
2663
2317
1969
1690
1474
1358
1356
1424
1553
1677
1804
1891
1969
2000
2040
2080
2150
2240
2325
2409
2464
348
358
385
464
674
1100
1662
2305
2877
3352
3652
3783
3816
3780
3709
3640
3475
3209
2856
2400
1943
1493
1121
880
708
662
649
690
825
1061
1345
1749
2173
2568
2920
3090
3197
3167
3082
2944
2816
2662
2453
2219
2013
1811
1666
1530
1434
1307
1140
1010
972
1037
1232
1522
1818
2070
2221
2309
2391
2519
2666
2879
2984
2978
2785
2482
2136
1770
1544
1465
1472
1585
1641
1684
1622
1601
1614
1739
1947
2235
2574
2819
3023
3115
3068
2968
2878
2789
2726
2656
2532
2337
2081
1763
1440
1127
903
739
682
695
778
929
1132
1424
1734
2107
2454
2754
2980
3181
3306
3367
3431
3461
3425
3315
3144
2897
2635
2354
2115
1861
1682
1528
1370
1204
999
820
801
896
1102
1416
1783
2144
2437
2592
2668
2616
2508
2328
2099
1878
1717
1560
1408
1375
1373
1422
1508
1666
1866
2089
2312
2521
2714
2829
2909
2925
2859
2786
2624
2426
2219
1972
1750
1546
1382
1240
1127
1066
1073
1144
1306
1559
1907
2299
2714
3092
3416
3634
3720
3689
3522
3229
2906
2492
2085
1712
1422
1174
1018
962
932
990
1129
1281
1477
1727
1915
2087
2234
2368
2471
2592
2704
2844
2944
3027
3089
3096
3033
2894
2672
2360
2019
1702
1387
1138
980
932
980
1091
1318
1554
1797
2024
2214
2323
2385
2377
2382
2362
2405
2452
2492
2518
2507
2419
2278
2097
1907
1755
1667
1658
1744
1860
2065
2205
2340
2437
2478
2461
2414
2313
3151
3630
4057
4095
4095
4095
4095
4095
4095
4095
3927
3636
3284
2838
2314
1727
1155
551
0
0
1
0
1
0
0
0
1
309
816
1301
1766
2168
2524
2849
3078
3300
3453
3544
3604
3642
3604
3587
3551
3556
3578
3609
3656
3686
3650
3582
3400
3170
2858
2476
2039
1581
1121
674
251
1
0
0
0
0
1
1
1
1
0
0
173
674
1223
1733
2187
2591
2892
3164
3430
3671
3916
4095
4095
4095
4095
4095
4008
3555
3072
2601
2178
1813
1478
1199
893
622
374
132
1
0
1
1
162
509
939
1405
1846
2228
2588
2908
3165
3427
3655
3786
3826
3790
3655
3447
3211
2978
2711
2449
2272
2092
1911
1761
1593
1390
1302
939
651
461
379
399
514
734
1005
1315
1641
2004
2339
2668
2951
3145
3298
3374
3376
3309
3148
2926
2674
2342
1969
1596
1224
885
640
487
425
498
716
1021
1408
1838
2258
2688
3074
3410
3650
3829
3931
3928
3840
3659
3393
3081
2670
2208
1757
1267
834
448
117
1
0
2
1
96
412
804
1246
1686
2142
2568
2898
3193
3407
3558
3609
3576
3503
3388
3257
3080
2895
2732
2565
2394
2231
2058
1899
1718
1559
1445
1361
1300
1296
1340
1472
1597
1778
1993
2171
2330
2497
2602
2692
2776
2841
2880
2921
2963
2959
2937
2852
2703
2519
2260
1920
1584
1254
950
707
560
530
594
748
987
1291
1686
2063
2436
2800
3107
3398
3548
