2106
2110
2112
2104
2109
2112
2105
2110
2111
2104
2104
2108
2109
2112
2116
2108
2109
2108
2106
2108
2115
2113
2112
2115
2115
2107
2112
2114
2121
2106
2106
2108
2119
2109
2109
2107
2107
2118
2118
2108
2120
2118
2115
2116
2124
2115
2107
2109
2105
2116
2108
2112
2108
2110
2116
2113
2120
2122
2123
2115
2109
2103
2113
2110
2108
2116
2110
2114
2116
2116
2116
2107
2104
2113
2115
2104
2107
2113
2107
2106
2106
2111
2105
2106
2104
2104
2105
2103
2106
2103
2102
2115
2106
2102
2104
2101
2110
2102
2098
2111
2106
2103
2092
2118
2114
2096
2101
2106
2108
2102
2105
2106
2107
2108
2108
2110
2104
2110
2114
2099
2107
2101
2107
2109
2101
2106
2095
2098
2095
2085
2092
2082
2087
2092
2104
2103
2103
2105
2105
2099
2090
2090
2101
2087
2088
2091
2101
2112
2100
2096
2084
2105
2097
2095
2096
2097
2096
2080
2088
2095
2087
2087
2097
2077
2090
2092
2097
2107
2107
2093
2111
2089
2088
2083
2087
2089
2085
2081
2085
2094
2083
2085
2086
2098
2092
2093
2091
2085
2097
2103
2087
2094
2079
2083
2086
2064
2079
2091
2093
2090
2087
2076
2096
2084
2084
2068
2084
2087
2088
2098
2095
2088
2096
2088
2079
2088
2084
2080
2085
2093
2104
2106
2112
2104
2107
2107
2092
2092
2101
2094
2094
2097
2106
2099
2094
2100
2097
2107
2090
2088
2102
2096
2099
2092
2100
2083
2100
2100
2100
2096
2116
2100
2096
2103
2082
2106
1672
1663
1667
1676
1685
1697
1734
1755
1787
1820
1868
1899
1931
1970
2000
2032
2067
2103
2139
2176
2218
2256
2300
2338
2364
2386
2403
2425
2438
2440
2426
2412
2383
2362
2314
2288
2241
2209
2163
2137
2099
2071
2057
2037
2027
2012
2003
1990
1964
1943
1920
1906
1870
1846
1823
1814
1816
1810
1814
1824
1853
1875
1912
1948
1979
2014
2032
2053
2068
2081
2089
2104
2117
2131
2144
2159
2189
2207
2219
2232
2247
2246
2250
2248
2236
2229
2205
2194
2180
2174
2163
2178
2173
2182
2179
2180
2178
2174
2158
2134
2103
2074
2041
2016
1976
1939
1945
1936
1944
1960
1981
2007
2038
2062
2079
2076
2078
2078
2079
2067
2062
2072
2079
2101
2128
2164
2191
2221
1935
1909
1917
1938
1964
2026
2101
2177
2268
2361
2399
2404
2341
2228
2112
1985
1897
1871
1847
1884
1913
1932
1942
1958
2006
2066
2160
2246
2315
2356
2349
2312
2258
2183
2106
2070
2056
2030
2047
2057
2043
2025
1970
1914
1910
1952
2049
2151
2241
2283
2280
2228
2157
2090
2080
2077
2096
2090
2063
1998
1943
1889
1856
1850
1861
1888
1924
1972
2035
2119
2210
2289
2323
2299
2235
2128
2027
1982
2010
2107
2218
2324
2346
2303
2188
2044
1900
1812
1792
1809
1878
1946
1996
2008
2002
2003
2024
2076
2151
2244
2336
2407
2467
2510
2508
2475
2403
2319
2186
2051
1926
1844
1830
1859
1956
2071
2180
2266
2329
2353
2355
2320
2268
2210
2151
2129
2138
2188
2177
2130
2090
2040
2072
2152
2212
2168
2065
1983
1937
1963
2032
2063
2068
2054
2061
2090
2144
2186
2154
2076
2053
2127
2249
2332
2304
2214
2082
1970
1923
1920
1888
1844
1877
2013
2162
2238
2247
2244
2248
2242
2190
2094
1974
1864
1846
1916
2022
2132
2214
2261
2284
2297
2302
2293
2206
2053
1916
1874
1928
2002
2022
1978
1895
1842
1873
1990
2142
2241
2268
2271
2284
2321
2315
2238
2160
2114
2100
2099
2117
2195
2274
2326
2264
2121
1999
1951
1994
2084
2144
2152
2110
2074
2060
2063
2073
2084
2081
2108
2130
2153
2174
2176
2170
2187
2206
2198
2196
2182
2187
2200
2199
2150
2062
1959
1898
1878
1930
2022
2116
2170
2216
2209
2183
2130
2059
1975
1961
1966
2083
2202
2269
2296
2327
2272
2150
2000
1866
1774
1735
1801
1976
2174
2366
2556
2614
2410
2034
1719
1572
1590
1695
1900
2085
2142
2157
2218
2336
2483
2583
2490
2178
1867
1754
1824
1956
2137
2387
2554
2535
2352
2064
1825
1822
1993
2113
2104
2058
1989
1929
1973
2148
2233
2069
1847
1786
1907
2133
2376
2546
2575
2504
2321
2032
1868
1915
1924
1792
1751
1964
2280
2476
2495
2388
2201
2016
1867
1758
1663
1649
1749
1891
2085
2226
2234
2241
2327
2339
2035
1605
1518
1880
2310
2430
2326
2250
2213
2204
2400
2588
2368
1926
1862
2120
2168
2032
2001
1947
1840
1918
2145
2226
2249
2389
2452
2245
2020
1984
1942
1845
1847
1838
1688
1585
1762
2150
2166
2136
2062
1979
1945
2035
2190
2318
2333
2238
2062
1928
1889
1966
2100
2226
2260
2201
2088
2006
2000
2075
2215
2356
2448
2435
2311
2084
1819
1612
1525
1619
1857
2141
2323
2312
2171
1994
1880
1914
2089
2332
2468
2390
2108
1804
1632
1674
1891
2192
2458
2543
2387
2075
1791
1654
1681
1860
2099
2322
2426
2395
2269
2141
2029
1976
2008
2077
2135
2143
2128
2108
2095
2070
2068
2095
2110
2072
1985
1915
1888
1935
2050
2188
2281
2285
2231
2182
2176
2178
2197
2209
2209
2155
2045
1925
1871
1896
1987
2076
2116
2108
2085
2066
2069
2075
2111
2114
2042
1914
1815
1818
1934
2102
2255
2341
2278
2098
1859
1719
1748
1923
2152
2360
2484
2462
2284
2271
2420
2446
2374
2316
2232
2199
2305
2360
2139
1928
1998
2142
2153
2142
2154
2116
2063
2082
2163
2130
2074
2010
1968
2001
2052
1901
1595
1552
1812
1990
1999
2075
2098
1942
1746
1687
1784
2087
2417
2531
2474
2329
2040
1670
1450
1592
1844
2064
2204
2314
2281
2124
2047
1911
1672
1613
1917
2328
2579
2686
2636
2399
2117
1941
1793
1664
1731
1990
2243
2400
2566
2556
2250
2013
1980
1882
1797
2004
2230
2181
2181
2406
2554
2312
2021
1906
1762
1674
1966
2223
2049
1914
2104
2178
2147
2323
2447
2281
2129
2154
2159
1966
1751
1733
1686
1553
1642
1966
2208
2456
2704
2624
2347
2198
2069
1935
1976
1997
1835
1770
1920
2035
1964
1954
2119
2251
2254
2167
1796
1579
1583
1734
1933
2069
2143
2183
2232
2256
2261
2244
2195
2144
2117
2112
2114
2144
2198
2231
2204
2139
2088
2097
2170
2279
2360
2376
2356
2313
2252
2185
2147
2126
2079
2032
2032
2071
2122
2206
2317
2431
2486
2467
2312
2067
1830
1650
1554
1522
1566
1625
1732
1834
1896
1879
1801
1678
1619
1632
1742
1950
2185
2394
2518
2514
2342
2095
1864
1762
1804
1955
2167
2356
2469
2453
2304
2024
1704
1388
1240
1318
1627
2078
2540
2844
2924
2754
2472
2219
2104
2081
2129
2166
2204
2288
2357
2329
2213
1995
1827
1860
2087
2413
2675
2738
2584
2359
2209
2138
2061
1900
1724
1661
1835
2212
2517
2584
2368
2020
1747
1642
1612
1595
1571
1700
2014
1546
1862
2310
2623
2720
2738
2732
2540
2182
1962
1992
2045
1995
1952
2079
2336
2564
2525
2308
2057
1748
1324
1061
1230
1596
1777
1936
2182
2191
1873
1632
1737
1941
2044
2266
2713
3049
3006
2620
2135
1751
1535
1469
1697
2162
2456
2308
2006
1946
1970
1789
1455
1447
1850
2238
2339
2366
2601
2980
3139
2751
2010
1466
1441
1650
1759
2019
2622
3191
3153
2576
1990
1695
1615
1645
1782
2064
2386
2634
2694
2498
2173
1931
1842
1805
1901
2287
2832
3170
3066
2603
1938
1170
542
545
1284
2312
3080
3267
2835
2083
1469
1340
1630
2000
2283
2580
2858
2790
2081
982
263
401
1170
1932
2295
2403
2522
2727
2826
2595
2012
1368
1144
1475
2051
2448
2474
1457
1786
1815
1541
998
541
444
934
2118
3666
4095
4095
4095
4095
4095
3976
3097
2164
1244
508
37
7
408
1056
1618
1944
2218
2524
2918
3164
3139
2745
2162
1674
1651
2144
2956
3599
3806
3510
2918
2220
1677
1478
1676
2015
1977
1363
607
263
501
1304
2435
3411
3972
3916
3425
2872
2429
1914
1127
118
0
145
1405
2750
3638
4019
3736
2854
1684
818
699
943
1237
1610
1900
1916
1988
2706
3968
4095
4095
4095
3056
1525
182
2
1
1
1067
2120
2376
2026
1598
1478
1918
2682
3493
4056
4095
3606
2769
2096
1738
1638
1799
2168
2455
2178
1275
514
723
1896
2922
2994
2320
1601
1191
1143
1436
1985
2729
3499
3828
3224
2148
1550
392
176
706
1744
2914
3764
4019
3592
2591
1308
219
2
219
1204
2275
3061
3370
3162
2494
1673
1057
922
1292
1999
2840
3525
3766
3458
2779
2008
1347
936
861
1122
1673
2291
2860
3250
3376
3152
2616
1838
1010
376
296
985
2180
3393
4095
4095
3950
2685
1058
1
3
430
1865
3325
4095
4095
3233
1496
2
3
3
512
2545
4095
4095
4095
3388
1436
3
2
3
509
2137
3619
4095
4095
3760
2756
1644
675
248
466
1099
1697
2186
2760
3508
3976
3713
2758
1646
876
597
747
1195
1994
2913
3484
3424
2837
2051
1406
1128
1393
2242
3364
4095
4095
3582
2381
1154
326
205
850
2010
3084
3606
3339
2449
1320
484
269
826
1973
944
226
3
0
1
0
725
1983
3411
4095
4095
4095
4095
4095
4095
4095
4095
3125
1228
1
1
2
2
3
0
2
938
2200
3264
3943
4095
4048
3701
3256
2736
2228
1796
1502
1385
1538
2016
2836
3786
4095
4095
4095
4095
4095
3624
2295
696
1
2
2
2
2
1
1
0
8
1975
4095
4095
4095
4095
4095
4095
4095
4095
4095
4095
3270
1475
1
2
4
1
1
4
3
4
3
120
939
1734
2404
2978
3430
3720
3883
3918
3976
4095
4095
4095
4095
4095
4095
4095
4095
4095
4095
4095
3104
1716
95
4
2
1
2
2
1
0
1
2
1
1
1457
3444
4095
4095
4095
4095
4095
4095
4095
4095
4095
4095
4095
4095
3955
3049
2062
1054
26
2
2
1
2
2
1
2
3
1
2
2
2
2
2
3
0
1
2
32
1039
2168
3212
4095
4095
4095
4095
4095
4095
4095
4095
4095
4095
4095
4095
4095
4095
4095
4095
4095
4095
4095
4095
4095
3633
2670
1743
857
3
1
2
3
2
2
2
1
1
2
2
2
5
4
2
3
2
3
2
2
3
325
943
1494
2000
2482
2916
3289
3614
3896
4095
4095
4095
4095
4095
4095
4095
4095
4095
4095
4095
4095
4095
4095
4095
4095
3923
3718
3505
3288
3063
2837
2618
2426
2223
2028
1856
1700
1556
1434
1341
1259
1191
1153
1131
1134
1140
1156
1188
1219
1261
1310
1357
4095
4095
4095
4095
4095
4095
4095
4095
4095
4095
4095
4095
4095
4081
3975
3848
3743
3632
3519
3414
3282
3182
3066
2958
2842
2721
2602
2491
2366
2246
2118
1994
1872
1754
1644
1514
1388
1279
1152
1034
909
784
659
534
431
323
189
77
4
2
2
3
2
4
3
2
2
3
4
2
1
3
4
1
1
2
3
1
2
2
1
4
3
3
2
4
2
2
3
4
4
2
2
1
4
1
2
94
325
554
779
1028
1271
1503
1757
1994
2220
2454
2688
2918
3126
3332
3542
3724
3921
4092
4095
4095
4095
4095
4095
4095
4095
4095
4095
4095
4095
4095
4095
4095
4095
4095
4095
4095
4095
4095
4095
4095
