2078
2088
2086
2085
2072
2074
2084
2079
2077
2057
2075
2058
2069
2078
2086
2080
2089
2092
2100
2099
2087
2088
2084
2093
2101
2098
2062
2068
2073
2089
2085
2082
2076
2075
2104
2084
2083
2090
2064
2081
2070
2085
2086
2089
2077
2076
2094
2076
2093
2084
2116
2081
2074
2089
2083
2086
2100
2115
2088
2091
2084
2079
2070
2096
2090
2095
2112
2094
2086
2072
2098
2086
2102
2113
2090
2079
2097
2120
2087
2102
2112
2100
2086
2095
2101
2087
2095
2092
2109
2100
2094
2066
2107
2100
2080
2072
2090
2097
2095
2078
2089
2088
2089
2089
2111
2091
2095
2092
2091
2112
2099
2087
2097
2114
2118
2093
2098
2115
2109
2109
2103
2087
2088
2111
2103
2081
2076
2100
2101
2100
2095
2098
2091
2097
2090
2102
2065
2075
2089
2097
2077
2068
2082
2111
2100
2063
2071
2071
2076
2095
2102
2104
2091
2080
2087
2078
2109
2108
2092
2097
2076
2093
2102
2080
2072
2074
2093
2116
2087
2087
2080
2077
2070
2075
2097
2101
2102
2079
2086
2134
2136
2105
2075
2086
2070
2084
2095
2126
2096
2098
2102
2109
2105
2093
2071
2086
2081
2089
2107
2100
2113
2134
2095
2093
2080
2113
2085
2095
2089
2078
2101
2086
2094
2100
2098
2081
2070
2088
2080
2088
2091
2068
2090
2114
2114
2104
2093
2108
2082
2098
2105
2103
2085
2082
2093
2089
2083
2100
2091
2100
2104
2102
2098
2090
2089
2107
2089
2096
2108
2110
2119
2100
2103
2113
2123
2105
2122
2144
2142
2131
2146
2150
2139
2167
2144
2144
2134
2143
2119
2114
2118
2113
2119
2112
2084
2095
2124
2097
2107
2116
2089
2124
2120
2114
2098
2115
2157
2116
2137
2134
2132
2127
2111
2102
2094
2130
2122
2129
2137
2139
2125
2138
2136
2121
2136
2143
2174
2156
2155
2163
2150
2162
2162
2160
2143
2149
2099
2115
2091
2070
2059
2063
2023
2001
2050
2021
2003
2005
2033
2023
2010
2059
2051
2086
2107
2126
2156
2156
2159
2163
2160
2150
2156
2106
2121
2080
2047
2027
2008
1977
1928
1896
1872
1850
1841
1841
1865
1857
1881
1909
1904
1953
2003
2053
2077
2154
2166
2172
2262
2283
2298
2336
2357
2343
2309
2320
2333
2300
2291
2238
2233
2205
2173
2164
2219
2226
2288
2295
2320
2239
2199
2136
2035
2002
1962
1967
2016
2029
2013
1967
1900
1811
1726
1679
1743
1949
2166
2404
2574
2657
2582
2472
2282
2108
1957
1849
1820
1784
1769
1830
1898
1932
2005
2087
2112
2112
2155
2182
2282
2365
2468
2509
2530
2428
2268
2080
1900
1861
1931
1985
2129
2180
2232
2178
2154
2110
2113
2148
2230
2263
2241
2164
2063
1953
1867
1910
1890
1939
1944
1929
1922
1914
1912
1928
2013
2036
2091
2119
2173
2164
2169
2139
2043
1958
1880
1868
1891
1965
2047
2084
2106
2108
2094
2120
2109
2165
2178
2151
2117
2077
1982
1906
1901
1940
1993
2100
2106
2154
2099
2036
1985
1959
2040
2158
2300
2392
2390
2280
2161
2015
1957
1909
2198
2157
2138
2130
2118
2069
2031
2030
2025
2026
2020
1991
1972
1928
1936
1929
1948
1987
2026
2088
2146
2180
2213
2230
2188
2166
2101
2071
2006
2005
1966
1964
1987
2012
2064
2097
2142
2138
2145
2145
2125
2102
2095
2076
2055
2030
2051
2059
2050
2060
2102
2133
2163
2205
2217
2196
2168
2141
2076
2040
2032
2009
1987
2007
2038
2085
2136
2180
2192
2202
2135
2084
2110
2064
2064
2041
2056
2064
2088
2146
2146
2145
2107
2041
1936
1930
1906
1940
1943
1991
2041
2103
2160
2228
2284
2312
2295
2232
2155
2093
2056
2019
1981
1965
1995
2080
2121
2161
2132
2059
2068
2007
2039
2047
2033
2052
2066
2096
2122
2203
2228
2229
2266
2286
2317
2302
2259
2192
1984
2072
2140
2192
2221
2191
2120
2014
1988
2088
2174
2107
1937
1919
2027
2122
2162
2235
2298
2333
2242
2089
2085
2139
2184
2082
1976
1991
2080
2142
2193
2326
2492
2557
2370
2100
1970
1975
1942
1859
1848
1941
2071
2112
2176
2323
2481
2488
2368
2213
2065
1906
1771
1661
1652
1731
1848
1952
2026
2030
2082
2167
2155
2027
1895
1916
2053
2085
2024
2023
2148
2189
2051
1973
2088
2215
2138
2024
1990
2095
2155
2178
2233
2399
2468
2423
2263
2167
2119
2056
1998
1980
2012
2017
1988
1972
2037
2136
2245
2312
2291
2211
2151
2183
2213
2157
2099
2145
2177
2136
2057
2098
2262
2371
2320
2229
2185
2174
2084
1936
1866
1895
1828
1690
1636
1754
1984
2095
2197
2048
1932
1876
1858
1983
2059
2111
2161
2140
2093
2009
1981
2060
2203
2323
2376
2328
2258
2155
2024
1912
1834
1865
1997
2126
2310
2380
2361
2257
2075
1900
1763
1737
1765
1903
2111
2276
2364
2362
2256
2082
1901
1739
1687
1722
1818
1906
2031
2114
2163
2212
2284
2296
2295
2257
2181
2072
2017
1981
2008
1994
2008
2064
2123
2207
2238
2216
2182
2216
2263
2299
2350
2373
2331
2279
2184
2035
1870
1724
1632
1711
1804
1956
2129
2248
2276
2200
2116
2075
2022
2015
2016
1983
1971
1977
2020
2082
2151
2251
2276
2325
2294
2311
2264
2163
2042
1927
1904
1965
2025
2132
2254
2279
2252
2168
2044
1963
1957
2028
2131
2253
2366
2384
2344
2248
2131
1987
1655
1696
1863
2113
2360
2505
2559
2546
2457
2350
2268
2125
1836
1600
1601
1811
1994
2070
2081
2239
2406
2517
2405
2124
1854
1701
1630
1706
1746
1818
1942
2080
2213
2324
2452
2571
2566
2499
2296
2049
1888
1920
1988
2053
2023
1990
2030
2111
2154
2060
1880
1730
1757
1959
2188
2197
2178
2197
2348
2437
2406
2290
2120
1872
1807
1914
2068
2079
1891
1726
1740
1985
2301
2481
2392
2072
1809
1756
1875
2025
2125
2134
2087
2096
2242
2455
2548
2394
2102
1897
1847
1867
1839
1851
1908
1982
2091
2290
2451
2497
2367
2144
1967
1847
1890
2040
2181
2268
2347
2447
2458
2414
2268
2064
1870
1697
1606
1619
1760
1901
2001
1997
1946
1980
2086
2200
2225
2214
2393
2147
1933
1859
1937
2136
2331
2392
2349
2201
2048
1954
1954
2010
2029
2078
2120
2193
2306
2324
2301
2252
2169
2014
1904
1824
1810
1841
1892
1913
1867
1817
1880
2097
2375
2595
2674
2533
2205
1834
1508
1343
1311
1406
1486
1615
1860
2199
2578
2835
2904
2728
2512
2262
2001
1741
1485
1271
1230
1451
1852
2301
2606
2787
2864
2838
2720
2476
2079
1705
1469
1430
1555
1744
1955
2166
2335
2417
2430
2396
2284
2101
1891
1715
1596
1718
1949
2269
2482
2591
2705
2893
2963
2694
2135
1516
1141
1115
1312
1620
1980
2296
2473
2560
2645
2726
2752
2619
2296
1940
1775
1762
1665
1401
1141
1126
1493
2082
2644
2965
3040
2752
2236
1741
1490
1609
1982
2361
1996
1781
1680
1653
1640
1628
1668
1752
2005
2342
2695
2907
2888
2672
2360
2036
1840
1769
1784
1864
1888
1900
1878
1870
1927
2069
2218
2333
2407
2497
2579
2697
2801
2825
2753
2546
2264
1926
1656
1432
1357
1371
1498
1745
2016
2253
2340
2316
2217
2034
1905
1901
2043
2336
2644
2841
2848
2636
2269
1857
1599
1520
1684
1945
2169
2251
2150
1899
1667
1471
1393
1516
1822
2245
2657
2978
3115
3017
2701
2274
1873
1557
1441
1531
1757
2056
2310
2442
2381
2127
1780
1473
1261
1201
1429
1798
2327
2830
3166
3238
3091
2724
2278
1824
1500
1323
1292
1421
1668
1915
2129
2214
2196
2122
2044
1996
1996
2030
2072
2105
2170
2194
2192
2209
2204
2220
2232
2218
2736
3021
3300
3516
3666
3667
3348
2702
1762
896
301
65
186
570
992
1225
1356
1733
2452
3399
4095
4095
4095
3868
3292
2681
1947
1212
602
237
203
531
1123
1774
2265
2494
2562
2577
2600
2753
3051
3292
3362
3082
2562
1985
1506
1167
1068
1279
1662
1995
2104
2035
1939
1889
1911
2024
2288
2680
3136
3374
3360
3041
2534
2141
1911
1776
1747
1730
1702
1715
1677
1556
1384
1284
1404
1936
2604
3091
3393
3415
3006
2432
1962
1570
1379
1418
1359
1213
1184
1250
1381
1543
1811
2220
2767
3275
3514
3439
3192
2950
2552
1901
1105
472
382
872
1628
2155
2144
1698
1240
1065
1307
1767
2369
2906
3275
3577
3743
3616
3242
2827
2480
2097
1665
1268
2509
2045
1640
1459
1483
1724
2024
2252
2326
2235
2038
1797
1592
1463
1399
1446
1539
1708
1976
2304
2599
2892
3076
3114
3009
2802
2529
2280
2061
1866
1697
1597
1561
1618
1628
1688
1705
1746
1827
1988
2188
2483
2736
2920
2903
2773
2548
2229
1788
1251
632
95
0
0
349
1135
2128
3115
3971
4095
4095
4095
4095
4095
3464
2343
1093
0
1
0
0
0
763
1956
3090
3987
4095
4095
4095
4045
3117
1953
888
130
2
1
368
1099
1953
2781
3489
4015
4095
4095
3825
3021
2009
926
53
1
0
228
1105
2088
2957
3606
3945
4008
3801
3330
2614
1769
833
0
1
0
1
432
1675
3064
4095
4095
4095
4095
4095
4095
3230
1797
916
1791
2648
3410
4095
4095
4095
4095
4095
4095
4095
4095
4095
4095
4095
4095
4095
4095
4025
3192
2263
1325
402
1
1
1
0
1
1
0
1
1
2
0
2
1
0
1
212
1181
2163
3084
3916
4095
4095
4095
4095
4095
4095
4095
4095
4095
4095
4095
4095
4095
4095
4095
3641
2723
1837
987
174
0
1
1
2
3
1
1
0
4
3
2
1
1
27
584
1239
1844
2400
2975
3412
3811
4095
4095
4095
4095
4095
4095
4095
4095
4095
3940
3553
3138
2695
2237
1825
1479
1202
979
831
752
776
826
931
1077
1279
1506
1745
2003
2241
2503
2750
2930
3083
3227
3331
3357
3379
3360
3304
3196
3042
2848
2597
2332
6
0
0
0
0
0
0
1
0
0
0
0
0
1
0
1
1
1
0
0
1
1
1
3
1
2
2
622
1399
2121
2824
3482
4095
4095
4095
4095
4095
4095
4095
4095
4095
4095
4095
4095
4095
4095
4095
4095
4095
4095
4095
4095
4095
4095
4095
4095
4095
4095
4095
4095
4095
4095
4095
4095
4095
4095
4095
3550
2846
2146
1458
789
106
1
0
1
0
0
0
0
0
0
0
1
0
0
1
0
1
0
0
0
1
0
0
0
0
0
1
0
0
1
1
0
0
0
289
993
1703
2391
3024
3612
4095
4095
4095
4095
4095
4095
4095
4095
4095
4095
4095
4095
4095
4095
4095
4095
3597
3444
3288
3165
3019
2851
2719
2586
2476
2320
2218
2070
1935
1838
1720
1612
1498
1377
1275
1165
1072
972
894
801
696
591
489
408
342
235
158
79
15
3
3
1
1
1
0
1
3
0
1
1
0
1
0
0
0
0
1
0
0
1
0
0
0
0
1
0
0
0
0
0
0
0
0
1
1
1
1
1
2
0
1
0
0
0
1
0
0
0
0
1
3
0
3
0
1
1
0
0
1
0
0
1
1
1
0
0
1
1
1
0
2
0
1
0
1
3
0
0
73
196
322
446
587
705
794
909
993
1107
1218
1341
1432
1549
1626
1724
