2096
2085
2095
2096
2094
2091
2104
2103
2097
2108
2105
2098
2093
2092
2098
2093
2099
2102
2111
2106
2094
2084
2099
2095
2095
2103
2109
2105
2105
2098
2090
2100
2102
2105
2101
2097
2098
2108
2091
2085
2096
2100
2094
2099
2095
2103
2101
2104
2099
2109
2105
2099
2106
2108
2101
2100
2104
2105
2110
2092
2105
2104
2114
2118
2102
2106
2093
2102
2099
2092
2093
2093
2088
2102
2096
2102
2101
2102
2098
2100
2107
2094
2104
2111
2110
2115
2111
2122
2101
2108
2102
2093
2078
2089
2107
2100
2101
2102
2099
2089
2108
2097
2100
2106
2099
2106
2104
2108
2111
2108
2104
2092
2100
2096
2092
2101
2106
2096
2084
2088
2092
2093
2078
2092
2096
2092
2090
2104
2040
2044
2040
2032
2040
2037
2045
2054
2052
2054
2059
2057
2060
2063
2058
2066
2065
2065
2071
2072
2081
2081
2076
2085
2084
2084
2086
2090
2087
2089
2085
2083
2095
2094
2097
2089
2091
2089
2096
2096
2088
2093
2093
2093
2093
2098
2090
2088
2096
2086
2094
2092
2087
2087
2088
2074
2076
2083
2084
2087
2085
2083
2091
2089
2090
2090
2103
2104
2107
2105
2112
2115
2110
2116
2130
2126
2128
2121
2123
2126
2132
2125
2122
2123
2131
2130
2130
2129
2122
2128
2108
2122
2115
2127
2122
2130
2124
2125
2125
2124
2127
2127
2123
2117
2128
2125
2115
2118
2124
2122
2122
2114
2106
2108
2105
2097
2101
2099
2076
2070
2069
2056
2048
2040
2031
2033
2016
2007
2344
2350
2348
2341
2329
2312
2292
2262
2227
2195
2152
2118
2073
2032
1995
1958
1922
1889
1873
1852
1838
1827
1826
1823
1827
1830
1836
1839
1849
1859
1867
1881
1886
1908
1932
1950
1984
2008
2043
2085
2117
2157
2193
2227
2272
2307
2339
2368
2401
2419
2447
2458
2464
2478
2478
2468
2461
2442
2423
2393
2360
2320
2280
2234
2182
2129
2074
2018
1974
1924
1885
1848
1820
1791
1768
1756
1753
1753
1772
1780
1811
1840
1875
1915
1960
1992
2031
2065
2111
2138
2160
2172
2190
2187
2176
2167
2148
2110
2078
2052
2008
1971
1938
1898
1885
1862
1845
1834
1833
1844
1858
1888
1905
1937
1981
2016
2056
2122
2180
2252
2299
2352
2389
2433
2448
2470
2474
2466
2303
2198
2103
2041
2005
1974
1912
1825
1749
1705
1689
1688
1711
1764
1859
1966
2090
2190
2266
2312
2307
2282
2274
2296
2315
2295
2246
2156
2093
2041
1998
1952
1906
1878
1879
1906
1931
1978
2044
2139
2221
2273
2304
2332
2353
2338
2270
2159
2080
2053
2058
2040
1989
1940
1941
1974
1984
1941
1890
1856
1878
1917
1966
2036
2155
2295
2383
2378
2319
2290
2288
2280
2224
2162
2136
2144
2181
2232
2297
2374
2397
2345
2248
2172
2124
2076
1979
1882
1837
1873
1935
1977
2003
2028
2074
2103
2120
2117
2121
2149
2218
2298
2392
2427
2400
2328
2200
2045
1895
1810
1782
1783
1803
1856
1984
2126
2238
2311
2363
2450
2526
2503
2385
2228
2114
2046
1984
1916
2094
2072
2038
1998
1969
1968
1993
2039
2097
2145
2165
2146
2098
2040
1976
1933
1935
1992
2109
2239
2374
2492
2549
2554
2483
2352
2190
2019
1897
1849
1885
2005
2145
2291
2398
2446
2436
2354
2225
2080
1955
1874
1878
1942
2039
2148
2247
2312
2342
2326
2255
2140
2006
1888
1805
1769
1776
1791
1812
1843
1896
1970
2080
2200
2332
2441
2529
2578
2588
2533
2416
2264
2078
1922
1804
1753
1758
1811
1874
1939
1989
2023
2050
2067
2086
2097
2127
2163
2218
2265
2294
2291
2251
2167
2068
1970
1909
1876
1894
1948
2016
2070
2095
2092
2065
2032
2018
2020
2044
2086
2130
2186
2227
2244
2235
2187
2121
2022
1927
1862
1840
1889
1993
2148
2320
2476
2598
2653
1610
1829
2036
2160
2204
2204
2136
2083
2129
2165
2084
1968
1986
2108
2176
2213
2346
2522
2621
2632
2606
2471
2220
2023
1936
1870
1800
1843
2045
2191
2188
2168
2208
2203
2060
1915
1918
2000
2027
1983
1926
1912
1979
2060
2155
2221
2278
2326
2276
2187
2080
1955
1792
1652
1718
1895
2000
1939
1921
2086
2290
2366
2382
2482
2516
2408
2224
2102
2053
1950
1868
1936
2044
2091
2122
2144
2146
2093
2157
2272
2302
2172
2019
1908
1779
1665
1703
1800
1858
1923
2051
2178
2137
2143
2277
2410
2338
2180
2110
2139
2111
2100
2178
2346
2415
2366
2282
2152
2020
1907
1852
1838
1824
1840
1890
1906
1974
2055
2086
2097
2197
2243
2234
2129
2109
2195
2252
2248
2249
2251
2152
2013
1869
1760
1691
1681
1747
1884
2037
2213
2357
2432
2410
2302
2156
2014
1916
1882
1880
1901
1944
1976
2023
2036
2048
2061
2098
2189
2308
2442
2555
2597
2559
2428
2270
2078
1901
1793
1763
1842
1974
2128
2248
2326
2342
2314
2268
2213
2163
2110
2020
1905
1782
1711
1703
1766
1876
1985
2056
2070
2038
1962
1872
1830
1836
1892
1988
2131
2316
2502
2648
2711
2641
2445
2173
1875
1612
1413
1337
1432
1665
1991
2299
2532
2634
2646
2567
2418
2283
2139
2038
2039
2125
2281
2448
2537
2533
2460
2304
2072
1803
1568
1452
1469
1594
1760
1879
1936
1946
1931
1933
1976
2108
2247
2367
2444
2510
2502
2409
2246
2024
1824
1691
1634
1600
1543
2311
2233
2174
2187
2193
2077
1887
1826
1995
2304
2637
2792
2684
2360
1912
1503
1294
1260
1297
1333
1390
1672
2258
2945
3397
3428
3156
2760
2240
1594
934
632
846
1469
2196
2783
3097
3103
2881
2519
2204
1998
1890
1713
1585
1621
1904
2318
2619
2626
2358
1949
1629
1578
1767
2069
2275
2272
2129
2000
2019
2158
2292
2270
2079
1825
1668
1732
2016
2380
2596
2528
2204
1794
1498
1384
1476
1654
1932
2308
2745
3083
3205
3046
2634
2054
1534
1156
1032
1207
1577
2013
2364
2556
2568
2431
2229
2030
1873
1804
1820
1945
2144
2352
2528
2656
2722
2667
2434
2066
1668
1431
1466
1756
2119
2369
2416
2291
2100
1979
1944
2009
2110
2228
2299
2340
2240
2068
1344
1404
1928
2592
3019
3063
2837
2380
1779
1304
1288
1748
2232
2220
1782
1470
1692
2205
2524
2612
2789
3107
3149
2640
1902
1441
1400
1539
1621
1702
1904
2095
1990
1569
1208
1316
1902
2568
2976
3028
2738
2195
1561
1118
1149
1659
2359
2838
2934
2721
2340
1973
1796
1874
2064
2124
2033
1995
2133
2405
2698
2992
3210
3138
2628
1753
930
582
839
1412
1925
2198
2215
1981
1592
1306
1367
1798
2362
2712
2663
2326
1999
1963
2300
2858
3203
3062
2548
2077
1977
2271
2621
2667
2408
2010
1497
981
763
1101
1791
2308
2355
2069
1878
2042
2449
2751
2722
2465
2148
1928
1980
2316
2724
2874
2612
2079
1552
1275
1320
1631
2057
2381
2390
2081
1713
1590
1831
2897
3702
4095
4095
3776
3181
2537
2007
1668
1534
1550
1628
1665
1610
1449
1225
1054
1027
1238
1700
2339
3018
3574
3829
3692
3150
2279
1312
440
3
2
88
828
1848
2904
3734
4095
4056
3547
2781
1989
1362
1033
1035
1295
1704
2104
2379
2427
2228
1834
1370
1013
893
1066
1473
1990
2460
2748
2810
2661
2376
2091
1924
1999
2339
2844
3364
3677
3655
3248
2559
1764
1058
616
540
822
1367
2013
2590
2948
2995
2760
2377
2019
1828
1825
1977
2131
2177
2061
1854
1673
1658
1849
2208
2591
2873
2961
2857
2613
2322
2061
1884
1835
1920
2117
2364
2542
2588
2507
2365
2279
2305
2442
2602
2651
2542
2231
1791
1314
989
1004
1413
2160
2989
3609
1270
268
2
2
510
1603
2687
3492
3834
3715
3351
2797
2301
2148
2366
2627
2671
2477
2162
1805
1462
1133
830
596
608
979
1613
2247
2702
2945
2910
2483
1782
1128
952
1416
2302
3199
3782
3860
3407
2576
1620
692
2
2
3
415
1426
2603
3619
4095
4071
3551
2948
2572
2531
2708
2833
2782
2563
2173
1635
913
154
1
2
534
1771
2992
3788
4087
3971
3552
2958
2265
1639
1306
1462
2033
2775
3369
3604
3416
2966
2404
1800
1223
809
761
1161
1886
2650
3133
3217
2934
2424
1832
1330
1058
1076
1299
1662
2027
2276
2368
2359
2309
2214
1985
1617
1310
1299
1700
2402
3120
3608
3733
3482
2787
1679
448
1
2
1
144
1200
2295
2372
2466
2462
2380
2251
2144
2087
2076
2084
2101
2106
2098
2061
2020
1969
1918
1910
1970
2084
2246
2411
2554
2639
2640
2530
2312
1944
1484
1010
621
418
448
763
1313
2032
2807
3502
4044
4095
4095
4095
3937
3191
2230
1199
306
2
5
2
590
1519
2482
3294
3807
3939
3720
3202
2488
1716
1011
521
351
562
1083
1825
2670
3455
4040
4095
4095
3952
3354
2542
1591
603
1
1
2
0
1
797
1906
2982
3854
4095
4095
4095
4095
3610
2671
1676
787
162
1
3
284
988
1863
2754
3518
4073
4095
4095
3902
3156
2152
1063
39
3
0
1
12
899
2066
3200
4095
4095
4095
4095
4095
4095
3410
2264
1051
1
3
2
1
4095
4095
4095
4095
4095
4095
4095
4095
4095
4095
4095
3926
2900
1782
627
1
0
2
1
3
1
3
2
1
1
2
1
1
23
1107
2404
3689
4095
4095
4095
4095
4095
4095
4095
4095
4095
4095
4095
4095
4095
4095
4095
3928
2274
490
0
4
1
2
1
3
2
1
1
2
1
1
1
1
0
1030
3015
4095
4095
4095
4095
4095
4095
4095
4095
4095
4095
4095
4095
4095
4095
4095
4095
3766
1951
149
4
3
1
3
2
2
1
1
1
0
1
2
3
1
2
0
1091
2684
4095
4095
4095
4095
4095
4095
4095
4095
4095
4095
4095
4095
4095
4095
3536
2286
1089
3
3
2
2
2
3
0
4095
4095
4095
4095
4095
4095
4095
4095
4095
4095
4095
4095
4095
4095
4095
4095
4095
4095
3491
2789
2107
1426
773
144
3
2
4
1
1
1
4
1
2
2
4
2
4
3
3
4
3
3
1
2
2
3
3
1
3
5
2
2
3
1
2
3
3
3
3
3
1
2
4
3
3
3
351
1181
2007
2808
3582
4095
4095
4095
4095
4095
4095
4095
4095
4095
4095
4095
4095
4095
4095
4095
4095
4095
4095
4095
4095
4095
4095
4095
4095
4095
4095
4095
4095
4095
4095
4095
4095
4095
4095
4095
4095
4095
4095
4095
4095
4095
4095
4095
4095
4095
3508
2741
1996
1269
596
1
1
4
1
4
2
3
2
3
3
3
1
3
3
141
281
423
560
698
812
941
1061
1176
1297
1400
1512
1620
1717
1828
1912
2021
2114
2192
2288
2365
2452
2539
2611
2687
2757
2834
2902
2962
3031
3101
3160
3218
3276
3336
3386
3450
3502
3552
3606
3650
3705
3748
3801
3826
3880
3916
3952
3988
4018
4057
4090
4095
4095
4095
4095
4095
4095
4095
4095
4095
4095
4095
4095
4095
4095
4095
4095
4095
4095
4095
4095
4095
4095
4095
4095
4095
4095
4095
4095
4095
4095
4095
4095
4095
4095
4095
4095
4095
4095
4095
4095
4095
4095
4095
4095
4095
4095
4095
4095
4095
4095
4095
4095
4095
4095
4095
4095
4095
4095
4095
4095
4095
4095
4095
4095
4095
4095
4095
4095
4095
