2088
2103
2106
2095
2107
2094
2109
2090
2090
2090
2106
2094
2090
2115
2092
2109
2107
2116
2111
2089
2091
2093
2097
2091
2086
2096
2103
2104
2088
2072
2095
2078
2094
2083
2100
2106
2079
2114
2096
2084
2105
2108
2114
2090
2105
2096
2107
2097
2090
2104
2106
2083
2096
2092
2097
2081
2088
2088
2106
2093
2098
2079
2079
2104
2098
2088
2076
2087
2090
2077
2093
2090
2108
2100
2108
2094
2087
2082
2109
2107
2094
2096
2101
2090
2096
2094
2117
2128
2117
2094
2120
2084
2097
2099
2102
2093
2073
2097
2079
2086
2100
2076
2088
2072
2076
2076
2094
2094
2090
2087
2096
2098
2081
2088
2078
2084
2092
2103
2097
2086
2063
2092
2109
2088
2088
2093
2099
2092
2108
2110
2100
2098
2101
2108
2090
2115
2084
2067
2088
2075
2112
2105
2085
2080
2081
2088
2095
2095
2097
2090
2103
2097
2122
2120
2078
2109
2115
2106
2091
2103
2091
2095
2103
2080
2092
2115
2116
2103
2112
2104
2102
2091
2105
2085
2103
2087
2100
2092
2103
2102
2076
2093
2088
2074
2104
2099
2099
2089
2094
2066
2097
2094
2097
2074
2087
2079
2094
2078
2083
2099
2082
2068
2079
2104
2106
2083
2104
2115
2107
2106
2114
2107
2087
2084
2070
2076
2089
2096
2090
2082
2080
2080
2101
2113
2100
2098
2093
2106
2075
2116
2095
2104
2097
2101
2088
2082
2095
2078
2101
2086
2101
2104
2115
2116
2121
2104
2101
2095
2076
2074
2080
2087
2089
2092
2077
2095
2135
2096
2103
2106
2062
2084
2070
2065
2040
2036
2034
2020
2027
2013
1994
2011
2011
1983
1997
1984
1966
2014
2002
1993
1995
1972
1996
1989
2036
2024
2027
2065
2046
2058
2072
2089
2098
2122
2120
2113
2138
2108
2100
2160
2161
2141
2126
2140
2162
2131
2083
2092
2128
2075
2091
2070
2083
2075
2044
2074
2064
2058
2036
2048
2035
2027
2048
2061
2024
2020
2029
2015
2051
2042
2067
2070
2057
2079
2070
2100
2105
2101
2122
2098
2116
2116
2135
2135
2116
2123
2118
2119
2155
2144
2156
2127
2122
2152
2127
2134
2144
2123
2091
2078
2076
2096
2082
2083
2058
2043
2004
2038
2040
2028
1989
1997
2009
1965
2000
1978
1994
1992
1987
1988
1996
2008
2012
2024
2047
2053
2071
2115
2080
2130
2110
2105
2094
2088
2110
2116
2144
2147
2186
2174
2160
2098
2015
1981
1929
1836
1804
1800
1813
1858
1950
2036
2133
2204
2265
2310
2278
2233
2185
2096
2005
1941
1940
1921
1939
1974
2075
2141
2226
2267
2299
2318
2291
2240
2156
2096
2037
1964
1956
1960
1983
1960
1997
2036
2039
2025
2046
2089
2114
2127
2190
2193
2214
2212
2232
2253
2237
2186
2140
2082
2040
1990
2032
2006
2027
2095
2128
2136
2082
2089
2065
2021
1957
1950
1922
1969
1978
2029
2096
2171
2276
2330
2344
2344
2326
2299
2242
2136
2070
1994
1890
1888
1887
1896
1918
1975
2024
2087
2151
2184
2240
2272
2279
2256
2217
2207
2194
2131
2083
2076
2069
2094
2255
2159
2021
1897
1841
1904
2021
2123
2135
2101
2059
2067
2105
2109
2120
2108
2104
2087
2059
2060
2139
2252
2246
2139
1976
1882
1882
1886
1906
1960
2068
2202
2225
2136
2003
1997
2128
2272
2277
2139
2052
2089
2252
2381
2385
2352
2302
2247
2220
2167
2130
2004
1854
1727
1764
1967
2200
2284
2190
2064
2057
2141
2240
2252
2240
2224
2299
2387
2382
2282
2136
2037
1970
1904
1824
1785
1868
1991
2151
2255
2329
2320
2261
2169
2088
2034
2005
2007
2014
2020
2110
2187
2203
2176
2120
2082
1952
1834
1848
1976
2067
2073
2080
2170
2204
2119
2062
2024
1998
1900
1818
1916
2032
2015
1990
2036
2102
2122
2136
2180
2242
2270
2215
2208
2193
2087
2008
2005
2044
2034
1958
1953
1948
2004
2059
2015
2098
2106
2164
2118
1956
1892
1852
1888
2005
2259
2398
2342
2177
1956
1949
1948
2056
2136
2206
2185
2058
2018
2021
2095
2131
2062
2046
2143
2293
2264
2266
2149
2171
2141
2140
2177
2162
2109
2144
2138
2176
2186
2141
2004
1976
2070
2020
1993
2033
2091
2164
2136
2056
2045
1996
2104
2325
2342
2121
2036
1979
1943
1851
1821
1995
2281
2301
2226
2174
2072
1882
1762
1936
2168
2273
2280
2365
2308
2025
1817
1866
2038
2197
2176
2142
2158
2064
1972
1880
1854
1898
2113
2313
2283
2216
2225
2298
2135
1914
1932
2014
2113
2078
2167
2296
2378
2257
2105
1883
1865
1982
2120
2186
2211
2296
2292
2082
1933
1953
2143
1936
1808
1831
2004
2225
2241
2122
2006
1912
2018
2114
2095
2018
1901
1888
1946
2106
2264
2280
2140
1874
1810
1799
1923
2004
2126
2266
2362
2329
2119
1920
1800
1891
2111
2316
2244
2111
2003
1987
2016
2133
2097
1964
1890
1889
1936
2090
2264
2328
2173
1884
1846
2090
2337
2329
2015
1790
1939
2262
2422
2238
1944
1756
1838
2096
2171
2041
1849
1823
2001
2338
2515
2401
2161
2042
2113
2244
2346
2377
2249
2057
1947
1958
2153
2343
2212
2024
1888
1955
2217
2175
1959
1931
2036
2216
2215
1996
1849
1876
2025
2176
2268
2291
2131
1884
1773
1978
2246
2244
2092
1960
2034
2196
2254
2153
2052
2060
2148
2154
2049
1982
2063
2277
2495
2502
2228
1975
1894
2081
2180
2215
2163
2120
2095
2094
2045
2029
1974
1965
2068
2187
2195
2237
2166
2116
2120
2202
2296
2288
2202
2163
2092
2040
2001
2001
2080
2214
2369
2338
2145
1978
1879
1928
2180
2375
2354
2070
1847
1726
1758
1983
2182
2272
2140
2067
2050
2035
2047
1987
1866
1770
1765
1891
2069
2262
2378
2316
2126
1917
1740
1700
1943
2285
2446
2368
2032
1680
1614
1818
2174
2408
2353
2146
1971
1879
2020
2066
2030
1933
1944
1966
1969
2072
2162
2233
2184
2135
2066
2070
2110
2175
2165
2105
1994
1967
2017
2134
2187
2209
2168
2183
2176
2117
2005
1962
2012
2158
2341
2412
2322
2185
2049
2079
2118
2093
1952
1927
2052
2274
2415
2396
2175
2013
1906
1991
2184
1836
2064
2311
2438
2446
2216
1887
1744
1757
1987
2161
2186
2172
2072
2003
2061
2175
2111
2037
1960
2024
2195
2141
1981
1847
1928
2120
2339
2337
2137
1890
1832
1978
2229
2333
2256
2013
1840
1778
1951
2277
2553
2596
2292
1957
1902
2192
2526
2508
2246
1932
1748
1894
2072
2215
2144
2006
2014
2172
2324
2368
2312
2089
1858
1827
1860
1981
2146
2267
2330
2274
2210
2163
2072
1983
1960
1964
1942
2038
2121
2194
2273
2193
2023
1906
1923
2136
2376
2439
2294
2050
1926
1996
2189
2224
2062
1825
1672
1727
2038
2380
2465
2217
2019
2014
2131
2303
2239
1958
1691
1768
2071
2362
2406
2202
1927
1789
1894
2105
2280
2442
2434
2278
1968
1775
1850
2174
2492
2059
2337
2574
2582
2205
1573
1043
1016
1852
2896
3199
2574
1714
1184
1436
2200
2764
2935
2562
1859
1473
1681
2239
2632
2501
2041
1548
1424
1833
2298
2372
2103
1913
1901
2008
2336
2627
2673
2371
1803
1357
1337
1720
2115
2276
2264
2119
1922
1978
2138
2293
2252
1841
1584
1803
2345
2698
2592
2252
1844
1569
1583
2094
2604
2582
2032
1447
1397
1936
2561
2826
2737
2311
1879
1816
2046
2339
2569
2442
1969
1551
1516
1920
2452
2627
2261
1802
1686
2028
2453
2538
2226
1869
1601
1454
1679
2161
2543
2576
2278
1809
1507
1837
2358
2600
2320
1979
1778
1834
2101
2439
2588
2552
2350
2048
1821
1874
2036
2356
2559
2442
2106
1807
1687
1878
2208
2369
2274
2255
2428
2580
2386
1935
1632
1706
1704
1946
2409
2660
2585
2258
1713
1530
1892
2506
2533
2263
2052
1927
1816
1711
1795
2183
2495
2320
1884
1628
1972
2475
2589
2385
2111
1790
1666
1678
1842
2032
2074
2173
2260
2113
1971
2128
2322
2384
2138
1893
1732
1676
1830
2095
2235
2262
2260
2268
2145
1917
1878
1996
2237
2304
2105
2029
2154
2278
2164
2052
1960
1931
2036
2096
2145
2207
2169
2196
2339
2411
2196
1814
1600
1680
1942
2200
2457
2441
2145
1531
1085
1240
1974
2712
2916
2545
2174
2042
2085
2198
2419
2665
2598
2221
1920
2027
2368
2635
2546
2254
1851
1566
1514
1707
2126
2444
2574
2369
2123
1942
1930
1947
1951
1947
1886
1750
1854
2198
2453
3149
2651
1958
1369
1244
1544
2060
2541
2840
2939
2781
2344
1802
1236
931
1275
2193
2921
2896
2296
1550
1136
1423
2202
2736
2579
2015
1423
1135
1167
1531
2141
2862
3298
3155
2480
1581
865
761
1481
2656
3439
3479
2850
1924
1042
808
1420
2245
2764
2898
2776
2346
1824
1576
1799
2182
2308
2272
2251
2204
2069
1989
2122
2270
2091
1723
1719
2191
2702
2910
2815
2492
1918
1266
886
973
1398
2051
2680
3030
2944
2742
2720
2750
2416
1800
1121
619
469
784
1701
2897
3714
3662
2760
1567
862
961
1688
2396
2758
2626
2060
1494
1496
2182
3109
3640
3370
2399
1192
512
821
1866
2859
3123
2612
1750
987
682
1021
1851
2800
3345
3131
2332
1495
3427
2581
2099
1842
1382
648
156
394
1233
2046
2403
2460
2701
3330
3891
3825
3024
1971
1227
769
379
18
2
399
1326
2332
3077
3479
3650
3736
3764
3630
3288
2688
1987
1349
916
642
645
1031
1720
2510
3090
3303
3167
2826
2480
2221
2013
1904
1982
2260
2539
2620
2410
2034
1641
1389
1332
1401
1496
1554
1605
1681
1760
1763
1663
1524
1424
1563
1997
2570
3012
3111
2886
2674
2485
2214
1755
1188
704
520
663
953
1203
1435
1752
2171
2584
2905
3135
3371
3581
3667
3552
3194
2555
1774
1069
593
370
402
684
1170
1753
2309
2670
2801
2797
2839
2984
3115
3008
2620
2160
1884
1869
1984
2083
2138
2288
2682
3250
3660
3584
2939
1902
797
4095
4090
2080
2
2
3
2
4
1
1
2
2
0
920
3504
4095
4095
4095
4095
4095
4095
4095
4095
4095
4095
3578
1315
2
0
2
1
3
3
4
3
3
2
1
970
3086
4095
4095
4095
4095
4095
4095
4095
4095
4095
3408
1776
186
1
4
3
2
3
2
1
1
453
2395
4095
4095
4095
4095
4095
4095
4095
4095
4095
4095
4095
2678
723
1
2
2
1
4
3
1
1
1
1
0
398
1979
3473
4095
4095
4095
4095
4095
4095
4095
4095
4095
4095
4095
3519
2372
1298
337
1
1
0
0
0
0
0
0
1
769
1808
2912
4005
4095
4095
4095
4095
4095
4095
4095
4095
3478
1961
335
4095
4095
4095
3434
2383
1374
380
3
2
1
2
1
3
1
4
2
2
1
3
1
744
1963
3195
4095
4095
4095
4095
4095
4095
4095
4095
4095
4095
4095
4095
4095
4095
4095
4095
4095
2828
1445
26
2
2
1
1
2
3
4
5
2
4
2
2
3
3
1
573
2010
3416
4095
4095
4095
4095
4095
4095
4095
4095
4095
4095
4095
4095
4095
4095
4095
3914
2466
948
4
4
2
2
1
2
4
1
1
2
1
1
2
2
1
0
3
1291
3132
4095
4095
4095
4095
4095
4095
4095
4095
4095
4095
4095
4095
4095
4095
4095
4095
4095
4095
4095
4091
2354
432
0
1
2
1
1
1
2
0
