2102
2101
2105
2108
2107
2108
2107
2104
2108
2104
2110
2109
2110
2109
2106
2109
2113
2106
2102
2104
2106
2111
2107
2109
2106
2108
2111
2115
2115
2113
2120
2118
2116
2112
2112
2113
2115
2112
2112
2107
2107
2109
2114
2113
2105
2112
2108
2119
2111
2118
2109
2111
2110
2114
2112
2113
2114
2110
2114
2113
2113
2116
2118
2119
2121
2115
2120
2115
2114
2112
2115
2112
2112
2113
2110
2110
2108
2107
2108
2107
2110
2110
2107
2109
2107
2107
2112
2107
2112
2105
2104
2105
2109
2103
2106
2114
2113
2107
2110
2111
2109
2104
2108
2103
2108
2112
2112
2106
2110
2107
2110
2111
2111
2110
2112
2114
2112
2106
2110
2107
2111
2109
2112
2106
2113
2106
2110
2105
2093
2087
2096
2095
2094
2093
2096
2106
2093
2095
2094
2098
2113
2104
2104
2099
2104
2095
2103
2100
2099
2095
2103
2101
2102
2102
2103
2101
2106
2100
2107
2112
2104
2103
2096
2089
2100
2096
2112
2111
2105
2101
2093
2102
2103
2103
2107
2108
2103
2099
2101
2100
2100
2104
2108
2107
2112
2108
2112
2107
2109
2098
2100
2102
2082
2096
2106
2116
2100
2101
2090
2095
2100
2104
2098
2096
2104
2104
2090
2112
2112
2110
2101
2106
2106
2104
2104
2096
2106
2107
2109
2094
2104
2110
2104
2110
2100
2110
2116
2095
2107
2094
2100
2101
2102
2097
2108
2100
2108
2104
2099
2097
2111
2110
2102
2101
2122
2106
2104
2096
2097
2094
2084
2097
2100
2104
2106
2111
2097
2095
2096
2096
2105
2106
2106
2109
2103
2097
2099
2093
2091
2098
2098
2100
2090
2100
2096
2098
2101
2098
2093
2086
2092
2082
2087
2084
2086
2086
2087
2082
2096
2089
2089
2096
2090
2096
2093
2092
2089
2083
2088
2091
2084
2083
2083
2096
2091
2085
2080
2075
2070
2078
2077
2074
2079
2074
2082
2087
2080
2084
2083
2079
2078
2079
2073
2081
2083
2077
2078
2076
2075
2076
2072
2080
2080
2075
2079
2078
2080
2074
2081
2076
2072
2072
2073
2084
2067
2070
2072
2078
2079
2073
2081
2077
2076
2069
2077
2081
2076
2075
2082
2088
2079
2083
2076
2080
2074
2072
2078
2080
2074
2071
2077
2084
2082
2082
2086
2084
2083
2084
2083
2075
2086
2075
2082
2076
2179
2172
2174
2165
2154
2151
2140
2136
2126
2126
2111
2104
2093
2088
2082
2068
2062
2058
2050
2040
2026
2019
2015
2006
2001
1994
1981
1977
1977
1968
1964
1959
1955
1946
1942
1936
1933
1933
1936
1932
1930
1934
1932
1928
1932
1932
1928
1932
1940
1940
1943
1943
1941
1954
1947
1951
1961
1971
1971
1972
1980
1990
2000
2007
2014
2020
2026
2025
2039
2049
2061
2064
2072
2080
2089
2088
2087
2088
2090
2084
2086
2084
2073
2064
2063
2051
2051
2042
2028
2016
2006
2008
2000
2000
1994
2002
1994
2015
2010
2009
2016
2030
2044
2066
2076
2093
2114
2131
2137
2152
2181
2198
2208
2219
2232
2238
2265
2274
2281
2292
2304
2300
2308
2308
2310
2311
2313
2300
2114
2144
2171
2198
2221
2225
2244
2235
2228
2213
2197
2186
2178
2191
2208
2232
2266
2312
2344
2372
2386
2385
2373
2350
2310
2261
2222
2181
2150
2143
2152
2181
2220
2269
2327
2373
2400
2407
2401
2372
2323
2242
2148
2048
1949
1853
1772
1713
1652
1616
1612
1621
1641
1685
1738
1792
1856
1896
1947
1973
1977
1966
1937
1904
1875
1826
1806
1794
1803
1842
1900
1977
2083
2186
2301
2400
2495
2568
2620
2642
2648
2630
2602
2568
2524
2476
2426
2384
2347
2304
2276
2239
2212
2181
2161
2139
2128
2113
2111
2103
2090
2076
2053
2024
1990
1935
1870
1795
1716
1642
1574
1537
1520
1519
1567
1634
1724
1824
1919
2022
2105
2176
2218
2243
2238
2222
2193
2162
1865
1912
1956
2012
2070
2117
2173
2214
2250
2271
2285
2290
2284
2264
2232
2205
2167
2135
2094
2067
2027
2016
2000
1990
1992
2006
2004
2029
2046
2078
2092
2110
2148
2172
2199
2218
2232
2245
2232
2219
2205
2173
2130
2086
2035
1980
1932
1887
1851
1827
1812
1804
1809
1818
1847
1880
1915
1964
2008
2044
2098
2155
2204
2250
2296
2331
2359
2372
2376
2362
2335
2292
2244
2179
2106
2025
1944
1869
1801
1742
1704
1686
1684
1694
1736
1783
1853
1935
2033
2134
2246
2347
2446
2538
2624
2693
2736
2766
2772
2759
2722
2654
2579
2471
2359
2241
2120
1994
1876
1770
1675
1600
1556
1516
1505
1523
1571
1632
1718
1815
1932
2049
2173
2294
2396
2484
2552
2603
2135
1965
1817
1702
1625
1582
1572
1587
1621
1667
1708
1731
1748
1737
1727
1712
1729
1770
1841
1943
2057
2165
2274
2348
2398
2426
2408
2359
2265
2136
1988
1856
1743
1707
1726
1803
1907
2017
2102
2151
2157
2118
2057
1988
1939
1920
1937
2011
2121
2252
2391
2516
2618
2670
2654
2597
2482
2337
2195
2065
1972
1918
1904
1920
1961
2013
2047
2078
2083
2069
2037
2002
1974
1962
1948
1970
2010
2094
2205
2357
2503
2619
2656
2618
2516
2383
2274
2201
2194
2254
2340
2408
2430
2386
2275
2146
2010
1883
1784
1696
1609
1530
1462
1428
1442
1504
1613
1715
1806
1845
1840
1795
1761
1758
1821
1937
2099
2263
2437
2600
2735
2822
2875
2875
2794
2637
2403
2140
1782
1748
1735
1741
1782
1854
1952
2066
2173
2264
2308
2306
2272
2201
2121
2049
1992
1974
1956
1956
1964
1967
1975
1965
1972
1987
2002
2020
2045
2068
2080
2097
2116
2132
2155
2194
2249
2306
2363
2395
2400
2381
2331
2273
2206
2176
2161
2158
2164
2179
2183
2179
2165
2165
2169
2179
2181
2163
2120
2067
1989
1910
1852
1818
1834
1893
1978
2073
2151
2192
2197
2170
2122
2081
2054
2059
2093
2142
2180
2210
2217
2194
2160
2118
2080
2049
2032
2013
1988
1958
1936
1896
1879
1856
1866
1885
1925
1980
2034
2090
2130
2161
2168
2162
2151
2113
2074
2032
1991
1966
1944
1938
1950
1968
2009
2068
2122
2160
2192
2198
2194
2169
2133
2102
2059
2012
1967
1930
1846
2196
2513
2781
2976
3066
3060
2944
2740
2469
2162
1853
1572
1348
1187
1109
1127
1231
1389
1617
1894
2180
2449
2682
2872
3000
3075
3055
2963
2802
2592
2372
2118
1877
1665
1510
1419
1452
1551
1752
2009
2282
2533
2729
2847
2868
2797
2626
2402
2143
1879
1639
1443
1303
1221
1208
1240
1318
1416
1541
1665
1847
2010
2174
2328
2455
2582
2680
2745
2740
2704
2614
2489
2338
2193
2042
1920
1813
1739
1681
1660
1644
1651
1696
1745
1816
1912
2001
2111
2209
2322
2416
2475
2504
2479
2420
2318
2175
2044
1899
1788
1738
1741
1839
1974
2164
2381
2574
2735
2844
2865
2817
2694
2514
2290
2045
1775
1535
1326
1162
1090
1092
1183
1371
1656
1974
2295
2618
2027
2127
2105
2110
2202
2380
2563
2638
2587
2455
2348
2281
2252
2228
2200
2187
2217
2234
2216
2121
1988
1898
1880
1888
1899
1824
1701
1594
1570
1657
1822
1986
2101
2180
2252
2330
2437
2512
2542
2517
2457
2390
2350
2338
2351
2371
2380
2349
2255
2101
1924
1784
1694
1642
1589
1522
1447
1453
1582
1859
2143
2372
2455
2419
2376
2378
2443
2493
2450
2255
1938
1584
1298
1150
1182
1347
1560
1751
1863
1896
1916
2000
2183
2411
2626
2721
2707
2607
2512
2464
2430
2343
2181
1985
1784
1623
1470
1321
1197
1165
1297
1578
1973
2337
2594
2710
2757
2818
2896
2922
2864
2712
2524
2342
2158
1956
1703
1429
1222
1171
1285
1489
1665
1727
1713
1730
1893
2212
2258
2195
2141
2099
2068
2056
2057
2064
2077
2103
2138
2189
2237
2299
2348
2379
2385
2360
2324
2277
2211
2134
2056
1963
1859
1749
1637
1531
1442
1364
1298
1251
1236
1240
1314
1449
1645
1908
2210
2530
2822
3064
3230
3294
3263
3136
2913
2641
2325
1995
1704
1455
1289
1226
1278
1430
1675
1981
2291
2573
2787
2920
2956
2896
2767
2600
2411
2221
2057
1919
1828
1785
1789
1845
1947
2064
2190
2288
2349
2353
2296
2172
1995
1772
1534
1312
1133
1007
969
1009
1130
1299
1512
1748
1984
2219
2420
2590
2730
2830
2884
2892
2856
2781
2662
2525
2383
2235
2101
1998
1924
1869
1850
1853
1874
1912
1966
2005
2030
2017
1974
1886
1752
1610
1481
1402
1383
1441
1398
1271
1219
1224
1285
1411
1586
1804
1992
2108
2128
2101
2114
2182
2245
2199
1990
1713
1489
1455
1646
1964
2277
2491
2636
2810
3101
3474
3800
3940
3824
3480
3011
2530
2078
1635
1188
734
341
81
7
152
486
942
1454
1952
2403
2783
3111
3385
3592
3679
3625
3451
3184
2922
2704
2558
2408
2242
2049
1870
1742
1676
1638
1588
1496
1333
1170
1061
1052
1173
1385
1628
1857
2077
2335
2646
2992
3334
3568
3615
3471
3181
2814
2428
2048
1662
1285
922
650
548
651
945
1369
1849
2322
2725
3028
3203
3228
3117
2942
2748
2570
2381
2154
1889
1615
1398
1306
1333
1431
1541
1616
1683
1742
1824
1918
2042
2160
2285
2380
2445
2459
2442
2423
2462
212
790
1465
2158
2810
3383
3834
4095
4095
4095
4095
3904
3516
3044
2508
1955
1437
1008
722
609
667
892
1201
1547
1872
2136
2313
2404
2413
2366
2332
2295
2310
2348
2435
2555
2696
2848
2970
3086
3135
3090
2984
2785
2508
2184
1852
1566
1312
1147
1081
1111
1245
1440
1704
1986
2251
2458
2592
2658
2638
2551
2416
2262
2084
1914
1767
1614
1496
1398
1316
1276
1307
1358
1483
1686
1923
2179
2426
2625
2765
2828
2792
2699
2534
2347
2147
1946
1796
1694
1636
1662
1778
1945
2176
2411
2606
2728
2741
2645
2455
2181
1880
1600
1368
1212
1168
1219
1348
1556
1808
2068
2292
2468
2561
2558
2474
2340
2185
2046
1948
1922
1972
2106
2303
2554
2824
3097
939
667
503
486
622
866
1177
1512
1908
2385
2964
3583
4095
4095
4095
4095
3870
3032
2066
1087
251
3
4
3
3
4
2
434
1235
2158
3100
3945
4095
4095
4095
4095
4095
3592
2992
2435
1944
1560
1298
1173
1176
1287
1456
1639
1807
1930
1980
1926
1832
1694
1561
1484
1463
1523
1680
1944
2274
2598
2836
2921
2809
2553
2170
1785
1483
1295
1244
1288
1408
1622
1929
2343
2837
3340
3739
3995
4028
3862
3503
3070
2605
2170
1766
1384
1030
722
521
462
598
898
1298
1690
1985
2116
2140
2130
2202
2401
2706
3027
3268
3380
3386
3352
3356
3373
3359
3178
2764
2133
1352
648
149
27
202
560
909
1141
1252
1321
1392
1525
1698
1799
4095
4095
4095
4095
4095
4095
3739
2979
2198
1439
765
221
2
1
1
1
134
538
1004
1482
1962
2440
2893
3318
3693
3996
4095
4095
4074
3724
3199
2517
1747
960
229
1
2
4
3
4
3
1
1
3
128
698
1352
2054
2812
3574
4095
4095
4095
4095
4095
4095
4095
4095
4095
4095
4024
3468
2930
2406
1903
1399
911
460
67
2
0
1
1
5
343
819
1329
1849
2335
2761
3114
3386
3572
3695
3749
3739
3664
3512
3292
3016
2680
2330
1995
1709
1497
1365
1307
1301
1341
1385
1437
1488
1541
1588
1625
1644
1616
1524
1408
1241
1081
956
888
895
974
1110
1294
1495
1719
1973
2251
2573
2917
3289
3656
4001
4095
4095
