2101
2136
2095
2104
2087
2083
2115
2120
2149
2119
2069
2113
2085
2076
2066
2090
2073
2071
2075
2096
2114
2075
2076
2078
2092
2098
2099
2081
2104
2098
2089
2096
2068
2084
2078
2107
2151
2114
2079
2102
2104
2105
2120
2136
2081
2052
2118
2088
2112
2144
2125
2112
2111
2106
2091
2104
2092
2099
2080
2106
2152
2126
2127
2103
2123
2096
2107
2134
2116
2096
2116
2118
2150
2127
2151
2082
2116
2154
2138
2161
2134
2128
2147
2098
2132
2127
2166
2086
2145
2113
2104
2124
2106
2119
2122
2105
2126
2138
2109
2120
2119
2100
2134
2156
2141
2110
2100
2107
2091
2100
2144
2105
2104
2105
2106
2103
2070
2092
2092
2075
2054
2096
2096
2107
2070
2092
2071
2063
2175
2210
2210
2243
2278
2266
2320
2330
2360
2377
2385
2366
2368
2356
2356
2326
2322
2270
2258
2184
2148
2120
2101
2066
2022
1980
1910
1914
1895
1860
1852
1827
1787
1806
1833
1864
1894
1915
1951
2008
1994
2054
2093
2110
2185
2238
2280
2306
2339
2360
2376
2386
2416
2437
2444
2455
2426
2415
2434
2374
2377
2372
2372
2359
2351
2283
2288
2264
2236
2210
2162
2146
2120
2092
2068
2020
2008
1963
1960
1961
1936
1915
1940
1893
1891
1896
1872
1836
1828
1815
1795
1794
1796
1813
1824
1813
1806
1810
1832
1859
1906
1926
1936
1986
1999
2048
2093
2144
2208
2285
2303
2340
2363
2357
2352
2379
2382
2414
2391
2396
2398
2358
2329
2280
2248
2213
2136
2113
1730
1781
1813
1860
1889
1882
1889
1924
2010
2102
2224
2309
2322
2250
2183
2089
2033
2029
2037
2081
2106
2122
2119
2124
2180
2280
2396
2474
2504
2412
2294
2128
1993
1958
1950
1960
2002
2040
2076
2083
2079
2099
2116
2103
2058
1990
1944
1900
1860
1896
1955
2031
2092
2156
2168
2152
2118
2052
2035
2006
2017
2020
2023
2090
2151
2249
2352
2400
2358
2255
2132
2030
1951
1936
1941
1912
1872
1848
1811
1858
1957
2084
2162
2210
2195
2156
2142
2144
2218
2254
2262
2232
2186
2123
2112
2144
2215
2261
2283
2292
2262
2221
2184
2106
2020
1944
1845
1800
1823
1842
1930
2028
2136
2236
2345
2428
2468
2461
2408
2304
2210
2129
2042
2011
2009
2036
2064
2084
1693
1601
1568
1598
1702
1870
2031
2213
2374
2429
2456
2433
2364
2236
2108
1986
1902
1847
1842
1868
1917
2027
2127
2232
2298
2328
2326
2260
2185
2101
2020
1928
1874
1847
1877
1918
2002
2051
2130
2226
2242
2275
2274
2214
2164
2128
2044
2002
2010
2046
2112
2180
2228
2290
2292
2297
2269
2242
2213
2150
2142
2061
2042
2045
2034
2056
2061
2026
2019
1985
1968
1944
1955
1967
2013
2063
2098
2134
2182
2232
2310
2330
2359
2368
2361
2395
2338
2258
2187
2096
2050
1990
1939
1984
2031
2058
2137
2173
2230
2205
2191
2129
2052
1946
1824
1731
1659
1652
1664
1760
1912
2058
2213
2296
2352
2334
2283
2205
2064
1949
1847
1773
1763
1835
1960
2128
2300
2465
2331
2376
2322
2220
2061
1887
1802
1868
1929
1838
1666
1640
1773
1892
1940
2044
2375
2616
2601
2382
2228
2263
2228
2075
1829
1728
1783
1765
1643
1596
1680
1876
2071
2194
2280
2318
2296
2274
2268
2321
2253
2108
1880
1722
1671
1683
1778
2017
2327
2528
2536
2392
2262
2191
2181
2166
2087
2121
2161
2160
2134
2157
2277
2396
2394
2221
2091
2068
2017
1923
1902
2016
2057
1787
1497
1474
1723
2022
2170
2264
2465
2685
2706
2614
2559
2507
2303
1952
1684
1577
1629
1864
2099
2214
2266
2285
2318
2366
2360
2295
2200
2237
2186
2081
1877
1814
1844
1929
1898
1771
1708
1809
1923
1985
1995
2107
2328
2386
2200
1977
1941
2096
2164
2118
2095
2150
2134
2060
2142
2140
2134
2121
2096
2032
2046
2031
2032
2026
2075
2111
2118
2123
2087
2028
1982
1882
1811
1745
1732
1705
1780
1845
1928
2052
2157
2245
2417
2573
2695
2784
2774
2663
2469
2248
2024
1812
1689
1590
1696
1917
2127
2378
2504
2520
2422
2265
2054
1822
1672
1603
1602
1706
1864
2017
2175
2246
2266
2306
2242
2221
2169
2115
2053
1999
1956
1942
1900
1937
1957
2044
2103
2086
1981
1887
1813
1795
1804
1872
2007
2187
2396
2589
2744
2700
2545
2225
1907
1674
1564
1584
1804
2042
2374
2592
2642
2534
2365
2094
1850
1696
1656
1754
1966
2166
2276
2286
2191
2038
1856
1778
1829
2024
2271
2565
2845
2968
2955
2710
2393
2041
1782
1637
1634
1716
1867
1986
1677
1593
1642
1747
1656
1419
1381
1670
2077
2314
2427
2468
2448
2411
2208
2144
1886
1536
1276
1276
1492
1725
1928
2094
2385
2780
3082
3151
2992
2788
2555
2179
1749
1458
1219
1117
1194
1580
2148
2588
2693
2474
2175
2009
1939
1953
1814
1729
1858
2097
2187
2167
2135
2206
2321
2394
2416
2368
2221
2164
2145
2089
2024
1971
1949
1896
1832
1953
2246
2535
2575
2422
2279
2273
2355
2269
1987
1736
1743
1890
2061
2231
2416
2466
2198
1799
1470
1424
1504
1729
2068
2328
2552
2792
3052
2992
2552
2105
1838
1736
1602
1540
1624
1701
1770
2076
2404
2430
2199
2033
2067
2016
1862
1952
2356
2592
2509
2358
2331
2283
2113
1882
1731
1667
1670
1808
1960
2010
1696
1345
1144
1210
1517
2021
2516
2803
2832
2625
2209
1717
1327
1084
1055
1252
1636
2176
2796
3255
3376
3230
2806
2224
1612
1144
922
1050
1438
1923
2381
2686
2732
2626
2359
2103
1832
1632
1588
1728
2059
2545
2928
3205
3287
3108
2714
2109
1538
1096
915
953
1263
1756
2346
2916
3284
3416
3278
2924
2459
2002
1610
1354
1270
1355
1663
2128
2710
3214
3424
3307
2872
2247
1619
1109
846
960
1400
2007
2586
3008
3134
2985
2677
2255
1831
1379
1089
1113
1403
1758
2140
2338
2276
2157
1991
1839
1866
1927
2000
1912
1870
1816
1868
2034
2290
2504
2680
2644
2396
1994
1384
840
548
600
999
1678
2342
2888
3082
2941
2571
2192
1909
1820
1830
1861
1895
2531
3289
3830
3984
3726
3278
2697
2038
1370
756
449
464
726
1240
1946
2677
3225
3418
3391
3225
2954
2511
2033
1613
1296
1041
880
816
932
1238
1691
2258
2690
2915
2894
2760
2618
2444
2182
1889
1717
1678
1664
1604
1507
1574
1782
2080
2320
2532
2704
2863
2965
2889
2650
2274
1868
1556
1436
1585
1824
2020
2120
2265
2455
2667
2686
2460
2233
2153
2169
2053
1689
1187
821
723
942
1343
1738
2102
2424
2738
3066
3261
3187
2805
2304
1895
1623
1455
1317
1275
1388
1610
1911
2195
2276
2173
1861
1497
1166
1058
1229
1635
2096
2550
3022
3493
3891
4062
3880
3398
2736
2106
1596
1288
1200
1242
1324
1361
1327
1384
1529
1766
2012
2239
2427
3150
2546
1468
336
2
3
785
2266
3758
4095
4095
3914
2341
635
1
1
4
763
2152
3242
3754
3796
3588
3356
3304
3433
3586
3415
2659
1308
3
1
4
2
496
2370
3988
4095
4095
4095
3371
2524
2040
1974
2146
2186
1805
1015
107
2
4
228
1328
2379
3016
3046
2632
2200
2137
2632
3648
4095
4095
4095
4095
2504
619
1
3
1
2
1061
2436
3256
3405
3188
3033
3033
3005
2770
2448
2199
2198
2350
2314
1902
1371
1194
1496
1991
2348
2542
2633
2608
2404
2120
1933
2014
2261
2497
2682
2731
2630
2448
2422
2634
2724
2389
1677
900
436
575
1376
2474
3178
3082
2374
1615
1182
1171
1560
2306
3231
3950
3998
3141
1750
480
4095
4095
4095
2266
93
1
2
1
3
812
2395
3522
3966
3653
2762
1624
691
355
723
1559
2598
3496
4047
4065
3423
2282
942
2
2
331
1570
2998
4095
4095
4095
3466
1517
2
1
3
62
1584
3508
4095
4095
4095
4095
2674
366
2
3
2
256
2069
4088
4095
4095
4095
2777
1204
70
2
1
36
1138
2357
3008
3071
2896
2887
2998
2939
2723
2595
2615
2474
1844
902
300
517
1482
2672
3540
4050
4095
3753
2550
755
3
3
4
16
1857
4095
4095
4095
4095
4095
2078
5
4
3
3
599
2683
4095
4095
4095
4095
3066
975
3
2
2
2
997
2698
4095
4095
4095
4095
3452
2127
964
345
533
1420
2577
3559
3729
3830
3858
3825
3736
3535
3232
2811
2293
1670
995
286
4
2
0
0
1
2
0
2
2
1
0
0
0
0
76
791
1510
2182
2768
3274
3710
4059
4095
4095
4095
4095
4095
4095
4095
4095
4095
4095
4095
4095
4095
4095
4095
4095
3980
3094
2160
1217
315
3
2
2
3
1
2
3
3
3
0
2
2
4
1
3
366
1146
1895
2586
3196
3738
4095
4095
4095
4095
4095
4095
4095
4095
4095
3723
3047
2320
1603
921
372
2
1
2
2
4
2
4
0
121
616
1218
1876
2544
3182
3788
4095
4095
4095
4095
4095
4095
4095
4095
4095
3795
3278
2712
2130
1540
944
362
1
1
1
1
1
4095
4095
4095
4095
4095
4095
4095
4095
4095
4095
4095
3776
2917
2058
1216
426
2
3
2
1
2
3
2
1
1
1
2
0
3
2
2
1
2
2
2
1
1
1
1
2
3
3
0
443
1138
1819
2447
3038
3584
4074
4095
4095
4095
4095
4095
4095
4095
4095
4095
4095
4095
4095
4095
4095
4095
4095
4095
4095
4095
4095
4095
4095
4095
3656
3147
2642
2158
1672
1216
778
361
2
2
1
4
1
2
4
2
3
1
2
2
2
3
4
4
2
2
0
1
3
367
821
1294
1781
2267
2755
3230
3700
4095
4095
4095
4095
4095
4095
4095
4095
4095
4095
4095
4095
4095
4095
4095
4095
4095
4095
4
2
3
3
3
3
3
4
1
4
3
3
2
1
2
1
2
3
2
2
3
2
1
3
3
4
2
2
3
1
2
4
1
2
3
2
3
4
2
2
2
3
3
3
0
3
443
1134
1809
2455
3095
3698
4095
4095
4095
4095
4095
4095
4095
4095
4095
4095
4095
4095
4095
4095
4095
4095
4095
4095
4095
4095
4095
4095
4095
4095
4095
4095
4095
4095
4095
4095
4095
4095
4095
4095
4095
4095
4095
4095
4095
4095
4095
4095
4095
4095
4095
4095
4095
4095
4095
4095
4095
4095
4095
4095
4095
4095
4095
3848
3202
2583
1970
1395
834
288
2
1
0
1
2
2
1
3
2
1
2
1
1777
1784
1784
1781
1788
1790
1791
1789
1788
1789
1792
1792
1787
1790
1795
1795
1798
1797
1797
1799
1802
1802
1802
1803
1810
1811
1814
1816
1816
1814
1817
1817
1818
1821
1824
1825
1827
1828
1829
1824
1828
1826
1829
1822
1827
1827
1832
1832
1832
1833
1832
1837
1839
1833
1839
1839
1838
1841
1839
1838
1839
1839
1843
1836
1839
1839
1840
1842
1842
1846
1852
1849
1849
1844
1850
1854
1854
1856
1862
1859
1863
1863
1867
1867
1867
1870
1872
1869
1877
1871
1876
1872
1878
1873
1876
1875
1880
1872
1872
1872
1874
1872
1871
1875
1873
1879
1875
1872
1869
1872
1877
1870
1878
1874
1878
1876
1872
1874
1878
1880
1885
1888
1882
1883
1884
1884
1883
1892
