2108
2096
2112
2114
2098
2092
2128
2113
2120
2104
2089
2089
2098
2101
2104
2107
2102
2116
2099
2102
2095
2094
2104
2094
2112
2111
2099
2091
2082
2092
2094
2115
2093
2110
2104
2104
2103
2090
2087
2093
2095
2120
2095
2098
2111
2121
2120
2088
2100
2092
2094
2093
2094
2098
2105
2091
2086
2099
2081
2100
2100
2104
2085
2112
2112
2119
2105
2076
2109
2089
2078
2096
2095
2103
2106
2114
2104
2112
2104
2116
2093
2099
2118
2087
2099
2082
2092
2116
2086
2086
2107
2100
2087
2101
2095
2099
2095
2109
2097
2116
2112
2109
2101
2099
2102
2098
2088
2093
2099
2122
2108
2104
2096
2099
2094
2094
2114
2106
2081
2093
2089
2089
2090
2088
2095
2093
2095
2100
2124
2096
2105
2101
2128
2080
2067
2121
2084
2089
2073
2094
2082
2081
2096
2112
2099
2103
2104
2077
2091
2100
2092
2094
2096
2121
2085
2082
2088
2084
2078
2091
2077
2091
2085
2087
2099
2070
2068
2070
2071
2088
2093
2079
2102
2091
2114
2083
2095
2084
2096
2093
2099
2114
2099
2084
2095
2085
2076
2081
2096
2069
2070
2074
2109
2097
2094
2101
2072
2106
2102
2087
2102
2090
2082
2090
2083
2093
2084
2078
2084
2110
2098
2080
2115
2099
2090
2095
2114
2102
2087
2077
2070
2092
2099
2115
2105
2117
2093
2104
2097
2109
2107
2100
2096
2101
2112
2103
2100
2116
2116
2094
2089
2090
2097
2083
2092
2086
2088
2091
2097
2113
2106
2102
2102
2123
2110
2092
2090
2105
2096
2078
2088
2086
2092
2098
2082
2100
2108
2115
2113
2107
2120
2129
2141
2162
2154
2144
2167
2162
2170
2174
2171
2180
2167
2178
2203
2199
2214
2195
2158
2169
2187
2181
2150
2158
2146
2160
2156
2159
2145
2137
2150
2147
2114
2116
2113
2104
2120
2102
2115
2092
2101
2093
2096
2073
2082
2099
2081
2072
2077
2081
2071
2093
2080
2072
2075
2062
2085
2065
2089
2075
2084
2071
2064
2057
2087
2059
2051
2056
2050
2086
2066
2052
2029
2045
2038
2052
2028
2028
1997
2025
2028
2028
2018
2006
2018
2014
2010
1994
2028
2053
2030
2014
2023
2013
2028
2047
2055
2065
2056
2051
2054
2043
2071
2052
2071
2073
2062
2077
2064
2057
2051
2055
2046
2069
1928
1928
1944
1985
1999
2038
2075
2139
2179
2239
2254
2287
2303
2311
2288
2276
2213
2181
2120
2058
2024
1992
1942
1932
1928
1961
1980
1999
2030
2068
2098
2090
2116
2142
2142
2132
2143
2149
2133
2118
2100
2072
2075
2061
2031
2000
1984
1983
1981
1961
1972
1984
2001
2038
2071
2090
2108
2156
2189
2204
2215
2224
2212
2190
2148
2130
2068
2045
2009
2004
1998
2001
1992
2042
2072
2110
2129
2149
2184
2188
2213
2176
2183
2164
2150
2110
2066
2058
2059
2040
2048
2055
2112
2121
2160
2205
2230
2231
2225
2198
2185
2158
2116
2110
2025
2001
1970
1944
1948
1932
1936
1975
2004
2049
2073
2100
2105
2149
2157
2183
2177
2168
2136
2086
2071
2041
2026
1986
2194
2097
1981
1913
1863
1875
1914
1925
1922
1915
1971
2064
2195
2274
2293
2267
2201
2098
1996
1984
2057
2181
2238
2290
2204
2148
2134
2157
2132
2101
2064
2040
2024
2022
2056
2104
2146
2129
2078
2055
2036
2078
2169
2224
2216
2173
2131
2135
2078
2005
1917
1938
1981
2031
2135
2241
2333
2337
2202
2085
2014
1990
1970
1924
1925
1992
2109
2188
2260
2283
2251
2144
2036
2008
2008
2062
2084
2112
2187
2189
2159
2080
2019
1968
1929
1963
2010
2116
2186
2173
2145
2136
2107
2109
2067
2063
2104
2152
2150
2171
2214
2254
2208
2153
2155
2183
2179
2135
2149
2169
2173
2152
2105
2089
2058
2040
1956
1876
1856
1892
1968
2065
2201
2279
2273
2262
2223
2115
2033
1952
1924
1954
2032
2123
2200
2183
2120
2049
2016
2036
2037
2092
2138
2130
2103
2049
1998
2000
1998
2050
2113
2153
2183
2154
2100
2067
2006
2009
2030
2086
2164
2216
2217
2149
2095
2020
2005
2115
2196
2188
2116
2069
2049
2028
1990
1964
1997
2076
2116
2129
2114
2151
2179
2160
2171
2139
2151
2151
2127
2076
2047
2073
2160
2219
2181
2087
2066
2142
2160
2109
2050
2056
2094
2093
2089
2106
2085
2053
1991
1944
1968
2048
2189
2322
2303
2244
2178
2087
2012
1933
1993
2157
2233
2216
2177
2149
2071
1974
1978
2064
2088
2101
2156
2133
2078
2100
2186
2204
2110
2025
1974
1946
1976
2103
2255
2264
2194
2155
2074
2011
2051
2101
2074
2022
2050
2079
2088
2060
2064
2094
2196
2264
2321
2217
2045
1828
1769
1899
2130
2310
2333
2151
1933
1859
1898
2053
2212
2278
2258
2204
2148
2076
1951
1892
1977
2109
2210
2188
2076
2034
2094
2202
2289
2251
2105
1958
1904
1964
2077
2211
2279
2264
2160
2051
1944
1891
1939
2088
2275
2350
2266
2070
1882
1914
2099
2342
2423
2313
2102
1963
1997
2111
2166
2106
2013
2015
2068
2154
2174
2118
2104
2112
2080
1955
1888
1931
2060
2183
2206
2222
2229
2140
1959
1872
2010
2270
2444
2360
2152
1924
1780
1844
2098
2382
2503
2293
1971
1817
1903
1992
2043
2096
2150
2134
2078
2068
2138
2125
2063
2010
2086
2167
2159
2090
2056
2118
2179
2132
2009
1942
1947
2023
2166
2253
2168
2444
2499
2306
2003
1785
1843
2029
2209
2251
2162
2013
1877
1889
1976
2122
2241
2203
2072
1944
1931
2020
2143
2221
2225
2165
2126
2108
2093
2022
1936
1943
2048
2244
2402
2370
2213
2029
1889
1849
1969
2156
2274
2302
2210
2061
1946
1966
2084
2239
2272
2223
2098
2018
2058
2147
2231
2216
2139
2018
1911
1970
2170
2391
2383
2064
1698
1555
1767
2152
2345
2225
1918
1820
1990
2205
2245
2133
1957
1896
2032
2226
2301
2287
2189
2047
1938
1915
1948
2022
2093
2160
2217
2170
2001
1870
1916
2117
2327
2309
2069
1835
1861
2086
2241
2216
2071
1942
1890
1931
2068
2255
2351
2214
2020
1895
1950
2083
2201
2260
2272
2193
2079
1972
2008
2146
2207
2139
1903
1901
2030
2208
2326
2328
2209
2051
1970
1989
2113
2203
2242
2195
2089
2019
2029
2149
2268
2296
2181
2000
1861
1886
2004
2185
2290
2272
2136
1988
1877
1890
2053
2250
2361
2308
2070
1870
1814
1923
2098
2170
2011
1721
1602
1815
2131
2412
2400
2179
1925
1775
1817
1948
2051
2099
2102
2133
2206
2197
2076
1898
1783
1771
1873
2058
2243
2335
2267
2114
2002
2012
2109
2236
2204
2045
1896
1861
1981
2163
2274
2307
2232
2086
1963
1961
2002
2092
2168
2162
2067
1944
1920
2010
2160
2282
2318
2207
2051
1952
1931
1937
1955
1995
2066
2151
2283
2392
2364
2207
1999
1865
1907
2161
2351
2416
2252
2063
1947
1990
2127
2262
2296
2228
2080
1953
1952
2016
1953
1972
1991
2094
2201
2155
2038
1956
1885
1843
1902
2037
2112
2065
1917
1846
1948
2151
2334
2388
2340
2186
2018
1931
2013
2161
2271
2274
2137
1965
1918
2049
2199
2249
2162
2009
1890
1992
2207
2379
2336
2181
2030
1894
1897
2044
2253
2351
2270
2040
1835
1840
2104
2390
2474
2297
2000
1829
1986
2313
2543
2479
2100
1707
1505
1587
1932
2296
2465
2328
2005
1819
1903
2193
2503
2610
2406
2000
1699
1664
1931
2220
2353
2188
1915
1744
1860
2145
2392
2425
2216
1943
1828
1955
2249
2431
2349
2091
1824
1757
1959
2292
2462
2282
1941
1725
1754
2059
2453
2633
2429
1907
1544
1606
2016
2506
2731
2507
1964
1488
1411
1744
2190
2482
2405
2035
1699
1648
1979
1996
2198
2366
2420
2405
2268
2072
1953
1972
2055
2150
2144
2118
2158
2192
2041
1919
1913
2036
2132
2111
1999
1900
1937
2204
2397
2261
2028
1971
2078
2073
2023
2058
2186
2278
2289
2178
1999
1964
2024
2011
2078
2250
2323
2157
1888
1706
1686
1868
2149
2295
2273
2129
1998
1905
1919
2053
2217
2371
2365
2218
1971
1840
1894
2088
2256
2315
2231
2065
1950
1986
2067
2088
2155
2314
2388
2274
2069
1926
1867
1860
1964
2145
2364
2462
2337
1994
1693
1668
1865
2098
2282
2379
2350
2159
2029
2066
2121
2025
1845
1725
1786
2053
2336
2499
2435
2233
1985
1899
1970
2173
2283
2264
2213
2104
1934
1856
1962
2183
2215
2083
1977
2105
2375
2553
2471
2239
1340
880
1044
1475
1954
2496
2890
2820
2349
1944
1774
1709
1853
2190
2497
2498
2360
2292
2264
2162
2110
2253
2433
2484
2400
2344
2258
2077
1890
1772
1772
1886
1968
1971
2081
2229
2230
2127
2133
2162
2082
2096
2227
2304
2303
2216
2058
1902
1864
1813
1731
1876
2107
2078
1937
2006
2259
2481
2617
2636
2555
2258
1826
1370
1177
1486
2075
2520
2595
2288
1850
1338
935
1064
1769
2556
2945
2899
2466
1803
1353
1419
1923
2622
3226
3369
2946
2164
1437
1112
1375
1872
2274
2500
2574
2370
1932
1567
1464
1647
2077
2500
2500
2052
1644
1608
1926
2347
2583
2574
2380
2064
1846
1797
1964
2190
2312
2390
2362
2189
1921
1682
1647
1817
2010
2113
2153
2264
2423
1690
956
630
809
1269
1759
2276
2832
3239
3207
2656
1902
1275
932
878
1104
1641
2383
3115
3496
3426
2981
2456
1928
1377
926
799
1068
1569
2133
2662
3079
3226
3009
2481
1864
1339
1128
1192
1445
1827
2263
2721
2982
2985
2780
2507
2187
1891
1643
1552
1631
1780
1987
2238
2442
2412
2123
1747
1524
1538
1633
1757
2035
2409
2826
3030
2924
2601
2000
1349
791
585
738
1112
1648
2356
3119
3687
3863
3655
3054
2230
1457
971
873
1017
1399
1943
2529
2956
3078
2945
2656
2282
1898
1641
1559
1706
1982
2214
2244
2144
2028
2094
2305
2618
2926
3184
3231
2960
2325
1621
1040
672
593
908
1520
2262
2957
3520
3894
3842
3185
2261
1472
1070
3620
3333
2797
2164
1553
1102
852
830
1075
1585
2287
3089
3755
4095
4095
4082
3442
2480
1321
167
2
2
2
1
2
449
1596
2808
3891
4095
4095
4095
4095
4095
3916
2809
1553
395
1
2
0
0
0
403
1354
2240
2933
3407
3604
3535
3268
2861
2343
1928
1666
1613
1794
2166
2622
3024
3265
3325
3096
2684
2139
1549
1083
749
609
658
877
1263
1717
2235
2721
3133
3373
3452
3360
3079
2702
2279
1891
1637
1577
1706
1979
2284
2557
2691
2620
2351
1891
1314
717
229
2
2
225
840
1695
2758
3924
4095
4095
4095
4095
4095
4095
4095
2686
870
1
0
0
1
0
0
0
331
2138
3835
4095
4095
4095
4095
4095
4095
4095
4095
4095
4095
4095
4095
4095
4095
4095
3139
1562
0
0
0
0
0
0
0
0
0
0
0
0
352
2033
3727
4095
4095
4095
4095
4095
4095
4095
4095
4095
4095
4095
4095
3622
1845
0
0
1
0
0
0
0
0
0
0
0
0
525
2427
4095
4095
4095
4095
4095
4095
4095
4095
4095
4095
4095
4095
3272
1964
727
1
0
0
1
0
0
1
0
0
0
0
715
1756
2777
3722
4095
4095
4095
4095
4095
4095
4095
4095
4095
3927
3027
2114
1251
538
1
0
1
0
0
2
34
460
969
1475
1974
2460
2886
3184
3445
3620
3702
3719
3611
3438
3202
2833
2419
1968
1477
981
508
127
1
0
