2102
2088
2094
2079
2105
2099
2100
2086
2080
2068
2074
2075
2096
2088
2080
2116
2088
2092
2113
2109
2087
2099
2090
2089
2102
2093
2087
2093
2071
2094
2079
2078
2088
2073
2083
2075
2089
2087
2087
2080
2088
2086
2097
2091
2085
2101
2079
2095
2097
2092
2087
2113
2097
2097
2097
2088
2112
2077
2085
2100
2119
2108
2096
2098
2088
2072
2123
2102
2112
2087
2089
2095
2106
2112
2113
2100
2091
2099
2098
2095
2094
2098
2100
2098
2100
2094
2067
2099
2101
2099
2096
2094
2081
2072
2097
2108
2087
2096
2102
2113
2105
2108
2102
2092
2086
2082
2095
2109
2101
2099
2096
2123
2099
2110
2105
2076
2095
2084
2095
2098
2090
2090
2088
2077
2088
2104
2092
2089
2093
2087
2088
2072
2105
2106
2097
2083
2102
2083
2089
2089
2083
2095
2096
2108
2094
2093
2064
2069
2089
2094
2099
2085
2085
2087
2075
2080
2104
2109
2091
2089
2088
2081
2115
2113
2117
2082
2071
2091
2102
2093
2082
2098
2072
2085
2092
2094
2096
2082
2097
2078
2086
2096
2093
2113
2084
2100
2103
2096
2098
2083
2091
2084
2094
2099
2106
2103
2097
2107
2107
2082
2088
2087
2083
2099
2103
2069
2084
2082
2084
2102
2094
2081
2099
2082
2074
2090
2076
2081
2094
2101
2090
2089
2093
2088
2086
2076
2075
2080
2095
2074
2082
2086
2088
2107
2090
2102
2098
2100
2100
2097
2074
2087
2100
2128
2102
2110
2053
2095
2106
2124
2103
2072
2117
2103
2099
2103
2175
2196
2186
2167
2148
2164
2157
2175
2170
2184
2186
2181
2177
2166
2159
2159
2155
2166
2174
2157
2145
2172
2142
2153
2131
2150
2139
2134
2125
2104
2112
2117
2116
2107
2115
2094
2096
2067
2064
2071
2054
2066
2069
2035
2042
2055
2053
2056
1996
1991
2009
2016
2037
2008
2015
2010
1999
1997
2018
2029
2025
2019
2020
2023
2009
2001
1987
1984
2006
2028
2012
2028
2007
2008
2022
2019
2009
2011
2010
2038
2046
2044
2035
2050
2056
2053
2052
2054
2044
2053
2050
2075
2079
2075
2095
2083
2067
2084
2084
2084
2100
2093
2098
2101
2102
2108
2115
2101
2104
2087
2108
2096
2101
2094
2128
2135
2112
2116
2116
2136
2122
2136
2146
2144
2118
2110
2135
2133
2032
2032
2055
2070
2079
2082
2064
2040
1987
1988
2022
2059
2118
2172
2243
2281
2287
2283
2259
2243
2220
2227
2239
2229
2199
2172
2137
2066
1977
1899
1836
1822
1773
1793
1809
1845
1840
1871
1896
1886
1896
1912
1925
1947
1983
2021
2064
2121
2174
2203
2235
2245
2268
2272
2299
2296
2295
2311
2339
2337
2332
2256
2159
2057
1988
1938
1892
1874
1920
1928
1949
1964
1962
1953
1951
1959
1972
2001
2023
2033
2073
2067
2069
2133
2144
2216
2292
2336
2349
2373
2343
2326
2268
2244
2199
2149
2118
2099
2037
2010
1986
1977
1962
1983
2020
2047
2061
2078
2112
2131
2152
2165
2184
2191
2188
2166
2155
2128
2131
2127
2109
2078
2050
2026
1961
1956
1992
2027
2187
2087
2021
1994
1939
1893
1960
2004
2066
2153
2237
2285
2300
2320
2318
2299
2260
2182
2119
2052
1976
1901
1893
1836
1813
1848
1848
1883
1911
1959
2001
2082
2101
2190
2246
2300
2359
2374
2384
2391
2320
2285
2228
2129
2053
1947
1869
1820
1790
1809
1840
1886
1964
2038
2121
2185
2258
2312
2367
2403
2440
2405
2351
2278
2161
2041
1959
1871
1766
1729
1711
1702
1767
1874
1994
2119
2257
2361
2448
2469
2466
2406
2340
2208
2082
1971
1876
1807
1744
1770
1790
1852
1901
1959
2009
2024
2104
2118
2154
2130
2168
2163
2179
2171
2171
2179
2192
2168
2166
2186
2179
2202
2181
2161
2114
2060
1980
1910
1825
1786
1764
1770
1828
1883
1978
2088
2204
2320
2136
2174
2198
2249
2259
2218
2140
2112
2073
2016
1988
1948
1934
1972
2043
2123
2167
2186
2192
2214
2267
2286
2284
2243
2244
2231
2189
2147
2079
2014
1993
1972
1941
1918
1917
1894
1940
2012
2099
2143
2161
2183
2223
2250
2225
2153
2088
2078
2083
2088
2011
1951
1918
1958
1977
2003
1950
1949
2045
2139
2197
2186
2129
2118
2177
2254
2252
2183
2092
2037
2025
2024
1997
1972
1989
2091
2193
2235
2174
2115
2071
2082
2043
1982
1879
1840
1843
1915
1964
2005
1993
2057
2194
2367
2460
2477
2463
2482
2490
2476
2355
2164
1982
1894
1862
1830
1792
1774
1795
1861
1997
2105
2140
2172
2166
2184
2187
2152
2034
1888
1778
1762
1815
1911
1968
2044
2121
2200
2711
2519
2276
2012
1823
1707
1664
1708
1804
1938
2088
2202
2260
2205
2185
2184
2186
2179
2239
2230
2227
2194
2162
2147
2127
2119
2092
2032
2017
2054
2073
2122
2125
2052
1972
1880
1819
1854
1891
2018
2100
2180
2216
2205
2152
2086
1988
1925
1904
1889
1944
2050
2158
2251
2326
2340
2324
2248
2154
2028
1985
2004
2005
2091
2179
2240
2299
2275
2236
2195
2140
2109
2125
2120
2124
2142
2165
2196
2219
2256
2251
2243
2198
2153
2051
1945
1836
1758
1710
1673
1713
1746
1892
2063
2252
2392
2475
2508
2483
2366
2186
1992
1798
1640
1529
1516
1596
1792
2037
2304
2495
2573
2538
2468
2334
2211
2120
2094
2103
2172
2252
2287
2277
2156
2053
1964
1952
2030
1847
1831
1809
1871
1992
2058
2030
1979
1960
2019
2100
2127
2194
2315
2472
2586
2660
2692
2648
2483
2278
2098
1930
1736
1579
1514
1620
1854
2099
2286
2345
2346
2325
2295
2236
2086
1912
1774
1761
1859
1989
2086
2145
2208
2271
2342
2367
2296
2212
2156
2116
2062
1953
1791
1692
1736
1900
2167
2386
2492
2549
2541
2460
2320
2148
1974
1783
1646
1617
1737
1939
2149
2299
2384
2383
2319
2204
2058
1913
1800
1753
1795
1847
1914
1973
2024
2070
2151
2240
2353
2399
2350
2178
1901
1618
1464
1558
1932
2446
2861
3040
2892
2559
2222
1992
1909
1935
1944
1919
1868
1814
1820
1910
2097
2287
2430
2460
2342
2112
1838
1624
1463
1459
1519
1683
1884
2129
2358
2465
2416
2294
2196
2148
2109
2103
2159
2332
2544
2735
2803
2675
2400
2089
1829
1644
1556
1505
1531
1648
1868
2075
2238
2349
2428
2507
2545
2549
2516
2414
2291
2168
2025
1847
1673
1554
1528
1578
1676
1804
1991
2220
2496
2711
2738
2605
2368
2103
1893
1769
1677
1634
1640
1724
1878
2007
2170
2291
2396
2486
2519
2459
2299
2059
1782
1564
1471
1518
1708
2017
2367
2638
2803
2838
2633
2296
1925
1654
1537
1611
1766
1926
2078
2268
2438
2542
2531
2502
2488
2484
2452
2346
2148
1899
1652
1482
1423
1484
1658
1979
2346
2682
2876
2824
2600
2341
2170
2151
2168
2084
1850
1518
1232
1120
1142
1254
1515
1958
2510
2980
3125
2951
2594
2198
1844
1541
1313
2505
2380
2191
1976
1768
1639
1569
1571
1642
1771
1955
2153
2309
2392
2376
2307
2141
1964
1781
1686
1624
1601
1584
1663
1804
1994
2269
2511
2712
2781
2733
2610
2388
2144
1877
1591
1386
1319
1373
1566
1878
2176
2401
2530
2572
2576
2521
2430
2315
2193
2073
1958
1892
1883
1971
2108
2276
2426
2496
2480
2412
2272
2094
1938
1823
1749
1695
1696
1750
1881
2088
2300
2528
2666
2685
2607
2435
2155
1881
1624
1425
1325
1371
1592
1929
2301
2634
2916
3027
2940
2728
2381
1887
1448
1102
944
1045
1401
1970
2615
3184
3534
3667
3494
3048
2421
1695
1014
533
348
493
968
1611
2238
2872
3315
3437
3274
2880
2298
1720
1292
1096
1179
1516
1956
2462
2836
2468
2662
2927
3157
3268
3179
2978
2720
2295
1779
1294
1020
1033
1230
1498
1691
1857
2111
2418
2682
2826
2789
2666
2484
2241
1930
1673
1497
1527
1694
1890
1990
2155
2397
2688
2869
2875
2740
2550
2411
2264
2062
1744
1530
1538
1696
1836
1870
1797
1609
1490
1546
1787
2158
2593
3009
3301
3379
3237
2858
2321
1789
1370
1199
1261
1413
1531
1591
1613
1733
1850
1979
2146
2295
2481
2637
2667
2502
2264
1993
1783
1692
1746
1861
2063
2250
2379
2478
2584
2597
2499
2268
1982
1705
1614
1686
1826
1885
1816
1589
1370
1360
1551
1851
2189
2485
2862
3202
3379
3221
2783
2202
1754
1497
1420
1428
1525
1662
1823
1948
1988
1959
1907
1932
2033
2132
2218
2267
1150
1907
2614
3201
3607
3722
3551
3100
2510
1889
1376
1034
809
803
972
1358
1832
2311
2670
2929
3056
3099
2982
2763
2386
1961
1652
1501
1545
1656
1792
1861
1885
1904
1979
2069
2224
2357
2454
2551
2612
2627
2548
2421
2225
2037
1866
1756
1770
1845
1980
2047
2026
1979
1939
1916
1922
2035
2110
2234
2352
2442
2418
2272
2008
1643
1337
1222
1381
1785
2313
2816
3172
3290
3230
2905
2418
1816
1266
941
845
1004
1391
1821
2236
2588
2844
3028
3101
3088
3078
3012
2808
2428
1866
1185
528
126
119
474
1158
1936
2760
3425
3848
3948
3694
3185
2455
1709
1034
545
284
371
765
1413
2188
2961
3503
3752
3731
3400
2903
2261
1576
999
671
663
4095
3337
2377
1461
675
42
1
1
2
1
201
917
1787
2636
3342
3792
3987
3974
3787
3511
3160
2710
2214
1716
1264
971
893
1022
1275
1541
1784
2027
2307
2590
2852
3001
2970
2735
2328
1859
1459
1204
1178
1374
1666
2056
2484
2858
3154
3303
3289
3174
2983
2744
2516
2216
1822
1347
834
402
108
37
196
498
922
1469
2104
2797
3539
4095
4095
4095
4095
3510
2698
1960
1393
1059
842
674
471
279
220
397
820
1423
2112
2743
3193
3428
3608
3762
3915
3991
3918
3657
3181
2547
1968
1494
1217
1120
1058
973
801
619
526
620
908
1346
1832
2287
2689
2974
3234
3429
3576
3666
3693
3611
3378
2938
2374
1787
1241
825
586
434
4095
4095
4095
4095
4016
3124
2152
1294
552
1
0
1
2
0
23
738
1779
2865
3894
4095
4095
4095
4095
4095
4034
3268
2448
1697
1092
722
597
687
852
1004
1166
1253
1343
1463
1698
2022
2465
2864
3198
3290
3227
2964
2492
1924
1312
706
244
0
2
97
467
1048
1733
2507
3292
4030
4095
4095
4095
4095
4095
4095
4021
3196
2192
1122
66
0
1
0
0
0
0
76
850
1635
2351
2961
3536
4095
4095
4095
4095
4095
4095
4095
3989
3088
2019
944
1
0
2
0
1
0
1
257
1272
2254
3053
3670
4095
4095
4095
4095
4095
4095
4095
4053
3561
2866
1966
1012
87
1
0
0
1
1
1
3
1
916
297
752
1239
1749
2285
2861
3386
3899
4095
4095
4095
4095
4095
4095
4095
4095
4095
4095
3906
3403
2858
2347
1857
1415
1036
675
397
221
86
57
44
116
270
450
726
1015
1352
1701
2071
2441
2809
3146
3458
3697
3903
3995
4080
4060
3995
3852
3634
3398
3090
2756
2404
2034
1670
1313
972
679
403
219
62
17
36
143
297
497
743
1040
1368
1710
2070
2441
2768
3118
3452
3717
3980
4095
4095
4095
4095
4095
4095
4095
3997
3652
3256
2775
2249
1700
1168
664
220
0
1
1
1
1
1
0
0
1
40
437
935
1471
1997
2515
3032
3491
3923
4095
4095
4095
4095
4095
4095
4095
4095
4095
4006
3643
3266
2810
2313
1790
