2118
2070
2071
2103
2083
2081
2105
2113
2084
2096
2107
2071
2091
2093
2137
2099
2053
2089
2126
2098
2068
2079
2077
2066
2066
2093
2100
2072
2078
2097
2086
2064
2081
2086
2089
2079
2112
2111
2110
2091
2116
2101
2093
2076
2064
2093
2101
2091
2104
2096
2077
2080
2115
2110
2110
2116
2089
2079
2119
2111
2111
2076
2096
2103
2115
2123
2082
2087
2117
2082
2076
2107
2088
2106
2062
2083
2089
2085
2118
2100
2092
2083
2066
2069
2063
2074
2088
2065
2028
2052
2069
2094
2094
2090
2082
2110
2080
2090
2056
2091
2106
2112
2109
2087
2094
2059
2064
2066
2092
2075
2070
2081
2102
2086
2094
2076
2069
2092
2112
2099
2103
2104
2101
2096
2091
2101
2096
2106
2081
2070
2096
2110
2107
2127
2102
2104
2114
2089
2099
2082
2103
2114
2102
2097
2082
2102
2099
2097
2077
2082
2104
2104
2090
2116
2097
2098
2106
2112
2113
2115
2094
2108
2070
2085
2062
2091
2108
2115
2104
2080
2110
2093
2089
2079
2110
2080
2111
2088
2104
2111
2094
2109
2104
2100
2086
2083
2113
2103
2089
2089
2092
2100
2075
2095
2069
2075
2085
2112
2093
2098
2099
2103
2105
2105
2101
2120
2105
2079
2115
2080
2073
2090
2096
2097
2091
2121
2108
2095
2113
2113
2106
2096
2099
2097
2093
2108
2085
2099
2096
2109
2115
2093
2096
2087
2085
2104
2092
2107
2121
2103
2126
2095
2096
2083
2082
2099
2093
2101
2111
2091
2141
2119
2094
2080
2091
2100
2063
2095
2078
2063
2050
2054
2048
2055
2044
2024
2026
2037
2038
2032
2018
2024
2035
2032
2038
2024
2052
2065
2072
2084
2078
2093
2091
2098
2080
2096
2124
2109
2116
2138
2131
2143
2167
2145
2132
2151
2150
2138
2158
2161
2126
2096
2091
2082
2073
2071
2064
2017
2025
2022
2020
2028
1994
1976
1981
1980
1987
1992
1982
1984
2006
2002
2020
2012
2046
2067
2064
2091
2089
2095
2121
2135
2160
2158
2189
2171
2171
2162
2166
2167
2166
2182
2171
2154
2148
2184
2144
2159
2134
2134
2112
2090
2089
2082
2067
2078
2087
2076
2057
2056
2053
2010
2055
2062
2066
2042
2047
2081
2080
2069
2052
2056
2056
2076
2069
2100
2081
2121
2118
2108
2136
2132
2139
2108
2164
2155
2187
2195
2192
2185
2161
2138
2089
2062
2037
2031
2033
2018
2034
2037
2038
2039
2004
1990
2009
1988
1990
1985
1971
1958
1947
1960
1987
2004
1993
1990
1998
1992
2012
2035
2068
2087
2096
2137
2169
2192
2183
2196
2195
2202
2182
2177
2189
2196
2192
2176
2220
2187
2200
2198
2168
2134
2122
2109
2131
2120
2112
2107
2143
2154
2152
2148
2180
2191
2207
2216
2218
2205
2212
2178
2163
2152
2155
2153
2148
2175
2171
2181
2171
2152
2088
2042
1991
1987
1958
1918
1888
1921
1915
1890
1901
1923
1971
1972
2003
2006
2041
2080
2100
2133
2158
2146
2130
2134
2157
2118
2104
2068
2046
2048
2034
2042
2032
2013
2016
2009
2005
2036
2027
2048
2053
2059
2409
2395
2383
2360
2310
2220
2154
2054
1979
1899
1851
1831
1840
1864
1935
2029
2117
2197
2299
2351
2433
2434
2433
2445
2388
2350
2268
2181
2130
2072
2024
2009
1987
1971
1962
1936
1951
1973
2010
2036
2080
2149
2169
2226
2252
2229
2183
2177
2147
2094
2057
2040
1992
1991
1983
1984
1986
1991
2008
2008
1985
1964
1913
1892
1863
1880
1937
2008
2083
2157
2221
2288
2324
2308
2251
2198
2146
2039
1965
1930
1889
1874
1883
1900
1952
1994
2049
2095
2111
2109
2077
2056
2031
1984
1952
1921
1944
1931
1933
1953
1984
2021
2088
2149
2207
2245
2270
2294
2286
2243
2219
2185
2142
2138
2114
2117
2125
2131
2143
2104
2092
2058
2022
1981
1961
1969
1972
1991
2269
2224
2147
2074
2046
2032
2008
1956
1921
1877
1875
1944
1992
2075
2078
2083
2110
2150
2190
2190
2196
2210
2170
2182
2176
2112
2028
1918
1918
1928
1960
2043
2103
2121
2152
2132
2189
2264
2325
2348
2332
2252
2193
2163
2176
2125
2088
2020
2041
2017
1980
1980
1901
1875
1869
1898
1970
2045
2173
2199
2258
2287
2284
2306
2326
2396
2366
2317
2277
2192
2165
2128
2097
2030
1959
1893
1894
1917
2016
2078
2189
2202
2201
2178
2135
2214
2238
2280
2268
2192
2122
2072
2083
2023
1937
1864
1783
1746
1781
1856
1945
1963
1978
1950
1992
2042
2099
2176
2201
2270
2269
2272
2234
2211
2168
2090
2055
2003
2000
2029
2035
2022
2034
2071
2119
2144
2086
2064
2180
2072
1917
1852
1785
1709
1787
1815
1870
1949
2028
2107
2155
2240
2241
2284
2286
2297
2320
2269
2239
2179
2124
2036
1961
1889
1860
1928
1956
2059
2149
2248
2252
2278
2297
2307
2267
2228
2203
2150
2077
2028
1955
1880
1823
1797
1818
1817
1863
1942
2072
2203
2374
2490
2575
2591
2528
2440
2310
2184
2046
1905
1878
1792
1788
1812
1890
2003
2089
2197
2273
2397
2423
2448
2445
2414
2325
2207
2047
1904
1787
1687
1661
1673
1707
1779
1844
1918
1976
1991
2029
2008
2018
2102
2185
2257
2350
2459
2502
2548
2512
2435
2333
2238
2169
2106
2079
2043
2017
2007
1957
1973
1970
1948
1883
1867
1857
1856
1842
1869
1869
1860
1902
1976
1965
2036
2069
2130
1838
1944
2019
2054
2142
2218
2267
2307
2299
2234
2195
2175
2126
2104
2064
1986
1896
1870
1872
1888
1817
1775
1743
1800
1911
2045
2186
2249
2298
2356
2440
2494
2512
2471
2356
2192
2186
2166
2111
2049
1987
1952
1924
1954
2055
2098
2190
2232
2253
2213
2166
2127
2119
2158
2179
2079
1958
1872
1784
1793
1870
1919
1917
1900
2016
2238
2469
2603
2542
2426
2230
2117
2036
2039
2076
2063
1993
1908
1910
1938
2085
2164
2218
2232
2240
2251
2201
2168
2066
2052
1968
1923
1814
1680
1555
1550
1618
1685
1790
1912
2042
2271
2383
2493
2519
2536
2489
2403
2292
2200
2140
2109
2083
2030
1889
1715
1635
1586
1634
1786
1984
2150
2259
2260
2234
2177
2185
2198
2095
1992
1897
1891
1921
1964
1992
2031
2100
2157
2225
2246
2243
2255
2259
2293
2312
2346
2363
2408
2387
2315
2198
2056
1882
1697
1599
1533
1500
1560
1648
1792
1915
2042
2219
2321
2449
2501
2527
2499
2398
2220
1962
1709
1501
1352
1283
1314
1412
1573
1756
1979
2178
2299
2360
2387
2372
2395
2386
2388
2423
2425
2492
2527
2494
2442
2327
2096
1852
1666
1511
1455
1473
1600
1763
1932
2061
2151
2222
2267
2332
2379
2419
2473
2472
2420
2379
2284
2216
2154
2095
2107
2108
2126
2114
2149
2144
2211
2302
2344
2366
2305
2154
1958
1816
1768
1786
1881
2018
2120
2145
2125
2068
1988
1935
1932
1960
1989
2031
2114
2216
2281
2359
2323
2219
2073
1921
1791
1793
2102
2386
2617
2753
2773
2718
2624
2509
2347
2207
2073
1900
1733
1563
1509
1537
1595
1779
1962
2120
2228
2307
2309
2247
2165
2067
1917
1868
1810
1837
1904
2038
2166
2247
2314
2296
2186
2069
1972
1931
1932
1971
2008
2020
2022
2016
2006
2017
2066
2156
2254
2340
2342
2330
2312
2226
2110
2047
2025
1996
1936
1925
1933
1993
2026
2093
2200
2283
2315
2349
2300
2211
2096
1948
1864
1777
1720
1704
1680
1730
1800
1845
1919
1951
2086
2210
2361
2491
2507
2508
2501
2442
2314
2225
2105
2060
1957
1961
1967
2057
2170
2288
2355
2430
2468
2487
2440
2347
2261
2186
2026
1943
1831
1770
1755
1824
1846
1937
2026
2090
2113
2093
2113
2085
2057
2019
2003
1519
1323
1245
1286
1453
1747
2101
2397
2555
2612
2588
2491
2443
2488
2613
2721
2768
2756
2572
2305
2003
1773
1613
1511
1415
1363
1304
1369
1559
1830
2092
2295
2364
2298
2285
2343
2618
2893
3105
3141
2948
2562
2121
1737
1437
1250
1120
1019
1030
1167
1397
1787
2167
2439
2622
2716
2812
2927
3086
3176
3215
3131
2887
2541
2112
1683
1235
826
507
361
390
592
882
1217
1545
1890
2177
2456
2728
3005
3169
3264
3290
3228
3156
3020
2751
2400
1933
1530
1234
1071
1001
1026
1086
1153
1273
1517
1799
2118
2408
2574
2691
2786
2936
3110
3218
3166
2905
2468
2037
1682
1480
1415
1350
1282
1214
1242
1417
1743
2024
2169
2155
2028
1937
2010
2193
2420
1511
1569
1710
1894
2120
2304
2522
2659
2703
2629
2517
2296
2100
1886
1725
1641
1631
1694
1861
2108
2367
2582
2697
2741
2682
2459
2148
1795
1478
1185
1001
987
1109
1354
1687
2085
2473
2791
2964
3017
2931
2708
2422
2126
1842
1626
1473
1420
1475
1607
1824
2059
2335
2502
2603
2605
2504
2348
2192
2052
1874
1806
1804
1791
1824
1857
1913
1928
1928
1962
1992
2021
2124
2236
2345
2527
2672
2789
2792
2794
2656
2491
2245
1996
1772
1562
1437
1409
1456
1564
1732
1889
2093
2234
2374
2501
2581
2588
2556
2451
2272
2103
1938
1814
1735
1688
1720
1793
1900
2076
2211
2365
2449
2482
2415
2312
2136
1916
1745
1646
1560
1640
1794
1941
2157
2349
2530
2585
3037
2941
2807
2564
2276
2023
1791
1605
1393
1149
999
981
1142
1438
1805
2196
2528
2814
3062
3334
3485
3537
3452
3233
2978
2733
2538
2348
2123
1851
1508
1165
887
780
825
925
1009
1048
1081
1218
1474
1814
2248
2663
3013
3270
3404
3429
3400
3279
3071
2797
2442
2089
1752
1436
1200
1032
950
974
1054
1249
1502
1744
1982
2209
2429
2623
2814
2999
3066
3039
2890
2646
2372
2138
1954
1818
1696
1558
1408
1336
1331
1475
1747
2053
2254
2373
2347
2213
2115
2027
2013
1992
1904
1769
1565
1472
1484
1621
1766
1909
1994
1980
1971
2048
2223
2427
2604
2700
2762
2720
2586
2407
2236
2088
1968
1888
1791
1652
1427
1194
1020
1022
1218
1520
1825
2044
954
958
1064
1275
1543
1849
2241
2606
2966
3222
3371
3421
3364
3110
2711
2255
1743
1306
964
787
741
914
1243
1617
2083
2585
3004
3306
3521
3568
3510
3373
3151
2840
2468
2030
1640
1238
907
723
681
762
1001
1314
1699
2131
2582
2934
3251
3393
3419
3350
3176
2917
2610
2266
1873
1489
1141
862
678
579
593
702
936
1237
1650
2088
2501
2871
3140
3294
3293
3215
2981
2743
2441
2193
1926
1723
1570
1501
1453
1496
1535
1644
1763
1937
2078
2194
2344
2428
2551
2646
2706
2778
2816
2777
2683
2476
2238
2009
1782
1598
1462
1328
1216
1131
1090
1134
1225
1368
1521
1721
1955
2203
2456
2726
2947
3079
3104
3002
2862
2709
2500
2307
2145
2019
1192
1360
1620
1857
2102
2310
2455
2578
2646
2735
2788
2819
2769
2647
2440
2203
1944
1727
1573
1497
1462
1470
1477
1489
1502
1528
1630
1801
1997
2236
2480
2605
2657
2610
2555
2439
2365
2366
2408
2480
2503
2468
2294
2067
1779
1533
1291
1170
1126
1115
1142
1149
1152
1175
1242
1382
1641
1990
2357
2709
2979
3190
3223
3198
3112
3035
2981
2958
2900
2832
2718
2560
2299
2015
1767
1526
1384
1273
1219
1122
985
826
679
547
529
605
851
1176
1561
1941
2318
2623
2844
3019
3138
3210
3297
3326
3266
3210
3096
2951
2828
2664
2578
2487
2404
2343
2252
2154
2070
1960
1849
1796
1734
1719
1744
1761
1817
1832
1858
1870
1841
1875
1894
1933
1971
1991
