2105
2094
2104
2071
2116
2115
2100
2121
2115
2082
2097
2094
2096
2087
2096
2078
2098
2110
2127
2110
2108
2107
2114
2092
2083
2101
2104
2102
2093
2122
2093
2084
2097
2084
2091
2082
2086
2105
2104
2100
2062
2077
2074
2075
2106
2093
2094
2100
2110
2096
2092
2066
2062
2079
2072
2088
2082
2111
2089
2081
2103
2119
2099
2096
2093
2122
2069
2083
2086
2099
2118
2086
2108
2096
2103
2073
2091
2101
2063
2072
2104
2128
2106
2109
2110
2093
2091
2088
2077
2095
2088
2087
2079
2081
2085
2085
2059
2050
2069
2086
2108
2096
2104
2092
2098
2109
2122
2092
2094
2077
2081
2085
2123
2108
2149
2096
2088
2083
2079
2067
2080
2112
2091
2076
2077
2076
2072
2125
2078
2073
2115
2080
2059
2090
2096
2108
2089
2107
2089
2088
2078
2092
2090
2080
2098
2116
2092
2088
2080
2094
2092
2077
2094
2097
2079
2105
2112
2091
2107
2089
2090
2086
2079
2079
2092
2081
2080
2099
2093
2089
2096
2097
2094
2113
2108
2086
2104
2098
2087
2092
2077
2098
2094
2112
2109
2091
2107
2085
2106
2113
2094
2109
2095
2096
2092
2077
2081
2111
2105
2121
2106
2110
2102
2053
2091
2100
2089
2066
2094
2088
2088
2116
2094
2087
2089
2082
2120
2104
2092
2103
2101
2101
2081
2106
2095
2095
2107
2090
2104
2067
2103
2107
2117
2103
2088
2092
2123
2119
2122
2100
2136
2108
2089
2104
2097
2098
2124
2119
2080
2108
2101
2137
2107
2094
2121
2095
2273
2261
2256
2260
2277
2262
2204
2246
2264
2248
2235
2237
2209
2202
2189
2160
2172
2160
2152
2119
2096
2069
2049
2030
2039
2012
1992
1975
1963
1947
1931
1909
1888
1882
1860
1830
1843
1852
1847
1869
1879
1882
1864
1837
1861
1885
1904
1925
1942
1941
1940
1983
2013
2040
2046
2064
2117
2124
2146
2145
2178
2243
2256
2270
2282
2308
2327
2328
2342
2329
2309
2330
2341
2346
2330
2317
2322
2294
2305
2321
2281
2231
2225
2235
2207
2192
2179
2166
2145
2148
2129
2108
2081
2060
2049
2022
2071
2023
1999
1995
2008
1999
1996
1979
1989
1998
1965
1971
2007
2028
2013
2056
2051
2037
2059
2050
2076
2067
2061
2065
2092
2103
2122
2124
2115
2120
2110
2140
2237
2263
2263
2203
2205
2169
2140
2119
2122
2071
2054
2030
2047
2040
2065
2050
2065
2056
2101
2073
2113
2126
2134
2151
2151
2126
2116
2074
2057
2062
2016
1996
1975
1979
1983
1960
1934
1936
1955
1962
1991
1967
1977
2047
2048
2105
2158
2188
2252
2294
2343
2359
2369
2381
2325
2359
2326
2302
2283
2247
2282
2264
2266
2264
2245
2235
2205
2161
2134
2104
2061
2096
2080
2078
2098
2140
2120
2119
2104
2037
2006
1959
1880
1837
1766
1753
1690
1748
1756
1808
1822
1881
1910
2014
2094
2185
2260
2345
2406
2475
2461
2477
2399
2369
2340
2266
2202
2205
2147
2108
2067
2101
2061
2044
2029
2035
2055
2080
2109
2173
2219
2243
2260
2225
2201
2161
2091
2045
2073
2039
2007
2040
2021
2013
2009
1991
1999
2045
2074
2072
2080
2076
2079
2109
2147
2168
2155
2194
2164
2169
2156
2099
2058
2048
2040
1961
1972
1974
1995
1973
1956
1985
2032
2017
2039
2039
2059
2074
2123
2118
2164
2116
2169
2151
2153
2165
2151
2105
2049
2039
1973
1977
1919
1898
1929
1892
1887
1894
1935
1963
2010
2085
2110
2178
2214
2238
2321
2326
2342
2327
2336
2337
2323
2298
2274
2251
2261
2237
2203
2201
2209
2198
2186
2219
2133
2124
2081
2085
2093
2067
2040
2020
1997
1993
1980
1998
1981
2004
1982
2020
2001
1988
1999
1960
1986
1971
2003
2022
2037
2070
2098
2107
2126
2187
2232
2255
2291
2256
2258
2268
2236
2212
2172
2149
2116
2099
2196
2098
2013
1890
1828
1820
1824
1831
1878
1915
1964
1976
2015
2043
2075
2142
2204
2259
2300
2347
2344
2335
2329
2281
2217
2159
2122
2118
2109
2155
2202
2238
2248
2260
2207
2173
2122
2034
1992
1934
1888
1896
1916
1932
1957
1977
1993
1992
1949
1913
1922
1896
1884
1897
1938
1998
2089
2149
2230
2258
2237
2197
2170
2108
2034
1967
1915
1920
1957
1949
1969
2005
2018
2040
2051
2077
2040
2070
2051
2126
2106
2108
2047
2036
2009
1953
1920
1900
1876
1927
1989
2041
2100
2233
2364
2472
2536
2595
2619
2567
2503
2422
2277
2138
2019
1898
1818
1736
1745
1762
1807
1888
1939
1995
2047
2028
2057
2045
2075
2094
2127
2183
2247
2241
2289
2342
2367
2360
2156
2155
2263
2317
2392
2453
2442
2425
2355
2229
2127
2009
1912
1835
1833
1810
1852
1887
1943
1939
1895
1880
1847
1861
1874
1932
1991
2136
2185
2245
2269
2292
2264
2248
2212
2193
2099
2020
1946
1873
1853
1838
1878
1998
2035
2113
2137
2167
2169
2170
2164
2210
2239
2262
2284
2219
2141
2039
1977
1851
1797
1746
1722
1711
1703
1719
1769
1819
1908
2075
2193
2315
2375
2470
2500
2485
2477
2485
2468
2464
2446
2394
2274
2245
2148
2065
1999
1951
1902
1873
1841
1797
1864
1887
1913
1970
2054
2139
2188
2220
2232
2214
2208
2165
2110
2095
2059
2023
2048
2017
1984
1986
1935
1928
1905
1954
2028
2058
2152
2226
2330
2336
2386
2394
2385
2342
2321
2282
1993
1988
2028
2061
2142
2175
2237
2269
2278
2271
2255
2241
2190
2113
2134
2118
2110
2060
2040
2081
2153
2202
2261
2306
2399
2364
2313
2219
2146
2011
1890
1810
1759
1768
1822
1856
1988
2131
2216
2314
2344
2356
2306
2220
2148
2086
1962
1906
1839
1808
1767
1831
1917
2039
2107
2211
2310
2360
2273
2196
2094
1931
1731
1541
1425
1354
1376
1439
1565
1722
1885
2025
2127
2280
2376
2513
2621
2772
2850
2864
2804
2698
2553
2425
2249
2171
2045
1919
1877
1761
1723
1665
1667
1663
1665
1707
1733
1808
1871
1933
1959
2020
2060
2110
2091
2078
2130
2194
2266
2381
2453
2553
2640
2686
2660
2626
2546
2464
2344
2261
2180
2073
1962
1864
1736
1679
1593
1534
1752
1906
2077
2257
2416
2529
2648
2712
2770
2790
2759
2667
2541
2378
2172
1964
1770
1621
1471
1440
1425
1425
1515
1614
1757
1910
2114
2280
2451
2589
2631
2680
2636
2570
2395
2269
2110
1960
1830
1665
1570
1545
1510
1509
1602
1717
1818
1969
2180
2299
2452
2569
2664
2658
2681
2642
2542
2437
2289
2117
1941
1759
1633
1501
1429
1384
1387
1480
1534
1653
1792
1936
2109
2250
2348
2410
2484
2581
2521
2531
2511
2447
2310
2178
2096
2003
1958
1939
1932
1990
2046
2079
2136
2177
2154
2138
2156
2112
2094
2081
2075
2087
2107
2087
2096
2120
2143
2125
2157
2150
2125
2106
2072
2097
2128
2148
2183
2252
2319
2386
2409
2440
2425
2377
2279
2214
2069
1921
2016
2027
2016
1972
1980
1935
1924
1907
1952
1996
2091
2181
2306
2381
2507
2580
2620
2620
2538
2440
2305
2129
1890
1653
1480
1340
1242
1206
1270
1382
1551
1734
1944
2132
2303
2417
2534
2596
2608
2578
2509
2392
2284
2166
2061
1954
1893
1849
1859
1924
2007
2066
2175
2274
2358
2433
2447
2440
2436
2362
2320
2233
2160
2086
2064
1994
1938
1913
1907
1915
1893
1883
1877
1877
1862
1836
1894
1995
2084
2235
2346
2414
2498
2524
2466
2360
2229
2085
1974
1870
1759
1674
1618
1608
1571
1563
1648
1780
1894
2050
2253
2345
2391
2421
2392
2276
2183
2016
1861
1772
1713
1690
1709
1779
1893
2005
2148
2309
2423
2477
2460
2401
2270
2144
1999
1852
1687
1673
2401
2594
2649
2621
2514
2342
2164
2036
1931
1900
1876
1859
1823
1811
1837
1816
1792
1754
1762
1880
2074
2344
2549
2750
2824
2777
2579
2360
2157
1975
1859
1753
1637
1544
1500
1482
1551
1605
1660
1621
1600
1584
1649
1800
2055
2385
2687
2879
3034
3052
3004
2917
2834
2680
2557
2365
2175
1953
1776
1681
1655
1708
1826
1909
1985
2065
2132
2192
2265
2366
2477
2525
2575
2608
2575
2482
2333
2197
2027
1899
1829
1805
1774
1756
1709
1717
1726
1746
1805
1906
2056
2187
2298
2369
2439
2446
2440
2414
2377
2330
2278
2185
2111
1961
1814
1707
1650
1671
1735
1890
2008
2118
2218
2279
2277
2286
2283
2291
2354
2403
2379
2324
2193
2027
1814
1608
1420
1271
1612
1695
1771
1846
1923
1959
1994
2019
2093
2182
2295
2399
2546
2702
2812
2762
2710
2584
2403
2185
1967
1803
1721
1721
1827
2015
2204
2347
2363
2244
1976
1699
1417
1248
1294
1546
1882
2323
2703
2995
3127
3094
2913
2662
2353
2117
1919
1832
1837
1869
1891
1923
1880
1813
1706
1582
1430
1365
1368
1496
1697
1995
2306
2588
2811
2935
2908
2852
2687
2537
2408
2363
2368
2369
2411
2365
2224
2008
1684
1376
1116
980
967
1091
1399
1655
1895
2103
2231
2228
2141
2023
1943
1890
1923
2033
2120
2212
2244
2199
2105
1964
1846
1796
1857
2009
2268
2604
2957
3238
3432
3432
3277
2943
2499
2006
1558
1179
895
794
842
1013
1260
1536
1800
2080
2351
2576
1638
1908
2190
2414
2636
2857
2982
3068
3091
3018
2887
2718
2516
2327
2097
1950
1784
1631
1496
1395
1295
1266
1305
1376
1535
1772
2040
2298
2546
2747
2874
2979
3012
2943
2785
2533
2241
1927
1618
1363
1156
1049
963
952
967
1044
1203
1443
1755
2132
2556
2969
3388
3721
3953
4064
4066
3932
3688
3411
3066
2652
2259
1822
1450
1115
869
714
653
712
811
951
1073
1218
1362
1502
1656
1808
1989
2167
2294
2358
2382
2307
2257
2217
2150
2204
2223
2324
2397
2441
2443
2406
2415
2429
2402
2446
2493
2534
2574
2612
2628
2607
2548
2456
2305
2151
1979
1746
1553
1346
1163
983
915
919
1016
1201
1458
1821
2132
2501
2791
3041
3133
3123
3043
2881
1591
1958
2338
2699
2917
3064
3103
3008
2852
2615
2374
2080
1796
1577
1369
1215
1153
1206
1271
1451
1594
1755
1923
2067
2164
2267
2305
2342
2366
2361
2336
2353
2359
2392
2446
2503
2582
2652
2713
2831
2922
3025
3096
3118
3006
2764
2403
1934
1376
794
255
1
0
1
1
1
58
609
1270
2008
2753
3436
4041
4095
4095
4095
4095
4095
4095
3732
3138
2505
1885
1352
903
566
403
378
511
795
1076
1419
1840
2193
2496
2743
2924
3016
3030
3002
2890
2787
2671
2565
2486
2425
2406
2388
2329
2315
2350
2335
2289
2197
2042
1839
1572
1259
927
658
459
387
448
652
998
1507
2103
2743
3335
3875
4095
4095
4095
4095
4095
4071
3582
3035
1059
1731
2482
3219
3890
4095
4095
4095
4095
4095
4095
4095
4095
4095
3727
3153
2542
1907
1345
876
609
514
559
766
1099
1435
1736
1971
2126
2152
2086
1928
1722
1497
1228
1056
943
898
968
1170
1508
1951
2440
2954
3443
3809
4088
4095
4095
4033
3696
3281
2789
2237
1698
1191
767
478
337
335
526
831
1231
1651
2067
2385
2565
2613
2490
2237
1904
1516
1126
787
519
390
426
594
900
1285
1844
2384
2991
3513
3995
4095
4095
4095
4095
4095
4095
3997
3645
3236
2840
2514
2255
2070
1924
1871
1821
1766
1695
1550
1373
1133
851
579
269
65
0
0
51
272
640
1097
1572
2097
2601
3071
3420
3699
3848
3933
3897
3879
3789
3682
