2079
2081
2085
2084
2089
2089
2085
2094
2088
2084
2088
2095
2092
2093
2092
2092
2095
2098
2103
2096
2100
2096
2099
2108
2093
2096
2099
2104
2103
2098
2094
2104
2102
2113
2108
2102
2104
2108
2115
2106
2108
2109
2113
2112
2106
2106
2112
2111
2110
2107
2112
2108
2108
2116
2116
2110
2111
2116
2113
2107
2109
2110
2111
2114
2114
2117
2108
2109
2112
2108
2108
2112
2103
2100
2100
2104
2105
2106
2101
2104
2099
2106
2098
2097
2094
2103
2100
2096
2095
2094
2088
2090
2091
2093
2086
2087
2092
2090
2084
2094
2087
2090
2091
2094
2090
2094
2090
2091
2094
2086
2088
2085
2089
2080
2088
2080
2079
2081
2080
2087
2083
2079
2087
2082
2082
2089
2089
2088
2100
2113
2111
2113
2101
2102
2099
2102
2096
2107
2096
2097
2105
2103
2102
2109
2105
2108
2099
2111
2109
2101
2103
2100
2097
2098
2097
2099
2096
2093
2106
2099
2100
2100
2094
2099
2095
2095
2099
2094
2093
2097
2096
2100
2098
2102
2098
2099
2095
2099
2097
2100
2100
2100
2092
2097
2103
2106
2097
2104
2105
2100
2096
2099
2090
2098
2097
2102
2096
2097
2100
2098
2098
2098
2100
2097
2099
2092
2101
2096
2095
2096
2096
2095
2097
2096
2099
2102
2093
2097
2105
2099
2098
2098
2098
2095
2094
2100
2089
2100
2092
2091
2093
2097
2090
2096
2102
2091
2090
2097
2097
2094
2104
2102
2106
2104
2103
2094
2097
2092
2098
2100
2093
2088
2101
2098
2096
2096
2074
2081
2091
2098
2105
2104
2102
2102
2101
2099
2098
2099
2103
2101
2108
2107
2121
2134
2142
2151
2160
2172
2178
2190
2200
2207
2211
2207
2208
2201
2200
2194
2203
2196
2182
2194
2183
2189
2185
2180
2174
2178
2177
2163
2156
2143
2131
2117
2108
2089
2068
2050
2028
2010
1993
1970
1958
1949
1934
1931
1922
1915
1916
1905
1905
1904
1904
1901
1903
1903
1904
1917
1915
1939
1944
1965
1994
2029
2051
2066
2105
2128
2144
2168
2175
2195
2200
2205
2202
2198
2200
2200
2191
2200
2198
2204
2206
2209
2205
2204
2190
2179
2163
2141
2104
2058
2031
1992
1949
1937
1905
1896
1894
1904
1925
1944
1970
2001
2042
2086
2111
2145
2163
2177
2185
2192
2197
2191
2011
1962
1906
1869
1832
1816
1842
1877
1948
2042
2150
2238
2285
2334
2331
2288
2232
2135
2060
1989
1941
1936
1970
2024
2088
2149
2193
2237
2242
2250
2226
2173
2154
2139
2135
2130
2151
2168
2144
2143
2113
2065
2018
1960
1930
1921
1947
1995
2055
2126
2170
2189
2188
2158
2112
2058
2027
1991
1984
1998
2015
2037
2065
2075
2071
2066
2069
2074
2105
2114
2137
2140
2144
2137
2126
2125
2141
2198
2250
2301
2350
2391
2401
2368
2292
2200
2064
1955
1850
1795
1789
1813
1895
2010
2106
2210
2300
2392
2456
2467
2461
2373
2249
2086
1940
1830
1776
1746
1784
1869
1960
2053
2140
2220
2237
2224
2226
2232
2238
2258
2284
2289
2243
2176
2067
1969
1886
1870
1913
2070
2084
1990
1948
2017
2089
2056
1983
1949
1990
2018
1988
2010
2143
2320
2384
2254
2011
1848
1861
1979
2086
2172
2316
2510
2660
2630
2411
2146
1968
1858
1724
1665
1766
1968
2134
2283
2400
2438
2342
2186
2078
2025
2036
2097
2113
2086
2146
2268
2277
2063
1815
1722
1776
1911
2052
2141
2183
2227
2246
2196
2051
1901
1781
1747
1813
1972
2159
2336
2469
2570
2595
2497
2275
1988
1732
1579
1580
1762
2001
2196
2248
2204
2137
2095
2078
2020
1908
1840
1900
2072
2242
2384
2434
2382
2184
1937
1737
1666
1711
1845
2048
2261
2423
2490
2448
2272
2002
1729
1577
1589
1748
1952
2135
2296
2413
2452
2365
2212
2000
1844
1790
1879
2079
2312
2466
2494
2081
2238
2246
2184
2184
2135
1942
1849
1978
2110
2055
1978
2039
2066
2075
2267
2497
2413
2092
1908
1969
2028
2004
2014
2152
2264
2252
2151
2074
2075
2119
2183
2202
2067
1862
1715
1822
2122
2395
2395
2136
1928
1978
2132
2210
2117
1909
1694
1658
1865
2132
2239
2158
2044
2046
2146
2144
1999
1926
2015
2096
2152
2358
2557
2452
2287
2276
2179
1875
1794
1974
2063
1990
1997
2117
2216
2340
2491
2424
2113
1958
2063
2052
1862
1916
2293
2430
2287
2269
2275
2031
1861
1991
2076
2013
2144
2382
2335
2296
2533
2630
2389
2147
2003
1782
1594
1654
1866
2055
2268
2471
2468
2276
2283
2407
2238
1912
1842
1976
1988
1976
2086
2071
1892
1948
2150
2113
1857
2087
2002
1928
1870
1859
1911
2001
2141
2241
2270
2220
2078
1903
1764
1712
1788
1941
2095
2232
2280
2236
2152
2042
1978
1971
1981
2017
2025
1996
1910
1865
1860
1956
2114
2276
2375
2367
2225
2024
1875
1776
1816
1963
2172
2349
2425
2367
2267
2116
2001
1963
2006
2075
2150
2157
2111
2024
1976
1940
1935
2005
2084
2157
2189
2208
2200
2156
2066
1997
1993
2066
2213
2403
2596
2705
2680
2461
2144
1820
1669
1703
1912
2189
2440
2534
2488
2320
2105
1912
1836
1864
1961
2129
2243
2283
2227
2128
2054
2018
2045
2098
2130
2142
2073
1986
1940
1979
2060
2177
2203
2153
2025
1892
1802
1797
1923
2116
2304
2380
2320
2179
2033
1923
1876
1967
2191
2426
2577
2004
2013
1909
1800
1873
2130
2235
2149
2181
2197
1968
1619
1480
1559
1647
1896
2214
2399
2329
2062
1843
1805
1804
1830
1986
2118
2217
2378
2421
2276
2136
2131
2107
1968
1864
1867
1904
2006
2121
2069
1954
1874
1946
2222
2355
2327
2360
2427
2254
1948
2004
2201
2130
2074
2160
2295
2284
2193
2068
2000
2128
2222
2259
2352
2251
1958
1786
1842
1914
1778
1597
1757
2134
2324
2422
2608
2711
2550
2355
2424
2428
2070
1778
1971
2416
2643
2607
2451
2214
1927
1682
1702
2015
2296
2290
2160
2156
2081
1828
1594
1394
1422
1770
2197
2456
2497
2334
2044
1690
1433
1407
1537
1735
2121
2554
2569
2248
2030
1918
1846
1913
2166
2403
2508
2590
2634
2521
2186
2319
2383
2459
2484
2372
2235
2038
1914
2041
2288
2513
2605
2380
1977
1614
1412
1487
1703
1973
2174
2353
2550
2636
2544
2242
1781
1373
1113
1100
1253
1503
1780
2105
2452
2738
2861
2744
2449
2151
2016
2072
2218
2407
2519
2477
2355
2157
1994
1866
1758
1696
1709
1866
2147
2381
2478
2335
2162
2019
2046
2211
2406
2482
2415
2208
2005
1861
1731
1603
1502
1439
1577
1897
2272
2558
2689
2584
2346
2114
2009
1962
1844
1704
1626
1808
2145
2462
2634
2568
2389
2221
1968
1654
1477
1457
1703
2129
2471
2568
2414
2140
1934
1876
1868
1871
1853
1870
1854
1858
1821
1768
1813
1948
2041
2019
1951
1974
2199
2427
2497
2310
2198
2403
2755
2809
2426
1878
1742
1853
1700
1824
2066
2296
2338
2280
2231
2076
1745
1339
1100
1331
1773
1986
2087
2341
2768
2968
2617
2034
1712
1800
1934
1932
2067
2492
3078
3443
3186
2367
1424
808
930
1595
2300
2736
2837
2605
2264
1963
1745
1783
1852
1840
1851
1896
1962
2183
2509
2714
2591
2228
1863
1760
1898
2098
2359
2663
3000
3160
2976
2305
1624
1248
1375
1798
2220
2354
2193
1813
1531
1514
1711
1954
2082
2092
2126
2172
2241
2120
1968
1870
1947
2174
2369
2450
2376
2138
1898
1792
1821
1993
2085
2069
1967
1931
2067
2284
2513
2531
2295
1860
1456
1320
1592
2192
2786
3004
2641
2051
1520
1377
1689
2130
2376
2395
2323
2330
2424
2549
2506
2257
1860
1513
1433
1547
1795
764
473
564
880
1153
1173
1015
931
1333
2388
3560
4095
4067
3488
2393
1007
277
960
2328
3360
3919
4087
3430
2064
1087
1168
1845
2530
3007
2974
2095
981
792
1692
2884
3664
3770
3091
1819
781
424
382
568
1099
1820
2394
2765
2951
2842
2350
1978
2198
2622
2551
2186
2201
2507
2437
2000
1603
1510
1650
2111
2670
2805
2424
2029
2179
2666
2478
1438
656
1396
3156
4095
3910
2827
1741
1083
1077
1740
2321
2039
1170
604
585
835
1292
2339
3767
4095
4095
3387
2300
1595
1375
1588
1894
1926
1768
1795
1998
2326
2632
2916
2962
2461
1594
1052
1183
1626
2076
2589
2946
2757
2516
2720
3207
3082
2033
961
593
823
1048
1093
1176
1466
1961
2097
2798
3270
3499
3424
3024
2368
1602
997
726
888
1520
2444
3375
3899
3724
2940
1744
572
1
2
828
2165
3409
4064
4021
3433
2572
1743
1107
820
851
1003
1125
1225
1437
1921
2666
3353
3676
3569
3232
2779
2248
1734
1341
1254
1404
1650
1976
2446
2904
3154
3039
2590
1910
1256
763
661
995
1680
2465
3005
3118
2795
2233
1749
1631
1955
2424
2734
2638
2145
1352
518
2
88
832
2006
3184
3966
4095
3718
2924
2018
1353
948
956
1250
1706
2113
2307
2256
2042
1946
2138
2532
2933
3187
3218
2780
2070
1202
470
257
820
2003
3371
4095
4095
3974
2479
631
1
3
4
628
2850
4095
4095
4095
3820
1913
105
2
2
632
2518
2160
1481
550
3
2
3
1
1
3
3
2
2
3
1
426
2046
3524
4095
4095
4095
4095
4095
4095
4095
4095
4069
3692
3402
3306
3412
3512
3314
2763
1932
949
80
2
2
2
5
2
1
2
2
2
255
1564
2652
3534
4095
4095
4095
4095
4095
4095
3922
2968
2258
1877
1770
1791
1806
1666
1522
1497
1616
1770
1836
1755
1504
1170
768
370
3
2
2
3
2
1
495
1227
1896
2340
2524
2504
2399
2292
2245
2162
1952
1471
803
40
2
1
3
2
669
1944
3315
4095
4095
4095
4095
4095
4095
4095
4095
4095
4095
4095
3996
2362
742
0
1
1
1
2
1
1
1
1
2
184
1580
2940
4005
1
2
0
3
198
1488
2869
4095
4095
4095
4095
4095
4095
4095
4095
4095
4095
4095
4095
4095
4095
4095
4095
4095
4095
4095
3848
2480
1081
1
2
2
3
4
2
3
2
3
1
5
2
3
2
1
3
4
5
3
18
928
1942
2876
3732
4095
4095
4095
4095
4095
4095
4095
4095
4095
4095
4095
4095
4095
4095
4095
4095
4095
3692
3124
2557
2017
1499
1059
618
268
2
2
1
1
3
2
1
4
2
7
235
506
802
1091
1366
1660
1967
2208
2483
2723
2966
3176
3376
3557
3711
3852
3948
4059
4095
4095
4095
4095
4095
4025
3942
3842
3674
3488
3270
3004
2740
2435
2104
1735
1340
970
595
193
1
1
3700
3797
3878
3961
4048
4095
4095
4095
4095
4095
4095
4095
4095
4095
4095
4095
4095
4095
4095
4095
4095
4095
4095
4095
4095
4095
4095
4095
4095
4095
4095
4095
4095
4095
4095
4095
4095
4095
4095
4095
4095
4095
4095
4095
4095
4095
4095
4095
4095
4095
4095
4095
4095
4095
4078
4023
3976
3934
3888
3850
3792
3760
3702
3647
3599
3563
3504
3465
3405
3368
3317
3267
3217
3175
3127
3080
3032
2982
2928
2878
2836
2781
2731
2682
2633
2596
2535
2484
2445
2388
2352
2300
2252
2207
2163
2115
2070
2026
1990
1945
1910
1872
1823
1779
1745
1708
1668
1636
1602
1571
1535
1506
1480
1449
1416
1389
1359
1348
1326
1298
1271
1262
1240
1224
1201
1194
1181
1167
